20MICRONS,20110802,52.9,53.3,51.25,52.85,74813
3IINFOTECH,20110802,40.95,40.95,38.75,38.9,751430
3MINDIA,20110802,4499,4514.95,4450,4490.8,308
A2ZMES,20110802,264.9,264.9,246,246.95,233838
AANJANEYA,20110802,380.8,382,372.7,375.3,77206
AARTIDRUGS,20110802,132.9,132.9,125.2,126.45,10907
AARTIIND,20110802,51,51.15,48.65,49.7,32867
AARVEEDEN,20110802,48.5,49,47.2,49,468
ABAN,20110802,475.9,476.95,465,470.8,495051
ABB,20110802,870.05,907,860.1,874.5,323754
ABBOTINDIA,20110802,1442,1490,1426.05,1486.65,2743
ABCIL,20110802,127,128.5,125,125.1,1197
ABGSHIP,20110802,396.8,399.5,373.85,384.65,321799
ABHISHEK,20110802,13.05,13.8,13.05,13.4,1159
ABIRLANUVO,20110802,953,954,940.7,949.2,62064
ACC,20110802,1003.15,1019.7,1003,1007.55,252677
ACE,20110802,47.7,48.75,46.6,47.45,128657
ACKRUTI,20110802,175.05,197.3,172.6,185.55,198173
ACROPETAL,20110802,17.05,17.1,17,17,169862
ADANIENT,20110802,658.6,680.4,626,671.45,3387787
ADANIPOWER,20110802,104.25,105.9,101.2,102.9,2645569
ADFFOODS,20110802,70.25,70.25,66,66.2,15638
ADHUNIK,20110802,73.2,73.7,72,72.45,12813
ADORWELD,20110802,173.7,175,171,171.8,4007
ADSL,20110802,43,43.5,41.6,41.75,85584
ADVANIHOTR,20110802,36.2,37.3,36.2,37.05,57
ADVANTA,20110802,295.1,299.85,285.15,290.45,53151
AEGISCHEM,20110802,226.95,227.8,216.05,220.65,20833
AFL,20110802,43.3,43.4,41.6,41.9,3598
AFTEK,20110802,13.4,13.4,13,13.05,218257
AGCNET,20110802,155.05,155.05,150.5,151.3,176
AGRE,20110802,47.7,49.5,46.6,47.4,5953
AGRODUTCH,20110802,10.3,10.3,9.6,9.7,14144
AHLEAST,20110802,304,304,285,298.3,332
AHLUCONT,20110802,135.1,138,134.95,135.9,27496
AHLWEST,20110802,184.4,184.4,177,179.8,246
AHMEDFORGE,20110802,120,120.6,117.05,117.65,8035
AIAENG,20110802,381.6,395,377,383.4,2554
AJANTPHARM,20110802,348.55,352,333.8,336.75,12873
AJMERA,20110802,144.55,146.45,140.1,141.55,11611
AKSHOPTFBR,20110802,7,7.05,6.85,6.9,52702
AKZOINDIA,20110802,980,988,941.15,955.85,11172
ALBK,20110802,203.9,204.95,196.9,198.4,508914
ALCHEM,20110802,229.05,229.95,227.05,227.7,133390
ALEMBICLTD,20110802,21.5,21.5,20.5,20.65,96947
ALFALAVAL,20110802,1650,1664.95,1630,1636.3,574
ALKALI,20110802,50.65,51,49.55,49.85,8734
ALKYLAMINE,20110802,91,91.8,85.15,86.45,2058
ALLCARGO,20110802,158,159.3,156.05,156.8,518
ALLSEC,20110802,19.65,20,17.65,18.5,7962
ALMONDZ,20110802,25.15,25.35,24.3,25.35,1225
ALOKTEXT,20110802,24.6,24.7,23.75,24.1,4501119
ALPA,20110802,10.05,10.05,10,10,635
ALPSINDUS,20110802,3.05,3.15,3.05,3.15,7574
AMAR,20110802,93.5,93.65,91.1,92.7,47979
AMARAJABAT,20110802,225.55,236,225.55,233.85,13133
AMARJOTHI,20110802,58,58,56.6,57.15,391
AMBIKCO,20110802,187.1,187.1,183,183.75,1174
AMBUJACEM,20110802,129,130.1,127.1,128.35,1948338
AMDIND,20110802,19.5,19.5,17.2,17.7,9524
AMLSTEEL,20110802,15.55,16.35,14.35,14.4,3516
AMRUTANJAN,20110802,858.8,949,840.5,918.9,2399205
AMTEKAUTO,20110802,158.6,163.5,158.55,159.95,317311
AMTEKINDIA,20110802,115,115.55,111.7,115.05,207157
ANANTRAJ,20110802,80.55,81.7,78.25,79.25,211986
ANDHRABANK,20110802,137.5,138.9,135.3,137,728970
ANDHRACEMT,20110802,10.6,10.6,10.3,10.35,30931
ANDHRSUGAR,20110802,108.55,110.25,106.85,108.35,50931
ANGIND,20110802,23,23,22,23,1309
ANIKINDS,20110802,39,39,37.1,37.3,1704
ANKURDRUGS,20110802,36.35,36.35,35.05,35.1,28584
ANSALAPI,20110802,39.95,39.95,38.5,38.65,36722
ANSALHSG,20110802,40.25,41.5,39.55,40.35,4843
ANTGRAPHIC,20110802,0.3,0.3,0.25,0.3,27965
APARINDS,20110802,216.3,216.3,207,207.4,3727
APCOTEXIND,20110802,168,173,166,168.35,1475
APIL,20110802,598.4,598.55,576.05,583.9,129947
APOLLOHOSP,20110802,522.05,539,522.05,534.2,57621
APOLLOTYRE,20110802,72.45,74.2,72.1,73.55,1775664
APPAPER,20110802,366.05,368.85,365.25,365.75,37346
APTECHT,20110802,134,144.5,132.3,135.8,5336964
AQUA,20110802,15.05,15.6,14.95,15.15,139627
ARCHIDPLY,20110802,13.55,14.35,13.1,13.1,4827
ARCHIES,20110802,41.1,43.25,40.35,42.45,149799
AREVAT&D,20110802,244.5,244.5,236.75,237.95,85154
ARIES,20110802,112.95,113,108.15,109.45,6413
ARIHANT,20110802,56,56,55.1,55.1,40
ARL,20110802,2.15,2.2,2.15,2.15,63260
AROGRANITE,20110802,39.65,42.8,39.35,40.1,2779
ARROWTEX,20110802,12.45,12.45,10.45,10.7,963
ARSHIYA,20110802,143,145.7,142.1,142.9,8877
ARSSINFRA,20110802,390.05,395,386.1,389.45,122996
ARVIND,20110802,88.7,88.85,83.65,85.35,1409399
ASAHIINDIA,20110802,81.05,81.05,77.6,78.8,14193
ASAL,20110802,60.2,61.3,58.3,59.1,7785
ASHAPURMIN,20110802,18.15,18.65,17.9,18.3,35257
ASHCONIUL,20110802,2.65,2.7,2.6,2.6,6216
ASHIANA,20110802,155,155,150.1,153.9,885
ASHOKA,20110802,267.2,273.9,267.2,273.9,798
ASHOKLEY,20110802,25.25,27,25.1,26,11679999
ASIANELEC,20110802,9.5,9.55,9.1,9.25,47794
ASIANHOTNR,20110802,212.5,212.5,205.25,206,360
ASIANPAINT,20110802,3067.85,3069,3001.1,3052.15,177189
ASIANTILES,20110802,45,45.5,44.5,45.5,1701
ASSAMCO,20110802,15.05,15.1,14.7,14.8,131975
ASTEC,20110802,37.75,37.8,35.85,36.3,8553
ASTERSILI,20110802,22.4,22.5,22.05,22.15,5825
ASTRAL,20110802,200,201.5,195.35,200.55,3730
ASTRAMICRO,20110802,29,29.1,28,28.05,33885
ASTRAZEN,20110802,1400,1400,1375,1376,234
ATFL,20110802,440.7,447.8,423.05,441.55,86645
ATLANTA,20110802,76.95,79.15,63,78.7,716755
ATLASCYCLE,20110802,454,457,411.25,418.4,377656
ATNINTER,20110802,1.15,1.2,1.15,1.15,10064
ATUL,20110802,206,214.35,202.8,210,154633
AURIONPRO,20110802,151,157,150,156.3,507
AUROPHARMA,20110802,170.1,170.9,159.5,163.25,2024115
AUSTRAL,20110802,2.25,2.25,2.05,2.05,684511
AUTOAXLES,20110802,437,452,437,449.5,2974
AUTOIND,20110802,154.55,154.55,147.2,149.4,35783
AUTOLITIND,20110802,20.3,20.85,20.15,20.15,2322
AVANTI,20110802,38,40.25,38,40.05,2971
AVENTIS,20110802,2086.05,2187,2060,2107.45,2108
AVTNPL,20110802,476,479,455.35,455.35,21332
AXIS-IT&T,20110802,110,113.9,101.15,103.7,103919
AXISBANK,20110802,1345,1347.95,1326.1,1342.8,970086
AXISGOLD,20110802,2295.45,2314.9,2295.45,2314.45,243
BAGFILMS,20110802,6.9,7,6.65,6.75,150852
BAJAJ-AUTO,20110802,1479.45,1504.85,1476,1484.8,355385
BAJAJCORP,20110802,124,126,121.2,123.45,5473
BAJAJELEC,20110802,204.8,212.8,201.25,208.3,83865
BAJAJFINSV,20110802,529.7,529.7,516.1,523.15,21941
BAJAJHIND,20110802,67.9,68.2,64.15,64.8,1098423
BAJAJHLDNG,20110802,779.95,785.05,762.2,766.1,37775
BAJFINANCE,20110802,694,714.8,694,711.9,42654
BALAJITELE,20110802,31.9,31.9,30,31,73285
BALAMINES,20110802,40,40,38.8,38.85,7445
BALKRISIND,20110802,185.5,186.5,177,179.8,115274
BALLARPUR,20110802,33.9,33.9,33.15,33.25,121366
BALMLAWRIE,20110802,652.5,661.25,652.5,654.75,3542
BALPHARMA,20110802,26.55,27,26.55,26.6,524
BALRAMCHIN,20110802,59.9,59.95,54.25,55.95,2851000
BANARISUG,20110802,585,585,553,575.05,607
BANCOINDIA,20110802,81.25,81.25,77.6,78.55,10279
BANG,20110802,31,36.4,29.15,34.7,59050
BANKBARODA,20110802,875,875,860.55,867.85,236995
BANKBEES,20110802,1108,1110.25,1090,1096.24,11572
BANKINDIA,20110802,382.8,382.8,373.65,375.85,484124
BANSWRAS,20110802,119.75,119.75,116.3,117,14593
BARTRONICS,20110802,60.35,60.35,57.65,58,98542
BASF,20110802,643,647,629.5,631.7,13613
BASML,20110802,76.9,80.45,75,75.95,1671
BATAINDIA,20110802,661.95,664.9,644.35,650.55,472739
BATLIBOI,20110802,20.6,22.85,20.6,22,1073
BAYERCROP,20110802,870.1,880,861,868,2724
BBL,20110802,784,784,733.05,736.05,10374
BBTC,20110802,465.1,472,461,463,2539
BECREL,20110802,10.05,10.45,9.95,10,4371
BEDMUTHA,20110802,140,140,136.25,136.6,151558
BEL,20110802,1734,1759.9,1700,1703.85,18610
BELLCERATL,20110802,15,15,13.9,14.95,1343
BEML,20110802,541.2,542,530.65,533.9,56203
BEPL,20110802,31,31,30.2,30.2,344
BERGEPAINT,20110802,103.9,103.9,100.3,103,197334
BFINVEST,20110802,67,67,62.2,62.8,6341
BFUTILITIE,20110802,702,704.95,671,680.5,255326
BGLOBAL,20110802,27.45,28.1,22.45,23.8,2229107
BGRENERGY,20110802,390.6,391.8,382.5,385.2,354034
BHAGWATIHO,20110802,88,91.3,87.3,89.65,39518
BHAGYNAGAR,20110802,18.3,18.35,17.9,18.1,9102
BHARATFORG,20110802,316,316,295.5,297.8,809957
BHARATGEAR,20110802,56.4,56.4,53.5,54.95,3207
BHARATRAS,20110802,93.45,97.95,93.45,94.1,653
BHARTIARTL,20110802,437.55,439.75,430,432.4,2738618
BHARTISHIP,20110802,126,128.4,123.55,124.15,56801
BHEL,20110802,1820,1828.5,1800.1,1810.9,456128
BHUSANSTL,20110802,378.5,383,370.4,375.45,251471
BIL,20110802,55.75,56.55,49.85,52.95,69060
BILPOWER,20110802,91.5,92,90.1,90.45,4167
BIMETAL,20110802,303,310,303,309.5,85
BINANIIND,20110802,161.25,164.1,160.05,160.3,33996
BINDALAGRO,20110802,90.9,92.5,90,90.05,395640
BIOCON,20110802,360.95,364.4,355.25,358.8,293341
BIRLACORPN,20110802,334.9,334.9,317.05,319,14219
BIRLACOT,20110802,0.45,0.45,0.4,0.4,1996177
BIRLAERIC,20110802,15.1,15.45,14.75,14.9,3244
BIRLAMONEY,20110802,19.05,20,18.95,19,8001
BIRLAPOWER,20110802,0.8,0.8,0.75,0.75,1016766
BLBLIMITED,20110802,4.45,4.45,4.3,4.3,17726
BLISSGVS,20110802,25.7,25.7,24.5,24.6,19480
BLKASHYAP,20110802,18.9,19.25,18.9,19.15,83974
BLUECHIP,20110802,1.1,1.15,1.05,1.15,13968
BLUECOAST,20110802,159.75,176,159.75,176,626
BLUEDART,20110802,1595,1649.75,1571,1620.9,4973
BLUESTARCO,20110802,281,281,265.15,266,72271
BLUESTINFO,20110802,82,82,80.55,80.9,612
BOC,20110802,300.95,304.75,291.1,293.75,24447
BOMDYEING,20110802,330,336.65,329.2,332.6,169564
BOSCHLTD,20110802,7060.4,7125,7016.05,7104.4,8696
BPCL,20110802,651.45,662,651.45,657.95,338937
BPL,20110802,25,25,24.3,24.65,24795
BRANDHOUSE,20110802,21.2,21.4,20.4,20.55,26545
BRFL,20110802,277.05,286.05,277.05,285,241600
BRIGADE,20110802,68.35,69.5,68,68.05,17819
BRITANNIA,20110802,484.9,484.9,472.55,480.1,27351
BROADCAST,20110802,9.85,9.85,9.55,9.85,869
BSELINFRA,20110802,4.7,4.7,4.4,4.5,62219
BSL,20110802,24,24.9,23.05,24.5,2343
BSLGOLDETF,20110802,2345,2350,2335,2340,260
BSLNIFTY,20110802,55.1,56.5,55.1,56.5,100
BSTRANSCOM,20110802,120.1,121.9,114.05,115.45,115635
BURNPUR,20110802,7,7.2,6.95,7.1,13439
BVCL,20110802,16.4,17,16.3,16.95,3136
CADILAHC,20110802,880,896,870,880.2,183658
CAIRN,20110802,310.15,311.45,307.5,310.75,1498529
CALSOFT,20110802,32.2,33.4,32.2,32.4,1758
CAMLIN,20110802,73.5,73.5,72.6,72.85,86629
CANBK,20110802,452.9,454,430.5,433.2,848099
CANDC,20110802,126,130,123.25,125.1,11051
CANFINHOME,20110802,108.4,109.4,105.4,107.05,18596
CANTABIL,20110802,30.3,30.65,30.05,30.15,19075
CARBORUNIV,20110802,298,308.8,282.2,295.7,58152
CAROLINFO,20110802,188.9,218.2,185.2,218.2,148199
CASTROL,20110802,547,568.5,546,565,204664
CCCL,20110802,26.25,26.8,25,25.7,23455
CCL,20110802,208,209,201,205.2,5997
CEATLTD,20110802,103,103.4,97.5,98.35,76651
CEBBCO,20110802,42.25,42.25,40.8,41.05,5827
CELEBRITY,20110802,8.6,8.9,8.5,8.5,9298
CELESTIAL,20110802,32.15,33.05,31.4,32.2,11559
CENTENKA,20110802,175,175,171,172.05,3209
CENTEXT,20110802,3.1,3.2,3.1,3.15,15346
CENTRALBK,20110802,119.95,119.95,110.1,110.75,578025
CENTUM,20110802,82.8,97.9,82.8,93,1117
CENTURYPLY,20110802,70.35,72,70.1,70.3,24757
CENTURYTEX,20110802,343.65,343.65,332.15,336.45,245792
CERA,20110802,221.65,224,214,218.05,4868
CESC,20110802,338.2,338.5,333.75,337,40456
CHAMBLFERT,20110802,89.3,93.75,89.2,92.3,5854875
CHEMFALKAL,20110802,46.15,47.95,44.8,45.2,1265
CHEMPLAST,20110802,7,7.05,6.65,6.75,78380
CHENNPETRO,20110802,217.1,219.2,215.1,216.15,16238
CHESLINTEX,20110802,13.5,14.25,13.5,14.15,9871
CHETTINAD,20110802,420,429.95,419.65,429.95,180
CHOLAFIN,20110802,169.05,173.5,166,166.95,20152
CILNOVA,20110802,16,16,15.6,15.6,701
CINEMAX,20110802,36,36.4,35.15,35.7,11127
CINEVISTA,20110802,4.5,5.2,4.45,5.2,439603
CIPLA,20110802,307.5,315,305.5,313.55,1343721
CLASSIC,20110802,13.65,13.65,12.5,13.1,25883
CLNINDIA,20110802,770,779,746,757,26726
CMAHENDRA,20110802,227.05,231.8,212.9,219.1,7661
CMC,20110802,1120,1130,1109,1115.65,4467
COALINDIA,20110802,391,398.4,390,397.3,2508279
COLPAL,20110802,978,987,966.5,984.85,101104
COMPUAGE,20110802,116.5,121.85,116.5,121.75,1340
CONCOR,20110802,1107.9,1126.95,1100,1119.7,54142
CONSOFINVT,20110802,66.7,69.75,66.7,67.4,411
CORAL-HUB,20110802,5.6,5.75,5.6,5.6,7747
CORDSCABLE,20110802,38.45,39.4,37.1,38.6,4439
COREPROTEC,20110802,302.75,310,299.9,300.6,62252
COROENGG,20110802,294,294,294,294,30
COROMANDEL,20110802,326,330,315,323.75,443293
CORPBANK,20110802,496.1,499.9,488,492.1,144926
COSMOFILMS,20110802,94.55,95,93.1,93.3,16683
COX&KINGS,20110802,222.75,224.85,214.2,219.7,962299
CPIL,20110802,319,321,315.2,320.45,3022
CREATIVEYE,20110802,5.85,5.85,5.65,5.8,2578
CRESTANI,20110802,50.2,50.75,48.15,48.6,32363
CREWBOS,20110802,75,75.7,67.95,69.05,98414
CRISIL,20110802,8237,8575,8200,8301.9,5388
CROMPGREAV,20110802,160.05,165.75,156.6,164.65,4941766
CRONIMET,20110802,122.25,136.5,122.25,127.1,17488
CTE,20110802,8.75,9.2,8.75,9.05,311
CUB,20110802,47.8,48.4,47.8,48.25,146298
CUMMINSIND,20110802,629.85,629.95,614.2,616.4,144297
CYBERMEDIA,20110802,18.1,18.1,18.05,18.05,60
CYBERTECH,20110802,13.15,13.5,13.15,13.45,1103
DAAWAT,20110802,49.1,49.1,46.75,46.9,50287
DABUR,20110802,107.85,109,105.8,107.85,925326
DALMIABEL,20110802,141,141,136,138.2,358
DALMIASUG,20110802,18.65,18.65,18,18.05,23579
DATAMATICS,20110802,30.75,31,30.05,30.1,7315
DBCORP,20110802,244.15,248.65,235.5,236.1,5227
DBREALTY,20110802,74,75.6,72.85,74.35,197923
DCB,20110802,57.45,57.65,56.2,56.6,1344949
DCHL,20110802,66.75,67.75,66.1,67.45,1121872
DCM,20110802,85,85,82.2,82.85,52931
DCMSRMCONS,20110802,55.1,55.5,54.5,54.75,44305
DCW,20110802,10.8,10.8,10.35,10.4,93061
DECCANCE,20110802,141.15,145,141.15,142,395
DEEPAKFERT,20110802,168,171.35,165,167.8,218224
DEEPIND,20110802,76.5,77.8,73.65,74.45,16816
DELTACORP,20110802,102.1,102.1,98.2,99.2,2761330
DEN,20110802,80.7,81.2,76.5,76.75,67386
DENABANK,20110802,84.5,84.9,83.25,83.85,1275208
DENORA,20110802,90,92.75,87,91.25,1767
DENSO,20110802,65.25,65.65,64.2,64.5,941
DEWANHOUS,20110802,214.5,214.5,209.05,210.3,16182
DHAMPURSUG,20110802,54.6,54.9,52,52.75,108277
DHANBANK,20110802,104,105,102.15,102.85,97712
DHANUKA,20110802,112,112.05,107.15,110.15,71389
DHARSUGAR,20110802,31.75,32.7,31.1,31.8,4246
DHUNINV,20110802,73.8,73.8,73.8,73.8,77
DIAPOWER,20110802,153.25,153.9,153,153.15,9854
DICIND,20110802,249.25,252.8,247.35,250.7,590
DIGJAM,20110802,11.5,11.5,11.05,11.1,32426
DISHMAN,20110802,87.5,87.5,82.9,84,131299
DISHTV,20110802,85.8,86.1,81.8,83.75,1951132
DIVISLAB,20110802,819.35,827.35,813.45,815.6,146233
DLF,20110802,228.85,229.8,224,227.8,5186582
DLINKINDIA,20110802,24,25,23.5,24.5,29647
DOLPHINOFF,20110802,138.1,139.6,131.2,133.15,21727
DONEAR,20110802,22.5,23.9,22.5,23.7,1815
DPSCLTD,20110802,1890,1890,1771,1831.35,115
DPTL,20110802,149,150,147,148.3,5043
DQE,20110802,46.8,47,44.8,45.9,27101
DREDGECORP,20110802,279,280,274.55,275.95,8078
DRREDDY,20110802,1590,1614,1583,1598.45,546784
DSKULKARNI,20110802,60.55,60.55,59,59.65,11376
DUNCANSIND,20110802,14.4,14.5,14,14.05,39050
DWARKESH,20110802,62.2,62.95,60.05,60.25,12302
DYNAMATECH,20110802,1450,1450,1450,1450,10
DYNASYS,20110802,0.75,0.75,0.65,0.7,1150
EASTSILK,20110802,7.65,7.8,7.5,7.6,22192
EASUNREYRL,20110802,63.65,64.2,62.5,63.4,22925
ECEIND,20110802,120,120.9,107.45,110.95,3818
ECLERX,20110802,815.65,815.65,785.4,800.05,149509
EDELWEISS,20110802,32.6,33.2,32.6,32.85,126612
EDL,20110802,104.25,104.25,99.1,100.15,6587
EDSERV,20110802,126.3,128.45,123.6,126.5,81802
EDUCOMP,20110802,326.95,330.6,319.45,322.7,1196007
EICHERMOT,20110802,1361,1379.8,1325,1329.6,4655
EIDPARRY,20110802,259.95,264,257,260.15,81666
EIHAHOTELS,20110802,204,217.25,186.3,194.05,926375
EIHOTEL,20110802,94.9,96.65,90.3,92.65,791957
EIMCOELECO,20110802,219.4,219.8,212,213.25,747
EKC,20110802,92,92,87.75,88.65,594619
ELDERPHARM,20110802,405.1,409,400,403.45,54903
ELECON,20110802,80.2,80.75,76.2,79.5,124452
ELECTCAST,20110802,28.9,29.35,28.6,28.9,317213
ELECTHERM,20110802,148.1,151,143.65,144.65,8207
ELFORGE,20110802,10.75,10.9,10.65,10.65,2786
ELGIEQUIP,20110802,75.85,75.85,71.55,72.05,36961
ELNET,20110802,36.15,36.15,35.15,36,3394
EMAMILTD,20110802,498.25,498.95,482.4,491.25,17070
EMCO,20110802,50.75,52,49.6,49.85,95233
EMKAY,20110802,45,45,42.05,43,3276
EMMBI,20110802,13.15,13.25,12.75,12.9,7800
EMPEESUG,20110802,24.55,25.4,24.55,25,404
ENERGYDEV,20110802,32,32,31.15,31.6,3086
ENGINERSIN,20110802,287,288.9,280.1,280.95,64095
ENIL,20110802,265.1,265.1,256.4,257.9,14698
ENTEGRA,20110802,21.45,21.65,21.15,21.2,20979
ERAINFRA,20110802,168.5,168.5,165.8,166.4,288072
EROSMEDIA,20110802,220.1,221.6,213.1,214.4,179704
ESABINDIA,20110802,525,541,521,524.85,20172
ESCORTS,20110802,97,97,94.1,94.9,1085707
ESL,20110802,8,8.05,7.75,7.8,515130
ESSAROIL,20110802,115.8,115.85,113.65,114.35,564189
ESSARPORTS,20110802,90,90.6,85.1,85.8,18169
ESSDEE,20110802,363,363.25,356,359.85,8635
ESSELPACK,20110802,42.6,43.3,42.15,42.45,71465
ESTER,20110802,41.25,41.3,40,40.2,20774
EUROCERA,20110802,24.25,24.25,23.55,23.55,1497
EUROMULTI,20110802,9.05,9.4,8.9,9.1,3806
EUROTEXIND,20110802,24.25,24.5,23.85,23.85,1107
EVEREADY,20110802,43.5,44,43,43,58214
EVERESTIND,20110802,168,170.75,162,166.15,10361
EVERONN,20110802,564,571,559.15,567.4,204065
EVINIX,20110802,0.9,0.95,0.85,0.9,94975
EXCELCROP,20110802,170.5,171.6,165,166.35,12679
EXCELINDUS,20110802,71.55,72.3,70,70.25,3397
EXCELINFO,20110802,18.75,18.75,17.35,17.65,134220
EXIDEIND,20110802,153.05,153.05,148.5,149.9,572956
FACT,20110802,41,46.4,40.4,45,486239
FAGBEARING,20110802,1294.85,1294.85,1244,1248.5,3012
FARMAXIND,20110802,3.05,3.05,2.9,2.95,83607
FCH,20110802,196.25,197.5,181.35,185.2,633872
FCSSOFT,20110802,0.75,0.75,0.65,0.75,1824883
FDC,20110802,91.15,92.1,91.05,91.15,5351
FEDDERLOYD,20110802,77.95,80.95,75.75,76.35,107695
FEDERALBNK,20110802,420,420,404,404.9,474823
FIEMIND,20110802,154.9,157,153,156.65,68806
FINANTECH,20110802,790.1,794,771,774.9,330251
FINCABLES,20110802,45.5,45.5,44,44,27678
FINPIPE,20110802,71.45,71.45,68.5,68.9,34610
FIRSTLEASE,20110802,83,84.4,81.45,82.3,31207
FIRSTWIN,20110802,18.4,18.75,18.35,18.5,3194
FKONCO,20110802,125.35,125.35,120.15,122.05,31122
FMGOETZE,20110802,288.5,292.8,275,280.25,17781
FORTIS,20110802,166.4,168.1,164,164.8,215652
FOSECOIND,20110802,574,578,562.05,578,24
FOURSOFT,20110802,12.6,12.75,12.1,12.3,18578
FSL,20110802,17.8,18,16.25,16.55,3842229
FUTUREVENT,20110802,9.5,9.65,9.4,9.45,1221881
GABRIEL,20110802,50.55,50.55,48.55,49.3,5405
GAEL,20110802,27.05,27.2,25.6,25.95,78031
GAIL,20110802,465.7,468,458.4,462.15,1167883
GAL,20110802,11,11.1,10.45,10.55,52659
GALLANTT,20110802,16.35,16.5,16.1,16.1,12942
GALLISPAT,20110802,89.1,89.95,89,89.35,99881
GAMMNINFRA,20110802,15.7,16,14.9,15.15,116817
GAMMONIND,20110802,85.5,85.75,83.4,84.3,6763
GANDHITUBE,20110802,122,123.95,120.05,123.95,3300
GANESHHOUC,20110802,136.2,136.75,131.65,132.55,11499
GANGOTRI,20110802,5.5,6,5.5,5.6,8571
GARDENSILK,20110802,92.5,92.6,90.65,90.9,8397
GARWALLROP,20110802,60.8,60.8,59.15,59.45,13065
GATI,20110802,67.7,69.4,66,67.45,340237
GDL,20110802,138.9,138.95,135.25,136.25,58576
GEECEE,20110802,37.85,37.85,37,37.55,399
GEINDSYS,20110802,159.05,160,157.5,158.75,4082
GEMINI,20110802,25.5,25.5,24.1,24.25,15025
GENESYS,20110802,262,267.45,255.05,259.05,35176
GENUSPOWER,20110802,17.75,17.95,17.4,17.4,84434
GEODESIC,20110802,61.6,62.45,59.5,60.2,400911
GEOJITBNPP,20110802,21.6,21.6,20.8,21.25,102867
GEOMETRIC,20110802,49.1,49.35,47,47.5,44354
GESHIP,20110802,269.15,272.75,263.85,267.75,68342
GHCL,20110802,41.45,41.5,40.25,40.6,77322
GICHSGFIN,20110802,97.55,97.55,95.2,96.45,52863
GILLANDERS,20110802,103,103.95,101.15,101.55,2020
GILLETTE,20110802,2300,2317,2260.1,2295.4,2483
GINNIFILA,20110802,9,9,8.6,8.8,14775
GIPCL,20110802,78.55,80.45,78,80.1,16782
GISOLUTION,20110802,14.7,14.7,13.15,14.45,405
GITANJALI,20110802,309.65,310.75,303.5,308.1,1471710
GKB,20110802,39,40,38.2,39.7,566
GKWLIMITED,20110802,491.05,500,491.05,500,160
GLAXO,20110802,2309.5,2314.8,2270,2292.25,17376
GLENMARK,20110802,339.6,339.6,329.1,330.2,319035
GLFL,20110802,4,4,3.85,3.85,2164
GLOBALVECT,20110802,22.8,24.2,22.8,24.2,2691
GLOBOFFS,20110802,110.7,110.7,104.1,104.65,3971
GLOBUSSPR,20110802,138.5,142.15,131.6,140.45,61571
GLODYNE,20110802,294,294,278.5,283.5,85075
GMBREW,20110802,105.45,105.45,100,100.25,8528
GMDCLTD,20110802,169,171.45,163.15,164.6,339091
GMRINFRA,20110802,30.45,30.5,29.8,30.1,1662161
GNFC,20110802,100.5,102.3,100.1,100.65,226931
GOACARBON,20110802,93,93.1,91,92.7,5445
GODFRYPHLP,20110802,3050,3340,3050,3298.15,2683
GODREJCP,20110802,427.15,433.8,422,427.05,75733
GODREJIND,20110802,219.3,224.5,217.05,223.6,1789798
GODREJPROP,20110802,762.1,762.2,736.05,747.45,14737
GOENKA,20110802,54.9,56.5,50.65,55.25,32850
GOKEX,20110802,89.1,91.55,89.1,90.1,516
GOKUL,20110802,93.45,93.85,91.5,92.55,121198
GOLDBEES,20110802,2241.05,2255.8,2241.05,2250.6,91380
GOLDENTOBC,20110802,68.1,69.5,67.3,69.25,4284
GOLDIAM,20110802,34.2,34.7,31.5,32.2,12173
GOLDINFRA,20110802,17.85,17.85,17.35,17.35,3894
GOLDSHARE,20110802,2216.65,2230,2215.1,2228.8,56816
GOLDTECH,20110802,6.55,6.95,6.45,6.75,5973
GPIL,20110802,154.05,157.35,152.25,155.85,19094
GPPL,20110802,75,75,70.25,72.65,265810
GRABALALK,20110802,23.2,23.5,23.05,23.1,816
GRANULES,20110802,85,86.65,82.45,83.75,3168
GRAPHITE,20110802,87.1,88,86.3,86.95,23949
GRASIM,20110802,2199,2218.6,2161,2204.95,88073
GRAVITA,20110802,350.1,359,341.05,342.75,55429
GREAVESCOT,20110802,91.05,91.45,90.9,91,87660
GREENPLY,20110802,228.25,234.8,221.5,229.05,13217
GREENPOWER,20110802,14.7,14.7,13.75,13.9,1644664
GRINDWELL,20110802,255.15,256,248,254.7,7047
GRUH,20110802,444.75,444.95,433,440.9,5472
GSFC,20110802,391,404.7,388,400.85,90115
GSKCONS,20110802,2395,2406,2343,2392.95,6091
GSLNOVA,20110802,3.15,3.2,3.1,3.1,4590
GSPL,20110802,105.7,106.6,101.6,104,2388762
GSSAMERICA,20110802,148,149.95,145.1,148.3,7118
GTL,20110802,72.5,72.7,68.75,69.65,2487431
GTLINFRA,20110802,14.7,14.7,14,14.15,1446344
GTNIND,20110802,14,15.5,14,14.85,354
GTNTEX,20110802,11.2,12.7,11.2,12.6,5964
GTOFFSHORE,20110802,215,216.5,211,211.95,141985
GUJALKALI,20110802,152.1,154.45,147.55,148.15,53024
GUJAPOLLO,20110802,141.2,141.2,138.05,139.95,1510
GUJFLUORO,20110802,473,473,441,448.05,104542
GUJNRECOKE,20110802,44,44,42.5,42.9,564845
GUJNREDVR,20110802,24.25,24.45,23.75,23.8,5504
GUJRATGAS,20110802,421,421,413.6,415.6,13602
GUJSIDHCEM,20110802,8.95,8.95,8.75,8.8,103377
GULFOILCOR,20110802,91.35,92.4,88.05,89.7,178544
GVKPIL,20110802,18.3,18.3,17.05,17.15,6613986
HALONIX,20110802,67.6,68.7,65.3,67.2,6018
HANUNG,20110802,142.25,142.75,135.1,138.6,152826
HARITASEAT,20110802,77,77,77,77,100
HARRMALAYA,20110802,75.05,75.05,73,73.65,16635
HATHWAY,20110802,110.7,110.85,107.75,109.1,16966
HAVELLS,20110802,359,368,356.4,360.45,675777
HBLPOWER,20110802,18,18.2,17,17.1,31899
HBSTOCK,20110802,12.95,13.2,12.95,13.2,3400
HCC,20110802,30.5,30.7,29.5,29.95,2675613
HCIL,20110802,52.1,53,50.95,51.15,94647
HCL-INSYS,20110802,85,85,82.8,83.15,58309
HCLTECH,20110802,484.55,486.75,471.3,475.3,748362
HDFC,20110802,690.2,693.15,683,685,1280478
HDFCBANK,20110802,487.9,487.9,480,482.85,1982494
HDFCMFGETF,20110802,2300,2324.5,2300,2319.5,1993
HDIL,20110802,143.8,143.8,136.15,137.9,5146236
HEG,20110802,232.15,236,228.05,230.15,28975
HEIDELBERG,20110802,36,36.45,35.75,36,25238
HELIOSMATH,20110802,30.3,30.5,30.15,30.35,5689
HERCULES,20110802,326.1,327.65,289.6,301.15,684870
HERITGFOOD,20110802,228.75,228.75,212.1,213.5,1344
HEROHONDA,20110802,1787.2,1816.5,1773,1808.1,155208
HEXAWARE,20110802,92.8,92.8,88.1,89.75,2070617
HFCL,20110802,15.75,16.2,15.2,15.4,1965482
HGSL,20110802,361,361,346.2,350.9,5714
HIKAL,20110802,302,304,291.15,294.05,2652
HILTON,20110802,16.35,16.6,16.15,16.35,2047
HIMATSEIDE,20110802,33.4,33.5,32.6,33.1,55059
HINDALCO,20110802,167.9,168.35,164.05,164.8,4270123
HINDCOMPOS,20110802,483,484,483,484,35
HINDCOPPER,20110802,257,257,249.65,250.95,52228
HINDDORROL,20110802,48.45,48.45,44.65,44.8,126205
HINDMOTORS,20110802,17.1,17.4,16.8,17.2,188438
HINDNATGLS,20110802,206.95,210,200.5,206.25,35241
HINDOILEXP,20110802,171,171,165.55,166.9,341818
HINDPETRO,20110802,376,377.95,372,373.85,497922
HINDUJAVEN,20110802,315,333.95,315,327.65,5985
HINDUNILVR,20110802,323.85,326.8,320.25,323.75,2364644
HINDZINC,20110802,138,139.9,136.35,138.45,546985
HIRECT,20110802,52.8,52.8,50,50.25,4996
HITACHIHOM,20110802,186,186.85,180.55,183.45,37730
HITECHGEAR,20110802,126,129.7,120.1,123.15,5829
HITECHPLAS,20110802,90.9,90.9,88,89.65,657
HMT,20110802,56.7,56.7,55.5,55.85,49265
HMVL,20110802,136,137,128,135.15,3124
HNGSNGBEES,20110802,1305,1309.99,1300,1305.48,10
HOCL,20110802,31.2,31.8,30.55,31.2,103451
HONAUT,20110802,2765.15,2790,2730,2751.5,131
HONDAPOWER,20110802,402.85,402.85,392.55,401.05,1579
HOTELEELA,20110802,44.6,45.15,43.15,43.65,364599
HOTELRUGBY,20110802,11.8,11.95,11.25,11.7,141508
HOVS,20110802,85,85,81,81.3,14320
HSIL,20110802,236.75,239,226,234.4,73213
HTMEDIA,20110802,157.05,161.5,156.8,158.05,3101
HYDRBADIND,20110802,359.15,362.8,353.05,357.1,4953
HYDROS&S,20110802,22.25,22.35,21.8,21.9,741
IBPOW,20110802,17.2,17.2,16.8,16.95,132601
IBREALEST,20110802,99.5,99.6,94.35,95.2,3600925
IBSEC,20110802,12.45,12.45,12,12,351730
ICICIBANK,20110802,1039.9,1041.35,1018.1,1021.7,2925557
ICIL,20110802,11.05,12.15,11.05,11.05,1047
ICRA,20110802,1250,1305,1233.55,1259.35,6184
ICSA,20110802,91.7,93.6,91,91.1,107530
IDBI,20110802,128.45,128.45,124.4,124.75,1271250
IDEA,20110802,98.45,99.7,94.3,94.85,6853142
IDFC,20110802,128,128.1,124.25,125.6,5546129
IFBAGRO,20110802,114.4,137.35,111,134.85,1595951
IFBIND,20110802,129,151.8,125.05,147.7,486817
IFCI,20110802,45.65,45.65,44.8,45.2,3691811
IFGLREFRAC,20110802,30,30.85,30,30.7,3581
IGARASHI,20110802,50,50.5,49.2,49.95,2933
IGL,20110802,412.65,425.45,408.25,422.75,665844
IGPL,20110802,23.35,23.35,23.3,23.3,195
IL&FSENGG,20110802,132.6,135,130,130.35,11641
IL&FSTRANS,20110802,210,213.65,205.1,206.55,37406
IMPAL,20110802,655,660,655,660,81
IMPEXFERRO,20110802,9,9.3,9,9.3,2244
INDBANK,20110802,9.55,9.85,9.55,9.6,13132
INDHOTEL,20110802,76.5,76.9,75.3,75.75,689007
INDIABULLS,20110802,172.3,172.8,164.5,166.65,476901
INDIACEM,20110802,69.8,69.8,67.1,67.65,743059
INDIAGLYCO,20110802,143.7,143.95,136.1,137.45,149316
INDIAINFO,20110802,78.5,80.8,76,79.95,786309
INDIANB,20110802,222.3,222.9,216.25,217.55,169029
INDIANCARD,20110802,105.2,108.7,105.15,106.35,900
INDIANHUME,20110802,121,122.65,120,120.65,833
INDLMETER,20110802,91.2,92.5,91.1,92.1,170
INDNIPPON,20110802,286.45,286.45,274.05,277.1,765
INDOASIFU,20110802,67.95,69,67.1,68.4,16084
INDOCO,20110802,417,421,402.9,412.9,3096
INDORAMA,20110802,44,44,41.7,42.3,259296
INDOSOLAR,20110802,13.05,13.05,12.45,12.5,234090
INDOTECH,20110802,139.3,142,135.1,140.25,4523
INDRAMEDCO,20110802,37.15,37.9,36.65,37.55,37957
INDSWFTLAB,20110802,99.6,100.5,98.1,98.75,22790
INDSWFTLTD,20110802,31.5,32,31,31.65,18739
INDUSFILA,20110802,19,19,19,19,22
INDUSINDBK,20110802,274.05,274.05,268,271.25,187057
INEABS,20110802,621.75,630,615.45,620.2,1525
INFINITE,20110802,118.95,121.45,116.65,119.7,14671
INFODRIVE,20110802,13.75,15.4,13.75,14.3,120817
INFOMEDIA,20110802,15.1,15.15,14.5,14.9,54158
INFOTECENT,20110802,134,134,132,133.25,1767
INFRABEES,20110802,303.4,303.4,299.8,302.7,223
INFY,20110802,2798.55,2798.55,2745,2750.95,616566
INGERRAND,20110802,501.3,514.5,492.35,510.3,17842
INGVYSYABK,20110802,361.9,364.8,358.1,360.7,30003
INNOIND,20110802,97,98.5,94.25,95.2,16133
INOXLEISUR,20110802,47,47,44.65,44.95,27960
INSECTICID,20110802,369.7,371.9,342.45,359.5,103072
IOB,20110802,137.5,137.5,134.25,135.4,953772
IOC,20110802,312.05,314.1,311.25,312.45,429458
IOLCP,20110802,33.55,37.5,33.55,37.45,9849
IPCALAB,20110802,340,340,326,333,352926
IPGETF,20110802,2329.7,2333.9,2302.7,2318.15,305
IPRINGLTD,20110802,77,78,77,77,1604
IRB,20110802,164.95,165.95,157.6,158.7,982157
ISFT,20110802,59,59.75,57.25,59.45,26875
ISMTLTD,20110802,39,39.4,37.8,37.95,50688
ISPATIND,20110802,17.2,17.65,16.9,17.45,4610087
ITC,20110802,207.7,208.35,202.85,204.75,7645467
ITDCEM,20110802,167.95,167.95,164,165,1420
ITI,20110802,30.2,30.2,29.15,29.25,71688
IVC,20110802,31.4,31.4,29.75,30.65,171798
IVP,20110802,46.95,47,46.75,47,1200
IVRCLAH,20110802,41.1,42,40,40.5,13812
IVRCLINFRA,20110802,60.55,61,57.05,57.4,3708500
J&KBANK,20110802,889.5,915,862,870.3,17310
JAGRAN,20110802,111.65,114.8,111.65,113.15,17095
JAGSNPHARM,20110802,14.45,15,14.3,14.3,3597
JAIBALAJI,20110802,175.15,178.5,172.25,173.95,14600
JAICORPLTD,20110802,100.8,100.8,92.25,93.8,673923
JAINSTUDIO,20110802,11.4,11.45,11.3,11.3,2403
JAMNAAUTO,20110802,134.25,142.9,134,137.9,4947
JAYAGROGN,20110802,87.4,90.95,85.25,88.5,52269
JAYBARMARU,20110802,71.05,72,70.35,71.05,3027
JAYNECOIND,20110802,20.9,21.1,20.2,20.35,52548
JAYSREETEA,20110802,158,158,153.6,154.45,15158
JBCHEPHARM,20110802,145.5,145.5,141.05,141.9,112985
JBFIND,20110802,152,152.5,148.55,149.65,34096
JENSONICOL,20110802,4.6,4.6,4.15,4.25,11913
JETAIRWAYS,20110802,443,444.35,426,430.3,510338
JHS,20110802,39.45,39.45,37.3,37.75,50608
JIKIND,20110802,7.2,7.2,6.85,7,1905
JINDALPHOT,20110802,155.2,157.9,152.1,154.05,30565
JINDALPOLY,20110802,248,248.15,239.6,241,134551
JINDALSAW,20110802,146.6,146.6,141.6,143.1,244146
JINDALSTEL,20110802,569,577.15,564.15,566.7,889329
JINDALSWHL,20110802,748.25,772.5,721,762.95,255946
JINDCOT,20110802,109,110.35,108,109.15,205098
JINDRILL,20110802,436.5,439.95,432,433.8,5505
JINDWORLD,20110802,175.25,184.9,168.1,170.1,6415
JISLJALEQS,20110802,175.5,175.95,169.05,171,1282068
JKCEMENT,20110802,112,113.45,109,109.65,11805
JKIL,20110802,129,131,127.25,128.95,5448
JKLAKSHMI,20110802,44.9,45.25,43.4,43.8,49454
JKPAPER,20110802,44.15,45,44.15,44.6,131451
JKTYRE,20110802,97,98.9,96,96.85,42614
JMCPROJECT,20110802,154.65,158,148,150.15,3097
JMFINANCIL,20110802,22.55,23.45,21.55,21.7,2195415
JOCIL,20110802,312.85,315,306.8,314.45,8693
JPASSOCIAT,20110802,67.45,67.45,64,64.5,16638810
JPINFRATEC,20110802,47,47.25,45.2,45.4,136316
JPPOWER,20110802,43.25,43.25,41.2,41.35,355850
JSL,20110802,100,102.45,98.2,101.6,175922
JSWENERGY,20110802,66,66.8,65.15,65.9,665713
JSWSTEEL,20110802,680,709,666.2,672.7,5395555
JUBILANT,20110802,216.05,218,212.65,214.55,190311
JUBLFOOD,20110802,893.15,901.5,860,873.85,769723
JUBLINDS,20110802,190,205.7,190,204.05,85325
JUMBO,20110802,24.35,24.95,22.25,22.9,24210
JUNIORBEES,20110802,109.9,109.9,107.72,109.02,43442
JUPITER,20110802,19.2,19.2,18.5,18.7,193301
JVLAGRO,20110802,20.45,20.5,19.25,19.75,15339
JYOTHYLAB,20110802,234.05,234.5,227.05,230.8,17634
JYOTISTRUC,20110802,84.1,84.95,78.25,80.65,559285
KABRAEXTRU,20110802,51.3,52.3,50.8,50.95,11106
KAJARIACER,20110802,113.5,115.6,112.5,114.85,163845
KAKATCEM,20110802,68.65,69.95,68.5,69,642
KALECONSUL,20110802,80.1,80.9,78.35,78.65,15101
KALINDEE,20110802,120.3,121,115,116.3,172988
KALPATPOWR,20110802,125.25,128,121.2,123.2,22140
KAMATHOTEL,20110802,93,94.95,90.45,91.7,5328
KANORICHEM,20110802,43.9,44.5,40.65,40.95,47792
KANSAINER,20110802,881.15,897,881,890.35,2119
KARMAENG,20110802,12.85,13.5,12.7,13.05,5008
KARURVYSYA,20110802,401.1,409,401.1,403.85,22573
KAUSHALYA,20110802,9.25,9.65,9.05,9.45,16725
KAVVERITEL,20110802,154.8,154.8,149.15,150,52990
KBIL,20110802,726.1,730,716.25,723,277
KCP,20110802,27.05,27.45,25.55,26.95,47159
KCPSUGIND,20110802,15.4,15.6,15.2,15.3,9818
KEC,20110802,78.5,81.3,78.3,79.05,101927
KECL,20110802,43.75,44.4,43,43.1,5302
KEI,20110802,21.25,21.5,20.7,20.8,43025
KEMROCK,20110802,504,508.95,502.2,504.55,9537
KERNEX,20110802,112.7,112.95,106.2,107,45198
KESARENT,20110802,56,56.5,51.05,52.95,2135
KESORAMIND,20110802,146.05,147.6,143.2,143.7,18548
KFA,20110802,34.6,34.65,32.2,32.65,2084237
KGL,20110802,11.65,11.75,11.55,11.6,743597
KHAITANELE,20110802,103,108,101.1,105.7,37
KHAITANLTD,20110802,27.45,27.45,25.3,25.75,268
KICL,20110802,625,625,591.1,615.8,102
KIL,20110802,16.3,16.55,16.2,16.3,2835
KILITCH,20110802,68,72,66.9,70.4,7970
KINETICMOT,20110802,17.05,18,16.65,17.2,13334
KIRIINDUS,20110802,185.1,185.1,172.1,173.85,56347
KIRLOSBROS,20110802,167.05,167.05,160.25,163.2,4954
KIRLOSENG,20110802,125,126.5,119.5,125.6,3488
KIRLOSIND,20110802,290,321,290,296.95,2281
KITPLYIND,20110802,4.75,4.75,4,4.05,91604
KKCL,20110802,725,754,711,748.25,6027
KLGSYSTEL,20110802,47.05,47.2,45.25,45.45,35643
KLRF,20110802,25,25,24.05,24.3,170
KMSUGAR,20110802,3,3.1,3,3,10994
KNRCON,20110802,133.7,133.75,123.7,126,9417
KOHINOOR,20110802,46.75,47.1,44.7,45.6,32983
KOLTEPATIL,20110802,44,44.65,42.7,43.2,15994
KOPRAN,20110802,26.8,26.8,25.25,25.5,33458
KOTAKBANK,20110802,451.3,459.65,446.25,457.9,1706455
KOTAKGOLD,20110802,2255.65,2272,2248,2267.35,3764
KOTAKNIFTY,20110802,556,559,555,556.81,746
KOTAKPSUBK,20110802,415,415,403.5,403.5,1129
KOTARISUG,20110802,6.9,6.9,6.05,6.15,12444
KOTHARIPET,20110802,8,8.4,7.85,7.85,15722
KOTHARIPRO,20110802,524,601.9,515.15,568.8,146559
KOUTONS,20110802,27,27.2,26.05,26.25,66727
KPIT,20110802,189.85,189.85,183.25,186.15,353616
KPRMILL,20110802,104,106.5,100,103.75,1067
KRBL,20110802,27.65,27.7,26.5,26.65,282837
KRISHNAENG,20110802,3.6,3.7,3.6,3.6,5640
KSBPUMPS,20110802,230.1,230.1,224.5,226.1,1966
KSCL,20110802,490,494,461.35,469.8,23745
KSE,20110802,223,230,222,227.95,1350
KSERASERA,20110802,13,13.3,12.1,13.05,2153542
KSK,20110802,107.05,107.85,103.55,104.5,111027
KSL,20110802,70,70.4,67.25,67.95,22569
KSOILS,20110802,18.35,18.35,17.7,17.9,1720868
KTKBANK,20110802,111.7,112.7,109.75,112.1,371565
KWALITY,20110802,157,159.7,157,159.1,567243
LAKPRE,20110802,46,48.3,46,47.7,390
LAKSHMIEFL,20110802,31.7,31.7,29.25,29.45,87033
LAKSHMIMIL,20110802,1760,1851,1760,1845,58
LAKSHVILAS,20110802,119.1,119.1,115.8,117.35,55819
LANCOIN,20110802,39.9,39.9,36.55,37.8,6227
LAOPALA,20110802,107,114,105.2,108.7,42530
LAXMIMACH,20110802,2136,2198.7,2040,2065.65,2277
LCCINFOTEC,20110802,0.6,0.7,0.6,0.7,50662
LGBBROSLTD,20110802,311,311,293.2,294.75,3605
LGBFORGE,20110802,2.55,2.85,2.55,2.8,19301
LIBERTSHOE,20110802,98.4,99.6,95,95.55,37108
LICHSGFIN,20110802,213,213,205.4,206.1,3173638
LIQUIDBEES,20110802,1000,1000.01,999.99,999.99,75706
LITL,20110802,17.4,17.4,16.65,17,12088267
LLOYDELENG,20110802,53.75,55.3,53.3,55,30730
LLOYDFIN,20110802,1.15,1.3,1.15,1.25,9003
LLOYDSTEEL,20110802,16.15,16.6,16,16.2,662341
LML,20110802,11.75,11.8,11.2,11.25,351815
LOGIXMICRO,20110802,16.35,16.65,16.35,16.35,1834
LOKESHMACH,20110802,42,42.3,41,42.15,5086
LOTUSEYE,20110802,11,11.65,10.5,10.55,9045
LOVABLE,20110802,418.15,419.65,392.65,402.25,373559
LPDC,20110802,2.8,2.8,2.6,2.8,8535
LT,20110802,1758,1761.9,1720,1734.05,788700
LUMAXAUTO,20110802,38,39.95,38,38.4,773
LUMAXIND,20110802,326,330.8,305.7,327.25,2612
LUMAXTECH,20110802,186.45,186.5,180.05,182.1,3239
LUPIN,20110802,458.65,462.65,452.55,459.85,841657
LYKALABS,20110802,17.6,17.6,17.1,17.3,6949
M&M,20110802,726.55,734.75,720.15,723.4,1414365
M&MFIN,20110802,671.95,672,655.35,659.8,18507
M100,20110802,7.93,7.93,7.77,7.79,30924
M50,20110802,74,74.96,72.8,73.03,5915
MAANALU,20110802,57.7,58,57.7,57.7,290
MADHAV,20110802,18,18.45,17.1,17.55,10619
MADHUCON,20110802,86.1,87.9,85,86.2,15564
MADRASCEM,20110802,91.5,91.5,89.05,89.6,34055
MADRASFERT,20110802,27,28.9,27,28.45,506209
MAGMA,20110802,72.55,76.4,70.75,74.9,430759
MAGNUM,20110802,5.35,5.4,5.15,5.2,5685
MAHABANK,20110802,55.2,55.2,54.2,54.35,81736
MAHINDFORG,20110802,71.9,72.45,69.15,70.45,35779
MAHLIFE,20110802,354,354,348.05,348.35,4065
MAHSCOOTER,20110802,345.05,358.9,341,357.45,2186
MAHSEAMLES,20110802,373,377.4,371.5,374.9,9312
MAITHANALL,20110802,131,131,126.15,126.25,216
MALUPAPER,20110802,13.2,13.2,12.7,12.85,2229
MALWACOTT,20110802,33.6,33.6,31.4,31.9,10252
MANAKSIA,20110802,62.75,62.75,60.7,61.4,6425
MANALIPETC,20110802,13.15,13.4,12.6,12.75,221559
MANAPPURAM,20110802,59,59,56.2,56.55,446136
MANDHANA,20110802,202.5,203.2,201.25,202.95,67503
MANGALAM,20110802,14.15,14.15,12.5,13.35,15054
MANGCHEFER,20110802,30.75,31.75,30.65,30.95,672282
MANGLMCEM,20110802,105,105,102,102.8,13061
MANGTIMBER,20110802,18.45,18.65,18.25,18.3,2359
MANINDS,20110802,137,139.5,133.35,137.25,53666
MANINFRA,20110802,125,127.95,124.15,125.25,6251
MANJEERA,20110802,96.1,104.9,90.3,91.05,752
MANJUSHREE,20110802,73.05,74.3,73.05,73.9,3397
MANUGRAPH,20110802,54.15,55.65,54.05,55.05,14103
MARALOVER,20110802,13,13.5,12.95,13.45,7849
MARG,20110802,89.6,90.4,86.1,87.6,38283
MARICO,20110802,163.8,167.45,161.1,161.55,109330
MARUTI,20110802,1193.05,1215.8,1193.05,1212.2,271852
MASTEK,20110802,106.15,107,101,102.1,113365
MAWANASUG,20110802,22.15,22.2,20.8,21.4,10823
MAX,20110802,181.95,187.6,181.05,185.8,706546
MAXWELL,20110802,22.5,22.55,21.7,21.95,53669
MBECL,20110802,155.3,155.8,150.1,151.8,7643
MBLINFRA,20110802,146.95,151,146.95,148.25,4666
MCDHOLDING,20110802,81.75,81.9,79.7,80.45,7811
MCDOWELL-N,20110802,1025.45,1028,968,991.3,154493
MCLEODRUSS,20110802,267.95,268,254.3,258.1,345614
MEGASOFT,20110802,25.75,25.75,21.75,22,4430
MEGH,20110802,12,12,11.35,11.45,125565
MERCK,20110802,687,699,680,684.35,4664
MHRIL,20110802,386.85,386.85,367.05,368.45,4629
MIC,20110802,13.95,13.95,13.05,13.35,403330
MICROSEC,20110802,32.5,33,31.5,31.6,20181
MICROTECH,20110802,112.8,112.8,107.55,108.1,12634
MINDAIND,20110802,232,232,222,222.35,560
MINDTREE,20110802,425,425,410,418.6,51298
MIRCELECTR,20110802,21.5,21.5,20.75,20.9,38760
MIRZAINT,20110802,21.1,21.65,20.75,20.8,61943
MLL,20110802,36,36.25,35.15,35.45,513932
MMFL,20110802,109.1,112.9,109.1,112.3,2052
MMFSL,20110802,108.15,116.7,108.15,116.7,81178
MMTC,20110802,886,918.9,874.05,877.8,40927
MOIL,20110802,339.8,341.7,335.5,337.9,112407
MONNETISPA,20110802,499.9,501,477,495.5,108171
MONSANTO,20110802,1740,1774,1732.5,1742.7,1054
MORARJETEX,20110802,14.15,15.3,14.15,14.4,2207
MOREPENLAB,20110802,4.5,4.55,4.4,4.4,171594
MOSERBAER,20110802,36.8,36.9,35.2,35.45,236771
MOTHERSUMI,20110802,234.8,239.75,231.4,233.15,143906
MOTILALOFS,20110802,98,98.7,94.25,95.7,4438
MOTOGENFIN,20110802,46,48,46,47.8,3818
MPHASIS,20110802,448.9,457.1,435,454,365015
MRF,20110802,7150,7172.1,7032,7068.2,7122
MRO-TEK,20110802,13.8,14,13.25,13.4,9229
MRPL,20110802,78.4,78.5,75.6,75.95,531524
MSPL,20110802,56,56.95,54.75,55.05,63037
MTNL,20110802,45.85,45.95,44.3,44.5,599900
MUDRA,20110802,29,29,28.35,28.45,18801
MUKANDENGG,20110802,33,33.4,31.55,32.2,8205
MUKANDLTD,20110802,43.2,43.2,41.35,41.45,11489
MUKTAARTS,20110802,43.5,44.6,40.35,41.85,12128
MUNDRAPORT,20110802,145.25,145.7,138.15,141.55,1475136
MUNJALAU,20110802,145,146,141.2,145.65,2665
MUNJALSHOW,20110802,65,65.4,62.5,63.05,101704
MURUDCERA,20110802,18.6,19.45,17.85,17.85,10581
MUTHOOTFIN,20110802,189.95,190.55,182.7,184.95,383466
MVL,20110802,23.8,25.2,23.7,24.8,972206
MVLIND,20110802,14.6,14.75,14.6,14.75,100
MYSOREBANK,20110802,592.7,599.75,588.3,594.6,1557
N100,20110802,104,106,100.05,102.53,8126
NAGARFERT,20110802,32.5,33.65,32.4,33.45,3803363
NAGREEKCAP,20110802,26.3,27.7,26.3,27.45,205
NAGREEKEXP,20110802,20.5,22,20.5,21.7,307
NAHARCAP,20110802,62.5,62.5,58.65,59.55,1897
NAHARINDUS,20110802,49.05,50.8,49.05,50.4,3541
NAHARPOLY,20110802,27.05,27.05,27.05,27.05,187
NAHARSPING,20110802,76.15,78.55,76.05,76.7,15775
NANDAN,20110802,2.6,2.6,2.5,2.5,84183
NATCOPHARM,20110802,275.4,277,272,274.55,2302
NATIONALUM,20110802,71.3,71.85,70.75,71.1,171810
NATNLSTEEL,20110802,17.6,18.2,17.35,17.5,30808
NAUKRI,20110802,740.2,748.8,740,742.7,3036
NAVINFLUOR,20110802,350,350,339.05,345,22702
NAVNETPUBL,20110802,67.8,67.8,64.75,65.55,130750
NBVENTURES,20110802,231.05,233.7,226.15,229.7,12240
NCC,20110802,70.95,70.95,67.75,68.3,259145
NCLIND,20110802,35.15,35.9,35.05,35.35,10202
NDTV,20110802,60,60,59.1,59.6,69791
NECLIFE,20110802,24.3,24.45,23.3,23.35,75927
NEHAINT,20110802,162.25,166,155.4,163.35,178794
NELCAST,20110802,104,105.5,102.2,104.5,5918
NELCO,20110802,71.75,71.75,67.5,68.9,25674
NEPCMICON,20110802,4.05,4.3,3.95,4.2,80774
NESCO,20110802,660,702,655.7,672.25,1106881
NESTLEIND,20110802,4340,4420,4250,4275.35,7045
NET4,20110802,125,125.65,121.55,124.1,34173
NETWORK18,20110802,122,124,116.95,121,86188
NEULANDLAB,20110802,105.65,109.9,105.65,108.15,506
NEXTMEDIA,20110802,6.55,6.8,6.4,6.5,17300
NEYVELILIG,20110802,97.25,97.45,95.35,95.95,104158
NFL,20110802,86.5,92.3,85.6,90.85,787334
NHPC,20110802,24.75,25.1,24.4,24.9,5172317
NIFTYBEES,20110802,562.1,562.4,555.01,556.08,148951
NIITLTD,20110802,54.7,54.9,52.15,52.65,200924
NIITTECH,20110802,225.05,231.4,220.3,224.25,279666
NILKAMAL,20110802,293,302,288,290.55,14840
NIPPOBATRY,20110802,401.3,407.4,399,400.45,1593
NISSAN,20110802,2.4,2.45,2.3,2.35,100003
NITCO,20110802,63,64.3,61,61.8,15255
NITESHEST,20110802,22.3,22.3,21.1,21.35,20180
NITINFIRE,20110802,115.8,116.3,108.5,111.15,244507
NITINSPIN,20110802,8,8.3,7.9,8,25116
NMDC,20110802,245.1,247.3,238.5,240.2,329583
NOCIL,20110802,17.05,17.2,16.8,16.85,166016
NOIDATOLL,20110802,25.5,25.5,25.1,25.1,125448
NOL,20110802,45,45.6,45,45.05,2505
NORBTEAEXP,20110802,6.4,6.5,6.25,6.25,1309
NORTHGATE,20110802,13,13.4,12.7,13.25,34195
NOVOPANIND,20110802,42,42.5,42,42.5,400
NRBBEARING,20110802,48.1,48.45,47.4,48.15,8498
NRC,20110802,5.3,5.55,5.25,5.35,3565
NSIL,20110802,749.9,749.9,726,744.65,116
NTPC,20110802,176.5,181.7,176.1,181,2741450
NUCENT,20110802,1.75,1.75,1.75,1.75,250
NUCHEM,20110802,3.9,4.05,3.75,3.75,16918
NUCLEUS,20110802,73.8,74,70.65,71.05,22832
NUMERICPW,20110802,263,270,245,252.85,118107
NUTEK,20110802,4.3,4.3,4.05,4.1,399795
OBEROIRLTY,20110802,239,243.9,231.35,239.35,12602
OCL,20110802,98,98.45,96.75,97.75,3214
OFSS,20110802,2183,2183,2129,2150.4,31607
OIL,20110802,1271,1299.9,1271,1284.8,20070
OILCOUNTUB,20110802,74.9,74.9,73.25,74,10344
OISL,20110802,54,55.35,51.05,54.9,67543
OMAXAUTO,20110802,42.25,43.9,42.25,42.25,4462
OMAXE,20110802,138.2,138.3,134.05,135.8,79783
OMKARCHEM,20110802,75,77.5,73.95,77.05,16987
OMMETALS,20110802,32.5,35.5,32.5,34.85,2600
OMNITECH,20110802,149.95,149.95,143.5,144.75,28289
ONGC,20110802,273.8,277.5,271.6,276.45,3684194
ONMOBILE,20110802,91.1,91.5,86.5,88.15,489437
ONWARDTEC,20110802,39.05,39.05,37.4,38.25,1375
OPTOCIRCUI,20110802,290.9,295.5,288.05,294.35,483616
ORBITCORP,20110802,38,38,36.65,37.05,439035
ORCHIDCHEM,20110802,213,214,195.35,197.6,3179938
ORIENTABRA,20110802,30.7,31.4,30.25,30.45,49276
ORIENTALTL,20110802,8.55,8.75,8.15,8.5,765
ORIENTBANK,20110802,348.2,349.9,341.4,344.55,199400
ORIENTCERA,20110802,53.15,53.15,53.15,53.15,24
ORIENTHOT,20110802,30.9,30.9,29.1,29.55,27185
ORIENTLTD,20110802,76.1,83.3,74.25,83.3,840
ORIENTPPR,20110802,60.1,60.1,58.2,59,65207
ORISSAMINE,20110802,50400,51410,50400,50604.9,850
OUDHSUG,20110802,28.3,28.45,27.65,28.3,2834
PAEL,20110802,27.6,27.6,25.55,26.05,1120
PAGEIND,20110802,2250.15,2269.95,2221,2228.45,2121
PANACEABIO,20110802,158.15,165.85,158,164.3,8946
PANASONIC,20110802,125.5,133,122.35,122.35,37306
PANCARBON,20110802,146,146,141.4,144.7,256
PANORAMUNI,20110802,13.8,14.05,13.1,13.8,11932
PANTALOONR,20110802,341,341,323.15,327.15,778371
PAPERPROD,20110802,90,90.85,88.05,88.35,93470
PARABDRUGS,20110802,35.3,37.1,34.5,35.05,32633
PARACABLES,20110802,3.2,3.4,3.2,3.35,24956
PARAL,20110802,255.5,255.5,246.45,248.75,5591
PARAPRINT,20110802,28.4,29.2,27.95,28.9,301287
PARASPETRO,20110802,0.55,0.55,0.5,0.55,18495
PAREKHPLAT,20110802,4.05,4.2,3.95,4,5919
PARSVNATH,20110802,47.1,47.45,46.55,46.8,522280
PATELENG,20110802,135.1,135.1,130,130.9,442564
PATINTLOG,20110802,32,32.9,30.4,32,730
PATNI,20110802,327.05,328.4,320.05,322.85,56340
PATSPINLTD,20110802,14.7,14.7,13,13.15,12434
PBAINFRA,20110802,55.85,55.85,53.55,53.85,4186
PDUMJEIND,20110802,21.4,21.5,21.4,21.4,2292
PDUMJEPULP,20110802,21.15,21.15,20.5,20.65,2851
PEACOCKIND,20110802,2.7,2.75,2.5,2.7,1329
PENIND,20110802,39.5,40.15,39.1,39.95,32993
PENINLAND,20110802,51.5,51.5,49,49.1,36246
PEPL,20110802,2.7,2.7,2.65,2.65,400
PERIATEA,20110802,146.25,153.5,146.25,153,11
PERSISTENT,20110802,352.25,355.45,350.05,355,53782
PETRONENGG,20110802,366.4,375.9,366.4,374.55,4151
PETRONET,20110802,172.4,174.2,169.2,171.7,1178827
PFC,20110802,187.7,188.2,177.1,179.45,4065071
PFIZER,20110802,1540,1544.85,1500,1503.45,2982
PFOCUS,20110802,71.2,72.75,68.8,69.65,613590
PFS,20110802,18.35,18.8,18.1,18.5,161049
PGHH,20110802,1907.15,1927,1891.4,1897.4,288
PHILIPCARB,20110802,138.25,145.95,138.1,141.05,67667
PHOENIXLTD,20110802,213.1,216.5,213,214.85,44617
PIDILITIND,20110802,170,174,166.1,172.5,82960
PIIND,20110802,1030,1078,1000,1006.9,1755
PIONDIST,20110802,53,54,52.05,52.05,103
PIONEEREMB,20110802,16.25,16.65,16.25,16.65,691
PIPAVAVYD,20110802,71.5,73.1,70.25,72.55,1894431
PIRGLASS,20110802,148,149.75,144,145.4,54719
PIRHEALTH,20110802,382,383.15,373.45,380.4,90494
PIRLIFE,20110802,93.1,93.95,91.25,91.95,7431
PITTILAM,20110802,41.5,41.9,41,41.05,5171
PLASTIBLEN,20110802,201.6,206,201.6,203.3,240
PLETHICO,20110802,379,379.25,377.5,378,95729
PNB,20110802,1111,1112.6,1090,1094.5,160559
PNBGILTS,20110802,25.7,25.7,24.8,25.6,179634
PNC,20110802,15.9,15.95,14.9,14.9,4579
POCHIRAJU,20110802,15,15.45,14.5,14.85,16654
POLARIND,20110802,4.6,4.85,4.6,4.85,4593
POLARIS,20110802,171.1,172.6,166.2,169.45,361846
POLYPLEX,20110802,180.85,183.8,175.65,183.1,55525
PONDYOXIDE,20110802,31.85,32.9,31.65,31.75,8905
PONNIERODE,20110802,85.25,89.5,83.3,87.35,3460
POWERGRID,20110802,107.4,108.3,106.75,107.95,1822049
PPAP,20110802,104.5,104.5,100,100.6,6680
PRADIP,20110802,84.25,85.95,83.5,84.8,3683
PRAENG,20110802,10,11.05,9.75,10.6,134647
PRAJIND,20110802,83.6,83.75,80.25,81,1445314
PRAKASH,20110802,65.9,66.45,63.7,64.3,68789
PRAKASHSTL,20110802,139,139.45,138,138.1,3691
PRATIBHA,20110802,53.9,54,53.15,53.6,25176
PRECOT,20110802,159,159,145.55,146.5,29818
PRECWIRE,20110802,120,120,116.1,117,2820
PREMIER,20110802,88,88,84,85.3,3956
PRESTIGE,20110802,132.55,135.7,130.3,131.5,26641
PRETAILDVR,20110802,204.8,204.8,190,195,92915
PRICOL,20110802,18.85,19.3,18.5,18.8,54221
PRIMESECU,20110802,21.05,21.8,20.9,21.1,6596
PRISMCEM,20110802,45.6,46,45.15,45.25,12333
PRITHVI,20110802,27.65,28,27.5,27.9,2435
PROVOGUE,20110802,33.9,34.1,32.75,33.15,193675
PSB,20110802,91.7,92,89.2,89.5,90110
PSL,20110802,70.8,71,69,70.05,77959
PSUBNKBEES,20110802,390,390,385.1,385.99,898
PTC,20110802,77,77.2,72.85,73.5,1381578
PTL,20110802,29.6,29.75,28.05,28.05,3210
PUNJABCHEM,20110802,88,88,85,85.75,231
PUNJLLOYD,20110802,69.3,69.3,66.5,67.6,2503317
PURVA,20110802,74.05,74.2,72.5,73,10039
PVP,20110802,8,8.15,7.8,7.85,57598
PVR,20110802,129.5,129.9,124.55,125.75,46592
QGOLDHALF,20110802,1138,1138,1122.2,1127.2,303
QNIFTY,20110802,554.8,554.8,551.91,552.47,27
QUINTEGRA,20110802,3.55,3.65,3.5,3.5,4700
RADAAN,20110802,2.5,2.6,2.4,2.6,25391
RADICO,20110802,135,137.5,131.1,132.35,463789
RAINBOWPAP,20110802,61.5,61.5,60.1,60.55,80432
RAINCOM,20110802,38,38.1,36.75,37.3,234540
RAJESHEXPO,20110802,113.1,114.8,107.1,109.7,797073
RAJOIL,20110802,33,33,28.25,28.4,33882
RAJPALAYAM,20110802,230.05,237.95,229.05,231,691
RAJRAYON,20110802,11.3,11.85,11.25,11.7,2906
RAJSREESUG,20110802,47.1,47.15,45.5,45.95,3361
RAJTV,20110802,49,49.25,47.75,48.65,30308
RAJVIR,20110802,144.75,144.75,142,142,16
RALLIS,20110802,165,166.7,163,163.9,170084
RAMANEWS,20110802,14.65,14.9,14.5,14.65,9528
RAMCOIND,20110802,42.35,43.4,42.35,43.1,12088
RAMCOSYS,20110802,87.45,87.45,81.3,83.55,4514
RAMKY,20110802,322.05,325.8,305.55,307.2,6403
RAMSARUP,20110802,14.5,14.6,13.7,13.85,26337
RANASUG,20110802,5.05,5.1,4.95,5,333438
RANBAXY,20110802,564,570,561.3,564.55,999650
RANEHOLDIN,20110802,235.05,243.1,233,237.3,1387
RANKLIN,20110802,13.5,13.85,13.5,13.55,11840
RATNAMANI,20110802,105.2,105.55,103,104.75,3939
RAYMOND,20110802,371.1,371.1,360.05,365.5,142811
RBL,20110802,120,120,120,120,21
RBN,20110802,87,87,84.55,85.25,27707
RCF,20110802,74.4,81.5,73.7,80.35,3183725
RCOM,20110802,102.3,102.3,97.65,98.95,6574616
RECLTD,20110802,210.75,211.2,203.75,207.65,1682180
REDINGTON,20110802,99,99.25,96.05,96.95,131319
REFEX,20110802,20.8,20.8,19.35,19.35,6814
REIAGROLTD,20110802,28.85,29.75,28.8,29.2,361269
REISIXTEN,20110802,34,35.4,33.15,34.55,24616
RELAXO,20110802,296,304,296,298.25,755
RELBANK,20110802,1014.99,1014.99,995.1,996.53,54
RELCAPITAL,20110802,550,550,534.6,538.3,1272642
RELGOLD,20110802,2199.65,2215.95,2195.65,2209.45,7008
RELGRNIFTY,20110802,464.95,565,464.95,530.65,62
RELIANCE,20110802,827.55,838.9,818.5,837.3,3787775
RELIGARE,20110802,457,461,457,460,14604
RELIGAREGO,20110802,2300,2324.6,2300,2310.75,127
RELINFRA,20110802,546,549,539.45,546.95,579648
RELMEDIA,20110802,112.5,114.65,110.1,111.95,370648
RENUKA,20110802,72,72.5,68.3,69.75,6555440
REPRO,20110802,162.25,169,156.45,157.6,41474
RESPONIND,20110802,108.25,108.5,104.8,104.8,11019
RESURGERE,20110802,0.5,0.5,0.4,0.45,2856837
REVATHI,20110802,385,385,384,384,63
RICOAUTO,20110802,12.75,13,12.5,12.75,149476
RIIL,20110802,506,509.4,496.6,499.2,86139
RKDL,20110802,22.8,23,21.7,21.9,113116
RKFORGE,20110802,114.5,114.5,110.25,113.05,1263
RMCL,20110802,6.5,6.5,6.2,6.2,2290
RML,20110802,123.95,125.3,122.1,124.95,2102
ROHITFERRO,20110802,37.05,38.75,35.8,36.55,369018
ROHLTD,20110802,62.55,63,60.25,60.75,12806
ROLTA,20110802,116.5,116.5,113.25,114.6,194691
ROMAN,20110802,23.6,24,23.55,24,408
RPGLIFE,20110802,81,81.25,80.1,81,4670
RPOWER,20110802,111.7,111.95,110.5,110.95,935588
RPPINFRA,20110802,78.1,78.1,75.1,76.55,43586
RSSOFTWARE,20110802,53,54,51.5,52.2,15953
RSWM,20110802,111.5,114.9,109.95,110.55,10552
RSYSTEMS,20110802,99.95,118.45,91.95,114.35,275170
RUBYMILLS,20110802,895,895,856.55,864.35,1003
RUCHINFRA,20110802,19.35,19.35,18.35,18.7,6123
RUCHIRA,20110802,9.85,10.65,9.55,9.6,4543
RUCHISOYA,20110802,96.15,97.55,96,96.55,91303
RUSHIL,20110802,132,142,123.6,140.8,7720074
SABTN,20110802,52.7,53.65,52.15,53.6,880
SADBHAV,20110802,134.1,144.85,134.1,142.4,81870
SAGCEM,20110802,146.95,146.95,140,140.45,416
SAHPETRO,20110802,34,35.35,33.3,34,22158
SAIL,20110802,119.95,120.3,116.35,118,3402164
SAKHTISUG,20110802,32.6,32.7,31.5,32.05,47339
SAKSOFT,20110802,71,71.9,68,69.95,4977
SAKUMA,20110802,17,17.3,17,17.3,931
SALORAINTL,20110802,27.25,27.8,26.55,27,1703
SALSTEEL,20110802,6.5,6.55,6.35,6.5,19732
SAMBANDAM,20110802,88.65,88.65,88.65,88.65,3
SAMBHAAV,20110802,1.4,1.55,1.35,1.35,504
SANDESH,20110802,290,290,286,286.3,173
SANGAMIND,20110802,36,37.1,34.75,35,23229
SANGHIIND,20110802,14.65,14.9,13.85,14,20445
SANGHIPOLY,20110802,1.5,1.6,1.5,1.5,3573
SANGHVIFOR,20110802,28.4,28.75,27.2,27.6,11971
SANGHVIMOV,20110802,121.7,122.5,117.3,122,3193
SANWARIA,20110802,24.15,24.15,23.3,23.3,19354
SARDAEN,20110802,203.8,206.9,194,197.65,31541
SAREGAMA,20110802,73.25,73.25,68,68.7,19477
SARLAPOLY,20110802,110.5,110.5,110.5,110.5,85
SASKEN,20110802,111.6,111.95,106.2,107.15,79926
SATHAISPAT,20110802,52.15,52.15,49.1,49.75,17630
SATYAMCOMP,20110802,85.15,85.2,82.25,83,2230474
SAVERA,20110802,41.5,41.75,40.95,41.5,1187
SBBJ,20110802,473.15,477.95,472.3,474.05,3320
SBIGETS,20110802,2297,2310,2297,2303.8,3254
SBIN,20110802,2336.4,2338.5,2268.55,2277.1,1364464
SBT,20110802,708.9,708.9,690,694.45,3516
SCI,20110802,102.85,102.85,100.1,100.6,186245
SEAMECLTD,20110802,111,112.65,107.5,108.1,4787
SEINVEST,20110802,14.45,14.65,14.15,14.5,100552
SELAN,20110802,348.5,348.5,330.65,333.05,50710
SELMCL,20110802,16.05,16.1,15.75,15.8,282919
SENTINEL,20110802,14.5,15,14.3,14.5,6107
SERVALL,20110802,6.9,7,6.8,7,59637
SESAGOA,20110802,268,273.35,259.7,262,4759237
SESHAPAPER,20110802,232,234,228.25,230.35,1695
SGFL,20110802,5.4,6.35,5.35,5.35,405
SGJHL,20110802,182.65,183.95,172,173.45,63742
SGL,20110802,4.9,5.2,4.85,5.05,5891
SHAHALLOYS,20110802,11.9,12.25,11.9,12.05,373
SHANTIGEAR,20110802,46.1,46.3,45.2,45.5,79958
SHARIABEES,20110802,121.2,121.25,120.85,121.25,78
SHARRESLTD,20110802,46.85,46.85,46.85,46.85,90
SHASUNPHAR,20110802,75,77.5,73.35,76.7,55731
SHILPAMED,20110802,245.1,254.9,245,250.15,25399
SHILPI,20110802,16.65,16.85,16,16.2,16569
SHIV-VANI,20110802,208.05,210.75,200.05,202.35,78109
SHIVAMAUTO,20110802,117,122,117,119.95,958
SHIVTEX,20110802,27.1,30.6,27.1,29.45,673
SHLAKSHMI,20110802,80.9,80.9,78.35,78.8,34899
SHOPERSTOP,20110802,402.15,404.85,387,392.95,32447
SHPRE,20110802,5.75,6,5.6,5.9,2265
SHREEASHTA,20110802,4,4.15,3.95,4,3569695
SHREECEM,20110802,1762,1788,1705.25,1747.35,18629
SHREERAMA,20110802,5.25,5.3,5.2,5.3,26716
SHRENUJ,20110802,57.7,57.7,55.6,56.8,10017
SHREYANIND,20110802,19.2,19.2,19,19.05,250
SHREYAS,20110802,34.8,34.8,32.1,33.5,2516
SHRIRAMCIT,20110802,555,563.5,555,560,4932
SHRIRAMEPC,20110802,143.9,143.9,133.05,135.45,9208
SHYAMTEL,20110802,43.1,44.05,41.35,41.55,26084
SICAGEN,20110802,23.8,23.8,21.15,22.45,24249
SICAL,20110802,79.95,80.75,78.8,80,162887
SIEMENS,20110802,915,925,912.1,920.05,121093
SILINV,20110802,85.15,92.3,85.1,92.15,1202
SIMBHSUGAR,20110802,40.75,42.25,39.25,41.8,42437
SIMPLEX,20110802,101.5,104,100.2,101.45,313
SIMPLEXINF,20110802,304.85,304.85,300,300,1111
SINTEX,20110802,177.5,178.85,171.25,172.55,1092107
SIRPAPER,20110802,54,55.5,53,54.8,6102
SITASHREE,20110802,9.25,9.25,8.3,8.3,6253
SIYSIL,20110802,365.25,369,358,361.95,2364
SJVN,20110802,22,22.1,21.95,22.05,390677
SKFINDIA,20110802,655,664,642,653.75,39372
SKMEGGPROD,20110802,8.65,8.9,8.6,8.6,563
SKSMICRO,20110802,380.5,390.7,374.05,376.25,321803
SKUMARSYNF,20110802,58,58.4,56.5,57.2,1665696
SMARTLINK,20110802,45.1,45.65,44.2,44.65,7786
SMLISUZU,20110802,390,390.7,374.1,374.65,577
SMOBILITY,20110802,110,112.5,101.5,108.85,8277
SMPL,20110802,8.85,9,8.7,8.85,95589
SMSPHARMA,20110802,188.5,192,188,191.25,999
SOBHA,20110802,257,264.9,256.05,261.75,50454
SOFTTECHGR,20110802,5.5,5.5,5.15,5.15,590
SOLARINDS,20110802,740,744.85,728.1,734.35,5836
SOMANYCERA,20110802,54.75,55,52.05,53.45,13236
SOMATEX,20110802,7.25,7.45,6.85,7.3,2526
SONASTEER,20110802,15.75,17.4,15.5,17,1064929
SONATSOFTW,20110802,36.1,36.1,35.1,35.4,130777
SOTL,20110802,645,645,630.25,631.7,5098
SOUISPAT,20110802,8.05,8.1,8,8,74689
SOUTHBANK,20110802,23.5,23.5,23.05,23.1,1378941
SPANCO,20110802,131,131.95,127,127,1056
SPARC,20110802,92.5,93.4,91.55,92,64420
SPECTACLE,20110802,15.1,16,15.1,15.5,90351
SPENTEX,20110802,12.05,13.25,12.05,12.65,17309
SPIC,20110802,31.5,33.4,31.1,32.8,1439208
SPLIL,20110802,4.05,4.05,3.8,3.8,8782
SPMLINFRA,20110802,168.5,168.5,156.1,159.25,5191
SPYL,20110802,26.55,27.45,26.4,26.5,21350
SREINFRA,20110802,45.6,45.75,44.55,45,472569
SRF,20110802,313,319.35,311.5,314.95,35501
SRGINFOTEC,20110802,0.5,0.6,0.5,0.5,9348
SRHHLINDST,20110802,3.8,4.2,3.8,4.2,502
SRHHYPOLTD,20110802,40.85,40.85,40.85,40.85,5
SRICHAMUND,20110802,39,39,39,39,133
SRTRANSFIN,20110802,627.05,632,616.3,619.4,1160739
SSWL,20110802,280,284.7,275.05,276,7995
STAR,20110802,374,376.8,362.65,370.05,47814
STARPAPER,20110802,22.95,23.25,22,23.05,4445
STCINDIA,20110802,191.55,197,186.6,194.3,173852
STER,20110802,157,157.8,153.1,154,4841700
STERLINBIO,20110802,87.15,87.15,81.55,85.3,341311
STERTOOLS,20110802,122,122,115.8,118.8,2279
STRTECH,20110802,50.6,53.25,50.2,51.05,756167
SUBEX,20110802,57.1,58.5,56.35,57.15,1412169
SUDAR,20110802,114,114.25,109.5,110.85,548581
SUDARSCHEM,20110802,715.1,717,715.1,715.1,165
SUJANATOW,20110802,29.2,29.2,27.9,28.15,606659
SUJANAUNI,20110802,5.4,5.6,5.4,5.5,19332
SUMEETINDS,20110802,31,31.95,29,31.45,335775
SUMMITSEC,20110802,81.55,84,81.55,83.65,2412
SUNCLAYTON,20110802,150.95,150.95,147.6,147.6,2226
SUNDARAM,20110802,42.75,42.75,42.3,42.5,334100
SUNDARMFIN,20110802,555,559,538.05,551.35,12823
SUNDRMBRAK,20110802,160.7,168,160.7,164.3,475
SUNDRMFAST,20110802,60.75,60.75,56.6,58.2,63970
SUNFLAG,20110802,27,29.1,26.95,28.8,156784
SUNILHITEC,20110802,111.95,111.95,107,107.35,10822
SUNPHARMA,20110802,520,531.5,519,523.7,1539043
SUNTECK,20110802,291.9,298.95,256.35,290.2,35327
SUNTV,20110802,307.9,319.8,302.05,304.55,1934517
SUPER,20110802,214.95,214.95,204,205,1704
SUPERSPIN,20110802,9.25,9.95,9.25,9.9,5937
SUPPETRO,20110802,72.5,73,71,72.55,53492
SUPRAJIT,20110802,20.25,20.5,19.7,20.2,33330
SUPREMEIND,20110802,208.1,213,205,209.3,25537
SUPREMEINF,20110802,280.05,283,265,274.35,18402
SURAJDIAMN,20110802,51.4,52,49.35,49.85,57172
SURANACORP,20110802,96.05,97.5,95.55,97.25,1053
SURANAIND,20110802,420,430,407,411.2,12620
SURANAT&P,20110802,15.95,16,15.15,15.55,5538
SURANAVEL,20110802,33,39.95,33,36.3,523
SURYAJYOTI,20110802,27.75,28.25,27.3,27.8,13378
SURYALAXMI,20110802,64.05,66,63.5,64.55,8072
SURYAPHARM,20110802,19.9,19.9,19,19.1,76832
SURYAROSNI,20110802,78.55,78.6,76.5,76.75,7637
SUTLEJTEX,20110802,190,194.9,188.2,192.55,2032
SUVEN,20110802,18.55,19,18.55,18.65,32027
SUZLON,20110802,53.85,53.85,51.9,52.15,12573451
SWARAJENG,20110802,456.05,464.85,440.45,453.65,5840
SYMPHONY,20110802,1178,1179.9,1140,1151.2,823
SYNCOM,20110802,19.5,19.5,15.6,18.15,41490
SYNDIBANK,20110802,119.85,119.9,116.1,116.85,372203
TAINWALCHM,20110802,37.4,37.4,34.2,34.4,1518
TAJGVK,20110802,98.45,99.6,97,97.6,15094
TAKE,20110802,38.5,39.85,38.5,38.7,63668
TALBROAUTO,20110802,50.2,51.85,49.5,51.85,674
TALWALKARS,20110802,240.7,244,233.15,235.75,89323
TANFACIND,20110802,30.05,31.3,29.55,29.55,688
TANLA,20110802,13.9,14.35,12.9,13.05,488476
TANTIACONS,20110802,65.1,66,64.5,64.95,476
TARAPUR,20110802,20.9,21.4,20.5,20.95,16830
TATACHEM,20110802,354.25,361.5,349.2,350.7,666454
TATACOFFEE,20110802,840,863,813.1,827.9,472832
TATACOMM,20110802,221.1,223.4,213.1,213.9,120202
TATAELXSI,20110802,236,236,230.5,231.8,24126
TATAGLOBAL,20110802,105.6,106.95,103.65,104.6,491903
TATAINVEST,20110802,478.25,490,473.35,478.3,6494
TATAMETALI,20110802,93.05,93.5,91.1,91.45,15347
TATAMOTORS,20110802,955.05,962.9,950,956.4,1587080
TATAMTRDVR,20110802,545,545,535.6,537.7,113258
TATAPOWER,20110802,1284.2,1289.7,1265,1277,147478
TATASPONGE,20110802,332,334,326.5,327.9,4616
TATASTEEL,20110802,571,573.4,561.55,564.4,2040235
TCI,20110802,92,92.2,88.1,91.45,22491
TCIDEVELOP,20110802,195,203,183.3,190,399
TCIFINANCE,20110802,60,60,58.5,58.5,11090
TCS,20110802,1130.5,1134,1122.25,1130.65,1012646
TECHM,20110802,785,786.25,776.05,783.65,129733
TECHNO,20110802,231.05,233.5,229.5,231.1,49829
TECHNOFAB,20110802,136.85,140.35,136.8,138.6,3432
TECPRO,20110802,291,294.5,282.25,283.7,6476
TELEDATAIT,20110802,0.4,0.4,0.35,0.35,111143
TELEMARINE,20110802,0.75,0.8,0.7,0.75,73198
TEXMACOLTD,20110802,31.8,31.8,29.2,31,176068
TEXMOPIPES,20110802,47.05,47.5,45.2,45.85,66833
TEXRAIL,20110802,90.05,90.7,84.15,86.35,58100
TFCILTD,20110802,29.9,29.9,28.9,29.25,25677
TFL,20110802,22.35,22.35,20.3,21,4719
THANGAMAYL,20110802,157.9,158.65,153,154.8,67342
THEMISMED,20110802,145,146.85,142,145.25,443
THERMAX,20110802,565,572,533,536.45,82991
THINKSOFT,20110802,48.5,49.25,46.25,46.6,145691
THIRUSUGAR,20110802,98,98,91.5,93,1813
THOMASCOOK,20110802,49.85,50,48.05,48.2,127572
TI,20110802,47,47,43,43.55,581371
TIDEWATER,20110802,7610,7749,7600,7696.9,2324
TIIL,20110802,52.9,52.9,45.65,45.9,54720
TIL,20110802,424.95,424.95,411.6,415.05,1639
TIMBOR,20110802,39.85,41.5,39.25,39.95,65297
TIMESGTY,20110802,34.65,36.7,34.3,34.3,399
TIMETECHNO,20110802,71.5,71.5,69,70,21905
TIMKEN,20110802,231.75,233.45,220.2,225.8,173129
TINPLATE,20110802,58.6,58.9,57.9,58.15,58270
TIPSINDLTD,20110802,27.35,28.25,27.3,27.6,9804
TIRUMALCHM,20110802,91.9,92,88.6,90.35,6276
TITAN,20110802,227.5,229.6,226.75,228.8,1969199
TNPETRO,20110802,16.2,16.45,16.1,16.25,58701
TNPL,20110802,117,118.1,114,117.45,107307
TODAYS,20110802,6.8,7.1,6.65,6.9,17534
TOKYOPLAST,20110802,16.5,17,16.5,17,302
TORNTPHARM,20110802,644.05,652.5,633.05,646.05,20971
TORNTPOWER,20110802,240.5,240.5,235.25,236.6,12943
TRENT,20110802,1212,1220,1200,1202.6,12885
TRF,20110802,368,372.4,360.25,363.8,14664
TRICOM,20110802,14.3,14.3,14.1,14.1,1400
TRIDENT,20110802,14.1,14.1,13.65,13.85,53292
TRIGYN,20110802,15.9,15.95,15.6,15.85,4093
TRIL,20110802,250.25,252,249.1,250.7,3447
TRIVENI,20110802,33.5,33.5,32.5,33.2,358967
TTKHEALTH,20110802,584.05,601.7,560.5,575.45,589944
TTKPRESTIG,20110802,2995,3009,2711.05,2785.8,204492
TTL,20110802,27,28.25,26.85,27.55,16378
TTML,20110802,22.5,22.55,20.7,20.9,2940364
TUBEINVEST,20110802,162.7,165.05,154.35,157.3,201199
TULIP,20110802,156.3,157.4,153,155.75,148356
TULSI,20110802,14.8,15,13.9,14.15,163142
TULSYAN,20110802,43.55,43.55,43.55,43.55,2
TV18BRDCST,20110802,69.05,70.1,67.1,67.5,34932
TVSELECT,20110802,24,24.8,24,24.55,1517
TVSMOTOR,20110802,53.45,53.8,51.6,52.25,1437782
TVSSRICHAK,20110802,365,365,350.05,353.1,538
TVTODAY,20110802,62.5,62.7,60.25,60.45,32857
TWILITAKA,20110802,51.1,51.1,48.35,48.85,44071
TWL,20110802,422,424,415.05,420.2,16044
UBENGG,20110802,74.15,74.2,68.35,69.65,62081
UBHOLDINGS,20110802,132.8,132.8,129.1,129.95,115497
UBL,20110802,496,496,479,484.65,34484
UCALFUEL,20110802,84.95,84.95,78.05,78.65,47916
UCOBANK,20110802,84,84.35,81.45,82,909398
UFLEX,20110802,208.1,208.1,202,203.95,347606
UGARSUGAR,20110802,14.5,14.95,14.5,14.65,18906
ULTRACEMCO,20110802,1036.4,1041.9,1026,1029.3,22916
UMESLTD,20110802,24.05,24.25,23,23.65,5585
UNICHEMLAB,20110802,140.65,141,138.05,138.6,12295
UNIENTER,20110802,31.2,32.4,29.3,29.4,78236
UNIONBANK,20110802,280.4,284.05,277.25,277.65,2398469
UNIPHOS,20110802,164.25,167.75,159.55,160.25,1094463
UNIPLY,20110802,13.25,13.85,12.5,13,5407
UNITECH,20110802,31,32.1,30.6,30.85,20685838
UNITEDBNK,20110802,93.1,93.5,92.05,92.3,44924
UNITEDTEA,20110802,127,129,127,129,46
UNITY,20110802,55.05,61,55.05,60.15,42155
UNIVCABLES,20110802,58.45,58.45,55.5,55.95,729
UPERGANGES,20110802,56.95,56.95,53,54.35,6589
USHAMART,20110802,41.4,42.1,40.25,41.2,1305897
USHERAGRO,20110802,144.95,146,133.8,137.2,344886
UTTAMSTL,20110802,103,103.8,100.15,100.65,34396
UTTAMSUGAR,20110802,35.4,35.55,34.25,34.35,5244
UTVSOF,20110802,956.2,963.05,952.5,952.95,86343
VADILALIND,20110802,153,155,149.05,150.15,4346
VAIBHAVGEM,20110802,43.1,43.5,42.5,42.5,1597
VAKRANSOFT,20110802,390,401.4,390,391.1,2811
VALECHAENG,20110802,83.65,84.7,78.6,79.45,30910
VALUEIND,20110802,18.75,19.25,18.75,18.95,10358
VARDHACRLC,20110802,10.25,10.25,10,10.05,47799
VARDMNPOLY,20110802,108,108.5,104,105.45,61370
VARUN,20110802,248.1,253.7,243,249.85,81173
VARUNSHIP,20110802,23.4,23.4,22.75,22.85,55696
VASCONEQ,20110802,66.15,66.55,64.2,65.1,10523
VENKEYS,20110802,595.45,596.55,578.45,581.65,17397
VENUSREM,20110802,255,262,245.45,247.2,17864
VESUVIUS,20110802,392.1,392.1,386.1,389.4,1004
VGUARD,20110802,229.6,233.7,228,232.65,94731
VICEROY,20110802,35.7,36.4,33.8,34.25,190629
VIDEOIND,20110802,187,187.9,183.35,185.9,65264
VIJAYABANK,20110802,64.4,64.4,61.25,61.6,1511177
VIJSHAN,20110802,17.65,17.85,17.05,17.45,3997
VIKASHMET,20110802,12.05,12.05,11.95,12,82417
VINATIORGA,20110802,72.3,72.3,70.75,71.05,2298
VINDHYATEL,20110802,167.15,176.65,164,164.85,1345
VINYLINDIA,20110802,11.05,11.6,10.8,11.6,1151
VIPIND,20110802,824.95,832,750,800.9,810437
VIPUL,20110802,11.25,12.15,11.15,11.25,16635
VISAKAIND,20110802,98.25,98.5,95.45,97,3853
VISASTEEL,20110802,58.2,59.55,58.1,58.2,20749
VISESHINFO,20110802,8,8.15,7.95,7.95,6002
VISHALRET,20110802,29.95,30.15,29.55,29.7,29847
VISUINTL,20110802,2.7,2.75,2.65,2.65,2332
VIVIMEDLAB,20110802,305.35,305.35,290.15,293.8,15416
VLSFINANCE,20110802,14.2,14.2,12.8,13.05,46606
VOLTAMP,20110802,505,505,497.35,501.35,10116
VOLTAS,20110802,135,136.95,132.55,134.05,2111053
VSTIND,20110802,1225.5,1250.05,1150.1,1198.4,21262
VSTTILLERS,20110802,510.2,572.95,510.2,547.95,745
VTL,20110802,211.05,213.85,207.1,208.2,5405
VTXIND,20110802,16.8,17,16.8,17,1876
WABAG,20110802,1292,1294.85,1266,1272.4,596
WABCO-TVS,20110802,1283.85,1299,1280,1291.6,605
WALCHANNAG,20110802,114,114,111,111.55,22817
WANBURY,20110802,28.5,30.9,27.55,28.35,19920
WEBELSOLAR,20110802,62,63,59.05,60.5,10307
WEIZFOREX,20110802,80,85,80,84,2365
WEIZMANIND,20110802,11.95,12.05,11.75,11.75,888
WELCORP,20110802,151.45,155,147.3,149.45,293478
WELINV,20110802,63,64,59.05,60.1,228
WELPROJ,20110802,60.35,62.85,58.25,58.7,18776
WELSPUNIND,20110802,40,40.5,39.15,39.3,38730
WENDT,20110802,1939.85,1939.85,1860,1890.6,1315
WHEELS,20110802,270,275,270,274.95,76
WHIRLPOOL,20110802,222.4,222.4,202.25,217.1,488912
WINSOMYARN,20110802,3.5,3.5,3.2,3.4,39286
WIPRO,20110802,391.05,391.9,382.1,383.45,862653
WOCKPHARMA,20110802,466.7,472.5,434.15,458.9,1639163
WSI,20110802,18.95,19.9,18.85,18.85,1564
WSTCSTPAPR,20110802,82.95,84.7,81.55,83.35,25052
WWIL,20110802,8.3,8.35,8.05,8.1,551537
WYETH,20110802,1027,1027,1008,1015.5,1730
XLENERGY,20110802,8.3,8.7,8,8.5,34366
XPROINDIA,20110802,57.2,57.95,55.5,55.95,17009
YESBANK,20110802,318,318,308.1,309.7,1179526
ZANDUREALT,20110802,1982,2079.95,1982,1987.55,2713
ZEEL,20110802,130.1,130.8,127.55,128,994724
ZEELEARN,20110802,20.85,21.15,20.55,20.85,198832
ZEENEWS,20110802,13,13.1,12.8,12.9,396279
ZENITHBIR,20110802,6,6.1,5.85,5.85,304128
ZENITHCOMP,20110802,16.55,17.25,16.55,16.8,5929
ZENITHINFO,20110802,197,199,194.9,195.4,121
ZENSARTECH,20110802,142,144,138.5,140,14445
ZICOM,20110802,39.1,39.4,38.5,39.05,14085
ZODIACLOTH,20110802,384.9,384.9,364.2,379,117
ZODJRDMKJ,20110802,25.35,25.45,24.3,24.3,1200
ZUARIAGRO,20110802,660,679.9,660,668.9,3252
ZYDUSWELL,20110802,600.3,618.85,595.1,605.25,24545
ZYLOG,20110802,411.5,422,407.35,419.4,244197
NSENIFTY,20110802,5493.20,5496.30,5433.65,5456.55,110372244,4236.41
NIFTYJUNIOR,20110802,10876.40,10876.40,10745.80,10796.20,71705507,1784.40
BANKNIFTY,20110802,10902.55,10902.55,10720.30,10743.30,14547952,1098.76
NSEMIDCAP,20110802,8006.50,8006.50,7897.55,7906.00,110986364,1375.11
NSEIT,20110802,6353.35,6353.35,6266.30,6274.95,9958697,493.45
NSE100,20110802,5398.20,5398.20,5339.20,5361.00,182077751,6020.81
NSE500,20110802,4428.05,4428.05,4375.95,4392.95,412040069,8437.14
MIDCAP50,20110802,2394.45,2394.45,2356.25,2359.90,81213130,1054.56
VIX,20110802,18.78,19.51,18.38,19.15,18.78,0.37
