20MICRONS,20111103,67.8,68.55,65.7,66.25,87871
3IINFOTECH,20111103,25.6,25.6,24.95,25.1,365181
3MINDIA,20111103,4349.95,4693,4330,4366,6602
A2ZMES,20111103,165,169.7,163.05,164.9,138709
AANJANEYA,20111103,417.25,427.8,412.1,423.45,52952
AARTIDRUGS,20111103,99.45,99.5,96.6,96.95,3887
AARTIIND,20111103,48.25,48.4,47.25,47.8,3129
AARVEEDEN,20111103,35.35,36.95,35.3,36.35,12951
ABAN,20111103,430.1,439.4,424,432.2,766212
ABB,20111103,675,682.45,665.2,672.85,102083
ABBOTINDIA,20111103,1467,1509,1467,1501.65,3132
ABCIL,20111103,89.65,91.5,88.55,89.4,2569
ABGSHIP,20111103,423.55,427,418.7,423.7,58089
ABIRLANUVO,20111103,934.9,958.8,934.9,947.45,60627
ACC,20111103,1180,1221.1,1176.65,1210.3,418844
ACE,20111103,41.5,41.5,38.7,39.05,321830
ACKRUTI,20111103,187.1,190.95,187.1,188.75,1708
ACROPETAL,20111103,14.1,14.45,13.85,14.1,221886
ADANIENT,20111103,464.75,474,457.4,463,502509
ADANIPOWER,20111103,86.85,87.8,84.6,85.7,751656
ADFFOODS,20111103,56,57.5,55.55,56.4,4438
ADHUNIK,20111103,46.25,46.9,44.5,44.7,96115
ADORWELD,20111103,142.25,142.25,140.5,140.9,1227
ADSL,20111103,34.15,34.15,34.15,34.15,54957
ADVANIHOTR,20111103,34.1,34.1,33.8,33.8,352
ADVANTA,20111103,392.75,397,386.1,389.2,9630
AEGISCHEM,20111103,179.4,180,177.3,177.65,7305
AFL,20111103,40.2,40.95,40.15,40.45,451
AFTEK,20111103,13,13.3,12.65,13.05,92616
AGCNET,20111103,141.15,156.75,141.15,149.55,171
AGRE,20111103,39.1,42.5,39.1,42,521
AGRODUTCH,20111103,6.95,7.2,6.85,7.05,16294
AHLEAST,20111103,301.05,310,301,309.95,275
AHLUCONT,20111103,104,106.2,102.5,105.5,525
AHLWEST,20111103,146.05,152,145.65,145.7,2357
AHMEDFORGE,20111103,104.25,104.75,101.25,101.55,13514
AIAENG,20111103,306.4,310.85,301.6,305.8,90327
AJANTPHARM,20111103,335,340,331,335.1,11809
AJMERA,20111103,116.5,116.5,115,116.2,2190
AKSHOPTFBR,20111103,6.2,6.35,6.2,6.25,10181
AKZOINDIA,20111103,840.45,856,830.2,847.55,4296
ALBK,20111103,160,169.2,160,167.5,4742268
ALCHEM,20111103,258.35,260,258,258.25,115111
ALEMBICLTD,20111103,18.5,18.5,17.9,18.05,17651
ALFALAVAL,20111103,2320.05,2328,2310,2320.65,1414
ALKALI,20111103,39,40,38.2,38.65,6506
ALKYLAMINE,20111103,96,96,95,95,560
ALLCARGO,20111103,148.5,153.5,148.05,152.45,3944
ALLSEC,20111103,13.3,13.5,12.8,13.3,25423
ALMONDZ,20111103,22.85,23.65,21.8,22.5,572
ALOKTEXT,20111103,20.5,20.7,20,20.2,6300445
ALPA,20111103,8,8.2,8,8.2,3519
ALPHAGEO,20111103,82.65,85.75,82.65,83.5,5545
AMAR,20111103,132.4,140,125.5,127,542454
AMARAJABAT,20111103,208,220.3,208,218.2,81633
AMARJOTHI,20111103,53.1,54.1,52.95,52.95,12979
AMBIKCO,20111103,191.5,194.9,185.05,188.8,2099
AMBUJACEM,20111103,155.9,158.2,154.55,157.05,2796668
AMDIND,20111103,18.45,19,17.25,17.55,50487
AMRUTANJAN,20111103,780,787.5,766,772.8,50467
AMTEKAUTO,20111103,127.45,127.5,124.6,126.5,188659
AMTEKINDIA,20111103,142,147,141,143.95,32643
ANANTRAJ,20111103,55.8,57.9,55.2,56.8,363128
ANDHRABANK,20111103,118,120.25,117.95,118.8,609477
ANDHRSUGAR,20111103,119.6,123.45,119.6,121.95,19177
ANGIND,20111103,20.7,20.7,19.35,20.35,60
ANIKINDS,20111103,36.5,37,34.8,34.8,56
ANSALAPI,20111103,36.25,36.8,35.55,36,48512
ANSALHSG,20111103,38.3,39.75,38.15,39.65,2738
APARINDS,20111103,149,150.85,146,146.6,1096
APCOTEXIND,20111103,162,164.85,158.55,158.55,1681
APIL,20111103,523,532,521.2,528,54377
APLAB,20111103,31.8,31.8,30,30,251
APLLTD,20111103,41.25,44.65,41.25,44.15,82847
APOLLOHOSP,20111103,526.05,536,526,533,37871
APOLLOTYRE,20111103,55.35,56,54.7,55.4,889128
APPAPER,20111103,177,182.55,172.25,182.55,224121
APTECHT,20111103,125.5,130.3,125.25,126,1452918
AQUA,20111103,14,14.25,13.5,13.55,28666
ARCHIES,20111103,37,37.1,36.65,36.9,23976
AREVAT&D,20111103,211.95,212.4,208.6,210.1,31684
ARIES,20111103,94.5,96,93,95.7,4376
ARL,20111103,2.2,2.25,2.15,2.2,52016
AROGRANITE,20111103,38,38,37.6,37.6,250
ARROWTEX,20111103,9,9.45,9,9.45,21
ARSHIYA,20111103,164.9,167.95,162.1,164.1,49105
ARSSINFRA,20111103,313,328,313,323.45,81840
ARVIND,20111103,106.5,107.8,105.55,106.7,1390596
ASAHIINDIA,20111103,62.05,63,62.05,62.8,8176
ASAHISONG,20111103,101.25,103,97,100.25,7233
ASAL,20111103,51,51,50.95,51,123
ASHAPURMIN,20111103,16.05,17,16.05,16.85,12026
ASHCONIUL,20111103,2.05,2.1,2.05,2.05,5718
ASHIANA,20111103,154.5,168.4,152,163,7696
ASHOKA,20111103,239,245,238,244.55,1639
ASHOKLEY,20111103,27,27.5,26.6,27.15,5804201
ASIANHOTNR,20111103,176.55,182.25,176,181.2,1621
ASIANPAINT,20111103,3149,3179.7,3121,3159.55,33377
ASIANTILES,20111103,42,42.05,41,42.05,517
ASSAMCO,20111103,10.9,11.25,10.75,10.85,104697
ASTEC,20111103,35,35.9,33.55,33.7,3451
ASTERSILI,20111103,13.8,13.8,13.15,13.3,23639
ASTRAL,20111103,190,190.7,185,187.85,15337
ASTRAMICRO,20111103,37.05,39.05,36.8,38.8,236544
ASTRAZEN,20111103,1238.3,1243,1197.05,1229,98
ATFL,20111103,413.9,417.95,407.2,412.65,5327
ATLANTA,20111103,63.1,71.6,63.1,69.15,660121
ATLASCYCLE,20111103,343,347.25,338,340,22303
ATNINTER,20111103,0.95,1,0.9,0.9,4900
ATUL,20111103,192,194,188,189.3,17600
AURIONPRO,20111103,130,137,128,133.8,249
AUROPHARMA,20111103,129.15,130.2,126,127.4,309369
AUTOAXLES,20111103,378.9,382,374,375.45,397
AUTOIND,20111103,103.25,103.65,102.2,102.8,11985
AUTOLITIND,20111103,14.95,14.95,14.75,14.9,105
AVENTIS,20111103,2357.35,2357.35,2305.3,2317.8,960
AVTNPL,20111103,405,428,405,414.3,2071
AXIS-IT&T,20111103,96,98.4,94.5,95.1,9031
AXISBANK,20111103,1119.9,1130,1102.3,1115.85,1720967
AXISGOLD,20111103,2704,2721.4,2690.6,2713.6,851
BAGFILMS,20111103,5.55,5.65,5.35,5.5,169479
BAJAJ-AUTO,20111103,1728.25,1735,1703,1727.9,203849
BAJAJCORP,20111103,99.5,100.05,99.5,99.5,19377
BAJAJELEC,20111103,200,203,194.7,196.5,58213
BAJAJFINSV,20111103,548.5,555.05,539,541.45,66105
BAJAJHIND,20111103,36.5,36.5,35,35.15,9402454
BAJAJHLDNG,20111103,747,748.95,738.35,742.5,16243
BAJFINANCE,20111103,689,711,689,704.1,15794
BALAJITELE,20111103,31.4,31.8,31.05,31.3,20475
BALAMINES,20111103,37.8,37.8,36.15,36.55,2517
BALKRISIND,20111103,183.7,184.65,182,183.7,4688
BALLARPUR,20111103,27.3,27.55,26.35,26.45,241656
BALMLAWRIE,20111103,590,594.95,585.55,589.95,2600
BALPHARMA,20111103,21.75,22,21.25,21.45,1086
BALRAMCHIN,20111103,53.15,53.45,51.85,52.9,1026480
BANARISUG,20111103,580,590.8,580,590.8,20
BANCOINDIA,20111103,73.9,73.9,70.55,71.45,1298
BANG,20111103,21.8,21.8,20.8,21.6,566
BANKBARODA,20111103,775,828.65,775,821.95,718802
BANKBEES,20111103,985,996,981,983.44,915
BANKINDIA,20111103,334.05,336.75,330.7,334.35,569381
BANSWRAS,20111103,89,90.4,88.5,89.3,5350
BARTRONICS,20111103,52.15,52.8,51.5,51.9,41779
BASF,20111103,609,609,593,601,4990
BASML,20111103,62,66.7,62,65.25,490
BATAINDIA,20111103,718.95,725.9,712.65,723.25,176731
BATLIBOI,20111103,16.05,17,16.05,16.6,506
BAYERCROP,20111103,836.4,851.9,825.4,834.55,3798
BBL,20111103,700.1,709.95,694,696.1,2691
BBTC,20111103,464.95,464.95,450.5,454.15,2090
BEDMUTHA,20111103,105.35,105.8,103,104.1,14366
BEL,20111103,1557,1568,1540.05,1551.15,47209
BEML,20111103,517.1,536.65,516.65,531.8,79731
BEPL,20111103,23.4,24.9,23.4,23.95,660
BERGEPAINT,20111103,107,108.7,105.25,107,413766
BFINVEST,20111103,51,51.8,50.5,51.4,957
BFUTILITIE,20111103,485,498.65,483,489.35,300275
BGLOBAL,20111103,11.65,11.7,11.2,11.55,38080
BGRENERGY,20111103,322.35,341.95,322.35,336.65,830888
BHAGWATIHO,20111103,74.6,78,74.6,76.05,649
BHAGYNAGAR,20111103,18.15,18.45,17.85,17.85,42832
BHARATFORG,20111103,292.6,294.95,288.2,291.1,160542
BHARATGEAR,20111103,51.8,52.9,51.6,51.65,1225
BHARATRAS,20111103,111,118,102.95,111,1287
BHARTIARTL,20111103,383.45,394.8,383.05,393.4,3287671
BHARTISHIP,20111103,96.8,98.85,96.2,97.6,81806
BHEL,20111103,317.9,332,317.15,329.2,5992936
BHUSANSTL,20111103,330.3,334.85,328.1,330.3,216064
BIL,20111103,55.5,57.7,54.15,55.2,470
BILPOWER,20111103,79,80.95,77.95,79.35,1778
BIMETAL,20111103,268.95,268.95,258,264.75,51
BINANIIND,20111103,133,133.7,131.25,132.05,6510
BINDALAGRO,20111103,60.05,60.65,60,60.1,51391
BIOCON,20111103,348.6,350,343.6,348.3,105750
BIRLACORPN,20111103,323.95,324,317.4,320.5,1312
BIRLACOT,20111103,0.4,0.4,0.35,0.4,365438
BIRLAERIC,20111103,14.2,14.2,13.05,13.2,4798
BIRLAPOWER,20111103,0.7,0.7,0.65,0.65,555933
BLBLIMITED,20111103,3.8,4.3,3.75,4.1,17626
BLISSGVS,20111103,22.7,23.7,22.7,23.3,8533
BLKASHYAP,20111103,11.5,11.5,10.75,10.9,118779
BLUECHIP,20111103,0.9,0.9,0.85,0.85,1317
BLUEDART,20111103,1577.2,1594.95,1575,1588,670
BLUESTARCO,20111103,205.95,205.95,198,203.3,13353
BLUESTINFO,20111103,70.5,71.8,69.15,71.5,405
BOC,20111103,311.8,313.95,307.8,309.55,6174
BODALCHEM,20111103,20.05,20.5,19.95,20.5,3145
BOMDYEING,20111103,418.9,418.9,408.5,415.25,296162
BOSCHLTD,20111103,6920,7025,6861,6963.5,12057
BPCL,20111103,636.4,636.4,625,630.5,236305
BPL,20111103,19.5,19.9,19.5,19.8,5828
BRANDHOUSE,20111103,15,15.3,14.6,14.7,8331
BRFL,20111103,292.5,292.5,290,291.85,76660
BRIGADE,20111103,63.3,64.6,63.25,64,7903
BRITANNIA,20111103,474,477.7,465,471.25,7248
BROADCAST,20111103,7.6,7.6,7.15,7.25,637
BROOKS,20111103,21.95,22,21.1,21.65,38193
BSELINFRA,20111103,3.6,3.7,3.5,3.65,21501
BSL,20111103,22.55,23,21.7,23,121
BSLGOLDETF,20111103,2776.4,2784.35,2733,2743.3,280
BSLNIFTY,20111103,52.4,53,52.4,53,120
BSTRANSCOM,20111103,99.35,104,99.35,102.05,15912
BVCL,20111103,14.15,14.4,14.15,14.4,895
CADILAHC,20111103,758.8,764.8,751.3,758.1,42248
CAIRN,20111103,302,303,296.5,300.45,1072761
CALSOFT,20111103,24.75,24.75,20.55,24,2684
CAMBRIDGE,20111103,22.25,23,22.25,22.55,575
CAMLIN,20111103,46.05,47.9,45.55,47.5,117471
CANBK,20111103,480,490,475.3,487.65,1102651
CANDC,20111103,110,112.5,109.05,110.65,15983
CANFINHOME,20111103,104.75,104.9,103.65,104.45,14192
CANTABIL,20111103,24,24.4,23.55,24.2,18700
CARBORUNIV,20111103,157.1,158.5,154.15,154.8,7844
CAROLINFO,20111103,150.1,150.1,150.05,150.05,775
CASTROL,20111103,482,482,469.8,475.6,50885
CCCL,20111103,19.85,20.9,19.6,20,11095
CCL,20111103,168.45,169.4,164,164.95,9747
CEATLTD,20111103,73,73.7,72.55,72.9,17374
CEBBCO,20111103,45.6,48,45.6,46.3,112688
CELEBRITY,20111103,5.45,5.8,5.45,5.6,10584
CELESTIAL,20111103,23.8,27.9,23.45,24.5,247158
CENTENKA,20111103,145.65,145.65,143,144.15,5425
CENTEXT,20111103,2.7,2.75,2.65,2.65,6201
CENTRALBK,20111103,101.9,103.5,101,102.5,459898
CENTUM,20111103,61,63.9,61,62.55,245
CENTURYPLY,20111103,57.25,59.1,57.25,59,10089
CENTURYTEX,20111103,322,332.9,322,330.8,727504
CERA,20111103,198,202,197,200.45,2700
CESC,20111103,272,277.5,271.1,275.45,71261
CHAMBLFERT,20111103,93.75,95.4,91.65,93.05,2169629
CHEMFALKAL,20111103,44.25,44.25,44.2,44.2,100
CHEMPLAST,20111103,5.5,5.65,5.5,5.5,16906
CHENNPETRO,20111103,196,198,192.8,194.95,43735
CHESLINTEX,20111103,10.5,11,10.05,10.45,2676
CHETTINAD,20111103,489,489,470,477,7
CHOLAFIN,20111103,156.5,157,151.6,153.95,9789
CILNOVA,20111103,17.05,17.6,15.45,17,3995
CINEMAX,20111103,33.55,37.5,33.55,36.75,117671
CINEVISTA,20111103,3.2,3.45,3.2,3.25,2077
CIPLA,20111103,290.15,292.35,287.6,291.05,927129
CLASSIC,20111103,9.85,9.85,9.7,9.8,2624
CLNINDIA,20111103,652.1,667,647.8,661.55,6597
CLUTCHAUTO,20111103,35,35.45,34.75,35.05,6475
CMAHENDRA,20111103,171.15,171.5,167.5,169.15,1831
CMC,20111103,820,852.05,820,846.05,14413
COALINDIA,20111103,326.7,329,324.05,325.65,4108210
COLPAL,20111103,1060.1,1072,1045.7,1049.9,86102
COMPUAGE,20111103,90,91.45,72.2,87.4,44699
CONCOR,20111103,969,987,961.05,974.95,8180
CONSOFINVT,20111103,58.5,59,57.75,58.75,2866
CORAL-HUB,20111103,5.25,5.25,4.5,4.7,3744
CORDSCABLE,20111103,30,31.7,29.7,31.1,2731
COREEDUTEC,20111103,284,284,279.05,279.65,65494
COROMANDEL,20111103,332.5,335.75,317.9,333.05,40914
CORPBANK,20111103,429,431.2,428.55,429.95,91595
COSMOFILMS,20111103,88.45,88.45,87.3,87.3,5965
COX&KINGS,20111103,221.35,223.85,220,221.4,112264
CPIL,20111103,274.5,308,272.25,287.9,247450
CREATIVEYE,20111103,5.4,5.4,5.35,5.4,4
CRESTANI,20111103,38,38,36,36.4,9885
CREWBOS,20111103,38.9,39.1,38.9,39.1,23887
CRISIL,20111103,969,976.9,926.25,936.35,183643
CROMPGREAV,20111103,140.1,142.7,138.25,142.1,1222294
CRONIMET,20111103,30.25,34.25,30.25,31.75,75714
CTE,20111103,11,11.3,10.95,11.25,11755
CUB,20111103,45.8,46.1,45.1,45.7,267801
CUMMINSIND,20111103,383.1,384.25,367,374.7,309916
CURATECH,20111103,98,98,98,98,12
CYBERMEDIA,20111103,15.2,15.2,14.15,14.8,500
CYBERTECH,20111103,10.85,11,10.75,10.95,2730
DAAWAT,20111103,50,52.8,49,52,168838
DABUR,20111103,100,100.6,99.3,100,673098
DALMIABEL,20111103,107.75,107.75,105.25,106.95,834
DALMIASUG,20111103,17.5,17.5,17,17.4,7283
DATAMATICS,20111103,27.4,28,27.4,27.55,2696
DBCORP,20111103,220.45,220.9,217.25,219,2992
DBREALTY,20111103,74.3,79.55,70,71.9,4171581
DCB,20111103,44.5,44.9,43.75,44.45,1994894
DCHL,20111103,50.1,50.75,49.3,49.85,151715
DCM,20111103,54.5,55.5,54.5,54.7,5128
DCMSRMCONS,20111103,46,46.8,45.8,46,2903
DCW,20111103,9.95,10.1,9.9,10.05,85353
DECCANCE,20111103,149.75,149.75,149.75,149.75,50
DECOLIGHT,20111103,3.7,3.7,3.4,3.5,6704
DEEPAKFERT,20111103,166.05,168.5,164.2,165.15,26328
DEEPIND,20111103,76,76.5,74.65,76.2,2153
DELTACORP,20111103,96.05,98.2,95.7,97.2,2672558
DEN,20111103,77,79.9,74.55,75.3,61026
DENABANK,20111103,81.4,82.4,80.4,80.7,2222361
DENORA,20111103,96,100.9,93,95.05,17119
DENSO,20111103,53.8,56.8,53.8,54.8,1061
DEWANHOUS,20111103,217.1,219.65,213,217.35,41813
DHAMPURSUG,20111103,40,40,39.25,39.45,56337
DHANBANK,20111103,64.8,72.2,64.25,69.85,2486543
DHANUKA,20111103,100.15,102.25,100.1,101.45,18037
DHARSUGAR,20111103,34.65,35.3,34.1,35.1,3453
DIAPOWER,20111103,107,111.25,106.95,108.35,7755
DICIND,20111103,222.5,223.95,221.2,222.55,335
DIGJAM,20111103,9,9.45,9,9.35,9575
DISHMAN,20111103,51.9,51.9,49.8,50.25,67745
DISHTV,20111103,76.55,77.4,75.5,76.15,949518
DIVISLAB,20111103,762.6,773.9,761.25,769.95,162117
DLF,20111103,234,248,233.05,245.65,6343103
DLINKINDIA,20111103,21.1,21.75,21.1,21.4,7348
DOLPHINOFF,20111103,105.55,107.5,105,105.8,4119
DONEAR,20111103,21,22.55,20.3,21.25,1634
DPSCLTD,20111103,1944.8,1944.8,1895,1913.85,48
DPTL,20111103,123,123,117.55,118.45,6508
DQE,20111103,32.55,34,32.3,32.65,17348
DREDGECORP,20111103,229,233.85,228.05,229.9,8811
DRREDDY,20111103,1634.95,1649,1621.05,1640.3,329016
DSKULKARNI,20111103,57.4,58.65,56.55,57.85,11566
DWARKESH,20111103,40.7,41.3,40.5,40.55,6641
DYNAMATECH,20111103,1216.65,1289,1216.6,1281.85,98
EASTSILK,20111103,5.95,5.95,5.75,5.8,3972
ECEIND,20111103,119,141,115.25,126,483387
ECLERX,20111103,750,750,740.75,746.4,1549
EDELWEISS,20111103,26.3,26.9,25.8,25.9,430452
EDL,20111103,76.5,78.55,75.5,77.8,24899
EDSERV,20111103,94.4,95.2,92.5,93.95,122076
EDUCOMP,20111103,270,275.4,262,264.9,1306394
EICHERMOT,20111103,1685.05,1740,1684.05,1721.3,7866
EIDPARRY,20111103,220,228,219.25,225.75,33924
EIHAHOTELS,20111103,158.05,158.05,153.5,155.15,3096
EIHOTEL,20111103,93,94.65,92.25,92.8,47958
EIMCOELECO,20111103,182.3,182.3,179.05,179.5,51
EKC,20111103,59.4,60.1,58.9,59.55,202677
ELDERPHARM,20111103,400,406,396,402.85,54787
ELECON,20111103,69.95,70.45,68.6,69.55,32386
ELECTCAST,20111103,25.6,26.5,25.6,25.85,72794
ELFORGE,20111103,10.5,10.5,9.55,9.6,5663
ELGIEQUIP,20111103,67,67.55,66,66.85,56265
ELGIRUBCO,20111103,21.1,23.4,21.1,22.3,21427
ELNET,20111103,31.9,31.9,31.9,31.9,4
EMAMIINFRA,20111103,32.9,32.9,31.2,31.95,7601
EMAMILTD,20111103,418.5,423.45,410.35,421.05,30928
EMCO,20111103,47.9,48,46.15,46.9,13340
EMKAY,20111103,46.6,47,46.55,47,1092
EMMBI,20111103,16.4,16.4,15.3,15.5,19272
EMPEESUG,20111103,17.25,17.45,17,17.05,5585
ENERGYDEV,20111103,39.1,41,39.1,40.6,2555
ENGINERSIN,20111103,244,244,240.55,240.95,200587
ENIL,20111103,254,256.85,249.05,249.65,18640
EONELECT,20111103,48,49.85,47.75,49.4,7665
ERAINFRA,20111103,152.9,155.8,150.4,152,280903
EROSMEDIA,20111103,248.6,253.95,247,249.55,178789
ESABINDIA,20111103,510.2,513,505.05,509.45,2093
ESCORTS,20111103,89.9,91,87.7,89.05,1573845
ESL,20111103,5.95,5.95,5.85,5.85,592695
ESSAROIL,20111103,85.2,85.75,83.35,84.55,803716
ESSARPORTS,20111103,90.1,92.6,88.35,88.95,439117
ESSDEE,20111103,185.3,186.55,179.05,181.7,8276
ESSELPACK,20111103,36.65,37.3,36.65,37.05,9961
ESTER,20111103,38,38,35.75,35.75,44784
EUROMULTI,20111103,6.6,6.65,6.3,6.6,1634
EUROTEXIND,20111103,19,19,18.35,18.6,860
EVEREADY,20111103,34.95,35,34.5,34.65,18100
EVERESTIND,20111103,153.8,153.8,150.1,152.2,6581
EVERONN,20111103,378,382,377.25,378.1,34883
EXCELCROP,20111103,144.6,146.9,144.6,145.3,2510
EXCELINDUS,20111103,67,67,66,66.4,1148
EXCELINFO,20111103,12.4,12.95,12.15,12.3,32401
EXIDEIND,20111103,121,124.9,120.25,124.15,1599924
FACT,20111103,34.8,34.8,34,34.15,8769
FAGBEARING,20111103,1293,1325,1290,1306.65,1839
FAME,20111103,49.8,52.5,48.3,51.2,4175
FARMAXIND,20111103,3,3.15,2.85,2.9,430016
FCH,20111103,139.3,148,139.3,147.25,208061
FCSSOFT,20111103,0.55,0.65,0.55,0.55,666313
FDC,20111103,93.5,93.5,91.45,91.5,40911
FEDDERLOYD,20111103,62.15,62.7,61.55,62.2,1181
FEDERALBNK,20111103,410.55,415.9,410.5,414.05,138849
FIEMIND,20111103,180,184,173,174.45,16612
FILATEX,20111103,47.8,47.8,42.6,44.9,53429
FINANTECH,20111103,725.25,739.4,716,725.8,87312
FINCABLES,20111103,37.5,37.5,36.35,36.45,52916
FINPIPE,20111103,63.15,64.25,62.5,63.25,14435
FIRSTLEASE,20111103,70,70.35,69.1,69.4,4363
FIRSTWIN,20111103,15.25,16.8,15.25,15.55,1645
FKONCO,20111103,113.45,113.7,112.35,113.65,1409
FLEXITUFF,20111103,220.3,229.9,219.6,227.6,536488
FMGOETZE,20111103,228.45,228.45,225.05,225.25,449
FORTIS,20111103,130,132.6,128.75,130.25,671645
FOSECOIND,20111103,589,594.95,581.05,587.5,157
FSL,20111103,10.75,10.85,10.5,10.65,626448
FUTUREVENT,20111103,8.65,8.8,8.6,8.6,377873
GABRIEL,20111103,46.8,47,45.6,46.35,16249
GAEL,20111103,23.65,23.65,22.75,22.9,30041
GAIL,20111103,423,429.3,419.7,427.75,452349
GAL,20111103,22.25,23.6,21.35,21.35,88378
GALLANTT,20111103,34.9,35.3,34.2,35.3,454555
GAMMNINFRA,20111103,13.55,13.9,13.5,13.6,38136
GAMMONIND,20111103,64.2,65.6,63.75,64.55,17529
GANDHITUBE,20111103,124.5,126.55,124.5,126.55,289
GANESHHOUC,20111103,117.1,119.7,117.1,117.5,1349
GANGOTRI,20111103,4.4,4.4,4,4.15,1055
GARDENSILK,20111103,70.5,71.8,69.45,70.95,27800
GARWALLROP,20111103,59,59,51.55,52.2,28228
GATI,20111103,54.75,55.1,54.5,54.9,84576
GAYAPROJ,20111103,152,157.8,143.35,145.4,23454
GDL,20111103,146.1,149.9,146.1,146.65,24959
GEECEE,20111103,30.75,30.75,30.75,30.75,381
GEINDSYS,20111103,151.95,157.9,148.15,151.65,22986
GEMINI,20111103,22.05,22.35,21.3,21.65,12715
GENESYS,20111103,196.95,197,190.55,191.7,462
GENUSPOWER,20111103,14.35,14.35,13.8,13.9,31712
GEODESIC,20111103,59.3,60.75,59.05,59.65,95900
GEOJITBNPP,20111103,18.05,18.4,18.05,18.15,39369
GEOMETRIC,20111103,44.9,45.25,43.9,44.1,17081
GESHIP,20111103,234.9,234.9,226.7,227.6,39841
GHCL,20111103,36.4,36.4,35.6,35.65,20557
GICHSGFIN,20111103,89.95,91.4,88.35,88.95,97628
GILLANDERS,20111103,85.55,87,85.55,87,2190
GILLETTE,20111103,2203.05,2215,2185,2209.75,478
GINNIFILA,20111103,7.6,8.4,7.4,7.7,17077
GIPCL,20111103,80.1,80.65,79.25,79.85,9200
GISOLUTION,20111103,13.05,13.05,13.05,13.05,200
GITANJALI,20111103,354.2,354.8,347.55,352.05,1089876
GKB,20111103,38,38,37,37,2
GKWLIMITED,20111103,450,450,450,450,5
GLAXO,20111103,2070.35,2122.45,2070.35,2085.95,48226
GLENMARK,20111103,309.8,311,305.05,307.25,97941
GLFL,20111103,3.25,3.25,2.85,3.1,3828
GLOBALVECT,20111103,19.45,19.75,18.55,19.35,302
GLOBOFFS,20111103,79.9,79.9,78,78.1,2332
GLOBUSSPR,20111103,123.85,134,117.5,125.7,265667
GLODYNE,20111103,337,340.7,334,334.95,63742
GLORY,20111103,3.25,3.35,3.2,3.3,30039
GMBREW,20111103,79.8,80.4,77,77.75,3239
GMDCLTD,20111103,187.95,191.25,187.05,189,932268
GMRINFRA,20111103,26.4,26.5,25.8,26.1,2150897
GNFC,20111103,90,92.95,90,92,108991
GOACARBON,20111103,78.1,79.4,77.9,78.9,3226
GODFRYPHLP,20111103,3430,3480,3420.1,3449.85,254
GODREJCP,20111103,416,424.75,413.05,423.45,37274
GODREJIND,20111103,202.85,203.45,199,200.8,184614
GODREJPROP,20111103,661.1,678,661.1,671,4379
GOENKA,20111103,37.8,39,36.65,36.75,4607
GOKEX,20111103,102.75,102.75,90.05,93.5,1177
GOKUL,20111103,93.05,94.8,92.3,94,25096
GOLDBEES,20111103,2652.05,2667,2651.1,2664.9,80809
GOLDENTOBC,20111103,56,57.5,54.6,57,919
GOLDIAM,20111103,31.4,33.4,31.3,32.4,671
GOLDINFRA,20111103,12.05,13.45,12.05,12.7,5017
GOLDSHARE,20111103,2642.8,2670,2637.25,2651.5,5199
GOLDTECH,20111103,7,7.35,6.95,7.15,1232
GPIL,20111103,116.15,119.8,116.15,118.25,21841
GPPL,20111103,70,70.9,68.9,70,141155
GRANULES,20111103,66.7,67,64.65,65,2345
GRAPHITE,20111103,73.3,73.3,71.8,72,26133
GRASIM,20111103,2469.95,2514.6,2434,2504.45,31928
GRAVITA,20111103,550.9,564.8,546.1,551.85,748330
GREAVESCOT,20111103,87,87.7,85.2,85.6,32133
GREENPLY,20111103,214,214,210.5,213.25,1444
GREENPOWER,20111103,14.45,14.45,13.7,13.8,290701
GRINDWELL,20111103,260,260,254.05,258,12980
GRUH,20111103,540.2,563,538.8,549.4,24328
GSFC,20111103,482.25,490,478,488.55,63775
GSKCONS,20111103,2355,2393,2322.25,2380.15,44614
GSLNOVA,20111103,2.55,2.65,2.5,2.55,868
GSPL,20111103,101.6,102.5,99.35,102.1,579957
GSS,20111103,126.45,127.8,120.25,122.6,10363
GTL,20111103,51.85,51.85,50.2,50.6,611335
GTLINFRA,20111103,10.5,10.5,10.3,10.4,335869
GTNIND,20111103,12.95,13,12.9,12.9,2700
GTOFFSHORE,20111103,126.95,130.85,125.15,126.45,35398
GUFICBIO,20111103,6.55,6.75,6.45,6.55,4924
GUJALKALI,20111103,144.65,146,143.1,143.95,16013
GUJAPOLLO,20111103,134.65,134.65,132.2,134.2,966
GUJFLUORO,20111103,532.05,533.9,526.1,530.95,15808
GUJNRECOKE,20111103,24.4,24.65,23.95,24,614467
GUJNREDVR,20111103,17.25,17.6,17.15,17.3,39439
GUJRATGAS,20111103,448.7,458.85,433.2,438.6,174697
GUJSIDHCEM,20111103,9.15,9.25,9,9.1,48644
GULFOILCOR,20111103,75.25,76.5,73.6,76.2,24925
GVKPIL,20111103,13.35,13.65,13.15,13.4,9440347
HALONIX,20111103,66,66.6,63.55,64.6,2041
HANUNG,20111103,111.3,115.25,111.05,113.25,125134
HARRMALAYA,20111103,82.65,83.75,81,81.45,8364
HATHWAY,20111103,116.65,118.05,112.5,114.2,78699
HAVELLS,20111103,382.95,388,378.65,386.35,284948
HBLPOWER,20111103,19,19.05,19,19,19349
HBSTOCK,20111103,12.5,12.5,12.5,12.5,100
HCC,20111103,26.7,27.35,26.5,27.2,1629557
HCIL,20111103,56.45,56.45,53.5,54.3,15456
HCL-INSYS,20111103,65.05,66.15,65.05,65.35,129177
HCLTECH,20111103,440.5,445.25,433,438.1,970576
HDFC,20111103,678,687,674.3,683.45,1454860
HDFCBANK,20111103,481,484.85,472.1,481.85,2626409
HDFCMFGETF,20111103,2700,2723.95,2687,2720.6,6712
HDIL,20111103,97,99.1,95.3,98.25,5517447
HEG,20111103,229,229,212,214.15,64211
HEIDELBERG,20111103,34.15,34.55,33.8,34,30407
HELIOSMATH,20111103,24.4,24.4,24.1,24.15,2939
HERCULES,20111103,260,264.95,258.25,261.65,46519
HERITGFOOD,20111103,176,179,176,179,365
HEROMOTOCO,20111103,2081.2,2089,2035.65,2071.3,1043359
HEXAWARE,20111103,88,88,85.1,86.2,687570
HFCL,20111103,14.2,14.35,13.8,13.9,878111
HGSL,20111103,330,350,315.05,335.9,5297
HIKAL,20111103,298.95,298.95,285.65,287.7,461
HILTON,20111103,13.65,13.65,13.65,13.65,400
HIMATSEIDE,20111103,33.5,34.25,33.25,34.1,122068
HINDALCO,20111103,135.1,137,133.2,135.75,7735734
HINDCOMPOS,20111103,481.3,481.3,480,480,848
HINDCOPPER,20111103,221,222.85,218.7,219.75,21256
HINDDORROL,20111103,37.4,38.35,36.55,36.95,58790
HINDMOTORS,20111103,14.3,14.3,13.4,13.5,468063
HINDNATGLS,20111103,174,178.95,168.2,175.95,34
HINDOILEXP,20111103,117.3,121,115.05,117.95,744999
HINDPETRO,20111103,341.5,342.75,334.6,340.45,843102
HINDUJAFO,20111103,70.45,71.95,70.3,71,5676
HINDUJAVEN,20111103,324.95,332.9,324.95,330.35,211
HINDUNILVR,20111103,387.55,387.55,379.9,382.25,7187338
HINDZINC,20111103,122.4,123.2,118,122.7,226616
HIRAFERRO,20111103,36.6,37.8,36.5,36.55,702
HIRECT,20111103,45.35,45.5,44.45,45.1,2606
HITACHIHOM,20111103,159.9,162.7,156.05,159.75,25107
HITECHGEAR,20111103,127.4,131,127.4,130.1,16817
HITECHPLAS,20111103,77.35,77.35,77.15,77.2,60
HMT,20111103,43.5,44.4,42.55,42.9,83195
HMVL,20111103,134.5,137,128.6,133.45,15036
HNGSNGBEES,20111103,1227.5,1280,1227.5,1260,120
HOCL,20111103,23.35,23.95,23.3,23.5,35009
HONAUT,20111103,2228.75,2266.75,2210.9,2227.3,668
HONDAPOWER,20111103,347.75,364.85,347.7,356.45,1576
HOPFL,20111103,53.5,53.5,52.6,52.75,848
HORIZONINF,20111103,281,285,279.9,282.4,471
HOTELEELA,20111103,39,39.1,38.2,38.9,81312
HOTELRUGBY,20111103,6.6,6.6,6.05,6.3,87532
HOVS,20111103,56.7,56.7,54.5,55.5,6654
HSIL,20111103,170.5,175.6,170,174,71730
HTMEDIA,20111103,140.7,145.5,140,142,14522
HYDRBADIND,20111103,346.95,350.05,342,345.85,10497
HYDROS&S,20111103,22,22,19.1,19.35,23
IBPOW,20111103,11.15,11.3,11,11.05,374976
IBREALEST,20111103,72.5,75.75,72.1,74.8,3016468
IBSEC,20111103,7.2,7.25,7,7.2,320377
IBWSL,20111103,5.9,5.9,5.8,5.9,448957
ICICIBANK,20111103,880,891.6,869.05,878.05,4733160
ICIL,20111103,8.8,10.05,8.8,9.15,62
ICRA,20111103,989.1,990,952.1,976.5,15445
ICSA,20111103,55.7,56,54.85,55.3,37934
IDBI,20111103,114,114.95,111.5,113.55,1437380
IDEA,20111103,93.5,97.4,93.5,96.8,5534110
IDFC,20111103,131.9,132.15,127.3,129.25,5345525
IFBIND,20111103,101,102.4,100.2,101.7,22526
IFCI,20111103,31.95,32.3,31.55,32.05,5758320
IFGLREFRAC,20111103,32.1,33.5,32.1,33.5,7051
IGARASHI,20111103,44.5,44.5,41.05,42.15,1805
IGL,20111103,424.75,427.9,414.15,419.2,245856
IGPL,20111103,22.3,23.4,22.3,23.4,579
IIFLNIFTY,20111103,522.65,526.95,519,525.11,16463
IITL,20111103,154.35,154.35,154.35,154.35,5
IL&FSENGG,20111103,91.5,91.65,89.6,89.65,4527
IL&FSTRANS,20111103,206.95,206.95,201.65,202.5,4831
IMFA,20111103,318,318,306.05,312.9,132
IMPAL,20111103,624.15,641.95,624.15,631,162
IMPEXFERRO,20111103,7.65,7.65,7.65,7.65,100
INDBANK,20111103,8.05,8.05,7.75,7.8,3761
INDHOTEL,20111103,69.5,72.2,69,71.5,1959610
INDIABULLS,20111103,154.85,155.4,151.4,152.25,1139086
INDIACEM,20111103,78.85,80.8,78.8,80.15,1111621
INDIAGLYCO,20111103,138.1,140.75,138.05,138.7,20496
INDIAINFO,20111103,71,71.75,69.2,69.8,389659
INDIANB,20111103,215.45,217,213.8,216.9,150289
INDIANCARD,20111103,91,95.95,85.65,86.95,230
INDIANHUME,20111103,117,120.5,117,118.3,1141
INDLMETER,20111103,69.7,69.7,69.7,69.7,1
INDNIPPON,20111103,162,165,162,162.15,63
INDOCO,20111103,380,385,374.4,381.2,4248
INDORAMA,20111103,34,34,32.75,32.9,9717
INDOSOLAR,20111103,9.45,9.5,9,9.35,131143
INDOTECH,20111103,129.9,132,128.35,129.35,9019
INDOTHAI,20111103,21.15,23,18.55,20.9,6966688
INDOWIND,20111103,8.65,8.65,8.35,8.65,565953
INDRAMEDCO,20111103,35.2,35.85,35.2,35.45,10279
INDSWFTLAB,20111103,92,95.9,91.8,93,94867
INDSWFTLTD,20111103,30.45,31.25,30.05,30.55,21533
INDTERRAIN,20111103,110.1,110.1,108.45,108.45,345
INDUSFILA,20111103,14.45,14.45,13.8,14.05,136
INDUSINDBK,20111103,279.9,280.1,275.55,277.3,221307
INEABS,20111103,635,635,618,619.85,990
INFINITE,20111103,95.5,96.9,94.5,95.15,6650
INFODRIVE,20111103,8.95,9,8.75,8.75,167
INFOMEDIA,20111103,12.95,13.1,12.3,12.5,14457
INFOTECENT,20111103,124,126,120.2,125,9356
INFRABEES,20111103,266.5,268.4,262,268.4,98
INFY,20111103,2834,2842,2767.2,2802.1,1347453
INGERRAND,20111103,490,490,477.35,481.4,3142
INGVYSYABK,20111103,333.05,339.65,331.65,336.05,29689
INNOIND,20111103,93.85,94.5,91.4,93.7,1563
INOXLEISUR,20111103,51.5,54.95,50.85,54.35,456155
INSECTICID,20111103,386.7,388.95,380,384.7,71127
INVENTURE,20111103,159.05,163.9,158.2,162.55,7163
IOB,20111103,100.25,101.5,99.5,100.95,337611
IOC,20111103,296.05,301.15,295.1,300.2,706723
IOLCP,20111103,32.85,32.85,30.7,30.7,1600
IOLN,20111103,8.05,8.2,8.05,8.05,10777
IPCALAB,20111103,269.7,269.7,257,258.35,206344
IPGETF,20111103,2717,2740,2702.5,2735.45,2189
IPRINGLTD,20111103,65.5,65.5,63.8,63.85,30
IRB,20111103,167.45,168.9,165.15,165.85,528608
ISFT,20111103,48.6,50,48.55,48.7,202
ISMTLTD,20111103,35.9,35.9,35,35.1,38314
ITC,20111103,208.35,210.8,208,210.2,4285172
ITDCEM,20111103,152.25,155.95,152.25,153.75,522
ITI,20111103,24.05,24.9,24.05,24.3,405939
IVC,20111103,29,29.35,28.5,28.6,12011
IVP,20111103,50.25,50.25,50,50,563
IVRCLAH,20111103,35.95,36.5,34.1,35.45,49924
IVRCLINFRA,20111103,39,39.25,37.65,38.6,3777543
J&KBANK,20111103,829,834,820.05,826.35,5831
JAGRAN,20111103,107,108.8,105.6,108.1,6823
JAGSNPHARM,20111103,12.55,12.6,12.3,12.3,1761
JAIBALAJI,20111103,88,90,87.45,89,12117
JAICORPLTD,20111103,81.95,83.1,80.8,81.65,181363
JAINSTUDIO,20111103,7.8,8.2,7.8,8.2,1000
JAMNAAUTO,20111103,120.25,120.25,120.25,120.25,150
JAYAGROGN,20111103,84.35,84.8,83,83.4,5572
JAYBARMARU,20111103,51.05,52.15,50.55,51.25,1475
JAYNECOIND,20111103,19,19.3,18.45,18.65,27012
JAYSREETEA,20111103,140.75,140.95,138.45,139.3,4470
JBCHEPHARM,20111103,74.25,77.4,74.25,75.55,41000
JBFIND,20111103,125.95,127,125.2,126.15,22930
JBMA,20111103,61,61,60,60,211
JCTEL,20111103,1.4,1.4,1.35,1.35,23466
JENSONICOL,20111103,4,4,3.85,3.9,3507
JETAIRWAYS,20111103,254.2,260.9,253.05,257.4,797318
JHS,20111103,37.5,37.5,35.5,36.5,66471
JIKIND,20111103,5.75,6,5.75,5.9,902
JINDALPHOT,20111103,166.45,168.95,165.5,166,9663
JINDALPOLY,20111103,228,228.7,222.05,223.9,182365
JINDALSAW,20111103,149.05,151.9,144.05,150.75,153826
JINDALSTEL,20111103,557,566.9,551.5,564.5,803398
JINDALSWHL,20111103,568,578.2,550.25,574.9,39363
JINDCOT,20111103,82,83.45,79.25,80.2,34560
JINDRILL,20111103,318,318,312.3,315.7,973
JINDWORLD,20111103,106.1,106.9,104.55,105.8,3890
JISLJALEQS,20111103,117.5,117.85,115.25,116,1681949
JKCEMENT,20111103,108.5,110.4,108.5,109.95,2717
JKIL,20111103,155,155.4,151.5,151.95,27551
JKLAKSHMI,20111103,44.3,46.7,43.7,46.2,159196
JKPAPER,20111103,38.8,39.8,38.5,39.3,891656
JKTYRE,20111103,73.7,74.9,73.1,74.15,43938
JMCPROJECT,20111103,130.85,130.85,125.6,128,4462
JMFINANCIL,20111103,17.7,19.15,17.7,18.65,411098
JMTAUTOLTD,20111103,60.15,64,60.15,64,70
JOCIL,20111103,136.25,136.25,132,134.2,902
JPASSOCIAT,20111103,76.7,78.65,75.8,78.25,11886611
JPINFRATEC,20111103,55.7,56.9,52.5,53.65,1231192
JPPOWER,20111103,36.3,36.6,36.05,36.25,769085
JSL,20111103,92.05,93.95,92.05,92.75,16870
JSWENERGY,20111103,52,52.15,50.9,51.4,466462
JSWISPAT,20111103,13.2,13.5,13.2,13.35,1254826
JSWSTEEL,20111103,635.85,677,635.3,668.15,1875327
JUBILANT,20111103,205,214.8,200,212.55,141288
JUBLFOOD,20111103,845,861.9,805.1,814.05,2775324
JUBLINDS,20111103,185,195.5,185,193.8,21641
JUMBO,20111103,15,15.55,15,15.35,256
JUNIORBEES,20111103,99.51,101.1,99.15,100.6,20478
JUPITER,20111103,14.5,14.5,14.15,14.35,144835
JVLAGRO,20111103,15.4,15.4,14.8,15,21371
JYOTHYLAB,20111103,132.05,137.5,132.05,134.75,39294
JYOTISTRUC,20111103,62.8,64.7,62.05,62.3,132669
KABRAEXTRU,20111103,40.1,40.1,37.55,38.9,5885
KAJARIACER,20111103,117,118.45,116.2,118.2,12238
KAKATCEM,20111103,69.05,69.6,68,68.1,785
KALECONSUL,20111103,90,90,83.1,84,5448
KALINDEE,20111103,117.2,120.8,117,119.85,191842
KALPATPOWR,20111103,109.7,109.7,107.05,107.65,9332
KAMATHOTEL,20111103,92,100.8,90.4,97.3,14838
KANORICHEM,20111103,32.7,33.9,32.7,33.25,1349
KANSAINER,20111103,835,836.95,835,835.55,475
KARURVYSYA,20111103,392,398.9,388.5,395,65938
KAUSHALYA,20111103,7.4,7.6,7.1,7.3,8704
KAVVERITEL,20111103,141,144,140.5,141.45,36422
KBIL,20111103,668,669,630,630,219
KCP,20111103,26.35,26.5,25.55,26.2,16158
KCPSUGIND,20111103,17.75,20.5,17.75,19.4,165297
KEC,20111103,55,55.25,53.55,53.85,53468
KECL,20111103,30.25,31.65,30.25,30.8,4391
KEI,20111103,16.75,17.25,16.6,16.95,23288
KEMROCK,20111103,513,530,513,516.65,4110
KERNEX,20111103,94.6,99,94.5,98.35,62690
KESARENT,20111103,59,59,54,55.5,5234
KESORAMIND,20111103,123.35,124.4,119.95,121.2,69564
KFA,20111103,23.85,24.05,23.15,23.45,1319654
KGL,20111103,6.05,6.05,5.5,5.5,9701416
KHAITANELE,20111103,90.5,94.75,90.5,91.8,294
KHAITANLTD,20111103,19.7,20.5,19.55,20.15,829
KICL,20111103,496,514,488,510.75,350
KIL,20111103,14.5,14.75,13.9,14,1525
KILITCH,20111103,63,63,63,63,180
KINETICMOT,20111103,18.2,18.2,17.6,18,23764
KIRIINDUS,20111103,122.8,125.7,122.35,123.75,16417
KIRLOSBROS,20111103,125,126.5,124,124.8,4847
KIRLOSENG,20111103,131.5,135.2,131.5,135.05,4338
KIRLOSIND,20111103,272,278,272,277.9,158
KITPLYIND,20111103,3.5,3.8,3.5,3.8,5229
KKCL,20111103,786,795,772,775.7,392
KLGSYSTEL,20111103,33.5,38.65,33.2,37.35,301231
KLRF,20111103,22.55,22.55,22.55,22.55,3
KMSUGAR,20111103,2.55,2.7,2.55,2.7,1426
KNRCON,20111103,105,106,104,106,299
KOHINOOR,20111103,45,46.45,44.3,45.6,52753
KOLTEPATIL,20111103,36.4,37.4,36.4,37.15,17082
KOPDRUGS,20111103,4.3,4.3,4.3,4.3,75
KOPRAN,20111103,20.3,20.3,19.1,19.55,26821
KOTAKBANK,20111103,499.4,506,492.35,504.7,452776
KOTAKGOLD,20111103,2655.7,2680,2655,2674.55,22134
KOTAKNIFTY,20111103,533,533,532,533,111
KOTAKPSUBK,20111103,340.05,344.99,340,344,93
KOTARISUG,20111103,6.2,6.5,6,6.45,50553
KOTHARIPET,20111103,7.2,7.65,7.2,7.6,2940
KOTHARIPRO,20111103,485.75,496,485.75,488.35,357
KOUTONS,20111103,21.35,21.95,21.25,21.6,25252
KPIT,20111103,158.1,160,157.65,158.15,25129
KPRMILL,20111103,106,115,100.6,110.9,20653
KRBL,20111103,24.8,25.15,24.3,24.7,459505
KRISHNAENG,20111103,2.9,3.25,2.75,2.8,6790
KRITIIND,20111103,6,6.25,6,6.25,214
KSBPUMPS,20111103,204.75,204.75,198,201.25,664
KSCL,20111103,466,479.95,466,477.45,7456
KSE,20111103,245.9,245.9,232.9,233.55,77
KSK,20111103,103,103,100.8,101.35,7425
KSL,20111103,48.15,48.7,47.1,48.3,21212
KSOILS,20111103,9.7,9.8,9.5,9.55,2980929
KTIL,20111103,72,77,72,77,50
KTKBANK,20111103,88,89.1,86.95,87.5,298768
KWALITY,20111103,181.7,182.8,176.3,177.35,520056
L&TFH,20111103,52.2,52.4,51.25,52.2,2122740
LAKPRE,20111103,40.9,41.9,40.9,41.4,812
LAKSHMIEFL,20111103,20,20,19.4,19.55,52761
LAKSHMIMIL,20111103,1700.05,1755,1680.05,1745,26
LAKSHVILAS,20111103,100.9,101,99,100.15,35357
LANCOIN,20111103,29.6,30.5,29.1,29.55,5509
LAOPALA,20111103,118.5,130.6,118,121.5,368091
LAXMIMACH,20111103,1945,1945,1900,1905.65,3151
LCCINFOTEC,20111103,0.5,0.5,0.4,0.5,28347
LGBBROSLTD,20111103,322,324,320.7,321.3,2111
LIBERTSHOE,20111103,83.9,83.9,82.8,83,2926
LICHSGFIN,20111103,230,237.5,230,236.2,2837603
LIQUIDBEES,20111103,1000.01,1000.01,999.99,1000,102372
LITL,20111103,15.6,15.85,15.5,15.7,5274045
LLOYDELENG,20111103,50.6,51,50.25,50.4,1335
LLOYDFIN,20111103,0.95,0.95,0.9,0.95,17158
LLOYDSTEEL,20111103,12.75,12.75,12.25,12.55,130896
LML,20111103,10.35,10.5,10,10.05,497306
LOGIXMICRO,20111103,23.4,23.4,21.65,21.85,9105
LOKESHMACH,20111103,41.45,41.45,40,41,1245
LOTUSEYE,20111103,10.4,11.25,10.4,10.5,17434
LOVABLE,20111103,478.3,487,475,480.2,239119
LPDC,20111103,2.4,2.7,2.4,2.65,1108
LT,20111103,1384.1,1389,1361.4,1380.25,1860570
LUMAXAUTO,20111103,37.05,38,36.5,37.15,14181
LUMAXIND,20111103,399.8,400,390,396.95,9100
LUMAXTECH,20111103,184,184,176,177.9,3375
LUPIN,20111103,474.95,476,472.5,474.65,393178
LYKALABS,20111103,14.5,14.5,13.8,13.9,23433
M&M,20111103,838.7,845.65,827.05,839.7,1152650
M&MFIN,20111103,662.15,669.1,655.1,660.45,343070
M100,20111103,7.15,7.19,7.03,7.15,80607
M50,20111103,70.4,78,69,69.96,4024
MAANALU,20111103,49.05,49.05,49.05,49.05,126
MADHAV,20111103,18.45,18.8,18.05,18.75,325
MADHUCON,20111103,68.85,69.5,66.2,66.9,8611
MADRASCEM,20111103,105.9,107.1,104.5,106.8,42653
MADRASFERT,20111103,24,24.5,23.8,24.35,46149
MAGMA,20111103,63,63,60.5,61.95,16311
MAGNUM,20111103,5,5.2,4.9,5.05,4001
MAHABANK,20111103,49.8,50.5,49.65,50.25,150496
MAHINDFORG,20111103,64,66.45,63.75,64.2,8161
MAHINDUGIN,20111103,48.5,51.25,48.5,51.25,22627
MAHLIFE,20111103,309,309,303,304.55,502
MAHSCOOTER,20111103,330,330,326.95,329.65,359
MAHSEAMLES,20111103,336.15,338.05,333,335.5,15545
MAITHANALL,20111103,99.1,99.1,99.1,99.1,2
MALUPAPER,20111103,10.65,10.65,10.6,10.65,182
MALWACOTT,20111103,26.15,29,26.15,27.2,2559
MANAKSIA,20111103,57.35,58.9,57.35,57.7,9008
MANALIPETC,20111103,11.1,11.1,10.9,10.95,20675
MANAPPURAM,20111103,60.9,61.95,56,58.7,3227909
MANDHANA,20111103,240,240,224.5,229.7,278896
MANGALAM,20111103,13.85,14,13.7,13.9,510
MANGCHEFER,20111103,31.3,32.4,31.25,31.75,147484
MANGLMCEM,20111103,100.5,102.5,100.35,101.6,10893
MANGTIMBER,20111103,17.8,18,17.55,17.6,825
MANINDS,20111103,121,122.85,117.7,121.35,4809
MANINFRA,20111103,121.55,124.35,121.55,123.8,5303
MANJEERA,20111103,89.9,89.9,83.1,85.05,209
MANJUSHREE,20111103,95,95.3,90.1,92.85,12266
MANUGRAPH,20111103,47.65,47.65,46.35,46.95,24226
MARALOVER,20111103,12.7,13.35,12.45,13.05,4543
MARG,20111103,86.7,86.7,85,85.25,26109
MARICO,20111103,151.05,154.4,149,149.8,283087
MARKSANS,20111103,2.15,2.2,2.15,2.15,40366
MARUTI,20111103,1120,1134,1120,1129.5,360567
MASTEK,20111103,87,87.7,87,87.15,8414
MAWANASUG,20111103,18.5,19,17.8,18.45,4025
MAX,20111103,183,186.45,181.7,184.8,42702
MAXWELL,20111103,27.2,28.7,27.2,28.7,28549
MBECL,20111103,122.45,122.45,118.2,120.05,3047
MBLINFRA,20111103,127.5,128.5,127.45,128.05,5608
MBSWITCH,20111103,180.5,200.4,176.25,200.4,787974
MCDHOLDING,20111103,53,53.95,52.5,53,321974
MCDOWELL-N,20111103,810,831.3,792,809.5,573228
MCLEODRUSS,20111103,248.95,250.8,238.05,239.15,389500
MEGASOFT,20111103,15,15.45,14.75,15.05,12947
MEGH,20111103,9.6,9.7,9.35,9.65,12320
MELSTAR,20111103,7.2,7.2,7.2,7.2,59
MERCK,20111103,650.5,663.95,641.5,660.05,4344
MHRIL,20111103,334.95,335,326,329.65,1553
MIC,20111103,8.8,9.15,8.8,8.85,254628
MICROSEC,20111103,30.25,31,29.6,30.65,15035
MICROTECH,20111103,129.1,132.5,127.65,131.45,32524
MINDAIND,20111103,180,180,176.05,178.55,125
MINDTREE,20111103,392,394.9,387.1,390.65,17301
MIRCELECTR,20111103,19.3,20.2,19,20,247248
MIRZAINT,20111103,19.25,19.4,18.8,18.9,65943
MLL,20111103,26.05,26.45,25.45,25.9,499332
MMFL,20111103,100.05,103,100.05,101.25,1930
MMFSL,20111103,101.25,104,100,101.3,3426
MMTC,20111103,658.95,665,640,655.95,3218
MOIL,20111103,252.15,253,249.1,249.85,149912
MONNETISPA,20111103,447,447,436.2,439.5,11254
MONSANTO,20111103,799.9,799.9,785,790.65,1404
MORARJETEX,20111103,12.2,12.2,12.15,12.15,1000
MOREPENLAB,20111103,3.75,3.8,3.75,3.75,61893
MOSERBAER,20111103,25.8,26.6,25.75,26.05,388660
MOTHERSUMI,20111103,196.4,199.4,192.05,193.1,44671
MOTILALOFS,20111103,83,84.6,83,83.9,2046
MOTOGENFIN,20111103,39,40.7,38.15,39.1,857
MPHASIS,20111103,339.95,343.9,333.85,335.9,89909
MPSLTD,20111103,34.55,34.95,34.5,34.6,6883
MRF,20111103,6679.6,6769.95,6632,6670.45,2865
MRO-TEK,20111103,11.3,11.3,10.4,10.75,1438
MRPL,20111103,63,63.9,62.75,63.35,189937
MSPL,20111103,40.5,43.95,40.5,41.65,7064
MTNL,20111103,30.4,30.7,30.15,30.5,178450
MUDRA,20111103,24,24,23.65,23.85,1710
MUKANDENGG,20111103,25.5,26.5,25.5,25.95,2708
MUKANDLTD,20111103,33.25,33.3,31.9,32.15,10692
MUKTAARTS,20111103,36.45,36.45,35,36.05,1672
MUNDRAPORT,20111103,163,163.6,157.55,162.2,496651
MUNJALAU,20111103,194.95,199,193.75,197.75,8032
MUNJALSHOW,20111103,70.2,71.5,70.2,70.7,9545
MURLIIND,20111103,23,23,22.05,22.9,800
MURUDCERA,20111103,16.55,17.25,16.55,16.8,19718
MUTHOOTFIN,20111103,171.3,178,171.3,176.2,107004
MVL,20111103,27,28,26.55,27.85,666885
MVLIND,20111103,13.15,13.3,12.8,12.8,550
MYSOREBANK,20111103,564,564,547.1,550.9,2117
N100,20111103,111.11,114.85,111.11,112.71,74
NAGREEKEXP,20111103,22,22,22,22,200
NAHARCAP,20111103,57,60,55.1,55.25,1438
NAHARINDUS,20111103,43,43,41.55,41.6,270
NAHARPOLY,20111103,22.9,22.9,22,22.45,1044
NAHARSPING,20111103,60.1,61.35,58.1,59.55,4586
NANDAN,20111103,2.25,2.3,2.25,2.25,44015
NATCOPHARM,20111103,233.05,244,223.6,240.2,22047
NATHSEED,20111103,12.7,12.75,12,12.35,15338
NATIONALUM,20111103,63.1,63.35,62.25,62.65,81833
NATNLSTEEL,20111103,15.25,16,15.25,15.45,34689
NAUKRI,20111103,680,695,680,685,595
NAVINFLUOR,20111103,385.85,386,380,380.35,15758
NAVNETPUBL,20111103,66.05,68.25,65,67.7,242365
NBVENTURES,20111103,183.9,183.9,176.6,182.85,6565
NCC,20111103,53.4,53.95,52.4,52.7,369370
NCLIND,20111103,36.7,37.2,36.7,36.95,17908
NCOPPER,20111103,21,21.2,20.2,20.5,17324
NDTV,20111103,48,48,46.4,46.9,99012
NECLIFE,20111103,20.9,21.6,20.9,21.1,14312
NELCAST,20111103,24.25,24.25,23,23.45,110943
NELCO,20111103,60.5,64.4,59.7,62,491389
NEOCURE,20111103,2.7,2.7,2.7,2.7,100
NEPCMICON,20111103,3.8,3.85,3.3,3.4,32797
NESCO,20111103,620,641,613,616.3,187408
NESTLEIND,20111103,4404.25,4435,4387,4409.85,13897
NET4,20111103,159.5,160,156.95,158.2,32560
NETWORK18,20111103,63,64.25,62.55,63.85,74334
NEULANDLAB,20111103,86.5,86.5,84.6,85.95,425
NEXTMEDIA,20111103,5,5.45,5,5.3,36753
NEYVELILIG,20111103,80.85,81.7,80.55,81.3,61012
NFL,20111103,70.25,70.7,68.8,69.25,26673
NHPC,20111103,24.75,24.9,24.45,24.5,3234702
NICCO,20111103,2.55,2.55,2.25,2.45,822
NIFTYBEES,20111103,532,534.78,527.11,532.98,48746
NIITLTD,20111103,48,48.95,47.55,48.05,109665
NIITTECH,20111103,216.5,228,216.5,227.8,83180
NILKAMAL,20111103,260,294,255.25,279.55,7723
NIPPOBATRY,20111103,399.9,399.9,390,398,46
NITCO,20111103,47.3,47.9,47.15,47.45,2916
NITESHEST,20111103,17.85,18.4,17.6,17.65,6543
NITINFIRE,20111103,37.8,37.95,37.25,37.4,184693
NITINSPIN,20111103,6.55,6.6,6.5,6.55,5059
NMDC,20111103,231.5,234.6,228.1,229.3,328557
NOCIL,20111103,16.35,16.55,16.1,16.2,112707
NOIDATOLL,20111103,23.25,23.25,22.75,23,321962
NORBTEAEXP,20111103,6,6,5.55,5.85,2119
NORTHGATE,20111103,11.65,12.1,11.25,11.55,24792
NOVOPANIND,20111103,39,42,38.55,41.35,259
NRBBEARING,20111103,44.35,45.65,44.35,45,3911
NRC,20111103,3.8,4,3.8,4,1027
NSIL,20111103,638,638,610,626,86
NTPC,20111103,175.4,178.95,174.65,178.1,1215494
NUCHEM,20111103,2.95,3.05,2.8,2.95,6674
NUCLEUS,20111103,71.95,74,70.55,73.3,26682
NUMERICPW,20111103,202.8,207.85,200.1,202.9,1865
NUTEK,20111103,1.4,1.4,1.4,1.4,121577
OBEROIRLTY,20111103,235,235.05,230,231.4,31971
OCL,20111103,89.4,91.35,89.4,90.85,4386
OFSS,20111103,2106.65,2106.65,2062,2068.8,10785
OIL,20111103,1291,1306,1276.15,1298.3,17726
OILCOUNTUB,20111103,62,64.6,62,62.85,2832
OISL,20111103,47,48.75,47,47.75,3248
OMAXAUTO,20111103,40.75,40.9,39.5,40.1,4622
OMAXE,20111103,146.5,148.9,145.65,147.8,314771
OMKARCHEM,20111103,67.5,67.5,65.05,66.1,2487
OMMETALS,20111103,31,31.9,31,31.45,4808
OMNITECH,20111103,147.95,149.95,144.55,146.65,16761
ONELIFECAP,20111103,204.7,205.45,188.3,190.6,1139719
ONGC,20111103,277,279.8,271.2,277.95,2166964
ONMOBILE,20111103,59,65.9,59,65.05,6017419
ONWARDTEC,20111103,40.65,40.65,37.65,37.8,183
OPTOCIRCUI,20111103,247.4,249.65,244.15,246.5,126477
ORBITCORP,20111103,33.65,34.2,33.4,34,118469
ORCHIDCHEM,20111103,174.1,186.5,174,183.65,5103138
ORIENTABRA,20111103,34.85,34.95,33.9,34.05,117240
ORIENTALTL,20111103,8.35,8.35,8.35,8.35,100
ORIENTBANK,20111103,287.25,299,286.2,297.35,638244
ORIENTCERA,20111103,50,50.4,47.5,48.2,270
ORIENTHOT,20111103,26.3,26.45,26.15,26.25,2350
ORIENTLTD,20111103,79,83.95,72.05,73.45,126
ORIENTPPR,20111103,62.1,63.4,60.65,61.15,776556
ORISSAMINE,20111103,48500,49250,48101,48292.85,1243
OSWALMIN,20111103,47.4,50.5,47.4,47.4,328
OUDHSUG,20111103,19.9,19.95,19.1,19.5,10291
PAEL,20111103,21.15,22.55,21.05,22.55,1925
PAGEIND,20111103,2599,2626,2560,2602.75,4704
PANACEABIO,20111103,108,111.9,101,102.05,78404
PANAMAPET,20111103,225,229.75,225,225.55,1321
PANASONIC,20111103,107.45,107.5,99.25,99.3,36
PANORAMUNI,20111103,9.65,10.1,9.6,9.8,4436
PANTALOONR,20111103,188.5,191,185.2,189.3,457189
PAPERPROD,20111103,79.9,81,77.65,78.15,174533
PARABDRUGS,20111103,38.7,38.95,37.9,38.1,21867
PARACABLES,20111103,2.85,2.85,2.75,2.8,16383
PARAL,20111103,234.05,235.7,233,233.4,4056
PARAPRINT,20111103,24.6,27.05,24.6,25.15,246324
PARASPETRO,20111103,0.45,0.5,0.45,0.45,3610
PARRYSUGAR,20111103,104.85,104.85,97.2,100,3955
PARSVNATH,20111103,77.1,78.4,77,77.5,882732
PATELENG,20111103,96,98,94.7,96.9,206296
PATINTLOG,20111103,32.6,33.6,32.45,33.4,56995
PATNI,20111103,332.5,336.65,328,332.1,49449
PATSPINLTD,20111103,11.1,11.1,10.65,10.8,7898
PBAINFRA,20111103,45.5,46.75,45.1,45.15,2069
PDPL,20111103,102.9,102.9,98.5,99.25,429
PDUMJEIND,20111103,17.95,19.5,17.95,18.5,550
PDUMJEPULP,20111103,17.75,18,17.75,17.95,1416
PEACOCKIND,20111103,3,3.15,2.9,3.05,2119
PEARLPOLY,20111103,16.55,17,16.55,17,120
PENIND,20111103,38.9,39,38.15,38.2,1375
PENINLAND,20111103,41,42.75,40.95,41,218915
PEPL,20111103,2.1,2.1,2.1,2.1,189
PERIATEA,20111103,179,179.75,179,179.15,25
PERSISTENT,20111103,309,318,306,315.05,1966
PETRONENGG,20111103,300,300,289.15,292.95,294
PETRONET,20111103,164.95,167.65,161.3,166.2,1629961
PFC,20111103,158,167.8,157,164.95,7397188
PFIZER,20111103,1328.05,1337,1308,1320.15,3823
PFOCUS,20111103,58.55,59.4,56.85,58.95,403593
PFS,20111103,15.75,15.75,14.9,15.2,74799
PGEL,20111103,214,219,205.15,212.85,136997
PGHH,20111103,2055,2055,2020,2050.2,1071
PHILIPCARB,20111103,136.1,141.7,136.1,139,5623
PHOENIXLTD,20111103,201,204.5,198.5,202.45,5997
PIDILITIND,20111103,160.8,162.3,159.9,162,209521
PIIND,20111103,589.7,589.7,565,578.55,13748
PIONDIST,20111103,45.1,45.1,45.1,45.1,6
PIONEEREMB,20111103,11.6,11.7,11.6,11.7,604
PIPAVAVDOC,20111103,85.05,86.6,84.45,84.8,1236619
PIRGLASS,20111103,122.05,123.2,120.3,121.3,3272
PIRHEALTH,20111103,361.15,367.9,361.15,365.55,33717
PIRLIFE,20111103,93,93.5,92,93,4600
PITTILAM,20111103,62,68.9,61,68,253920
PLASTIBLEN,20111103,160.1,160.2,156,158.95,456
PLETHICO,20111103,377,383,377,379.85,50125
PNB,20111103,978,995.7,975,987.8,527498
PNBGILTS,20111103,24.35,29.4,24.2,28.1,508680
PNC,20111103,14,14.05,13.6,13.9,1803
POCHIRAJU,20111103,14.3,14.3,13.3,14.05,11887
POLARIND,20111103,3.9,4,3.8,3.95,4250
POLARIS,20111103,144.55,144.55,137.2,140.2,530126
POLYPLEX,20111103,181,183,176.5,177.25,48098
PONDYOXIDE,20111103,28.9,29,28.55,28.7,2394
PONNIERODE,20111103,77.5,77.6,77,77.5,638
POWERGRID,20111103,103.5,104.55,103.05,104.1,1505678
PPAP,20111103,77.7,79.55,77.7,78.5,549
PRADIP,20111103,102,103.95,98.05,100.35,97015
PRAENG,20111103,5.95,6,5.65,5.8,36775
PRAJIND,20111103,84.1,85.2,82.65,84.35,439830
PRAKASH,20111103,45,46,45,45.4,96517
PRAKASHCON,20111103,234,242.8,231.05,235.05,221007
PRAKASHSTL,20111103,121,125.3,120.05,124.55,13712
PRATIBHA,20111103,44.65,45.1,43.05,43.75,39188
PRECOT,20111103,107,110,107,110,310
PRECWIRE,20111103,91,93.9,88.55,91.35,582
PREMIER,20111103,79.65,81.45,79.1,80.25,2217
PRESTIGE,20111103,101.85,101.85,95.2,95.7,125769
PRETAILDVR,20111103,138.25,138.3,130.25,133.1,1113
PRICOL,20111103,15.45,15.7,15.25,15.4,16502
PRIMESECU,20111103,17.75,18.75,17.55,18.45,1489
PRISMCEM,20111103,44.25,44.25,43.25,43.9,56172
PRITHVI,20111103,20.2,20.7,19.1,20.05,26860
PROVOGUE,20111103,28.5,29.15,28.1,28.75,139927
PSB,20111103,76.35,76.95,75,75.15,140973
PSL,20111103,63,63.75,62.35,62.85,39484
PSUBNKBEES,20111103,359.84,360,340.11,356,150
PTC,20111103,70.1,75.1,69.5,74,2414251
PTL,20111103,38.55,40,38.55,40,15997
PUNJABCHEM,20111103,73,75,71.7,74.75,5869
PUNJLLOYD,20111103,56.4,56.8,55.2,56.35,2525976
PURVA,20111103,80.8,83.2,78.05,78.9,7019
PVP,20111103,5.5,5.9,4.9,5.9,291746
PVR,20111103,142,164,137.6,155.9,547261
QGOLDHALF,20111103,1334,1337.85,1325.1,1331.9,613
QUINTEGRA,20111103,3.1,3.25,2.9,2.95,17228
RADAAN,20111103,2.1,2.2,2.1,2.1,6653
RADICO,20111103,125.2,125.2,122.85,123.9,26225
RAINBOWPAP,20111103,63,64.55,62.1,62.95,107804
RAINCOM,20111103,29.5,29.8,29.2,29.5,116026
RAJESHEXPO,20111103,149.05,151,146.55,147.8,868067
RAJOIL,20111103,21.05,21.5,21,21.25,10541
RAJPALAYAM,20111103,205.15,209.4,204,209.4,103
RAJRAYON,20111103,9.85,10,9.7,10,776
RAJTV,20111103,70.5,70.5,68.8,69.45,21043
RAJVIR,20111103,103,105.9,101.05,105.25,150
RALLIS,20111103,165.9,166.8,161,163.9,108564
RAMANEWS,20111103,12,12.75,12,12.6,41197
RAMCOIND,20111103,43,44.7,43,44.35,30913
RAMCOSYS,20111103,58.6,59.9,58.6,59.3,5512
RAMKY,20111103,226.65,229,226.2,226.8,779
RAMSARUP,20111103,10,10.15,9.65,9.85,10511
RANASUG,20111103,3.95,4,3.9,3.95,117332
RANBAXY,20111103,512.6,517.85,511.1,514.15,292479
RANEENGINE,20111103,199,199.5,190.1,190.45,502
RANEHOLDIN,20111103,206,211.6,202.25,203.5,785
RANKLIN,20111103,14.1,15.55,14.1,15.15,10341
RATNAMANI,20111103,102,102.05,102,102,3128
RAYMOND,20111103,386.6,389.9,372.5,382.35,767726
RBL,20111103,111.1,111.1,111.1,111.1,75
RBN,20111103,65.65,66.15,64.55,65.4,43467
RCF,20111103,74,74.8,72.5,72.95,381974
RCOM,20111103,81.4,84.7,81.3,83.25,14673534
RECLTD,20111103,187,199.15,185.9,194.15,5619289
REDINGTON,20111103,95,95.85,90.65,94.5,60474
REFEX,20111103,15,15,13.65,14.35,9322
REIAGROLTD,20111103,23,23.45,22.05,22.3,1047179
REISIXTEN,20111103,19.15,21.3,19.1,19.45,7606
RELAXO,20111103,425.05,445,424,426.15,1301
RELBANK,20111103,920,920,901,914,12
RELCAPITAL,20111103,366.5,376.8,363.05,373.55,3431131
RELGOLD,20111103,2575.35,2595,2572,2591.1,12254
RELGRNIFTY,20111103,493,493,492.2,492.2,84
RELIANCE,20111103,867.75,889.35,863,885.9,3666997
RELIGARE,20111103,440,445.9,440,440,3971
RELIGAREGO,20111103,2720,2743,2700.25,2739.1,3371
RELINFRA,20111103,456.5,469.2,450.35,465.65,1568611
RELMEDIA,20111103,93.1,95.9,91.5,94.8,511685
REMSONSIND,20111103,26.85,26.85,26.85,26.85,100
RENUKA,20111103,58,58.5,55.7,56.8,4447602
REPRO,20111103,170,207.2,170,198.9,958556
RESPONIND,20111103,103.5,104,102.6,103.95,5533
RESURGERE,20111103,0.35,0.35,0.3,0.35,2599607
REVATHI,20111103,350,363,348,358.85,25161
RICOAUTO,20111103,11.25,11.95,11.2,11.85,81115
RIIL,20111103,410,417.5,408.5,412.95,90809
RJL,20111103,90,94.7,89.6,90.1,2541
RKDL,20111103,15.8,16.5,15.65,16.35,6064
RKFORGE,20111103,102.4,103,102.4,103,17525
RMCL,20111103,6.1,6.6,6.1,6.4,1902
RML,20111103,113,113,109.3,109.75,3090
ROHITFERRO,20111103,27.95,28.35,27.75,27.95,10613
ROHLTD,20111103,54,55.2,53.3,53.8,8898
ROLTA,20111103,83,83.5,79.1,79.45,1150508
ROMAN,20111103,21.75,23.15,21.75,22.55,247
RPGLIFE,20111103,79.8,79.8,78,78.65,3082
RPOWER,20111103,98.4,99.7,96.2,98.95,5134949
RPPINFRA,20111103,64,64.95,60.05,60.35,9741
RSSOFTWARE,20111103,56.95,56.95,56,56.25,2124
RSWM,20111103,90.25,90.25,83.5,84.8,32504
RSYSTEMS,20111103,113.4,113.5,109.3,111.1,7447
RUBYMILLS,20111103,838.5,844.95,821,833.3,355
RUCHINFRA,20111103,24,24.4,23,23.5,20724
RUCHIRA,20111103,9,10.85,9,10.15,36836
RUCHISOYA,20111103,110.85,110.85,109.75,110.05,101882
RUSHIL,20111103,155.7,158.8,150,152.25,234527
SABERORGAN,20111103,123.5,124.5,123.5,123.55,3076
SADBHAV,20111103,131.6,133,130.6,132.75,5554
SAGCEM,20111103,137,140,131,138.85,4372
SAHPETRO,20111103,28.55,28.55,28.55,28.55,1
SAIL,20111103,113,113,107.3,109.15,6586566
SAKHTISUG,20111103,26.9,27.35,26.8,26.85,11456
SAKSOFT,20111103,59.2,62.85,58.5,58.6,2470
SAKUMA,20111103,13.4,13.85,13.4,13.4,1333
SALORAINTL,20111103,24,24,23.65,24,197
SALSTEEL,20111103,6,6.25,6,6.15,11715
SAMBHAAV,20111103,1.1,1.25,1.1,1.2,10
SANDESH,20111103,279.65,279.65,279.65,279.65,1
SANGAMIND,20111103,31.9,32,31.25,31.5,3676
SANGHVIFOR,20111103,25,25.65,24.35,25.4,7825
SANGHVIMOV,20111103,122,122,120.55,121.75,885
SANWARIA,20111103,13.1,13.45,12.8,13,164292
SARDAEN,20111103,121,122.9,118,119.4,12749
SAREGAMA,20111103,67.1,68.25,67.1,67.85,5041
SARLAPOLY,20111103,110.05,114.95,110,114,12366
SASKEN,20111103,110,112.5,109.6,111.85,32562
SATHAISPAT,20111103,37.35,37.4,35.85,35.9,713
SATYAMCOMP,20111103,73.5,74.8,72.65,73.6,3591099
SAVERA,20111103,39.65,39.65,36.05,36.2,41
SB&TINTL,20111103,15.05,15.5,14.8,14.85,19336
SBBJ,20111103,396,397.5,390.55,395.4,3382
SBIGETS,20111103,2695,2723.2,2687,2718.85,7509
SBIN,20111103,1905,1940,1903.45,1934.75,2862982
SBT,20111103,596,603,591.65,596.55,2989
SCI,20111103,72.6,72.6,70.75,71.45,265010
SEAMECLTD,20111103,105,105,102.9,103,3463
SEINV,20111103,125.3,130.8,125.3,130.8,6443
SELAN,20111103,293,293,283,284.25,12320
SELMCL,20111103,13.6,14.35,13.4,13.9,700537
SENTINEL,20111103,15.2,15.5,15.1,15.5,1660
SERVALL,20111103,6.15,6.2,6,6.05,30276
SESAGOA,20111103,207,212.1,205.3,210.9,2200943
SESHAPAPER,20111103,213.2,250,197,207.8,1757
SEZALGLASS,20111103,2.5,2.5,2.45,2.45,13614
SGFL,20111103,4.05,4.05,4.05,4.05,100
SGJHL,20111103,149.9,151.05,146.5,147.35,37676
SGL,20111103,3.8,3.9,3.8,3.9,2050
SHAKTIPUMP,20111103,45.95,45.95,42.4,43.55,16915
SHALPAINTS,20111103,479,498.9,462,489.35,2795
SHANTIGEAR,20111103,40,40.8,39.5,39.8,76745
SHARRESLTD,20111103,64.7,66.95,63.5,63.5,13805
SHASUNPHAR,20111103,63.75,66.15,63.75,65.45,42472
SHILPAMED,20111103,221,225,216.3,224.05,915
SHILPI,20111103,14,14.25,13.65,14.2,14985
SHIV-VANI,20111103,217.5,218,210.15,211.85,8024
SHIVAMAUTO,20111103,125,125,120.05,121.1,2351
SHIVTEX,20111103,24.5,24.5,24,24.2,1874
SHLAKSHMI,20111103,112.5,112.5,110.1,110.45,186564
SHOPERSTOP,20111103,363.5,389.7,345.4,348.25,4455
SHREEASHTA,20111103,7.65,7.7,7.2,7.2,7563471
SHREECEM,20111103,1875,1910.3,1850,1902.75,1130
SHREERAMA,20111103,4,4.15,3.9,4,20801
SHRENUJ,20111103,65,69.9,63.65,69.4,52872
SHREYAS,20111103,31.85,33,30.2,30.95,9082
SHRIRAMCIT,20111103,520,527,520,525.1,2191
SHRIRAMEPC,20111103,124.45,124.45,121.6,122.6,1877
SHYAMTEL,20111103,33.5,34.55,33.5,33.95,667
SICAGEN,20111103,18.85,19.45,18.85,19.3,3466
SICAL,20111103,71,72.15,70.65,71,4679
SIEMENS,20111103,846.15,860,837.1,855.6,127543
SILINV,20111103,81.7,81.7,81.7,81.7,25
SIMBHSUGAR,20111103,31.15,31.5,30.4,30.6,120846
SIMPLEX,20111103,86.75,92.5,86.75,90.55,311
SIMPLEXINF,20111103,208.95,210,205.15,208.55,226542
SINTEX,20111103,115.6,116.85,112.75,114,1474507
SIRPAPER,20111103,46.05,49.9,46.05,48.25,6236
SITASHREE,20111103,6.85,7.2,6.85,7.2,1750
SIYSIL,20111103,303,303,297,302.9,458
SJVN,20111103,22.05,22.3,22.05,22.2,144086
SKFINDIA,20111103,659.3,664,653,659.45,5758
SKMEGGPROD,20111103,8.15,9,8.1,8.5,3052
SKSMICRO,20111103,203,211.45,200.8,208.9,801819
SKUMARSYNF,20111103,39.2,39.5,38.6,38.95,443197
SMARTLINK,20111103,41,43.5,41,42.9,11585
SMLISUZU,20111103,390,393,385,387.35,31379
SMOBILITY,20111103,100,100,99.1,99.8,4354
SMPL,20111103,7.15,7.25,7,7.1,248928
SMSPHARMA,20111103,170.05,172,169,171.9,742
SOBHA,20111103,237.55,247,237.55,241.4,69705
SOFTTECHGR,20111103,4.95,5,4.6,4.8,44
SOLARINDS,20111103,809.15,822,809.15,817.15,5823
SOMANYCERA,20111103,48,48,42.5,42.7,8224
SOMATEX,20111103,4.55,4.65,4.45,4.6,16666
SONASTEER,20111103,14.5,14.5,14.1,14.35,29250
SONATSOFTW,20111103,29.6,30.1,28.55,28.75,423220
SOTL,20111103,512.05,515,491.05,493.7,3630
SOUISPAT,20111103,4.3,4.4,4.05,4.25,44186
SOUTHBANK,20111103,23,23.4,23,23.25,975034
SPANCO,20111103,120,121,116.55,117.65,51687
SPARC,20111103,82.05,83.5,82.05,83.05,23160
SPENTEX,20111103,8.4,8.5,8.25,8.45,1871
SPIC,20111103,25.15,25.7,24.85,25.35,110755
SPMLINFRA,20111103,120.9,120.9,116,116.7,1884
SPYL,20111103,38.4,38.4,36,36.2,24850
SREINFRA,20111103,34.55,36,34.5,35.75,292240
SRF,20111103,307.45,311.8,307.25,308.7,16658
SRGINFOTEC,20111103,0.45,0.45,0.45,0.45,15617
SRHHLINDST,20111103,4.1,4.55,4,4.25,7517
SRHHYPOLTD,20111103,40.25,40.5,40.25,40.5,129
SRSLTD,20111103,33.9,33.9,32.85,33.05,81775
SRTRANSFIN,20111103,594.55,604.45,588.25,592.05,202634
SSWL,20111103,223,223.8,220.25,220.85,1863
STAR,20111103,395.75,405,391.4,400.1,59109
STARPAPER,20111103,23.2,23.8,23.2,23.3,687
STCINDIA,20111103,158,160,155.95,158.35,39753
STER,20111103,122.75,123.3,119.5,120.95,4425285
STERLINBIO,20111103,65,65.3,62.6,64.15,729344
STERTOOLS,20111103,110.05,110.05,110.05,110.05,4
STOREONE,20111103,14.65,14.65,13.85,14,2823
STRTECH,20111103,39,39.3,38.15,38.4,283628
SUBEX,20111103,41.4,42.3,40.75,41.55,509802
SUDAR,20111103,69.1,69.8,67.15,67.55,17597
SUDARSCHEM,20111103,695,695,695,695,20
SUJANATOW,20111103,23.5,23.9,23.1,23.2,845494
SUJANAUNI,20111103,4.1,4.2,4.05,4.1,28592
SUMEETINDS,20111103,23.55,24.4,23.45,23.75,106355
SUMMITSEC,20111103,76.55,78,76.5,76.5,1076
SUNCLAYTON,20111103,150.5,153.5,150.5,151.2,694
SUNDARAM,20111103,49.05,50.25,48.05,48.75,113580
SUNDARMFIN,20111103,515,562.05,514.2,546.7,17897
SUNDRMBRAK,20111103,155.55,159.9,155.55,157,63
SUNDRMFAST,20111103,61.1,61.75,60.1,61.45,57238
SUNFLAG,20111103,26.05,26.5,25.7,26,24537
SUNILHITEC,20111103,90.2,93.75,90.1,91.15,5661
SUNPHARMA,20111103,509,510.05,499,503.75,608660
SUNTECK,20111103,356.2,357.8,352,356.35,8643
SUNTV,20111103,261,276.75,257.1,273.8,2567122
SUPER,20111103,143.05,144.7,141.2,141.45,1570
SUPERSPIN,20111103,7.5,7.55,7.15,7.5,3050
SUPPETRO,20111103,64.05,64.5,63.2,63.65,1472
SUPRAJIT,20111103,20.7,21.1,20.45,20.85,66665
SUPREMEIND,20111103,192,194,190.3,193,15607
SUPREMEINF,20111103,220.45,225,211,218.8,18826
SURAJDIAMN,20111103,45.05,47.4,45.05,47.05,22775
SURANACORP,20111103,89,89,83,85.4,3447
SURANAIND,20111103,409,409,404,404.3,7759
SURANAT&P,20111103,14.55,14.55,14.55,14.55,250
SURANAVEL,20111103,25.3,27.55,25.3,27.2,7824
SURYAJYOTI,20111103,22.4,22.4,21.25,21.9,10330
SURYALAXMI,20111103,65,65.85,64.95,65,2531
SURYAPHARM,20111103,15.4,15.5,15.15,15.45,34723
SURYAROSNI,20111103,60,61,60,60.75,3201
SUTLEJTEX,20111103,165,172,165,169.1,1693
SUVEN,20111103,16.5,16.75,16.3,16.35,37581
SUZLON,20111103,36.55,36.9,36.05,36.45,11556345
SWARAJENG,20111103,460,460,455,455.45,1164
SYMPHONY,20111103,1501.05,1517,1445,1482.5,10704
SYNCOM,20111103,14.35,14.35,13.5,13.8,9055
SYNDIBANK,20111103,106.55,108.2,102.8,104.25,921093
TAINWALCHM,20111103,21.75,21.85,20.85,21.55,1150
TAJGVK,20111103,92,93.45,91.15,92.1,11613
TAKE,20111103,27.25,27.4,26.9,26.95,52830
TAKSHEEL,20111103,23.45,23.95,23.3,23.3,35738
TALBROAUTO,20111103,38,38,36.1,36.85,8728
TALWALKARS,20111103,171.65,173.7,170,172.75,30026
TANFACIND,20111103,24.25,24.3,24.25,24.25,10
TANLA,20111103,9.8,9.8,9.4,9.8,613487
TANTIACONS,20111103,51,51.45,49.1,49.7,3691
TARAPUR,20111103,16,18.65,16,18.1,3672
TATACHEM,20111103,329,331.9,326,328.8,129072
TATACOFFEE,20111103,895,913.95,885,893.15,378219
TATACOMM,20111103,187,187.5,184.05,185.85,85141
TATAELXSI,20111103,227,232.4,224.3,226.55,42254
TATAGLOBAL,20111103,91.1,91.8,89.8,90.7,779242
TATAINVEST,20111103,482.9,483.95,475.1,476.7,2947
TATAMETALI,20111103,74.6,75.7,73,73.7,23420
TATAMOTORS,20111103,191,192.25,185.4,188.7,21786359
TATAMTRDVR,20111103,103,103.4,99.4,100.95,1299372
TATAPOWER,20111103,101.55,106,101.55,105.4,3916349
TATASPONGE,20111103,316.9,331,316.9,325.85,8255
TATASTEEL,20111103,465.3,469.75,455.3,461.7,3872434
TCI,20111103,74.6,74.6,73.05,73.95,9598
TCIDEVELOP,20111103,162.5,162.5,156,159,237
TCIFINANCE,20111103,27.4,28.1,27.05,27.2,2262
TCS,20111103,1097.8,1109.4,1087,1105,945634
TDPOWERSYS,20111103,260,261.05,252,252.5,9572
TECHM,20111103,623,632.3,618.3,621.15,273605
TECHNO,20111103,218,219.7,216.25,216.75,7061
TECHNOFAB,20111103,137.9,144,136.3,138,597
TECPRO,20111103,219,222.65,218.05,220.65,2719
TELEDATAIT,20111103,0.3,0.35,0.25,0.3,569268
TELEMARINE,20111103,0.55,0.6,0.55,0.55,13359
TEXMACOLTD,20111103,30.5,31.1,30.5,31,379834
TEXMOPIPES,20111103,33.15,33.15,31.25,31.35,89155
TEXRAIL,20111103,82.2,83.5,81,82.4,20470
TFCILTD,20111103,26.4,26.75,25.9,26,44418
TFL,20111103,14,14.95,14,14.95,138
THANGAMAYL,20111103,171.9,171.9,170,170.15,22613
THEMISMED,20111103,112,114,112,114,104
THERMAX,20111103,474.9,498,468.3,494.35,285356
THINKSOFT,20111103,44.35,44.35,42.95,43.25,15290
THIRUSUGAR,20111103,80.1,83.5,79.5,82.5,92
THOMASCOOK,20111103,49.7,49.8,48.5,48.65,68713
TI,20111103,32.25,33.4,31.9,32.25,113889
TIDEWATER,20111103,7101,7101.05,6768,6907.5,1355
TIIL,20111103,37.5,38.7,37.5,37.7,1175
TIJARIA,20111103,11.4,12.2,10.5,12.05,388873
TIL,20111103,384,392,372.1,376.65,5177
TIMESGTY,20111103,25.05,27.35,25,27.15,515
TIMETECHNO,20111103,61.85,61.85,58.3,58.65,18600
TIMKEN,20111103,216,224.6,216,219.85,77728
TINPLATE,20111103,44.1,46.4,43.15,45.45,148571
TIPSINDLTD,20111103,33.25,33.85,33.25,33.8,5263
TIRUMALCHM,20111103,72,72.35,70.35,70.5,256
TITAN,20111103,215,217.15,213,215.25,1727485
TNPETRO,20111103,15.2,15.5,15.2,15.45,14255
TNPL,20111103,101.75,102.8,101.75,102.2,16793
TODAYS,20111103,5.05,5.1,5,5,1622
TOKYOPLAST,20111103,15.3,15.3,14.45,15.3,750
TORNTPHARM,20111103,573.95,581,563.25,573.25,51300
TORNTPOWER,20111103,233.65,235.95,228,230.75,219188
TREEHOUSE,20111103,191.8,198.25,191.8,194.5,90642
TRENT,20111103,1039,1055,901.25,1033.25,19003
TRF,20111103,343,365.9,335,353,84461
TRICOM,20111103,10.75,12.6,10.7,10.8,16553
TRIDENT,20111103,11.5,12.45,11.5,12.05,176555
TRIGYN,20111103,13.55,14,13.35,13.6,1418
TRIL,20111103,221,221.7,220,220.05,428
TRIVENI,20111103,22.35,22.55,21.9,22,344068
TTKHEALTH,20111103,490.95,496.45,481.8,486.25,28683
TTKPRESTIG,20111103,2640.05,2679,2593,2631.6,104727
TTL,20111103,24.3,24.4,24,24.2,2222
TTML,20111103,17.3,17.65,17.15,17.55,1662283
TUBEINVEST,20111103,142,144.5,139.2,139.7,140888
TULIP,20111103,148,151.25,147,147.9,129583
TULSI,20111103,10.7,10.95,10.55,10.7,33779
TULSYAN,20111103,38.2,41.95,38.2,41.95,102
TV18BRDCST,20111103,45.2,46.8,45,45.5,178112
TVSELECT,20111103,20.25,20.65,19.6,20.25,17727
TVSMOTOR,20111103,67.1,68.6,64.2,66.45,13437805
TVSSRICHAK,20111103,355,360,339.6,343.95,12858
TVTODAY,20111103,61.35,61.35,59.15,60.3,12816
TWILITAKA,20111103,43.5,44.75,43.5,44,61806
TWL,20111103,434.05,445,434.05,442.5,10069
UBENGG,20111103,50.8,50.9,49.05,49.2,26985
UBHOLDINGS,20111103,101.7,103.25,99.2,100,51549
UBL,20111103,404,405,396.1,399.9,25328
UCALFUEL,20111103,72.1,77.15,72.1,72.7,2670
UCOBANK,20111103,73,74.7,72.65,73.5,1582942
UFLEX,20111103,173.9,173.9,155.9,161.55,927671
UGARSUGAR,20111103,12.9,13.2,12.6,12.9,8738
ULTRACEMCO,20111103,1150,1152.85,1128.35,1148.05,185881
UMESLTD,20111103,19.75,19.75,17.15,18.25,4906
UNICHEMLAB,20111103,129.9,130,127.1,128.2,16539
UNIENTER,20111103,27.3,27.3,26.3,26.65,2011
UNIONBANK,20111103,219.6,231.1,219,229.8,586985
UNIPHOS,20111103,143,148.05,143,146.4,562629
UNIPLY,20111103,10.7,10.95,10.7,10.75,1196
UNITECH,20111103,29.35,29.85,28.4,29.1,30192749
UNITEDBNK,20111103,70.5,71.5,70.5,70.95,90655
UNITEDTEA,20111103,135,149.4,135,143.75,776
UNITY,20111103,39.05,39.7,39,39.55,42368
UNIVCABLES,20111103,49.5,51.75,48.55,51.4,123
UPERGANGES,20111103,44,44.05,42.15,43.15,1363
USHAMART,20111103,31.5,32.2,31.2,31.45,387220
USHERAGRO,20111103,130,130,125.6,126,154743
UTISUNDER,20111103,2010.01,2094.95,1842.7,2012.64,269
UTTAMSTL,20111103,77,77,74.25,74.9,22517
UTTAMSUGAR,20111103,30.85,31.7,30.2,31,4104
UTVSOF,20111103,948.6,956,948.6,950.35,42676
VADILALIND,20111103,137,141.5,134.2,138.7,1540
VAIBHAVGEM,20111103,31.9,31.9,29.9,29.9,262
VAKRANSOFT,20111103,351.75,355,350.75,351.8,29164
VALECHAENG,20111103,74,74,72.65,73.15,8582
VALUEIND,20111103,17.2,17.25,17.05,17.05,5821
VARDHACRLC,20111103,8.9,8.9,8.75,8.85,8450
VARDMNPOLY,20111103,93.95,98.3,93.8,97.55,89789
VARUN,20111103,271,273.7,264.5,267.3,328840
VARUNSHIP,20111103,18.7,18.85,18.5,18.65,29426
VASCONEQ,20111103,48.75,50.5,48.75,49.5,749
VASWANI,20111103,11.75,12.3,11.5,12.1,719008
VENKEYS,20111103,504.8,513.75,498.3,502.7,53626
VENUSREM,20111103,209.05,211.95,202.1,204.85,4573
VESUVIUS,20111103,396.95,397.05,392.05,397,14598
VGUARD,20111103,207.35,211.25,205.4,206.4,62462
VHL,20111103,400,400,400,400,54
VICEROY,20111103,27.8,28.3,26.85,27.15,74140
VIDEOIND,20111103,165,174.45,165,172.9,33162
VIJAYABANK,20111103,60,61.15,59.25,60.3,1986427
VIJSHAN,20111103,16.1,17,16,16.7,2748
VIKASHMET,20111103,9.8,9.8,9.55,9.6,16397
VIMTALABS,20111103,20.35,20.35,19.55,19.75,5534
VINATIORGA,20111103,63.8,64.75,63.15,64.35,11604
VINDHYATEL,20111103,190.25,191,181.95,187.1,1717
VINYLINDIA,20111103,10.95,10.95,10.15,10.85,1403
VIPIND,20111103,164.9,167.2,161.5,163.15,1988734
VIPUL,20111103,10.8,10.8,10.7,10.75,63
VISAKAIND,20111103,90,91.3,89.1,91,4117
VISASTEEL,20111103,58.55,58.9,58.5,58.5,6821
VISESHINFO,20111103,3.1,3.1,2.95,3,18135
VISHALRET,20111103,21,21.75,21,21.4,4389
VISUINTL,20111103,2.1,2.25,2.05,2.05,50969
VIVIMEDLAB,20111103,265,276.75,264,274.65,15977
VLSFINANCE,20111103,11.5,11.95,11.5,11.75,5448
VOLTAMP,20111103,482,498.7,482,491.3,2151
VOLTAS,20111103,98.2,100.45,98.2,100.2,445074
VSTIND,20111103,1269.95,1269.95,1248.1,1250.05,2647
VSTTILLERS,20111103,520,525.75,505.7,505.7,148
VTL,20111103,205.3,214.6,205.3,213.65,5604
VTXIND,20111103,13.7,14.2,12.35,13.5,43120
WABAG,20111103,349.95,354.9,347.1,351.4,1072
WABCOINDIA,20111103,1425,1425,1390.05,1407.9,346
WALCHANNAG,20111103,87,88,86,87.15,19136
WANBURY,20111103,22.35,24.25,22.35,23.7,5372
WEBELSOLAR,20111103,35.9,36.4,35.05,36,4380
WEIZFOREX,20111103,64.85,70,64.5,64.5,539
WEIZMANIND,20111103,8.55,9,8.1,8.65,4945
WELCORP,20111103,102,106.1,99.1,104.65,3764455
WELGLOB,20111103,34,37.25,34,37.25,178
WELINV,20111103,44,47.9,42.7,47.4,157
WELPROJ,20111103,37.75,39.4,37.6,37.65,11946
WENDT,20111103,1680,1680,1650,1677.95,8
WHEELS,20111103,320.05,329.5,315.25,317.8,19065
WHIRLPOOL,20111103,215.95,217.5,196,199.6,199114
WILLAMAGOR,20111103,48.55,49.05,48.55,49,189
WINDMACHIN,20111103,19.5,21.75,19,20.15,11359
WINSOME,20111103,20.6,20.6,19.3,19.3,60
WIPRO,20111103,373.85,373.85,366.75,370.8,1029949
WOCKPHARMA,20111103,435,435.6,423.1,425.75,71231
WSI,20111103,16.05,17,16.05,16.8,250
WSTCSTPAPR,20111103,69,73.95,68.2,69.95,88814
WYETH,20111103,972.1,980,972.1,980,942
XLENERGY,20111103,7.3,7.35,7.05,7.25,11630
XPROINDIA,20111103,55.35,57.5,55.35,56.85,12933
YESBANK,20111103,306.2,312.4,303.9,309.95,2331033
ZEEL,20111103,120.5,125.6,120,123.75,1088728
ZEELEARN,20111103,18.75,19.1,18.65,18.7,158946
ZEENEWS,20111103,12.25,12.3,12.1,12.15,123419
ZENITHBIR,20111103,4.85,4.9,4.8,4.8,48621
ZENITHCOMP,20111103,14.75,15.45,14.5,14.75,7933
ZENITHINFO,20111103,50.05,52.95,50.05,52.25,10145
ZENSARTECH,20111103,131.35,131.35,126.65,129.45,7534
ZICOM,20111103,38.1,39.95,38.1,38.2,15292
ZODIACLOTH,20111103,212,215,211.6,214.2,450
ZODJRDMKJ,20111103,20.05,24.45,20.05,24,149
ZUARIAGRO,20111103,597.75,602,591,597.7,2158
ZYDUSWELL,20111103,572.9,586.4,562.1,580.15,23880
ZYLOG,20111103,455,460,450,458.55,146378
NSENIFTY,20111103,5241.55,5281.60,5201.85,5265.75,160282802,5716.17
NIFTYJUNIOR,20111103,10003.95,10096.40,9977.05,10077.00,67702426,1327.82
BANKNIFTY,20111103,9743.85,9814.65,9648.65,9782.50,17560298,1524.99
NSEMIDCAP,20111103,7220.90,7257.40,7196.70,7249.15,122476812,1274.91
NSEIT,20111103,6208.85,6227.70,6102.10,6169.80,15463992,696.33
NSE100,20111103,5119.95,5159.20,5086.85,5145.75,227985228,7043.99
NSE500,20111103,4162.25,4186.45,4137.00,4179.65,471284556,9274.01
MIDCAP50,20111103,2129.50,2141.45,2114.15,2136.15,108744345,831.61
VIX,20111103,24.89,26.18,24.42,24.66,24.89,-0.23
