20MICRONS,20110705,48.5,48.5,47.5,48,7431
3IINFOTECH,20110705,47.75,48.35,47.3,47.8,943587
3MINDIA,20110705,4247.35,4258.7,4150,4241.1,115
A2ZMES,20110705,261.9,269.35,256.35,262.5,1371307
AANJANEYA,20110705,376.25,379,371.6,374,324385
AARTIDRUGS,20110705,132,132,129.5,130.2,4828
AARTIIND,20110705,49.7,49.7,48.65,49.2,12760
AARVEEDEN,20110705,51,51,50.15,50.15,119
ABAN,20110705,535,537.85,525.65,530.25,984167
ABB,20110705,854.35,861.95,850,855.35,71278
ABBOTINDIA,20110705,1480,1489.55,1475,1484.1,292
ABCIL,20110705,130,132.9,128.2,128.5,16204
ABGSHIP,20110705,371.9,378.55,371.9,376.6,503329
ABHISHEK,20110705,13.8,14.4,13.6,14.1,3615
ABIRLANUVO,20110705,918.8,918.8,892.35,899.5,66533
ACC,20110705,952.05,972.7,952.05,970.7,372164
ACE,20110705,48.4,49,48.25,48.45,36178
ACKRUTI,20110705,198.05,202,196.1,196.95,109409
ACROPETAL,20110705,17.2,17.3,17,17,364918
ADANIENT,20110705,714,714,697.45,702.35,67900
ADANIPOWER,20110705,110.2,111.95,109.8,110.25,600313
ADFFOODS,20110705,71,72.2,71,72.2,54858
ADHUNIK,20110705,84.05,84.8,83.3,84.6,22735
ADORWELD,20110705,177,179.9,176,178,3814
ADSL,20110705,45.4,45.4,43.9,45.4,208061
ADVANIHOTR,20110705,38,38,36,36.9,1851
ADVANTA,20110705,263,275.5,259.05,267.65,497899
AEGISCHEM,20110705,228,228,220.1,223.1,19675
AFL,20110705,41.45,41.8,41.45,41.65,1010
AFTEK,20110705,14.2,14.6,14.05,14.25,137942
AGCNET,20110705,175.6,179.15,164.2,166.05,1419
AGRE,20110705,51.2,51.2,49.55,50.05,6587
AGRODUTCH,20110705,12.35,12.35,11.35,12,43289
AHLEAST,20110705,306.55,308,301.55,304.65,127
AHLUCONT,20110705,112.25,119.75,112.25,118.2,12472
AHLWEST,20110705,200,200,190.1,192.5,836
AHMEDFORGE,20110705,121.5,124.65,120.1,121.3,52659
AIAENG,20110705,367,374.95,367,373.3,10681
AJANTPHARM,20110705,302.95,316,300.55,311.3,43788
AJMERA,20110705,157.9,166.5,155.7,160.45,143407
AKSHOPTFBR,20110705,6.85,6.9,6.75,6.85,29861
AKZOINDIA,20110705,920,972,912.2,957.8,91208
ALBK,20110705,197.6,199.7,194.55,196.3,1038991
ALCHEM,20110705,229.1,230.8,229.05,229.4,106300
ALEMBICLTD,20110705,19.65,19.7,18.75,18.85,81235
ALFALAVAL,20110705,1542.9,1549.9,1506,1542.9,2946
ALKALI,20110705,51.6,53.3,51.3,52.35,7244
ALLCARGO,20110705,168.5,172,166.15,170.9,4695
ALLSEC,20110705,19.2,19.9,19.2,19.4,2906
ALMONDZ,20110705,26.5,28.8,24,27.75,1214
ALOKTEXT,20110705,26.1,26.1,25.6,25.8,2353176
ALPA,20110705,9.9,9.95,9.2,9.7,7144
ALPHAGEO,20110705,100.1,102.45,99.5,99.85,952
ALPSINDUS,20110705,3.5,3.5,3.3,3.4,11504
AMAR,20110705,97.9,98.75,96.55,98.4,169087
AMARAJABAT,20110705,226,239,225,230.3,125692
AMARJOTHI,20110705,64.4,64.4,63,63.6,503
AMBIKCO,20110705,178,188.1,178,185.3,6230
AMBUJACEM,20110705,129.3,129.4,127.05,128.65,1447141
AMDIND,20110705,17.8,18,17.45,17.85,9883
AMLSTEEL,20110705,15.9,15.95,15.9,15.95,34
AMRUTANJAN,20110705,731.9,748.5,726.5,734.75,94000
AMTEKAUTO,20110705,162.8,163.5,160.85,161.45,147972
AMTEKINDIA,20110705,85.1,87.45,84.5,86.75,1243055
ANANTRAJ,20110705,70.5,71.7,68.45,69.4,600998
ANDHRABANK,20110705,135.05,136.8,133.25,134.1,1484381
ANDHRACEMT,20110705,11.3,11.65,11.3,11.45,51208
ANDHRSUGAR,20110705,96.5,97.65,96.1,96.9,5520
ANGIND,20110705,23.75,24.85,23.75,24.8,7568
ANIKINDS,20110705,37.5,39.7,37.25,38.5,904
ANKURDRUGS,20110705,41.7,41.9,40.85,41.25,27748
ANSALAPI,20110705,45.2,46.85,43.85,44.2,236523
ANSALHSG,20110705,43.9,43.9,42,42.25,5363
ANTGRAPHIC,20110705,0.3,0.3,0.25,0.25,74438
APARINDS,20110705,224.5,232.3,224.5,228.75,6415
APCOTEXIND,20110705,180,183.65,178.1,182.6,1339
APIL,20110705,536,541.55,531.5,533.35,145864
APOLLOHOSP,20110705,497.2,499.75,486,489.05,36861
APOLLOTYRE,20110705,78.95,81,78.3,80.25,3349413
APPAPER,20110705,370,372.75,368.9,369.65,11468
APTECHT,20110705,95.9,97.5,95.15,96.1,307108
AQUA,20110705,15.8,16.5,15.3,15.65,405604
ARCHIDPLY,20110705,13.6,14.05,13.6,13.8,2265
ARCHIES,20110705,41,41,40,40.35,26129
AREVAT&D,20110705,262,262.45,255,255.9,47441
ARIES,20110705,106,107.4,104.5,105.55,2077
ARIHANT,20110705,57.1,57.1,57,57.05,122
ARL,20110705,2.35,2.35,2.3,2.3,122097
AROGRANITE,20110705,39.4,42.8,39.4,41,16
ARROWTEX,20110705,12.5,12.6,12,12.3,5794
ARSHIYA,20110705,142.5,145,140.65,143.2,38240
ARSSINFRA,20110705,454.65,461.9,449.05,451.15,300279
ARVIND,20110705,82.9,83.1,80.4,81.25,781116
ASAHIINDIA,20110705,82.25,83.65,82.25,83.1,4009
ASAL,20110705,67.9,67.9,66.5,67,1792
ASHAPURMIN,20110705,19.5,20.1,19.5,19.75,51594
ASHCONIUL,20110705,2.7,2.8,2.7,2.7,4654
ASHIANA,20110705,150.8,162.8,145,150.9,54219
ASHOKA,20110705,271.2,276,267.2,274.45,1084
ASHOKLEY,20110705,50,52.05,50,51.7,9972446
ASIANELEC,20110705,10,10.15,9.9,10.05,26404
ASIANHOTNR,20110705,217.5,224.75,213.05,220.05,2079
ASIANPAINT,20110705,3250,3312,3234.1,3240,48987
ASIANTILES,20110705,44,44,43.15,43.3,1370
ASIL,20110705,2.55,2.6,2.55,2.6,11
ASSAMCO,20110705,15.6,16.75,15.5,16.2,1047448
ASTEC,20110705,40.5,43.65,40.5,41.9,46755
ASTERSILI,20110705,22.85,23.85,22.85,23.45,8531
ASTRAL,20110705,186,189.85,186,188.55,4939
ASTRAMICRO,20110705,30.5,30.9,29.95,30.1,42285
ASTRAZEN,20110705,1286,1308.85,1281.05,1298,202
ATFL,20110705,387,387,381.25,384.4,1802
ATLANTA,20110705,84.5,85,83.2,83.9,217832
ATLASCYCLE,20110705,270,274.7,268.4,269.8,23707
ATNINTER,20110705,1.15,1.2,1.15,1.2,6483
ATUL,20110705,186.55,188,184.05,185.55,23081
AURIONPRO,20110705,154.15,156,153,153,221
AUROPHARMA,20110705,175.55,176,172,173.15,885731
AUSOMENT,20110705,42.85,42.85,42.85,42.85,1
AUSTRAL,20110705,2.7,2.75,2.7,2.75,271860
AUTOAXLES,20110705,418.5,425.8,418.5,424.85,63
AUTOIND,20110705,163.05,166.9,161,161.6,22627
AUTOLITIND,20110705,23.55,23.55,21.6,22,1598
AVANTI,20110705,33,39.8,33,35.75,1119
AVENTIS,20110705,2039.75,2040,1994.5,2012.75,477
AVTNPL,20110705,269,273,265,268.55,15740
AXIS-IT&T,20110705,81.2,91.7,81.2,90.6,129501
AXISBANK,20110705,1339.5,1339.5,1320.05,1327.95,780888
AXISGOLD,20110705,2173,2173,2151.05,2151.85,544
BAGFILMS,20110705,6.95,7.05,6.85,6.95,81383
BAJAJ-AUTO,20110705,1425.9,1445,1422.4,1427.7,270435
BAJAJCORP,20110705,116.5,120,114.8,117.35,20202
BAJAJELEC,20110705,259,263.2,255.3,261.8,43461
BAJAJFINSV,20110705,514,527.45,512.7,519.95,168111
BAJAJHIND,20110705,74.8,74.8,72.3,72.85,1021959
BAJAJHLDNG,20110705,739.95,749.5,737.55,746.6,105255
BAJFINANCE,20110705,629,645,614.05,618.6,12506
BALAJITELE,20110705,32.4,32.95,32.4,32.65,54168
BALAMINES,20110705,39.8,40.3,39.05,40.05,5002
BALKRISIND,20110705,154.2,161.3,152.5,158.2,8745
BALLARPUR,20110705,32.6,32.9,32.4,32.55,121080
BALMLAWRIE,20110705,618,624.4,606.05,617.25,18741
BALPHARMA,20110705,27.8,27.85,27.2,27.6,1834
BALRAMCHIN,20110705,65.25,65.45,64,64.4,692351
BANARISUG,20110705,581,597,581,590.65,237
BANCOINDIA,20110705,72.9,72.9,72.1,72.4,3588
BANG,20110705,35.9,36.35,33.95,34.45,9236
BANKBARODA,20110705,906,948.45,880,895.8,279851
BANKBEES,20110705,1144,1148,1136.4,1144.63,1646
BANKINDIA,20110705,417.4,417.4,411.15,414.4,416044
BANSWRAS,20110705,130.05,131.4,130,130,1101
BARTRONICS,20110705,63.65,64.4,62.25,62.55,92099
BASF,20110705,623,648.6,620,633.2,25200
BASML,20110705,96,96,84.15,85.4,276
BATAINDIA,20110705,614.5,614.5,593.3,601.05,1021495
BATLIBOI,20110705,20.05,22,20.05,21.15,5419
BAYERCROP,20110705,881.4,889.85,865,872.75,10793
BBL,20110705,890,895.05,880,886.2,2285
BBTC,20110705,410.4,430.2,410.1,428.2,4292
BEARDSELL,20110705,52.25,52.25,52.25,52.25,25
BECREL,20110705,11,11,10.75,10.75,2
BEDMUTHA,20110705,132.65,136.9,129.55,130.1,349103
BEL,20110705,1669,1669,1630.55,1642.9,13680
BELLCERATL,20110705,14,14.25,14,14.25,200
BEML,20110705,594.45,619,594.45,610.05,119150
BEPL,20110705,28.1,31.8,28.1,30.3,3938
BERGEPAINT,20110705,99.9,102,99.6,100.85,137673
BFINVEST,20110705,67,69.7,64.5,68.15,41139
BFUTILITIE,20110705,712.4,776.9,708.95,769.3,3567736
BGRENERGY,20110705,477,477,470,471.95,186494
BHAGWATIHO,20110705,103.75,103.75,99,99.4,217725
BHAGYNAGAR,20110705,19.7,20.9,19.65,20.25,25003
BHARATFORG,20110705,309.45,314.4,306.2,308.05,331872
BHARATGEAR,20110705,57.75,57.75,56.1,56.8,983
BHARATRAS,20110705,120,120.55,120,120.55,2386
BHARTIARTL,20110705,386,386.4,378.25,382.25,2338180
BHARTISHIP,20110705,131.45,138.3,131.1,137.65,550648
BHEL,20110705,2038.3,2042,1942,1951.7,1484560
BHUSANSTL,20110705,449.7,452.3,438.5,449.05,305180
BIL,20110705,55.7,58.8,54.1,55.7,2698
BILENERGY,20110705,29,30,27.4,29.45,29488
BILPOWER,20110705,92.05,93.95,92.05,93.3,1714
BIMETAL,20110705,300,318.9,300,313,673
BINANIIND,20110705,172,172.1,169.15,169.85,19962
BINDALAGRO,20110705,91,91.7,90.1,90.25,271449
BIOCON,20110705,364.05,364.9,358,359.35,211770
BIRLACORPN,20110705,335.05,337,333,334.35,10855
BIRLACOT,20110705,0.45,0.45,0.4,0.4,3497233
BIRLAERIC,20110705,15.3,15.85,14.9,15.2,2834
BIRLAMONEY,20110705,20.65,21,20.2,20.8,7829
BIRLAPOWER,20110705,0.8,0.85,0.8,0.8,4088568
BLBLIMITED,20110705,5.6,5.7,5.45,5.5,61477
BLISSGVS,20110705,21,22.95,20.6,21.55,80532
BLKASHYAP,20110705,19.5,20.4,19.5,19.75,88801
BLUECHIP,20110705,1.2,1.2,1.1,1.2,5760
BLUEDART,20110705,1500,1628,1480,1603.9,69891
BLUESTARCO,20110705,310,314,308.65,311.8,8262
BLUESTINFO,20110705,95,95.95,93,93.3,4050
BOC,20110705,287.9,288.05,284.5,284.65,2756
BOMDYEING,20110705,368,374,364.45,368.7,202840
BOSCHLTD,20110705,6901,7036,6870,6999.15,6821
BPCL,20110705,641,662.5,641,659,771432
BPL,20110705,23.75,25.6,23.75,24.8,22555
BRANDHOUSE,20110705,21.35,21.7,20.75,21.15,93743
BRFL,20110705,286.9,289.4,284,287.25,373607
BRIGADE,20110705,74,74,72.65,72.85,18495
BRITANNIA,20110705,487.05,491.05,482.55,483.9,21543
BROADCAST,20110705,9.6,10,9.6,9.85,3329
BSELINFRA,20110705,4.85,5.05,4.8,4.9,65277
BSL,20110705,23.2,27.1,23.2,26.4,8213
BSLGOLDETF,20110705,2190,2225,2186,2187.4,27
BSTRANSCOM,20110705,135.2,137.9,134.25,135.05,9217
BURNPUR,20110705,7.9,7.9,7.6,7.7,20185
BVCL,20110705,17.25,18.25,17.1,17.95,1760
CADILAHC,20110705,911.2,962,911.1,948.95,100788
CAIRN,20110705,323.8,324.9,311.6,312.85,2097731
CALSOFT,20110705,34,34,31,31,664
CAMLIN,20110705,72,72.7,71.75,72.3,126263
CANBK,20110705,544.7,545,535,539.95,578956
CANDC,20110705,113,114.7,111.05,112.75,20987
CANFINHOME,20110705,113.75,113.75,110.7,111.3,53912
CANTABIL,20110705,33,33.5,32.5,32.85,24393
CARBORUNIV,20110705,298.5,299.5,293,296.45,10356
CAROLINFO,20110705,172,174.55,172,173.55,224
CASTROL,20110705,560,588.4,555.4,577.25,1255272
CCCL,20110705,34.5,34.5,33.25,33.55,4336
CCL,20110705,206,214.5,205.8,211.75,30379
CEATLTD,20110705,107.9,110.7,105.7,109.05,320887
CEBBCO,20110705,38.25,38.45,37,38.45,42250
CELEBRITY,20110705,10.9,10.9,8.65,9.05,7561
CELESTIAL,20110705,31,36.1,30.6,35.65,87906
CENTENKA,20110705,183.2,186.8,183,183.5,12766
CENTEXT,20110705,3.4,3.45,3.35,3.4,17642
CENTRALBK,20110705,129.1,130.45,126.2,129.85,1535118
CENTUM,20110705,85.6,95.95,85.6,95.95,134
CENTURYPLY,20110705,66,67.3,65.5,66.35,29203
CENTURYTEX,20110705,370.9,372.3,360.3,369.85,445559
CERA,20110705,210.1,221,210.1,219.3,11949
CESC,20110705,305.35,307.9,301.15,304.85,286112
CHAMBLFERT,20110705,81,82.15,80.5,81.65,1952902
CHEMFALKAL,20110705,45.2,48.8,45.2,48,1093
CHEMPLAST,20110705,7,7.1,6.75,6.9,44552
CHENNPETRO,20110705,229.95,230.85,228,228.85,48709
CHESLINTEX,20110705,13.25,14,12.55,12.9,252
CHETTINAD,20110705,453,456,453,455.9,9920
CHOLAFIN,20110705,161.95,183.35,158,176.2,1254912
CILNOVA,20110705,16,16.6,16,16.45,19749
CINEMAX,20110705,35.7,36.8,34.5,35.8,100860
CINEVISTA,20110705,3.6,3.75,3.55,3.75,10128
CIPLA,20110705,330,333,326.65,327.95,490638
CLASSIC,20110705,12,12.4,11.75,12.15,11351
CLNINDIA,20110705,765,773.95,751.95,769.95,5019
CMAHENDRA,20110705,247.5,249.95,240,243.15,24922
CMC,20110705,1149.5,1149.5,1111,1120,4187
COALINDIA,20110705,395,396.75,391.3,395.35,882850
COLPAL,20110705,1024,1029.7,1009,1012.35,50008
COMPUAGE,20110705,100.9,100.9,100.5,100.5,750
CONCOR,20110705,1130,1140,1102.05,1119.2,6378
CONSOFINVT,20110705,71.4,71.4,67.75,68.4,1178
CORAL-HUB,20110705,5.95,6.2,5.9,6.05,2367
CORDSCABLE,20110705,37,38.4,36.75,38.05,24958
COREPROTEC,20110705,301.8,304,297.05,301.65,43834
COROENGG,20110705,255.8,255.8,255.8,255.8,25
COROMANDEL,20110705,341.9,343.4,332.1,334.85,91075
CORPBANK,20110705,526.45,528.65,520,521.15,28470
COSMOFILMS,20110705,107,107,102.4,103.7,69118
COX&KINGS,20110705,198,201.6,193.65,200,246260
CPIL,20110705,331,334.5,328.25,329.7,4403
CREATIVEYE,20110705,5.6,5.75,5.5,5.55,2846
CRESTANI,20110705,52.35,53.45,50.65,51.2,20853
CREWBOS,20110705,96,96.4,93.3,94,32824
CRISIL,20110705,6955,7040,6946,7015.25,21767
CROMPGREAV,20110705,270,270,258.65,259.55,739796
CRONIMET,20110705,120.15,126.5,120.15,125.35,25134
CTE,20110705,9.3,9.4,9.2,9.4,2012
CUB,20110705,46.75,47.15,45.95,46.9,460540
CUBEXTUB,20110705,12.75,12.95,12.15,12.65,903
CUMMINSIND,20110705,680.05,680.85,670.05,673.75,66034
CURATECH,20110705,191.5,214,191.5,209.6,209
CYBERMEDIA,20110705,20,20,20,20,50
CYBERTECH,20110705,13.95,13.95,13.55,13.55,3077
DAAWAT,20110705,52.8,52.8,51.75,51.95,75079
DABUR,20110705,117.1,117.35,113.55,114,2108434
DALMIABEL,20110705,160.55,162,160.3,162,591
DALMIASUG,20110705,17,17.8,16.85,17,92177
DATAMATICS,20110705,28.95,29,28.65,28.95,1917
DBCORP,20110705,230.15,237.05,229,230.3,44799
DBREALTY,20110705,70.2,70.75,69.2,69.85,380277
DCB,20110705,60.7,61.2,59.65,60.6,2778064
DCHL,20110705,70.75,71.45,69.9,70.1,1887992
DCM,20110705,92.35,96.5,90,95.7,465269
DCMSRMCONS,20110705,45.4,45.4,44.45,44.95,72791
DCW,20110705,11,11.5,10.8,11.25,163705
DECCANCE,20110705,144,144,144,144,500
DECOLIGHT,20110705,7.65,7.65,7.65,7.65,612
DEEPAKFERT,20110705,163.1,166.35,160.8,162.1,86037
DEEPAKNTR,20110705,180,180.65,180,180.65,90
DEEPIND,20110705,76.15,77.5,74.1,75.45,162170
DELTACORP,20110705,104,104,100.65,101.2,2861542
DELTAMAGNT,20110705,43.5,45.2,43.15,43.85,541
DEN,20110705,88.45,88.45,86.5,86.85,16154
DENABANK,20110705,92.05,92.25,89.3,89.7,2993705
DENORA,20110705,90.05,93.55,90,91.05,4149
DENSO,20110705,68,71.4,68,69.45,1733
DEWANHOUS,20110705,223.6,225,220.85,221.7,22902
DHAMPURSUG,20110705,59.8,59.8,57.3,58.75,163748
DHANBANK,20110705,119.4,120.9,118.7,119.1,293817
DHANUKA,20110705,88.8,90.85,88.25,88.7,40502
DHARSUGAR,20110705,33.3,34.4,33.3,33.95,3787
DHUNINV,20110705,75,75,74.1,74.1,339
DIAPOWER,20110705,166.9,166.9,163.2,163.95,3408
DICIND,20110705,250.25,255.95,249.25,249.75,4007
DIGJAM,20110705,11.6,12.6,11.5,12.15,156978
DISHMAN,20110705,93.1,93.1,91,91.35,53878
DISHTV,20110705,92.9,92.9,89.7,90.25,1732119
DIVISLAB,20110705,799.8,799.8,786,787.95,63008
DLF,20110705,232.3,232.3,228.5,230.9,4216053
DLINKINDIA,20110705,26.7,27.25,26.6,27,6029
DOLPHINOFF,20110705,126,126,123,123.75,6213
DONEAR,20110705,24.8,24.8,23.85,23.85,261
DPSCLTD,20110705,2010,2010,2010,2010,1
DPTL,20110705,154.6,155.05,151.4,154.45,5826
DQE,20110705,40.5,41.45,38.75,39.1,93089
DREDGECORP,20110705,305,307.9,301.1,302.05,20152
DRREDDY,20110705,1560,1575,1555,1564.05,243795
DSKULKARNI,20110705,63.1,63.95,61.55,63.6,130886
DUNCANSIND,20110705,16.5,16.5,15.6,15.85,61406
DWARKESH,20110705,72.25,73.8,71.15,71.8,15188
DYNAMATECH,20110705,1510,1523.9,1461,1465.25,207
DYNASYS,20110705,0.75,0.75,0.65,0.65,26148
EASTSILK,20110705,7.85,7.95,7.65,7.8,10901
EASUNREYRL,20110705,75,76,74.25,75.05,12515
ECEIND,20110705,125.9,138.6,123.25,126.05,14065
ECLERX,20110705,842,849.4,838,843.45,50960
EDELWEISS,20110705,33.6,34,33,33.2,202978
EDL,20110705,102.8,102.8,100,100.6,5915
EDSERV,20110705,135.05,137.9,133.1,134.25,96626
EDUCOMP,20110705,408,413.9,401.5,402.95,1323715
EICHERMOT,20110705,1295.2,1311,1294.9,1298.25,5011
EIDPARRY,20110705,254.95,264,251.55,256.55,75839
EIHAHOTELS,20110705,140,142.95,136.1,139.15,873
EIHOTEL,20110705,86.1,86.1,85.35,85.6,238727
EIMCOELECO,20110705,226,228.25,225,225.7,277
EKC,20110705,92.7,92.8,91.4,91.7,144325
ELDERPHARM,20110705,381.25,387.8,381,383.95,71919
ELECON,20110705,73,73.25,70.4,71.5,301708
ELECTCAST,20110705,29.85,29.85,29.3,29.4,49203
ELECTHERM,20110705,169.55,192,167.85,187.1,229803
ELFORGE,20110705,11.45,11.55,10.9,11.05,4441
ELGIEQUIP,20110705,80.5,81.7,80.5,81.05,18349
ELNET,20110705,35,36.25,35,35.95,1301
EMAMIINFRA,20110705,37.1,37.25,35.8,36.6,62580
EMAMILTD,20110705,493.05,497,486.3,490,6245
EMCO,20110705,51.9,51.9,50.3,50.75,20973
EMKAY,20110705,44.65,44.85,43,43.35,6473
EMMBI,20110705,13.2,13.35,12.75,13.1,12742
EMPEESUG,20110705,28,28,26.2,26.75,5011
ENERGYDEV,20110705,34.65,34.95,33.4,34.35,5762
ENGINERSIN,20110705,281.5,282.9,273.1,277.05,106014
ENIL,20110705,261.3,271.4,261.3,264.1,69828
ENTEGRA,20110705,22.7,23.9,22.7,23.15,18004
ERAINFRA,20110705,171,171.4,170.4,170.8,168389
EROSMEDIA,20110705,191.9,197.9,187.05,190.5,511938
ESABINDIA,20110705,487,491,485,485.6,6456
ESCORTS,20110705,120,120,114.75,114.95,1754123
ESL,20110705,8.4,8.5,8.35,8.45,82911
ESSAROIL,20110705,125.5,126.1,122.65,124.1,578608
ESSARPORTS,20110705,102.55,102.8,100.1,100.55,56699
ESSDEE,20110705,366.9,366.9,361.3,362.95,2589
ESSELPACK,20110705,46.15,47.6,45.5,46.5,711192
ESTER,20110705,49,49.7,47.4,47.8,28247
EUROCERA,20110705,23.65,25.35,23.65,24,575
EUROMULTI,20110705,10.5,10.55,10.25,10.3,5828
EUROTEXIND,20110705,21.35,24.6,21.35,23.35,1287
EVEREADY,20110705,40.9,41.45,40,40.7,128134
EVERESTIND,20110705,162,165.5,158.15,163.8,13774
EVERONN,20110705,551.25,561.75,550.15,557.2,342067
EVINIX,20110705,0.95,1,0.95,1,18038
EXCELCROP,20110705,167.1,169,163,164.25,9524
EXCELINDUS,20110705,82.5,84,82.35,83.25,8618
EXCELINFO,20110705,25.2,26.2,24.55,26,424757
EXIDEIND,20110705,162,165.25,161.5,162.65,892936
FACT,20110705,39,39.4,38.6,38.7,26728
FAGBEARING,20110705,1133.3,1192,1133.3,1189.55,1199
FAME,20110705,50,50.95,49,49.1,2095
FARMAXIND,20110705,4,4,3.75,3.8,70541
FCH,20110705,145.65,146.9,142.5,145.35,62905
FCSSOFT,20110705,0.8,0.85,0.75,0.8,1985266
FDC,20110705,91.5,93.05,89.9,90.25,99432
FEDDERLOYD,20110705,74.1,74.55,73.1,74.1,2668
FEDERALBNK,20110705,456.85,459.15,450.55,457.35,286492
FIEMIND,20110705,151.35,151.35,150,150.45,5374
FINANTECH,20110705,893.85,893.85,866,874.75,46254
FINCABLES,20110705,47.05,47.5,47,47.1,25981
FINPIPE,20110705,77.7,78.5,76.2,77.95,134379
FIRSTLEASE,20110705,95.7,102.4,93.95,95.55,753106
FIRSTWIN,20110705,16.75,18,16.75,17.25,8752
FKONCO,20110705,132.05,135,130.3,131.85,31766
FMGOETZE,20110705,278.95,279.95,273.95,279.55,5362
FORTIS,20110705,164.6,164.7,161.85,163.5,217005
FOSECOIND,20110705,549.9,550.9,541,545.75,160
FOURSOFT,20110705,13.5,13.55,13.05,13.25,21653
FSL,20110705,18.7,19.5,18.6,19.35,6423477
FUTUREVENT,20110705,9.1,9.1,8.95,9,541144
GABRIEL,20110705,48.55,49.35,48.55,48.9,11047
GAEL,20110705,28.7,28.95,28.2,28.6,13315
GAIL,20110705,460.8,462,454.1,456.5,1298976
GAL,20110705,12.1,13.9,12.05,13.1,535382
GALLANTT,20110705,15.25,16.4,15.25,16.4,1862
GALLISPAT,20110705,89.4,91.95,89.2,89.45,101979
GAMMNINFRA,20110705,14,14.9,13.9,14.65,222660
GAMMONIND,20110705,94.3,94.7,93.15,93.55,8274
GANDHITUBE,20110705,123.9,123.9,123.8,123.85,2
GANESHHOUC,20110705,141,142.9,135.6,139.65,28643
GANGOTRI,20110705,6.6,6.6,6.1,6.15,6345
GARDENSILK,20110705,96.2,96.2,94,94.7,17818
GARWALLROP,20110705,62,62,60.1,61.05,11598
GATI,20110705,62.7,69.8,62,68.55,1030421
GDL,20110705,126,128,125.6,126.4,13100
GEECEE,20110705,36,36.9,35.6,36.1,1020
GEINDSYS,20110705,171,171,167.2,168.65,10037
GEMINI,20110705,23.45,24.1,23,24,110388
GENESYS,20110705,257.1,263.5,253.05,259.25,33533
GENUSPOWER,20110705,18.1,18.8,18,18.5,250678
GEODESIC,20110705,72.9,74.2,72.55,73.15,198981
GEOJITBNPP,20110705,24,24.25,23.8,23.95,85343
GEOMETRIC,20110705,52,54.35,51.6,53.3,267104
GESHIP,20110705,293.95,294.7,285,286.75,110941
GHCL,20110705,39.6,39.7,39.1,39.5,49566
GICHSGFIN,20110705,113.8,113.9,112.55,112.95,247455
GILLANDERS,20110705,106.2,107.95,106.05,106.25,1635
GILLETTE,20110705,2157.75,2157.75,2110,2142.6,1022
GINNIFILA,20110705,9,9.25,8.8,9.05,16255
GIPCL,20110705,76.5,78,75.6,77.5,18615
GISOLUTION,20110705,12,12.8,11.35,11.75,1117
GITANJALI,20110705,305.4,305.4,297.8,301.5,780842
GKB,20110705,41.65,41.65,41.5,41.5,102
GKWLIMITED,20110705,518,520,488,497.4,99
GLAXO,20110705,2331,2355,2310.55,2335.55,7726
GLENMARK,20110705,316,316.05,306.25,307.35,205667
GLFL,20110705,3.45,3.55,3.45,3.55,1850
GLOBALVECT,20110705,21.35,22.45,21.2,21.7,704
GLOBOFFS,20110705,112.3,119.85,112.3,118.25,893
GLOBUSSPR,20110705,140.9,143,139,140.3,33951
GLODYNE,20110705,330.8,340.55,329.15,330.65,81190
GMBREW,20110705,108.9,111.5,106.7,109.85,5673
GMDCLTD,20110705,155,155.25,152.45,154.45,423692
GMRINFRA,20110705,33.85,33.85,32.85,33.05,1774683
GNFC,20110705,98.8,99.9,97.65,98.65,68420
GOACARBON,20110705,91.55,93,91.1,92,6526
GODFRYPHLP,20110705,2880,2924.95,2840.55,2875.9,1305
GODREJCP,20110705,436.4,442.9,429.95,438.1,279658
GODREJIND,20110705,209,211.55,206.5,207.25,282165
GODREJPROP,20110705,754.95,754.95,735.65,742.65,13228
GOENKA,20110705,58,61.9,57.85,59.6,6844
GOKEX,20110705,95.7,97.9,95.7,97.9,216
GOKUL,20110705,92,95.2,90.95,94.4,215431
GOLDBEES,20110705,2110,2112.95,2103.05,2105.15,42166
GOLDENTOBC,20110705,71,72.6,70.6,71.15,2767
GOLDIAM,20110705,39.45,39.45,35.6,35.7,486
GOLDINFRA,20110705,18.1,18.25,18,18.05,1232
GOLDSHARE,20110705,2114,2114.8,2103.25,2105.15,6654
GOLDTECH,20110705,7.5,7.8,7.3,7.7,22722
GPIL,20110705,158.1,166.3,158.1,164.65,87574
GPPL,20110705,65.1,66.9,65.1,65.8,63408
GRABALALK,20110705,27.95,28.95,27.95,28.25,350
GRANULES,20110705,83.45,84.45,82.6,82.8,1613
GRAPHITE,20110705,92,92.95,91.05,91.25,227001
GRASIM,20110705,2137.4,2210,2137.4,2206.4,126699
GRAVITA,20110705,374.1,378.9,371.05,372.85,74232
GREAVESCOT,20110705,88,94,87.05,93.15,115478
GREENPLY,20110705,186.9,186.9,183.05,184,1293
GREENPOWER,20110705,17.6,17.95,17.1,17.3,488093
GRINDWELL,20110705,238,241,235.35,237.25,5250
GRUH,20110705,437.1,440.95,427.5,436.7,8137
GSFC,20110705,361.6,366.8,360.05,361.75,69543
GSKCONS,20110705,2470,2479,2433,2460.1,6629
GSLNOVA,20110705,3.45,3.55,3.4,3.55,2998
GSPL,20110705,93,93.8,91.25,92,2165492
GSSAMERICA,20110705,179,179,164.35,165.55,248799
GTL,20110705,94,97.4,93.3,94.75,7247393
GTLINFRA,20110705,16,16.6,15.85,16.05,7818852
GTNIND,20110705,13.4,15.7,13.4,15.4,4004
GTNTEX,20110705,13.5,15,13.5,14.3,701
GTOFFSHORE,20110705,225,226,216.25,217.65,39178
GUJALKALI,20110705,149,155,146.95,150.9,147068
GUJAPOLLO,20110705,137,141,135.1,138.95,3073
GUJFLUORO,20110705,394.7,394.7,381.15,384.4,48032
GUJNRECOKE,20110705,46.5,48,46.5,47.4,502924
GUJNREDVR,20110705,26.05,27,25.2,25.7,38204
GUJRATGAS,20110705,386,392.7,384.85,387.6,8896
GUJSIDHCEM,20110705,9.85,9.85,9.65,9.7,531455
GULFOILCOR,20110705,88.2,91.05,87.8,89.15,94427
GVKPIL,20110705,20.4,20.45,19.7,19.75,5986909
HALONIX,20110705,77,77.8,76.1,77.8,588
HANUNG,20110705,153.35,153.35,146.65,147.75,253837
HARITASEAT,20110705,75,84.05,75,82.1,7087
HARRMALAYA,20110705,74.6,77.5,74.35,75.3,65518
HATHWAY,20110705,121.45,122.65,119.2,119.9,27068
HAVELLS,20110705,387.5,398.5,382,393.8,1285228
HBLPOWER,20110705,18.4,18.45,17.9,18.15,32268
HBSTOCK,20110705,12.1,13.25,12.1,12.75,1400
HCC,20110705,33.9,34,33,33.2,3060034
HCIL,20110705,42.5,45.5,42.5,43.5,131819
HCL-INSYS,20110705,90.55,90.85,89.75,90,82227
HCLTECH,20110705,500,507.95,498.6,506.6,537253
HDFC,20110705,699.55,703.4,690.15,700.2,2090604
HDFCBANK,20110705,2522,2552,2514.5,2541.15,531864
HDFCMFGETF,20110705,2158,2167,2148.1,2152.55,1332
HDIL,20110705,165.5,166.4,162.1,164.35,2960872
HEG,20110705,235,242.05,234.55,239.4,19611
HEIDELBERG,20110705,37.5,38.95,37.4,38.75,58401
HELIOSMATH,20110705,31.25,31.8,31,31.4,2685
HERCULES,20110705,248,253.5,247.25,249.35,23420
HERITGFOOD,20110705,192.6,199.7,192.6,199.55,517
HEROHONDA,20110705,1893,1905,1875.2,1897.85,199895
HEXAWARE,20110705,73.9,76.7,73.9,76,4080668
HFCL,20110705,17.3,17.45,16.9,17,1661016
HGSL,20110705,403.5,411.9,403.5,409.2,3988
HIKAL,20110705,293.5,293.5,288.15,289.4,221
HILTON,20110705,17.6,17.7,17.15,17.15,1039
HIMATSEIDE,20110705,32.6,33.6,32.6,33.35,23355
HINDALCO,20110705,191.6,191.6,185,186.65,4285066
HINDCOMPOS,20110705,480,488.9,473.95,475.05,420
HINDCOPPER,20110705,273.75,274,270,270.8,42415
HINDDORROL,20110705,58.7,58.7,56.2,57.05,95856
HINDMOTORS,20110705,17.1,17.4,16.8,17.15,284503
HINDNATGLS,20110705,205,209,198.5,200.95,1939
HINDOILEXP,20110705,183.95,184.25,179.1,180.95,493489
HINDPETRO,20110705,392.3,404.4,390.5,402.5,1165061
HINDUJAFO,20110705,75.5,77.8,75.1,75.9,1363
HINDUJAVEN,20110705,292,292,282.25,286.25,3590
HINDUNILVR,20110705,336.05,336.5,331.45,332.8,2503942
HINDZINC,20110705,139.65,139.65,136,136.9,1214726
HIRECT,20110705,49.2,49.5,47.6,48.2,7092
HITACHIHOM,20110705,192,197,192,193.6,12671
HITECHGEAR,20110705,110.25,117,110.25,114.7,2229
HITECHPLAS,20110705,92,92,89.1,90,156
HMT,20110705,60.6,62.55,59.75,60.65,265829
HMVL,20110705,135.05,138,132,132.1,46836
HNGSNGBEES,20110705,1370.1,1400,1321.5,1370,50
HOCL,20110705,33.5,33.6,32.7,33.2,44271
HONAUT,20110705,2587,2588.95,2546.35,2557.1,325
HONDAPOWER,20110705,391,397,391,396.05,671
HOTELEELA,20110705,42,43.15,41.45,42.4,589112
HOTELRUGBY,20110705,9.65,9.7,9,9.5,8130
HOVS,20110705,87.2,88.8,87.1,88.15,7339
HSIL,20110705,177.15,182,177.1,178.75,81515
HTMEDIA,20110705,167.4,168.95,164.2,166.15,4680
HYDRBADIND,20110705,397.4,414,393,404.35,75140
HYDROS&S,20110705,20.6,21,20.6,20.75,468
IBN18,20110705,78.15,80.4,77.25,77.95,98986
IBPOW,20110705,18.65,18.9,18,18.6,133068
IBREALEST,20110705,118,118.85,115.1,116.05,1300009
IBSEC,20110705,13.8,13.8,13.55,13.65,250717
ICICIBANK,20110705,1101.85,1101.85,1088.05,1097.3,2069629
ICIL,20110705,11.8,11.8,11.8,11.8,5000
ICRA,20110705,1082,1099,1082,1088.55,264
ICSA,20110705,106.45,107,102.55,103.85,119829
IDBI,20110705,136,138.45,133.35,134.35,1352747
IDEA,20110705,78.25,78.25,75.9,77,3081349
IDFC,20110705,137.75,137.95,134.35,135.7,4683948
IFBAGRO,20110705,76,77.4,75.25,76.45,676
IFBIND,20110705,115.5,116.75,113.5,114.1,25991
IFCI,20110705,48.75,48.9,47.55,47.8,8057458
IFGLREFRAC,20110705,32.75,33,32.5,32.65,1555
IGARASHI,20110705,46.7,48,46,47.95,2118
IGL,20110705,390.05,394.75,383,389.55,287293
IGPL,20110705,24.55,25.95,24.55,25.3,419
IL&FSENGG,20110705,144,146,141,145.55,8355
IL&FSTRANS,20110705,218.6,219.95,213,213.7,26269
IMPAL,20110705,664,670,662,670,225
IMPEXFERRO,20110705,10.2,10.2,9.7,9.7,700
INDBANK,20110705,10.6,10.7,10.4,10.5,5420
INDHOTEL,20110705,80,81.5,80,81.05,480503
INDIABULLS,20110705,164.15,176.85,164,172.4,1254148
INDIACEM,20110705,72.8,74,71.85,73.4,511885
INDIAGLYCO,20110705,133.55,137.9,131.5,134.8,91984
INDIAINFO,20110705,87,90.7,86.3,89.95,1915251
INDIANB,20110705,217,218.95,214,215,518539
INDIANCARD,20110705,107,109.05,105.65,109,690
INDIANHUME,20110705,133.9,133.9,128,128.7,352
INDLMETER,20110705,91,94.7,89.3,90.3,8658
INDNIPPON,20110705,240,258,240,247.25,700
INDOASIFU,20110705,81,90,79.45,80.7,704081
INDOCO,20110705,438.95,448,435.15,439.2,2785
INDORAMA,20110705,43.8,44.6,42.9,43.7,19726
INDOSOLAR,20110705,15.45,15.65,14.9,15.05,288308
INDOTECH,20110705,134.5,137.8,133.35,135.8,9609
INDOWIND,20110705,25.1,28.9,25.1,27.9,2208393
INDRAMEDCO,20110705,36,36.5,35.8,35.95,7347
INDSWFTLAB,20110705,99.55,100.85,97.25,97.8,130093
INDSWFTLTD,20110705,30.8,31.2,30.35,30.4,12932
INDUSFILA,20110705,18.6,21,18.6,20.9,9114
INDUSINDBK,20110705,282.55,288.25,279.25,286.45,1373686
INEABS,20110705,629.25,629.25,615,618.1,866
INFINITE,20110705,126,130.3,124.5,129.35,17896
INFODRIVE,20110705,13.85,14,13.6,13.85,20766
INFOMEDIA,20110705,16,16.65,15.25,15.95,195783
INFOTECENT,20110705,140,142.95,138.1,140.8,4131
INFRABEES,20110705,310,312,305.5,305.5,89
INFY,20110705,2957,2969.9,2926,2956.45,802966
INGERRAND,20110705,468,473.95,466.4,469.75,4296
INGVYSYABK,20110705,344,345,339.25,340.5,21089
INNOIND,20110705,92,92.5,89,91.7,19950
INOXLEISUR,20110705,43.4,44.6,42.5,43.7,146031
INSECTICID,20110705,335.4,337.25,332,333.55,106230
IOB,20110705,140,146.5,140,144.5,1035376
IOC,20110705,344,344,334.1,339.25,906682
IOLCP,20110705,35,35,34.6,34.65,524
IOLN,20110705,6.15,6.15,5.9,5.9,2014
IPCALAB,20110705,348,348,335.2,337.6,23457
IPGETF,20110705,2165,2191.65,2163,2163.15,490
IPRINGLTD,20110705,80.65,80.8,77.9,78,1319
IRB,20110705,180,181.5,174.6,175.85,1039699
ISFT,20110705,63,63,61.6,62.15,4712
ISMTLTD,20110705,45.9,45.9,42.1,42.4,89485
ISPATIND,20110705,20.05,20.8,19.6,20.45,7035410
ITC,20110705,199.85,199.85,195.25,195.65,8333419
ITDCEM,20110705,163.85,163.85,157.9,158.15,1829
ITI,20110705,32.8,34.3,32,33,829383
IVC,20110705,38,38,33.5,33.95,172982
IVP,20110705,47.6,47.6,45.7,45.75,2823
IVRCLAH,20110705,46.8,46.8,45.5,45.75,56567
IVRCLINFRA,20110705,72,72.7,70.3,71.5,1523540
J&KBANK,20110705,840.7,850,832.2,845.4,60802
JAGRAN,20110705,123,125.5,120.35,120.9,240863
JAGSNPHARM,20110705,13.25,14.9,13.25,14.9,599
JAIBALAJI,20110705,185,190.8,184.3,186.9,31512
JAICORPLTD,20110705,128,129.2,125.1,126.75,516747
JAINSTUDIO,20110705,10.2,10.35,9.6,10.15,5901
JAMNAAUTO,20110705,124,127,122.6,124,939
JAYAGROGN,20110705,83.4,86.4,81.3,84.9,53803
JAYBARMARU,20110705,75.35,79,75.35,78.05,2985
JAYNECOIND,20110705,22.55,22.75,22.1,22.4,29442
JAYSREETEA,20110705,169.85,175.6,169.85,174.5,178651
JBCHEPHARM,20110705,133.1,138.35,132.05,136.15,328359
JBFIND,20110705,163.45,169.7,163,167.05,389701
JCTEL,20110705,1.25,1.3,1.25,1.3,38307
JENSONICOL,20110705,4.9,4.9,4.65,4.8,22145
JETAIRWAYS,20110705,481,489,480.1,487.1,750783
JHS,20110705,54.5,55,52.55,53.7,68509
JIKIND,20110705,7.75,7.8,7.15,7.65,9297
JINDALPHOT,20110705,168.9,173.3,165.5,168.8,245893
JINDALPOLY,20110705,302.45,306.8,298.15,299.2,345947
JINDALSAW,20110705,158.6,175.25,158.6,163.3,189413
JINDALSTEL,20110705,649,649.8,638,642.6,644928
JINDALSWHL,20110705,1006.05,1029.65,995,1007.6,54854
JINDCOT,20110705,103.4,104.85,103.4,104.3,19254
JINDRILL,20110705,458,466.9,454,456.8,4630
JINDWORLD,20110705,194.3,195,185.15,188.35,42934
JISLJALEQS,20110705,180,180,174.35,175.05,568863
JKCEMENT,20110705,128,128,105.25,106.95,14715
JKIL,20110705,138,140.25,136.1,138.35,2014
JKLAKSHMI,20110705,43.35,44.5,43,43.2,248362
JKPAPER,20110705,47.9,47.95,47.15,47.5,13166
JKTYRE,20110705,100.45,102.15,99.5,101.4,336440
JMCPROJECT,20110705,163.35,168.45,162.3,163.55,9481
JMFINANCIL,20110705,22.65,23.8,22.5,23.35,1185964
JOCIL,20110705,260,261,256,258.6,1066
JPASSOCIAT,20110705,82.45,83,81.3,82.05,5287786
JPINFRATEC,20110705,55.8,57.9,55.05,56.1,170709
JPPOWER,20110705,47.55,48.2,47.25,47.7,168734
JSL,20110705,97.9,98.6,95.95,97,14398
JSWENERGY,20110705,68.1,68.6,67.75,68.05,219670
JSWSTEEL,20110705,882,889,871.75,875.45,976348
JUBILANT,20110705,201.95,213.85,199,209.75,651487
JUBLFOOD,20110705,818.6,847.5,815.4,835.4,2432736
JUBLINDS,20110705,182.5,187.65,181.5,187.1,27979
JUMBO,20110705,18.7,19.75,18.7,19.6,2704
JUNIORBEES,20110705,113.4,114,112.91,112.96,9472
JUPITER,20110705,20.1,20.7,19.9,20.3,210630
JVLAGRO,20110705,20.05,21,20.05,21,10289
JYOTHYLAB,20110705,220,220,209.1,212.8,22273
JYOTISTRUC,20110705,85.9,85.9,84.6,84.85,36120
KABRAEXTRU,20110705,57.7,57.7,54.35,55.3,50292
KAJARIACER,20110705,97.7,99.45,97.55,97.95,43936
KAKATCEM,20110705,68.5,69.65,68.05,69.65,55
KALECONSUL,20110705,83.2,84.45,81.5,82.55,5591
KALINDEE,20110705,108,108.2,107,107.45,45071
KALPATPOWR,20110705,129,130,127.2,129.05,32668
KAMATHOTEL,20110705,96.7,98.45,96.65,97.3,3741
KANDAGIRI,20110705,96,96,87.3,90,851
KANORICHEM,20110705,54.5,55.2,51.75,52.85,289056
KANSAINER,20110705,912,935,909.65,919.2,696
KARURKCP,20110705,38,38,38,38,200
KARURVYSYA,20110705,411.5,419.7,410,415.85,38761
KAUSHALYA,20110705,9.45,9.85,9.45,9.55,2771
KAVVERITEL,20110705,158,161,157.05,159.25,115168
KBIL,20110705,601,635,601,623.2,16
KCP,20110705,25.25,25.4,25,25.1,12838
KCPSUGIND,20110705,16.25,16.25,15.8,15.95,31517
KEC,20110705,80.5,81.2,80,80.6,42139
KECL,20110705,42.1,44.75,42.1,44.25,1578
KEI,20110705,22.1,22.8,22.1,22.65,36955
KEMROCK,20110705,516.25,522.4,515,516,67660
KERNEX,20110705,97.3,97.8,96.05,96.85,18080
KESARENT,20110705,46.05,50.7,45.5,49.5,4985
KESORAMIND,20110705,169.35,169.8,168.05,168.4,14472
KFA,20110705,40.75,41.2,40.15,40.4,1435948
KGL,20110705,11.85,12.2,11.75,12.1,1096948
KHAITANELE,20110705,109.1,111.8,108.55,110.9,383
KHAITANLTD,20110705,29,31.45,29,29.1,21
KHANDSE,20110705,18.95,18.95,18.05,18.2,1078
KICL,20110705,649,682.9,649,679.45,775
KIL,20110705,17.5,17.65,17.4,17.65,3067
KILITCH,20110705,51.5,53.8,51.4,53.35,2203
KINETICMOT,20110705,19,19.65,19,19.4,35677
KIRIINDUS,20110705,211.05,223,209.65,210.6,116417
KIRLOSBROS,20110705,159,169.9,159,166.55,15886
KIRLOSENG,20110705,128.5,130.8,127,128.45,5144
KIRLOSIND,20110705,282.75,290,282.75,285,19
KITPLYIND,20110705,3.65,4.05,3.65,3.8,13579
KKCL,20110705,697,713,690,700,15547
KLGSYSTEL,20110705,54.5,54.85,53.55,53.75,33377
KLRF,20110705,28,29,28,29,120
KMSUGAR,20110705,4,4,3.45,3.55,13850
KNRCON,20110705,130.9,132.75,127.05,128.95,29040
KOHINOOR,20110705,52.3,53.4,50.5,51.1,229123
KOLTEPATIL,20110705,47.1,47.75,46.65,47.3,23918
KOPRAN,20110705,21.55,22.75,21.55,21.95,41117
KOTAKBANK,20110705,490,490.9,478.55,484.1,422826
KOTAKGOLD,20110705,2114,2114,2101.5,2104.25,5122
KOTAKNIFTY,20110705,571,571,570,570,57
KOTAKPSUBK,20110705,415,425,410,418.19,920
KOTARISUG,20110705,7.05,7.05,6.6,6.95,18919
KOTHARIPET,20110705,7.5,8.4,7.5,8.1,6775
KOTHARIPRO,20110705,432.5,453.9,432.5,447.3,1220
KOUTONS,20110705,27.1,27.6,26.6,27.3,58012
KPIT,20110705,174.75,177.9,171.6,175.8,162720
KPRMILL,20110705,125,127.8,118,119.15,16146
KRBL,20110705,32.95,32.95,30.85,31.05,1459658
KRISHNAENG,20110705,3.8,3.95,3.8,3.9,6489
KSBPUMPS,20110705,228.25,228.9,225,227.55,3615
KSCL,20110705,411,426.25,411,419.25,7589
KSE,20110705,211,211,203,204.55,380
KSERASERA,20110705,11,11.2,11,11,368759
KSK,20110705,111.95,112.45,109.6,109.7,172819
KSL,20110705,74,84.2,73.8,78.95,631262
KSOILS,20110705,23.1,23.15,22.4,22.7,4263333
KTIL,20110705,87,87,80,82.7,2634
KTKBANK,20110705,131.6,131.95,127.35,129.95,635604
KWALITY,20110705,135.25,137.3,135.25,137.05,453391
LAKPRE,20110705,43.55,44.3,43.5,43.55,480
LAKSHMIEFL,20110705,41.45,41.45,39.15,39.25,101420
LAKSHMIMIL,20110705,1785,1787,1735.05,1771.05,26
LAKSHVILAS,20110705,121.5,121.5,118.05,120.1,130915
LANCOIN,20110705,37.5,38.4,37.2,37.9,18637
LAOPALA,20110705,74,85,74,83.4,25689
LAXMIMACH,20110705,2166,2175,2120.1,2129.3,1974
LCCINFOTEC,20110705,0.7,0.7,0.65,0.7,12513
LGBBROSLTD,20110705,280.5,285,279.25,279.95,2355
LGBFORGE,20110705,2.75,2.9,2.65,2.75,6239
LIBERTSHOE,20110705,103.5,104.4,101.5,101.95,79660
LICHSGFIN,20110705,241.85,241.9,234.5,235.65,2435678
LIQUIDBEES,20110705,999.99,1000.01,999.99,999.99,100604
LITL,20110705,25.25,25.55,24.85,25,18653485
LLOYDELENG,20110705,52.1,52.75,51.35,51.5,20727
LLOYDFIN,20110705,1.3,1.3,1.3,1.3,200
LLOYDSTEEL,20110705,17.6,19.6,17.5,18.45,4590814
LML,20110705,9.4,9.4,9.05,9.15,35498
LOGIXMICRO,20110705,17.8,17.8,17,17.35,1610
LOKESHMACH,20110705,42.85,43.1,42.8,43.05,2474
LOTUSEYE,20110705,10.05,10.6,10.05,10.4,10067
LOVABLE,20110705,416.15,434.8,410.5,430.1,2311592
LPDC,20110705,2.85,2.9,2.85,2.85,402
LT,20110705,1799,1810.65,1781.45,1791.6,885087
LUMAXAUTO,20110705,41.75,41.75,39.5,41,1630
LUMAXIND,20110705,330,330,320.2,324.6,3816
LUMAXTECH,20110705,170.2,182.5,170.2,175.15,1674
LUPIN,20110705,446.65,452.45,444.1,446.15,503683
LYKALABS,20110705,18.4,19.2,18.4,18.65,33873
M&M,20110705,705.85,722.8,702.4,717.2,1968355
M&MFIN,20110705,662,669.9,648.1,666.4,423425
M100,20110705,8.35,8.35,7.77,7.87,164214
M50,20110705,76,76,75,75.32,2708
MAANALU,20110705,59.1,60,59,60,755
MADHAV,20110705,16.8,17.6,16.8,16.95,1330
MADHUCON,20110705,91,91,88.05,90.05,5214
MADRASCEM,20110705,82.45,85.55,81.3,84.45,80447
MADRASFERT,20110705,26.15,27.15,25.9,26.7,189954
MAGMA,20110705,74.45,75.5,73.75,75.25,187395
MAGNUM,20110705,5.75,5.75,5.3,5.35,1101
MAHABANK,20110705,56.8,56.9,56.05,56.35,79331
MAHINDFORG,20110705,65.8,76.6,65.5,75.45,1851259
MAHINDUGIN,20110705,47,50.1,47,49.3,38093
MAHLIFE,20110705,371.9,372,365,369.25,5482
MAHSCOOTER,20110705,349.95,360,349.95,360,1167
MAHSEAMLES,20110705,376.8,382,374,379.45,7007
MAITHANALL,20110705,145,154,144,146.3,100709
MALUPAPER,20110705,13.2,13.2,12.8,12.85,5862
MALWACOTT,20110705,34.1,36,34.1,35.4,2739
MANAKSIA,20110705,67.15,69.3,67.15,67.55,6649
MANALIPETC,20110705,14.25,14.55,13.9,14.05,505243
MANAPPURAM,20110705,57,57.2,56.5,56.8,634145
MANDHANA,20110705,186.25,186.85,180,183.55,102777
MANGCHEFER,20110705,30.4,30.8,29.9,30.25,159819
MANGLMCEM,20110705,107.95,108.25,106.6,106.95,16835
MANGTIMBER,20110705,16,16.7,16,16.15,1942
MANINDS,20110705,142.9,145.9,141.5,143.35,38250
MANINFRA,20110705,130.1,138.8,122.9,124.4,619899
MANJEERA,20110705,82.65,89.85,82.65,89.4,674
MANJUSHREE,20110705,73,74.5,73,73.2,1538
MANUGRAPH,20110705,50.1,50.5,49.8,50.1,1652
MARALOVER,20110705,12.1,13.6,12.1,13.25,2096
MARG,20110705,94.95,97,92.1,95.35,88340
MARICO,20110705,155.6,156.05,151.05,152.45,129485
MARKSANS,20110705,2.65,2.7,2.6,2.65,75704
MARUTI,20110705,1155.1,1170.85,1153.5,1166.35,183263
MASTEK,20110705,116.55,136,116,126.25,2460502
MAWANASUG,20110705,24.4,24.9,24,24.2,6051
MAX,20110705,182,185.75,179.05,179.8,281612
MAXWELL,20110705,19.3,19.65,19.1,19.5,17482
MBECL,20110705,147,147,144.7,145.35,150514
MBLINFRA,20110705,152.85,154.8,150.25,152.05,7955
MCDHOLDING,20110705,86,89.75,85.1,87.4,16448
MCDOWELL-N,20110705,1001.05,1049,1001.05,1042.3,288945
MCLEODRUSS,20110705,278.05,282,273,274.9,225009
MEGASOFT,20110705,23.1,23.6,22.8,22.95,5797
MEGH,20110705,12.1,12.3,12.05,12.2,79782
MELSTAR,20110705,7.5,8.45,7.5,8.1,383
MERCK,20110705,647,662.15,642,652.05,11623
MHRIL,20110705,350,361,349,355.9,6527
MIC,20110705,14.1,14.2,13.9,14.1,401608
MICROSEC,20110705,37,37.45,36.85,37,11685
MICROTECH,20110705,131,131.3,128,128.75,6616
MINDAIND,20110705,231.05,245,231.05,244.5,70
MINDTREE,20110705,369.75,381.95,362,377.25,56880
MIRCELECTR,20110705,25.5,25.75,24.75,25.15,118173
MIRZAINT,20110705,22.35,22.35,22,22.05,60660
MLL,20110705,41,41.5,39.85,40.95,684876
MMFL,20110705,108.15,112,108.15,111.25,3085
MMFSL,20110705,74.75,74.75,72.15,72.55,12461
MMTC,20110705,914.5,932.45,904.25,907.2,41426
MOIL,20110705,344.7,360,339,356.9,1273382
MONNETISPA,20110705,500.8,500.8,495.2,497,3285
MONSANTO,20110705,1735.05,1754.95,1735,1740.15,2382
MORARJETEX,20110705,14,15.3,14,14.85,555
MOREPENLAB,20110705,4.6,4.65,4.6,4.6,144263
MOSERBAER,20110705,40.5,41.1,40.25,40.45,284602
MOTHERSUMI,20110705,223,224.85,221,223.85,88998
MOTILALOFS,20110705,95.2,101.5,95.2,99.05,18178
MOTOGENFIN,20110705,45.3,47.5,45.3,46.05,1002
MPHASIS,20110705,460.55,461.5,454.05,456.95,135955
MPSLTD,20110705,35.2,37.35,35.2,37.25,3172
MRF,20110705,6954,7050,6920.9,6943.55,16138
MRO-TEK,20110705,15.85,15.85,15.1,15.7,3551
MRPL,20110705,82.5,83.25,81.8,82.05,815501
MSPL,20110705,45.8,45.8,43.2,44.3,12560
MTNL,20110705,45.4,45.5,44.25,44.6,249048
MUDRA,20110705,45.75,47.5,44,44.85,16425
MUKANDENGG,20110705,33.95,33.95,32,32.65,2568
MUKANDLTD,20110705,46,48.35,45.75,46.65,57812
MUKTAARTS,20110705,38.45,38.85,36.9,37.35,1390
MUNDRAPORT,20110705,161.25,161.9,159.25,159.9,376300
MUNJALAU,20110705,131.2,137.45,131,135.9,6025
MUNJALSHOW,20110705,57.05,59.4,57.05,59.1,10914
MURLIIND,20110705,25,25.7,24.05,24.55,4814
MURUDCERA,20110705,17,18.25,17,17.6,2674
MUTHOOTFIN,20110705,165.85,166.95,162.7,163.3,194339
MVL,20110705,25.05,25.35,24.6,24.95,72385
MVLIND,20110705,16,16,15.55,15.65,1436
MYSOREBANK,20110705,643,650,632,639.85,1901
N100,20110705,101,103.9,101,102.99,6585
NAGARFERT,20110705,35.2,35.9,35.15,35.6,1554126
NAGREEKEXP,20110705,20.55,22,20.55,21.95,519
NAHARCAP,20110705,60,64.95,60,62.45,690
NAHARINDUS,20110705,52.05,53,51.8,51.9,1219
NAHARPOLY,20110705,28.5,29.3,28.5,29.3,1278
NAHARSPING,20110705,81,82.9,80.15,80.7,6326
NANDAN,20110705,2.45,2.7,2.45,2.6,269529
NATCOPHARM,20110705,266,280.1,257,268.95,47201
NATIONALUM,20110705,84.45,84.95,83.65,84.1,76957
NATNLSTEEL,20110705,18.1,19.6,18.1,19.4,38764
NAUKRI,20110705,730,730,713,722.6,1570
NAVINFLUOR,20110705,295,299.5,290.1,298.2,23766
NAVNETPUBL,20110705,62.6,63.25,62.1,63.2,68582
NBVENTURES,20110705,219.5,219.85,213,216.05,12597
NCC,20110705,85.5,85.8,81.8,83.45,1008340
NCLIND,20110705,35.4,36.9,35.4,36.1,8870
NDTV,20110705,70,70.5,67.15,69,95173
NECLIFE,20110705,25.85,26,25,25.25,91862
NEHAINT,20110705,183.1,190.75,183,188.8,104697
NELCAST,20110705,100.15,102,99.1,100.65,4908
NELCO,20110705,78.95,81.3,78.4,79.9,495814
NEOCURE,20110705,2.9,2.95,2.85,2.95,14188
NEPCMICON,20110705,4.3,4.3,4.2,4.25,5849
NESCO,20110705,569.75,573.7,554.5,565,120490
NESTLEIND,20110705,4435.8,4435.8,4265,4280.5,20477
NET4,20110705,122,122,115,118.85,28165
NETWORK18,20110705,129.2,132.35,129.2,129.95,53289
NEULANDLAB,20110705,124.7,125,120.5,122.45,2576
NEXTMEDIA,20110705,5.5,5.9,5.5,5.6,4532
NEYVELILIG,20110705,103,104.6,100,103.05,1520774
NFL,20110705,94.95,95.45,93.7,94.1,108820
NHPC,20110705,25,25.15,24.7,24.9,1751899
NIFTYBEES,20110705,572.2,573.8,570,572.48,32246
NIITLTD,20110705,55,57.95,54.45,56.1,1001423
NIITTECH,20110705,183.65,183.7,180.5,181.15,23751
NILKAMAL,20110705,259,265.05,258.7,264.9,2345
NIPPOBATRY,20110705,468,480,468,472.15,1671
NISSAN,20110705,2.65,2.8,2.6,2.7,66428
NITCO,20110705,59.15,60,59.1,59.65,6339
NITESHEST,20110705,23.55,23.95,22.9,23.05,51821
NITINFIRE,20110705,99.1,99.2,97.25,97.65,41517
NITINSPIN,20110705,8.7,9.1,8.6,9,21922
NMDC,20110705,264.3,264.3,258.15,259.4,90090
NOCIL,20110705,17.35,17.55,17.2,17.25,140954
NOIDATOLL,20110705,26.7,27,26.15,26.3,117504
NOL,20110705,52.5,52.5,50.1,52.45,246
NORBTEAEXP,20110705,7.1,7.3,6.9,6.9,13533
NORTHGATE,20110705,12.05,12.1,11.75,11.75,17878
NOVOPANIND,20110705,42.5,42.5,41.7,41.7,1200
NRBBEARING,20110705,50,50.9,49.5,50.4,9075
NRC,20110705,5.55,5.95,5.4,5.75,6417
NSIL,20110705,769,774.95,763,769.95,55
NTPC,20110705,184.35,185.9,182.65,184.7,2173379
NUCHEM,20110705,4.65,5,4.65,4.8,6106
NUCLEUS,20110705,84.65,85.95,84.5,85.1,23747
NUMERICPW,20110705,225,230,221.7,226.95,1486
NUTEK,20110705,5.05,5.65,5.05,5.45,803532
OBEROIRLTY,20110705,245,247.85,243.45,244.8,50832
OCL,20110705,103.7,103.7,101.8,102,1459
OFSS,20110705,2310,2325,2285,2304.6,22698
OIL,20110705,1291,1338,1291,1305.2,49466
OILCOUNTUB,20110705,72.2,72.45,70.7,71.5,10519
OISL,20110705,41.9,41.9,39.2,39.6,10026
OMAXAUTO,20110705,41.65,42.7,41.65,42.5,17091
OMAXE,20110705,132,132.25,130.8,131.35,131483
OMKARCHEM,20110705,63.1,68.6,63.1,68.25,15163
OMMETALS,20110705,37,37.85,33.1,35.6,3384
OMNITECH,20110705,147.7,148.65,145.5,147.15,2907
ONGC,20110705,278,280.4,275,276.5,3876205
ONMOBILE,20110705,109,112.5,109,111.45,859027
ONWARDTEC,20110705,38.6,40,37,38,18200
OPTOCIRCUI,20110705,294.05,297,289.5,293.35,265173
ORBITCORP,20110705,45,45.2,43.7,44.1,978413
ORCHIDCHEM,20110705,272,273,268,270.1,320272
ORIENTABRA,20110705,30,32,29.1,31.55,19394
ORIENTALTL,20110705,8.55,8.8,8.55,8.55,801
ORIENTBANK,20110705,343.35,346.1,337.5,339.15,325530
ORIENTCERA,20110705,52,54.2,51,54.2,451
ORIENTHOT,20110705,29.4,30.6,29.4,30.15,1699
ORIENTLTD,20110705,87,94.4,84.85,91.95,22607
ORIENTPPR,20110705,55.05,56.2,55.05,55.65,11689
ORISSAMINE,20110705,60406,60406,58611.15,59157.3,1187
OUDHSUG,20110705,32.05,32.35,30.8,31.25,22019
PAEL,20110705,27,31.4,26.2,30.05,30643
PAGEIND,20110705,1950,1997,1940,1945.65,5665
PANACEABIO,20110705,169.9,170,167.05,167.25,12151
PANASONIC,20110705,109.1,116,107,114.65,3307
PANCARBON,20110705,161.15,166.7,155,156.8,13892
PANORAMUNI,20110705,13.8,14.8,13.8,14.35,4344
PANTALOONR,20110705,322.95,323.5,315.05,315.85,311699
PAPERPROD,20110705,73.05,75,73.05,74.75,13178
PARABDRUGS,20110705,41.8,41.8,40.7,40.9,14340
PARACABLES,20110705,3.95,3.95,3.7,3.85,26013
PARAL,20110705,282,286.95,280.05,284.45,5938
PARAPRINT,20110705,23.65,23.65,21.75,21.9,322118
PARASPETRO,20110705,0.6,0.6,0.55,0.6,22413
PAREKHPLAT,20110705,4.75,4.75,4.3,4.45,16002
PARRYSUGAR,20110705,127,129,126.4,127.2,476
PARSVNATH,20110705,48.9,48.9,47.75,47.95,871246
PATELENG,20110705,154,158.45,152.5,156.75,899111
PATINTLOG,20110705,34.35,34.35,31.5,32.1,4101
PATNI,20110705,338.55,346.9,335.5,340.95,277664
PATSPINLTD,20110705,16,17.1,16,16.85,3362
PBAINFRA,20110705,63.15,63.5,62.3,62.85,9408
PDPL,20110705,95.05,100.4,95.05,100.4,11482
PDUMJEIND,20110705,20,20.7,20,20.5,14105
PDUMJEPULP,20110705,20.7,20.7,19.85,20,1394
PEACOCKIND,20110705,3.3,3.9,3.3,3.65,21110
PENIND,20110705,39.2,41.5,39,40.3,125204
PENINLAND,20110705,54,54.6,51.7,51.95,43231
PEPL,20110705,3.25,3.4,3.25,3.4,29480
PERSISTENT,20110705,368.1,370.45,361,367.75,5019
PETRONENGG,20110705,348.05,354.8,348.05,349.9,4467
PETRONET,20110705,139.7,141.4,137.15,140.1,2025957
PFC,20110705,194.85,197.8,192.3,193,1466915
PFIZER,20110705,1481,1481,1456,1472.25,1426
PFOCUS,20110705,62.55,62.6,58.55,59.75,976479
PFS,20110705,17.65,17.75,17.5,17.65,50462
PGHH,20110705,1995,2010,1980,1998.05,21842
PHILIPCARB,20110705,136.65,143.5,136.65,141.75,22228
PHOENIXLTD,20110705,197.5,197.5,192.25,194.15,12599
PIDILITIND,20110705,167.95,172,166.75,170.75,182323
PIIND,20110705,727.75,775,727.75,748.75,3564
PIONDIST,20110705,49.45,53.85,45,51,3969
PIONEEREMB,20110705,18.3,18.85,17.9,18.25,3339
PIPAVAVYD,20110705,77.1,78.6,76.5,77.25,1172290
PIRGLASS,20110705,131.2,134.95,106.7,132.9,24181
PIRHEALTH,20110705,402.95,403.2,393,400.2,255480
PIRLIFE,20110705,91.45,94.15,90.15,93.35,8993
PITTILAM,20110705,37,39.25,36.3,39,3109
PLASTIBLEN,20110705,201,203,201,202,451
PLETHICO,20110705,352,352.35,347.65,349.15,97203
PNB,20110705,1128,1144.7,1110,1134.5,136525
PNBGILTS,20110705,25,25.3,24.8,24.95,21208
PNC,20110705,18.45,19.5,16.6,17,78378
POCHIRAJU,20110705,16.3,16.6,16.15,16.15,7029
POLARIND,20110705,7.15,7.25,6.8,7.25,82543
POLARIS,20110705,186.1,190.7,185.6,189.6,396563
POLYPLEX,20110705,200.5,202,198.5,199.4,93042
PONDYOXIDE,20110705,30.65,31.35,30.5,31.05,3234
PONNIERODE,20110705,95,95,94,94,280
POWERGRID,20110705,110,110.35,108,109.6,5999533
PPAP,20110705,104.55,107.25,104.55,106.65,7941
PRADIP,20110705,86.9,87.85,86.75,87,3085
PRAENG,20110705,10.9,11.25,10.75,11,20376
PRAJIND,20110705,77.7,77.7,75.45,76.5,312612
PRAKASH,20110705,70,72.2,69.05,71.35,363464
PRAKASHSTL,20110705,143.9,144.4,142.1,142.2,1046
PRATIBHA,20110705,55.05,56.4,53.4,53.55,112031
PRECOT,20110705,148,148.9,143.1,146.25,1365
PRECWIRE,20110705,120.15,122,120.15,121.4,3341
PREMIER,20110705,91.75,92.65,90.95,91.25,4926
PRESTIGE,20110705,123.6,125.1,120.3,122,131972
PRETAILDVR,20110705,183.95,184,178.5,178.85,28848
PRICOL,20110705,21,21.7,20.3,20.65,40613
PRIMESECU,20110705,23.05,23.75,22.75,23.3,18066
PRISMCEM,20110705,44.5,45.9,44.2,45.2,25307
PRITHVI,20110705,30,31.5,29.8,31.45,30240
PROVOGUE,20110705,36.55,36.85,35.9,36.1,202052
PSB,20110705,101.95,102.5,101,101.65,109916
PSL,20110705,73,73.9,71,72.5,44170
PSUBNKBEES,20110705,408.5,412,402.8,405.81,1208
PTC,20110705,79.5,80.2,78.55,78.95,478584
PUNJABCHEM,20110705,90,90.9,84.05,89.9,3285
PUNJLLOYD,20110705,76.7,77.35,74.65,75.95,4943560
PURVA,20110705,92.15,93.7,90.2,90.6,14929
PVP,20110705,9.3,9.3,9.05,9.15,29855
PVR,20110705,103.15,103.85,102,103.4,49289
QGOLDHALF,20110705,1050,1050.95,1044,1047.1,751
QNIFTY,20110705,567.06,567.06,565.9,565.9,38
QUINTEGRA,20110705,4.1,4.1,3.9,3.9,16082
RADAAN,20110705,2.35,2.45,2.3,2.4,30664
RADICO,20110705,128.85,128.85,126.65,127.55,80576
RAINBOWPAP,20110705,61.8,69.8,60.3,61.5,64971
RAINCOM,20110705,33.25,33.25,32.6,32.85,50998
RAJESHEXPO,20110705,100.55,105.25,99.2,104.25,865666
RAJOIL,20110705,32.15,32.8,32.15,32.55,43891
RAJPALAYAM,20110705,593,636.35,584.25,636.35,17110
RAJRAYON,20110705,11.25,12.05,11.25,11.7,1702
RAJSREESUG,20110705,48.7,49.3,48.3,48.75,6737
RAJTV,20110705,51.4,52.2,50.5,51.35,16311
RAJVIR,20110705,152.05,152.05,151.1,151.15,45
RALLIS,20110705,1565,1565,1528.15,1542.55,10113
RAMANEWS,20110705,15,15.5,15,15.05,22215
RAMCOIND,20110705,40.35,40.8,40.2,40.5,10169
RAMCOSYS,20110705,93,93.45,92.2,92.9,6883
RAMKY,20110705,273.7,274.6,271.5,273.25,10167
RAMSARUP,20110705,15.5,16.2,15.5,15.75,22652
RANASUG,20110705,5.8,5.9,5.55,5.65,476944
RANBAXY,20110705,533.6,548,528,544.8,670616
RANEENGINE,20110705,232,234,218.1,228.35,259
RANEHOLDIN,20110705,244,244.25,237.4,241,1967
RANKLIN,20110705,15.05,16.05,15,15.3,13870
RATNAMANI,20110705,100,103.7,100,100.9,22131
RAYMOND,20110705,376,379.4,370.2,376.1,368925
RBL,20110705,113.8,116,113.75,116,1202
RBN,20110705,80,81.1,79.5,80.3,63885
RCF,20110705,80.9,82,78.15,78.7,395227
RCOM,20110705,100.1,101,98.15,99.75,4894542
RECLTD,20110705,202,204.45,201.05,202.6,1813092
REDINGTON,20110705,89.45,89.5,86.6,87.25,5997624
REFEX,20110705,21.65,22.25,21.65,21.7,152873
REIAGROLTD,20110705,26.9,27.9,26.9,27.7,251957
REISIXTEN,20110705,30,30.9,29.8,30.4,3189
RELAXO,20110705,288,292,275.75,277.2,22
RELBANK,20110705,1085,1085,1035.01,1041.97,294
RELCAPITAL,20110705,590,613,581.8,609.2,1674721
RELGOLD,20110705,2045.05,2054.7,2040.95,2046.15,2363
RELGRNIFTY,20110705,559,565,547.15,556.01,2272
RELIANCE,20110705,869.3,869.3,844,845.95,7727430
RELIGARE,20110705,458.1,459,456,457.75,11925
RELIGAREGO,20110705,2180,2180,2163,2169.8,131
RELINFRA,20110705,578,584.9,565,578.95,1720199
RELMEDIA,20110705,133.55,133.7,127.2,131.5,1426805
RENUKA,20110705,73.5,73.85,70.75,71.2,12406952
REPRO,20110705,142.5,143.5,141.5,142.4,9739
RESPONIND,20110705,95.55,95.95,95.3,95.35,8120
RESURGERE,20110705,0.65,0.65,0.6,0.6,9055490
REVATHI,20110705,400,404.5,397,397,195
RICOAUTO,20110705,15.3,15.5,15.3,15.4,34764
RIIL,20110705,543,544,532.5,540.5,143175
RKDL,20110705,22.05,23,22.05,22.9,15036
RKFORGE,20110705,111,118,111,118,8362
RMCL,20110705,6.95,7,6.9,7,1358
RML,20110705,137,139.95,136.5,137.1,1290
ROHITFERRO,20110705,36.5,36.75,35.8,36.05,41451
ROHLTD,20110705,65.9,68.2,65.8,67.5,7719
ROLTA,20110705,133.05,134.9,131.4,133.2,897240
ROMAN,20110705,24.8,25.85,24.8,25,1558
RPGLIFE,20110705,85.95,85.95,81.35,83,7118
RPOWER,20110705,117.7,119.3,117.05,118.7,1886530
RPPINFRA,20110705,82.95,83.8,81,81.5,42766
RSSOFTWARE,20110705,60.85,61.9,59.5,60.85,23744
RSWM,20110705,140,140.25,137,137.35,15758
RSYSTEMS,20110705,106.75,107.1,106.75,107.1,93
RUBYMILLS,20110705,731.95,740,710,731.1,170
RUCHINFRA,20110705,21,21,20,20.3,4865
RUCHIRA,20110705,10,10.05,9.85,10,2417
RUCHISOYA,20110705,98.05,98.8,96.8,97.25,75934
SABTN,20110705,51.75,53.2,51.65,52.85,5752
SADBHAV,20110705,134.25,138.05,134.25,136.3,14520
SAHPETRO,20110705,37.45,37.45,35.55,36.55,914
SAIL,20110705,138.6,143.15,137.35,142.25,3630368
SAKHTISUG,20110705,37.4,37.4,36.3,36.6,104347
SAKSOFT,20110705,59.5,62.5,59.1,59.5,26385
SAKUMA,20110705,14.85,15.1,14.85,14.85,8000
SALORAINTL,20110705,29.5,30.05,29.5,30.05,147
SALSTEEL,20110705,6.9,7.5,6.9,7.05,125422
SAMBANDAM,20110705,83.05,89.85,83.05,89.7,380
SAMBHAAV,20110705,1.45,1.6,1.45,1.45,6031
SANDESH,20110705,276.05,276.05,276.05,276.05,33
SANGAMIND,20110705,42.1,42.15,41.1,41.9,8155
SANGHIIND,20110705,17.8,18,17.65,18,1442
SANGHIPOLY,20110705,1.7,1.7,1.65,1.65,1000
SANGHVIFOR,20110705,44.05,44.9,42.45,43.95,28616
SANGHVIMOV,20110705,120.3,121.95,117,119.7,8911
SANWARIA,20110705,32.75,32.95,30.9,31.7,71375
SARDAEN,20110705,222.9,224.4,218.1,219.55,10148
SAREGAMA,20110705,65.65,74.65,65.65,71.15,353700
SASKEN,20110705,135.9,138.85,135,135.7,57939
SATHAISPAT,20110705,50,50.5,49.4,49.45,9177
SATYAMCOMP,20110705,90.55,94.1,89.55,90.35,13506417
SAVERA,20110705,36.6,36.65,36.6,36.65,670
SBBJ,20110705,495.6,506,495.6,503.8,6248
SBIGETS,20110705,2136,2150,2132,2132.25,37268
SBIN,20110705,2439,2478.4,2409.5,2473.3,1594079
SBT,20110705,715.85,721.8,710,713.35,5536
SCI,20110705,106.75,107.05,105.15,105.35,113717
SEAMECLTD,20110705,92.7,92.7,89.9,91.55,3498
SEINVEST,20110705,15.05,15.9,14.05,15.9,912172
SELAN,20110705,301.25,302.95,295,295.55,10496
SELMCL,20110705,18.4,18.4,17.85,17.95,528827
SENTINEL,20110705,15.3,15.75,15.2,15.25,11562
SERVALL,20110705,8.25,8.45,8.1,8.3,62495
SESAGOA,20110705,284.9,288,283.15,287,1188539
SESHAPAPER,20110705,240,241.5,235.85,236.15,148
SGFL,20110705,6.3,6.3,6.3,6.3,1556
SGJHL,20110705,279.05,279.05,270,270.5,67860
SGL,20110705,4,4.4,4,4.2,1473
SHAHALLOYS,20110705,12.2,12.3,12.2,12.3,20
SHANTIGEAR,20110705,44.45,44.7,43.05,44.2,187597
SHARIABEES,20110705,124.4,124.4,122.2,124.2,142
SHARRESLTD,20110705,51.4,52.95,49.2,52.05,317
SHASUNPHAR,20110705,76.5,79.35,75.25,77.8,16596
SHILPAMED,20110705,266,270,258,260.2,2356
SHILPI,20110705,18.8,18.8,18.1,18.3,62220
SHIV-VANI,20110705,225.8,229.8,222.2,227.8,32581
SHIVAMAUTO,20110705,112,114.5,110.3,113.9,594
SHIVTEX,20110705,30,31.45,30,31.1,814
SHLAKSHMI,20110705,85,86,83.55,85,47032
SHOPERSTOP,20110705,465.55,476.5,461.05,465.45,143225
SHPRE,20110705,6.55,6.8,6.05,6.1,13710
SHREEASHTA,20110705,5.15,5.2,4.9,5,6834882
SHREECEM,20110705,1744,1744,1702.1,1718.8,6400
SHREERAMA,20110705,5.6,5.6,5.45,5.5,9502
SHRENUJ,20110705,57,59.85,57,58,88886
SHREYANIND,20110705,20.05,20.05,20.05,20.05,100
SHREYAS,20110705,30,30.95,30,30.75,815
SHRIRAMCIT,20110705,550.1,552,549.95,550,662
SHRIRAMEPC,20110705,160.05,163.4,160.05,162.45,3561
SHYAMTEL,20110705,41,42.5,40.5,40.9,7086
SICAGEN,20110705,25.6,25.6,24.65,24.9,11568
SICAL,20110705,72,73,71.1,72.2,57055
SIEMENS,20110705,891.6,901.9,885.2,889.85,129391
SILINV,20110705,96.5,96.5,92.2,92.2,301
SIMBHSUGAR,20110705,40.3,41.5,40.1,40.15,19624
SIMPLEX,20110705,98,105.7,97,103.75,1396
SIMPLEXINF,20110705,269.95,269.95,265.1,265.55,1977
SINTEX,20110705,182,182.6,176,177.3,1535834
SIRPAPER,20110705,54,55,54,54.6,252
SITASHREE,20110705,6,6.15,6,6,5751
SIYSIL,20110705,405.05,405.05,388.05,392.4,5361
SJVN,20110705,21.7,21.95,21.6,21.8,185488
SKFINDIA,20110705,660,678,658.5,670.95,34574
SKMEGGPROD,20110705,8.8,9,8.7,8.85,5072
SKSMICRO,20110705,337.7,347.7,333,343.7,138094
SKUMARSYNF,20110705,56.1,57.8,55.2,55.8,8029565
SMARTLINK,20110705,53.7,53.7,50,51.25,50599
SMLISUZU,20110705,380,382,361,377.65,4596
SMPL,20110705,9.95,10.05,9.9,9.95,53426
SMSPHARMA,20110705,197,198.9,196.25,196.5,1448
SOBHA,20110705,280.05,283.5,273.15,281.5,225017
SOFTTECHGR,20110705,4.85,5,4.65,4.85,1002
SOLARINDS,20110705,628,639.95,628,639.35,91
SOMANYCERA,20110705,41.1,41.5,40.3,40.75,1580
SOMATEX,20110705,7.8,7.8,7.65,7.8,1447
SONASTEER,20110705,15.9,16.25,15.75,15.8,31628
SONATSOFTW,20110705,43.35,43.4,42.35,42.55,142896
SOTL,20110705,569.4,569.4,553,561.9,521
SOUISPAT,20110705,8.15,8.35,8,8.05,85208
SOUTHBANK,20110705,24,24.2,23.55,24,3632899
SPANCO,20110705,137.25,141,137,138.15,2025
SPARC,20110705,96.55,101.65,96.15,97.9,1409160
SPECTACLE,20110705,18.05,18.05,16.6,16.7,57464
SPENTEX,20110705,12.1,13.45,12.1,13.4,702
SPIC,20110705,31.75,33.7,31.15,32.75,5212105
SPICEMOBIL,20110705,103.25,104.5,102,103.65,4483
SPLIL,20110705,4,4.1,3.85,3.9,31431
SPMLINFRA,20110705,168,169,158.1,160.25,970
SPYL,20110705,30.5,31,30,30,2518
SREINFRA,20110705,45,45.3,43.1,43.45,983975
SRF,20110705,308,314.4,303.15,310.9,81312
SRGINFOTEC,20110705,0.6,0.6,0.55,0.55,5959
SRHHLINDST,20110705,3.6,4.3,3.6,3.7,953
SRHHYPOLTD,20110705,42.8,42.85,42.8,42.85,307
SRICHAMUND,20110705,40.65,42.7,40.65,41.05,710
SRTRANSFIN,20110705,674.85,686.55,670,681,714725
SSWL,20110705,303,303,286.4,288.75,118928
STAR,20110705,339.9,340.9,335,335.3,67349
STARPAPER,20110705,21.75,22.85,21.25,22.15,1170
STCINDIA,20110705,214.5,217,213.25,214.9,92532
STER,20110705,171.8,174.5,169.85,173,3899534
STERLINBIO,20110705,86.25,87.45,84.2,85.2,490639
STERTOOLS,20110705,115.6,121.8,115.6,118.9,323
STRTECH,20110705,55,56.85,54.8,56.45,1276520
SUBEX,20110705,59.5,61.6,58.75,60.8,1479771
SUDAR,20110705,111.1,111.6,108.25,109.25,21132
SUDARSCHEM,20110705,750.55,750.55,750.5,750.5,59
SUJANATOW,20110705,33,33.8,32.75,32.95,539215
SUJANAUNI,20110705,5.9,5.9,5.65,5.7,25999
SUMEETINDS,20110705,38.9,40.55,37.95,39.05,726910
SUMMITSEC,20110705,88.9,88.9,82.05,83.35,321
SUNCLAYTON,20110705,145.2,150,145.2,149.3,1798
SUNDARAM,20110705,42.75,43.5,42.2,42.8,144389
SUNDARMFIN,20110705,534.25,558,526.05,545,26837
SUNDRMBRAK,20110705,152,159.9,152,159.8,4321
SUNDRMFAST,20110705,58.5,60.3,58.25,59.55,36622
SUNFLAG,20110705,25.55,26.45,25.55,26,33788
SUNILHITEC,20110705,120.5,123,119.65,120.15,9425
SUNPHARMA,20110705,500,500.7,493.05,498.3,793221
SUNTECK,20110705,301,303,291.1,296.15,9122
SUNTV,20110705,338,339.95,328.25,331.8,1656198
SUPER,20110705,241,241,238.95,239,627
SUPERSPIN,20110705,8.45,8.7,8.2,8.45,7156
SUPPETRO,20110705,68.25,68.25,65,66.15,16420
SUPRAJIT,20110705,21,21,19.45,19.6,12886
SUPREMEIND,20110705,181.5,183.5,180.3,182.05,21484
SUPREMEINF,20110705,251.15,276.25,244,270.15,37569
SURAJDIAMN,20110705,47.1,47.85,47.1,47.75,16536
SURANACORP,20110705,91.5,95,91.5,94.6,190
SURANAIND,20110705,370,370,328,344.25,4712
SURANAT&P,20110705,15.5,15.8,15.5,15.55,2700
SURANAVEL,20110705,42,42,42,42,225
SURYAJYOTI,20110705,30.65,30.65,29.35,29.55,5241
SURYALAXMI,20110705,70.1,70.95,69.5,70.3,3977
SURYAPHARM,20110705,22,22,21,21.2,84362
SURYAROSNI,20110705,84.4,88,83.6,85.55,35077
SUTLEJTEX,20110705,202.7,209.95,202.7,205.45,1293
SUVEN,20110705,20.45,20.85,20.4,20.5,26050
SUZLON,20110705,50,50.65,49.2,50.35,17738823
SWARAJENG,20110705,446,446,435,440,1538
SYMPHONY,20110705,1179,1348.75,1175,1280.3,6616
SYNCOM,20110705,22.1,22.25,21.6,21.8,13098
SYNDIBANK,20110705,119.85,120.5,115.85,116.25,948583
TAINWALCHM,20110705,34.15,34.4,32.5,32.5,10142
TAJGVK,20110705,104,105.5,104,104.4,7297
TAKE,20110705,38.7,39.75,38.7,38.85,13766
TALBROAUTO,20110705,51.65,53.5,51.6,53.45,148
TALWALKARS,20110705,251.5,258.8,245.4,257.25,287196
TANFACIND,20110705,27.7,27.7,27.7,27.7,100
TANLA,20110705,14.4,14.6,14.2,14.25,58500
TANTIACONS,20110705,67.25,69,67.25,68.5,6141
TARAPUR,20110705,20,20.2,19.85,20,9118
TATACHEM,20110705,370,380,369.05,378.35,498677
TATACOFFEE,20110705,869.65,869.65,840.25,846.55,262407
TATACOMM,20110705,217.8,224.75,214.8,219.65,1511808
TATAELXSI,20110705,253.35,257.35,252.75,255.55,112121
TATAGLOBAL,20110705,105.7,107.65,102.3,103,3742291
TATAINVEST,20110705,504.95,510,496.6,500.45,2405
TATAMETALI,20110705,102,104.7,101.05,102.35,31246
TATAMOTORS,20110705,1020,1028.4,1009,1015.95,2316390
TATAMTRDVR,20110705,556.95,569.45,551,563.9,802498
TATAPOWER,20110705,1322.55,1322.95,1312.05,1317.25,83351
TATASPONGE,20110705,340.1,357.95,340.1,354.65,30835
TATASTEEL,20110705,599.9,606.9,594.2,597.4,2963805
TCI,20110705,87.45,92,87.2,91.1,30393
TCIDEVELOP,20110705,189,193.5,185,188,876
TCIFINANCE,20110705,52.5,53.7,50.6,53,6601
TCS,20110705,1189.8,1191,1173.4,1179.45,1030568
TECHM,20110705,725.25,736.8,722,734.65,260316
TECHNO,20110705,231.5,234.5,225.1,228.7,7836
TECHNOFAB,20110705,141,145.4,139.1,140.35,20698
TECPRO,20110705,281,288,279,284.85,38823
TELEDATAIT,20110705,0.4,0.45,0.35,0.4,669913
TEXMACOLTD,20110705,34.15,34.75,33.3,33.85,105803
TEXMOPIPES,20110705,37,37.55,35.15,35.9,48313
TEXRAIL,20110705,92.8,93.5,91.05,92.05,31878
TFCILTD,20110705,28.45,29.9,28,28.45,553361
TFL,20110705,15.9,15.9,15.15,15.45,167
THANGAMAYL,20110705,155.1,156.25,154.15,155.5,5335
THEMISMED,20110705,158.35,158.35,152.5,152.5,515
THERMAX,20110705,602.4,602.4,593.45,595.45,37538
THINKSOFT,20110705,51.45,51.45,49.75,50.15,27797
THIRUSUGAR,20110705,99,99,96,96.35,101
THOMASCOOK,20110705,50.85,52.5,50.2,51.35,371104
TI,20110705,45.75,46.8,44,46.2,251691
TIDEWATER,20110705,7350,7423.5,7276,7330.5,2315
TIIL,20110705,53.4,53.9,52.5,52.9,2843
TIL,20110705,442,449.9,441,446.5,2533
TIMBOR,20110705,50.05,50.05,50.05,50.05,16112
TIMESGTY,20110705,35.85,35.85,33.95,35.55,53
TIMETECHNO,20110705,70.95,71.25,68.1,68.95,138314
TIMKEN,20110705,232.9,234.65,229,230.45,171572
TINPLATE,20110705,60.45,62.15,59.85,61.2,131663
TIPSINDLTD,20110705,28.1,29,27.65,28.25,11232
TIRUMALCHM,20110705,101.7,101.7,97.4,98,1506
TITAN,20110705,218,220.25,215.3,218.2,3384747
TNPETRO,20110705,17.4,17.4,16.8,17,30847
TNPL,20110705,117.9,118,116,117.4,43218
TODAYS,20110705,7.05,7.4,7.05,7.1,2256
TOKYOPLAST,20110705,14.05,14.7,13.95,14.7,3945
TORNTPHARM,20110705,626,634.95,625,630.05,981531
TORNTPOWER,20110705,235.95,237.8,233.3,236.05,35630
TRENT,20110705,1229,1279,1225,1238.65,94621
TRF,20110705,377,384,376.25,377.9,9410
TRICOM,20110705,14.9,15.6,14.9,15.1,7461
TRIDENT,20110705,14.05,14.3,14.05,14.2,29086
TRIGYN,20110705,18.45,18.45,18,18,2555
TRIL,20110705,256,259.8,250.1,253.4,10190
TRIVENI,20110705,40,40.2,38.7,38.85,958899
TTKHEALTH,20110705,410,412.55,405.2,406.85,4059
TTKPRESTIG,20110705,2930,2933.4,2711.15,2769.45,182047
TTL,20110705,28.8,29.95,28.8,29,4013
TTML,20110705,20.1,20.35,19.6,19.75,4293920
TUBEINVEST,20110705,144.8,150.45,143,149.3,318912
TULIP,20110705,157.6,159.85,156.5,158,101785
TULSI,20110705,16.55,18.25,16.4,17.7,919842
TULSYAN,20110705,46.5,46.95,43.75,46.95,458
TVSELECT,20110705,23,23.85,23,23.7,1090
TVSMOTOR,20110705,53.5,54.4,53.2,53.55,657170
TVSSRICHAK,20110705,330.75,337.8,326.1,330.95,1119
TVTODAY,20110705,65.85,66.5,64.65,65.45,42741
TWILITAKA,20110705,54.9,57,51.6,51.8,75400
TWL,20110705,413,416.75,400.45,407.85,14084
UBENGG,20110705,76.5,77.8,75.3,76.6,22994
UBHOLDINGS,20110705,156.05,162.9,156.05,156.85,186168
UBL,20110705,519.55,527.9,515.1,517.55,86653
UCALFUEL,20110705,82.2,84.85,82.2,83.85,27120
UCOBANK,20110705,95.15,96,92.75,93.1,2423645
UFLEX,20110705,213,213.5,209,210.25,402305
UGARSUGAR,20110705,15.25,15.8,14.65,15.25,33193
ULTRACEMCO,20110705,943.15,967.2,941.1,963.2,166978
UMESLTD,20110705,24.2,26.2,23,24.1,5026
UNICHEMLAB,20110705,158,162.4,156.8,160.7,16871
UNIENTER,20110705,25.65,27,25.65,26.95,4435
UNIONBANK,20110705,300.75,302.75,299,300.55,1398587
UNIPHOS,20110705,159.9,159.9,156.5,157.5,846353
UNIPLY,20110705,13.55,13.55,13.55,13.55,100
UNITECH,20110705,33.9,33.9,32.9,33.15,11498501
UNITEDBNK,20110705,98,98,96.2,96.5,41693
UNITEDTEA,20110705,125.15,130.75,122.7,123.15,485
UNITY,20110705,64.8,65.2,64.15,64.65,50190
UNIVCABLES,20110705,61.5,63,59.7,62.05,254
UPERGANGES,20110705,57,59,56.65,57,671
USHAMART,20110705,55.9,56.3,55.4,55.7,307516
USHERAGRO,20110705,123.75,124.85,122.15,123.15,164905
UTISUNDER,20110705,859.95,859.95,859.95,859.95,1
UTTAMSTL,20110705,106.8,112,105.55,108.4,200677
UTTAMSUGAR,20110705,39.8,39.8,38.5,38.85,5375
UTVSOF,20110705,835,835.4,814,820.25,80009
VADILALIND,20110705,159.05,161.7,157.55,159,1830
VAIBHAVGEM,20110705,46.3,48.45,46.25,46.5,13302
VAKRANSOFT,20110705,376.2,382,375.05,376.15,4553
VALECHAENG,20110705,97.5,98.8,96.45,97.65,13261
VALUEIND,20110705,19.75,19.9,19.65,19.75,8303
VARDHACRLC,20110705,10.15,10.3,10.15,10.2,41600
VARDMNPOLY,20110705,93,94.4,90.7,93.6,84618
VARUN,20110705,222.5,228.05,217.5,224.95,502628
VARUNSHIP,20110705,25,25,24.5,24.75,42812
VASCONEQ,20110705,77.6,78,77.55,77.85,5139
VENKEYS,20110705,626.2,647.2,612.3,634.7,252605
VENUSREM,20110705,189.8,192.5,187.8,191.55,4004
VESUVIUS,20110705,383.4,386.9,380,384.4,1131
VGUARD,20110705,223.1,227.8,220.7,225.85,183967
VHL,20110705,464,464.05,444,464.05,240
VICEROY,20110705,29.8,32.35,29.65,30.65,22570
VIDEOIND,20110705,201.95,202.05,197.8,198.55,125113
VIJAYABANK,20110705,71.6,71.6,69.5,69.75,2787188
VIJSHAN,20110705,19,20,19,19.75,2086
VIKASHMET,20110705,13.2,13.25,12.4,12.5,594000
VINATIORGA,20110705,72.15,73.8,72,72.1,3684
VINDHYATEL,20110705,171,176.4,169.5,176.4,682
VINYLINDIA,20110705,12.55,12.8,12.15,12.7,2285
VIPIND,20110705,840.6,860,839,846.55,2179271
VIPUL,20110705,11.35,11.85,11.35,11.5,1383
VISAKAIND,20110705,101,105.65,101,104.75,24512
VISASTEEL,20110705,59,60,58.15,58.95,15429
VISESHINFO,20110705,9,9.3,9,9,1666
VISHALRET,20110705,34.05,34.05,33.15,33.4,29816
VISUINTL,20110705,2.95,3,2.9,3,22980
VIVIMEDLAB,20110705,280,288.75,279,284.8,49658
VLSFINANCE,20110705,14.25,15.25,14.2,14.45,25472
VOLTAMP,20110705,527.85,542.4,523,536.7,89632
VOLTAS,20110705,163.85,169.35,163.85,168.45,3210805
VSTIND,20110705,1055,1091,1042.15,1049.9,33681
VSTTILLERS,20110705,496,525,486.5,512.85,3244
VTL,20110705,222,224.6,220.5,221.45,6338
WABAG,20110705,1273.05,1289,1268.05,1276.2,986
WABCO-TVS,20110705,1082.05,1115,1016.15,1067,5671
WALCHANNAG,20110705,128,131,127.25,129.3,112126
WANBURY,20110705,30.5,30.65,29.5,29.85,4246
WEBELSOLAR,20110705,64.1,65.5,63,63.05,30261
WEIZMANIND,20110705,11.2,11.9,11.2,11.7,1602
WELCORP,20110705,175,175,170.15,171.9,215925
WELINV,20110705,65.6,66.9,62.2,66,121
WELPROJ,20110705,70,70,67.25,67.5,45253
WELSPUNIND,20110705,43.85,44.2,43.15,43.45,23598
WENDT,20110705,1432,1479.85,1432,1450,235
WHEELS,20110705,263,263,259,261.7,301
WHIRLPOOL,20110705,258,264.7,252,255.95,34478
WILLAMAGOR,20110705,53,55.9,52.2,54.3,43750
WINSOMYARN,20110705,3.55,3.55,3.3,3.4,39254
WIPRO,20110705,422.65,430.5,422.5,428,1017951
WOCKPHARMA,20110705,385.6,411.5,378.35,399.8,668954
WSI,20110705,18.2,18.55,16.3,18.3,2807
WSTCSTPAPR,20110705,85,86.2,84.5,86,21436
WWIL,20110705,8.7,9.15,8.6,8.9,1135015
WYETH,20110705,958,974.7,956.35,960,972
XLENERGY,20110705,9.2,9.2,8.95,9.15,22016
XPROINDIA,20110705,53.55,54.35,53.1,53.4,4502
YESBANK,20110705,318.8,325.75,314,322.85,2185956
ZANDUREALT,20110705,2225,2255.1,2200,2255.1,2520
ZEEL,20110705,132,132,126.5,127.9,5534866
ZEELEARN,20110705,21,21,20.5,20.65,200339
ZEENEWS,20110705,12,12.45,11.85,12.1,716193
ZENITHBIR,20110705,6.55,6.6,6.5,6.5,371857
ZENITHCOMP,20110705,18.4,18.4,17.55,17.8,2088
ZENITHEXPO,20110705,51.55,52,51.55,52,699
ZENITHINFO,20110705,207,211,207,210.75,27
ZENSARTECH,20110705,163.2,167.45,163.2,165.55,4225
ZICOM,20110705,39.3,39.8,39.25,39.4,8397
ZODIACLOTH,20110705,370,374.6,366,367.05,1443
ZODJRDMKJ,20110705,22,22,22,22,40
ZUARIAGRO,20110705,633.5,658.85,633.5,651.45,158604
ZYDUSWELL,20110705,666,693.4,656,679.3,51169
ZYLOG,20110705,399,399,392.5,395.85,71167
NSENIFTY,20110705,5659.85,5659.85,5612.30,5632.10,100776400,4938.19
NIFTYJUNIOR,20110705,11451.20,11451.20,11366.05,11397.15,64026949,1217.95
BANKNIFTY,20110705,11385.05,11431.70,11302.60,11406.10,9887526,1035.69
NSEMIDCAP,20110705,8093.80,8097.40,8054.95,8068.90,121793271,1441.06
NSEIT,20110705,6711.95,6732.65,6660.35,6708.40,16088063,636.39
NSE100,20110705,5578.65,5578.65,5536.05,5554.25,164803349,6156.14
NSE500,20110705,4554.20,4554.20,4523.15,4537.10,431493193,9226.99
MIDCAP50,20110705,2465.65,2469.70,2454.75,2458.00,87056507,924.90
VIX,20110705,18.17,18.52,17.78,18.25,18.17,0.08
