20MICRONS,20111005,52.45,53.8,51.3,53.25,154636
3IINFOTECH,20111005,26.25,26.25,24.95,25.05,734649
3MINDIA,20111005,4098.95,4249.9,4070,4200.25,570
A2ZMES,20111005,205,210,200.7,202.1,49080
AANJANEYA,20111005,397.1,415,390.15,402.7,82372
AARTIDRUGS,20111005,104.5,104.5,101.1,102.75,740
AARTIIND,20111005,45.5,46.4,45.3,45.55,11846
AARVEEDEN,20111005,35.15,35.15,33.9,33.9,101
ABAN,20111005,344.8,345.2,335,337.75,525985
ABB,20111005,694.95,694.95,663.35,670.6,104454
ABBOTINDIA,20111005,1477,1477,1412.25,1444.55,2523
ABCIL,20111005,94.5,96,91.75,93.1,971
ABGSHIP,20111005,382.95,389.8,376.15,381.8,327045
ABHISHEK,20111005,9.8,9.95,9.55,9.8,1810
ABIRLANUVO,20111005,881.05,907.95,862,865.95,63371
ACC,20111005,1100,1116,1082.05,1107,281592
ACE,20111005,43,43.1,39.85,41.1,214078
ACKRUTI,20111005,186,189,183,186.1,4689
ACROPETAL,20111005,14.15,15.05,14,14.2,58131
ADANIENT,20111005,485.15,492.45,468,470.4,436699
ADANIPOWER,20111005,81.6,83.4,80,80.3,283831
ADFFOODS,20111005,57.7,61,55.05,55.2,2913
ADHUNIK,20111005,42.8,44.8,40,43.75,416509
ADORWELD,20111005,143.4,145.95,139.15,140.4,13482
ADSL,20111005,26.95,27,25.15,25.35,92197
ADVANIHOTR,20111005,35,36.2,34.95,35.05,27421
ADVANTA,20111005,347,354.4,340,349.9,24476
AEGISCHEM,20111005,186,186.8,178.1,180.6,3984
AFL,20111005,38,40.5,37.8,38.8,4843
AFTEK,20111005,11.5,11.5,10.35,10.4,101626
AGCNET,20111005,155,155,138,139.65,1522
AGRE,20111005,40.65,41,39.3,40,519
AGRODUTCH,20111005,6.7,7.2,6.7,7,7331
AHLEAST,20111005,304.75,304.75,292,299.45,4614
AHLUCONT,20111005,102.2,106.5,101.5,101.95,190
AHLWEST,20111005,150,154.7,145,145.55,2822
AHMEDFORGE,20111005,100.5,100.5,94.8,95.2,29733
AIAENG,20111005,309,314,307.1,310.6,10052
AJANTPHARM,20111005,304.55,305,298,299.6,2455
AJMERA,20111005,113.05,116.65,113.05,115,6167
AKSHOPTFBR,20111005,6,6.25,6,6.2,40091
AKZOINDIA,20111005,906.25,927,906.25,911.65,10713
ALBK,20111005,147.5,151.7,140.1,141.7,939062
ALCHEM,20111005,258.75,259.5,257.75,257.9,118345
ALEMBICLTD,20111005,18.6,18.9,18.5,18.55,11162
ALFALAVAL,20111005,2201,2230,2180.25,2188.5,2150
ALKALI,20111005,37.6,38.8,37.6,38.45,1856
ALKYLAMINE,20111005,85,85,82,83.7,128
ALLCARGO,20111005,142,142,135.05,137.45,2011
ALLSEC,20111005,13,14,12.3,13.75,1412
ALMONDZ,20111005,23.2,23.9,22,23.1,10335
ALOKTEXT,20111005,18.25,18.35,17.7,17.8,3540715
ALPA,20111005,7.4,7.95,7.1,7.65,5597
ALPHAGEO,20111005,83.15,90.85,83.15,87.4,271
AMAR,20111005,112,113.55,110.1,112,36445
AMARAJABAT,20111005,208.5,212.5,203.15,205.3,8307
AMARJOTHI,20111005,51,59,50.5,53.4,47
AMBIKCO,20111005,178.8,178.8,169.05,170.55,642
AMBUJACEM,20111005,148.8,151.3,146.45,149.05,2256940
AMDIND,20111005,19.3,19.3,17.55,17.9,4689
AMLSTEEL,20111005,12.95,13.05,11.35,12.55,3655
AMRUTANJAN,20111005,714.35,716.9,691.75,694.75,23828
AMTEKAUTO,20111005,112.5,116.9,109.5,111.05,1961293
AMTEKINDIA,20111005,140,147.5,140,144.9,401133
ANANTRAJ,20111005,53,55.9,52.6,54.95,447501
ANDHRABANK,20111005,119.95,121.5,115,115.6,447971
ANDHRSUGAR,20111005,95.9,96,95.15,95.25,10249
ANGIND,20111005,19.85,21.8,19.55,19.65,430
ANIKINDS,20111005,32.15,33.8,32.15,33.65,1075
ANSALAPI,20111005,33.5,33.5,32.1,32.2,75080
ANSALHSG,20111005,37.5,38.4,35.05,35.3,34725
APARINDS,20111005,163,163,148.25,150.15,7257
APCOTEXIND,20111005,163.95,166,158.15,160.55,529
APIL,20111005,509.85,514.85,487,492.25,53447
APLAB,20111005,28.15,31.1,26.7,29.9,420
APLLTD,20111005,42,42,40.5,41.05,34987
APOLLOHOSP,20111005,522,524.95,506.05,509.9,27637
APOLLOTYRE,20111005,52.25,53.65,52.1,52.85,1255046
APPAPER,20111005,183.35,183.35,183.35,183.35,513
APTECHT,20111005,111.1,112.3,109,109.55,339581
AQUA,20111005,12.75,13.15,12.45,12.7,44476
ARCHIES,20111005,38.25,39.5,38.25,38.8,15117
AREVAT&D,20111005,217,229.4,214.5,226.2,168755
ARIES,20111005,91.25,91.25,84,85.75,5029
ARL,20111005,2.25,2.25,2.15,2.15,66795
AROGRANITE,20111005,38,38,37.1,37.1,400
ARROWTEX,20111005,9.25,9.75,9,9.65,1816
ARSHIYA,20111005,125.5,126.1,120.3,122.85,144466
ARSSINFRA,20111005,342,355.5,339.9,345.2,518211
ARVIND,20111005,99.1,100.5,94.05,94.4,3806405
ASAHIINDIA,20111005,67.45,67.85,64.55,64.9,18504
ASAHISONG,20111005,82.5,86.85,81,81,3340
ASAL,20111005,48.5,50.65,46.35,48.2,2514
ASHAPURMIN,20111005,15.25,15.8,14.6,14.7,57238
ASHCONIUL,20111005,2,2.4,2,2.2,20408
ASHIANA,20111005,130,137.9,130,135,481
ASHIMASYN,20111005,3.95,4.2,3.95,4.05,700
ASHOKA,20111005,249.8,249.85,249.7,249.75,64
ASHOKLEY,20111005,24.8,25.2,24.3,24.6,3904537
ASIANHOTNR,20111005,171,177.7,165.05,166.65,2412
ASIANPAINT,20111005,3082,3098.95,2994.9,3028.4,69000
ASIANTILES,20111005,45.2,45.4,40,41.5,6106
ASSAMCO,20111005,10.3,10.5,10.15,10.15,46457
ASTEC,20111005,34.65,35.25,33.5,33.75,2527
ASTERSILI,20111005,16.25,16.75,16,16.1,6559
ASTRAL,20111005,187.05,191.3,187.05,190.1,1729
ASTRAMICRO,20111005,28.9,29.7,28.1,29.4,102887
ASTRAZEN,20111005,1220,1229.9,1205.05,1217.85,252
ATFL,20111005,381,383,370,372.8,5016
ATLANTA,20111005,60.9,62.5,59.1,59.65,102620
ATLASCYCLE,20111005,313.95,320.1,305,310.5,27685
ATNINTER,20111005,0.95,0.95,0.8,0.9,702
ATUL,20111005,204,209,204,207.55,4945
AURIONPRO,20111005,138,138,138,138,384
AUROPHARMA,20111005,120.1,121.7,118.05,118.5,570179
AUTOAXLES,20111005,385.05,394.9,385.05,386.75,96
AUTOIND,20111005,106.5,108,102.6,104.5,54800
AUTOLITIND,20111005,15.8,15.9,14.65,15.25,240
AVENTIS,20111005,2285,2300,2200,2282.45,1437
AVTNPL,20111005,352.1,376,352.1,367.55,5951
AXIS-IT&T,20111005,88.1,93.05,88.1,93.05,4753
AXISBANK,20111005,972,975,945.2,952,2180747
AXISGOLD,20111005,2608,2608,2545,2549.05,765
BAGFILMS,20111005,4.9,5,4.9,4.9,114049
BAJAJ-AUTO,20111005,1501.9,1514.5,1482.3,1497.95,289106
BAJAJCORP,20111005,98.65,100,97.95,99.55,95736
BAJAJELEC,20111005,179.85,182.95,178.1,180,52402
BAJAJFINSV,20111005,505.05,513,496.3,501,28779
BAJAJHIND,20111005,38,38.15,37.3,37.45,585672
BAJAJHLDNG,20111005,701.2,719.4,701.2,709.9,129874
BAJFINANCE,20111005,633.15,634.8,616.2,622.55,10201
BALAJITELE,20111005,30.75,30.8,29.5,29.8,6918
BALAMINES,20111005,33.85,34.9,33.35,33.35,3967
BALKRISIND,20111005,168,169.9,165,168.25,2588
BALLARPUR,20111005,25.9,25.95,25,25.15,209802
BALMLAWRIE,20111005,599,599,583,583.95,3749
BALPHARMA,20111005,20.5,20.7,20.3,20.7,1002
BALRAMCHIN,20111005,45.2,45.55,43.8,44.6,697354
BANARISUG,20111005,576,610,570,575,1661
BANCOINDIA,20111005,70.45,73.5,63.6,70.95,56437
BANG,20111005,21.05,22.95,20.85,20.85,1660
BANKBARODA,20111005,739,744.75,722.1,728.6,383070
BANKBEES,20111005,902,915.9,896.3,909.44,1543
BANKINDIA,20111005,309.8,312.9,297.55,306.6,1040751
BANSWRAS,20111005,86.9,86.9,84.55,84.75,11376
BARTRONICS,20111005,50.6,51.2,50.2,50.5,47397
BASF,20111005,605,607,593,596.2,2565
BASML,20111005,59.5,63,56.35,58.15,8608
BATAINDIA,20111005,637.15,644.4,612,617.05,415828
BATLIBOI,20111005,15.5,18.1,15.5,16.6,24276
BAYERCROP,20111005,841,858.6,820,831.45,991
BBL,20111005,670.9,685,657,664.05,2151
BBTC,20111005,403,422.95,403,414.25,2185
BEDMUTHA,20111005,99.5,101,95.3,97.8,18635
BEL,20111005,1498,1518,1494.8,1502.25,13661
BELLCERATL,20111005,13.6,13.6,13.6,13.6,36
BEML,20111005,456.15,463,445,449.6,29126
BEPL,20111005,24.15,24.5,24,24,1531
BERGEPAINT,20111005,99,99.8,98,98.25,113208
BFINVEST,20111005,54.8,54.8,50.05,50.55,16236
BFUTILITIE,20111005,432.8,440.9,414,423.2,290889
BGLOBAL,20111005,11.8,12.1,11.65,11.75,26883
BGRENERGY,20111005,308,310.05,301,302.55,265129
BHAGWATIHO,20111005,76.7,77.5,73.5,74.15,15087
BHAGYNAGAR,20111005,14,14.65,13.8,14.2,4824
BHARATFORG,20111005,258.15,263,252.4,253.9,145493
BHARATGEAR,20111005,47.5,47.5,43.55,44.85,19410
BHARATRAS,20111005,101.95,107.8,101.95,103.5,410
BHARTIARTL,20111005,373.9,373.9,365.05,366.1,4481624
BHARTISHIP,20111005,89,89.8,85.1,85.7,99071
BHEL,20111005,323.75,325.8,309.45,313.5,2065046
BHUSANSTL,20111005,336,336,329.2,331.45,188405
BIL,20111005,47,48,46.55,47.4,9521
BILPOWER,20111005,78.5,78.5,76,76.55,1283
BIMETAL,20111005,240,250,240,243.7,88
BINANIIND,20111005,128,128,126.15,126.85,7441
BINDALAGRO,20111005,60.5,61.55,60,60.05,98716
BIOCON,20111005,336,338.65,331.75,337.4,132526
BIRLACORPN,20111005,325,325,312,319.2,1014
BIRLACOT,20111005,0.4,0.4,0.35,0.35,309987
BIRLAERIC,20111005,13,13.5,12.5,12.8,1848
BIRLAPOWER,20111005,0.7,0.7,0.65,0.65,853889
BLBLIMITED,20111005,3.5,3.65,3.45,3.45,1886
BLISSGVS,20111005,20.9,22,20.65,20.8,41715
BLKASHYAP,20111005,8.85,8.85,8.35,8.75,107866
BLUECHIP,20111005,0.9,0.95,0.85,0.9,9064
BLUEDART,20111005,1596,1617.95,1565.45,1570.7,1766
BLUESTARCO,20111005,220.15,227.5,218.15,225.45,10124
BLUESTINFO,20111005,70.5,70.5,64.05,65.75,8098
BOC,20111005,295,303,295,296.65,3498
BODALCHEM,20111005,18,18,18,18,35
BOMDYEING,20111005,360.55,366.3,351.05,354.6,197741
BOSCHLTD,20111005,7020,7121.1,7020,7064.55,2387
BPCL,20111005,672,677.7,662.45,669.7,330475
BPL,20111005,19.5,19.65,19.25,19.25,6738
BRANDHOUSE,20111005,14.5,15.45,14.35,15.1,16189
BRFL,20111005,277.65,277.65,273,275,92441
BRIGADE,20111005,64,64.5,61.85,62.1,14961
BRITANNIA,20111005,458.1,467.8,450,450.85,9004
BROADCAST,20111005,7.15,7.35,7.15,7.3,4
BROOKS,20111005,20.6,21,19.95,19.95,149666
BSELINFRA,20111005,3.5,3.6,3.45,3.55,29734
BSL,20111005,19.3,21.7,19.3,20.65,597
BSLGOLDETF,20111005,2640.05,2649.95,2585,2636.05,55
BSLNIFTY,20111005,48.54,48.54,47,47.54,184
BSTRANSCOM,20111005,90.2,98,90.2,96.7,53215
BVCL,20111005,13.55,14.35,13.55,13.8,189
CADILAHC,20111005,764.85,780,760,771.05,130967
CAIRN,20111005,267,271.8,261,267.3,1617667
CALSOFT,20111005,26,26.5,26,26.5,636
CAMBRIDGE,20111005,21.95,23.6,21.95,23.35,679
CAMLIN,20111005,62.25,64,60.1,61.7,16262
CANBK,20111005,430,448.4,416.35,422.1,475760
CANDC,20111005,107.1,111.9,107.1,111.2,26789
CANFINHOME,20111005,92.4,92.4,90.25,91,2586
CANTABIL,20111005,25.35,25.6,24.9,25.2,355635
CARBORUNIV,20111005,143,152.95,143,145.25,6258
CAROLINFO,20111005,150,150.5,150,150.2,303
CASTROL,20111005,465,465,446.25,448.15,31480
CCCL,20111005,19.25,20,18.75,19,29810
CCL,20111005,164.7,164.7,157.95,161.05,42089
CEATLTD,20111005,76,77.15,74.1,75,30824
CEBBCO,20111005,30,32,29.75,30.85,6127
CELEBRITY,20111005,6.15,6.8,5.7,6.25,9077
CELESTIAL,20111005,22.45,22.45,20.65,21,6732
CENTENKA,20111005,144.1,144.75,142.6,143.4,2326
CENTEXT,20111005,2.9,2.95,2.7,2.7,10032
CENTRALBK,20111005,96.55,98.8,95.2,95.95,553394
CENTUM,20111005,74.05,75,70,72,61961
CENTURYPLY,20111005,58.2,59,57.5,57.75,1700
CENTURYTEX,20111005,289,290,282.7,283.95,272616
CERA,20111005,190,196.3,186.45,189.95,1005
CESC,20111005,272,272.7,253.15,257.65,140568
CHAMBLFERT,20111005,93,94.05,89.3,90.1,2640611
CHEMPLAST,20111005,5.55,5.6,5.4,5.55,58198
CHENNPETRO,20111005,203,204,200.25,201.7,7315
CHETTINAD,20111005,447.7,450.7,447.7,448.35,79
CHOLAFIN,20111005,149.9,149.9,143.7,144,1161
CILNOVA,20111005,17.2,17.2,17.1,17.1,5900
CINEMAX,20111005,35.4,37.35,35.3,35.55,76116
CINEVISTA,20111005,2.9,3.05,2.85,3,10177
CIPLA,20111005,282,283.65,278.1,281.15,1009809
CLASSIC,20111005,9.45,9.9,9.4,9.7,5565
CLNINDIA,20111005,710.15,712,700,702.2,851
CLUTCHAUTO,20111005,33.55,35.7,33.5,34.3,5928
CMAHENDRA,20111005,185.1,188.3,182.7,184.05,48023
CMC,20111005,790,794,775,782.15,2483
COALINDIA,20111005,321.9,327.8,314.55,324.7,6675945
COLPAL,20111005,1010,1015,992.25,996.5,67579
COMPUAGE,20111005,106.9,106.9,98.65,102.95,2830
CONCOR,20111005,953.95,953.95,900.5,907.4,10416
CONSOFINVT,20111005,56.75,57,56,56.05,4763
CORAL-HUB,20111005,4.45,4.9,4.45,4.55,11746
CORDSCABLE,20111005,29.45,30.35,29.05,29.3,2129
COREEDUTEC,20111005,281.55,286.05,280,283.5,300548
COROENGG,20111005,249.9,249.9,249.9,249.9,10
COROMANDEL,20111005,310,310,292.1,294.7,59337
CORPBANK,20111005,414.9,414.9,401.9,402.75,32482
COSMOFILMS,20111005,83.1,85.7,83.1,83.95,7426
COX&KINGS,20111005,207.8,212.9,204,205.8,200140
CPIL,20111005,252.8,255.85,245,246.3,4276
CREATIVEYE,20111005,5.05,5.4,5.05,5.2,697
CRESTANI,20111005,30.35,31.4,30.35,30.7,60833
CREWBOS,20111005,33.95,34,32.9,33.2,32118
CRISIL,20111005,822.1,827.95,780.1,786.4,11674
CROMPGREAV,20111005,146,150.25,144.85,147.55,1073866
CRONIMET,20111005,111.25,118.6,111,116.4,29573
CTE,20111005,7.4,7.4,6.45,6.6,3623
CUB,20111005,43,43.6,42.85,43,111691
CUBEXTUB,20111005,9.8,9.8,9.45,9.45,500
CUMMINSIND,20111005,401.05,401.85,395,397.2,244049
CURATECH,20111005,110,129.25,110,120.95,288
CYBERTECH,20111005,10.5,10.5,10,10.25,9356
DAAWAT,20111005,41,42.05,39.25,40.75,46779
DABUR,20111005,102,102.7,99.4,100,1710504
DALMIABEL,20111005,103.2,109,103.2,104.1,1315
DALMIASUG,20111005,16.75,16.8,15.8,16.3,28479
DATAMATICS,20111005,27.8,27.8,26.6,26.85,133
DBCORP,20111005,198.45,201,195.05,197.9,60047
DBREALTY,20111005,48.65,54.8,48.65,50.7,738947
DCB,20111005,39.1,40.45,37.5,37.7,4167638
DCHL,20111005,54.7,55,53.05,54.15,280051
DCM,20111005,58.5,60.7,57.15,57.75,99483
DCMSRMCONS,20111005,46,46.25,45.25,45.55,21868
DCW,20111005,8.5,8.8,8.45,8.6,62559
DECCANCE,20111005,144,148,144,147.45,522
DECOLIGHT,20111005,3.8,3.9,3.8,3.9,2004
DEEPAKFERT,20111005,166.8,167,159.05,159.8,15512
DEEPAKNTR,20111005,170,176.9,170,176.9,80
DEEPIND,20111005,71.7,73.5,71.25,71.85,14683
DELTACORP,20111005,94.5,95.7,91.3,92.05,5212953
DELTAMAGNT,20111005,31,31,31,31,1
DEN,20111005,67.9,68.55,64.5,67.35,100019
DENABANK,20111005,74,74,71.1,71.55,1000350
DENORA,20111005,78,81,76,76.7,520
DENSO,20111005,52,53.85,49.35,50.1,4261
DEWANHOUS,20111005,221,221.4,212.8,213.85,31801
DHAMPURSUG,20111005,38.55,39.85,38,38.35,29584
DHANBANK,20111005,71,72.5,69.25,70.05,361326
DHANUKA,20111005,101.6,101.6,95.1,98.85,28417
DHARSUGAR,20111005,25.2,27.65,25.2,26.05,2897
DIAPOWER,20111005,102,103.65,98.25,99.15,18547
DICIND,20111005,226,227.9,220,220.2,6989
DIGJAM,20111005,8.55,8.85,8.1,8.55,15924
DISHMAN,20111005,58,64.35,56,58.6,127021
DISHTV,20111005,75.2,76.8,71.5,73.3,1668243
DIVISLAB,20111005,724.8,726.9,715.05,716.8,33987
DLF,20111005,202.9,209.4,202.05,206.45,5829929
DLINKINDIA,20111005,20,20.4,19.75,19.8,4796
DOLPHINOFF,20111005,130.1,133.9,125.65,130.7,7907
DONEAR,20111005,20,20.35,19.05,19.25,4343
DPSCLTD,20111005,1950,1950,1860,1893.7,39
DPTL,20111005,121,126.95,120,122.9,3937
DQE,20111005,33.3,34.1,30,32.05,5041
DREDGECORP,20111005,235.1,244,226.1,228.65,5187
DRREDDY,20111005,1452.1,1496,1450,1484.9,230481
DSKULKARNI,20111005,54.1,55.25,52.7,53.5,34454
DUNCANSIND,20111005,12.3,12.3,12.3,12.3,38606
DWARKESH,20111005,36.55,37.4,36.2,36.75,8125
DYNAMATECH,20111005,1000,1000,970,977.15,433
DYNASYS,20111005,0.7,0.75,0.65,0.75,15621
EASTSILK,20111005,5.7,5.9,5.7,5.75,4894
ECEIND,20111005,100.1,105,98.1,100,697
ECLERX,20111005,720,730,712.4,721.75,1845
EDELWEISS,20111005,27.2,27.2,25,25.7,106799
EDL,20111005,85,86.8,84.2,84.5,3476
EDSERV,20111005,87.4,89,80.1,83.8,160336
EDUCOMP,20111005,235,246,234.65,243.25,2000022
EICHERMOT,20111005,1674.9,1679.85,1605.1,1616.75,3283
EIDPARRY,20111005,222.65,227,220.35,225.7,8030
EIHAHOTELS,20111005,142,150.9,140.25,150,3217
EIHOTEL,20111005,85.95,87.9,85,86.45,160451
EIMCOELECO,20111005,169,180,161.05,175.15,401
EKC,20111005,68,69.5,67.5,67.65,151937
ELDERPHARM,20111005,375,379.45,364,370.3,52847
ELECON,20111005,72.2,73,70.6,71.2,31605
ELECTCAST,20111005,28.7,29.15,28.6,28.65,176270
ELECTHERM,20111005,129.25,139.9,120.5,121.9,26926
ELFORGE,20111005,10.05,10.4,9.85,10,3170
ELGIEQUIP,20111005,68.1,70,66.55,67.35,8218
ELGIRUBCO,20111005,24,27,24,25.4,484
ELNET,20111005,32.45,32.45,31.05,31.1,1397
EMAMIINFRA,20111005,31.65,33.4,31.65,32.6,7152
EMAMILTD,20111005,414.2,417,392.05,397.45,15277
EMCO,20111005,53,54.2,52,53.05,7983
EMKAY,20111005,47,47.8,47,47.5,71
EMMBI,20111005,13,13.7,12.6,13.15,9450
EMPEESUG,20111005,18,18,17.3,17.5,1151
ENERGYDEV,20111005,36.05,36.05,32.5,32.65,14201
ENGINERSIN,20111005,249,252.9,243.5,244.75,172565
ENIL,20111005,253.85,255.5,241.1,250.4,51368
EONELECT,20111005,67.9,67.9,63,63.75,12397
ERAINFRA,20111005,152.3,152.9,149.65,152.15,328100
EROSMEDIA,20111005,235.75,237.75,232,232.45,80282
ESABINDIA,20111005,520.5,532,511.2,514.7,4691
ESCORTS,20111005,72.15,72.7,69.75,69.95,1114862
ESL,20111005,6.3,6.6,6.15,6.15,595908
ESSAROIL,20111005,73.85,76.1,73.85,74.5,640959
ESSARPORTS,20111005,53.15,54.8,51.55,53.05,80160
ESSDEE,20111005,181.95,184.9,180,181.65,8682
ESSELPACK,20111005,35.5,35.5,33.85,34.45,57257
ESTER,20111005,26.8,27,26.65,26.65,11509
EUROMULTI,20111005,6.25,7.65,6.25,6.75,10084
EUROTEXIND,20111005,18,20.55,18,18.4,772
EVEREADY,20111005,36.35,36.5,34.7,35.05,48318
EVERESTIND,20111005,139.65,141.9,138,138.65,3755
EVERONN,20111005,382.65,383.4,370.1,371.45,186722
EXCELCROP,20111005,148.85,150,136.3,138.6,28490
EXCELINDUS,20111005,63.2,65.4,63.2,65.2,144
EXCELINFO,20111005,11.45,12.5,11.45,12.3,134674
EXIDEIND,20111005,133.45,134.9,130.3,131,2145478
FACT,20111005,33.4,33.4,32.3,32.55,9603
FAGBEARING,20111005,1156.05,1170,1125.5,1132.2,774
FAME,20111005,43.55,43.6,38.5,40.75,10510
FARMAXIND,20111005,2.5,2.6,2.45,2.45,31278
FCH,20111005,130.85,131.65,123.5,125,103190
FCSSOFT,20111005,0.55,0.65,0.55,0.65,925191
FDC,20111005,90.5,90.5,89.25,89.65,11728
FEDDERLOYD,20111005,62.6,64.5,59.9,60.05,5490
FEDERALBNK,20111005,352.85,354.75,340.4,341.85,414697
FIEMIND,20111005,156,160.45,155.05,159.2,23864
FILATEX,20111005,39,40.95,38.2,39.4,5791
FINANTECH,20111005,785.8,785.8,730,737,109817
FINCABLES,20111005,37.75,37.8,36,36.2,55324
FINPIPE,20111005,63,63.5,60.65,61.2,36793
FIRSTLEASE,20111005,67.9,69.35,67,67.6,8435
FIRSTWIN,20111005,15.05,16.25,15.05,15.9,65
FKONCO,20111005,111,114.9,105.5,107,17608
FMGOETZE,20111005,227.85,234,227.8,231.3,2126
FORTIS,20111005,121.5,122.4,120,120.1,189102
FOSECOIND,20111005,505,515,500.2,502.4,200
FSL,20111005,11.05,11.15,10.55,10.65,1353147
FUTUREVENT,20111005,9,9.15,8.95,9,186183
GABRIEL,20111005,40,40.65,39.85,40,161946
GAEL,20111005,24,24,22.7,22.85,6811
GAIL,20111005,410.6,414.7,400.1,405.4,1098912
GAL,20111005,16.85,18.15,16.25,17.15,295984
GALLANTT,20111005,23.2,25.2,22.25,23.85,354841
GALLISPAT,20111005,113.8,118.45,100.05,102.8,104804
GAMMNINFRA,20111005,13.45,13.6,13.4,13.5,33246
GAMMONIND,20111005,68.25,72.85,66.5,67.15,49005
GANDHITUBE,20111005,118.5,120,113.85,114.15,686
GANESHHOUC,20111005,125.8,126.95,120.6,121.5,2503
GANGOTRI,20111005,4.65,4.65,4.2,4.25,8615
GARDENSILK,20111005,69.95,69.95,68,68.15,1905
GARWALLROP,20111005,53.5,53.5,51.95,52.4,57456
GATI,20111005,53.25,54.8,52.5,52.6,128992
GAYAPROJ,20111005,142,142.8,137.35,138.3,8599
GDL,20111005,138.5,139.9,133.5,134.95,665482
GEECEE,20111005,30,31,30,30.7,8335
GEINDSYS,20111005,123.1,130,121.15,122.15,5227
GEMINI,20111005,22.1,22.95,21.55,21.95,12934
GENESYS,20111005,198,201.75,197.05,199.25,282
GENUSPOWER,20111005,13.55,14,13.5,13.5,79740
GEODESIC,20111005,50.35,51.3,48.8,49.15,123280
GEOJITBNPP,20111005,18.5,18.9,18.5,18.6,44610
GEOMETRIC,20111005,41.5,44.25,41.5,42.1,16126
GESHIP,20111005,226.05,234.75,226.05,230.2,697120
GHCL,20111005,35.8,36.5,34.8,35.6,65991
GICHSGFIN,20111005,89.65,90,88.25,89.05,74517
GILLANDERS,20111005,82,83.5,81,83.2,445
GILLETTE,20111005,2060,2083.95,2030,2069.55,1076
GINNIFILA,20111005,7.4,7.5,7.4,7.5,700
GIPCL,20111005,81.9,81.9,78.55,79.05,37053
GISOLUTION,20111005,14.45,14.45,11.55,11.65,215
GITANJALI,20111005,348,357.9,344.2,349.05,1534532
GKB,20111005,40.4,40.4,37.5,37.5,2
GKWLIMITED,20111005,450,451,450,450.2,2435
GLAXO,20111005,2113,2147.15,2086,2091.7,3174
GLENMARK,20111005,303,310.3,296,298.2,551100
GLFL,20111005,3,3.1,3,3.05,100
GLOBALVECT,20111005,20,21.55,19.1,19.2,1894
GLOBOFFS,20111005,86,86,80.3,80.9,1234
GLOBUSSPR,20111005,106.8,106.8,102,102.4,9571
GLODYNE,20111005,365.5,392,360.2,385.15,140706
GLORY,20111005,3.5,3.5,3.35,3.4,16290
GMBREW,20111005,88,89.5,87.5,87.8,1205
GMDCLTD,20111005,161.5,164.7,156.15,158.45,206095
GMRINFRA,20111005,25.8,26.25,25.55,26,2786828
GNFC,20111005,89.2,90.4,87.25,87.7,83184
GOACARBON,20111005,77.45,77.45,69.25,70.2,28172
GODFRYPHLP,20111005,3200,3248.95,3004,3029.65,1473
GODREJCP,20111005,401,404,399.1,402,261479
GODREJIND,20111005,188,189.75,180.1,181.25,433361
GODREJPROP,20111005,660,660,617.95,625.45,249114
GOENKA,20111005,38.25,38.3,35.6,35.95,7443
GOKEX,20111005,89,90,87,87.4,1225
GOKUL,20111005,88,88.95,85,87.65,36643
GOLDBEES,20111005,2550,2550,2481.05,2487.5,269357
GOLDENTOBC,20111005,57.6,59,57.3,58.3,2670
GOLDIAM,20111005,31,31,28.35,29.55,3973
GOLDINFRA,20111005,13,13.9,13,13.35,782
GOLDSHARE,20111005,2539.9,2539.9,2490,2494.8,14885
GOLDTECH,20111005,7.05,7.4,6.8,7,15144
GPIL,20111005,119.15,119.15,108.2,109,47667
GPPL,20111005,64.55,65.35,64.1,64.9,55024
GRABALALK,20111005,16,17.05,15.65,16.3,11473
GRANULES,20111005,63.5,65.5,63.5,63.9,1140
GRAPHITE,20111005,73.4,74.95,69.5,70.15,47207
GRASIM,20111005,2298.95,2333,2282.35,2323.85,117448
GRAVITA,20111005,365.7,368.8,359.05,361.1,152240
GREAVESCOT,20111005,85.55,87.2,85,85.25,62212
GREENPLY,20111005,195.2,197.8,195,196.65,385
GREENPOWER,20111005,14.4,14.9,13.8,14.6,386860
GRINDWELL,20111005,231,237.7,231,233.65,2430
GRUH,20111005,496,518,490.5,511.5,35561
GSFC,20111005,440.05,452,436.15,439.65,85863
GSKCONS,20111005,2430,2435.9,2350,2402.1,25280
GSLNOVA,20111005,2.7,2.9,2.7,2.8,652
GSPL,20111005,106.05,106.75,103.6,104.6,1218229
GSS,20111005,128.4,131.7,128.4,130,4312
GTL,20111005,56.4,56.45,54.25,54.55,1083630
GTLINFRA,20111005,11.35,11.45,11,11,581292
GTNIND,20111005,12.8,14.35,12.8,14.05,930
GTNTEX,20111005,12.1,12.9,12.1,12.85,1050
GTOFFSHORE,20111005,116.15,119.2,112.9,113.35,64172
GUFICBIO,20111005,6.6,6.8,6.5,6.5,14066
GUJALKALI,20111005,140,140,137.1,138.25,58242
GUJAPOLLO,20111005,122.05,126,122.05,125.15,5706
GUJFLUORO,20111005,530.9,536.65,491.75,503.05,164244
GUJNRECOKE,20111005,21.55,21.95,20.5,20.75,3919408
GUJNREDVR,20111005,15.3,16.5,15.3,15.7,23777
GUJRATGAS,20111005,422.5,425,411,417.5,13586
GUJSIDHCEM,20111005,8.6,8.9,8.55,8.6,22739
GULFOILCOR,20111005,69,70.45,66.4,66.95,43834
GVKPIL,20111005,15,15.35,15,15,4378242
HALONIX,20111005,60,61.8,60,61.45,156
HANUNG,20111005,105.85,107.35,102.05,103,106961
HARITASEAT,20111005,71,71,62,70,3566
HARRMALAYA,20111005,68.6,68.75,65.45,65.85,25673
HATHWAY,20111005,83.5,84.3,80.4,80.8,34953
HAVELLS,20111005,344.95,347,336,342.25,116223
HBLPOWER,20111005,16.2,17.9,16.2,17.25,44895
HBSTOCK,20111005,11.6,12,11.55,12,224
HCC,20111005,27.45,27.95,26.5,26.95,1982601
HCIL,20111005,49.9,50.45,48.5,49.05,14736
HCL-INSYS,20111005,62.25,63,61.9,62.45,53712
HCLTECH,20111005,394.1,400.85,390.05,395.35,851495
HDFC,20111005,622,640,618,624.95,2930759
HDFCBANK,20111005,448.95,456.25,436.55,438.7,4133748
HDFCMFGETF,20111005,2588,2588,2545.7,2549.4,8783
HDIL,20111005,91,93.2,90,90.7,6351039
HEG,20111005,208,212.5,203.1,204.85,13263
HEIDELBERG,20111005,34.45,34.45,33.5,33.8,13183
HELIOSMATH,20111005,23.7,24.5,23.35,23.85,6394
HERCULES,20111005,238.05,244.15,233.35,234.85,51482
HERITGFOOD,20111005,165,169.75,164,165.4,8533
HEROMOTOCO,20111005,1955.05,1970.9,1936.4,1949.75,410851
HEXAWARE,20111005,86.9,86.9,78.75,80.05,1526128
HFCL,20111005,11.35,11.35,10.7,10.8,480130
HGSL,20111005,324.7,326,312.55,323.9,616
HIKAL,20111005,267,285,264,269.25,1523
HILTON,20111005,14.2,15.2,14.2,15.2,300
HIMATSEIDE,20111005,32.45,33,31.5,31.85,52196
HINDALCO,20111005,126.5,126.95,119.3,120.1,13942794
HINDCOMPOS,20111005,509.45,509.45,480.45,490,5
HINDCOPPER,20111005,213,215,204,205.55,64257
HINDDORROL,20111005,36.05,37,34.8,35.7,160882
HINDMOTORS,20111005,12.85,13.05,12.65,12.7,58634
HINDNATGLS,20111005,182.9,182.9,177,177.05,434
HINDOILEXP,20111005,102.15,103.2,99.1,100.35,483004
HINDPETRO,20111005,377.25,379.7,367.85,371,409017
HINDUJAFO,20111005,69.95,70,65.25,67.2,258
HINDUJAVEN,20111005,298.05,310.85,298.05,304.75,5748
HINDUNILVR,20111005,325.1,328.45,319.25,321.9,2867335
HINDZINC,20111005,112,113.5,110.25,113.05,645804
HIRECT,20111005,40,42.45,40,41.6,2451
HITACHIHOM,20111005,151.15,155.05,150,150.65,12163
HITECHGEAR,20111005,137,137,123.1,125.3,24120
HITECHPLAS,20111005,80,80,76.8,78.15,342
HMT,20111005,38.8,38.85,36.2,37,87372
HMVL,20111005,129.8,131.5,125.2,126.2,177
HNGSNGBEES,20111005,1115,1128.98,1085,1093.13,806
HOCL,20111005,20.5,21.15,20.5,20.75,22273
HONAUT,20111005,2557,2596,2525,2542.55,398
HONDAPOWER,20111005,338.75,341.05,327.75,330.3,1907
HOPFL,20111005,49,53.9,49,50.4,31761
HORIZONINF,20111005,289,289,262,281.75,770
HOTELEELA,20111005,36.4,36.4,34,35,225941
HOTELRUGBY,20111005,8,8.25,8,8,730
HOVS,20111005,54.05,55.4,53.15,53.5,5288
HSIL,20111005,179.8,186,178.15,180.3,109266
HTMEDIA,20111005,142,148,142,144.8,21935
HYDRBADIND,20111005,307,316,307,310.25,2998
HYDROS&S,20111005,20,20,18.25,19.9,402
IBPOW,20111005,12.15,12.3,11.95,12,300531
IBREALEST,20111005,70.8,71.75,69,69.95,4212315
IBSEC,20111005,8.1,8.1,7.85,7.9,273719
IBWSL,20111005,3.55,3.55,3.55,3.55,109280
ICICIBANK,20111005,801,804,761.4,779.25,8513439
ICIL,20111005,9,9.95,9,9.9,1580
ICRA,20111005,960,960,914,915.7,1709
ICSA,20111005,60.5,62,58.1,58.45,92506
IDBI,20111005,98.2,98.9,94.45,94.8,1846342
IDEA,20111005,98,98.75,94,94.6,2306484
IDFC,20111005,109.3,111.1,108.25,110.25,3120857
IFBIND,20111005,111.3,113.4,109,109.9,8598
IFCI,20111005,29.1,29.6,28.35,28.5,9133595
IFGLREFRAC,20111005,30,33.3,30,31.25,2415
IGARASHI,20111005,44.8,44.8,41.35,41.35,294
IGL,20111005,431.55,432.5,429.5,430.1,307568
IGPL,20111005,20.35,21,20.2,20.6,690
IL&FSENGG,20111005,88,88,84,85.8,5624
IL&FSTRANS,20111005,195,201.55,193.05,197.1,44338
IMFA,20111005,295,298,287.1,288.25,935
IMPAL,20111005,594,620,591.05,595.6,172
IMPEXFERRO,20111005,7,7.25,6.95,7.2,565
INDBANK,20111005,7.3,7.6,7.1,7.5,5785
INDHOTEL,20111005,69.75,70.3,67.85,69.75,1104075
INDIABULLS,20111005,149,152,144.1,145.95,225877
INDIACEM,20111005,69.9,71.8,69.4,70.25,668748
INDIAGLYCO,20111005,120.1,123.9,117.3,117.85,28776
INDIAINFO,20111005,69.8,71.95,68.4,71.35,232858
INDIANB,20111005,198,200.05,189.55,191.95,363828
INDIANCARD,20111005,83,87,82.55,83.05,2332
INDIANHUME,20111005,114,114,114,114,10
INDLMETER,20111005,71.75,71.75,67.05,68.75,3014
INDNIPPON,20111005,171.5,171.5,163.5,168,273
INDOCO,20111005,389,394.95,378.05,386.85,327
INDORAMA,20111005,32.9,32.9,30.65,30.95,5214
INDOSOLAR,20111005,9.1,9.1,8.65,8.75,111993
INDOTECH,20111005,110,115,108,109.95,1973
INDOWIND,20111005,11,11.35,10.65,11.35,485396
INDRAMEDCO,20111005,32,32.4,30.7,30.8,24154
INDSWFTLAB,20111005,83,84,81.1,81.5,24874
INDSWFTLTD,20111005,30,30.5,29.6,29.9,12360
INDTERRAIN,20111005,99.95,105.95,99.95,105.5,25
INDUSFILA,20111005,14.3,15.55,13.75,14.05,2095
INDUSINDBK,20111005,248,249.7,235.5,239.7,519410
INEABS,20111005,565,599,560.2,592.55,4098
INFINITE,20111005,89.1,92,88.45,91.1,5449
INFODRIVE,20111005,9,9,8.85,8.95,4655
INFOMEDIA,20111005,11.05,11.85,11.05,11.55,11748
INFOTECENT,20111005,111.1,111.25,108.1,108.9,9942
INFRABEES,20111005,256.5,256.5,251,253.99,594
INFY,20111005,2457.95,2499,2428.1,2446.95,1346482
INGERRAND,20111005,500,500,484.5,487.45,6490
INGVYSYABK,20111005,287.15,292.1,286.5,287.35,11335
INNOIND,20111005,84.3,87.6,83,83.75,6289
INOXLEISUR,20111005,51.1,53.9,48.15,48.6,179865
INSECTICID,20111005,377.2,381,373.9,376.1,22316
INVENTURE,20111005,140.95,152.9,140.95,150.25,442672
IOB,20111005,90,90.3,88.3,88.75,338898
IOC,20111005,320.95,321.95,314.2,316.7,271235
IOLCP,20111005,28.5,30.95,27.55,30.5,571
IOLN,20111005,6,6.3,6,6.3,12081
IPCALAB,20111005,236.95,240.95,230.2,237.05,565200
IPGETF,20111005,2622,2622,2551.1,2558.6,2032
IPRINGLTD,20111005,55.35,60.5,55.35,58,2076
IRB,20111005,162,164.75,161,162.05,1168490
ISFT,20111005,54,54,52.05,52.95,975
ISMTLTD,20111005,31.95,31.95,30.4,30.5,14957
ITC,20111005,192.1,197.4,192.1,194.1,12678478
ITDCEM,20111005,143,144.9,140,144.9,173
ITI,20111005,20.65,20.95,19,19.2,87063
IVC,20111005,29,29.5,27.05,28.5,16511
IVP,20111005,48.95,48.95,45.2,45.65,787
IVRCLAH,20111005,28.05,29.1,27.85,28.15,42605
IVRCLINFRA,20111005,35.4,35.7,34.45,34.85,2701849
J&KBANK,20111005,795,797.9,751,756.7,10652
JAGRAN,20111005,105.5,106,103,105.2,43183
JAGSNPHARM,20111005,12,12.8,12,12.1,4496
JAIBALAJI,20111005,105.2,107.75,98,98.95,15311
JAICORPLTD,20111005,76.25,77.85,75.5,75.85,253696
JAINSTUDIO,20111005,7.25,8.15,7.25,8.15,1802
JAMNAAUTO,20111005,130,130,125,125.7,5479
JAYAGROGN,20111005,80.1,83.7,80.1,81.1,1684
JAYBARMARU,20111005,57,59.4,57,58.1,371
JAYNECOIND,20111005,17.9,18.3,17.4,17.8,48776
JAYSREETEA,20111005,126,126.55,117.65,118.95,46772
JBCHEPHARM,20111005,68,68.9,66.1,67.9,57462
JBFIND,20111005,121,121.2,116.8,117.8,40486
JBMA,20111005,64.85,64.85,60,60.1,8562
JCTEL,20111005,1.1,1.1,1.1,1.1,5522
JENSONICOL,20111005,3.3,4,3.3,3.6,6337
JETAIRWAYS,20111005,230,241.9,227.2,230.3,2422234
JHS,20111005,30.75,31.6,30.1,30.5,12750
JIKIND,20111005,5.35,6.25,5.15,5.45,7437
JINDALPHOT,20111005,150,157.45,150,154,37924
JINDALPOLY,20111005,192.75,196.5,190.55,191.35,134633
JINDALSAW,20111005,135.95,136.35,132.1,132.5,1265360
JINDALSTEL,20111005,460.15,469,441.05,445.7,3098196
JINDALSWHL,20111005,518.1,528.05,506.15,510.1,27808
JINDCOT,20111005,81.45,81.45,76.65,79.25,9124
JINDRILL,20111005,315,317.55,308.1,311.15,1039
JINDWORLD,20111005,106,109.75,104.15,106.15,9023
JISLJALEQS,20111005,140.15,143.8,129.3,131.15,1894449
JKCEMENT,20111005,110.05,112,108.65,109.35,3046
JKIL,20111005,127,130,125.1,127.8,8506
JKLAKSHMI,20111005,40,40,39,39.2,32391
JKPAPER,20111005,40,40.7,39.4,40.05,26866
JKTYRE,20111005,72.65,73.45,71.2,71.35,59867
JMCPROJECT,20111005,117.7,119.7,116.05,118.1,1808
JMFINANCIL,20111005,16,16.35,15.55,16,132584
JMTAUTOLTD,20111005,67,67,57.05,57.45,142
JOCIL,20111005,151.55,151.55,137,137,902
JPASSOCIAT,20111005,69.75,72.7,69.7,71.3,28171685
JPINFRATEC,20111005,49.45,50.35,47.85,48.2,312147
JPPOWER,20111005,33.25,34.7,33,34.05,327669
JSL,20111005,91.8,93.45,90,90.35,61828
JSWENERGY,20111005,51.5,51.9,48.5,49.35,742409
JSWISPAT,20111005,12.5,12.7,12.3,12.5,3404125
JSWSTEEL,20111005,555,571.5,550.5,553.05,1841153
JUBILANT,20111005,193.45,199.5,184.5,187.95,122603
JUBLFOOD,20111005,660,699.7,652.3,658.45,2285628
JUBLINDS,20111005,177.15,179,175.55,176.5,3459
JUMBO,20111005,16.1,16.1,15.25,15.5,2528
JUNIORBEES,20111005,95.7,97,93.35,93.97,44104
JUPITER,20111005,14.25,14.45,13.85,14.05,146959
JVLAGRO,20111005,15.45,15.45,14.8,14.85,17266
JYOTHYLAB,20111005,153,154.75,148.6,150.75,16868
JYOTISTRUC,20111005,63.65,63.7,61.5,61.9,66498
KABRAEXTRU,20111005,40.4,41.15,38.85,40.85,2156
KAJARIACER,20111005,107.5,110.9,106,106.85,21183
KAKATCEM,20111005,65.5,67.45,65.5,67.45,456
KALECONSUL,20111005,77,78.8,75.65,76.05,7452
KALINDEE,20111005,108.85,110.9,105.8,106.45,126561
KALPATPOWR,20111005,104.35,105,102.55,103.9,18846
KAMATHOTEL,20111005,89,92.5,88.8,90.1,8215
KANDAGIRI,20111005,72.15,72.15,72.15,72.15,5
KANORICHEM,20111005,32.05,32.8,31.75,31.95,6950
KANSAINER,20111005,854.5,854.5,830.05,839.95,366
KARMAENG,20111005,12.1,12.4,11.8,12.4,102
KARURKCP,20111005,26.05,32.7,26.05,29.05,4
KARURVYSYA,20111005,368.95,368.95,360,361.15,19819
KAUSHALYA,20111005,8.3,8.45,7.55,8.05,5328
KAVVERITEL,20111005,131.05,133.9,131.05,131.45,23966
KBIL,20111005,636,649.9,621.05,626.65,108
KCP,20111005,25,25.25,24.4,24.55,26440
KCPSUGIND,20111005,14.7,14.9,14.25,14.4,24001
KEC,20111005,57.55,57.85,55.7,56.15,37501
KECL,20111005,33.05,33.05,32.5,32.7,3323
KEI,20111005,15.3,15.55,14.9,15,89079
KEMROCK,20111005,510,515,508,509,3305
KERNEX,20111005,90.1,93,89.95,90.5,50201
KESARENT,20111005,52.05,52.05,52.05,52.05,50
KESORAMIND,20111005,121.3,128,118.3,119.15,46103
KEYCORPSER,20111005,43.9,48,43.8,47.9,4000
KFA,20111005,20.4,21.05,19.85,20,3273777
KGL,20111005,7.1,7.15,6.75,6.75,1549791
KHAITANELE,20111005,87,94,85,91.9,586
KHAITANLTD,20111005,24.45,24.95,24.45,24.95,175
KHANDSE,20111005,17.85,18,17.85,18,1525
KICL,20111005,482.15,529.95,482.15,486.8,1377
KIL,20111005,13.1,13.4,13,13.15,2595
KILITCH,20111005,83.75,83.75,79.75,79.9,13369
KINETICMOT,20111005,15.5,16.3,15.5,15.9,14646
KIRIINDUS,20111005,125.5,127.25,121,122.6,26470
KIRLOSBROS,20111005,136,138.85,131.25,132.6,3421
KIRLOSENG,20111005,127,130,124.5,125.15,787
KIRLOSIND,20111005,292.5,292.5,270.1,270.15,137
KITPLYIND,20111005,3.55,3.8,3.25,3.7,18729
KKCL,20111005,787.95,790,754.95,773.4,785
KLGSYSTEL,20111005,33,33.3,31.1,31.55,12369
KLRF,20111005,24.3,24.3,23.9,24,953
KMSUGAR,20111005,2.55,2.75,2.55,2.7,1247
KNRCON,20111005,101,106,99.1,104.75,6347
KOHINOOR,20111005,42.9,43.5,41.2,41.5,34652
KOLTEPATIL,20111005,34.35,35.7,33.15,34.15,22486
KOPDRUGS,20111005,4.3,4.3,4.25,4.25,1023
KOPRAN,20111005,21.5,22.35,20.8,21.05,27176
KOTAKBANK,20111005,441.1,447.85,424.6,429.4,831930
KOTAKGOLD,20111005,2534.45,2534.45,2483,2488.95,48674
KOTAKNIFTY,20111005,493.5,493.5,488,489.56,468
KOTAKPSUBK,20111005,329,331,328,329.19,606
KOTARISUG,20111005,6.05,6.1,6,6,7748
KOTHARIPET,20111005,7.55,7.55,7,7.15,8729
KOTHARIPRO,20111005,458,483.95,458,475.95,1858
KOUTONS,20111005,28.2,28.2,24.3,25,316476
KPIT,20111005,146.5,149.5,145.05,145.4,20083
KPRMILL,20111005,94.1,96,89,91.2,5330
KRBL,20111005,23.5,23.5,22.6,22.75,358453
KRISHNAENG,20111005,3.4,3.4,3.25,3.3,4200
KSBPUMPS,20111005,204,205.5,198,199.8,2544
KSCL,20111005,436.8,445.85,428,433.75,15875
KSE,20111005,205,214.5,205,207,9
KSK,20111005,102.95,102.95,100.1,101.1,109071
KSL,20111005,50.9,50.9,47.55,47.8,18013
KSOILS,20111005,10.05,10.05,9.35,9.55,7539085
KTIL,20111005,66.9,66.9,63,65.15,150
KTKBANK,20111005,81.5,82.3,78.55,79.2,703212
KWALITY,20111005,180.15,180.15,173.65,175.3,1080410
L&TFH,20111005,47.5,47.85,47,47.05,389282
LAKPRE,20111005,37.4,38.3,37.4,38.15,243
LAKSHMIEFL,20111005,22,22.45,21.25,21.6,35107
LAKSHMIMIL,20111005,1621,1650,1586.05,1586.05,18
LAKSHVILAS,20111005,98.6,98.6,91.6,92.8,74891
LANCOIN,20111005,34.4,37,33,33.95,11545
LAOPALA,20111005,105.55,105.55,97.55,98.2,13642
LAXMIMACH,20111005,1921,1969.95,1880,1886.1,2928
LCCINFOTEC,20111005,0.6,0.6,0.5,0.5,43715
LGBBROSLTD,20111005,290,292,275.05,288,1221
LIBERTSHOE,20111005,81.75,82.1,80.5,80.8,7244
LICHSGFIN,20111005,219.5,219.5,212,212.6,1979487
LIQUIDBEES,20111005,999.99,1000.01,999.99,999.99,63769
LITL,20111005,15.25,15.4,14.75,14.9,5963083
LLOYDELENG,20111005,46.6,47.9,46.6,47.35,7623
LLOYDFIN,20111005,0.95,0.95,0.95,0.95,763
LLOYDSTEEL,20111005,12.35,12.35,11.65,11.75,81479
LML,20111005,8.6,8.75,8.5,8.55,72434
LOGIXMICRO,20111005,16.1,17.9,16.1,16.15,4819
LOKESHMACH,20111005,43.9,43.9,38.7,39.75,4658
LOTUSEYE,20111005,10.3,10.3,9.85,9.9,12436
LOVABLE,20111005,430.9,435.45,422.1,426.7,354635
LPDC,20111005,2.6,2.85,2.6,2.85,9753
LT,20111005,1350,1367.5,1339.15,1343.05,1541672
LUMAXIND,20111005,390,401,380.6,390.4,50071
LUMAXTECH,20111005,170,171.95,168.1,170.05,5875
LUPIN,20111005,466.1,475,460.7,469.7,555944
LYKALABS,20111005,14.2,14.7,14.2,14.45,8133
M&M,20111005,778.6,794.9,776.65,784.25,1819625
M&MFIN,20111005,621,644.45,611,620.25,144819
M100,20111005,7.11,7.12,6.99,7,26283
M50,20111005,64.75,64.75,63.8,64.07,15553
MAANALU,20111005,51.3,51.75,48.1,48.1,728
MADHAV,20111005,16.15,16.95,16.15,16.35,162
MADHUCON,20111005,73.45,73.45,70,70.1,7016
MADRASCEM,20111005,99.15,100.9,96.55,97.95,38015
MADRASFERT,20111005,20,21.25,20,20.5,39794
MAGMA,20111005,70,70,67,68.5,376815
MAGNUM,20111005,4.5,4.5,4,4.4,14040
MAHABANK,20111005,46.2,46.65,44.55,44.65,78910
MAHINDFORG,20111005,59,59,57.8,58.45,3670
MAHINDUGIN,20111005,45,46.6,42.45,42.9,14866
MAHLIFE,20111005,297,297,282.1,283.15,7436
MAHSEAMLES,20111005,345,346.85,339,341.3,72138
MAITHANALL,20111005,95,95,90.1,92.5,103
MALUPAPER,20111005,10.95,11.05,10.85,10.85,897
MALWACOTT,20111005,25.1,28.15,25.1,27.25,1015
MANAKSIA,20111005,55,55.85,54,54.25,2527
MANALIPETC,20111005,10.4,10.7,10.4,10.45,34607
MANAPPURAM,20111005,52.5,53,50.5,51.35,559730
MANDHANA,20111005,208,210,205.3,207.35,261364
MANGALAM,20111005,14,14,14,14,2700
MANGCHEFER,20111005,30.4,31,30.2,30.35,68046
MANGLMCEM,20111005,102.1,102.75,100,100.2,6384
MANGTIMBER,20111005,18.25,18.25,17.05,17.35,813
MANINDS,20111005,120.5,122.45,119,120.95,2803
MANINFRA,20111005,137,141.1,130.2,132.65,18273
MANJEERA,20111005,94,94,82,83.3,59
MANJUSHREE,20111005,86.75,88.95,86.1,88.7,7861
MANUGRAPH,20111005,48.5,49.3,48.5,49,2801
MARALOVER,20111005,13,13,12.25,12.55,1170
MARG,20111005,79.45,82.3,77.8,79.25,11427
MARICO,20111005,143.5,145.9,142.75,144.3,99225
MARKSANS,20111005,2.15,2.25,2.1,2.15,55035
MARUTI,20111005,1117,1129,1077,1085.55,710373
MASTEK,20111005,92,93.65,91.05,92.05,23840
MAWANASUG,20111005,16.7,16.9,15.5,16.25,675
MAX,20111005,185.1,185.7,172.15,173.4,181583
MAXWELL,20111005,25.5,26.85,24.45,25.9,106481
MBECL,20111005,116.9,116.9,110.2,111,11169
MBLINFRA,20111005,139.8,139.8,126.05,128.3,11564
MCDHOLDING,20111005,51,53.7,50.5,51.55,4737
MCDOWELL-N,20111005,765.05,782.75,765.05,778.6,336668
MCLEODRUSS,20111005,228,228,220.1,220.65,155147
MEGASOFT,20111005,14.2,14.9,14.1,14.25,15374
MEGH,20111005,9.1,9.65,9,9.5,129507
MELSTAR,20111005,7.55,7.55,6.9,6.9,2503
MERCK,20111005,650,650,624.9,628.75,5476
MHRIL,20111005,325,325,316,316.6,969
MIC,20111005,11.15,11.35,10.85,11,200809
MICROSEC,20111005,29.25,30,29,29.3,14355
MICROTECH,20111005,120.5,123,118.6,120.95,18132
MINDAIND,20111005,170.05,183,170.05,171.5,144
MINDTREE,20111005,341,344,335,338.8,17183
MIRCELECTR,20111005,18.85,18.85,18.05,18.2,45426
MIRZAINT,20111005,20.3,20.75,19.6,19.8,65545
MLL,20111005,22.75,22.8,22.05,22.3,498775
MMFL,20111005,98.1,100,97,98.9,23729
MMFSL,20111005,91,93.25,90.05,90.7,1466
MMTC,20111005,634.75,648,630,631.35,4670
MOIL,20111005,268.8,270,260.55,262.15,57746
MONNETISPA,20111005,496.3,496.3,489,492.8,4059
MONSANTO,20111005,867.2,867.2,825,827.95,5409
MORARJETEX,20111005,12.5,13,12.2,12.2,1401
MOREPENLAB,20111005,4,4,3.7,3.8,242265
MOSERBAER,20111005,21,21.15,20.3,20.4,386737
MOTHERSUMI,20111005,167,171.45,166.5,167.6,170103
MOTILALOFS,20111005,85.1,85.1,80.25,80.55,3743
MOTOGENFIN,20111005,41.65,43,41.6,43,4813
MPHASIS,20111005,331.6,334.95,312.9,316.1,185737
MPSLTD,20111005,35.4,35.45,33.05,34.95,728
MRF,20111005,6510,6575,6410,6445.6,2519
MRO-TEK,20111005,10,10.4,9.65,9.7,5716
MRPL,20111005,60,61.1,59,59.95,546750
MSPL,20111005,42.5,42.95,41,41.75,6141
MTNL,20111005,30.7,30.9,29.1,29.3,886322
MUDRA,20111005,24.2,25.25,24.2,24.4,5983
MUKANDENGG,20111005,24.6,25.75,24.6,25.3,1729
MUKANDLTD,20111005,33,33,30.35,31.4,16454
MUKTAARTS,20111005,37.5,37.5,36.15,36.6,3215
MUNDRAPORT,20111005,153.55,153.9,147.6,150.65,643151
MUNJALAU,20111005,162.4,162.5,152.3,158.5,4581
MUNJALSHOW,20111005,62,63.35,61.4,61.45,3281
MURLIIND,20111005,22,22.75,21.65,21.75,2496
MURUDCERA,20111005,17.7,17.7,16.5,16.8,4662
MUTHOOTFIN,20111005,157.8,159.75,155.05,159.45,110600
MVL,20111005,23.7,23.8,21.8,23.15,1099624
MVLIND,20111005,13,13.65,13,13.5,7510
MYSOREBANK,20111005,579,579,550,552.6,890
N100,20111005,101.5,103.5,101,101.71,386
NAGREEKCAP,20111005,21.1,21.1,21.1,21.1,50
NAGREEKEXP,20111005,21.95,22.5,21.05,21.2,571
NAHARCAP,20111005,50.5,51.45,48.5,48.55,511
NAHARINDUS,20111005,39.8,42.95,39.75,40.2,2572
NAHARPOLY,20111005,23.4,23.4,23.4,23.4,1
NAHARSPING,20111005,59.4,59.9,59.1,59.6,2907
NANDAN,20111005,2.35,2.45,2.35,2.35,80461
NATCOPHARM,20111005,230.05,232,228.15,230.75,6125
NATHSEED,20111005,12.1,12.75,12.1,12.5,11811
NATIONALUM,20111005,62,63.75,60.95,61.2,180962
NATNLSTEEL,20111005,15,15.45,13.65,13.9,75132
NAUKRI,20111005,655,666.45,642,655,50452
NAVINFLUOR,20111005,351,354,349,349.85,5777
NAVNETPUBL,20111005,65,65.9,62.9,63.55,104707
NBVENTURES,20111005,181.7,190,173.1,175.4,22014
NCC,20111005,56.8,58.2,56.25,57.7,529590
NCLIND,20111005,36.3,37.2,36.05,36.3,3650
NDTV,20111005,51.4,53.5,49.1,49.55,195447
NECLIFE,20111005,20.5,21.2,20.5,21.05,145284
NELCAST,20111005,21,22.5,21,21.7,14598
NELCO,20111005,53.3,53.55,50.5,51.45,19871
NEOCURE,20111005,2.2,2.45,2.2,2.45,1578
NEPCMICON,20111005,3.45,3.6,3.35,3.5,6134
NESCO,20111005,544,549.4,528.3,532.65,7846
NESTLEIND,20111005,4170,4210,4168.25,4198.9,27912
NET4,20111005,145.5,148.5,140.95,144.3,28249
NETWORK18,20111005,70,70.2,63.6,64.8,250088
NEULANDLAB,20111005,84,90,84,88,109
NEXTMEDIA,20111005,4.55,4.65,4.5,4.55,12033
NEYVELILIG,20111005,76,76.75,74.4,74.6,133718
NFL,20111005,66.15,70,66.1,67.5,95628
NHPC,20111005,23.7,23.95,23,23.05,3634061
NICCO,20111005,2.7,2.7,2.55,2.6,19196
NIFTYBEES,20111005,489,492.7,483.99,485.43,66459
NIITLTD,20111005,43.75,44.6,42.1,42.65,56290
NIITTECH,20111005,204.8,204.8,193.55,194.1,38636
NILKAMAL,20111005,263,265,253.35,255.05,589
NIPPOBATRY,20111005,414.95,414.95,390.5,390.5,79
NITCO,20111005,43.1,45.7,43.1,43.45,6200
NITESHEST,20111005,16.5,16.5,15.75,16,21621
NITINFIRE,20111005,35.35,36.7,34.25,35.2,524405
NITINSPIN,20111005,6.4,6.45,5.7,5.8,71845
NMDC,20111005,224,224.9,219.55,222.35,145171
NOCIL,20111005,16.2,16.25,15.4,15.45,345025
NOIDATOLL,20111005,23.85,23.85,22.3,22.6,75141
NOL,20111005,41.55,41.55,39.05,39.05,240
NORBTEAEXP,20111005,5,5.25,4.95,5.05,887
NORTHGATE,20111005,12.1,12.5,12.05,12.15,15456
NOVOPANIND,20111005,40.5,43,40.5,42.05,1073
NRBBEARING,20111005,42.4,47.3,42.2,43.3,1063727
NRC,20111005,3.55,3.95,3.55,3.95,2257
NSIL,20111005,591,615,591,600.05,40
NTPC,20111005,164.7,165.85,162.45,163.9,1610551
NUCHEM,20111005,3.15,3.15,2.65,2.8,31690
NUCLEUS,20111005,67,70.45,66,66.85,9225
NUMERICPW,20111005,191,191,185,187.7,1314
NUTEK,20111005,2.65,2.7,2.65,2.65,199068
OBEROIRLTY,20111005,227.15,234,221.15,223.95,34871
OCL,20111005,89.6,92.35,89.6,91.55,2343
OFSS,20111005,1935,1935,1870,1892.45,27751
OIL,20111005,1319,1341,1302.1,1302.8,11819
OILCOUNTUB,20111005,60,60,59.1,59.6,1888
OISL,20111005,48.5,50,48.2,49.05,3612
OMAXAUTO,20111005,36.8,41,36.55,37.35,17784
OMAXE,20111005,135,137.5,132.75,135.95,119064
OMKARCHEM,20111005,66,70.9,64.05,67.2,1627
OMMETALS,20111005,24.1,25,24,24.05,1602
OMNITECH,20111005,141.6,142.4,131.4,134.3,24827
ONGC,20111005,263.3,268.95,263,263.95,2024812
ONMOBILE,20111005,61.15,61.4,57.55,58.1,185009
ONWARDTEC,20111005,37.3,39.9,37.3,39.15,7217
OPTOCIRCUI,20111005,214,218.2,208,209.2,203279
ORBITCORP,20111005,33.55,33.9,32.35,33.5,230132
ORCHIDCHEM,20111005,145.55,151.35,144.7,149.25,2146617
ORIENTABRA,20111005,34,35.15,34,35,24457
ORIENTALTL,20111005,7.9,8.25,7.75,7.95,3048
ORIENTBANK,20111005,285,290.85,280,282.8,287642
ORIENTHOT,20111005,27,27.5,26.55,26.55,1685
ORIENTLTD,20111005,70.75,74.05,70.75,73.85,6
ORIENTPPR,20111005,60.05,61.1,58.25,60,230541
ORISSAMINE,20111005,43490,43500,42350,42543.7,357
OSWALMIN,20111005,41.5,43.1,39,40.55,973
OUDHSUG,20111005,19.2,20.35,18.5,19.1,16550
PAEL,20111005,21.5,22.5,21.5,22.1,108
PAGEIND,20111005,2455,2470,2340,2384.25,1710
PANACEABIO,20111005,118,122,115.35,116.15,3765
PANAMAPET,20111005,226.15,230.95,226,226.3,222
PANASONIC,20111005,114.95,115,102.1,105.8,1827
PANCARBON,20111005,128.05,128.05,128.05,128.05,50
PANORAMUNI,20111005,10,10.8,9.8,10.8,8385
PANTALOONR,20111005,184.8,191.35,173.05,179.1,1153010
PAPERPROD,20111005,75.1,77,74.4,75.75,18140
PARABDRUGS,20111005,32.5,34.2,32.5,33.9,52713
PARACABLES,20111005,2.9,3.05,2.85,2.9,10320
PARAL,20111005,221.15,229.05,219,219.7,1552
PARAPRINT,20111005,24.1,25.75,23.85,24.55,428855
PARASPETRO,20111005,0.45,0.5,0.45,0.5,14179
PARRYSUGAR,20111005,85,89,83,85,196
PARSVNATH,20111005,64,64.35,62.25,63.3,483896
PATELENG,20111005,92.35,92.55,90,90.45,186944
PATINTLOG,20111005,31,31.9,30.2,30.75,162091
PATNI,20111005,290.95,291.9,285.05,287.6,124965
PATSPINLTD,20111005,12.5,12.5,11.65,12.45,1554
PBAINFRA,20111005,40,41.35,39.5,39.55,1587
PDPL,20111005,89.55,91.5,89,89.2,301
PDUMJEIND,20111005,16.25,16.25,16.25,16.25,1
PDUMJEPULP,20111005,19,19,16,16.6,683
PEACOCKIND,20111005,2.9,3.05,2.8,2.85,1904
PEARLPOLY,20111005,19.05,19.2,19.05,19.2,10128
PENIND,20111005,37.2,37.5,36.3,36.9,25375
PENINLAND,20111005,43.1,44.95,41.5,41.75,48363
PEPL,20111005,2.3,2.3,2.3,2.3,1
PERIATEA,20111005,131.25,131.25,130,131.05,1040
PERSISTENT,20111005,301,314.8,299.1,300.05,15314
PETRONENGG,20111005,278.05,287,273.1,277.5,448
PETRONET,20111005,161.9,163.05,156.65,157.8,1402338
PFC,20111005,136,137.7,132.8,133.5,2407787
PFIZER,20111005,1340,1345.95,1330,1336.95,1371
PFOCUS,20111005,55,55,52.3,52.65,226105
PFS,20111005,15.2,15.45,15.05,15.1,53739
PGEL,20111005,230,230.05,204.2,212.3,835247
PGHH,20111005,1860.5,1918.95,1860.5,1901.8,1014
PHILIPCARB,20111005,133.15,140.45,132.4,132.9,13596
PHOENIXLTD,20111005,205.5,211.25,199,199.3,23179
PIDILITIND,20111005,158.1,165,158.1,163.75,21394
PIIND,20111005,579.65,579.65,565,567.6,729
PIONDIST,20111005,47,47,44,47,397
PIONEEREMB,20111005,11,11.7,11,11.7,205
PIPAVAVDOC,20111005,71.8,76,71.8,73.95,4425674
PIRGLASS,20111005,118,124.45,118,121.25,7645
PIRHEALTH,20111005,351,354.85,350.05,353.8,22677
PIRLIFE,20111005,88.5,88.5,86.65,86.8,1213
PITTILAM,20111005,45.75,45.75,44.1,44.9,8101
PLASTIBLEN,20111005,172.2,172.2,167.25,172,732
PLETHICO,20111005,368,373,366,369.45,41531
PNB,20111005,920,930,901.35,908.95,330382
PNBGILTS,20111005,24,24.5,22.85,23.8,150153
PNC,20111005,13.5,13.5,12.5,12.85,5799
POCHIRAJU,20111005,12.2,13,12,12.15,12485
POLARIND,20111005,3.7,4.05,3.7,4,14255
POLARIS,20111005,129.35,131.8,123.3,124.05,671937
POLYPLEX,20111005,167.85,170.35,163.2,164.25,71982
PONDYOXIDE,20111005,29.1,29.5,29,29.05,3967
PONNIERODE,20111005,80.9,80.9,78,79.5,669
POWERGRID,20111005,96.05,97.05,95.5,95.9,1970799
PPAP,20111005,78,79.5,77.1,78,1681
PRADIP,20111005,64.8,65.25,62.05,62.55,6254
PRAENG,20111005,6,6.2,5.9,6,21144
PRAJIND,20111005,70.6,71.5,68.2,68.85,687572
PRAKASH,20111005,50.15,50.15,48.4,48.85,106487
PRAKASHCON,20111005,219,232.4,184,184,5146000
PRAKASHSTL,20111005,121.5,123.65,121,121.7,4831
PRATIBHA,20111005,41.7,43,41.7,42.05,17121
PRECOT,20111005,108.25,108.3,104,106.45,2017
PRECWIRE,20111005,80.25,85.9,80.25,84.55,359
PREMIER,20111005,78.05,80.45,78,79.75,1784
PRESTIGE,20111005,88.1,88.75,85.1,85.95,87117
PRETAILDVR,20111005,151,161.95,142,151.4,4596
PRICOL,20111005,15,15.85,14.7,15,30117
PRIMESECU,20111005,16,17.05,16,16.4,2362
PRISMCEM,20111005,41.3,42.5,40.5,41.6,4018206
PRITHVI,20111005,18,19.4,18,18.8,3740
PROVOGUE,20111005,29.5,30.4,29,29.2,76431
PSB,20111005,65.35,65.8,64.55,65,62505
PSL,20111005,64.05,64.3,61.2,61.5,100584
PSUBNKBEES,20111005,312.1,314.84,305.1,307.12,1366
PTC,20111005,68.4,68.5,67,67.2,282585
PTL,20111005,44.35,44.45,40.35,42.55,38566
PUNJABCHEM,20111005,68.5,81,66.5,68.95,7069
PUNJLLOYD,20111005,53.2,54.45,52.1,52.95,4335375
PURVA,20111005,65.1,65.1,61.55,62.3,8952
PVP,20111005,4.95,4.95,4.5,4.65,75519
PVR,20111005,117.1,139.35,111.75,114.3,112030
QGOLDHALF,20111005,1271.65,1271.65,1239,1241.15,1903
QNIFTY,20111005,488.7,488.7,488,488,34
QUINTEGRA,20111005,3,3.2,2.95,3.05,13190
RADAAN,20111005,2.15,2.3,2.15,2.2,17845
RADICO,20111005,123.75,124,122.15,122.85,211360
RAINBOWPAP,20111005,64.3,65.9,64,64.2,63287
RAINCOM,20111005,26.3,26.3,25.25,25.85,144071
RAJESHEXPO,20111005,122.8,125.2,119.25,120.2,416215
RAJOIL,20111005,20.2,20.8,20,20.25,16469
RAJPALAYAM,20111005,204,205,199.05,200.85,330
RAJRAYON,20111005,9.65,9.65,9.65,9.65,1500
RAJSREESUG,20111005,35.85,35.9,33.1,34.1,7239
RAJTV,20111005,58.95,58.95,57,57.35,10851
RAJVIR,20111005,115,115,111.9,112,514
RALLIS,20111005,180,180.9,172.8,174,93432
RAMANEWS,20111005,10.45,12.1,10.45,10.7,4455
RAMCOIND,20111005,41,41.6,41,41.45,58067
RAMCOSYS,20111005,57.5,57.5,56.5,57.2,280
RAMKY,20111005,206.4,210,203,206.2,12619
RAMSARUP,20111005,9.3,9.9,9.25,9.8,6352
RANASUG,20111005,3.8,3.8,3.7,3.7,166474
RANBAXY,20111005,521.4,524,516.4,520.35,720833
RANEENGINE,20111005,188.25,190,186,186.15,202
RANEHOLDIN,20111005,201.1,201.1,197.1,199.55,416
RANKLIN,20111005,13.5,14,13.45,14,988
RATNAMANI,20111005,102,103.7,102,102.15,18561
RAYMOND,20111005,330.05,334.8,322,323.8,81529
RBL,20111005,107,109.5,107,107,332
RBN,20111005,66.4,67.75,59.65,60.85,249447
RCF,20111005,70.5,71.9,69.05,69.5,238106
RCOM,20111005,71.8,73.95,71.8,72.65,7508693
RECLTD,20111005,155,158.9,153.6,155.65,1263858
REDINGTON,20111005,90.15,91.4,89.15,90.6,61752
REFEX,20111005,11.15,12.5,11,11.35,10076
REIAGROLTD,20111005,24.1,24.45,23.1,23.35,582977
REISIXTEN,20111005,23,24,22.7,22.85,4639
RELAXO,20111005,444.9,450,424,431.5,641
RELBANK,20111005,845,869,841,851.97,166
RELCAPITAL,20111005,327.9,327.9,312.5,315.95,3911264
RELGOLD,20111005,2475,2478.9,2425,2427.9,18761
RELGRNIFTY,20111005,479.9,481.8,477,481.8,56
RELIANCE,20111005,772.55,777.9,761.75,767,4739596
RELIGARE,20111005,413.5,413.5,404.95,405.25,6503
RELIGAREGO,20111005,2626.25,2626.25,2566,2588.85,411
RELINFRA,20111005,382.8,382.8,373.1,376.85,1282650
RELMEDIA,20111005,89,90.6,85.6,86.75,267949
REMSONSIND,20111005,22.75,22.75,22.75,22.75,50
RENUKA,20111005,54.2,54.65,49.75,50.45,5392827
REPRO,20111005,134,136.4,133.1,133.2,2497
RESPONIND,20111005,106.9,107,105,106.25,6341
RESURGERE,20111005,0.3,0.3,0.25,0.3,1200963
REVATHI,20111005,359.95,359.95,339.2,344.25,340
RICOAUTO,20111005,11.35,11.55,10.8,11.05,129434
RIIL,20111005,384,393.95,376.65,378.7,67737
RJL,20111005,88.15,90.65,88.1,89.35,1476
RKDL,20111005,16.4,16.5,15.65,15.9,10648
RMCL,20111005,5.05,5.45,4.45,4.7,22511
RML,20111005,119,119,117,117.05,1619
ROHITFERRO,20111005,26.5,27,26.5,26.55,11353
ROHLTD,20111005,51,52.65,48,49.75,19622
ROLTA,20111005,77.65,78.75,69.55,70.3,3264241
ROMAN,20111005,21.4,22.6,21.35,22.15,874
RPGLIFE,20111005,77.55,79.85,77.55,78.15,4937
RPOWER,20111005,78.5,80,78.2,79.35,1925118
RPPINFRA,20111005,60,61,57,58.8,2024
RSSOFTWARE,20111005,53.2,54.9,53.2,53.85,10696
RSWM,20111005,83.5,83.8,82.7,83.7,726
RSYSTEMS,20111005,99,100,97.5,99.1,1216
RUBYMILLS,20111005,870,873.95,794.1,806.75,702
RUCHINFRA,20111005,19.25,20.45,19.25,19.95,87693
RUCHIRA,20111005,8.4,8.9,8.4,8.5,869
RUCHISOYA,20111005,112.2,112.2,107.1,110.4,148944
RUSHIL,20111005,189.1,193.4,172.25,175.65,1174679
SABERORGAN,20111005,120.3,121,119.3,119.65,3527
SADBHAV,20111005,130.8,131,125.15,125.7,12226
SAGCEM,20111005,135,135,135,135,430
SAHPETRO,20111005,28.75,28.75,27.8,27.8,18
SAIL,20111005,101.5,102,98.35,98.85,3743343
SAKHTISUG,20111005,25.4,25.75,24.5,24.9,30068
SAKSOFT,20111005,76,78.95,75,77.15,595
SAKUMA,20111005,12.75,15.3,12.75,13.4,10681
SALORAINTL,20111005,27.9,27.9,25.7,25.7,77
SALSTEEL,20111005,5.2,5.5,5.2,5.45,17829
SAMBHAAV,20111005,1.2,1.2,1.15,1.15,45
SANDESH,20111005,282.4,282.4,282.4,282.4,250
SANGAMIND,20111005,29,29.15,28.55,29,3354
SANGHIPOLY,20111005,1.35,1.45,1.35,1.4,1802
SANGHVIFOR,20111005,22.8,23.75,22,22.85,8686
SANGHVIMOV,20111005,119.9,119.9,117,117.25,5767
SANWARIA,20111005,15.4,15.75,14.35,14.65,412074
SARDAEN,20111005,124.4,129,120.3,122.6,10895
SAREGAMA,20111005,69,71.65,66,66.35,62203
SARLAPOLY,20111005,103.8,103.8,102.95,102.95,2
SASKEN,20111005,107.75,109.45,106.7,107.1,12164
SATHAISPAT,20111005,35.4,37.2,35,35.1,18659
SATYAMCOMP,20111005,65.5,67.2,64,64.2,2193778
SAVERA,20111005,36,37.9,35,35.7,410
SB&TINTL,20111005,14.2,15.2,13.9,13.95,33220
SBBJ,20111005,371.95,378.1,371.95,374,8566
SBIGETS,20111005,2598.9,2598.9,2550,2557.5,14855
SBIN,20111005,1800.1,1812.2,1710,1718.4,6275452
SBT,20111005,596,596,582.05,585.75,5123
SCI,20111005,72.6,72.9,69.65,69.8,480054
SEAMECLTD,20111005,102.05,102.5,102,102.15,1421
SELAN,20111005,281.3,293.4,280,282.8,11188
SELMCL,20111005,11.65,11.8,11.35,11.45,117716
SENTINEL,20111005,13,13.55,12.7,13.4,3459
SERVALL,20111005,6.05,6.2,6,6.05,23239
SESAGOA,20111005,192.55,197.1,191.6,192.95,2579382
SESHAPAPER,20111005,195,197.95,189.2,192.1,24
SEZALGLASS,20111005,2.4,2.5,2.35,2.45,227077
SGFL,20111005,5.1,5.1,5.1,5.1,100
SGJHL,20111005,140,142.9,138.25,139.7,148843
SGL,20111005,3.8,4.25,3.8,4.25,300
SHAHALLOYS,20111005,9.15,10.45,9.15,9.85,2208
SHALPAINTS,20111005,450,457,425.5,433.25,2066
SHANTIGEAR,20111005,38.1,39.3,38.1,38.95,38228
SHARIABEES,20111005,111.2,111.2,108.8,108.8,62
SHARRESLTD,20111005,54.5,55,51,52.05,50037
SHASUNPHAR,20111005,64.1,65,58.25,60,59419
SHILPAMED,20111005,216.65,221.5,216.65,220.15,3610
SHILPI,20111005,12.65,12.8,12,12.65,14845
SHIV-VANI,20111005,195,196,190.5,193.55,6801
SHIVAMAUTO,20111005,123.9,123.9,116,116.35,15
SHIVTEX,20111005,24,24.3,23.8,24,722
SHLAKSHMI,20111005,96.6,97.2,92.5,95.7,51508
SHOPERSTOP,20111005,326,333,313.6,318.9,10596
SHREEASHTA,20111005,5.65,5.7,5.55,5.55,2517199
SHREECEM,20111005,1892.85,1895,1810,1838.45,1176
SHREERAMA,20111005,4.5,4.8,4.2,4.4,12739
SHRENUJ,20111005,60,62.5,58.65,61,2844
SHREYANIND,20111005,19,19,19,19,1
SHREYAS,20111005,37,37,33.5,33.6,19990
SHRIRAMCIT,20111005,520,520,505.15,510,421
SHRIRAMEPC,20111005,118,121.9,113.3,117.6,2896
SHYAMTEL,20111005,33.65,35.45,32.1,32.55,20358
SICAGEN,20111005,19.95,19.95,18.4,18.55,6272
SICAL,20111005,70.5,71.4,70,70.9,17111
SIEMENS,20111005,826.5,837.8,816.65,826.7,100354
SILINV,20111005,88.9,88.9,85.9,85.95,3
SIMBHSUGAR,20111005,27.45,28,27.2,27.45,2252
SIMPLEX,20111005,83.1,87.95,83.1,87.4,587
SIMPLEXINF,20111005,224,228,219.9,222.95,663
SINTEX,20111005,106.3,111.75,106.3,109.35,3248230
SIRPAPER,20111005,45.2,46.65,45.2,46.3,827
SITASHREE,20111005,7.95,8.05,7.7,8.05,4321
SIYSIL,20111005,267.9,270,255,261.1,5678
SJVN,20111005,22,22,20.15,21.05,377002
SKFINDIA,20111005,662,668,647.4,665.2,10846
SKMEGGPROD,20111005,7.15,7.55,7.1,7.2,7668
SKSMICRO,20111005,222,222,211,211,328853
SKUMARSYNF,20111005,39.9,39.9,37.65,38.05,1006329
SMARTLINK,20111005,38.4,39.9,38.4,38.95,3769
SMLISUZU,20111005,382.05,383.7,376.1,378.2,650
SMOBILITY,20111005,101,102.8,99.65,100.6,73163
SMPL,20111005,6.85,7,6.85,6.9,34188
SMSPHARMA,20111005,167.1,170,167.1,170,206
SOBHA,20111005,218,218,200.9,203.25,60784
SOFTTECHGR,20111005,4.6,4.85,4.5,4.55,1093
SOLARINDS,20111005,765,769.9,760,760.8,1180
SOMANYCERA,20111005,41.1,42.9,38.1,39.05,10022
SOMATEX,20111005,6,6.4,6,6.4,1319
SONASTEER,20111005,14.05,14.05,13.75,13.8,15160
SONATSOFTW,20111005,28,28.25,27.6,27.8,69838
SOTL,20111005,523,541.85,506.4,512.05,5483
SOUISPAT,20111005,4.95,4.95,4.6,4.9,182132
SOUTHBANK,20111005,21.55,21.9,21.5,21.8,2276119
SPANCO,20111005,125,126.05,114.5,120.65,53888
SPARC,20111005,77.25,81.85,77.25,80,149484
SPENTEX,20111005,8.65,9,8.65,8.65,732
SPIC,20111005,24.05,24.3,23.5,23.6,89781
SPMLINFRA,20111005,121.5,124.85,121,121,376
SPYL,20111005,20.85,22.15,20.85,21.45,818
SREINFRA,20111005,30.9,31.6,30.2,30.85,383249
SRF,20111005,300.1,303.65,290.1,294.9,51337
SRGINFOTEC,20111005,0.45,0.5,0.45,0.5,6393
SRHHLINDST,20111005,3.6,3.6,3.6,3.6,50
SRHHYPOLTD,20111005,38.1,38.1,38.1,38.1,89
SRSLTD,20111005,30.65,30.9,29.25,30.1,377749
SRTRANSFIN,20111005,610.2,618.9,590.3,596,519182
SSWL,20111005,213.05,228.95,210.5,222.85,24635
STAR,20111005,336.95,347.7,332,344.95,75937
STARPAPER,20111005,21.5,21.5,21.5,21.5,50
STCINDIA,20111005,149,151,146.15,146.95,32267
STER,20111005,107,109.2,103.65,104.5,10393127
STERLINBIO,20111005,68.8,68.8,66.75,67.85,691457
STERTOOLS,20111005,104.95,105,102.6,103.45,2501
STOREONE,20111005,13.15,13.6,13.15,13.25,5905
STRTECH,20111005,35.7,36.25,34.05,34.45,249216
SUBEX,20111005,41.3,41.8,40.2,40.45,263931
SUDAR,20111005,69,73.8,68.1,68.95,695097
SUDARSCHEM,20111005,700,700,700,700,141
SUJANATOW,20111005,25.5,26.9,25.1,25.4,402014
SUJANAUNI,20111005,4.65,4.65,4.25,4.3,86259
SUMEETINDS,20111005,25.2,25.25,23.05,23.7,337136
SUMMITSEC,20111005,75,76.1,75,75,4391
SUNCLAYTON,20111005,139,139,133.35,135.1,8204
SUNDARAM,20111005,44,44,42.15,42.25,124648
SUNDARMFIN,20111005,535,535,499.8,508.95,3901
SUNDRMBRAK,20111005,151.7,151.7,144.05,145.5,353
SUNDRMFAST,20111005,60,61.45,58.1,58.55,26413
SUNFLAG,20111005,23.75,24,23,23.4,44715
SUNILHITEC,20111005,79.1,81.55,79.1,79.9,3999
SUNPHARMA,20111005,450,466,450,461.05,1051692
SUNTECK,20111005,312.95,329.8,311,321.7,24084
SUNTV,20111005,219,233.5,219,231.3,997064
SUPER,20111005,180,180,167,168.7,121
SUPERSPIN,20111005,7,7.95,7,7.65,1923
SUPPETRO,20111005,70,71.7,70,70.5,13284
SUPRAJIT,20111005,19.15,19.2,18.55,19,8162
SUPREMEIND,20111005,184.5,188.75,179.9,182.25,15361
SUPREMEINF,20111005,217,222.85,196,214.35,75876
SURAJDIAMN,20111005,42.05,44.1,42.05,43.3,21809
SURANACORP,20111005,85,95,84,94.9,695
SURANAIND,20111005,428.5,429,428.25,428.35,3134
SURANAT&P,20111005,14.5,14.55,14,14,3550
SURANAVEL,20111005,28,28.7,27,27.75,15520
SURYAJYOTI,20111005,22.95,22.95,21.75,22.15,601
SURYALAXMI,20111005,64.1,64.1,58.55,60.45,1372
SURYAPHARM,20111005,15.8,15.8,15,15.05,39858
SURYAROSNI,20111005,58.5,60.25,58,58.55,2700
SUTLEJTEX,20111005,168.1,168.1,167,167.2,701
SUVEN,20111005,16.7,16.9,15.7,15.85,86587
SUZLON,20111005,36.2,36.45,34.6,34.85,10524908
SWARAJENG,20111005,451,454.9,442,448.15,346
SYMPHONY,20111005,1214.9,1232.95,1180,1218.15,544
SYNCOM,20111005,13.7,14.4,13.3,13.8,3588
SYNDIBANK,20111005,98.1,99.8,96,97.15,274317
TAINWALCHM,20111005,20.15,21.4,20.1,20.95,1134
TAJGVK,20111005,88.6,89.95,84.6,85.55,29407
TAKE,20111005,28.6,29.3,28.6,29,6087
TALBROAUTO,20111005,39.8,39.8,38.7,39,387
TALWALKARS,20111005,168.3,171.95,157.7,159.45,64589
TANLA,20111005,7.8,7.8,7.1,7.4,145151
TANTIACONS,20111005,47.5,49.8,47.2,47.5,1250
TARAPUR,20111005,17,17.65,17,17.15,7687
TATACHEM,20111005,301.6,304.7,287,295,575362
TATACOFFEE,20111005,787.4,798,772,790.7,155427
TATACOMM,20111005,176,182,176,179.55,115213
TATAELXSI,20111005,196.55,196.75,193,194.2,10227
TATAGLOBAL,20111005,83.5,83.7,80.5,81.1,585464
TATAINVEST,20111005,482.25,487.8,462.35,466.3,8578
TATAMETALI,20111005,75,76.5,71.5,71.75,39811
TATAMOTORS,20111005,148.2,151.85,146.65,147.4,8880985
TATAMTRDVR,20111005,83.65,86.05,81.2,81.65,2183907
TATAPOWER,20111005,97,99.65,96.1,98.2,4058312
TATASPONGE,20111005,295.55,306,295.1,296.1,5547
TATASTEEL,20111005,400.8,406.8,398,400.6,4220159
TCI,20111005,80.95,84,78.25,79,71860
TCIDEVELOP,20111005,158,160,158,160,6
TCIFINANCE,20111005,31.2,31.25,30.15,30.95,2661
TCS,20111005,1054.5,1063,1041,1043.55,1707631
TDPOWERSYS,20111005,255.5,259.7,253,254.4,31508
TECHM,20111005,550.45,558,529.7,531.95,131691
TECHNO,20111005,220,220,202.15,204,12070
TECHNOFAB,20111005,131.6,134.4,131.55,132.2,1216
TECPRO,20111005,217.4,217.4,206.1,207.95,5800
TELEDATAIT,20111005,0.35,0.35,0.3,0.3,332497
TELEMARINE,20111005,0.5,0.6,0.5,0.6,39541
TEXMACOLTD,20111005,31,31,29.75,29.85,126044
TEXMOPIPES,20111005,35.25,36.05,33.15,33.85,96278
TEXRAIL,20111005,78.05,80,78.05,79.95,13525
TFCILTD,20111005,29.55,29.6,26.6,27.75,439519
TFL,20111005,13.2,14.4,13.2,13.8,2
THANGAMAYL,20111005,145,149.5,145,147.6,4707
THEMISMED,20111005,109.1,111,104.1,110,130
THERMAX,20111005,413.7,415.9,407,410.15,50538
THINKSOFT,20111005,36.05,38.8,36.05,38.3,45683
THIRUSUGAR,20111005,74,74,71.05,71.4,429
THOMASCOOK,20111005,45.95,45.95,44.4,44.6,93334
TI,20111005,30,31.5,29.4,31.15,601473
TIDEWATER,20111005,6300,6391,6281,6290.95,797
TIIL,20111005,39.5,39.8,38.25,38.95,868
TIL,20111005,395.15,399.95,393.1,396,930
TIMESGTY,20111005,29.5,29.5,27.55,27.55,300
TIMETECHNO,20111005,64,64,63,63.4,9524
TIMKEN,20111005,210.7,213.7,206.75,208.35,47775
TINPLATE,20111005,44.95,45.65,44.05,44.3,38661
TIPSINDLTD,20111005,28,28.25,27.45,28.2,823
TIRUMALCHM,20111005,66.6,70.7,66.6,69,885
TITAN,20111005,200,200.65,193.55,197.45,5425968
TNPETRO,20111005,15.2,15.6,15.05,15.15,12844
TNPL,20111005,98.1,99.5,97.35,97.9,9906
TODAYS,20111005,4.9,5.3,4.85,5,4797
TOKYOPLAST,20111005,13,13.8,12.9,13.8,1000
TORNTPHARM,20111005,539.75,547,529.25,541.7,42854
TORNTPOWER,20111005,225.3,229.6,222,224.9,46023
TREEHOUSE,20111005,162.7,166.75,160.5,164.4,271859
TRENT,20111005,1139.9,1139.9,1055,1061.65,9135
TRF,20111005,319.95,321.95,305,305.9,15623
TRICOM,20111005,11.1,11.9,10.65,11.05,29880
TRIDENT,20111005,11.45,11.7,11.3,11.5,17862
TRIGYN,20111005,12.9,13.25,12.9,12.95,4002
TRIL,20111005,220,220,213.6,216.65,5275
TRIVENI,20111005,20.3,21.25,19.85,20.1,351829
TTKHEALTH,20111005,445.5,455.95,434.2,436.6,42989
TTKPRESTIG,20111005,2567.8,2580,2340,2392.45,262136
TTL,20111005,24.8,24.8,22.5,22.6,7149
TTML,20111005,16.6,17.05,16.25,16.35,1616695
TUBEINVEST,20111005,130.3,131.75,129.45,130.1,15647
TULIP,20111005,154.5,154.85,150.5,151.45,67881
TULSI,20111005,11.25,11.4,10.9,11.1,37062
TULSYAN,20111005,36,36,35.75,35.85,275
TV18BRDCST,20111005,40.25,41.45,39.2,40.95,154495
TVSELECT,20111005,17.5,18.6,17.5,18.35,703
TVSMOTOR,20111005,59.4,59.95,57.7,58,564799
TVSSRICHAK,20111005,379.9,380,373.05,379.5,457
TVTODAY,20111005,50.5,51.4,49.5,49.55,21029
TWILITAKA,20111005,34,34.15,31.6,31.9,49832
TWL,20111005,400.1,404,398,400.05,3287
UBENGG,20111005,48,49.5,46.8,47.15,19144
UBHOLDINGS,20111005,98.3,98.3,94.5,95,34945
UBL,20111005,364,367.85,352.25,354.9,40151
UCALFUEL,20111005,69.65,72,69.65,69.75,4496
UCOBANK,20111005,62.95,63.5,61.45,61.75,870569
UFLEX,20111005,126.6,128.6,123.6,124.95,337195
UGARSUGAR,20111005,12.5,13.9,12.45,13.2,8823
ULTRACEMCO,20111005,1090,1114.85,1090,1106,40853
UMESLTD,20111005,16.05,19,15.9,16.9,9941
UNICHEMLAB,20111005,138.9,138.9,132.2,132.95,6649
UNIENTER,20111005,26.85,26.85,25.25,25.8,2251
UNIONBANK,20111005,232.45,239,221.8,224.75,3358144
UNIPHOS,20111005,129.55,131.85,122.55,124.55,2258335
UNIPLY,20111005,10.75,10.85,10.75,10.85,220
UNITECH,20111005,25.45,25.9,25,25.15,15492418
UNITEDBNK,20111005,72.9,72.9,71.5,72.2,49369
UNITEDTEA,20111005,147,150,135.1,142.25,320
UNITY,20111005,40.8,41.9,40.05,41.05,76352
UNIVCABLES,20111005,47.45,47.45,43.6,44.1,17811
UPERGANGES,20111005,44.5,46.35,43.1,43.35,70
USHAMART,20111005,31.65,31.9,30.5,30.95,840476
USHERAGRO,20111005,123.25,124.8,120.6,122.15,239915
UTTAMSTL,20111005,68.5,69.6,66.1,66.5,20619
UTTAMSUGAR,20111005,29.1,29.9,28.2,29.45,3156
UTVSOF,20111005,945.3,954.55,941.1,944.55,28324
VADILALIND,20111005,110,114.95,106.15,108.65,13338
VAIBHAVGEM,20111005,34.5,35.75,30.5,31.1,16875
VAKRANSOFT,20111005,354.75,354.75,350,350.1,4452
VALECHAENG,20111005,73.9,74.5,72.55,72.85,7497
VALUEIND,20111005,16,17,16,16.95,8532
VARDHACRLC,20111005,9,9,8.8,8.9,67641
VARDMNPOLY,20111005,103.5,104,100,101.95,49449
VARUN,20111005,248.25,251.6,245.3,247.3,148235
VARUNSHIP,20111005,19,19.4,17.6,17.65,176045
VASCONEQ,20111005,46,47.5,46,46.45,6754
VENKEYS,20111005,383.85,394.95,379.15,382.25,24783
VENUSREM,20111005,198,198,190.6,191.6,2971
VESUVIUS,20111005,392.95,395.45,390.05,393.75,36557
VGUARD,20111005,206.85,208.7,200.4,202.05,21483
VHL,20111005,360,379,360,379,501
VICEROY,20111005,23.6,24.95,21.75,23.5,84674
VIDEOIND,20111005,167.95,169.8,166.35,169,119379
VIJAYABANK,20111005,52.9,52.95,51.5,51.8,1019419
VIJSHAN,20111005,15.1,16,14.15,15,1823
VIKASHMET,20111005,9.6,9.9,9.25,9.75,32716
VIMTALABS,20111005,17.95,17.95,16.75,17,32505
VINATIORGA,20111005,68,68,65.55,65.7,5534
VINDHYATEL,20111005,143.9,151.95,143.85,150.3,11
VINYLINDIA,20111005,9.95,9.95,8.3,8.6,11902
VIPIND,20111005,885.05,898.5,845,851.8,839179
VIPUL,20111005,10.65,11.1,10.4,10.4,10307
VISAKAIND,20111005,84.5,84.95,83,83.5,1157
VISASTEEL,20111005,58.5,58.9,58.5,58.5,9711
VISESHINFO,20111005,3,3.35,2.9,3.2,24649
VISHALRET,20111005,23.1,25.5,23,23.1,28834
VISUINTL,20111005,2,2.05,1.85,1.85,15399
VIVIMEDLAB,20111005,248,250.75,243.15,244.95,9681
VLSFINANCE,20111005,9.25,11.8,9.25,11.25,4407
VOLTAMP,20111005,500.2,508,490.15,492.25,28666
VOLTAS,20111005,103.4,105.4,102.2,102.55,674951
VSTIND,20111005,1260,1288.8,1238,1244.4,3819
VSTTILLERS,20111005,514.9,514.9,495.15,508.75,17566
VTL,20111005,192,193.3,191,192.55,26964
VTXIND,20111005,12.8,13.45,12.75,12.95,252
WABAG,20111005,350.6,360.5,339.1,343.95,3925
WABCOINDIA,20111005,1233.3,1258,1233.3,1250.55,71
WALCHANNAG,20111005,86,88.5,82,82.45,58592
WANBURY,20111005,24,24,23.1,23.5,1172
WEBELSOLAR,20111005,37.95,37.95,36.65,36.7,731
WEIZFOREX,20111005,73,74,70.55,71,1188
WEIZMANIND,20111005,9,10.9,8.75,8.85,5858
WELCORP,20111005,106.7,110,105.95,107.75,494907
WELGLOB,20111005,40.5,40.5,39.5,39.5,942
WELINV,20111005,52.85,52.85,46.25,47.3,312
WELPROJ,20111005,38.1,38.95,34.4,34.95,50650
WENDT,20111005,1501.1,1580,1501.1,1570,167
WHEELS,20111005,248,254,229.95,231.55,3220
WHIRLPOOL,20111005,219,220.8,212.45,215.9,53316
WILLAMAGOR,20111005,48.15,50.65,46.75,47.15,1802
WINDMACHIN,20111005,20.45,21,20.3,21,197
WINSOME,20111005,25.5,25.5,23.5,23.85,4852
WIPRO,20111005,336.05,341.85,326,327.95,1345851
WOCKPHARMA,20111005,401.3,407.95,388.35,392.45,112717
WSI,20111005,16.1,17,16.1,16.7,969
WSTCSTPAPR,20111005,73.35,73.35,65.6,65.95,8673
WWIL,20111005,6.65,6.8,6.55,6.6,607777
WYETH,20111005,950,961,937,941.45,4149
XLENERGY,20111005,6.6,7.65,6.15,7,14386
XPROINDIA,20111005,50,52.4,49.4,49.5,1873
YESBANK,20111005,255,256.8,240.3,246.05,3914935
ZEEL,20111005,113.3,115,109.5,113,1968220
ZEELEARN,20111005,19,19.3,18.65,18.7,3075365
ZEENEWS,20111005,12,12.05,11.8,11.85,125279
ZENITHBIR,20111005,4.65,4.65,4.45,4.5,90239
ZENITHCOMP,20111005,13.6,13.85,13.4,13.75,4669
ZENITHINFO,20111005,170,170,150,152,565
ZENSARTECH,20111005,124.9,124.9,117,118.4,1709
ZICOM,20111005,33.2,35.5,32,32.3,95984
ZODIACLOTH,20111005,264.7,264.7,226.65,229.7,5394
ZODJRDMKJ,20111005,22.15,23.1,21.7,23.1,153
ZUARIAGRO,20111005,564,564,534,546.1,8045
ZYDUSWELL,20111005,542.4,544,521.7,528.1,5893
ZYLOG,20111005,406,406,398.25,400.75,98355
NSENIFTY,20111005,4791.30,4827.80,4741.00,4751.30,179140481,6385.35
NIFTYJUNIOR,20111005,9439.45,9515.35,9355.80,9371.90,73003253,1302.47
BANKNIFTY,20111005,8930.75,8991.80,8626.45,8701.30,29657407,2396.47
NSEMIDCAP,20111005,6877.95,6934.55,6816.90,6823.50,102751930,1194.33
NSEIT,20111005,5576.80,5638.70,5516.55,5532.80,14212715,720.05
NSE100,20111005,4704.10,4734.80,4656.10,4665.75,252143734,7687.81
NSE500,20111005,3854.30,3877.30,3817.35,3821.85,442865964,9458.79
MIDCAP50,20111005,2016.80,2028.45,1992.65,1995.05,66799439,708.63
VIX,20111005,37.19,37.19,34.76,35.37,37.19,-1.82
