20MICRONS,20110707,48,48.2,46.75,48.05,5426
3IINFOTECH,20110707,46.45,46.8,45.75,46.3,594172
3MINDIA,20110707,4175,4200,4155,4174.95,637
A2ZMES,20110707,260.9,263.75,256.6,258,178517
AANJANEYA,20110707,371.75,372.6,362.05,364.95,270256
AARTIDRUGS,20110707,135,139,132.65,136.55,5950
AARTIIND,20110707,49.8,50.6,49.75,50.2,29599
AARVEEDEN,20110707,48.1,52.8,48.1,51.7,1196
ABAN,20110707,545,549.95,534.1,541.05,1356178
ABB,20110707,895,895,852.5,860.05,76218
ABBOTINDIA,20110707,1474,1525,1474,1504.2,1623
ABCIL,20110707,129.35,130.75,128,128.2,8868
ABGSHIP,20110707,378.5,382,370.3,380.55,323151
ABHISHEK,20110707,13.7,14.15,13.7,14,1337
ABIRLANUVO,20110707,888.1,902.5,879.95,895,116150
ACC,20110707,964,993.7,964,991.05,438480
ACE,20110707,49,49.2,47.2,48.05,41579
ACKRUTI,20110707,196.95,198,192.1,195.1,17912
ACROPETAL,20110707,17.05,17.55,17,17,672396
ADANIENT,20110707,693.7,714.45,665.05,711.05,338944
ADANIPOWER,20110707,110.8,111.3,110.05,110.55,349259
ADFFOODS,20110707,75.5,76.85,73.1,73.8,29994
ADHUNIK,20110707,83.15,85.95,83.15,85.45,44799
ADORWELD,20110707,178.1,185.9,176,182.1,13802
ADSL,20110707,50.8,52.5,48.55,51.65,598160
ADVANIHOTR,20110707,36.9,36.9,36.2,36.85,1850
ADVANTA,20110707,263.05,269,262,265.25,116133
AEGISCHEM,20110707,233.05,233.05,225.2,229.25,13930
AFL,20110707,49.5,49.5,42.15,42.35,525
AFTEK,20110707,14.1,14.4,14.1,14.25,151660
AGCNET,20110707,166,169.85,165.15,165.65,1303
AGRE,20110707,50.9,51.5,48.6,49.7,7232
AGRODUTCH,20110707,12,12.1,11.25,11.8,11513
AHLEAST,20110707,304,325,304,321.35,560
AHLUCONT,20110707,120.45,128.85,120.45,125.15,281977
AHLWEST,20110707,191.4,195.9,191.4,194,444
AHMEDFORGE,20110707,122.3,122.5,120.15,121.05,12649
AIAENG,20110707,372,375,370,370.9,7058
AJANTPHARM,20110707,310.5,321.4,310.5,317.3,55500
AJMERA,20110707,157.2,160.9,157.2,158.65,15526
AKSHOPTFBR,20110707,6.9,7,6.85,6.9,46341
AKZOINDIA,20110707,952,969.5,941.25,950,15586
ALBK,20110707,198.3,206.45,197.3,205.95,1661247
ALCHEM,20110707,229.6,243.4,228.85,230.65,116591
ALEMBICLTD,20110707,23,23.8,22.05,22.45,1281990
ALFALAVAL,20110707,1530.6,1565,1530,1548.2,2054
ALKALI,20110707,57.6,58.7,56,56.95,115268
ALKYLAMINE,20110707,88.5,90,82.1,87.9,1220
ALLCARGO,20110707,169.5,172.45,169.5,170.4,44175
ALLSEC,20110707,20.05,20.1,19.8,20,1001
ALMONDZ,20110707,27.25,27.3,26,26.75,1680
ALOKTEXT,20110707,25.8,26.1,25.75,25.95,2936947
ALPA,20110707,10.2,10.2,9.75,9.75,12384
ALPHAGEO,20110707,102.85,118.9,101.5,112.5,77188
ALPSINDUS,20110707,3.4,3.55,3.4,3.5,8565
AMAR,20110707,100.85,101.5,100.05,100.6,112839
AMARAJABAT,20110707,225.5,232.85,225.5,231.95,38538
AMARJOTHI,20110707,63,63,63,63,250
AMBIKCO,20110707,191,198.4,188.35,197.45,7814
AMBUJACEM,20110707,127.15,129.75,126.75,129.4,2609278
AMDIND,20110707,18,18.15,18,18,8799
AMLSTEEL,20110707,16,16.9,15.15,16.6,2678
AMRUTANJAN,20110707,735.25,741,728.5,731.05,24759
AMTEKAUTO,20110707,164.85,165.35,162.65,164.45,83654
AMTEKINDIA,20110707,89,91.2,88.8,90,1062750
ANANTRAJ,20110707,70,75.55,70,74.85,724875
ANDHRABANK,20110707,134.3,135.1,134.05,134.7,698069
ANDHRACEMT,20110707,11.85,11.85,10.25,11.3,100832
ANDHRSUGAR,20110707,98,98.4,96.6,97.95,4844
ANGIND,20110707,24.1,27.05,24.1,26.15,18771
ANIKINDS,20110707,39.5,40,38.05,38.45,1314
ANKURDRUGS,20110707,41.1,43.7,41,42.35,88813
ANSALAPI,20110707,43.95,43.95,43.25,43.5,55819
ANSALHSG,20110707,42,43.2,40.65,42.95,3485
ANTGRAPHIC,20110707,0.25,0.3,0.25,0.25,326406
APARINDS,20110707,232,235,232,232,2440
APCOTEXIND,20110707,184,184,179.1,179.2,1481
APIL,20110707,526.95,533.75,524,528.65,143557
APOLLOHOSP,20110707,488.25,500,485,496.6,136332
APOLLOTYRE,20110707,78.6,79.8,77.7,79.6,1650496
APPAPER,20110707,368.2,371,368.2,368.95,15825
APTECHT,20110707,96.55,96.85,95.4,96.25,264321
AQUA,20110707,15.8,15.95,15.6,15.7,76166
ARCHIDPLY,20110707,13,16.4,13,14.25,6375
ARCHIES,20110707,40.85,41,40.35,40.45,27479
AREVAT&D,20110707,251.95,258.9,251.05,256.75,93717
ARIES,20110707,104.75,106.9,104.7,105.75,2646
ARIHANT,20110707,58,58,58,58,100
ARL,20110707,2.3,2.35,2.3,2.3,61369
AROGRANITE,20110707,42.5,42.5,41.1,42.45,2050
ARROWTEX,20110707,12,12.5,11.55,11.95,4729
ARSHIYA,20110707,155,155,147.85,149.4,18593
ARSSINFRA,20110707,454,464.8,452.5,455.35,345830
ARVIND,20110707,82.2,83.5,81.7,82.8,1244034
ASAHIINDIA,20110707,84.65,84.95,83.5,83.55,6440
ASAL,20110707,68.5,68.5,66.85,67.25,1935
ASHAPURMIN,20110707,24.4,24.4,21.25,22.3,198516
ASHCONIUL,20110707,2.9,2.9,2.7,2.75,2383
ASHIANA,20110707,150,152.9,143,148.55,2089
ASHOKA,20110707,270,282.05,268.95,278.85,18650
ASHOKLEY,20110707,52.1,52.8,51.9,52.3,3811695
ASIANELEC,20110707,10.05,10.4,10.05,10.2,38042
ASIANHOTNR,20110707,221.5,221.5,216.5,216.9,639
ASIANPAINT,20110707,3258,3265,3171.1,3201.1,124029
ASIANTILES,20110707,44.05,44.35,44,44.35,240
ASIL,20110707,2.6,2.6,2.6,2.6,1
ASSAMCO,20110707,16.2,16.45,15.85,16.15,238069
ASTEC,20110707,43.4,45.5,42.7,43.1,57694
ASTERSILI,20110707,23.75,26,23.2,24.85,31453
ASTRAL,20110707,194,198,193.4,194.65,17022
ASTRAMICRO,20110707,30.2,30.4,29.4,29.55,34870
ASTRAZEN,20110707,1290,1305,1280,1284.5,272
ATFL,20110707,384,386.85,378.05,380.35,2484
ATLANTA,20110707,85,90.65,84.3,86.8,2743550
ATLASCYCLE,20110707,278.5,285.5,276.55,277.9,78824
ATNINTER,20110707,1.05,1.2,1,1.15,17012
ATUL,20110707,189.5,201.8,186,196.6,327634
AURIONPRO,20110707,152.55,157.4,150.1,156.35,1770
AUROPHARMA,20110707,172.05,173.4,171.1,171.8,1268244
AUSOMENT,20110707,40.85,40.85,40.75,40.75,842
AUSTRAL,20110707,2.7,2.8,2.7,2.75,373637
AUTOAXLES,20110707,419.5,422.2,419.5,422.15,214
AUTOIND,20110707,160,161.8,158.4,160.25,19680
AUTOLITIND,20110707,25.7,25.7,21.05,22.15,15813
AVANTI,20110707,34.05,35,34.05,35,215
AVENTIS,20110707,2033,2080,2030,2068.8,1015
AVTNPL,20110707,260.1,271.5,260.1,263.3,13716
AXIS-IT&T,20110707,91.1,92.45,88.65,90,14743
AXISBANK,20110707,1312.95,1335,1309.6,1331.7,574084
AXISGOLD,20110707,2213,2214,2186.1,2186.55,319
BAGFILMS,20110707,7.05,7.65,6.9,7.65,528275
BAJAJ-AUTO,20110707,1433,1464,1428.5,1455.95,413183
BAJAJCORP,20110707,118.7,122.3,117,117.8,35140
BAJAJELEC,20110707,263.25,263.25,254.4,258.25,115988
BAJAJFINSV,20110707,516,530.5,516,526.05,117661
BAJAJHIND,20110707,72,74,71.1,73.7,584657
BAJAJHLDNG,20110707,742,764.05,742,761.45,92358
BAJFINANCE,20110707,620.2,644,620.2,640.4,34243
BALAJITELE,20110707,32.65,34.2,32.5,33.4,109417
BALAMINES,20110707,43.5,43.6,41.5,41.85,17579
BALKRISIND,20110707,157.05,165,157.05,164.15,23403
BALLARPUR,20110707,32.7,33.4,32.4,33.25,299792
BALMLAWRIE,20110707,644.9,661.85,632,635.15,26297
BALPHARMA,20110707,28.2,28.75,27.95,28.7,4073
BALRAMCHIN,20110707,65,65,63.85,64.75,778256
BANARISUG,20110707,587.1,606.95,587.1,596.3,442
BANCOINDIA,20110707,71.55,72.95,71.3,72.45,4552
BANG,20110707,34.1,36.4,34.1,35.2,3436
BANKBARODA,20110707,892.85,910.55,889,908.5,274141
BANKBEES,20110707,1139.99,1168,1130,1164.24,2296
BANKINDIA,20110707,408,412.5,406.5,411.85,629163
BANSWRAS,20110707,130,130,125.2,127.15,634
BARTRONICS,20110707,62.4,63.85,62.4,62.9,102917
BASF,20110707,655,678,652,663.5,49018
BASML,20110707,89.55,89.55,85,88,1750
BATAINDIA,20110707,616,630.5,616,624.5,1472835
BATLIBOI,20110707,21.2,22.5,20.5,21.8,6347
BAYERCROP,20110707,892.4,899,879,892.1,3121
BBL,20110707,899.9,947,887.1,894.15,21085
BBTC,20110707,457,499,448,476.55,56930
BEARDSELL,20110707,49.95,49.95,49.95,49.95,73
BECREL,20110707,12.3,12.3,11.05,11.05,2201
BEDMUTHA,20110707,136.7,141.7,133.25,135.3,405503
BEL,20110707,1645,1670,1636,1666.75,37928
BELLCERATL,20110707,13.45,15.35,13.45,14.35,1688
BEML,20110707,596,617,596,609.25,32692
BEPL,20110707,31,31,29.75,29.8,450
BERGEPAINT,20110707,102.25,106.45,101.6,105.5,454512
BFINVEST,20110707,66,72.7,66,70.4,129094
BFUTILITIE,20110707,755.15,775.65,746.3,757.5,771236
BGRENERGY,20110707,469.55,484.5,465.35,479.75,509745
BHAGWATIHO,20110707,102.1,102.65,99.25,99.65,9202
BHAGYNAGAR,20110707,19.5,20.15,19.45,19.5,42254
BHARATFORG,20110707,323.3,332.4,322,330.5,574324
BHARATGEAR,20110707,58,61.6,57.05,59.45,43034
BHARATRAS,20110707,128.4,139.3,126.25,135.75,30075
BHARTIARTL,20110707,383.55,398.9,383.55,398,8086735
BHARTISHIP,20110707,137.4,138.65,134.45,136.25,110503
BHEL,20110707,1954.4,1989,1954.4,1986.3,521558
BHUSANSTL,20110707,453.95,458.5,446.5,455.85,289212
BIL,20110707,65.7,65.7,58.4,59.45,102224
BILENERGY,20110707,31.5,32,29.55,29.75,10393
BILPOWER,20110707,93.5,94.8,93,93.05,1929
BIMETAL,20110707,315,317,309,315.45,613
BINANIIND,20110707,170.5,170.9,169.25,169.9,23311
BINDALAGRO,20110707,90.1,90.85,90,90.05,445872
BIOCON,20110707,367.6,367.6,362.65,364.25,276716
BIRLACORPN,20110707,346.5,346.5,333.1,335.55,1592
BIRLACOT,20110707,0.55,0.55,0.45,0.45,5826046
BIRLAERIC,20110707,15.9,16,15.1,15.2,2232
BIRLAMONEY,20110707,21,21.1,20.65,20.9,5698
BIRLAPOWER,20110707,0.85,0.9,0.8,0.8,11295624
BLBLIMITED,20110707,5.2,5.45,5.2,5.4,4306
BLISSGVS,20110707,21,21.15,20.25,20.5,57934
BLKASHYAP,20110707,19,19.6,18.5,19,2706847
BLUECHIP,20110707,1.1,1.2,1.1,1.2,6311
BLUECOAST,20110707,167.9,167.9,167.1,167.1,20
BLUEDART,20110707,1599.3,1620,1570,1604.25,11691
BLUESTARCO,20110707,311.65,314.5,306.5,311.9,8986
BLUESTINFO,20110707,92.2,95,92.2,92.8,10631
BOC,20110707,283.65,296,283.65,294.35,23189
BOMDYEING,20110707,369.65,373.4,367.6,370.25,172304
BOSCHLTD,20110707,6981,7040,6981,6999.7,1910
BPCL,20110707,648.1,665.4,648.1,664.05,379390
BPL,20110707,24.55,24.7,24.3,24.6,14988
BRANDHOUSE,20110707,21.25,21.9,21.25,21.45,189251
BRFL,20110707,288.45,288.45,286.2,287.6,13226
BRIGADE,20110707,73,73.5,72.3,73.1,18350
BRITANNIA,20110707,486,494.6,483,484.55,35805
BROADCAST,20110707,10.3,10.85,10.3,10.5,4768
BSELINFRA,20110707,5.05,5.2,4.85,5.1,51715
BSL,20110707,23.5,26.9,23.5,26.2,1152
BSLGOLDETF,20110707,2230,2236.95,2230,2230,169
BSTRANSCOM,20110707,132.1,136.8,132.1,135.05,9306
BURNPUR,20110707,7.5,8,7.4,7.85,30220
BVCL,20110707,17.75,18.4,17.15,17.25,9253
CADILAHC,20110707,928.3,951,919.85,934.75,97010
CAIRN,20110707,315.2,322,312.65,321.4,1571561
CALSOFT,20110707,30.45,31,30.45,31,137
CAMLIN,20110707,72.65,74.25,72,74,473971
CANBK,20110707,527.2,531.4,523.3,529.8,1020932
CANDC,20110707,113.85,114.5,112.3,112.7,13983
CANFINHOME,20110707,112,112.95,111.7,112,31080
CANTABIL,20110707,34.1,34.1,33,33.15,29472
CARBORUNIV,20110707,300,309.95,297.05,307.6,21932
CAROLINFO,20110707,172.25,178.35,172.25,176.55,4168
CASTROL,20110707,555.05,576,551,565.55,242221
CCCL,20110707,33.15,33.7,33.15,33.35,9788
CCL,20110707,215,218.9,211.25,213.45,61139
CEATLTD,20110707,109.45,110.5,108.05,109,137863
CEBBCO,20110707,42,44.45,40.7,44.45,98734
CELEBRITY,20110707,9.15,9.6,9.15,9.4,4423
CELESTIAL,20110707,36.5,37.45,35.1,36.1,45796
CENTENKA,20110707,182.1,184.8,180.4,182.75,6146
CENTEXT,20110707,3.35,3.5,3.35,3.45,33104
CENTRALBK,20110707,129.5,130.3,127.25,129.9,596350
CENTUM,20110707,91.1,97,90.8,91.85,1113
CENTURYPLY,20110707,66.3,67.25,66.3,66.9,16329
CENTURYTEX,20110707,368.8,373.95,366.6,372.05,283487
CERA,20110707,210.8,222,210.8,214.9,1787
CESC,20110707,309,319.65,306,318.75,777732
CHAMBLFERT,20110707,83,84,82.05,82.8,2224941
CHEMFALKAL,20110707,49,50,48,48.25,3610
CHEMPLAST,20110707,6.85,6.95,6.8,6.9,34419
CHENNPETRO,20110707,229.95,229.95,227.8,228.85,27806
CHESLINTEX,20110707,13.5,13.5,13.05,13.05,502
CHOLAFIN,20110707,178,181,170.3,176.9,124928
CILNOVA,20110707,16.2,16.5,15.4,16.2,12628
CINEMAX,20110707,35.2,36.6,35.2,35.65,21469
CINEVISTA,20110707,4.35,4.35,3.5,3.7,14297
CIPLA,20110707,329.4,335.5,327.1,334.75,624035
CLASSIC,20110707,12.05,12.1,11.75,11.95,6921
CLNINDIA,20110707,787.8,787.8,770.05,780.35,7309
CMAHENDRA,20110707,243.25,248.95,242.35,245.75,48368
CMC,20110707,1126,1166.8,1126,1157.8,9527
COALINDIA,20110707,395,395.9,392.55,394.25,1111992
COLPAL,20110707,998.8,1021,998.8,1008.75,92007
COMPUAGE,20110707,99.8,99.95,99.75,99.95,2115
CONCOR,20110707,1109.95,1159.9,1099.95,1151.6,12356
CONSOFINVT,20110707,71.4,72,68,71.9,8947
CORAL-HUB,20110707,6,6.5,5.95,6.45,26318
CORDSCABLE,20110707,39,40.25,38.1,39.25,46539
COREPROTEC,20110707,302.5,304,299.5,302.55,22130
COROMANDEL,20110707,341.85,353.45,336.5,347.35,246507
CORPBANK,20110707,525.9,525.9,518.65,519.6,49831
COSMOFILMS,20110707,102.9,103.85,102.9,103.35,17174
COX&KINGS,20110707,204.6,208,203.3,205.7,67774
CPIL,20110707,331,342,331,338.35,10108
CREATIVEYE,20110707,6.15,6.15,5.75,5.8,929
CRESTANI,20110707,51,52.35,50.8,51.25,20760
CREWBOS,20110707,94,96.45,93.5,94.9,55823
CRISIL,20110707,7105,7424,7105,7358.55,3623
CROMPGREAV,20110707,261.05,262.9,258.4,262.25,518398
CRONIMET,20110707,125.1,136.7,125.1,134.65,28659
CTE,20110707,9.8,10.05,9.4,10,13889
CUB,20110707,48.75,48.75,47.6,48.25,524969
CUBEXTUB,20110707,13.45,13.55,12.65,12.65,214
CUMMINSIND,20110707,673.05,680.9,663.1,676.45,235494
CURATECH,20110707,191.2,210,191.2,210,110
CYBERMEDIA,20110707,21,21,19.35,21,125
CYBERTECH,20110707,13.7,14,13.65,13.8,1347
DAAWAT,20110707,52.25,52.7,51.3,51.65,33623
DABUR,20110707,111.9,113.8,111.2,113.45,925473
DALMIABEL,20110707,156.65,169,156.65,162.75,6472
DALMIASUG,20110707,18.3,19.1,17.55,18.3,50366
DATAMATICS,20110707,28.6,28.95,28.5,28.8,5748
DBCORP,20110707,233,233.5,231.05,231.85,17680
DBREALTY,20110707,68,77.7,68,76.4,1079611
DCB,20110707,60.4,61.1,59.95,60.75,1819530
DCHL,20110707,68.7,69.45,67.55,69.1,521891
DCM,20110707,90.45,92.35,90.15,91.5,181687
DCMSRMCONS,20110707,44.9,45.2,44.5,44.9,39006
DCW,20110707,11.1,11.3,11.1,11.15,108827
DECCANCE,20110707,144.75,152.5,144.75,152,214
DECOLIGHT,20110707,8.9,8.9,8.1,8.9,79335
DEEPAKFERT,20110707,164.3,165.95,162.1,163.5,52434
DEEPAKNTR,20110707,186,186,186,186,40
DEEPIND,20110707,73,75.35,70.2,72.85,58622
DELTACORP,20110707,99.25,111.4,99.25,110.4,19380053
DELTAMAGNT,20110707,44.2,48.25,44.2,48.25,210
DEN,20110707,88.4,88.4,85.6,86.95,99573
DENABANK,20110707,87.9,88.25,86.6,88,1711542
DENORA,20110707,93.95,93.95,86,87,2853
DENSO,20110707,72.8,72.8,67.35,68.7,1023
DEWANHOUS,20110707,220.55,227.4,220.5,224.05,304034
DHAMPURSUG,20110707,59.5,59.5,58.1,58.95,61741
DHANBANK,20110707,119.85,120.9,118.5,120.15,179319
DHANUKA,20110707,94.5,94.8,90.7,91.9,81526
DHARSUGAR,20110707,34,34,32.8,33.05,6871
DHUNINV,20110707,73.7,75,73.6,73.75,613
DIAPOWER,20110707,166,166,159.75,163.75,16434
DICIND,20110707,252.5,258.15,252.05,255.2,1320
DIGJAM,20110707,12,12.4,11.85,12.3,65526
DISHMAN,20110707,90.2,93.4,90.2,90.75,185216
DISHTV,20110707,90.25,90.6,88.25,89.4,2129414
DIVISLAB,20110707,799.75,828.8,790,824.2,657664
DLF,20110707,231.7,234.5,186,234,5385371
DLINKINDIA,20110707,27.2,27.7,27.1,27.3,9283
DOLPHINOFF,20110707,124.9,132.45,123.6,129.55,74585
DONEAR,20110707,23.9,24.2,23.9,23.9,368
DPSCLTD,20110707,2079,2079,2035,2060.7,64
DPTL,20110707,151.6,155.5,151.6,153.2,14406
DQE,20110707,40,42,40,40.3,21565
DREDGECORP,20110707,301.05,305.25,298.55,299.3,30929
DRREDDY,20110707,1525,1574.9,1524,1565.3,572139
DSKULKARNI,20110707,65.5,66.05,63.55,64.45,66757
DUNCANSIND,20110707,16.1,16.4,15.25,15.5,51503
DWARKESH,20110707,72.55,72.55,69,69.6,20955
DYNAMATECH,20110707,1519.9,1519.9,1491,1491.05,59
DYNASYS,20110707,0.75,0.75,0.7,0.7,3137
EASTSILK,20110707,7.9,8.3,7.65,8.15,43967
EASUNREYRL,20110707,73,76.45,73,76,17999
ECEIND,20110707,122.3,124.95,121.25,121.4,7690
ECLERX,20110707,843.65,854.8,833,849.85,7606
EDELWEISS,20110707,33.45,33.55,33,33.4,146713
EDL,20110707,100.6,102.4,100.5,102,8187
EDSERV,20110707,132,134.65,131.4,132.45,68802
EDUCOMP,20110707,402.05,406.8,399,405,1027452
EICHERMOT,20110707,1309.05,1324.8,1295,1315.05,2950
EIDPARRY,20110707,258.25,262,252.5,255.65,48586
EIHAHOTELS,20110707,139.9,139.9,136.15,137.05,332
EIHOTEL,20110707,85.5,86.1,85,85.55,45968
EIMCOELECO,20110707,228,233,228,230.3,162
EKC,20110707,91,92.7,90.1,91.85,157301
ELDERPHARM,20110707,390,395,386,394.65,66417
ELECON,20110707,73,75.9,72.4,74.7,245671
ELECTCAST,20110707,29.2,29.45,29.05,29.2,94102
ELECTHERM,20110707,192.8,195.05,181.5,184.6,28471
ELFORGE,20110707,11.55,11.55,11.45,11.45,3701
ELGIEQUIP,20110707,81.45,81.45,80.6,80.65,27011
ELNET,20110707,36,36,35.7,35.9,300
EMAMIINFRA,20110707,37.25,38.6,37.1,38.4,197656
EMAMILTD,20110707,489,513,489,503.75,75508
EMCO,20110707,52.6,53.8,51.5,53.15,47404
EMKAY,20110707,41.2,42.3,39,40.8,19949
EMMBI,20110707,13.3,13.4,13,13.25,6715
EMPEESUG,20110707,26.2,26.6,25.5,25.8,43052
ENERGYDEV,20110707,35.8,35.8,34.3,34.95,2942
ENGINERSIN,20110707,278.1,291.1,278.1,288.35,413481
ENIL,20110707,268.1,286,265.3,278.15,1159335
ENTEGRA,20110707,23.7,24.2,23.7,23.8,16249
ERAINFRA,20110707,170.6,170.9,169.9,170,200734
EROSMEDIA,20110707,188.55,193.2,184.5,192.35,270436
ESABINDIA,20110707,498,552.2,496,508.45,283774
ESCORTS,20110707,113.45,114.95,111.6,113.4,1307845
ESL,20110707,8.05,8.6,7.9,8.5,88913
ESSAROIL,20110707,127.2,127.6,125.25,126.4,598270
ESSARPORTS,20110707,97.2,100.45,97.2,99.45,16887
ESSDEE,20110707,360,365,357,362,13073
ESSELPACK,20110707,46,46.85,43.65,46.45,977726
ESTER,20110707,48.05,50.9,47.9,49.3,57493
EUROCERA,20110707,23.8,24,23.6,23.7,279
EUROMULTI,20110707,10.5,11,10.2,10.8,6077
EUROTEXIND,20110707,22.2,23.5,22.2,22.85,1321
EVEREADY,20110707,41.8,42.5,41.55,41.9,59098
EVERESTIND,20110707,161.35,163.45,161.35,162.1,11729
EVERONN,20110707,547.75,554.8,538.1,551.45,178119
EVINIX,20110707,0.95,1,0.95,1,24952
EXCELCROP,20110707,168.2,171,167,168.9,11168
EXCELINDUS,20110707,83.8,86,83.7,85.5,5564
EXCELINFO,20110707,25.15,25.5,25,25.05,177011
EXIDEIND,20110707,167.5,173.5,166.5,171,2867168
FACT,20110707,38.65,39.15,38.3,38.55,28910
FAGBEARING,20110707,1194.9,1200,1181,1182.6,770
FAME,20110707,49.45,49.95,49.2,49.85,704
FARMAXIND,20110707,3.8,4,3.7,3.75,166277
FCH,20110707,143.85,149.8,142.25,143,38793
FCSSOFT,20110707,0.85,0.85,0.8,0.8,1055618
FDC,20110707,93.8,94.25,92.7,94,50313
FEDDERLOYD,20110707,74.8,76.95,74,74.45,5061
FEDERALBNK,20110707,456.5,476.4,456.5,470.4,497496
FIEMIND,20110707,151,152,151,151.2,464
FINANTECH,20110707,883.95,888,875,880.15,60987
FINCABLES,20110707,48.6,48.6,47.2,47.6,29679
FINPIPE,20110707,77.5,79.5,77.5,78.95,107043
FIRSTLEASE,20110707,95.95,97.2,93.2,93.7,139658
FIRSTWIN,20110707,18.5,19.65,18.5,19,16743
FKONCO,20110707,131,131.55,128,128.9,29124
FMGOETZE,20110707,281.95,281.95,276.5,279.9,4127
FORTIS,20110707,164,165,163.55,164.15,179328
FOSECOIND,20110707,540,560,535.1,550.6,1182
FOURSOFT,20110707,13.5,13.5,13.15,13.2,30686
FSL,20110707,18.95,19.1,18.75,18.95,2207291
FUTUREVENT,20110707,8.95,9.05,8.9,8.95,483572
GABRIEL,20110707,50,50,48.25,48.65,23889
GAEL,20110707,28.7,30.25,28.7,29.1,44503
GAIL,20110707,460,468.9,458.5,466.85,1060380
GAL,20110707,12.5,12.9,12.25,12.7,67013
GALLANTT,20110707,16.25,17.1,16.2,16.5,6536
GALLISPAT,20110707,90.2,91.35,89.15,89.7,130007
GAMMNINFRA,20110707,14.9,15.8,14.8,15.5,396758
GAMMONIND,20110707,95.5,95.5,92.5,93.6,22535
GANESHHOUC,20110707,137.65,137.75,132.35,135.8,3093
GANGOTRI,20110707,6.6,6.6,6.15,6.4,2676
GARDENSILK,20110707,85.1,96.8,85.1,95.1,12605
GARWALLROP,20110707,62.85,65.5,61.75,63.55,120093
GATI,20110707,69.4,69.4,67.6,68.45,167610
GDL,20110707,125,126.05,124,124.5,288883
GEECEE,20110707,38.5,38.5,37.25,38.35,619
GEINDSYS,20110707,168,173.85,167,168.3,76492
GEMINI,20110707,23.2,25.6,23,25.25,258683
GENESYS,20110707,261.65,268,261,264.3,41885
GENUSPOWER,20110707,19.25,19.25,18.6,18.6,121084
GEODESIC,20110707,71.1,72.65,70.15,70.5,432829
GEOJITBNPP,20110707,23.4,23.65,23.2,23.6,69458
GEOMETRIC,20110707,52.5,54.6,52.2,53.55,95227
GESHIP,20110707,282.95,285.9,279.2,280,395690
GHCL,20110707,39.35,40.05,39.35,39.9,38401
GICHSGFIN,20110707,117.8,117.8,116.2,117,305976
GILLANDERS,20110707,108,108.95,107,107.05,5051
GILLETTE,20110707,2140.25,2175,2140.25,2160.9,1459
GINNIFILA,20110707,9.25,9.25,8.2,8.95,35262
GIPCL,20110707,78.2,80.6,78.2,80,26599
GISOLUTION,20110707,12.2,12.2,11.9,11.9,1538
GITANJALI,20110707,296.85,297.9,291.3,296.75,1081617
GKB,20110707,41.05,43.5,41.05,42.25,400
GKWLIMITED,20110707,480,495,480,492,54
GLAXO,20110707,2380,2384.75,2317,2353.15,15043
GLENMARK,20110707,309.4,312.45,309,311.4,271269
GLFL,20110707,3.95,3.95,3.5,3.5,7250
GLOBALVECT,20110707,22.75,22.9,22.6,22.65,550
GLOBOFFS,20110707,120.95,120.95,114.15,115.6,1964
GLOBUSSPR,20110707,141.8,146.9,140.75,146.3,62172
GLODYNE,20110707,328.9,339,326.9,337.15,60558
GMBREW,20110707,113.7,113.7,108.55,109.2,5594
GMDCLTD,20110707,161,164,160.5,162.45,1421947
GMRINFRA,20110707,33.2,33.25,32.9,33,1942649
GNFC,20110707,98.9,99.65,98.35,98.6,100997
GOACARBON,20110707,90.2,94.5,89,93.8,87342
GODFRYPHLP,20110707,2900,3071,2880,3046.9,7269
GODREJCP,20110707,448.1,454,441.6,446.4,145507
GODREJIND,20110707,206,229.7,205.8,222.6,6161419
GODREJPROP,20110707,757,813.85,752.05,771.5,160443
GOENKA,20110707,59.5,60.9,58.6,59.05,13125
GOKEX,20110707,97.5,98.5,95.3,96.7,608
GOKUL,20110707,91,94.5,90.55,91.8,91331
GOLDBEES,20110707,2145,2155,2142.3,2146.55,51952
GOLDENTOBC,20110707,70.95,73.05,70.95,72.3,20528
GOLDIAM,20110707,39.95,39.95,32.75,35.6,1094
GOLDINFRA,20110707,18.25,18.25,17.8,17.85,3029
GOLDSHARE,20110707,2145.7,2155,2144.25,2146.75,4791
GOLDTECH,20110707,7.5,7.7,7.4,7.45,6872
GPIL,20110707,168,168.95,164.8,165.55,31702
GPPL,20110707,66.6,67,65.4,66.25,39398
GRABALALK,20110707,27.55,29.3,27.55,29.25,900
GRANULES,20110707,82.4,84.45,82.4,83.9,12863
GRAPHITE,20110707,89.8,90.8,89.6,90.1,433547
GRASIM,20110707,2210.3,2248.7,2210.3,2240.95,69613
GRAVITA,20110707,369.1,370.45,363.5,365.2,15929
GREAVESCOT,20110707,89.25,94.45,88.5,92.3,121401
GREENPLY,20110707,199.9,199.9,186,187.2,31357
GREENPOWER,20110707,17.25,17.25,16.9,17,492334
GRINDWELL,20110707,238.95,241,236.55,239.95,6564
GRUH,20110707,434,440,429,436.9,11171
GSFC,20110707,362.4,364.9,359.7,360.95,60854
GSKCONS,20110707,2460,2514.75,2430.1,2496.35,6346
GSLNOVA,20110707,3.55,3.6,3.45,3.6,6000
GSPL,20110707,94,95.4,93.5,94.95,1257655
GSSAMERICA,20110707,166,166,162.25,163.85,13931
GTL,20110707,95.95,95.95,93.65,94.1,3584941
GTLINFRA,20110707,16.75,16.75,15.8,16.1,2669310
GTNIND,20110707,14,15.3,14,15.3,2722
GTNTEX,20110707,14,15.45,14,15.05,1678
GTOFFSHORE,20110707,222.95,225.9,220.7,222.3,46281
GUJALKALI,20110707,149,157.45,146.95,151.65,156104
GUJAPOLLO,20110707,137.9,142.5,137.7,140.95,2452
GUJFLUORO,20110707,411.4,419.5,408.65,416.2,203031
GUJNRECOKE,20110707,47.4,47.65,45.85,46.15,934450
GUJNREDVR,20110707,25.15,25.95,24.8,25.05,65673
GUJRATGAS,20110707,397,404.2,397,400.1,85169
GUJSIDHCEM,20110707,9.6,9.9,9.6,9.85,59384
GULFOILCOR,20110707,89.45,90.8,88.35,89.1,83934
GVKPIL,20110707,19.75,20,19.45,19.9,4873882
HALONIX,20110707,79.6,79.6,75.25,76.75,2220
HANUNG,20110707,153.15,155.7,150.25,153.05,459267
HARITASEAT,20110707,74.25,74.25,74.05,74.05,500
HARRMALAYA,20110707,76.05,78.25,76,76.4,77923
HATHWAY,20110707,115.65,122.6,115.6,119.2,60443
HAVELLS,20110707,397.15,403.8,395.4,400.95,917933
HBLPOWER,20110707,18,18.2,17.8,17.9,14246
HBSTOCK,20110707,13.5,13.9,13.05,13.75,1450
HCC,20110707,33.4,33.55,32.9,33.35,1785877
HCIL,20110707,42.6,44.4,42.2,43.5,63482
HCL-INSYS,20110707,92.25,93.3,90.6,90.95,95073
HCLTECH,20110707,504.25,511,500.65,509.6,510304
HDFC,20110707,713.9,726.2,712,724.4,2757523
HDFCBANK,20110707,2546.1,2574.95,2534.15,2565.8,738902
HDFCMFGETF,20110707,2189,2224.6,2189,2194.3,1907
HDIL,20110707,163.15,168.4,161.2,167.5,3413777
HEG,20110707,237.05,241.35,236,239.7,4401
HEIDELBERG,20110707,39.15,39.7,38.65,39.5,62493
HELIOSMATH,20110707,31.6,35.2,31.6,34,120905
HERCULES,20110707,260,272.6,260,271.1,172656
HERITGFOOD,20110707,191,192,189.9,191.8,311
HEROHONDA,20110707,1866,1885,1866,1880.95,369241
HEXAWARE,20110707,75.55,77.45,75.5,76.1,1393721
HFCL,20110707,16.75,17.7,16.65,17.2,3113045
HGSL,20110707,405.5,420,405.5,414.1,3292
HIKAL,20110707,289,296.95,289,294.45,1308
HILTON,20110707,17.2,17.5,17.2,17.5,3988
HIMATSEIDE,20110707,32.8,33.45,32.6,33.25,8687
HINDALCO,20110707,189,196,187.65,195.65,7742851
HINDCOMPOS,20110707,478,478,468.5,469.95,22
HINDCOPPER,20110707,274.55,275,272,272.75,65677
HINDDORROL,20110707,59.75,59.75,58,58.4,56576
HINDMOTORS,20110707,16.8,18.05,16.8,17.75,544024
HINDNATGLS,20110707,203,219,201.1,208.65,16661
HINDOILEXP,20110707,181.45,187.4,180,185.95,1268173
HINDPETRO,20110707,396,402.75,395.85,400.3,800198
HINDUJAFO,20110707,83.95,83.95,80,80.25,328
HINDUJAVEN,20110707,284.5,297.8,284.5,295.45,3663
HINDUNILVR,20110707,330.95,339.9,330.2,335.75,2877579
HINDZINC,20110707,136.2,137.45,135.25,136.9,396308
HIRECT,20110707,48,48.5,47.55,48.45,1338
HITACHIHOM,20110707,201,204,196,202.05,78232
HITECHGEAR,20110707,118.5,118.5,113.1,116.05,1346
HITECHPLAS,20110707,94.75,96.95,93.25,95.6,3314
HMT,20110707,60.75,61.2,60.1,60.45,74271
HMVL,20110707,137,139.7,129,135.3,7975
HNGSNGBEES,20110707,1380,1385,1324.05,1324.48,592
HOCL,20110707,33.15,33.75,33.15,33.45,18003
HONAUT,20110707,2598.95,2745,2575,2706.4,7262
HONDAPOWER,20110707,400,404,393.35,401.75,898
HOTELEELA,20110707,42.5,43.5,42.5,43.35,359156
HOTELRUGBY,20110707,9.1,9.55,9.05,9.2,189
HOVS,20110707,88.1,90.45,88.1,89.85,9025
HSIL,20110707,175.5,179.9,175.5,178.9,62926
HTMEDIA,20110707,165.35,172.8,158.6,163.95,48926
HYDRBADIND,20110707,403.95,406.85,397.65,399.25,10548
HYDROS&S,20110707,20.6,20.6,20.4,20.4,850
IBN18,20110707,81,82,77,77.75,140520
IBPOW,20110707,18.2,18.45,18,18.1,236316
IBREALEST,20110707,115.5,118.6,115.5,117.95,1667008
IBSEC,20110707,13.7,14.1,13.15,13.95,419165
ICICIBANK,20110707,1079.4,1094.2,1063.15,1089.85,3918667
ICIL,20110707,11,13.55,11,11.9,963
ICRA,20110707,1120.5,1202,1118,1168.25,13274
ICSA,20110707,103.55,106,103.25,104.2,92194
IDBI,20110707,133.95,136.6,133.8,136.3,1413408
IDEA,20110707,78.9,81.55,78.1,80.85,3365727
IDFC,20110707,136,139.5,135.75,139,6085565
IFBAGRO,20110707,78.95,83.85,76,81.25,56796
IFBIND,20110707,118.05,138.5,117.65,134.5,251040
IFCI,20110707,48.5,49,47.8,48.75,6920817
IFGLREFRAC,20110707,33.45,33.45,32.5,32.85,1348
IGARASHI,20110707,47.5,47.85,47.05,47.2,455
IGL,20110707,390,394,387,389.55,180794
IGPL,20110707,25,26.9,25,25.1,6993
IL&FSENGG,20110707,142.1,145.35,142.1,144.65,12576
IL&FSTRANS,20110707,213.15,220.7,213.15,218.95,73950
IMPAL,20110707,683.95,684,662.15,664.85,249
IMPEXFERRO,20110707,9.05,10.3,9.05,9.85,2600
INDBANK,20110707,11.35,11.35,10.55,10.6,16376
INDHOTEL,20110707,81,81.75,80.15,81.6,446383
INDIABULLS,20110707,168.05,170.95,168,169.8,503755
INDIACEM,20110707,73.45,75.6,72.9,75.25,752836
INDIAGLYCO,20110707,134.05,136.4,133,133.4,159754
INDIAINFO,20110707,87.6,89,87.6,88.7,185399
INDIANB,20110707,220.65,220.65,215.65,217.4,320065
INDIANCARD,20110707,112,112,112,112,310
INDIANHUME,20110707,135.3,135.8,128.25,131.95,1158
INDLMETER,20110707,90.55,94,90.55,92.7,4007
INDNIPPON,20110707,248.55,251.1,248.55,249.5,1291
INDOASIFU,20110707,84.9,87,80.2,81.2,251639
INDOCO,20110707,446.35,450,441,443.35,741
INDORAMA,20110707,42.5,43.65,42,43.25,19381
INDOSOLAR,20110707,14.9,15,14.65,14.9,163221
INDOTECH,20110707,135.5,143,135,139.25,34738
INDOWIND,20110707,27.8,28.8,27.05,27.4,1129493
INDRAMEDCO,20110707,35.85,36.35,35.85,36.1,16416
INDSWFTLAB,20110707,101,104.1,100.65,102.55,187021
INDSWFTLTD,20110707,31.8,31.8,30.8,31.45,34649
INDUSFILA,20110707,20.05,20.55,19.6,19.6,3751
INDUSINDBK,20110707,290.9,290.9,282.65,284.6,482049
INEABS,20110707,619.85,660,615,638.15,20287
INFINITE,20110707,137.4,137.7,132.1,135.25,40942
INFODRIVE,20110707,14.45,14.8,14.15,14.5,1967
INFOMEDIA,20110707,15.75,16.1,15.75,15.8,43144
INFOTECENT,20110707,140,154.85,138.5,139.6,33342
INFRABEES,20110707,311.6,315.25,311.6,315.25,66
INFY,20110707,2955.2,3000,2943,2995.7,718934
INGERRAND,20110707,474,489.25,470.05,480.65,14467
INGVYSYABK,20110707,339.05,345,338.05,342.85,52830
INNOIND,20110707,92.25,96.5,92.25,95.65,35009
INOXLEISUR,20110707,43.75,44.35,43.7,44,41239
INSECTICID,20110707,331.2,345.2,329.2,337.3,176300
IOB,20110707,143.7,146.2,142.3,145.75,391992
IOC,20110707,325.2,343.45,325.2,342.4,331019
IOLCP,20110707,35,35.85,35,35.85,250
IOLN,20110707,6.1,6.75,6,6.3,11720
IPCALAB,20110707,345,348,341.35,346.2,173591
IPGETF,20110707,2186,2219,2186,2209.2,135
IPRINGLTD,20110707,80.7,82.6,78,80.5,1016
IRB,20110707,168.15,173.45,168.15,172.95,760789
ISFT,20110707,61.15,62,60.15,61.95,15382
ISMTLTD,20110707,42.5,43.2,42.25,42.8,32652
ISPATIND,20110707,20.2,20.5,20.1,20.3,2256847
ITC,20110707,197.1,203.95,197.1,203.4,8000123
ITDCEM,20110707,160,160,158.35,158.4,1106
ITI,20110707,32.25,33,32.25,32.65,86485
IVC,20110707,34.3,34.3,33.65,33.9,163963
IVP,20110707,50.5,50.5,46,47.5,766
IVRCLAH,20110707,47,48,46.9,47.35,36487
IVRCLINFRA,20110707,71.75,74,71.05,73.65,2597858
J&KBANK,20110707,845.8,850,842,845.1,17723
JAGRAN,20110707,122.45,124,121.05,121.75,1300597
JAGSNPHARM,20110707,14.4,14.75,14.25,14.35,2561
JAIBALAJI,20110707,190,199,187.9,196.25,183914
JAICORPLTD,20110707,128,128.95,127.3,128.3,364680
JAINSTUDIO,20110707,10.4,10.5,9.95,10.05,2081
JAMNAAUTO,20110707,124.1,127,124.1,126.35,451
JAYAGROGN,20110707,84,84.35,82.1,83.9,4123
JAYBARMARU,20110707,80.1,86.25,80,83.1,4593
JAYNECOIND,20110707,22.25,22.8,22.15,22.6,47782
JAYSREETEA,20110707,178.5,181.35,176.25,179.7,179356
JBCHEPHARM,20110707,139,140.4,136.25,136.65,441390
JBFIND,20110707,167.45,168.9,166.15,166.8,89098
JCTEL,20110707,1.35,1.35,1.25,1.3,115195
JENSONICOL,20110707,5,5.2,4.9,4.95,39393
JETAIRWAYS,20110707,480,493.6,479.95,488.9,659176
JHS,20110707,52.55,54.4,51.5,51.85,63569
JIKIND,20110707,7.45,8.35,7.35,8,15188
JINDALPHOT,20110707,168.35,171.9,167.8,168.65,122411
JINDALPOLY,20110707,299.45,304.9,297.15,300.15,368186
JINDALSAW,20110707,164.8,165.8,162.2,165.25,148710
JINDALSTEL,20110707,637.5,663.5,637.5,656.15,3028649
JINDALSWHL,20110707,1014.4,1055,1011.05,1023.45,287110
JINDCOT,20110707,112.45,115.15,108.25,111.15,132714
JINDRILL,20110707,464.9,464.9,456.15,458.65,3599
JINDWORLD,20110707,190.25,192.7,187.2,188.45,14358
JISLJALEQS,20110707,179.5,180.85,176.05,179.85,730051
JKCEMENT,20110707,109.95,109.95,105.2,106.85,8278
JKIL,20110707,136.6,141,136.6,138.7,4205
JKLAKSHMI,20110707,44,44.8,43.25,44.25,244358
JKPAPER,20110707,47.95,48.3,47.4,48.1,30918
JKTYRE,20110707,100.85,102.3,100.25,101.45,91131
JMCPROJECT,20110707,162.15,164.45,161.5,163.2,5547
JMFINANCIL,20110707,23.05,23.6,23.05,23.3,446560
JMTAUTOLTD,20110707,69,69,66.65,68,316
JOCIL,20110707,260,270,251,260.95,4051
JPASSOCIAT,20110707,81,82.4,80.9,82.2,7154200
JPINFRATEC,20110707,55.55,56.05,55,55.55,102486
JPPOWER,20110707,47.7,48.4,47.3,48.05,318972
JSL,20110707,96.25,98,96.25,97.55,265736
JSWENERGY,20110707,68.55,69.5,68.5,68.9,322251
JSWSTEEL,20110707,893.3,912.9,892.2,910.3,1166094
JUBILANT,20110707,210.95,218.4,210.95,214.25,232224
JUBLFOOD,20110707,845,854.05,830.05,834.7,810977
JUBLINDS,20110707,186.2,192.85,186,188.6,37118
JUMBO,20110707,19.6,19.6,19,19.15,1889
JUNIORBEES,20110707,113.6,115.75,113.41,114.55,42073
JUPITER,20110707,20.3,21.7,20.2,21.25,639321
JVLAGRO,20110707,20.65,22.75,20.2,22.75,195788
JYOTHYLAB,20110707,215,220,213.25,219.35,36894
JYOTISTRUC,20110707,85.9,90,85.35,89.25,248240
KABRAEXTRU,20110707,55.1,55.3,54.05,54.75,19562
KAJARIACER,20110707,95.1,99.5,95.1,99,90115
KAKATCEM,20110707,70,71.7,69.8,70.4,3567
KALECONSUL,20110707,82,84.8,82,83.7,9530
KALINDEE,20110707,106.55,108.4,106.5,107.5,47946
KALPATPOWR,20110707,128.85,131.75,128.5,130.85,64522
KAMATHOTEL,20110707,96,97.4,94.15,95.25,9259
KANORICHEM,20110707,52.6,53.45,52.3,53.1,64924
KANSAINER,20110707,920,930,911,913.7,390
KARURKCP,20110707,37.5,37.5,37.5,37.5,100
KARURVYSYA,20110707,420,420,415.5,417.9,26394
KAUSHALYA,20110707,9.5,10,9.5,9.75,8271
KAVVERITEL,20110707,158.5,161.45,156,159.35,72163
KBIL,20110707,630,634.85,600,619.5,13504
KCP,20110707,25.3,25.45,25.05,25.35,12594
KCPSUGIND,20110707,15.4,16.05,15.4,15.65,39796
KEC,20110707,83.1,84.1,80.5,81.65,376262
KECL,20110707,42.8,44.75,42.6,43.7,1935
KEI,20110707,22.45,22.65,21.9,22.3,71763
KEMROCK,20110707,519.95,519.95,509,513.4,69600
KERNEX,20110707,97,99,96.05,97.15,29004
KESARENT,20110707,50.8,51,50,51,906
KESORAMIND,20110707,168.9,169,166,166.55,41277
KFA,20110707,39.15,39.6,35.15,39.4,2718972
KGL,20110707,12.2,12.65,12.05,12.55,1793942
KHAITANELE,20110707,105.5,110.8,105.5,107.8,262
KHAITANLTD,20110707,28.95,29.95,27.35,29.75,300
KHANDSE,20110707,18.5,18.5,18,18,2400
KICL,20110707,676,710,676,704,1088
KIL,20110707,17.25,18.3,17.25,17.9,17790
KILITCH,20110707,55,56.5,54,55.9,1935
KINETICMOT,20110707,19.7,19.9,19.25,19.45,15305
KIRIINDUS,20110707,212.4,217.8,212,213.45,26140
KIRLOSBROS,20110707,162.75,170,160,162.6,13996
KIRLOSENG,20110707,133.95,134.8,128,128.85,11988
KIRLOSIND,20110707,288.2,303,288.2,292.9,1817
KITPLYIND,20110707,3.8,4,3.75,3.95,7845
KKCL,20110707,703.25,724,694,716.4,17084
KLGSYSTEL,20110707,55.3,57.5,54.95,55.75,111583
KLRF,20110707,28,28,27.45,27.45,100
KMSUGAR,20110707,3.25,3.5,3.25,3.5,12132
KNRCON,20110707,132,134.95,132,133.5,14130
KOHINOOR,20110707,50.2,51.1,49.5,50.55,62833
KOLTEPATIL,20110707,47.8,49.5,47.6,48.35,57388
KOPRAN,20110707,22.25,23.15,22.2,22.55,44571
KOTAKBANK,20110707,478,491,476.8,488.55,511243
KOTAKGOLD,20110707,2145.15,2154.7,2140,2141.75,2619
KOTAKNIFTY,20110707,571,581,570,580,520
KOTAKPSUBK,20110707,418,426,418,424.6,259
KOTARISUG,20110707,6.7,6.9,6.45,6.6,25857
KOTHARIPET,20110707,7.7,7.95,7.65,7.85,6895
KOTHARIPRO,20110707,462.9,467,456.95,465.8,936
KOUTONS,20110707,27.75,29.2,27.75,28.1,111975
KPIT,20110707,176.1,184.9,173.2,178.55,986378
KPRMILL,20110707,115.05,122.9,115.05,121.6,12358
KRBL,20110707,30.85,31.2,30.3,30.7,660143
KRISHNAENG,20110707,4.15,4.4,4.05,4.3,21411
KSBPUMPS,20110707,232,241,229.75,234.85,10023
KSCL,20110707,422.5,449,415,436.55,67141
KSE,20110707,203.05,219,203,212.1,1483
KSERASERA,20110707,11.05,11.2,11,11,635477
KSK,20110707,109.4,111,109.4,111,172751
KSL,20110707,78.35,80.1,77,77.45,83422
KSOILS,20110707,22.55,22.8,22.4,22.5,1811128
KTIL,20110707,81,91.8,81,82.15,1206
KTKBANK,20110707,129.75,131.25,129,131,487766
KWALITY,20110707,137,142.35,135.2,141.4,547006
LAKPRE,20110707,44.1,45.5,44,45,2699
LAKSHMIEFL,20110707,38.5,39,37.8,38.45,140399
LAKSHVILAS,20110707,120.7,122.5,118.7,120.2,131483
LANCOIN,20110707,37.6,38.1,37.6,37.85,6467
LAOPALA,20110707,76.65,87.4,76.65,83.55,7609
LAXMIMACH,20110707,2145.25,2225,2145.05,2196.65,3728
LCCINFOTEC,20110707,0.75,0.75,0.7,0.7,9084
LGBBROSLTD,20110707,282.95,287,282.95,285,2813
LGBFORGE,20110707,2.8,2.8,2.75,2.75,1850
LIBERTSHOE,20110707,104,106.9,103.6,104.1,348610
LICHSGFIN,20110707,225,227.35,220.65,223.1,6568544
LIQUIDBEES,20110707,1000.01,1000.01,999.99,999.99,85573
LITL,20110707,24.6,24.85,24.2,24.55,9205271
LLOYDELENG,20110707,52.45,53.2,52.1,52.9,17789
LLOYDFIN,20110707,1.2,1.2,1.2,1.2,1127
LLOYDSTEEL,20110707,17.75,18.4,17.5,17.75,759776
LML,20110707,9.05,9.25,9,9.15,85138
LOGIXMICRO,20110707,18.55,18.55,17.3,17.8,10716
LOKESHMACH,20110707,42.2,43.45,42.05,43,2203
LOTUSEYE,20110707,10.3,10.65,10.3,10.6,24112
LOVABLE,20110707,432,439.5,428.35,430.65,779705
LPDC,20110707,3,3.15,2.9,3,6895
LT,20110707,1810,1868,1807.05,1863.45,1777514
LUMAXAUTO,20110707,39,40.6,39,40,3403
LUMAXIND,20110707,324.95,325.1,323.15,324.75,1664
LUMAXTECH,20110707,170.15,175,170.15,173.6,2280
LUPIN,20110707,452.3,464,452.1,461.5,1047662
LYKALABS,20110707,18.8,19.2,18.8,18.85,5820
M&M,20110707,717,728,714.2,726.15,1410214
M&MFIN,20110707,666,684,655.2,677.3,45933
M100,20110707,7.99,8.05,7.82,7.98,195171
M50,20110707,76.4,78.49,74.9,77.85,39383
MAANALU,20110707,59.2,59.3,59.15,59.15,108
MADHAV,20110707,16.5,17.7,16.1,17.4,7486
MADHUCON,20110707,89.1,90.05,88.15,88.7,9477
MADRASCEM,20110707,82.55,84.4,82.55,83.55,33816
MADRASFERT,20110707,26.45,26.85,26.2,26.35,78873
MAGMA,20110707,80,81.45,79.2,80.7,574792
MAGNUM,20110707,5.3,5.85,5.3,5.85,4867
MAHABANK,20110707,56.35,56.55,56.05,56.3,72211
MAHINDFORG,20110707,73.5,73.5,71.2,71.65,86654
MAHINDUGIN,20110707,48.4,52.65,48.4,51.2,47785
MAHLIFE,20110707,376,377.85,371.5,375.3,19499
MAHSCOOTER,20110707,354.35,363.5,353.4,362.1,845
MAHSEAMLES,20110707,377,379,375.25,376.35,34270
MAITHANALL,20110707,142.05,147,142.05,144.55,3563
MALUPAPER,20110707,13,13.1,13,13.1,800
MALWACOTT,20110707,35,35.5,34.55,34.65,8286
MANAKSIA,20110707,68.5,69.75,68.35,68.9,5549
MANALIPETC,20110707,14,14.4,14,14.25,122505
MANAPPURAM,20110707,56.9,57.05,56.5,56.9,977896
MANDHANA,20110707,186.9,190,186,186.9,85505
MANGALAM,20110707,13.1,13.1,13.1,13.1,520
MANGCHEFER,20110707,32.35,32.8,31.65,31.85,705963
MANGLMCEM,20110707,110,110.5,107.5,108.05,31222
MANGTIMBER,20110707,16.5,16.55,16.25,16.3,97
MANINDS,20110707,144,144.7,141.05,141.95,37537
MANINFRA,20110707,123.35,129.9,123.25,128.55,43392
MANJEERA,20110707,82,88.4,82,87,870
MANJUSHREE,20110707,72.15,77.45,72.15,74.6,4898
MANUGRAPH,20110707,51.7,51.7,50.55,50.55,669
MARALOVER,20110707,12.55,13.75,12.55,13.65,6970
MARG,20110707,94.7,96.1,93.6,95.2,47597
MARICO,20110707,151.1,162.45,150.1,161.1,885153
MARKSANS,20110707,2.9,3.2,2.9,3.05,982349
MARUTI,20110707,1163,1189,1158.8,1182.7,229229
MASTEK,20110707,125.25,126.9,123.7,124.3,306795
MAWANASUG,20110707,24.05,24.65,23.65,23.85,3483
MAX,20110707,176.6,184.5,175.8,182.6,273942
MAXWELL,20110707,19.15,20.85,19,20.45,223351
MBECL,20110707,145.5,148,145,147.7,14267
MBLINFRA,20110707,150.35,155,150.35,153.9,5517
MCDHOLDING,20110707,87,88.5,87,87.8,23052
MCDOWELL-N,20110707,1053.85,1118.75,1053.4,1107.8,585339
MCLEODRUSS,20110707,286,287.7,282.05,285,276721
MEGASOFT,20110707,22.6,23.1,22.6,23.05,4752
MEGH,20110707,12.5,12.65,12.45,12.5,76736
MELSTAR,20110707,8,8,8,8,1
MERCK,20110707,656.6,677,656.3,670.5,24978
MHRIL,20110707,366.8,376.5,361.5,363.3,8811
MIC,20110707,14,14.2,13.85,14.1,246216
MICROSEC,20110707,36.55,42.4,36.4,38.95,322539
MICROTECH,20110707,128,129.8,128,128.8,44407
MINDAIND,20110707,247.15,248,236.8,241.25,774
MINDTREE,20110707,370.15,377.85,365,371.95,23892
MIRCELECTR,20110707,24.75,25.2,24.5,24.65,50449
MIRZAINT,20110707,21.6,22.35,21.6,22.25,70624
MLL,20110707,40.7,40.9,39.55,40.3,752417
MMFL,20110707,108,112.7,108,111.1,3502
MMFSL,20110707,73.4,79.4,73.35,79.4,17378
MMTC,20110707,912,988,912,944.6,364347
MOIL,20110707,350,358.45,348.15,356.1,469157
MONNETISPA,20110707,513.8,513.85,504.5,505.55,12427
MONSANTO,20110707,1749.9,1860,1749.9,1802.8,6309
MORARJETEX,20110707,14.15,15.85,14.15,15.3,86
MOREPENLAB,20110707,4.55,4.55,4.4,4.45,308683
MOSERBAER,20110707,40.4,40.45,39.75,40.35,231243
MOTHERSUMI,20110707,225.9,226.5,223,224.8,39691
MOTILALOFS,20110707,101.9,102.9,98,101.75,14580
MOTOGENFIN,20110707,46.3,46.35,46.3,46.35,500
MPHASIS,20110707,464.95,469,460.75,463.9,196616
MPSLTD,20110707,43,45.9,40.65,41.5,42259
MRF,20110707,6950,7161,6950,7100.85,16263
MRO-TEK,20110707,15.4,16.15,15.4,15.75,5350
MRPL,20110707,81.2,83.15,80.55,82,759299
MSPL,20110707,44.9,45.5,44.3,44.95,11692
MTNL,20110707,44.25,45.05,44.25,44.85,232604
MUDRA,20110707,45.5,45.5,44.1,44.3,5642
MUKANDENGG,20110707,34,34,32.15,32.6,7376
MUKANDLTD,20110707,47,47,45.7,46,65798
MUKTAARTS,20110707,36,38.75,36,37.45,640
MUNDRAPORT,20110707,162,165.75,159.65,162.05,1081191
MUNJALAU,20110707,136,138.5,136,137.55,1793
MUNJALSHOW,20110707,59.15,61.25,59.15,60,19343
MURLIIND,20110707,22,26.6,22,26.6,8508
MURUDCERA,20110707,17.3,18.55,17.25,18.3,18060
MUTHOOTFIN,20110707,163,168.15,162.15,167.6,345960
MVL,20110707,25,25.25,24.75,24.9,74314
MVLIND,20110707,15.1,16.1,15.1,16.1,1872
MYSOREBANK,20110707,635.05,648,635.05,639.95,1233
N100,20110707,103.9,103.95,101.55,102.91,11654
NAGARFERT,20110707,35.1,36,34.5,35.1,1430837
NAGREEKCAP,20110707,27.5,28.9,27.5,28.9,610
NAGREEKEXP,20110707,21,23.1,21,22.55,2980
NAHARCAP,20110707,61.35,61.35,61,61.2,3010
NAHARINDUS,20110707,51.6,54.3,51.6,53.9,1307
NAHARPOLY,20110707,28.45,28.6,28.4,28.55,3197
NAHARSPING,20110707,80.5,82.45,80.5,81.45,12833
NANDAN,20110707,2.6,2.95,2.6,2.7,239890
NATCOPHARM,20110707,272.95,276,269.15,273.05,11288
NATIONALUM,20110707,85.1,85.9,84.6,85.55,269600
NATNLSTEEL,20110707,18.6,19.6,18.6,18.8,4303
NAUKRI,20110707,780,780,723,733.3,2586
NAVINFLUOR,20110707,308,309.9,298.75,299.6,17617
NAVNETPUBL,20110707,64.9,65.6,64.3,64.8,286524
NBVENTURES,20110707,218.3,224.4,218.3,223.15,19152
NCC,20110707,83,85,82.6,83.75,473823
NCLIND,20110707,35.7,36,35.25,35.45,12457
NDTV,20110707,68.8,73,68.15,70.75,232225
NECLIFE,20110707,25.2,25.6,25.1,25.2,61644
NEHAINT,20110707,185.1,194,184.25,191.7,165017
NELCAST,20110707,102.95,103.35,101.5,102.2,2586
NELCO,20110707,80.4,80.4,77.4,77.85,92797
NEOCURE,20110707,3,3.2,3,3.2,13199
NEPCMICON,20110707,4.15,4.4,4.15,4.4,21343
NESCO,20110707,658.95,686,656.8,662.35,1678938
NESTLEIND,20110707,4300,4334,4280.4,4295.35,11341
NET4,20110707,119,119.45,117.3,118,27554
NETWORK18,20110707,129.9,130.8,125.3,127.7,137673
NEULANDLAB,20110707,119.2,119.9,110.2,112.45,7633
NEXTMEDIA,20110707,5.7,7,5.55,6.55,473935
NEYVELILIG,20110707,102,102.85,101.55,102.3,116891
NFL,20110707,95.4,95.4,94.1,94.9,71001
NHPC,20110707,24.75,25,24.75,24.9,1823783
NIFTYBEES,20110707,572,580.9,572,579.76,74846
NIITLTD,20110707,55.45,56.65,55.25,56,130422
NIITTECH,20110707,180.4,187.4,180.4,186.15,71833
NILKAMAL,20110707,278.7,295,275.1,285,85406
NIPPOBATRY,20110707,470.7,487.85,470.7,485.2,5145
NISSAN,20110707,2.65,2.75,2.6,2.65,56458
NITCO,20110707,62.5,63.45,60.6,61.2,23503
NITESHEST,20110707,23.9,24.25,23.5,24.05,76477
NITINFIRE,20110707,101.35,105.7,100.7,103.7,1670425
NITINSPIN,20110707,9.05,10.1,9.05,9.7,35246
NMDC,20110707,263.15,267.95,262,265.6,179194
NOCIL,20110707,17.5,18.15,17.3,17.75,477350
NOIDATOLL,20110707,26.3,26.95,26.2,26.7,155494
NOL,20110707,53,54.95,53,54.95,11
NORBTEAEXP,20110707,6.35,7.15,6.25,7,5359
NORTHGATE,20110707,11.85,11.85,11.6,11.65,31713
NOVOPANIND,20110707,41.35,42.5,41.3,42.5,725
NRBBEARING,20110707,52.45,52.9,51.6,52.35,12445
NRC,20110707,6.35,6.4,5.75,5.9,17463
NSIL,20110707,765,790.9,761.1,788.4,387
NTPC,20110707,185.2,190.8,185.05,190.25,2815806
NUCENT,20110707,1.75,1.75,1.75,1.75,1000
NUCHEM,20110707,4.7,4.95,4.7,4.8,13108
NUCLEUS,20110707,84.7,85.9,84.7,85,14874
NUMERICPW,20110707,234.5,235,222.6,223.25,1625
NUTEK,20110707,5.8,6.5,5.7,6.3,2688814
OBEROIRLTY,20110707,245,245,240.1,242.6,6697
OCL,20110707,101.9,104,101.65,103,2224
OFSS,20110707,2300,2375,2300,2315.2,114839
OIL,20110707,1295.5,1301.5,1285,1289.45,31422
OILCOUNTUB,20110707,72.15,73,70.5,71.55,22748
OISL,20110707,39.55,40.25,39.55,39.85,1885
OMAXAUTO,20110707,43,43.3,42.5,43.2,10295
OMAXE,20110707,133.3,143,132.65,138.6,352637
OMKARCHEM,20110707,66.5,70.45,66.5,69.35,11798
OMMETALS,20110707,38.9,38.9,35,36.05,3138
OMNITECH,20110707,151.5,153.5,151.5,152.2,5477
ONGC,20110707,273.35,276.45,272.7,274.95,4013884
ONMOBILE,20110707,113.35,113.35,109.1,110.15,233245
ONWARDTEC,20110707,38.8,39.7,36.4,38.05,2948
OPTOCIRCUI,20110707,290.65,290.65,284.6,286.05,387349
ORBITCORP,20110707,44.5,44.5,43.35,44.25,334113
ORCHIDCHEM,20110707,271.3,275.7,270,272.5,444715
ORIENTABRA,20110707,30.3,31.25,30.3,30.9,24100
ORIENTALTL,20110707,8.55,9,8.3,9,4000
ORIENTBANK,20110707,339.05,340.95,334.5,336.55,509101
ORIENTCERA,20110707,55,55.8,54.1,54.65,2351
ORIENTHOT,20110707,31.4,31.85,31,31.15,6024
ORIENTLTD,20110707,84.15,90.3,84.15,87.55,47
ORIENTPPR,20110707,55.15,56.2,54.8,56,40814
ORISSAMINE,20110707,62779.95,63777.3,61500,62896.95,3604
OUDHSUG,20110707,30.9,31.65,30.5,30.95,9077
PAEL,20110707,33.95,34.05,31.3,31.95,19588
PAGEIND,20110707,1935.5,1966.95,1911,1946.4,5437
PANACEABIO,20110707,164.05,166.8,164.05,164.8,11376
PANASONIC,20110707,113.65,113.65,110,110.1,230
PANCARBON,20110707,162,168,162,165.65,3359
PANORAMUNI,20110707,14.5,14.9,14.3,14.7,13516
PANTALOONR,20110707,320.15,328.5,319,327.3,1129125
PAPERPROD,20110707,74,75,73.4,74.45,25468
PARABDRUGS,20110707,40.9,41.45,40.75,40.85,9860
PARACABLES,20110707,3.7,3.85,3.7,3.75,17535
PARAL,20110707,280.1,292,276.7,282.05,26354
PARAPRINT,20110707,21.9,22.05,21.5,21.55,141300
PARASPETRO,20110707,0.55,0.6,0.55,0.55,53490
PAREKHPLAT,20110707,4.2,4.4,4.2,4.25,3543
PARRYSUGAR,20110707,121.35,121.35,120.25,121.3,184
PARSVNATH,20110707,48.1,49.25,48.05,48.95,1627398
PATELENG,20110707,153.5,156,153.25,155.5,374822
PATINTLOG,20110707,30,31.2,30,30,2042
PATNI,20110707,341.2,347,336.25,340.75,145326
PATSPINLTD,20110707,17.2,17.9,16.65,17.05,3679
PBAINFRA,20110707,63,66.65,62.55,64.1,42036
PDPL,20110707,113.8,116,111,116,39880
PDUMJEIND,20110707,20.5,20.85,20.4,20.5,5040
PDUMJEPULP,20110707,19.55,19.9,19.55,19.8,8995
PEACOCKIND,20110707,3.35,3.6,3.1,3.15,14921
PENIND,20110707,40.4,40.4,39.25,39.85,56743
PENINLAND,20110707,51,53,51,52.45,16233
PEPL,20110707,3.3,3.3,3.3,3.3,374
PERIATEA,20110707,167,170.5,161.6,170,44
PERSISTENT,20110707,381.9,382,366,370.3,51710
PETRONENGG,20110707,347.6,356.5,347.6,351.7,2381
PETRONET,20110707,141.75,143.4,141.05,142.35,1086033
PFC,20110707,197.5,200.35,196.7,199.9,1102792
PFIZER,20110707,1450,1484.15,1450,1461.95,3615
PFOCUS,20110707,65.1,68.3,63,67.75,1939759
PFS,20110707,17.75,17.75,17.5,17.55,56061
PGHH,20110707,2016,2050,2016,2035.75,1687
PHILIPCARB,20110707,143.3,144.5,143.15,143.55,16956
PHOENIXLTD,20110707,202.65,206.8,200.3,205,29670
PIDILITIND,20110707,171,172.25,168.9,171.45,139015
PIIND,20110707,794,802.9,758.05,799.3,11359
PIONDIST,20110707,51.95,51.95,50,50.5,2840
PIONEEREMB,20110707,18.65,18.85,18.65,18.85,1724
PIPAVAVYD,20110707,77,78.5,77,78.05,1694357
PIRGLASS,20110707,133,141,133,137.85,154066
PIRHEALTH,20110707,395.95,396,389.5,394.95,130295
PIRLIFE,20110707,91.2,93.85,91.15,92.95,5859
PITTILAM,20110707,39.85,39.9,38.7,39,2309
PLASTIBLEN,20110707,208.95,208.95,205.15,205.15,80
PLETHICO,20110707,352,352,347,348.15,109114
PNB,20110707,1121.65,1148,1119,1143.95,168999
PNBGILTS,20110707,24.4,24.85,24.4,24.65,22296
PNC,20110707,17,17.6,16.5,17.05,9221
POCHIRAJU,20110707,16,16.3,15.95,16.2,3198
POLARIND,20110707,8.2,8.25,7.6,7.6,106260
POLARIS,20110707,184.9,185.5,182.3,185,587328
POLYPLEX,20110707,202.8,206.4,201.5,204.75,145862
PONDYOXIDE,20110707,30.25,31.45,30,31,2039
PONNIERODE,20110707,92,94.8,91.7,92.5,842
POWERGRID,20110707,109.5,110.3,108.45,109.95,3294513
PPAP,20110707,107,109.5,106.5,109,4576
PRADIP,20110707,86.35,92,85.6,90.25,36548
PRAENG,20110707,11.2,11.25,10.95,11.1,35371
PRAJIND,20110707,78.8,80.85,78.15,79.1,1140400
PRAKASH,20110707,70.8,71.7,70.05,70.45,91188
PRAKASHSTL,20110707,143,145.45,141.1,142.35,2283
PRATIBHA,20110707,54.3,55.25,54.1,54.5,193199
PRECOT,20110707,145.45,146,143.05,144.7,794
PRECWIRE,20110707,123,125.2,122.5,123.8,2677
PREMIER,20110707,91.2,96.5,91.2,94.65,59663
PRESTIGE,20110707,120.55,123,119.25,121.25,148203
PRETAILDVR,20110707,180,181,176.5,180,57404
PRICOL,20110707,20.25,21,20.25,20.65,25488
PRIMESECU,20110707,22.8,23.8,22.8,23.45,13501
PRISMCEM,20110707,46,47,45.2,46.8,147539
PRITHVI,20110707,30.9,31.75,30.3,30.85,8402
PROVOGUE,20110707,37.9,38.6,37.35,38,688351
PSB,20110707,101.75,101.75,100,100.75,117581
PSL,20110707,70.3,72.3,70.3,71.4,83362
PSUBNKBEES,20110707,409,415,407.25,409.07,2305
PTC,20110707,79,80.7,78.65,80,738269
PTL,20110707,28.4,28.9,27.25,27.7,2776
PUNJABCHEM,20110707,83,91,83,89.95,1706
PUNJLLOYD,20110707,77.75,78.2,76.1,77.05,6230704
PURVA,20110707,91.85,91.85,89.35,90.5,5814
PVP,20110707,9.15,9.4,9.1,9.25,66632
PVR,20110707,105,107.5,104.4,105.2,96690
QGOLDHALF,20110707,1067,1074,1065.15,1067.4,526
QUINTEGRA,20110707,4.05,4.05,3.9,4,11710
RADAAN,20110707,2.35,2.5,2.25,2.45,52340
RADICO,20110707,127.5,130,126.9,127.45,49629
RAINBOWPAP,20110707,61.2,64.2,60.2,61.65,144777
RAINCOM,20110707,33.35,37.2,33.15,36.05,733176
RAJESHEXPO,20110707,106.6,107.75,104.6,107.25,469448
RAJOIL,20110707,30.6,33.1,30.6,32.85,34981
RAJPALAYAM,20110707,639.8,648,616,626.55,6137
RAJRAYON,20110707,11.25,12.35,11.25,11.75,3369
RAJSREESUG,20110707,49.4,49.4,47.75,48.7,8108
RAJTV,20110707,52,54,50.6,52.25,98104
RAJVIR,20110707,163.5,163.5,146.35,150.9,1306
RALLIS,20110707,1574,1598,1561,1571.95,11564
RAMANEWS,20110707,15.05,16,15.05,15.75,23804
RAMCOIND,20110707,41.05,42.4,40.75,42.05,66147
RAMCOSYS,20110707,93.6,93.75,92.4,93.5,4492
RAMKY,20110707,273,282,271.6,279.95,8283
RAMSARUP,20110707,15.9,18.2,15.6,17.1,114257
RANASUG,20110707,5.6,5.65,5.55,5.55,141617
RANBAXY,20110707,535.05,543.9,531,543.25,660769
RANEENGINE,20110707,236,237.9,232.65,235.25,112
RANEHOLDIN,20110707,245.1,249.9,245.1,249.35,136
RANKLIN,20110707,15.45,15.55,14.45,14.95,8258
RATNAMANI,20110707,100.25,120.7,100,114.5,133185
RAYMOND,20110707,384.65,388.7,381.4,383.3,562915
RBL,20110707,119.45,119.45,115.3,115.3,5
RBN,20110707,82.4,91.35,81,86.25,1328517
RCF,20110707,79.55,79.9,78.45,78.9,460410
RCOM,20110707,97.35,99.4,96.1,98.9,4014561
RECLTD,20110707,203.4,207.75,203.4,207.3,1299896
REDINGTON,20110707,88,88.8,87.15,88.05,1041317
REFEX,20110707,20,21.7,19.95,21.7,74578
REIAGROLTD,20110707,28.1,28.8,28.1,28.75,577733
REISIXTEN,20110707,33,33.55,32.45,32.95,11518
RELAXO,20110707,298,300,275,297.05,602
RELBANK,20110707,1040,1050,1040,1049.8,14
RELCAPITAL,20110707,596.6,606.95,595.05,603.05,988715
RELGOLD,20110707,2180.05,2180.05,2076.1,2082.85,2908
RELGRNIFTY,20110707,554,565,554,564.97,6061
RELIANCE,20110707,858,874.9,855.25,870.7,4603204
RELIGARE,20110707,458.8,463,456,461.35,7741
RELIGAREGO,20110707,2196.3,2204.95,2190.65,2196.8,158
RELINFRA,20110707,577,591,575,589.3,1222989
RELMEDIA,20110707,130,134.95,129.7,133.35,1176780
RENUKA,20110707,71.5,73.6,71.35,73.05,5076373
REPRO,20110707,135.8,135.8,131.6,132.45,31162
RESPONIND,20110707,95.85,96,95.7,96,7925
RESURGERE,20110707,0.55,0.6,0.5,0.55,7762802
REVATHI,20110707,414.8,414.8,401.2,405,435
RICOAUTO,20110707,15.35,15.55,15.3,15.45,68705
RIIL,20110707,548,559,546.05,555.25,208765
RKDL,20110707,23.5,24.35,23.2,23.9,94053
RKFORGE,20110707,119.8,122,119.8,120,1203
RMCL,20110707,6.75,7.1,6.75,7.05,4518
RML,20110707,139,140,136.3,140,1248
ROHITFERRO,20110707,35.3,36.25,35.1,35.55,72769
ROHLTD,20110707,66.5,68.9,65.9,67.9,12078
ROLTA,20110707,133.25,133.65,131.7,133.25,339461
ROMAN,20110707,25,25,24.25,24.6,2830
RPGLIFE,20110707,82,84,82,83.3,7165
RPOWER,20110707,117.25,119.2,117.25,118.85,1118847
RPPINFRA,20110707,83.5,83.5,81.25,81.95,42090
RSSOFTWARE,20110707,63,64.4,63,63.35,14415
RSWM,20110707,136.15,139.9,136.15,138.05,14383
RSYSTEMS,20110707,108.4,108.4,107.55,107.55,440
RUBYMILLS,20110707,735,770,720,750.25,431
RUCHINFRA,20110707,20,20.6,20,20.35,6216
RUCHIRA,20110707,10.3,10.45,9.8,10.45,870
RUCHISOYA,20110707,96.9,99.5,96.7,98.35,97803
RUSHIL,20110707,74.5,124.05,74.5,119.5,49610018
SABTN,20110707,51,52.4,50.8,51.15,2304
SADBHAV,20110707,141.5,146.85,141.5,142.95,76771
SAGCEM,20110707,139.9,139.9,135,136.35,823
SAHPETRO,20110707,34.2,36.2,34.2,35.5,10010
SAIL,20110707,141.5,142.9,140.1,142,2712012
SAKHTISUG,20110707,36.3,37.1,36.3,36.65,58143
SAKSOFT,20110707,61.9,63.05,61.9,62.15,5379
SAKUMA,20110707,14.7,14.95,14.35,14.6,2942
SALORAINTL,20110707,30.3,31.5,29.6,30.3,1340
SALSTEEL,20110707,6.9,7.15,6.9,7,28214
SAMBANDAM,20110707,87.25,87.25,87.25,87.25,1
SAMBHAAV,20110707,1.55,1.75,1.5,1.6,172
SANDESH,20110707,277.05,280,273.75,276.95,534
SANGAMIND,20110707,40.35,41.8,40.35,41,12485
SANGHIIND,20110707,17.8,18.1,17.8,18.1,2376
SANGHIPOLY,20110707,1.75,1.8,1.7,1.7,21502
SANGHVIFOR,20110707,42.2,44,41.8,42.65,23788
SANGHVIMOV,20110707,121.55,124.35,116.3,123.85,35532
SANWARIA,20110707,31.35,31.35,28.95,29.1,71992
SARDAEN,20110707,216,226.8,216,222.5,40948
SAREGAMA,20110707,71.6,72.75,69,70.4,68010
SASKEN,20110707,151.7,153.5,144.1,144.95,815648
SATHAISPAT,20110707,50.7,50.7,49.7,49.95,23240
SATYAMCOMP,20110707,91.25,92.9,89.8,91.25,8137401
SAVERA,20110707,37.4,39.85,37.4,37.85,64
SBBJ,20110707,504.65,505,495,498.4,9948
SBIGETS,20110707,2170,2187.8,2166.05,2178.25,2707
SBIN,20110707,2446,2487.4,2430.05,2482.85,1382154
SBT,20110707,714.5,723.7,710,714.55,19008
SCI,20110707,105.5,107.2,105.15,106.35,157949
SEAMECLTD,20110707,91.1,92.5,91,91.9,6809
SEINVEST,20110707,15.3,16.05,14.65,15.75,611264
SELAN,20110707,298.9,345.9,298.45,338.35,1218554
SELMCL,20110707,17.6,17.95,17.5,17.65,259723
SENTINEL,20110707,13.7,15.75,13.7,15.25,2774
SERVALL,20110707,8.2,8.4,8.2,8.3,79889
SESAGOA,20110707,291,296.5,291,294.55,1792750
SESHAPAPER,20110707,226,244.95,226,241.4,1718
SGFL,20110707,7.35,7.35,6.2,6.8,241
SGJHL,20110707,268,275.5,265.75,269.05,252806
SHANTIGEAR,20110707,44.6,45.5,44.5,45.05,197835
SHARIABEES,20110707,124.65,125.8,123.75,124.85,425
SHARRESLTD,20110707,50.1,50.1,48.25,50.05,328
SHASUNPHAR,20110707,75.7,79,75.05,75.8,103690
SHILPAMED,20110707,268,270,261,261.4,404
SHILPI,20110707,17.7,18.25,17.5,17.65,52876
SHIV-VANI,20110707,226,235,223.1,226.35,124059
SHIVAMAUTO,20110707,112.6,117,112.6,114,617
SHIVTEX,20110707,30.1,33.5,30.1,33.25,5029
SHLAKSHMI,20110707,85.5,87,84.5,84.9,51914
SHOPERSTOP,20110707,473.5,488.5,471.1,484.3,105530
SHPRE,20110707,6.4,6.45,6.2,6.2,4017
SHREEASHTA,20110707,5.1,5.1,4.95,5.05,2792239
SHREECEM,20110707,1710.5,1772,1710,1744.6,1472
SHREERAMA,20110707,5.55,5.55,5.5,5.5,5254
SHRENUJ,20110707,57.75,58,57,57.2,2592
SHREYAS,20110707,30,31.5,30,30.8,1462
SHRIRAMCIT,20110707,560,560,546.65,549.25,2426
SHRIRAMEPC,20110707,157,162.5,157,159.65,3432
SHYAMTEL,20110707,41.45,42,40.95,41.75,2321
SICAGEN,20110707,25.7,25.75,25.1,25.25,8098
SICAL,20110707,71.3,72.9,71.3,72.3,3845
SIEMENS,20110707,876,901.9,876,892.8,142833
SILINV,20110707,94.85,94.85,91.5,91.5,421
SIMBHSUGAR,20110707,39.7,40.8,39.5,40.4,8870
SIMPLEX,20110707,105,105,102.5,102.55,268
SIMPLEXINF,20110707,268,269,264,265.85,3053
SINTEX,20110707,179.2,184.7,179.05,183.95,1706578
SIRPAPER,20110707,53.25,57,53.25,53.75,3244
SITASHREE,20110707,6,6.35,6,6.2,15647
SIYSIL,20110707,402,402,383,384.45,5466
SJVN,20110707,21.85,21.9,21.7,21.85,277300
SKFINDIA,20110707,668,678.3,656,659.2,23170
SKMEGGPROD,20110707,9.05,9.05,8.8,8.9,5205
SKSMICRO,20110707,335.1,411.8,314.3,411.8,3828081
SKUMARSYNF,20110707,56,57.55,56,56.8,1905042
SMARTLINK,20110707,54,54,51.15,51.95,31731
SMLISUZU,20110707,376,409,375,393.9,7354
SMPL,20110707,10,10.4,9.9,10.05,228645
SMSPHARMA,20110707,195,200,195,196.25,1794
SOBHA,20110707,281,281.5,275.3,280.25,131737
SOFTTECHGR,20110707,4.95,5.35,4.95,5.3,1318
SOLARINDS,20110707,649.75,649.75,632,640,710
SOMANYCERA,20110707,40,42.9,39.05,42.1,2452
SOMATEX,20110707,7.75,8,7.4,7.6,17023
SONASTEER,20110707,16.2,16.7,16.1,16.4,49771
SONATSOFTW,20110707,43.2,44.8,43,43.8,522560
SOTL,20110707,569,576,564.05,565.9,1690
SOUISPAT,20110707,8.1,8.45,8.1,8.45,338686
SOUTHBANK,20110707,23.55,24.3,23.55,24.2,2038313
SPANCO,20110707,143,144.4,137.4,143.6,57179
SPARC,20110707,97,101.2,96,98.95,465760
SPECTACLE,20110707,16.9,17,16,16,8048
SPENTEX,20110707,12.1,14.5,12.1,14.3,14550
SPIC,20110707,32.9,33.75,32.25,32.85,1544588
SPICEMOBIL,20110707,114.25,119.3,110.1,116,340003
SPLIL,20110707,3.8,3.9,3.8,3.9,35853
SPMLINFRA,20110707,159.6,177,159.25,169.6,21027
SPYL,20110707,30.45,30.95,29.55,30,1976
SREINFRA,20110707,42.95,44.1,42.35,43.9,350660
SRF,20110707,310,313.6,308.3,310.25,27647
SRGINFOTEC,20110707,0.6,0.6,0.55,0.55,16742
SRHHLINDST,20110707,3.6,4.1,3.6,3.9,1439
SRHHYPOLTD,20110707,41.75,43.95,41.6,42.6,925
SRICHAMUND,20110707,41,42.5,40.8,42.5,671
SRTRANSFIN,20110707,689,690.9,661.1,676.2,533827
SSWL,20110707,290,295.7,276.5,286.15,61965
STAR,20110707,339.9,353.65,335.5,349.65,445512
STARPAPER,20110707,22,22.5,22,22.15,2101
STCINDIA,20110707,217,219.2,216.05,218,94391
STER,20110707,171.05,172,168.8,170.2,4165714
STERLINBIO,20110707,87,91.8,85.7,91.25,321706
STERTOOLS,20110707,117.6,117.95,115.2,116.05,559
STRTECH,20110707,56.2,56.5,55.7,55.95,407229
SUBEX,20110707,59.4,59.7,58.55,59.15,786093
SUDAR,20110707,109.4,110,105.4,106.3,31393
SUDARSCHEM,20110707,760,767,733.8,767,435
SUJANATOW,20110707,34,34.15,33.35,33.5,427903
SUJANAUNI,20110707,5.75,5.95,5.75,5.85,23774
SUMEETINDS,20110707,39,39.5,38.05,38.45,265389
SUMMITSEC,20110707,85,89.9,84.55,87.75,1560
SUNCLAYTON,20110707,150,150.65,146.5,147.15,3700
SUNDARAM,20110707,42.7,43.2,42.7,42.9,94619
SUNDARMFIN,20110707,549.9,569.9,545.05,560.95,57385
SUNDRMBRAK,20110707,174.4,174.5,166.5,167.05,904
SUNDRMFAST,20110707,65.5,67,64.55,65.6,224268
SUNFLAG,20110707,26.5,27.4,26.35,27.1,63525
SUNILHITEC,20110707,119,122.5,119,121.15,14317
SUNPHARMA,20110707,497.8,507.95,497.25,504.85,918503
SUNTECK,20110707,294.7,298.75,288,290.95,15282
SUNTV,20110707,310,330,305,321.95,8520490
SUPER,20110707,235.25,254.95,235.05,248.85,2027
SUPERSPIN,20110707,8.35,8.35,8.1,8.25,3419
SUPPETRO,20110707,66,67.5,65.5,66.7,36210
SUPRAJIT,20110707,19.3,20.25,19.3,19.5,15343
SUPREMEIND,20110707,184.95,186.95,182.55,184.9,46516
SUPREMEINF,20110707,270.8,270.8,263.5,265.7,5092
SURAJDIAMN,20110707,46.7,48.3,46.7,48.05,31961
SURANACORP,20110707,94,96,94,95.9,902
SURANAIND,20110707,345,363,344,359.05,3998
SURANAT&P,20110707,15.15,15.9,15.15,15.8,5688
SURANAVEL,20110707,40.6,42.15,40.6,41.25,2940
SURYAJYOTI,20110707,29,29.4,28.7,28.85,13185
SURYALAXMI,20110707,68.4,71,68.4,70.3,4312
SURYAPHARM,20110707,21.05,21.6,21,21.45,64006
SURYAROSNI,20110707,85.5,86.6,84.15,84.35,7107
SUTLEJTEX,20110707,200.1,204,198,200.35,2423
SUVEN,20110707,20.5,20.95,20.5,20.7,26199
SUZLON,20110707,51.6,52.3,51.45,52.05,10485805
SWARAJENG,20110707,445.35,473,445.3,453.35,10472
SYMPHONY,20110707,1323.95,1330,1280,1306.8,1391
SYNCOM,20110707,22.3,22.75,22.25,22.4,15329
SYNDIBANK,20110707,115.45,118.25,115.4,117.9,417453
TAINWALCHM,20110707,30.15,34.2,30,32,16372
TAJGVK,20110707,103.3,104.3,102.8,103.55,20055
TAKE,20110707,40.95,42.5,39.9,40.2,82190
TALBROAUTO,20110707,54,55.45,53.55,55.35,1990
TALWALKARS,20110707,254.3,260.7,251.8,255.4,206963
TANFACIND,20110707,28.95,29.9,28.55,28.8,717
TANLA,20110707,15,16.2,14.9,15.15,426458
TANTIACONS,20110707,67.35,68.4,66.6,67.15,3875
TARAPUR,20110707,20.05,20.7,20.05,20.25,13000
TATACHEM,20110707,386.9,389.7,380.2,384.25,326365
TATACOFFEE,20110707,880.25,898.5,876.6,879.65,892866
TATACOMM,20110707,215.55,221.4,212.55,218.35,324898
TATAELXSI,20110707,255,263.9,253.1,262.1,270630
TATAGLOBAL,20110707,103.95,105.9,102.9,105,1576231
TATAINVEST,20110707,495.05,504,495.05,497.45,8297
TATAMETALI,20110707,102.8,106.4,102.5,105.45,70512
TATAMOTORS,20110707,1033.1,1058.15,1027,1055.45,2701986
TATAMTRDVR,20110707,570,579.4,563.5,573.7,1797947
TATAPOWER,20110707,1287.5,1320,1287.5,1313.85,250988
TATASPONGE,20110707,355,361,352.6,353.5,10384
TATASTEEL,20110707,599,608,598.5,606.7,2919421
TCI,20110707,91.1,95.8,91.1,93.9,30266
TCIDEVELOP,20110707,189,200,189,194.85,315
TCIFINANCE,20110707,53.7,54.5,52.35,53.8,5564
TCS,20110707,1183.1,1200,1183.1,1195.9,1301317
TECHM,20110707,740.05,750,735,738.85,208527
TECHNO,20110707,228.65,239.2,226.05,233.5,35451
TECHNOFAB,20110707,140.45,140.45,138.45,138.8,8869
TECPRO,20110707,278.3,286,275,276.95,26255
TELEDATAIT,20110707,0.4,0.4,0.35,0.4,563465
TEXMACOLTD,20110707,32.55,33.5,32.4,32.65,85137
TEXMOPIPES,20110707,36,36.25,35.25,35.85,11773
TEXRAIL,20110707,92.2,94,92.15,93.15,58479
TFCILTD,20110707,29,29.9,29,29.6,172630
TFL,20110707,15.55,16.05,14.55,15.85,1111
THANGAMAYL,20110707,155.15,156.65,155,156.15,16663
THEMISMED,20110707,159.75,159.75,156.25,156.25,298
THERMAX,20110707,593.95,604.5,593.95,599.2,160255
THINKSOFT,20110707,50.65,52.15,49.75,50.9,93282
THIRUSUGAR,20110707,99,99,97.55,97.55,60
THOMASCOOK,20110707,51.3,51.65,50.25,50.45,158652
TI,20110707,46.5,46.9,44.5,45,179757
TIDEWATER,20110707,7698.95,7815,7580,7607.9,5264
TIIL,20110707,52.9,55.5,52.9,53.45,3476
TIL,20110707,440.65,453.95,440.65,447.1,4244
TIMBOR,20110707,45.2,45.2,45.2,45.2,18906
TIMESGTY,20110707,35.7,36.25,35.6,35.6,369
TIMETECHNO,20110707,68.45,71.65,67.65,70.55,953624
TIMKEN,20110707,227.5,231.5,226.1,226.8,163519
TINPLATE,20110707,61.6,61.9,60.55,60.95,71379
TIPSINDLTD,20110707,28,28.15,27.75,28,13735
TIRUMALCHM,20110707,98.5,100.5,98.5,100.25,2293
TITAN,20110707,225,230.6,224.35,229.55,5889804
TNPETRO,20110707,17.7,17.7,17.05,17.1,38185
TNPL,20110707,118.2,119.55,118.2,118.45,28449
TODAYS,20110707,7.15,7.45,7.15,7.4,1235
TOKYOPLAST,20110707,14.3,14.3,14.3,14.3,50
TORNTPHARM,20110707,642,652.1,637,645.95,379138
TORNTPOWER,20110707,249,249.9,245.1,246.95,98134
TRENT,20110707,1225,1250,1211,1218.8,40818
TRF,20110707,377.7,386,375,384.45,64053
TRICOM,20110707,15.45,15.5,14.85,15.2,12715
TRIDENT,20110707,14.5,14.5,14.2,14.35,59044
TRIGYN,20110707,17.9,18.4,17.6,18.2,12600
TRIL,20110707,263.9,266.8,260.85,262.1,5376
TRIVENI,20110707,37.7,37.7,36.85,37.45,421901
TTKHEALTH,20110707,412.7,413.75,409,411.35,4155
TTKPRESTIG,20110707,2798.7,2857.45,2785.55,2830.5,111819
TTL,20110707,27,28.85,27,28.4,10478
TTML,20110707,19.2,21.1,19.1,20.95,16636354
TUBEINVEST,20110707,147,149,145.55,146.7,48169
TULIP,20110707,161,161.85,159,160.05,103530
TULSI,20110707,17.8,18.25,17,17.15,221070
TULSYAN,20110707,43.6,46.5,43.5,46.5,1007
TVSELECT,20110707,23.4,23.7,23.4,23.55,346
TVSMOTOR,20110707,53.5,53.9,52.65,53.1,1001926
TVSSRICHAK,20110707,335,340,330,330.45,1436
TVTODAY,20110707,64.95,68.7,64.15,66.5,195901
TWILITAKA,20110707,52.1,54.5,52.1,53.95,18634
TWL,20110707,411.45,414,410,412.15,13398
UBENGG,20110707,85,86.95,82.2,82.85,166863
UBHOLDINGS,20110707,158,162,157.95,160.7,124065
UBL,20110707,510.05,511.7,500.3,502.5,147640
UCALFUEL,20110707,87,89.9,86.9,88.7,95117
UCOBANK,20110707,92.05,93.15,91.1,92.8,1569251
UFLEX,20110707,212.55,219.8,211.5,218.6,1569498
UGARSUGAR,20110707,15.25,15.65,15.05,15.5,12744
ULTRACEMCO,20110707,960,1003.3,956.55,984.8,141558
UMESLTD,20110707,23.35,24.15,23.35,23.95,5662
UNICHEMLAB,20110707,165,167,160.2,166.05,16936
UNIENTER,20110707,26.5,27,26.5,26.7,6093
UNIONBANK,20110707,296,301,295.55,299.85,696536
UNIPHOS,20110707,158.9,160.8,157.75,158.75,2062362
UNIPLY,20110707,13.7,14,13.6,13.75,2662
UNITECH,20110707,34.3,35.15,34,35.05,17241623
UNITEDBNK,20110707,96.4,96.65,95.5,95.85,81976
UNITEDTEA,20110707,128.9,128.9,125,125.15,101
UNITY,20110707,63.5,64.8,63.5,64.55,19718
UNIVCABLES,20110707,60.25,61.95,60.2,61,379
UPERGANGES,20110707,55.65,58.6,55.65,57.85,2518
USHAMART,20110707,55.95,57.25,54.75,55.1,544971
USHERAGRO,20110707,123.5,123.85,122.45,123.15,213845
UTISUNDER,20110707,840.05,840.05,840,840,5
UTTAMSTL,20110707,111.9,113.5,110.05,110.8,114654
UTTAMSUGAR,20110707,39.25,40,39,39.05,2296
UTVSOF,20110707,803,803,745.05,789.95,556770
VADILALIND,20110707,163.5,163.5,158,162.95,2683
VAIBHAVGEM,20110707,46,47,44.75,45.75,8063
VAKRANSOFT,20110707,367.05,395,367.05,393.45,73291
VALECHAENG,20110707,99,99.6,98.2,98.55,17577
VALUEIND,20110707,20.05,20.25,19.95,20,8989
VARDHACRLC,20110707,10.25,10.25,10.15,10.2,31699
VARDMNPOLY,20110707,96.5,99.4,95.4,96.9,95482
VARUN,20110707,230.9,230.9,220,222.1,197056
VARUNSHIP,20110707,24.6,25.1,24.6,24.9,39751
VASCONEQ,20110707,81,81,75.15,77.95,8834
VENKEYS,20110707,633.75,642.45,624,631.55,52257
VENUSREM,20110707,200.95,201,192.2,194,4562
VESUVIUS,20110707,395,414,393,410.8,15752
VGUARD,20110707,235,236.45,230,230.4,183709
VHL,20110707,455.5,465,455,465,120
VICEROY,20110707,29.9,32.2,29.9,31.85,31194
VIDEOIND,20110707,195.3,197.45,193,194.35,419634
VIJAYABANK,20110707,69.2,71.45,68.85,71.2,2426732
VIJSHAN,20110707,19.7,20.2,19.7,19.95,1803
VIKASHMET,20110707,12.6,14.1,12,12,1888498
VINATIORGA,20110707,73.25,73.25,72.5,72.8,4392
VINDHYATEL,20110707,179,180,177.6,180,364
VINYLINDIA,20110707,12,12.9,12,12.65,1603
VIPIND,20110707,862.4,874.4,851,859.4,839828
VIPUL,20110707,11.3,11.75,11.3,11.5,4342
VISAKAIND,20110707,104.15,106,104.15,105.05,6330
VISASTEEL,20110707,58.25,59.1,57.5,59,28332
VISESHINFO,20110707,8.7,9,8.7,8.7,3086
VISHALRET,20110707,34.25,34.8,33.85,34.1,74182
VISUINTL,20110707,2.95,3.1,2.9,2.95,23640
VIVIMEDLAB,20110707,293,293.9,288.1,291.3,11785
VLSFINANCE,20110707,14.25,14.6,14.25,14.45,19318
VOLTAMP,20110707,525.15,534.9,521.5,523.7,55739
VOLTAS,20110707,164,167.65,163.55,166.6,1158859
VSTIND,20110707,1070,1091,1045,1078.5,17975
VSTTILLERS,20110707,536,549,507,541.5,17456
VTL,20110707,229,233,229,231.95,10397
VTXIND,20110707,17.4,17.55,17.05,17.05,1600
WABAG,20110707,1287,1290,1127,1288.15,3603
WABCO-TVS,20110707,1139,1145,1092,1139.9,1537
WALCHANNAG,20110707,127.9,128.45,126.2,127.45,46492
WANBURY,20110707,29.5,31.5,29.5,31.25,23699
WEBELSOLAR,20110707,64.85,64.85,62.35,63.2,1918
WEIZMANIND,20110707,12.3,12.5,12.05,12.1,652
WELCORP,20110707,172.1,175.8,171.65,175,316857
WELINV,20110707,64.5,69.3,63.05,65.15,494
WELPROJ,20110707,67.2,68.3,66.8,67.1,17711
WELSPUNIND,20110707,43,43.6,42.75,43.2,23465
WENDT,20110707,1470,1549,1461.1,1508.05,940
WHEELS,20110707,264,273.85,259.15,270.95,754
WHIRLPOOL,20110707,262,271.9,260.5,266.25,165538
WILLAMAGOR,20110707,56.45,59.4,52,52.4,10508
WINSOMYARN,20110707,3.45,3.45,3.35,3.4,8283
WIPRO,20110707,424,432.4,420.05,431.05,893788
WOCKPHARMA,20110707,402.7,407.7,393.3,397.5,173094
WSI,20110707,19,19,18.35,18.85,3084
WSTCSTPAPR,20110707,85.05,86.3,84.65,85.45,60075
WWIL,20110707,8.85,9.15,8.85,8.95,914113
WYETH,20110707,971,980,962.05,976.6,2792
XLENERGY,20110707,9.2,9.35,9.05,9.15,26052
XPROINDIA,20110707,53,54,53,53.3,3925
YESBANK,20110707,326,328.85,323.2,326.8,1337879
ZANDUREALT,20110707,2244,2274,2190.05,2219.65,1742
ZEEL,20110707,131.25,132.95,130.05,132.5,1767156
ZEELEARN,20110707,21.2,21.7,21.15,21.35,522953
ZEENEWS,20110707,11.95,12.05,11.9,11.9,316542
ZENITHBIR,20110707,7.1,7.4,6.75,6.75,1046278
ZENITHCOMP,20110707,17.5,21,17.5,19.9,112094
ZENITHINFO,20110707,204,209,201.7,202.1,202
ZENSARTECH,20110707,168.95,169.5,164.05,164.75,7906
ZICOM,20110707,39.25,40.4,39.25,40,11689
ZODIACLOTH,20110707,365.45,369,360.3,360.35,1322
ZODJRDMKJ,20110707,21.25,24.4,21.25,23.25,613
ZUARIAGRO,20110707,662.05,682,662.05,678.25,17492
ZYDUSWELL,20110707,718.4,750,711.2,730.6,222748
ZYLOG,20110707,407,414.7,404,409.15,427902
NSENIFTY,20110707,5633.35,5737.15,5632.95,5728.95,112220298,5439.55
NIFTYJUNIOR,20110707,11419.40,11550.00,11419.40,11543.50,62353191,1443.70
BANKNIFTY,20110707,11298.00,11446.55,11232.15,11426.10,11837330,1234.96
NSEMIDCAP,20110707,8080.55,8181.30,8080.55,8175.75,115666172,1911.48
NSEIT,20110707,6705.75,6796.80,6696.95,6787.35,10771389,596.03
NSE100,20110707,5556.85,5651.25,5556.85,5645.70,174573489,6883.25
NSE500,20110707,4539.55,4610.85,4539.55,4607.85,401477084,10010.48
MIDCAP50,20110707,2467.75,2510.00,2467.75,2507.30,82855061,1039.08
VIX,20110707,18.34,18.62,17.35,18.62,18.34,0.28
