20MICRONS,20110711,49,49,47,47.45,5872
3IINFOTECH,20110711,45.8,45.8,44.85,44.9,409611
3MINDIA,20110711,4047.05,4175,4047.05,4150.8,193
A2ZMES,20110711,248.2,250.75,242.75,243.7,128533
AANJANEYA,20110711,367.2,373.9,365.25,366.6,122979
AARTIDRUGS,20110711,137,138.2,134.15,137.15,3293
AARTIIND,20110711,50,51.45,48.75,48.8,23745
AARVEEDEN,20110711,48.65,51.15,48.6,49.15,529
ABAN,20110711,523.55,525,515,517.7,572908
ABB,20110711,866,877,853.05,871.2,394338
ABBOTINDIA,20110711,1504.95,1505,1480,1500.45,668
ABCIL,20110711,129.4,130.95,127.1,129.65,11574
ABGSHIP,20110711,372.45,381.5,370.55,379.85,216259
ABHISHEK,20110711,13.65,14.25,13,14.05,3922
ABIRLANUVO,20110711,914.75,925,894,911,128818
ACC,20110711,973,973,954.45,962.55,103240
ACE,20110711,47,47.35,46.3,46.65,23474
ACKRUTI,20110711,196,199,192.6,195.15,12915
ACROPETAL,20110711,17.3,17.3,17,17,181234
ADANIENT,20110711,708.9,728,698.25,715.8,339566
ADANIPOWER,20110711,109,109.45,107.5,107.85,328054
ADFFOODS,20110711,68,72.85,68,70.05,25075
ADHUNIK,20110711,79.9,80.3,76.2,76.85,130729
ADORWELD,20110711,182.55,185.5,181.05,181.65,4287
ADSL,20110711,50,50.7,48.5,48.9,90043
ADVANIHOTR,20110711,35.6,36,35.5,36,655
ADVANTA,20110711,258.85,266.5,255.2,263.85,102186
AEGISCHEM,20110711,227,230.8,227,228.55,4769
AFL,20110711,40.3,42,40.3,41.5,513
AFTEK,20110711,14,14.7,13.7,13.85,133255
AGCNET,20110711,159,167,159,166.3,501
AGRE,20110711,50.5,50.5,46,46.3,13085
AGRODUTCH,20110711,12,12.3,11.75,11.85,13650
AHLEAST,20110711,320,325.5,311,320,415
AHLUCONT,20110711,121,126.95,121,125.95,35956
AHLWEST,20110711,195.5,195.5,188.5,192.9,238
AHMEDFORGE,20110711,119.9,119.9,115.85,116.3,30945
AIAENG,20110711,370,373,367,370.5,3945
AJANTPHARM,20110711,306.1,316.6,306.1,313.65,13330
AJMERA,20110711,162.5,168.65,162.25,163.1,130385
AKSHOPTFBR,20110711,7,7.25,6.9,7.05,764811
AKZOINDIA,20110711,928.55,940,920,927.5,2567
ALBK,20110711,205.7,206.7,202.95,205.45,408996
ALCHEM,20110711,233.9,233.9,229.1,229.45,103930
ALEMBICLTD,20110711,22.9,22.95,21.8,22,112281
ALFALAVAL,20110711,1558.95,1560,1535.8,1549.9,1395
ALKALI,20110711,55.8,56.8,54.3,55.4,13559
ALKYLAMINE,20110711,84.2,86,82.5,82.5,345
ALLCARGO,20110711,169.85,172,168.25,171.15,3659
ALLSEC,20110711,19.95,20.6,19.3,20.05,2121
ALMONDZ,20110711,25.65,26.55,25.4,25.75,8636
ALOKTEXT,20110711,25.5,25.5,24.8,24.95,2077898
ALPA,20110711,9.55,10,9.35,9.75,1811
ALPHAGEO,20110711,106.5,109.95,102,103.8,10863
ALPSINDUS,20110711,3.5,3.5,3.35,3.45,22860
AMAR,20110711,99.75,99.9,96.6,97.2,119346
AMARAJABAT,20110711,234,238.9,231.1,233.4,43695
AMARJOTHI,20110711,63,63,63,63,450
AMBIKCO,20110711,194,195.95,189,190.05,1055
AMBUJACEM,20110711,126,126,123.1,124.1,3087075
AMDIND,20110711,17.8,17.8,17.55,17.55,800
AMLSTEEL,20110711,15.75,17,15.7,17,170
AMRUTANJAN,20110711,734.4,741.9,728.7,731.5,34413
AMTEKAUTO,20110711,164.5,169,164.5,168.05,169920
AMTEKINDIA,20110711,92.35,93.4,92,92.8,434511
ANANTRAJ,20110711,75.5,77.5,73.1,76.4,597753
ANDHRABANK,20110711,134.55,134.55,131.85,132.35,415727
ANDHRACEMT,20110711,11.6,11.6,9.55,10.7,194707
ANDHRSUGAR,20110711,98,98.95,97.65,97.75,3418
ANGIND,20110711,25,25,24,24.7,1655
ANIKINDS,20110711,37.6,38.55,37.5,38.55,2054
ANKURDRUGS,20110711,42,42,40.9,41.1,18978
ANSALAPI,20110711,43.2,44.55,42.7,43.5,74707
ANSALHSG,20110711,42.25,43.75,41.8,43.1,7327
ANTGRAPHIC,20110711,0.25,0.3,0.25,0.3,39392
APARINDS,20110711,233,233.05,230.2,232,8111
APCOTEXIND,20110711,180.15,182.95,180.15,181.5,382
APIL,20110711,530.55,534.9,525.6,530.05,81338
APOLLOHOSP,20110711,492.1,495.65,490,493.4,16049
APOLLOTYRE,20110711,78.9,79.8,78.1,79.15,991449
APPAPER,20110711,370,370.5,368.75,370.4,4705
APTECHT,20110711,95.25,114.3,95.25,114.1,5777309
AQUA,20110711,15.45,15.7,15.35,15.4,16028
ARCHIDPLY,20110711,13.8,13.8,13.8,13.8,200
ARCHIES,20110711,39.7,40.35,39.3,39.55,14017
AREVAT&D,20110711,252.05,254.9,248.4,248.8,51066
ARIES,20110711,104.45,107,104,105.5,3289
ARL,20110711,2.35,2.4,2.3,2.35,63402
AROGRANITE,20110711,42,42,42,42,1000
ARROWTEX,20110711,12,12,11.05,11.4,2172
ARSHIYA,20110711,150,151,142.25,149.9,8520
ARSSINFRA,20110711,445.85,451.9,436.6,440.25,179783
ARVIND,20110711,80.5,81.7,80,80.5,819468
ASAHIINDIA,20110711,83.45,83.95,81.2,81.65,7863
ASAL,20110711,69.05,72.1,69.05,69.75,6369
ASHAPURMIN,20110711,21.1,21.65,20.55,20.7,39051
ASHCONIUL,20110711,2.65,2.75,2.45,2.75,2053
ASHIANA,20110711,147,152.9,147,152.9,790
ASHOKA,20110711,275,280,271,277.35,2438
ASHOKLEY,20110711,53.5,53.5,51.25,51.55,1530145
ASIANELEC,20110711,10.05,10.65,9.85,10.5,107086
ASIANHOTNR,20110711,221.25,221.25,215.15,215.65,2265
ASIANPAINT,20110711,3158,3185,3141,3155.6,51182
ASIANTILES,20110711,43.2,43.4,43,43.2,403
ASIL,20110711,2.75,2.75,2.75,2.75,200
ASSAMCO,20110711,15.8,15.95,15.45,15.55,134436
ASTEC,20110711,44.55,44.55,41.25,41.85,9182
ASTERSILI,20110711,23,25.6,23,24.15,17100
ASTRAL,20110711,189.5,189.75,184,189.35,9908
ASTRAMICRO,20110711,29,29.55,28.35,28.7,29857
ASTRAZEN,20110711,1297.95,1297.95,1297.95,1297.95,4
ATFL,20110711,374,386,374,381.85,4651
ATLANTA,20110711,82.5,85.4,81.15,83.65,393126
ATLASCYCLE,20110711,269,274,269,270.85,21337
ATNINTER,20110711,1,1.2,1,1.2,8019
ATUL,20110711,191.4,192,185,189.2,28654
AURIONPRO,20110711,155,158.9,154.7,154.8,2005
AUROPHARMA,20110711,169.85,169.85,166,166.85,663984
AUSTRAL,20110711,2.75,2.75,2.7,2.7,288688
AUTOAXLES,20110711,412.65,425,412.65,421,142
AUTOIND,20110711,163.5,163.5,153.2,155.3,28881
AUTOLITIND,20110711,21.1,22.9,21.1,22.5,4560
AVANTI,20110711,31.9,33.1,31.9,33.1,150
AVENTIS,20110711,2142,2142,2005,2026.4,310
AVTNPL,20110711,256.7,268.7,256.7,261.2,13337
AXIS-IT&T,20110711,85.1,91.5,85.1,89.95,25830
AXISBANK,20110711,1306,1306,1260.05,1263.95,1286456
AXISGOLD,20110711,2210,2234,2205.5,2208.8,303
BAGFILMS,20110711,7.2,7.3,7,7.05,92734
BAJAJ-AUTO,20110711,1460.05,1463,1439.65,1452.1,243921
BAJAJCORP,20110711,116.25,118,115.3,116.6,8903
BAJAJELEC,20110711,258.25,263,256.05,258.2,44081
BAJAJFINSV,20110711,519.85,523.7,512,514.2,44833
BAJAJHIND,20110711,73.5,74.35,71.9,72.3,743999
BAJAJHLDNG,20110711,742.25,758.3,742.25,756.45,24289
BAJFINANCE,20110711,628,640,628,639.4,6944
BALAJITELE,20110711,33.1,34.15,32.6,32.9,83121
BALAMINES,20110711,41.25,42.45,41,41.35,8104
BALKRISIND,20110711,166,170.95,164.1,164.8,15936
BALLARPUR,20110711,33.1,33.1,32.6,32.75,41590
BALMLAWRIE,20110711,640.05,652.25,638,641.4,8943
BALPHARMA,20110711,27.85,27.95,27.3,27.55,694
BALRAMCHIN,20110711,63.8,65.1,63.15,63.45,739154
BANARISUG,20110711,601.35,607,595,605.95,81
BANCOINDIA,20110711,72.4,72.4,71.1,71.95,1840
BANG,20110711,34.35,34.8,33.8,34.15,1188
BANKBARODA,20110711,896.6,897.9,867,877.7,486511
BANKBEES,20110711,1149,1149,1124.4,1129.22,199
BANKINDIA,20110711,410,416.6,405.15,408.15,530517
BANSWRAS,20110711,127,127,127,127,100
BARTRONICS,20110711,62,64.15,62,62.7,107933
BASF,20110711,646.8,655,644.1,648.8,4855
BASML,20110711,86.5,88.95,83.5,84.65,531
BATAINDIA,20110711,628.2,636.65,624.1,630.25,1083131
BATLIBOI,20110711,20,22.8,20,22.5,737
BAYERCROP,20110711,889.5,895,885,893.1,1349
BBL,20110711,880.15,888,866,870.95,4227
BBTC,20110711,454.8,472,447.25,457.25,14558
BEARDSELL,20110711,47.5,49.9,47.5,49.9,130
BEDMUTHA,20110711,133.4,137.8,131.55,132.2,192492
BEL,20110711,1644.95,1698.45,1644.95,1672.75,23596
BELLCERATL,20110711,15.8,15.8,14.3,14.3,170
BEML,20110711,601,611.7,597.05,598.35,18018
BEPL,20110711,30,30,29.35,29.35,24353
BERGEPAINT,20110711,104.2,105.4,102.7,103.4,61397
BFINVEST,20110711,66.75,67.8,64.75,67.05,14797
BFUTILITIE,20110711,744.95,761.45,738.8,745.85,385156
BGRENERGY,20110711,467,472.7,461.2,464,213101
BHAGWATIHO,20110711,97.55,99.5,97.1,97.4,5816
BHAGYNAGAR,20110711,19,19.75,18.8,19.05,11984
BHARATFORG,20110711,327,331.95,324.75,327.75,126852
BHARATGEAR,20110711,58.55,60.9,58.55,59.45,3896
BHARATRAS,20110711,121,126.95,115,118.35,2648
BHARTIARTL,20110711,398.05,399.9,389.75,391.25,1702731
BHARTISHIP,20110711,134.85,134.85,130.5,131.2,78651
BHEL,20110711,1975,1980,1935,1961.95,463936
BHUSANSTL,20110711,441,442.5,428.25,431.95,210080
BIL,20110711,56.75,59.4,56.25,57.65,7907
BILENERGY,20110711,30.75,30.75,29.35,30.4,3085
BILPOWER,20110711,93,93.9,91.35,92.6,3525
BIMETAL,20110711,307,339,307,329.8,2687
BINANIIND,20110711,168,169.9,164.6,165.05,22503
BINDALAGRO,20110711,90,92,90,90.15,275942
BIOCON,20110711,358.75,361.95,351.25,358.1,234966
BIRLACORPN,20110711,340,342,337,339.95,1945
BIRLACOT,20110711,0.5,0.5,0.45,0.45,1903738
BIRLAERIC,20110711,15.35,15.7,15,15.7,1424
BIRLAMONEY,20110711,21.15,21.15,20.3,20.45,3482
BIRLAPOWER,20110711,0.8,0.85,0.8,0.8,2292913
BLBLIMITED,20110711,5.2,5.45,5.05,5.45,191772
BLISSGVS,20110711,23.25,23.45,22.3,22.6,64501
BLKASHYAP,20110711,19,19.6,19,19.25,65812
BLUECHIP,20110711,1.1,1.15,1.1,1.15,6904
BLUEDART,20110711,1577.95,1577.95,1500.1,1509.35,7308
BLUESTARCO,20110711,309.25,314.6,309,313,8727
BLUESTINFO,20110711,92.5,93.05,90.5,92.45,1208
BOC,20110711,294,295.8,288.15,288.95,4445
BOMDYEING,20110711,377.8,385.5,369,377.1,606630
BOSCHLTD,20110711,6982.05,7039.9,6982,7012.85,2382
BPCL,20110711,665,674.95,661.35,667.1,275578
BPL,20110711,25.35,25.4,23.6,24.25,25642
BRANDHOUSE,20110711,21.15,21.6,20.7,20.9,47712
BRFL,20110711,286,288.75,286,287.15,12718
BRIGADE,20110711,74.5,77.9,73.1,75.15,106767
BRITANNIA,20110711,477.2,482,474.6,477.1,13406
BROADCAST,20110711,10.05,10.5,10.05,10.45,750
BSELINFRA,20110711,5.1,5.2,5,5.05,29665
BSL,20110711,25,26.8,25,25.95,6514
BSLGOLDETF,20110711,2237.5,2258.8,2237.5,2256.35,1627
BSTRANSCOM,20110711,132.1,144.35,132.1,138.5,59006
BURNPUR,20110711,8,8,7.6,7.75,12222
BVCL,20110711,17.3,17.75,17.3,17.6,965
CADILAHC,20110711,945,945,933.15,941.35,8617
CAIRN,20110711,320.1,323.9,315.1,316.55,815098
CALSOFT,20110711,33.95,33.95,32.6,32.65,105
CAMLIN,20110711,72.25,73.3,72.25,72.8,72949
CANBK,20110711,534.8,534.8,512.1,513.4,497425
CANDC,20110711,110.5,113,107.55,109.65,10912
CANFINHOME,20110711,113,119.5,112,114.75,486920
CANTABIL,20110711,32.7,34.75,32.55,33.65,29479
CARBORUNIV,20110711,297,330,296,308.85,46910
CAROLINFO,20110711,173.25,175,173.25,175,215
CASTROL,20110711,559.75,571.9,551.15,557.5,118224
CCCL,20110711,33.7,34.35,33.3,33.95,19410
CCL,20110711,213.2,213.2,205.25,206.35,4179
CEATLTD,20110711,111,114.5,109.15,111.9,279432
CEBBCO,20110711,50.35,51.95,45,46,229164
CELEBRITY,20110711,9.3,9.85,9.2,9.35,3551
CELESTIAL,20110711,35.95,36.35,34.7,35.55,24272
CENTENKA,20110711,182,183.75,180.55,181.05,5852
CENTEXT,20110711,3.3,3.5,3.3,3.35,6606
CENTRALBK,20110711,129,129.5,125.15,126.2,436270
CENTUM,20110711,88,90.5,88,89.65,2360
CENTURYPLY,20110711,65.25,67,65.25,66.6,4850
CENTURYTEX,20110711,355,371.35,355,364.55,460025
CERA,20110711,214,219,208.05,213.7,4954
CESC,20110711,325,336.45,323.95,334.5,349313
CHAMBLFERT,20110711,81.9,81.9,80.5,81.1,822455
CHEMFALKAL,20110711,47.85,48.65,46.5,46.6,1013
CHEMPLAST,20110711,7,7,6.8,6.9,66682
CHENNPETRO,20110711,229.95,229.95,227,227.75,5431
CHESLINTEX,20110711,13.75,14.5,12.85,13.25,3054
CHETTINAD,20110711,444.55,445,444.55,444.65,100
CHOLAFIN,20110711,171.05,175,168.1,168.75,16733
CILNOVA,20110711,15.7,15.7,15.4,15.4,6530
CINEMAX,20110711,35.8,36.4,35.55,35.85,23009
CINEVISTA,20110711,3.4,3.8,3.4,3.6,3426
CIPLA,20110711,334.95,334.95,327.05,328.2,543641
CLASSIC,20110711,11.25,12,11.25,11.55,10040
CLNINDIA,20110711,781,785,760.55,770.4,15220
CMAHENDRA,20110711,238.05,240.2,229,236.45,10483
CMC,20110711,1195.1,1224.7,1121.25,1185.4,196928
COALINDIA,20110711,299,367,299,356.75,8003993
COLPAL,20110711,1010,1015,998,1004.3,21026
COMPUAGE,20110711,106.05,106.05,95,98.6,8328
CONCOR,20110711,1136,1152.85,1122.1,1131.65,1851
CONSOFINVT,20110711,70.9,70.9,66.4,69.25,1224
CORAL-HUB,20110711,6.3,6.55,6.25,6.45,9045
CORDSCABLE,20110711,39,40.85,38.55,39.75,13022
COREPROTEC,20110711,303.05,307.85,302.4,303.9,85710
COROMANDEL,20110711,343.8,349.65,340.15,345.7,53851
CORPBANK,20110711,519.15,521.5,514.05,515.6,21797
COSMOFILMS,20110711,102.7,102.7,100.1,100.8,12905
COX&KINGS,20110711,205.7,207,199.25,203.2,34842
CPIL,20110711,333,336.75,328.25,329.75,3955
CREATIVEYE,20110711,5.6,5.65,5.55,5.55,900
CRESTANI,20110711,51,51.85,50,51.1,32276
CREWBOS,20110711,91.55,92.75,91.15,91.4,16344
CRISIL,20110711,7275,7410,7266,7369.4,555
CROMPGREAV,20110711,253.85,254.75,244.25,245.9,1608428
CRONIMET,20110711,138,138,127.1,129.5,29884
CTE,20110711,9.55,9.95,9.35,9.5,5327
CUB,20110711,49,49.7,48.15,49.05,583029
CUMMINSIND,20110711,674.1,698,674.1,685.95,112761
CYBERMEDIA,20110711,20,20.6,19.95,20,5277
CYBERTECH,20110711,14,14.9,13.3,13.45,14092
DAAWAT,20110711,52.4,54.35,52.4,53.3,266813
DABUR,20110711,111.7,111.9,109.1,110.4,842012
DALMIABEL,20110711,158.45,163.95,158.45,162.35,86
DALMIASUG,20110711,18.5,19.8,17.8,18.5,81653
DATAMATICS,20110711,29.15,29.2,28.5,28.75,2932
DBCORP,20110711,233.85,233.85,229.5,230.8,5574
DBREALTY,20110711,83,84,75.5,80.2,2373627
DCB,20110711,62.75,63.8,61.8,62,3972961
DCHL,20110711,68.4,68.85,66.8,67.2,564753
DCM,20110711,90.45,93.9,89,91.8,247144
DCMSRMCONS,20110711,45,45.55,44.8,45,141306
DCW,20110711,11,11.1,10.85,10.9,52784
DECCANCE,20110711,147,153.9,146.1,146.1,319
DECOLIGHT,20110711,8.55,9.15,8.25,8.4,27893
DEEPAKFERT,20110711,163.9,165.95,162.7,165.2,77519
DEEPIND,20110711,73.65,75.5,72.55,73.7,29311
DELTACORP,20110711,103.05,108.25,102.75,106,7526819
DELTAMAGNT,20110711,48,53,48,51.35,185
DEN,20110711,86.9,86.9,82.25,83.2,49489
DENABANK,20110711,87.1,87.45,85.3,85.55,942349
DENORA,20110711,84.4,89.9,82.05,85,2307
DENSO,20110711,66.55,71.95,66.25,68.75,2082
DEWANHOUS,20110711,222,227.4,219.05,223.55,115215
DHAMPURSUG,20110711,60,60,59,59,60026
DHANBANK,20110711,114,114.7,111,111.95,283295
DHANUKA,20110711,91.05,92,87.4,89.55,69265
DHARSUGAR,20110711,33.05,34.35,32.85,34,6675
DIAPOWER,20110711,161.55,161.55,154,155.25,25164
DICIND,20110711,259.9,263.5,253,260.1,2270
DIGJAM,20110711,12.45,12.5,11.95,12.1,67187
DISHMAN,20110711,90,90.9,88.3,89.45,36635
DISHTV,20110711,85.9,90.35,85.9,89.9,3855665
DIVISLAB,20110711,815,821,802.05,814.55,197329
DLF,20110711,235.95,236,228.65,229.6,3451366
DLINKINDIA,20110711,27.55,27.55,26.7,27,8715
DOLPHINOFF,20110711,125,128,123.55,126.25,5617
DONEAR,20110711,23,23.95,23,23.5,445
DPSCLTD,20110711,2010,2024,2000,2006.5,59
DPTL,20110711,152,153.45,151.55,151.95,3311
DQE,20110711,40.7,40.7,39.1,39.7,30824
DREDGECORP,20110711,290.6,299.8,290.6,293.95,12489
DRREDDY,20110711,1551,1562,1532.1,1539.75,185783
DSKULKARNI,20110711,64.35,65.6,63,64.1,30641
DUNCANSIND,20110711,15.45,15.5,14.5,14.9,29027
DWARKESH,20110711,68,69.75,68,68.3,10538
DYNAMATECH,20110711,1497.55,1500,1482,1483.75,52
DYNASYS,20110711,0.65,0.75,0.65,0.75,318
EASTSILK,20110711,8.2,8.6,8.15,8.45,37309
EASUNREYRL,20110711,74.1,75,73.9,74.2,8810
ECEIND,20110711,113.05,114.85,111,112.05,2387
ECLERX,20110711,870,870,833.2,851.8,46535
EDELWEISS,20110711,33.25,33.25,32.6,32.85,63548
EDL,20110711,99.5,100.65,99,99.05,1697
EDSERV,20110711,133,134.45,129.3,129.8,80728
EDUCOMP,20110711,394,395.9,387.55,391.2,858321
EICHERMOT,20110711,1310.05,1310.05,1300,1302.8,1545
EIDPARRY,20110711,261,269.75,261,266,83995
EIHAHOTELS,20110711,139.5,139.5,136,137.75,298
EIHOTEL,20110711,85.5,85.95,84.45,85.55,41109
EIMCOELECO,20110711,226,236.9,225.25,229.1,480
EKC,20110711,89.75,90.2,88.35,88.75,87578
ELDERPHARM,20110711,402.3,404.95,382.7,388.15,71562
ELECON,20110711,74,76.25,72.55,75.85,206218
ELECTCAST,20110711,29.25,29.45,28.25,29.25,199071
ELECTHERM,20110711,183.25,187.3,176,177.25,7624
ELFORGE,20110711,11.4,11.4,10.5,10.8,799
ELGIEQUIP,20110711,81,81.85,79.55,81,133493
EMAMIINFRA,20110711,38.75,39.5,38,38.7,56210
EMAMILTD,20110711,502,504.8,496.05,500.55,9909
EMCO,20110711,52,52,50.5,50.55,20194
EMKAY,20110711,40.45,40.45,37.15,37.95,10760
EMMBI,20110711,12.1,13.9,11.5,13.3,10214
EMPEESUG,20110711,25.05,26,25.05,25.7,2417
ENERGYDEV,20110711,35,35.2,34.55,35,1288
ENGINERSIN,20110711,289.55,290,285,287.5,29508
ENIL,20110711,265.1,273.45,260,262.75,208397
ENTEGRA,20110711,22.8,23.7,22.8,23.05,916
ERAINFRA,20110711,169.6,169.8,169.05,169.25,246352
EROSMEDIA,20110711,187.4,190.9,186,186.9,133313
ESABINDIA,20110711,534.95,548.6,527.25,531.5,26517
ESCORTS,20110711,112.3,112.3,109,109.3,586858
ESL,20110711,8,8.55,8,8.3,71196
ESSAROIL,20110711,130,132.45,126.65,127.6,2423843
ESSARPORTS,20110711,99.8,101.75,95.55,99.6,30773
ESSDEE,20110711,378,378,366.55,370.05,6525
ESSELPACK,20110711,46,46.1,44.7,44.95,226988
ESTER,20110711,48.5,48.9,47.6,48.05,23445
EUROCERA,20110711,23.35,24.45,23.35,24.45,284
EUROMULTI,20110711,10.6,11.15,10.55,10.95,4521
EUROTEXIND,20110711,23,23.7,23,23.15,205
EVEREADY,20110711,41.25,42,41,41.1,93378
EVERESTIND,20110711,161.45,164.9,161,164.3,14816
EVERONN,20110711,540.05,543.6,528.4,535.3,152408
EVINIX,20110711,1,1,0.9,0.95,230081
EXCELCROP,20110711,167,170,166.2,166.55,4112
EXCELINDUS,20110711,84.2,85.95,84.2,84.45,1048
EXCELINFO,20110711,25.25,25.25,24.3,24.9,46526
EXIDEIND,20110711,168.95,169.9,165.6,167.7,486940
FACT,20110711,38.2,38.5,37.8,38,9248
FAGBEARING,20110711,1193,1196.95,1183,1190.75,305
FAME,20110711,49.55,49.55,48.1,48.15,1731
FARMAXIND,20110711,3.8,3.85,3.7,3.75,8994
FCH,20110711,141.4,146,140,140.7,54005
FCSSOFT,20110711,0.85,0.85,0.75,0.8,1717359
FDC,20110711,92.05,94.8,91.05,92.45,21367
FEDDERLOYD,20110711,73,75.25,73,74.4,17413
FEDERALBNK,20110711,460,460,451.5,454.6,187808
FIEMIND,20110711,152.9,152.95,151,152.05,420
FINANTECH,20110711,860.05,868.45,854.5,864.65,46904
FINCABLES,20110711,47.25,48.15,47.15,47.5,29826
FINPIPE,20110711,77.7,79.2,76.8,77.3,76601
FIRSTLEASE,20110711,94.1,97,93,93.55,83047
FIRSTWIN,20110711,18.75,20.15,18.65,19,13818
FKONCO,20110711,125.05,128.75,125.05,127.35,15841
FMGOETZE,20110711,274.1,277,268.2,270.8,2927
FORTIS,20110711,165.4,165.4,162.55,164.55,125917
FOSECOIND,20110711,540.1,547.85,540,540.1,56
FOURSOFT,20110711,13.5,13.5,13,13.1,19909
FSL,20110711,18.5,18.8,17.9,18,1573072
FTCSF5YDIV,20110711,10.7,10.7,10.7,10.7,500
FUTUREVENT,20110711,8.9,9.15,8.9,9.05,665459
GABRIEL,20110711,48.2,49.75,48.2,49.3,9585
GAEL,20110711,29.2,29.55,28.75,28.8,15678
GAIL,20110711,460.3,464.9,458,463.05,551842
GAL,20110711,12.35,12.65,12.2,12.4,41082
GALLANTT,20110711,15.5,16.55,15.5,16.1,18386
GALLISPAT,20110711,89.8,91.65,88.5,89.6,181946
GAMMNINFRA,20110711,14.25,15.25,14.25,14.75,93698
GAMMONIND,20110711,91.85,93.5,91.3,91.55,21489
GANDHITUBE,20110711,117.2,120,117.2,120,400
GANESHHOUC,20110711,139.5,140.2,132.95,134.9,29017
GANGOTRI,20110711,6.4,6.7,6.25,6.3,6789
GARDENSILK,20110711,95.45,95.45,93.3,93.5,4198
GARWALLROP,20110711,62.3,62.9,61.5,62.65,11464
GATI,20110711,65,71.9,65,69.85,1314541
GDL,20110711,122.5,124.7,121.7,123.45,10173
GEECEE,20110711,36.3,38,36.3,37,2081
GEINDSYS,20110711,169,171.5,168.6,169.55,7123
GEMINI,20110711,25.35,25.35,24,24.45,24795
GENESYS,20110711,285,288.9,265.1,270.5,46326
GENUSPOWER,20110711,18.85,18.85,18.25,18.5,90821
GEODESIC,20110711,70.15,70.4,68,68.1,243959
GEOJITBNPP,20110711,23.25,23.45,22.9,23.1,54894
GEOMETRIC,20110711,54,54,52.5,52.7,21106
GESHIP,20110711,273.6,275.45,269.05,271.85,151597
GHCL,20110711,39.5,39.9,39.15,39.25,15866
GICHSGFIN,20110711,120,120.5,118.25,118.7,301040
GILLANDERS,20110711,105.7,107.5,104.15,105.75,2309
GILLETTE,20110711,2141,2148.95,2120.05,2135.7,583
GINNIFILA,20110711,8.8,9.45,8.8,9.05,33070
GIPCL,20110711,78,78,76.55,76.7,7063
GISOLUTION,20110711,11,13.7,11,12.2,767
GITANJALI,20110711,303.85,309.4,302.5,308.65,1676172
GKB,20110711,40,43.7,39,43.05,7342
GKWLIMITED,20110711,470.25,495,470.25,493.2,75
GLAXO,20110711,2304.5,2334.75,2300,2329.4,18468
GLENMARK,20110711,311.4,314,302.7,306.5,409637
GLFL,20110711,3.2,3.7,3.2,3.45,573
GLOBALVECT,20110711,22.05,22.7,21.25,22.05,2171
GLOBOFFS,20110711,115.1,116.9,105,112.1,6072
GLOBUSSPR,20110711,140.35,146.95,140.35,143.8,46265
GLODYNE,20110711,320,328.95,313.35,316.7,38211
GMBREW,20110711,107.8,108.95,105.4,106.65,1821
GMDCLTD,20110711,157,158.9,156.1,156.9,155726
GMRINFRA,20110711,32.2,32.8,31.8,31.95,1605969
GNFC,20110711,95.1,98.9,95.1,97.5,26890
GOACARBON,20110711,88,88.95,86.7,88.7,6576
GODFRYPHLP,20110711,3000,3189,3000,3148.35,3241
GODREJCP,20110711,449.3,449.3,438,441.8,74863
GODREJIND,20110711,220,225.35,219.3,220.05,856868
GODREJPROP,20110711,772.55,820.1,762,813,99029
GOENKA,20110711,58.1,59,57.5,57.85,1907
GOKEX,20110711,99,100,96.6,98.8,1522
GOKUL,20110711,91.95,94.25,89.5,90.2,63495
GOLDBEES,20110711,2161,2174.7,2161,2167.85,45024
GOLDENTOBC,20110711,72.25,73,71.1,71.5,9017
GOLDIAM,20110711,39.95,39.95,35.6,35.6,237
GOLDINFRA,20110711,17.5,18.25,17.5,18.1,3437
GOLDSHARE,20110711,2160.15,2173.9,2152.05,2169.9,8721
GOLDTECH,20110711,7.65,7.65,7.3,7.45,6157
GPIL,20110711,165.05,167.8,163.6,164.8,23794
GPPL,20110711,66,69.5,66,66.2,269421
GRABALALK,20110711,27.95,28,26.95,27.8,1107
GRANULES,20110711,82.5,83.75,82.05,82.1,3809
GRAPHITE,20110711,91.5,91.5,88,89.9,275301
GRASIM,20110711,2160,2189.9,2130.35,2183.4,153001
GRAVITA,20110711,359.7,359.9,348.15,351.45,65945
GREAVESCOT,20110711,91.55,92.3,91,92,16071
GREENPLY,20110711,192.95,201.35,192,200.05,8503
GREENPOWER,20110711,17,17,16.5,16.55,182738
GRINDWELL,20110711,241.95,251,241.25,245.85,8005
GRUH,20110711,441.9,451.9,438.15,444.7,45501
GSFC,20110711,362,364.3,358,360.1,39989
GSKCONS,20110711,2415.4,2498.8,2415.4,2451.95,3061
GSLNOVA,20110711,3.4,3.45,3.4,3.45,4260
GSPL,20110711,97.25,100.35,97.1,98.55,2926048
GSSAMERICA,20110711,161.95,161.95,156.3,156.95,10677
GTL,20110711,91.4,94,88.1,89.95,5982710
GTLINFRA,20110711,15.65,15.95,15.3,15.35,3458772
GTNIND,20110711,14.4,15.3,14.4,15.1,1338
GTNTEX,20110711,14,17.85,12.5,14.85,5781
GTOFFSHORE,20110711,219.8,219.8,214.35,215.3,20367
GUJALKALI,20110711,149.55,153.25,147.9,148.7,90254
GUJAPOLLO,20110711,140,140.9,137.15,138.8,4324
GUJFLUORO,20110711,402,411.95,400,406.25,36179
GUJNRECOKE,20110711,45.25,45.4,44.25,44.4,623645
GUJNREDVR,20110711,25,25.35,24,24.9,21452
GUJRATGAS,20110711,410,414.95,400.2,404.25,24951
GUJSIDHCEM,20110711,9.6,9.75,9.4,9.45,72207
GULFOILCOR,20110711,91,92.3,86.2,90.65,101003
GVKPIL,20110711,19.6,19.8,19.4,19.55,2793238
HALONIX,20110711,75.5,77,75.5,77,1143
HANUNG,20110711,150.95,153.35,149.6,151.5,185571
HARRMALAYA,20110711,76.45,76.45,75,75.35,16209
HATHWAY,20110711,115.2,117.8,113.55,114.25,17177
HAVELLS,20110711,396.05,399,385.5,387.45,299540
HBLPOWER,20110711,18.8,18.8,17.6,17.7,28316
HBSTOCK,20110711,13,13.6,13,13.45,990
HCC,20110711,34.1,34.35,32.9,33.05,2242201
HCIL,20110711,44,47.2,43.45,46.5,782345
HCL-INSYS,20110711,91,91,89.4,89.95,58255
HCLTECH,20110711,504,507.4,491,493.2,355088
HDFC,20110711,712,715,703,709.1,1847895
HDFCBANK,20110711,2559,2564.1,2515.1,2524.35,397250
HDFCMFGETF,20110711,2196.8,2219.9,2196.8,2206,3012
HDIL,20110711,175.6,175.6,168,168.95,4161505
HEG,20110711,236,238,235,235.4,12272
HEIDELBERG,20110711,38.8,38.85,38,38.25,13097
HELIOSMATH,20110711,32.35,33,32.1,32.45,16829
HERCULES,20110711,265,274.8,265,272.15,47269
HERITGFOOD,20110711,190.3,191.5,185.75,185.9,4824
HEROHONDA,20110711,1891,1924.7,1882.15,1894,207101
HEXAWARE,20110711,76.5,76.75,73.4,73.8,704648
HFCL,20110711,16.55,16.75,16,16.2,1271579
HGSL,20110711,416,430,415,422.7,11797
HIKAL,20110711,296.9,296.9,292.4,295.7,132
HILTON,20110711,16.8,17,16.75,16.8,800
HIMATSEIDE,20110711,33.3,33.85,33.05,33.55,99958
HINDALCO,20110711,187,187,178.75,180.05,7237024
HINDCOMPOS,20110711,510,510,475,475.15,48
HINDCOPPER,20110711,265,265,255,261.3,32872
HINDDORROL,20110711,46.3,59.8,46.25,54.55,53021
HINDMOTORS,20110711,17.4,18.2,16.9,17.6,527483
HINDNATGLS,20110711,209.4,212.4,207.05,209.95,2960
HINDOILEXP,20110711,181.3,182.65,176.65,178.05,376134
HINDPETRO,20110711,392.45,400.3,391.1,397.15,726038
HINDUJAFO,20110711,82,95.4,80,86.85,106205
HINDUJAVEN,20110711,288,297.65,288,292.95,6271
HINDUNILVR,20110711,332,335.5,330.95,332,865852
HINDZINC,20110711,129.8,132.2,127.7,131.1,1239399
HIRECT,20110711,50.05,50.95,50,50.6,4866
HITACHIHOM,20110711,197,201.65,194.25,195.15,58421
HITECHGEAR,20110711,114.25,116.9,114.25,115.25,898
HITECHPLAS,20110711,97.5,97.5,93.65,94.8,512
HMT,20110711,60.4,61.05,59.3,59.6,74272
HMVL,20110711,135,140,135,136.15,486
HNGSNGBEES,20110711,1320,1343,1166.5,1296.35,778
HOCL,20110711,32.1,33.45,32.1,32.25,28241
HONAUT,20110711,2799,2896,2725,2779.7,2359
HONDAPOWER,20110711,402,409,396.55,398.85,1285
HOTELEELA,20110711,42.9,42.9,41.8,42.7,249638
HOVS,20110711,87,88.75,87,87.35,7865
HSIL,20110711,183.45,186,180,183.25,209364
HTMEDIA,20110711,163,164.35,158.1,159.45,5936
HYDRBADIND,20110711,387.75,408.7,387.75,398.9,20233
HYDROS&S,20110711,20.7,21.85,20.7,21.3,2297
IBN18,20110711,76.35,77.2,75.8,76.75,118641
IBPOW,20110711,18.6,19.5,17.3,17.4,178369
IBREALEST,20110711,116.5,118.15,114.45,115.6,1450204
IBSEC,20110711,13.65,13.65,13.3,13.35,199060
ICICIBANK,20110711,1060,1060,1046.45,1054,2161274
ICIL,20110711,11.8,12.65,11.6,12.65,1874
ICRA,20110711,1142,1204.8,1100,1151.9,26478
ICSA,20110711,102.7,103.9,100.3,100.85,44756
IDBI,20110711,134.9,137.85,132.2,134.05,1004649
IDEA,20110711,81.75,81.8,79.3,80,5058986
IDFC,20110711,134.7,135.5,131.65,132,4192731
IFBAGRO,20110711,77.5,80,77,77.8,4278
IFBIND,20110711,128,132.45,125.25,128.45,67495
IFCI,20110711,47.1,47.9,46.6,47.1,4996072
IFGLREFRAC,20110711,34.4,34.4,31.3,32.15,4813
IGARASHI,20110711,54,54,46.1,46.2,3857
IGL,20110711,390.95,395.55,388,392.45,183601
IGPL,20110711,25.2,25.35,23,24.85,3012
IL&FSENGG,20110711,145.15,145.15,142.45,143.05,3670
IL&FSTRANS,20110711,215.5,218,212.5,213.6,8390
IMPAL,20110711,674.95,674.95,655.15,670.85,196
IMPEXFERRO,20110711,10.2,10.2,9.4,9.4,450
INDBANK,20110711,11.05,11.05,10.4,10.45,22043
INDHOTEL,20110711,81,82.2,79.1,80,300740
INDIABULLS,20110711,166.3,169.45,165.15,167.35,140931
INDIACEM,20110711,74,74.4,72.4,72.7,765337
INDIAGLYCO,20110711,134.95,137.05,133,135.65,38891
INDIAINFO,20110711,87,88.35,84.5,85.1,605994
INDIANB,20110711,216.25,217.1,212.5,213.55,446461
INDIANCARD,20110711,102.1,114.4,102.1,107,69
INDIANHUME,20110711,139,139,128.1,132.35,838
INDLMETER,20110711,92,96.3,92,94.55,1571
INDNIPPON,20110711,268,268,247,250,41
INDOASIFU,20110711,84.8,84.8,79.3,79.7,340132
INDOCO,20110711,432,444,432,438.75,1604
INDORAMA,20110711,42,43.5,42,43,5962
INDOSOLAR,20110711,14.55,14.75,14.4,14.55,71786
INDOTECH,20110711,133.65,136.95,132.2,134.8,5452
INDOWIND,20110711,26.65,28.6,26,27.95,828579
INDRAMEDCO,20110711,36,36,35.25,35.45,197659
INDSWFTLAB,20110711,101.5,101.8,98.6,99.2,23797
INDSWFTLTD,20110711,31.9,31.9,30.7,30.85,8809
INDUSFILA,20110711,19.5,21,19.5,20.8,4574
INDUSINDBK,20110711,288.4,288.4,278.55,281.45,629456
INEABS,20110711,628,643.9,625.15,628.1,1743
INFINITE,20110711,134.95,134.95,127,127.8,15692
INFODRIVE,20110711,13.2,14.45,13.2,14.45,173
INFOMEDIA,20110711,14.65,15.45,14.65,15.1,37419
INFOTECENT,20110711,140.9,140.9,137.1,138.45,2769
INFRABEES,20110711,310,314.8,309.7,314.3,335
INFY,20110711,2953.9,2976.1,2888.55,2921.15,1150815
INGERRAND,20110711,481.25,485,481,484.3,3389
INGVYSYABK,20110711,329.9,333,320.1,330.45,28069
INNOIND,20110711,91.25,93.95,91.25,92.5,4506
INOXLEISUR,20110711,44.25,45.75,43.8,44,69749
INSECTICID,20110711,330.4,332.3,326,327.8,17008
IOB,20110711,143.3,143.7,141,142,144673
IOC,20110711,340.85,341.6,335.2,338.4,173588
IOLCP,20110711,36,36,34.5,35.2,963
IOLN,20110711,6.7,7.35,6.05,6.05,42257
IPCALAB,20110711,346,346,334.2,343.5,15607
IPGETF,20110711,2191.95,2231,2191.95,2220.3,361
IPRINGLTD,20110711,80.1,82.2,78,78,301
IRB,20110711,174.8,176.8,171.55,173.65,728503
ISFT,20110711,60.6,61.9,59.5,60.3,25159
ISMTLTD,20110711,41.9,42.35,41.05,41.2,37000
ISPATIND,20110711,19.8,19.8,19.4,19.45,1073787
ITC,20110711,200.85,203.8,200.5,202.6,4637514
ITDCEM,20110711,159.95,169,159.95,164.95,20243
ITI,20110711,31.95,32.3,31.55,31.65,100691
IVC,20110711,34,34.4,33.6,33.65,90795
IVP,20110711,49,49,45.15,48,529
IVRCLAH,20110711,47.1,49,47,47.35,57157
IVRCLINFRA,20110711,72.75,72.75,71.05,71.35,1280925
J&KBANK,20110711,823.25,850,823.25,847,57815
JAGRAN,20110711,120,121.75,118.9,119.65,44457
JAGSNPHARM,20110711,14.4,14.6,14.1,14.6,2851
JAIBALAJI,20110711,185.25,191.6,184.2,184.95,35738
JAICORPLTD,20110711,130.4,130.4,126.2,126.8,298517
JAINSTUDIO,20110711,10,10,9.4,9.45,1101
JAMNAAUTO,20110711,129,129.6,125.05,126.65,263
JAYAGROGN,20110711,81.05,84.2,81.05,82.85,2460
JAYBARMARU,20110711,84,84.2,81.95,82.25,3157
JAYNECOIND,20110711,21.6,22.05,21,21.15,31701
JAYSREETEA,20110711,175,177.45,171.5,173.15,42639
JBCHEPHARM,20110711,133.05,140.3,131,139.2,684165
JBFIND,20110711,160.45,164.95,157.6,162.35,62685
JCTEL,20110711,1.35,1.4,1.3,1.35,55285
JENSONICOL,20110711,4.75,5.15,4.7,4.85,29152
JETAIRWAYS,20110711,480.05,497.65,480,482.55,1041538
JHS,20110711,51.5,51.7,50,50.55,32477
JIKIND,20110711,7.75,8.05,7.55,7.6,3480
JINDALPHOT,20110711,166.05,170.25,164.75,165.65,109720
JINDALPOLY,20110711,296.6,296.6,290.5,292.95,138049
JINDALSAW,20110711,164.7,164.7,161.25,162,100163
JINDALSTEL,20110711,646,646.6,631.25,634.8,750200
JINDALSWHL,20110711,987,987,961.5,965.5,23970
JINDCOT,20110711,105,107.6,103.7,105.9,41933
JINDRILL,20110711,450.1,459.5,450.1,458,1860
JINDWORLD,20110711,182.75,185.5,179.1,179.7,7802
JISLJALEQS,20110711,175.25,183.85,174.9,181.45,921462
JKCEMENT,20110711,105.45,106.4,105.1,105.25,6285
JKIL,20110711,146.45,146.45,137,138,3512
JKLAKSHMI,20110711,43.15,43.95,42.9,43,34631
JKPAPER,20110711,48,48.6,47.4,47.55,34504
JKTYRE,20110711,102,105,101.5,103.9,151763
JMCPROJECT,20110711,167,167,160.25,161.3,3237
JMFINANCIL,20110711,22.85,23.1,22.65,22.75,195194
JMTAUTOLTD,20110711,70,70.1,70,70.1,100
JOCIL,20110711,252.5,252.5,246.5,249.4,278
JPASSOCIAT,20110711,79.2,79.95,77.65,78.1,6814407
JPINFRATEC,20110711,54.5,54.7,52.1,52.65,165112
JPPOWER,20110711,46.4,46.6,45.35,45.55,253219
JSL,20110711,106,107.85,104.1,105.1,94058
JSWENERGY,20110711,67.15,68.05,67.15,67.35,148108
JSWSTEEL,20110711,880,880,846.1,849.5,835920
JUBILANT,20110711,209.1,220,208.15,211.95,208750
JUBLFOOD,20110711,850,870.25,841,847.1,999957
JUBLINDS,20110711,178.3,187.8,178.3,186,23574
JUMBO,20110711,23.55,25.9,23.35,24.95,367211
JUNIORBEES,20110711,113,113.97,112.5,112.89,8251
JUPITER,20110711,20.9,20.9,20.4,20.55,141789
JVLAGRO,20110711,21.9,22.6,21,21.45,26510
JYOTHYLAB,20110711,212,220.3,212,216.1,10245
JYOTISTRUC,20110711,99.8,99.8,88.75,89.25,58936
KABRAEXTRU,20110711,54,55.45,54,54.5,15232
KAJARIACER,20110711,97,98.8,97,97.75,34077
KAKATCEM,20110711,70.45,71,69.85,71,514
KALECONSUL,20110711,87.95,89,84.1,86.2,25172
KALINDEE,20110711,107.5,107.5,105.8,106.4,53314
KALPATPOWR,20110711,131.9,131.9,128.35,130.75,13523
KAMATHOTEL,20110711,95,97.45,95,95.7,2527
KANDAGIRI,20110711,93.3,93.45,93.3,93.45,282
KANORICHEM,20110711,54,54.7,53.2,54.2,83971
KANSAINER,20110711,912,912,885.15,894.1,640
KARURKCP,20110711,35.25,38.8,33.15,36.6,2970
KARURVYSYA,20110711,420,428.5,418,423.7,57818
KAUSHALYA,20110711,9.5,9.8,9.45,9.7,4409
KAVVERITEL,20110711,163.8,168.95,161.15,161.95,184145
KBIL,20110711,620,694,620,653.85,5076
KCP,20110711,24.55,25.4,24.55,25.2,10582
KCPSUGIND,20110711,15.85,15.95,15.6,15.75,20431
KEC,20110711,79.8,81.4,78.5,79.85,650364
KECL,20110711,43.25,45.5,42.6,43.05,3454
KEI,20110711,22.15,23,21.75,22.1,108693
KEMROCK,20110711,511.8,513.4,507,508.25,25221
KERNEX,20110711,98,98,94.35,94.9,13651
KESARENT,20110711,51.5,51.5,50.35,51.2,648
KESORAMIND,20110711,165,166,161.7,162.55,17488
KFA,20110711,39.6,39.9,38.8,39,1040366
KGL,20110711,13.05,13.25,12.5,12.65,1080548
KHAITANELE,20110711,109.5,111.2,106.15,107.2,3200
KHAITANLTD,20110711,30.4,30.4,27.8,27.8,200
KHANDSE,20110711,17,17.9,17,17.9,102
KICL,20110711,685,710,685,704.85,120
KIL,20110711,18,18,17.5,17.9,203
KILITCH,20110711,61,72.7,61,72.4,86325
KINETICMOT,20110711,18.85,21.25,18.85,20.6,115402
KIRIINDUS,20110711,211,217.85,210.5,211.8,27973
KIRLOSBROS,20110711,161.2,164.85,157.05,159.6,13362
KIRLOSENG,20110711,129.4,130.7,125.2,128.45,6110
KIRLOSIND,20110711,295.45,300.15,290,298.35,233
KITPLYIND,20110711,3.85,4,3.8,3.8,6608
KKCL,20110711,700.5,700.5,667.1,697.65,1328
KLGSYSTEL,20110711,54.05,55,53.7,53.85,32634
KLRF,20110711,29.9,29.9,27.5,28.05,423
KMSUGAR,20110711,3.55,3.6,3.25,3.5,17232
KNRCON,20110711,130,132,126,127.05,3785
KOHINOOR,20110711,51.35,53.4,51.35,52,202681
KOLTEPATIL,20110711,48.65,49.8,48.2,48.5,24399
KOPRAN,20110711,22.2,22.2,21.3,21.35,21619
KOTAKBANK,20110711,480,484.4,477.55,482.5,574046
KOTAKGOLD,20110711,2174.7,2174.7,2160.05,2163.75,4386
KOTAKNIFTY,20110711,573,577,571,572.67,13947
KOTAKPSUBK,20110711,421,425,416,416,511
KOTARISUG,20110711,6.6,6.7,6.5,6.6,20600
KOTHARIPET,20110711,7.85,8,7.75,7.85,8600
KOTHARIPRO,20110711,456.25,460,452.55,458.75,977
KOUTONS,20110711,28.85,32.45,28.35,31.5,1529637
KPIT,20110711,181,185.25,178.05,182.05,340232
KPRMILL,20110711,119,125,118.85,119.65,2084
KRBL,20110711,31.7,33.1,31.7,32.65,2212384
KRISHNAENG,20110711,3.9,4.3,3.9,3.95,6890
KSBPUMPS,20110711,228.05,241,228.05,238.6,7145
KSCL,20110711,434.4,449.9,430.2,431.85,74718
KSE,20110711,220,228.95,220,221.35,1276
KSERASERA,20110711,11.05,11.35,11,11.2,795745
KSK,20110711,112.5,113.45,111.25,111.9,112174
KSL,20110711,75.2,76.5,75,75.65,25287
KSOILS,20110711,21.4,21.7,21.1,21.25,1666420
KTIL,20110711,84.75,84.75,80.1,80.1,225
KTKBANK,20110711,126,126.2,122.4,124.5,570545
KWALITY,20110711,138.45,143.8,138.45,143.1,590400
LAKPRE,20110711,45,55,45,54.4,44173
LAKSHMIEFL,20110711,39.8,39.8,37.1,37.25,100153
LAKSHMIMIL,20110711,1790,1790,1790,1790,10
LAKSHVILAS,20110711,120.95,120.95,118.55,119.45,47263
LANCOIN,20110711,37.35,38.1,37.35,37.7,10585
LAOPALA,20110711,79.15,84.9,79.15,81.3,5624
LAXMIMACH,20110711,2155,2160,2116,2126.45,1161
LCCINFOTEC,20110711,0.65,0.75,0.65,0.75,55601
LGBBROSLTD,20110711,283,284,276.5,282,13935
LGBFORGE,20110711,2.95,3,2.6,2.7,12733
LIBERTSHOE,20110711,101.85,103.6,100.9,101.25,79787
LICHSGFIN,20110711,216,222.15,210,220.2,5565675
LIQUIDBEES,20110711,1000.01,1000.01,999.99,1000,60471
LITL,20110711,24.7,24.95,24.25,24.4,7779079
LLOYDELENG,20110711,53.45,60.75,53.45,56.45,662239
LLOYDFIN,20110711,1.25,1.35,1.25,1.3,1351
LLOYDSTEEL,20110711,17.4,17.8,17.1,17.3,349176
LML,20110711,10.5,12.6,9.95,12.45,8702376
LOGIXMICRO,20110711,17.75,18.1,17.5,17.7,6301
LOKESHMACH,20110711,44,44.5,43.75,44.2,12344
LOTUSEYE,20110711,10.4,11.15,10.4,10.5,3972
LOVABLE,20110711,421.8,426.65,411.6,416.25,604851
LPDC,20110711,2.85,3,2.8,2.85,6515
LT,20110711,1829.9,1849.3,1822.6,1832.8,788910
LUMAXAUTO,20110711,39.05,40,39.05,39.95,335
LUMAXIND,20110711,333.6,341.45,325.05,329.85,1056
LUMAXTECH,20110711,173,175.95,173,173.6,2641
LUPIN,20110711,452.1,460.45,452.1,456.45,390200
LYKALABS,20110711,18.85,18.85,17.95,18.2,12662
M&M,20110711,717,734.8,712.3,726.75,1376552
M&MFIN,20110711,675,681.55,656.95,663.4,19052
M100,20110711,7.99,8,7.87,7.88,233853
M50,20110711,76,78.25,75.01,75.36,5830
MAANALU,20110711,59,59,59,59,9
MADHAV,20110711,17.25,17.75,17.15,17.25,1751
MADHUCON,20110711,89,89.65,86.15,86.9,6497
MADRASCEM,20110711,83,83,81.9,82.25,6424
MADRASFERT,20110711,26.85,26.85,26.1,26.25,53975
MAGMA,20110711,76.95,79.9,76.9,78.75,53345
MAGNUM,20110711,5.6,5.95,5.55,5.55,3027
MAHABANK,20110711,56,56.5,55,55.15,74438
MAHINDFORG,20110711,72.7,72.7,69.05,70.85,27644
MAHINDUGIN,20110711,49.15,50.7,48.8,49.2,6255
MAHLIFE,20110711,372.1,379,371.3,374.95,36958
MAHSCOOTER,20110711,363.9,364,354,357.8,301
MAHSEAMLES,20110711,375,375,373.05,374.9,3998
MAITHANALL,20110711,149,149,135.65,138.8,3054
MALUPAPER,20110711,14.2,14.2,13.3,13.7,773
MALWACOTT,20110711,33.4,35.95,33.4,34.15,1233
MANAKSIA,20110711,67.6,68.5,66.35,66.6,8060
MANALIPETC,20110711,14.25,14.6,14.25,14.4,129691
MANAPPURAM,20110711,57,57,56.1,56.9,1088143
MANDHANA,20110711,187.8,187.8,183.75,186.7,31485
MANGALAM,20110711,12.85,13.15,12.85,13.15,156
MANGCHEFER,20110711,31,31.4,30.55,30.75,95013
MANGLMCEM,20110711,108,111.95,108,110.65,24368
MANGTIMBER,20110711,16,18.9,16,16.5,1306
MANINDS,20110711,140.8,143.7,140.5,142,30538
MANINFRA,20110711,135.4,135.4,129.25,130.6,10302
MANJEERA,20110711,82.5,90,82.5,89.2,3520
MANJUSHREE,20110711,74,75.9,74,74,524
MANUGRAPH,20110711,49.6,51.45,49.6,50.7,1760
MARALOVER,20110711,12.55,13.45,12.55,13.3,9
MARG,20110711,93.55,94.9,92,93.45,43716
MARICO,20110711,164.5,167.95,160.25,166,361798
MARKSANS,20110711,3,3,2.85,2.9,144816
MARUTI,20110711,1175.2,1178,1155,1164.15,162944
MASTEK,20110711,120.9,123.65,119.5,121,77152
MAWANASUG,20110711,25,25.9,20.4,24.45,15627
MAX,20110711,180,183.05,177.9,178.45,235030
MAXWELL,20110711,19.6,20.2,19.35,19.5,16100
MBECL,20110711,148.45,148.45,139,140.7,24681
MBLINFRA,20110711,151.15,152.25,149.95,150.1,3576
MCDHOLDING,20110711,87,87.4,85.65,85.95,2747
MCDOWELL-N,20110711,1065,1083.9,1047.3,1067.6,190473
MCLEODRUSS,20110711,278.25,283.45,275,278,173260
MEGASOFT,20110711,22.8,23.05,22.5,22.6,4523
MEGH,20110711,12.5,13.5,12.4,13.3,429659
MELSTAR,20110711,7.2,8.1,7.2,8.1,668
MERCK,20110711,670,675,663.05,670,5491
MHRIL,20110711,366.05,376.95,365.95,374.1,11483
MIC,20110711,13,14.1,12.3,13.6,335817
MICROSEC,20110711,37.5,39.5,37.3,38.15,58428
MICROTECH,20110711,131,131.4,128.1,130.35,7745
MINDAIND,20110711,242.95,243,232.5,237.25,321
MINDTREE,20110711,372.75,374.05,364.2,367.15,21334
MIRCELECTR,20110711,24.05,24.5,24,24.4,28251
MIRZAINT,20110711,21.9,23.9,21.7,22.45,187120
MLL,20110711,40.05,40.05,38.7,38.85,832489
MMFL,20110711,109,113.4,109,112.25,758
MMFSL,20110711,91.5,96.1,88.1,96.1,124132
MMTC,20110711,924.95,930,912.1,916.4,21193
MOIL,20110711,358,358,343,347.4,86755
MONNETISPA,20110711,504,508.9,502,506.95,11540
MONSANTO,20110711,1752,1776.95,1745.1,1758.45,814
MORARJETEX,20110711,14.25,17.55,14.25,17.3,28988
MOREPENLAB,20110711,4.9,5.15,4.85,4.95,665561
MOSERBAER,20110711,39.8,39.8,38.2,38.5,220039
MOTHERSUMI,20110711,232,245,226,241.2,290807
MOTILALOFS,20110711,104.8,105,101.6,102.45,5720
MOTOGENFIN,20110711,46,47,46,46,2277
MPHASIS,20110711,463.9,463.9,454.05,455.6,41741
MPSLTD,20110711,39.1,43,38.6,40.5,4288
MRF,20110711,7232,7432,7232,7380,20662
MRO-TEK,20110711,15.3,15.95,15.3,15.65,4805
MRPL,20110711,81.8,82.45,80.3,80.55,642972
MSPL,20110711,47.6,48.5,45,48,30600
MTNL,20110711,44.8,44.8,43.6,43.75,98586
MUDRA,20110711,40.9,40.9,34,34,172362
MUKANDENGG,20110711,33.8,33.8,31.85,32.2,4685
MUKANDLTD,20110711,46,47.15,44.2,44.7,31049
MUKTAARTS,20110711,38.85,38.85,35.5,37,2110
MUNDRAPORT,20110711,156.5,158.5,155,157.1,437792
MUNJALAU,20110711,136,139.05,136,137.6,772
MUNJALSHOW,20110711,58.5,60.45,58.5,59.65,5709
MURLIIND,20110711,32.25,32.25,30.2,31.05,32447
MURUDCERA,20110711,17.75,18.35,17.75,18.2,1844
MUTHOOTFIN,20110711,166,168.5,162,162.75,136170
MVL,20110711,25.5,25.5,24.2,24.95,155422
MVLIND,20110711,15.15,17.7,15.15,16.45,1001
MYSOREBANK,20110711,640.05,643.7,633.1,639.85,516
N100,20110711,100.13,104.8,100.13,103.17,1117
NAGARFERT,20110711,34.15,34.95,34.15,34.55,492702
NAGREEKCAP,20110711,27.5,28.1,27.5,28.1,4883
NAGREEKEXP,20110711,21.1,22.25,21.1,22,1202
NAHARCAP,20110711,62,63.45,61.5,61.6,430
NAHARINDUS,20110711,54,54,52.4,53.55,791
NAHARPOLY,20110711,28.1,28.5,27.75,27.85,2426
NAHARSPING,20110711,79.3,81.35,79.3,80.9,8745
NANDAN,20110711,2.65,2.7,2.6,2.6,34387
NATCOPHARM,20110711,273,275.05,272,273,13434
NATIONALUM,20110711,84.05,84.2,82.5,82.7,90716
NATNLSTEEL,20110711,18.05,18.85,18.05,18.65,18046
NAUKRI,20110711,720,720,706.6,713.4,1058
NAVINFLUOR,20110711,299,303,296,296.95,6701
NAVNETPUBL,20110711,65.9,66.5,64.15,64.7,196605
NBVENTURES,20110711,227,236.6,224.6,232.3,15791
NCC,20110711,83.5,84.5,82.1,83.95,380383
NCLIND,20110711,35.35,35.6,35.15,35.6,3853
NDTV,20110711,68.9,69.6,67.1,67.2,44151
NECLIFE,20110711,25.05,25.4,24.9,24.95,184111
NEHAINT,20110711,187.95,191.5,182.55,186.3,33700
NELCAST,20110711,100.05,101.45,100.05,100.2,1500
NELCO,20110711,75.05,75.9,74.5,74.65,33944
NEOCURE,20110711,3.45,3.5,3.25,3.25,17050
NEPCMICON,20110711,4.15,4.4,4.15,4.25,12932
NESCO,20110711,660,715.95,658.5,699.25,1650413
NESTLEIND,20110711,4260,4344,4260,4309.15,25135
NET4,20110711,119,119,114.55,115.55,22061
NETWORK18,20110711,126.1,128.95,126.1,126.65,61809
NEULANDLAB,20110711,114.7,114.7,108.25,109.6,1282
NEXTMEDIA,20110711,5.85,6.35,5.85,5.95,14826
NEYVELILIG,20110711,100.55,101.55,99.45,100.05,101144
NFL,20110711,93.65,94.1,92.5,92.75,44739
NHPC,20110711,24.55,24.9,24.55,24.8,2766845
NIFTYBEES,20110711,574,574,569.26,570.39,26831
NIITLTD,20110711,55.15,57.4,54.5,55.45,831612
NIITTECH,20110711,183,187.8,182.5,184.15,232738
NILKAMAL,20110711,280.4,286.95,280.35,284.55,14871
NIPPOBATRY,20110711,476.25,489,476.25,481.55,1902
NISSAN,20110711,2.6,2.7,2.6,2.6,38646
NITCO,20110711,58.15,61,58,59.9,6929
NITESHEST,20110711,23.2,24,23.15,23.35,25195
NITINFIRE,20110711,102.45,107.4,93.95,105.1,1031675
NITINSPIN,20110711,8.6,9.55,8.6,9.05,21439
NMDC,20110711,256,259.7,255.15,256.55,39944
NOCIL,20110711,17.2,18.2,17.2,17.8,291935
NOIDATOLL,20110711,26.3,26.8,25.8,26.35,194211
NOL,20110711,55.65,55.65,52,52,11
NORBTEAEXP,20110711,6.85,6.85,6.75,6.75,356
NORTHGATE,20110711,11.75,12,11.65,11.85,14258
NOVOPANIND,20110711,42.5,43,41.7,42,677
NRBBEARING,20110711,51.3,53.6,51.3,52.95,26482
NRC,20110711,5.4,5.75,5.4,5.7,1314
NSIL,20110711,750.1,785,750.1,761.35,103
NTPC,20110711,190,192,187.55,189.15,1652776
NUCHEM,20110711,4.55,4.65,4.4,4.45,7947
NUCLEUS,20110711,84.2,84.85,82.45,82.9,7940
NUMERICPW,20110711,227.95,227.95,218,218.35,5525
NUTEK,20110711,5.2,5.25,4.75,4.85,1529551
OBEROIRLTY,20110711,245.3,254,237,237.8,8448
OCL,20110711,101.1,102.55,98.25,99.85,8032
OFSS,20110711,2284.65,2325,2269,2301.65,34614
OIL,20110711,1269,1284.9,1268.1,1270.95,61088
OILCOUNTUB,20110711,70.15,70.7,70,70.15,7150
OISL,20110711,42.8,42.8,38.8,38.95,2580
OMAXAUTO,20110711,44,44,43.05,43.25,2432
OMAXE,20110711,139.5,139.8,137.85,139.25,40002
OMKARCHEM,20110711,70,71.5,70,70.75,9514
OMMETALS,20110711,35.05,35.8,34.75,35.65,507
OMNITECH,20110711,149.85,150.45,146,147.55,4988
ONGC,20110711,277,282,275.2,281,3148469
ONMOBILE,20110711,107.05,107.05,99.8,102.15,2034932
ONWARDTEC,20110711,37.5,37.5,35.6,36.3,904
OPTOCIRCUI,20110711,290.45,291,285.1,286.2,218167
ORBITCORP,20110711,45.5,45.5,43.25,43.5,646678
ORCHIDCHEM,20110711,248,252.8,235.1,249.3,7353854
ORIENTABRA,20110711,30.5,32.25,30.5,31.65,30784
ORIENTALTL,20110711,8.7,8.7,8.7,8.7,402
ORIENTBANK,20110711,330.55,331.85,326.2,329.65,263909
ORIENTCERA,20110711,56.15,56.15,53.3,53.7,152
ORIENTHOT,20110711,32,32,30.15,30.65,8869
ORIENTLTD,20110711,85.2,90,84.25,84.25,825
ORIENTPPR,20110711,55.55,56.5,54.55,54.8,38127
ORISSAMINE,20110711,60200,61380,59305,59729.25,1348
OUDHSUG,20110711,30.3,30.95,29.6,30.8,6636
PAEL,20110711,30,31.7,29.55,29.85,17423
PAGEIND,20110711,1910.1,1930,1890,1893.35,1114
PANACEABIO,20110711,163.2,164.2,162.5,163.3,3804
PANASONIC,20110711,98.35,115.1,98.35,112.75,717
PANCARBON,20110711,162,164,158.4,159.45,2202
PANORAMUNI,20110711,14.5,14.75,14.5,14.5,2610
PANTALOONR,20110711,327,327,315.2,319.15,501556
PAPERPROD,20110711,76,76,74.1,74.45,29639
PARABDRUGS,20110711,40,40.85,39.9,40.1,9245
PARACABLES,20110711,3.75,3.9,3.75,3.75,11760
PARAL,20110711,276.15,282,271.1,273.1,8251
PARAPRINT,20110711,21.55,22.6,21.3,22.3,360126
PARASPETRO,20110711,0.55,0.55,0.55,0.55,12012
PAREKHPLAT,20110711,4.5,5.3,3.7,4.7,46896
PARSVNATH,20110711,48.9,48.9,47.8,48.2,626435
PATELENG,20110711,155,155.75,149.05,150.05,405340
PATINTLOG,20110711,30.5,31.1,30.15,30.5,1130
PATNI,20110711,342.05,344.15,335.95,336.75,55115
PATSPINLTD,20110711,16,17.25,16,16.8,3861
PBAINFRA,20110711,64,64.95,63.55,63.75,4450
PDPL,20110711,117.9,118,111,113.1,7656
PDUMJEIND,20110711,20.05,20.8,20,20.8,9723
PDUMJEPULP,20110711,20.25,20.5,19.2,20.2,19927
PEACOCKIND,20110711,3.1,3.15,3,3.15,2730
PENIND,20110711,40.05,40.8,39.8,40.7,10372
PENINLAND,20110711,54.5,54.5,53,53.1,11587
PEPL,20110711,3.2,3.25,3.2,3.2,1252
PERIATEA,20110711,167,173,167,172.95,22
PERSISTENT,20110711,372.85,374.15,367,368.75,11014
PETRONENGG,20110711,351.25,360.5,351.25,354.25,6267
PETRONET,20110711,142.7,143.9,141.3,143.1,682462
PFC,20110711,191.15,198.5,191.15,194.05,1225123
PFIZER,20110711,1469.9,1469.9,1433.55,1449.35,1243
PFOCUS,20110711,66,66.45,63.3,63.9,334412
PFS,20110711,17.6,17.75,17.35,17.65,91542
PGHH,20110711,2030,2100,1975.15,1991.65,620
PHILIPCARB,20110711,145,145.75,140,142.65,8091
PHOENIXLTD,20110711,215.25,235,210,216.95,76615
PIDILITIND,20110711,170,172.25,169.1,170.25,243086
PIIND,20110711,799.75,799.75,765,765,62
PIONDIST,20110711,54.35,54.35,51,51.4,268
PIONEEREMB,20110711,18.1,18.1,17.9,17.9,550
PIPAVAVYD,20110711,76.45,77.2,76.2,76.5,298992
PIRGLASS,20110711,131,137,131,135.05,14956
PIRHEALTH,20110711,398.9,400.8,389.95,397.5,110201
PIRLIFE,20110711,93.95,93.95,90.55,90.8,2491
PITTILAM,20110711,44.45,44.45,38.35,40.6,10726
PLASTIBLEN,20110711,211.45,211.45,202,203.25,624
PLETHICO,20110711,347.25,350,347.25,349.25,89791
PNB,20110711,1148,1149.5,1125.2,1128.75,110816
PNBGILTS,20110711,24.1,26.35,24.1,26.05,523223
PNC,20110711,18,18,16.55,17,3023
POCHIRAJU,20110711,15.6,16.25,15.5,16.15,2527
POLARIND,20110711,7.2,7.2,6.9,6.9,9339
POLARIS,20110711,185,186.1,176.4,177.15,747730
POLYPLEX,20110711,201.4,201.4,194,194.5,44448
PONDYOXIDE,20110711,32.95,32.95,30.5,30.95,3735
PONNIERODE,20110711,92.95,93,91.5,91.85,1168
POWERGRID,20110711,108.55,108.8,106.3,108,1602517
PPAP,20110711,106.3,107.25,106,106.35,7891
PRADIP,20110711,89,92.6,87.4,91.85,37286
PRAENG,20110711,10.5,11.2,10.5,11,21560
PRAJIND,20110711,76.1,77.5,75.1,76.85,303161
PRAKASH,20110711,68.5,68.65,65.85,68.4,126863
PRAKASHSTL,20110711,143,145.05,141.3,142.65,1676
PRATIBHA,20110711,54,54,53.05,53.15,35184
PRECOT,20110711,142,147,138.1,140.15,352
PRECWIRE,20110711,125,128,125,125.65,321
PREMIER,20110711,93.6,96.65,90.65,90.8,5398
PRESTIGE,20110711,122.05,125.8,120.95,123.25,56765
PRETAILDVR,20110711,172,180.05,172,178.25,51478
PRICOL,20110711,20.8,20.8,19.9,19.95,10906
PRIMESECU,20110711,23.05,23.6,23,23.1,998
PRISMCEM,20110711,45.4,45.55,44.75,45,44689
PRITHVI,20110711,29.55,29.7,28.75,29.2,8805
PRITHVISOF,20110711,14.1,14.1,14.1,14.1,10
PROVOGUE,20110711,37.25,37.6,36.7,36.8,330220
PSB,20110711,99.55,100.8,98.8,98.9,53026
PSL,20110711,71.5,71.5,70,70.1,87991
PSUBNKBEES,20110711,404.5,410.3,401.01,401.01,579
PTC,20110711,79.45,79.85,78.5,78.8,278393
PTL,20110711,27,28.95,26.65,28.25,3193
PUNJABCHEM,20110711,89,89.5,86.9,87.5,273
PUNJLLOYD,20110711,77.5,78.8,75.8,76.15,5155767
PURVA,20110711,92.1,92.45,89,89.55,12767
PVP,20110711,9,9.25,8.95,9,28319
PVR,20110711,106.45,112.45,106.4,108.65,1228155
QGOLDHALF,20110711,1070.15,1090,1066.8,1076.5,331
QNIFTY,20110711,626,626,566.05,566.05,81
QUINTEGRA,20110711,3.75,3.95,3.7,3.95,10181
RADAAN,20110711,2.35,2.5,2.35,2.4,6905
RADICO,20110711,129.15,132.5,128.2,128.65,34248
RAINBOWPAP,20110711,61.95,61.95,60.2,60.4,61175
RAINCOM,20110711,42.4,42.4,35.15,35.9,124020
RAJESHEXPO,20110711,105.6,105.6,101.6,101.95,121107
RAJOIL,20110711,32.8,33,32.05,32.1,23232
RAJPALAYAM,20110711,625,649.2,620.05,632.05,5057
RAJRAYON,20110711,11.4,11.55,11.4,11.5,401
RAJSREESUG,20110711,49.5,49.5,47.65,48.05,6923
RAJTV,20110711,51.5,52,50.5,50.85,9822
RAJVIR,20110711,153.55,158.1,153.55,154,175
RALLIS,20110711,1546.9,1557,1501.05,1509,11312
RAMANEWS,20110711,15.15,15.5,15.15,15.35,4405
RAMCOIND,20110711,40.8,40.8,40.1,40.75,24131
RAMCOSYS,20110711,94.65,94.65,91.55,92.4,2345
RAMKY,20110711,275.55,282.9,271,279.4,22535
RAMSARUP,20110711,16.45,16.45,15.6,15.8,13568
RANASUG,20110711,5.5,5.75,5.5,5.6,175617
RANBAXY,20110711,555.1,562.9,548.9,550.9,1010625
RANEENGINE,20110711,230,230,230,230,1
RANEHOLDIN,20110711,243.1,248.25,243.1,245,277
RANKLIN,20110711,14.95,15.1,14.3,15.1,10525
RATNAMANI,20110711,115,115.9,111.15,112.3,1932
RAYMOND,20110711,386.25,401,384.1,392.95,1301162
RBL,20110711,118,118.15,115,116.9,90
RBN,20110711,83.1,84.85,79,79.8,100500
RCF,20110711,77.1,77.85,76.75,77.1,218807
RCOM,20110711,97.9,99.9,96.85,98.45,4523096
RECLTD,20110711,205.9,207.7,202.15,203.8,1022294
REDINGTON,20110711,88,89.6,87.5,88.6,143441
REFEX,20110711,23.45,23.6,22.5,23.6,30706
REIAGROLTD,20110711,29.9,29.95,29.1,29.5,1055611
REISIXTEN,20110711,33.3,33.3,32,32.35,2741
RELAXO,20110711,281.1,284.95,274.4,276,211
RELBANK,20110711,1061,1061,1021.3,1041.12,90
RELCAPITAL,20110711,585.1,592.8,582,585.1,612804
RELGOLD,20110711,2114.8,2114.8,2093.65,2103.5,4908
RELGRNIFTY,20110711,550.01,559,550.01,550.66,196
RELIANCE,20110711,854,859.95,847,853.3,2194126
RELIGARE,20110711,454,461,454,459.1,2159
RELIGAREGO,20110711,2202.15,2221.05,2202.15,2219.2,491
RELINFRA,20110711,584,588.55,577.15,581.15,738079
RELMEDIA,20110711,129.15,130.9,126,127.95,476229
RENUKA,20110711,74.5,75.6,73.4,74.5,4493551
REPRO,20110711,135.2,138.1,135,135.7,31834
RESPONIND,20110711,96.5,96.9,96,96.7,9138
RESURGERE,20110711,0.5,0.5,0.45,0.5,3519766
REVATHI,20110711,398,399.5,396,397.8,98
RICOAUTO,20110711,15.45,15.45,14.95,15.15,50171
RIIL,20110711,543.05,552,538,541.7,102630
RKDL,20110711,22.25,22.95,22.25,22.8,80343
RKFORGE,20110711,116.1,122,116,120,1423
RMCL,20110711,7.1,7.25,7.1,7.15,2054
RML,20110711,139.95,140,138.75,139.1,634
ROHITFERRO,20110711,34.9,35.35,34.5,35,34971
ROHLTD,20110711,66.75,67.45,64.6,65.1,14574
ROLTA,20110711,130,131,128.05,128.6,271964
ROMAN,20110711,24.05,24.4,23.8,24,1448
RPGLIFE,20110711,81,83,81,82.75,485
RPOWER,20110711,118,119.6,116.1,118.2,2128981
RPPINFRA,20110711,81.45,82.9,79.25,79.95,41622
RSSOFTWARE,20110711,63,63,60.5,62.3,17886
RSWM,20110711,136.45,138.3,136,136.15,15279
RSYSTEMS,20110711,108.3,108.8,106.85,108.5,972
RUBYMILLS,20110711,702.3,765,702,730.55,568
RUCHINFRA,20110711,19.8,20.3,19.8,20.05,5888
RUCHIRA,20110711,9.55,10.55,9.55,10.55,205
RUCHISOYA,20110711,97.4,98.5,96.4,96.75,58743
RUSHIL,20110711,115,144.75,115,144.6,17110651
SABTN,20110711,51,53.4,50.7,52.55,7395
SADBHAV,20110711,137,145,137,142,9503
SAGCEM,20110711,137.9,138.95,136.25,136.3,91
SAHPETRO,20110711,36.05,36.9,34.65,35.2,3575
SAIL,20110711,136.2,136.7,131.3,131.95,4305652
SAKHTISUG,20110711,36.1,36.8,35.7,36.05,67118
SAKSOFT,20110711,63.45,63.45,62.1,62.25,730
SALORAINTL,20110711,30.3,30.3,30.3,30.3,89
SALSTEEL,20110711,7,7,6.85,6.9,13285
SAMBANDAM,20110711,80,96,80,94.95,945
SANDESH,20110711,275.85,276,270.1,270.6,169
SANGAMIND,20110711,39,40,39,39.75,4296
SANGHIIND,20110711,17.6,18.9,17.6,18.4,6954
SANGHIPOLY,20110711,1.7,1.7,1.65,1.65,4003
SANGHVIFOR,20110711,41.4,41.4,38.9,39.45,30223
SANGHVIMOV,20110711,122.55,125,120.05,124.45,6412
SANWARIA,20110711,29.05,30.4,28,28,72496
SARDAEN,20110711,215.5,219.8,214.1,214.65,6642
SAREGAMA,20110711,66.65,68.8,66,66.25,13785
SASKEN,20110711,137.4,143.35,137.4,138.95,132374
SATHAISPAT,20110711,49,51.5,48.2,51.25,21536
SATYAMCOMP,20110711,88.8,90.35,88.15,88.55,3737726
SAVERA,20110711,37.95,38.95,37.5,38.95,156
SBBJ,20110711,498,499.9,490,491.6,3391
SBIGETS,20110711,2183.95,2204.95,2183.95,2195.45,4738
SBIN,20110711,2469.8,2469.8,2421,2435.1,1210203
SBT,20110711,716,721.8,705.25,709.6,3093
SCI,20110711,106,107.3,105,105.45,187923
SEAMECLTD,20110711,94,95.2,93,93.6,24657
SEINVEST,20110711,15.7,16,15.05,15.65,260527
SELAN,20110711,325.1,335,321,324.1,49976
SELMCL,20110711,17.3,17.5,17.05,17.15,237182
SENTINEL,20110711,14.05,15.8,14.05,15.65,5511
SERVALL,20110711,8.2,8.5,8,8.3,47156
SESAGOA,20110711,279.05,285.4,277.5,283.15,1812519
SESHAPAPER,20110711,238.5,241.95,237.2,238.25,199
SGJHL,20110711,261.9,269.7,258.5,263.7,206748
SGL,20110711,4.75,4.75,4.25,4.55,149
SHAHALLOYS,20110711,12.75,12.85,12.75,12.8,389
SHANTIGEAR,20110711,45.9,46.6,44.8,44.9,406038
SHARIABEES,20110711,124.6,124.6,124,124,150
SHARRESLTD,20110711,49.65,49.65,45.3,48,237
SHASUNPHAR,20110711,75,75.65,68.1,74.75,12499
SHILPAMED,20110711,270,270,260.15,269.25,323
SHILPI,20110711,17.1,17.35,16.8,16.9,28550
SHIV-VANI,20110711,220,223.85,220,220.35,8426
SHIVAMAUTO,20110711,118,120,110.55,111,947
SHIVTEX,20110711,31,31,29.1,30.1,7319
SHLAKSHMI,20110711,83.9,87.3,80.4,85.45,45601
SHOPERSTOP,20110711,482.5,482.5,463.6,475,433030
SHPRE,20110711,6.1,6.35,6,6,2934
SHREEASHTA,20110711,4.95,5,4.9,4.95,1867865
SHREECEM,20110711,1750,1779.5,1732,1757.35,679
SHREERAMA,20110711,5.45,5.7,5.45,5.55,2204
SHRENUJ,20110711,55.95,56.05,55.55,56,2260
SHREYAS,20110711,29.65,31.4,29.65,31,2963
SHRIRAMCIT,20110711,558.95,558.95,548,550,420
SHRIRAMEPC,20110711,155.1,158,155,156.7,4790
SHYAMTEL,20110711,41,41.7,40.55,40.7,1574
SICAGEN,20110711,24.5,24.8,24.25,24.65,7556
SICAL,20110711,72.1,76.3,72.1,75.55,148937
SIEMENS,20110711,917,930,912.6,919,187848
SILINV,20110711,93.95,94,88.5,89.65,2306
SIMBHSUGAR,20110711,40.1,41.9,39.5,41.1,35737
SIMPLEX,20110711,103,106.75,102.4,104.6,2197
SIMPLEXINF,20110711,273.6,288.45,273,282.4,3797
SINTEX,20110711,185.7,186.7,176.2,178.65,1951322
SIRPAPER,20110711,53.85,58,53.85,55.1,4056
SITASHREE,20110711,6.35,6.35,6.1,6.15,3158
SIYSIL,20110711,382,382,364,367.4,10594
SJVN,20110711,21.2,22,21.2,21.75,271354
SKFINDIA,20110711,653,678.75,650,671.4,28140
SKMEGGPROD,20110711,9,9.05,8.9,8.9,1651
SKSMICRO,20110711,510.1,543.65,500,543.65,601732
SKUMARSYNF,20110711,54.65,55.3,53.7,54.15,1197839
SMARTLINK,20110711,49.95,50.4,48.35,48.6,58110
SMLISUZU,20110711,397,402.8,394.95,396.75,821
SMPL,20110711,9.8,9.95,9.6,9.8,54619
SMSPHARMA,20110711,196,200,196,196.3,5028
SOBHA,20110711,285.85,286,276.1,277.75,62129
SOFTTECHGR,20110711,5.05,5.05,5.05,5.05,3
SOLARINDS,20110711,637,643.55,630,643.55,326
SOMANYCERA,20110711,40.4,44.15,40.4,43.8,10178
SOMATEX,20110711,7.6,7.6,7.55,7.55,166
SONASTEER,20110711,16.55,16.55,16.1,16.15,41562
SONATSOFTW,20110711,42.7,43.25,41.5,41.7,143136
SOTL,20110711,565,607.95,565,595.1,7048
SOUISPAT,20110711,8.4,8.4,8.1,8.15,51533
SOUTHBANK,20110711,24,24.35,23.85,24.2,2108594
SPANCO,20110711,145.9,145.9,137.5,138.25,8047
SPARC,20110711,96.05,100.95,95.6,97.1,486253
SPECTACLE,20110711,18,18,16.5,16.5,50702
SPENTEX,20110711,14,14.5,13.95,14.3,11799
SPIC,20110711,33.15,33.85,32.35,32.55,1477509
SPICEMOBIL,20110711,110.3,115.35,109.25,110.05,26861
SPLIL,20110711,3.9,3.9,3.4,3.8,15743
SPMLINFRA,20110711,183,189.45,176.25,178.15,11098
SPYL,20110711,29,31.4,29,31.15,6080
SREINFRA,20110711,42.6,43.7,42.55,43.15,502268
SRF,20110711,312.2,312.2,305.15,309.2,14450
SRGINFOTEC,20110711,0.55,0.6,0.55,0.55,4869
SRHHLINDST,20110711,3.8,3.8,3.8,3.8,100
SRICHAMUND,20110711,42.5,42.5,41,41,507
SRTRANSFIN,20110711,650,673.65,648.35,656.85,305186
SSWL,20110711,282,288,276.2,280.55,24209
STAR,20110711,360,360,348.7,352.3,67431
STARPAPER,20110711,23.3,23.65,22.1,22.35,1007
STCINDIA,20110711,212,212,209,210.05,37219
STER,20110711,163,165,162.1,163.65,2482212
STERLINBIO,20110711,89,89.5,87.15,88.05,258106
STERTOOLS,20110711,116.05,120.45,116,119.65,1615
STRTECH,20110711,55,55.6,53.1,53.35,329222
SUBEX,20110711,57.6,58.8,57.25,58,507902
SUDAR,20110711,105.65,106.7,103.65,104.4,20117
SUDARSCHEM,20110711,755.05,755.05,755.05,755.05,11
SUJANATOW,20110711,31.8,32.7,31,31.2,329878
SUJANAUNI,20110711,5.7,5.8,5.5,5.6,18939
SUMEETINDS,20110711,38.6,39.9,37.6,39.7,279039
SUMMITSEC,20110711,84.05,88.5,83.55,83.8,2207
SUNCLAYTON,20110711,148.5,150,148.35,148.5,850
SUNDARAM,20110711,43.5,43.5,42.8,43.05,220942
SUNDARMFIN,20110711,539,559,539,553.5,5151
SUNDRMBRAK,20110711,168,174,160.25,171.9,2412
SUNDRMFAST,20110711,64,64.45,62.6,64,23597
SUNFLAG,20110711,27.45,28.65,27.45,28.45,46195
SUNILHITEC,20110711,119.8,123,118.2,118.65,40360
SUNPHARMA,20110711,499.35,509.5,499.3,504.9,334228
SUNTECK,20110711,294.05,302.8,290.15,295.7,24305
SUNTV,20110711,318,319,307.15,308.95,1131504
SUPER,20110711,233.5,237,231.05,231.05,525
SUPERSPIN,20110711,8,8.35,8,8.15,4362
SUPPETRO,20110711,67.1,68,66.1,66.7,15982
SUPRAJIT,20110711,19.95,19.95,19.3,19.4,32502
SUPREMEIND,20110711,186.85,191,184.5,190.15,73040
SUPREMEINF,20110711,258.7,264.95,257,260,4720
SURAJDIAMN,20110711,47.15,48.45,47.15,47.6,14552
SURANACORP,20110711,93.1,94.3,92.9,92.9,27163
SURANAIND,20110711,365,377,365,372.15,2086
SURANAT&P,20110711,15.3,15.6,15.3,15.6,2525
SURANAVEL,20110711,41.5,41.5,40.3,40.75,9683
SURYAJYOTI,20110711,29,29,28.05,28.35,7654
SURYALAXMI,20110711,69.15,70.9,68.8,68.95,3677
SURYAPHARM,20110711,20.9,21.55,20.9,21.15,42465
SURYAROSNI,20110711,83.05,84,82,82,3691
SUTLEJTEX,20110711,201,201.9,195.9,196.25,2495
SUVEN,20110711,19.95,20.25,19.8,20,18972
SUZLON,20110711,51.9,51.9,50.35,50.6,7336228
SWARAJENG,20110711,453,469.95,448.65,452.65,3505
SYMPHONY,20110711,1261.1,1262.1,1200,1200.8,291
SYNCOM,20110711,21.9,22.3,21.6,21.8,10775
SYNDIBANK,20110711,118.9,118.9,115.5,116,315346
TAINWALCHM,20110711,32.9,35.1,32.9,35.1,51530
TAJGVK,20110711,102,102.5,101,101.3,10474
TAKE,20110711,39.55,39.75,38.6,38.8,5700
TALBROAUTO,20110711,55,55,55,55,10
TALWALKARS,20110711,250.65,253.4,243.3,244.35,91765
TANFACIND,20110711,29,30.75,29,30.75,3
TANLA,20110711,16.15,17.45,15.9,16.05,608104
TANTIACONS,20110711,65.65,67.6,65.65,66.5,3373
TARAPUR,20110711,19.65,20.5,19.65,19.9,3655
TATACHEM,20110711,380,384.4,376.5,383.05,132258
TATACOFFEE,20110711,855,884.5,854.95,871.9,491443
TATACOMM,20110711,211.75,212.5,208,208.55,187834
TATAELXSI,20110711,252,252,245.1,247.25,34409
TATAGLOBAL,20110711,100.1,102.5,99.5,101.45,893861
TATAINVEST,20110711,490.1,502.95,490.1,496.4,1786
TATAMETALI,20110711,103,103,100.1,100.75,10831
TATAMOTORS,20110711,1054,1063,1045.8,1052.85,1176875
TATAMTRDVR,20110711,590.05,601,587.5,594.95,316135
TATAPOWER,20110711,1285,1301.8,1278,1294.35,92684
TATASPONGE,20110711,345,350,341,342.4,5750
TATASTEEL,20110711,595.5,595.85,586.05,587.8,1815934
TCI,20110711,94,95.2,93.4,93.65,24402
TCIDEVELOP,20110711,205,205,185,186.7,125
TCIFINANCE,20110711,52.15,54.85,52.15,53.75,2725
TCS,20110711,1170,1177.8,1146.6,1156.65,911252
TECHM,20110711,739.85,748.9,723.5,745.25,293185
TECHNO,20110711,234,234,228.5,230.55,4841
TECHNOFAB,20110711,139.4,139.4,128.45,131.6,13858
TECPRO,20110711,282,282,278,279.7,14036
TELEDATAIT,20110711,0.35,0.4,0.35,0.4,119441
TEXMACOLTD,20110711,33.1,33.1,32.1,32.65,53646
TEXMOPIPES,20110711,37.6,38.05,36,36.5,30380
TEXRAIL,20110711,92.5,94,90.25,91.1,42343
TFCILTD,20110711,29.2,29.5,28.8,29.25,35174
TFL,20110711,15.95,15.95,14.85,15.45,22
THANGAMAYL,20110711,151.5,155.2,151.5,154.65,16843
THEMISMED,20110711,155,158.5,154.05,154.45,568
THERMAX,20110711,618.95,619.4,605.6,615.55,93791
THINKSOFT,20110711,50.95,50.95,49.3,49.5,33978
THIRUSUGAR,20110711,100.65,102,100.65,101.9,133
THOMASCOOK,20110711,50.5,50.95,50.05,50.15,112100
TI,20110711,44.35,45.15,42.6,43.95,144520
TIDEWATER,20110711,7530,7669.95,7440,7463.85,3230
TIIL,20110711,54,54,53.5,53.7,6012
TIL,20110711,450,455,445,447.45,2134
TIMBOR,20110711,40.8,45.1,40.8,45.1,1093433
TIMESGTY,20110711,35.2,35.2,32.4,32.4,501
TIMETECHNO,20110711,69.25,70.6,69.1,69.7,51415
TIMKEN,20110711,223.85,238.5,222.5,236.05,698697
TINPLATE,20110711,59.5,60.2,59,59.1,25980
TIPSINDLTD,20110711,28.6,28.6,27.65,27.7,1145
TIRUMALCHM,20110711,99.7,100,97.5,97.8,1929
TITAN,20110711,225,230.6,223.6,229,2582413
TNPETRO,20110711,17.3,17.3,16.8,17.05,25887
TNPL,20110711,117,117.7,116,116.2,76985
TODAYS,20110711,7.45,7.45,7.05,7.1,14411
TOKYOPLAST,20110711,15,15,14.05,14.2,1011
TORNTPHARM,20110711,655,672,645,665,43486
TORNTPOWER,20110711,248,253.9,245.2,246.75,31694
TRENT,20110711,1213.95,1214.9,1180.2,1190.5,14556
TRF,20110711,416,434,408.05,418.7,377644
TRICOM,20110711,15.15,15.15,14.1,14.85,29977
TRIDENT,20110711,14.15,14.3,14,14.1,33164
TRIGYN,20110711,17.9,20.3,17.65,19.65,73954
TRIL,20110711,252,257.9,250.1,251.75,4243
TRIVENI,20110711,37.6,37.95,36.8,37.05,246335
TTKHEALTH,20110711,411.35,414,410,411.05,557
TTKPRESTIG,20110711,2772.6,2772.6,2714.3,2745.4,58540
TTL,20110711,27.1,29.5,27.1,29,16157
TTML,20110711,20.95,21.3,20.55,20.65,5623444
TUBEINVEST,20110711,150.65,154.5,149,153.75,136748
TULIP,20110711,156.25,160.9,156.25,159.8,201690
TULSI,20110711,16.75,16.75,16.05,16.25,92445
TULSYAN,20110711,46.5,47,44.85,44.85,250
TVSELECT,20110711,23.05,23.55,23.05,23.55,1280
TVSMOTOR,20110711,54.9,54.9,51.8,52.1,628067
TVSSRICHAK,20110711,335,338.45,332,337.6,1661
TVTODAY,20110711,66.9,67.6,65.25,65.55,26081
TWILITAKA,20110711,53.2,54.9,53.2,53.8,9628
TWL,20110711,411,415,407.15,408.8,7532
UBENGG,20110711,84.9,86.75,83.2,84.85,70939
UBHOLDINGS,20110711,153.2,159.2,153.05,153.6,99876
UBL,20110711,490.65,530,475,496.75,6591862
UCALFUEL,20110711,87,90,87,89.45,57288
UCOBANK,20110711,91.5,91.7,89.5,89.8,1112811
UFLEX,20110711,214.95,214.95,210.1,211.3,308917
UGARSUGAR,20110711,16.65,16.65,15.55,15.85,31029
ULTRACEMCO,20110711,975.2,1003,959,978.55,155645
UMESLTD,20110711,23.9,23.95,23.1,23.45,1966
UNICHEMLAB,20110711,165.9,166.75,157.25,163.5,9373
UNIENTER,20110711,26.3,26.5,25.6,25.65,1665
UNIONBANK,20110711,300.05,300.95,296,298.25,423952
UNIPHOS,20110711,155,157.45,153.25,155.7,380928
UNIPLY,20110711,13.8,13.8,13.35,13.8,1250
UNITECH,20110711,36.2,36.6,34.3,34.4,27810056
UNITEDBNK,20110711,97.5,98.7,96.6,97,315055
UNITEDTEA,20110711,125,125,124.7,124.7,72
UNITY,20110711,63.75,63.75,62,62.05,36970
UNIVCABLES,20110711,61.5,63.9,59.5,60.2,1669
UPERGANGES,20110711,57.1,57.1,55.6,55.95,327
USHAMART,20110711,53.45,53.6,52.3,52.85,42502
USHERAGRO,20110711,123.95,124.75,116.95,122.95,713477
UTTAMSTL,20110711,108,108.9,105.2,105.5,18719
UTTAMSUGAR,20110711,40,40.5,39,39.85,5268
UTVSOF,20110711,797.95,811.95,790.6,801.15,134720
VADILALIND,20110711,166.95,168,159.1,162.85,7511
VAIBHAVGEM,20110711,45,46.95,44.15,44.65,4165
VAKRANSOFT,20110711,382,388.3,380.5,382.6,3285
VALECHAENG,20110711,96,96.95,95.5,95.6,7780
VALUEIND,20110711,20.7,20.7,19.3,19.6,5235
VARDHACRLC,20110711,10.05,10.35,10.05,10.15,78117
VARDMNPOLY,20110711,97.15,97.25,90.3,95.9,46445
VARUN,20110711,217.6,218.7,204.35,206.25,60437
VARUNSHIP,20110711,24.25,24.6,24.05,24.2,37268
VASCONEQ,20110711,75.3,77.8,74,75.8,3918
VENKEYS,20110711,619.8,624,607.5,611.3,31324
VENUSREM,20110711,193,193.2,188.1,189.2,4876
VESUVIUS,20110711,394,407.7,394,399.55,852
VGUARD,20110711,232,232.9,226.9,228.4,47744
VHL,20110711,465,465,464.95,465,161
VICEROY,20110711,31.8,31.8,29.1,30,22336
VIDEOIND,20110711,201.6,202.35,190.6,194.9,282011
VIJAYABANK,20110711,69.5,69.8,67.65,67.85,1610189
VIJSHAN,20110711,19.9,20.5,19.9,20.15,1077
VIKASHMET,20110711,12.15,12.2,12,12,251427
VINATIORGA,20110711,72.15,73.35,71.5,72.5,6562
VINDHYATEL,20110711,172,172,172,172,1
VINYLINDIA,20110711,12.65,13.1,12.65,12.95,9471
VIPIND,20110711,839,872.85,832.15,856.35,984739
VIPUL,20110711,11.3,11.3,11.3,11.3,200
VISAKAIND,20110711,103.05,105.95,103.05,104.45,6816
VISASTEEL,20110711,58,59.25,58,59,27981
VISESHINFO,20110711,8,9.1,8,8.8,1273
VISHALRET,20110711,35,36.4,33.75,34,311496
VISUINTL,20110711,2.9,3.05,2.9,3,5500
VIVIMEDLAB,20110711,285,287.95,281.25,283.95,21809
VLSFINANCE,20110711,14.2,14.5,14.2,14.35,7584
VOLTAMP,20110711,522.95,522.95,511.5,516.3,10168
VOLTAS,20110711,164,164.25,161.2,161.55,519054
VSTIND,20110711,1000,1031,972.6,1022.6,13226
VSTTILLERS,20110711,550.5,562.4,541.5,553.65,7161
VTL,20110711,225,226.5,224,224.65,2251
WABAG,20110711,1294,1294,1205.5,1278.45,1159
WABCO-TVS,20110711,1121.1,1160,1121.1,1151.65,1478
WALCHANNAG,20110711,127.85,129.3,125,125.35,39235
WANBURY,20110711,30.55,31.15,30.2,30.35,4345
WEBELSOLAR,20110711,63.35,63.35,60.8,61.65,637
WEIZMANIND,20110711,12.5,12.55,11.95,12.2,3089
WELCORP,20110711,172,172.5,166.4,167.15,203152
WELINV,20110711,65.95,65.95,63.15,64.1,228
WELPROJ,20110711,65.15,66.5,65.1,65.85,14936
WELSPUNIND,20110711,42.35,42.9,42.35,42.5,17396
WENDT,20110711,1481.05,1496,1471.95,1481,564
WHEELS,20110711,261,290,261,268,732
WHIRLPOOL,20110711,260,268.5,253.1,264.4,19488
WILLAMAGOR,20110711,50.95,52.7,48.2,49.2,6842
WINSOMYARN,20110711,3.3,3.6,3.3,3.55,12481
WIPRO,20110711,427.3,429,417.35,420.9,464736
WOCKPHARMA,20110711,397.7,402.65,392.25,394.5,88027
WSI,20110711,19.9,19.9,18.45,18.45,1055
WSTCSTPAPR,20110711,84,85.35,84,85,38699
WWIL,20110711,8.8,9,8.8,8.85,357471
WYETH,20110711,989.75,989.75,965,973.05,1445
XLENERGY,20110711,9.05,9.2,9,9.1,24830
XPROINDIA,20110711,54.45,54.45,52.45,52.45,4155
YESBANK,20110711,320.1,323.5,302.85,321.35,1739531
ZANDUREALT,20110711,2141,2160,2095,2104,761
ZEEL,20110711,128.35,129.6,125.5,128.7,1327682
ZEELEARN,20110711,21.25,22.15,20.6,21.4,858321
ZEENEWS,20110711,12,12.15,11.95,12,343972
ZENITHBIR,20110711,6.8,6.8,6.75,6.75,155915
ZENITHCOMP,20110711,18.8,19.9,18.5,18.8,14574
ZENSARTECH,20110711,162,162,158,159.8,13250
ZICOM,20110711,39.45,40.2,39.1,39.5,3319
ZODIACLOTH,20110711,362.5,374,362.5,366.3,4089
ZODJRDMKJ,20110711,21.05,24.35,21.05,23.05,103
ZUARIAGRO,20110711,670,693.8,670,680.95,6788
ZYDUSWELL,20110711,703.5,745,703.45,714.3,78486
ZYLOG,20110711,407.05,407.05,400.1,403.4,66680
NSENIFTY,20110711,5648.05,5652.90,5601.70,5616.10,78899703,3579.63
NIFTYJUNIOR,20110711,11327.50,11339.45,11242.60,11279.10,51427853,1259.18
BANKNIFTY,20110711,11275.00,11275.00,11106.85,11135.50,8947008,952.76
NSEMIDCAP,20110711,8115.70,8125.00,8081.05,8097.70,72325722,1112.21
NSEIT,20110711,6689.30,6719.50,6574.90,6612.05,14222635,673.86
NSE100,20110711,5564.05,5565.10,5517.40,5531.45,130327556,4838.81
NSE500,20110711,4548.00,4548.00,4512.10,4523.05,322723623,7402.89
MIDCAP50,20110711,2482.80,2485.90,2464.65,2470.85,50466682,627.27
VIX,20110711,18.67,19.71,18.60,19.69,18.67,1.02
