20MICRONS,20111011,59,59,54.6,56.95,131144
3IINFOTECH,20111011,26.4,26.5,25.9,25.95,420826
3MINDIA,20111011,4320,4492,4260,4263,192
A2ZMES,20111011,198.4,205.45,193.5,194.4,272925
AANJANEYA,20111011,416.5,449,414,434.9,229652
AARTIDRUGS,20111011,101.8,101.85,96.8,99.9,5527
AARTIIND,20111011,46,47.65,46,46.45,8493
AARVEEDEN,20111011,36,36.85,35.6,36.45,509
ABAN,20111011,368,393.75,368,390.05,1179458
ABB,20111011,674.4,675.05,658.1,661.15,70958
ABBOTINDIA,20111011,1469.65,1469.65,1444,1446.1,230
ABCIL,20111011,96,97.95,95,96.7,5502
ABGSHIP,20111011,389.5,400.85,389.5,394.6,213461
ABHISHEK,20111011,10.4,10.4,9.15,9.5,5603
ABIRLANUVO,20111011,919.85,919.85,881.2,883.35,63038
ACC,20111011,1125.05,1147.15,1125.05,1133.95,317124
ACE,20111011,42.1,43.35,42.1,42.3,79931
ACKRUTI,20111011,197,198,190.05,191.25,2514
ACROPETAL,20111011,14.15,14.6,14.15,14.45,44000
ADANIENT,20111011,469.55,469.55,439.15,458.75,1636850
ADANIPOWER,20111011,79.85,79.95,78,78.35,325901
ADFFOODS,20111011,60.5,60.5,56.3,56.7,4361
ADHUNIK,20111011,45.5,46.5,45,45.8,91463
ADORWELD,20111011,147,148.7,142.9,143.3,4203
ADSL,20111011,26.75,27.25,25.75,27.25,62048
ADVANIHOTR,20111011,35.15,37,35.15,35.3,166
ADVANTA,20111011,367,376.5,364.05,367.45,46618
AEGISCHEM,20111011,184.1,186.55,182.55,183.25,11172
AFL,20111011,38.05,39,37.45,38.05,6430
AFTEK,20111011,10.55,10.9,10.35,10.4,89112
AGCNET,20111011,135.35,149.9,135.35,140.55,2370
AGRE,20111011,39,41,38.6,39.8,1835
AGRODUTCH,20111011,7.2,7.25,6.9,6.9,23702
AHLEAST,20111011,305,309.9,300,300,198
AHLUCONT,20111011,105,105.1,103.35,103.4,708
AHLWEST,20111011,151.45,151.45,144.5,144.8,835
AHMEDFORGE,20111011,99.9,101.35,98.05,99.45,16675
AIAENG,20111011,318.9,318.9,310,310,16557
AJANTPHARM,20111011,302.3,315.45,302.25,304.8,13395
AJMERA,20111011,118.7,121.2,115.75,117.6,9567
AKSHOPTFBR,20111011,6.3,6.3,5.95,6.15,140306
AKZOINDIA,20111011,918.1,931.95,913.35,915.75,1718
ALBK,20111011,147.9,153,147.25,149.25,734318
ALCHEM,20111011,265,265,257.85,258.25,145766
ALEMBICLTD,20111011,18.2,19.2,18.2,18.9,60475
ALFALAVAL,20111011,2230,2230,2190,2203.55,1123
ALKALI,20111011,39.35,40.2,38.6,38.65,2650
ALKYLAMINE,20111011,86,88.95,83.05,83.35,265
ALLCARGO,20111011,142,142.8,139,140,8026
ALLSEC,20111011,13.35,13.75,13.3,13.4,629
ALMONDZ,20111011,22.6,23,21.8,22.65,182
ALOKTEXT,20111011,19.1,19.25,18.8,18.85,7577686
ALPA,20111011,8.2,8.5,7.85,8.3,1314
ALPHAGEO,20111011,92.5,94.5,89.5,90.45,826
AMAR,20111011,115.75,116.4,114,115,22801
AMARAJABAT,20111011,204,208,204,206.9,15685
AMBIKCO,20111011,173.25,175.9,171.6,174.4,861
AMBUJACEM,20111011,146.3,146.3,143.15,144.85,1895675
AMDIND,20111011,19.2,19.3,18.3,18.7,5384
AMLSTEEL,20111011,16.6,16.8,15,16.15,3804
AMRUTANJAN,20111011,765,805,760.9,767.1,245831
AMTEKAUTO,20111011,133,141.4,132.4,138.8,1072577
AMTEKINDIA,20111011,142.5,144.55,141.1,141.9,84318
ANANTRAJ,20111011,52.8,52.8,49.7,49.95,576587
ANDHRABANK,20111011,118.95,120.5,117.1,118.45,593610
ANDHRSUGAR,20111011,97,97.75,96.55,96.65,4192
ANGIND,20111011,18.3,20.7,18.3,20,471
ANIKINDS,20111011,34.1,36.85,34,34.9,1065
ANSALAPI,20111011,33.6,34.9,33.15,33.7,123326
ANSALHSG,20111011,37,38.75,36.5,37.55,3443
APARINDS,20111011,151.1,152.55,147.5,148.45,3307
APCOTEXIND,20111011,163,174.7,163,165.5,588
APIL,20111011,530,536,520.3,530.15,47400
APLAB,20111011,29.6,31.6,29.15,31.5,635
APLLTD,20111011,40.6,42.95,40.35,40.7,35220
APOLLOHOSP,20111011,500,509.7,485.5,489.2,159479
APOLLOTYRE,20111011,57.8,57.8,56.1,57.1,1625527
APPAPER,20111011,157.25,173.8,157.25,160.45,732207
APTECHT,20111011,115,115.5,112.1,112.85,382067
AQUA,20111011,13.9,13.9,13,13.25,133359
ARCHIES,20111011,39,39.35,38.5,38.65,35169
AREVAT&D,20111011,218.65,218.65,210.15,211.45,90704
ARIES,20111011,87.1,89.8,87.1,87.7,2572
ARL,20111011,2.15,2.25,2.15,2.2,35741
AROGRANITE,20111011,38.5,38.8,37.55,37.55,109
ARROWTEX,20111011,9.45,9.45,9.1,9.1,725
ARSHIYA,20111011,136.45,141.7,133,134.4,176329
ARSSINFRA,20111011,356.9,361.9,350.25,353.7,195228
ARVIND,20111011,99,100.5,98.15,98.95,2654071
ASAHIINDIA,20111011,65.5,67.5,65.5,66.6,3160
ASAHISONG,20111011,81.65,83.4,79,80.15,11611
ASAL,20111011,52.8,53,50.25,52.8,1268
ASHAPURMIN,20111011,14.7,15.3,14.7,14.85,27490
ASHCONIUL,20111011,2.1,2.35,2.1,2.25,2115
ASHIANA,20111011,135,139.5,133,137.85,1437
ASHIMASYN,20111011,4.1,4.6,4,4,6040
ASHOKA,20111011,242.1,253,242,248.85,348
ASHOKLEY,20111011,24.9,25.05,24.55,24.6,3163458
ASIANHOTNR,20111011,184.9,184.9,171.4,171.8,589
ASIANPAINT,20111011,3198.95,3209.9,3155,3172.4,27125
ASSAMCO,20111011,10.45,10.75,10.45,10.5,76969
ASTEC,20111011,34.15,35.8,34,34.25,6825
ASTERSILI,20111011,16.2,16.9,16.2,16.3,6446
ASTRAL,20111011,196.9,196.9,191.25,192.85,3157
ASTRAMICRO,20111011,28.4,31.95,28.4,31.65,87601
ASTRAZEN,20111011,1256,1268,1248,1248,8
ATFL,20111011,409,409,375.2,379.05,51549
ATLANTA,20111011,62.45,62.45,60.1,60.55,53519
ATLASCYCLE,20111011,332.65,360.65,331.9,344.35,184539
ATNINTER,20111011,0.75,1,0.75,0.95,6277
ATUL,20111011,211.05,213.4,210,211.2,3785
AURIONPRO,20111011,140.1,140.1,133.05,133.3,618
AUROPHARMA,20111011,129.15,132.6,127,129,1209001
AUTOAXLES,20111011,391.5,417.85,391,393.85,49
AUTOIND,20111011,109.95,109.95,107.15,107.65,10080
AUTOLITIND,20111011,16.2,17,15.55,15.6,1126
AVENTIS,20111011,2391.7,2391.7,2263.05,2299.95,4438
AVTNPL,20111011,355.6,384.15,355.6,370.75,6642
AXIS-IT&T,20111011,102.6,107.5,97.75,98.25,22321
AXISBANK,20111011,1060.25,1080.85,1045,1052.75,1847144
AXISGOLD,20111011,2630,2643.95,2611.3,2619.95,252
BAGFILMS,20111011,5.35,5.35,5,5.05,64984
BAJAJ-AUTO,20111011,1568,1589.5,1568,1578.75,648631
BAJAJCORP,20111011,101.9,105,100,100.3,86812
BAJAJELEC,20111011,200,209.45,196.65,200.45,543835
BAJAJFINSV,20111011,519,538.9,517.4,526.45,85935
BAJAJHIND,20111011,37.95,38.35,37.4,37.55,1116923
BAJAJHLDNG,20111011,722.25,728.9,722,723.45,26552
BAJFINANCE,20111011,640.25,648,639,641.6,13523
BALAJITELE,20111011,32.5,32.6,31.3,32.2,33874
BALAMINES,20111011,34,36.75,33.75,35.85,3525
BALKRISIND,20111011,174,184,168,169.9,3516
BALLARPUR,20111011,25.25,25.45,24.85,25,1619792
BALMLAWRIE,20111011,602.3,607.95,586.1,591.4,5099
BALPHARMA,20111011,21.5,22.55,21.5,21.65,1298
BALRAMCHIN,20111011,46.95,46.95,45.2,45.35,516636
BANARISUG,20111011,590,590,575,588.35,331
BANCOINDIA,20111011,74.45,74.9,72.05,73.95,4562
BANG,20111011,21.5,22,20.75,21.8,5192
BANKBARODA,20111011,749,754,735,743.7,334185
BANKBEES,20111011,935,942.84,928.65,932.44,814
BANKINDIA,20111011,317.8,328.9,317.8,326.45,865949
BANSWRAS,20111011,87.8,95,87.8,90.55,8396
BARTRONICS,20111011,51.75,52.5,51.1,51.35,45929
BASF,20111011,620,620,612.05,613.85,1367
BASML,20111011,62,64.85,62,64,1475
BATAINDIA,20111011,661.05,671.4,655,658.1,670171
BATLIBOI,20111011,15.5,17,15.5,17,556
BAYERCROP,20111011,834,845,810,814.5,2174
BBL,20111011,709,734.8,709,718.6,3309
BBTC,20111011,453.55,453.55,434.15,438.65,3285
BEDMUTHA,20111011,115.3,117.5,109.4,110.8,136464
BEL,20111011,1529.95,1545.85,1522,1530.15,13341
BELLCERATL,20111011,13.15,13.9,13.15,13.9,343
BEML,20111011,494,512.7,482,487.1,126761
BEPL,20111011,24.2,25.5,24.2,24.25,13040
BERGEPAINT,20111011,101.9,103.4,101.7,102.1,207860
BFINVEST,20111011,54,54.65,53.7,53.85,29076
BFUTILITIE,20111011,459.3,481.35,455.7,462.75,590725
BGLOBAL,20111011,11.9,12.35,11.85,12.35,21830
BGRENERGY,20111011,326,341.65,326,333.3,655358
BHAGWATIHO,20111011,75,80.2,71,79.3,28468
BHAGYNAGAR,20111011,14,14.6,14,14.15,3464
BHARATFORG,20111011,264.2,273.95,255.25,272.2,170047
BHARATGEAR,20111011,45.8,46.7,45.7,45.7,14441
BHARATRAS,20111011,117.85,117.85,108,108,55
BHARTIARTL,20111011,367.25,380.45,367,375,6300227
BHARTISHIP,20111011,90.5,94.15,90.2,91.45,93010
BHEL,20111011,333.95,337.75,325,326.75,1742713
BHUSANSTL,20111011,331.5,336.5,324.35,325.3,381569
BIL,20111011,48,49.5,47.6,48.5,14611
BILPOWER,20111011,81,81,78,78.3,203
BIMETAL,20111011,250,254.9,250,252.45,11
BINANIIND,20111011,130,130,126.2,126.95,14472
BINDALAGRO,20111011,60.75,61,60.05,60.25,92092
BIOCON,20111011,345,348.9,341.1,341.9,118395
BIRLACORPN,20111011,325.4,326,320,321.5,211
BIRLACOT,20111011,0.4,0.4,0.3,0.35,669123
BIRLAERIC,20111011,13.15,13.5,12.85,13.05,4516
BIRLAPOWER,20111011,0.7,0.7,0.65,0.65,881396
BLBLIMITED,20111011,3.7,3.75,3.3,3.4,15773
BLISSGVS,20111011,22,23.35,21.05,21.75,31721
BLKASHYAP,20111011,8.95,9.1,8.8,8.85,104433
BLUECHIP,20111011,0.85,0.9,0.85,0.85,19856
BLUEDART,20111011,1580.1,1603.9,1575,1580.35,3226
BLUESTARCO,20111011,220.95,220.95,215.35,217.8,10631
BLUESTINFO,20111011,68.65,69.55,68.5,69.55,322
BOC,20111011,300,303,300,300.5,1841
BODALCHEM,20111011,19,19.4,18.5,19.4,1038
BOMDYEING,20111011,402.5,405.9,393.1,398.35,546709
BOSCHLTD,20111011,7124,7124,7040.05,7076.75,9371
BPCL,20111011,667.05,678.9,667.05,675.2,270462
BPL,20111011,20.3,20.75,19.7,20.5,30277
BRANDHOUSE,20111011,15.25,15.7,14.9,15.2,23476
BRFL,20111011,280,282.45,278.05,279.15,9352
BRIGADE,20111011,62.75,64,62.1,62.4,27908
BRITANNIA,20111011,453,453,440.1,446.2,19437
BROADCAST,20111011,7,7.2,7,7.05,873
BROOKS,20111011,23.1,23.1,23.1,23.1,11395
BSELINFRA,20111011,3.5,3.7,3.4,3.55,35698
BSL,20111011,22.8,23.2,22.1,22.15,1424
BSLGOLDETF,20111011,2680,2729,2675,2686,76
BSLNIFTY,20111011,48.99,49.4,48.5,49.4,1107
BSTRANSCOM,20111011,97.05,99.85,96.25,96.85,13901
BVCL,20111011,14.1,14.2,13.65,14.15,656
CADILAHC,20111011,759,774.55,750.3,752.8,177845
CAIRN,20111011,280.25,283.8,277,277.4,3311131
CALSOFT,20111011,26.65,26.65,26.6,26.6,112
CAMBRIDGE,20111011,24.45,24.5,22.3,22.95,1287
CAMLIN,20111011,49.5,58.5,46,56.7,704481
CANBK,20111011,434.05,439,427.1,433.55,492702
CANDC,20111011,114.9,114.9,110,111.75,17667
CANFINHOME,20111011,94,96.9,94,94.4,4212
CANTABIL,20111011,24.75,25.45,24.35,24.4,7444
CARBORUNIV,20111011,144,151.65,142,151.35,4729
CAROLINFO,20111011,151,160,151,155.6,2344
CASTROL,20111011,479.8,485.05,471,472.95,21111
CCCL,20111011,19.7,19.75,18.9,19.05,10634
CCL,20111011,170.9,174.5,168.3,168.65,26147
CEATLTD,20111011,74,76.6,74,75.45,31734
CEBBCO,20111011,31.9,36.8,30,36.8,98168
CELEBRITY,20111011,6.8,6.9,6.4,6.65,7471
CELESTIAL,20111011,23.8,23.8,20.85,21.1,14459
CENTENKA,20111011,149.85,151.8,145.7,146.85,4726
CENTEXT,20111011,2.85,3.05,2.85,2.95,13907
CENTRALBK,20111011,102.25,104.8,101.1,101.55,481276
CENTUM,20111011,74.8,75.45,72.1,75.45,61
CENTURYPLY,20111011,66,66,59.1,59.8,3167
CENTURYTEX,20111011,307.6,312.35,298.6,299.95,493042
CERA,20111011,196.2,201.8,196.2,198.9,2222
CESC,20111011,273,275.4,264.1,265.3,74591
CHAMBLFERT,20111011,89.25,96.65,89.25,95.9,8117336
CHEMFALKAL,20111011,46,46,44.8,44.8,158
CHEMPLAST,20111011,5.45,5.65,5.4,5.45,41704
CHENNPETRO,20111011,203,205.7,202.75,203.7,12901
CHESLINTEX,20111011,10.55,10.55,10.55,10.55,100
CHETTINAD,20111011,470,484.9,470,470,62
CHOLAFIN,20111011,143.1,149,143.1,145.4,1849
CILNOVA,20111011,17.7,17.7,17.45,17.5,6200
CINEMAX,20111011,36.15,37.4,35.3,35.75,47161
CINEVISTA,20111011,3,3.2,3,3.2,24320
CIPLA,20111011,285.5,286.9,279.55,280.75,1364283
CLASSIC,20111011,10,10.95,10,10.15,11515
CLNINDIA,20111011,715,725,715,719.8,2507
CLUTCHAUTO,20111011,34.15,35.15,34,34.35,3500
CMAHENDRA,20111011,182.5,183.9,180.05,181.55,5113
CMC,20111011,822,912.8,770,775,73829
COALINDIA,20111011,345.1,347.65,342.3,345.75,3946651
COLPAL,20111011,988,1000,984.05,996.3,40877
COMPUAGE,20111011,99.55,105.95,92.95,96.05,3396
CONCOR,20111011,927.1,1028.75,927,983.85,61692
CONSOFINVT,20111011,59,59,57.45,57.85,846
CORAL-HUB,20111011,4.75,4.95,4.55,4.6,27332
CORDSCABLE,20111011,31,31,29.8,29.95,2578
COREEDUTEC,20111011,287,287,280.6,282.2,127574
COROENGG,20111011,249.2,249.3,249.2,249.3,130
COROMANDEL,20111011,305.9,307.8,302.1,304.1,57640
CORPBANK,20111011,411,413.35,400,401.95,94267
COSMOFILMS,20111011,86.5,87,85.15,86.45,4803
COX&KINGS,20111011,215.7,222,214.7,215.5,298210
CPIL,20111011,252,287,252,278.7,110297
CREATIVEYE,20111011,5.15,5.4,5.15,5.25,16
CRESTANI,20111011,47.4,47.4,41.2,43.25,451628
CREWBOS,20111011,35.8,35.8,34.85,35,39809
CRISIL,20111011,795,803,787,799.8,32894
CROMPGREAV,20111011,154.9,161.65,153.65,156.45,2728576
CRONIMET,20111011,107.1,113,107.1,111.2,19586
CTE,20111011,7.3,7.3,6.85,7.15,1392
CUB,20111011,44.05,44.1,42.8,43.2,153882
CUBEXTUB,20111011,9.65,10.5,9.05,10.15,1700
CUMMINSIND,20111011,412.9,418,383.1,399.8,449259
CURATECH,20111011,116,124.25,115,115,27
CYBERTECH,20111011,10.5,10.95,10.5,10.55,9507
DAAWAT,20111011,44,44.2,42.8,43.3,66715
DABUR,20111011,101.5,101.5,99.4,100.3,1970581
DALMIABEL,20111011,106.9,110.9,105.25,108.55,13453
DALMIASUG,20111011,16.35,16.8,16.35,16.5,13274
DATAMATICS,20111011,27.1,27.45,26.35,26.8,448
DBCORP,20111011,201,201.7,197.5,198.85,1082
DBREALTY,20111011,52.2,52.85,51.7,52.15,263241
DCB,20111011,40.5,41.5,37.55,38.9,8655879
DCHL,20111011,55.8,55.9,54.65,55,193217
DCM,20111011,57.15,58.85,55.75,56.25,63276
DCMSRMCONS,20111011,46,46.5,45.75,45.75,173440
DCW,20111011,8.85,8.85,8.65,8.65,64521
DECCANCE,20111011,148,148,147.95,148,1011
DECOLIGHT,20111011,3.8,4,3.8,3.95,476
DEEPAKFERT,20111011,165.3,167.2,163.2,164.75,24689
DEEPAKNTR,20111011,176,178.4,176,178.4,116
DEEPIND,20111011,74.05,76,74,74.45,5094
DELTACORP,20111011,101.6,102.8,98.45,99,5088618
DEN,20111011,73.5,75,65.7,74.55,148030
DENABANK,20111011,75,76.2,73.6,74,674068
DENORA,20111011,78,81.75,77.55,81.75,18
DENSO,20111011,52.9,57.7,51.8,52.25,14276
DEWANHOUS,20111011,217.15,223.5,213,220.95,289189
DHAMPURSUG,20111011,41.5,44.8,41.5,42.35,85273
DHANBANK,20111011,72.2,73.1,54.3,64.6,36713162
DHANUKA,20111011,100.5,102,100.5,101.1,31929
DHARSUGAR,20111011,27.45,27.45,26.4,26.7,2252
DIAPOWER,20111011,102,103.9,101,102.15,7069
DICIND,20111011,223.9,225.45,221.2,221.85,807
DIGJAM,20111011,9.1,9.2,8.6,9.1,37239
DISHMAN,20111011,62.5,62.9,60.6,60.9,41536
DISHTV,20111011,80.7,82.1,77,77.7,5904451
DIVISLAB,20111011,724,738.8,721.55,728.2,70759
DLF,20111011,230,235.3,226.25,229.45,7010443
DLINKINDIA,20111011,19.85,20.5,19.85,20.45,8247
DOLPHINOFF,20111011,132.85,137,123.2,123.95,55882
DONEAR,20111011,21.2,21.2,21.2,21.2,14
DPSCLTD,20111011,1950,1963.95,1920,1935.65,77
DPTL,20111011,119.05,126.9,119.05,125,4080
DQE,20111011,33.05,33.9,32.5,33.1,11409
DREDGECORP,20111011,240.4,248,240.4,242.8,7535
DRREDDY,20111011,1518.95,1525,1492.7,1507.8,138831
DSKULKARNI,20111011,55,57.5,54.45,56.55,4791
DUNCANSIND,20111011,14.05,14.15,13.25,13.45,88537
DWARKESH,20111011,39.25,39.75,38.55,38.6,14434
DYNAMATECH,20111011,990,1019,990,1003.3,245
DYNASYS,20111011,0.7,0.7,0.7,0.7,2020
EASTSILK,20111011,6.05,6.05,5.85,6,7303
ECEIND,20111011,106.55,106.55,103.55,105.35,1254
ECLERX,20111011,726.15,743.95,726.15,732.4,853
EDELWEISS,20111011,26,26.2,25.9,26.1,43360
EDL,20111011,82.6,82.6,81,82.1,3871
EDSERV,20111011,85.8,87.95,83.5,85.2,225806
EDUCOMP,20111011,279,285.15,267,269.35,3050152
EICHERMOT,20111011,1715,1728,1640.05,1657.05,17476
EIDPARRY,20111011,227.45,227.9,223,225.75,9619
EIHAHOTELS,20111011,149,154.9,149,152.6,1270
EIHOTEL,20111011,87.35,87.9,86.25,86.65,29203
EIMCOELECO,20111011,174,174,166.1,169.8,2347
EKC,20111011,71.8,72.45,69.5,70,213357
ELDERPHARM,20111011,372.8,376,370.1,370.2,31061
ELECON,20111011,71,71.45,69.3,69.55,27741
ELECTCAST,20111011,28.75,28.9,28.65,28.7,72668
ELECTHERM,20111011,157,161,133.7,137.5,233047
ELFORGE,20111011,10.1,10.45,10,10.4,3253
ELGIEQUIP,20111011,67.5,68.8,67,67.2,38402
ELGIRUBCO,20111011,26.9,27,24.5,24.75,22329
ELNET,20111011,32.05,32.5,31.55,32,3168
EMAMIINFRA,20111011,35.25,35.25,34.1,34.8,8831
EMAMILTD,20111011,412,430,411.35,423.05,107920
EMCO,20111011,53.05,54,52,53.1,46828
EMKAY,20111011,46.85,47,46.6,46.65,1992
EMMBI,20111011,15.45,15.45,14.15,14.7,4892
EMPEESUG,20111011,17.35,18.4,17.35,18.4,35
ENERGYDEV,20111011,37.1,38.7,36.2,38.45,5251
ENGINERSIN,20111011,243.5,246.85,242,242.7,155599
ENIL,20111011,252.6,255.85,248.2,250.1,10662
EONELECT,20111011,65,65.5,62.25,62.95,1413910
ERAINFRA,20111011,152.1,152.55,151.9,152,230071
EROSMEDIA,20111011,242.3,246,238.5,240.65,231196
ESABINDIA,20111011,530.9,530.9,518,519.55,2907
ESCORTS,20111011,73.8,74.7,72.15,72.85,1208266
ESL,20111011,6,6.05,5.95,6,868230
ESSAROIL,20111011,79.5,81,78.2,78.8,821424
ESSARPORTS,20111011,55,56.55,54.8,55.4,27683
ESSDEE,20111011,186,197.8,181.6,182.8,26268
ESSELPACK,20111011,35.1,35.95,34.95,35.5,21814
ESTER,20111011,28.8,28.8,28.1,28.75,6310
EUROMULTI,20111011,6.7,7.45,6.7,6.8,7944
EUROTEXIND,20111011,18.25,18.5,18.25,18.5,30
EVEREADY,20111011,36.45,36.45,35.85,36.15,36369
EVERESTIND,20111011,142.1,146.95,141.55,145.05,11034
EVERONN,20111011,376.7,379.8,370.3,375.9,133099
EXCELCROP,20111011,153,154.8,149.55,152,35801
EXCELINFO,20111011,14.35,14.35,13.05,13.55,61283
EXIDEIND,20111011,131,132.95,131,132.25,1241441
FACT,20111011,33.3,34.85,33.3,34.25,33897
FAGBEARING,20111011,1160,1179.5,1154,1169.75,407
FAME,20111011,43.6,43.6,42.1,42.25,3481
FARMAXIND,20111011,2.65,2.8,2.5,2.6,46916
FCH,20111011,134.45,136,130,132.7,60639
FCSSOFT,20111011,0.65,0.65,0.6,0.6,514643
FDC,20111011,90.25,91.95,90.25,91.6,53553
FEDDERLOYD,20111011,61.15,67,61.15,61.85,32891
FEDERALBNK,20111011,372.6,372.6,363,369.15,344608
FIEMIND,20111011,159.1,159.9,158,158.25,495
FILATEX,20111011,41,41,40.1,40.1,1200
FINANTECH,20111011,759.65,760,726.2,728.45,148788
FINCABLES,20111011,38.35,38.35,37.3,37.35,18798
FINPIPE,20111011,64.5,64.5,63.35,64,18470
FIRSTLEASE,20111011,69.6,69.6,68.5,68.95,5454
FIRSTWIN,20111011,16.35,16.35,15,15,569
FKONCO,20111011,110.3,112.35,108.25,109,5898
FMGOETZE,20111011,230,230,228.6,229.4,460
FORTIS,20111011,121.5,124.75,120.5,121.85,902807
FOSECOIND,20111011,521.05,530,521.05,522.95,53
FSL,20111011,11.05,11.35,11,11.15,1974602
FUTUREVENT,20111011,9.1,9.1,8.85,8.9,302833
GABRIEL,20111011,40.95,41,40,40.3,7919
GAEL,20111011,24.5,24.5,23.05,23.2,18660
GAIL,20111011,425.8,425.8,415.5,417.15,1000580
GAL,20111011,19.4,19.4,18.05,18.65,69595
GALLANTT,20111011,21.4,22.7,20.55,20.75,60550
GALLISPAT,20111011,109.05,111.45,104,104.05,66652
GAMMNINFRA,20111011,13.8,13.8,13.55,13.6,34169
GAMMONIND,20111011,68.6,68.6,67.3,67.75,17234
GANDHITUBE,20111011,116.6,128.35,116.6,117.5,84
GANESHHOUC,20111011,121.6,124,119.5,119.75,3389
GANGOTRI,20111011,4.2,4.5,4.2,4.35,1711
GARDENSILK,20111011,70,79.5,70,77,252918
GARWALLROP,20111011,52.9,53.45,52.85,52.85,3859
GATI,20111011,54.4,56.2,54.25,54.95,170019
GAYAPROJ,20111011,141.4,143.5,139.5,139.8,7134
GDL,20111011,140.5,141,139.15,140.6,217830
GEECEE,20111011,30.15,31,29.1,30.4,15613
GEINDSYS,20111011,140,144,135.45,137.15,5889
GEMINI,20111011,21.3,22,20.55,21,16338
GENESYS,20111011,222,222,196.05,196.3,1132
GENUSPOWER,20111011,14,14.2,13.8,14,35372
GEODESIC,20111011,52.25,53.85,52.25,53.6,192898
GEOJITBNPP,20111011,18.5,18.75,18.25,18.25,49119
GEOMETRIC,20111011,44.9,45.45,44.1,44.3,6304
GESHIP,20111011,244,246.05,239.35,241.8,116281
GHCL,20111011,39.4,39.4,36.6,36.95,44333
GICHSGFIN,20111011,90.7,93.35,90.7,92.35,220164
GILLANDERS,20111011,84.3,87.95,84.25,86.65,3392
GILLETTE,20111011,2002.55,2062,2002.55,2020.25,487
GINNIFILA,20111011,7.35,7.9,7.35,7.55,3151
GIPCL,20111011,80.5,81.25,80.3,80.45,5617
GISOLUTION,20111011,11.55,12,11.55,12,400
GITANJALI,20111011,378.05,385.5,377.05,381.45,2722773
GKB,20111011,38,38,37.15,37.25,801
GKWLIMITED,20111011,450,450,450,450,14
GLAXO,20111011,2100,2100,2041.15,2059.55,15460
GLENMARK,20111011,301.85,305.4,295.1,296.6,613017
GLFL,20111011,3,3,2.95,2.95,2700
GLOBALVECT,20111011,21.35,21.35,20,20,341
GLOBOFFS,20111011,80,82.05,79.25,81.15,4501
GLOBUSSPR,20111011,109,111.4,108,109.1,7953
GLODYNE,20111011,384.8,384.8,378.5,381.3,75666
GLORY,20111011,3.6,3.6,3.4,3.4,37766
GMBREW,20111011,91.8,92.8,91,91.2,1067
GMDCLTD,20111011,164.9,167.85,161.5,163.1,75794
GMRINFRA,20111011,26,26.1,25.3,25.4,4940275
GNFC,20111011,90.7,90.95,89.1,90.1,72549
GOACARBON,20111011,83,87.65,83,85.15,191495
GODFRYPHLP,20111011,3475,3500,3460.05,3497.75,2103
GODREJCP,20111011,394.7,404,393.05,399.2,162721
GODREJIND,20111011,189.5,194.75,189.5,191.25,380448
GODREJPROP,20111011,668,683,651.35,656.8,13885
GOENKA,20111011,35,36.6,34.65,35.35,4107
GOKEX,20111011,92.9,92.95,86.25,89.9,1023
GOKUL,20111011,86,87.95,85.2,87.75,27532
GOLDBEES,20111011,2566.5,2570,2547,2554.8,110921
GOLDENTOBC,20111011,56.25,58.85,56.25,58.05,639
GOLDIAM,20111011,31.25,35.5,31.25,33.7,11008
GOLDINFRA,20111011,13.1,13.1,13.05,13.05,413
GOLDSHARE,20111011,2578,2595,2566.05,2572.35,8689
GOLDTECH,20111011,7.45,7.45,6.75,6.75,18370
GPIL,20111011,112,114.9,110.55,111.3,70709
GPPL,20111011,68.5,70.5,68.5,70,538061
GRABALALK,20111011,17.75,17.75,17.75,17.75,435
GRANULES,20111011,66,66.2,64.5,64.8,2058
GRAPHITE,20111011,74.8,74.8,71.15,72.35,72344
GRASIM,20111011,2321,2359.8,2321,2333.2,58977
GRAVITA,20111011,373.05,444.3,371.3,442.2,1738309
GREAVESCOT,20111011,86.05,87.4,85.5,85.8,11921
GREENPLY,20111011,202.15,208.9,195,201.95,3200
GREENPOWER,20111011,15.6,15.6,14.85,15,233807
GRINDWELL,20111011,233,235,231,231.45,710
GRUH,20111011,514,518,510.3,514.55,4315
GSFC,20111011,445,450,444,445.25,60730
GSKCONS,20111011,2395,2417,2350.75,2363.8,8881
GSLNOVA,20111011,2.75,2.85,2.6,2.85,1245
GSPL,20111011,104,105.05,103.35,104.1,396946
GSS,20111011,130.1,131.8,130,130,5977
GTL,20111011,55.5,56.4,54.2,54.6,1305223
GTLINFRA,20111011,11.5,11.6,11.3,11.35,526476
GTNIND,20111011,13,13.05,13,13.05,37
GTNTEX,20111011,12.65,13.7,11.65,13.55,2848
GTOFFSHORE,20111011,119.2,122.5,117,118.95,56146
GUFICBIO,20111011,6.4,6.4,6.1,6.35,1664
GUJALKALI,20111011,138.5,143,138.5,141.55,203335
GUJAPOLLO,20111011,133.55,134.6,131,133.9,5390
GUJFLUORO,20111011,528.9,542,522.05,527.55,110825
GUJNRECOKE,20111011,21.7,22.45,21.7,21.9,1615174
GUJNREDVR,20111011,15.75,16.25,15.75,16.2,12412
GUJRATGAS,20111011,428.25,428.25,417,419.65,8685
GUJSIDHCEM,20111011,8.75,9,8.7,8.8,74272
GULFOILCOR,20111011,69.1,70.6,69,69.3,18612
GVKPIL,20111011,15.25,15.45,15,15.05,5274385
HALONIX,20111011,61,61.5,59.25,60.65,2605
HANUNG,20111011,108.85,114.3,108.85,111.25,284415
HARITASEAT,20111011,65.15,65.15,65.15,65.15,25
HARRMALAYA,20111011,71.5,73,69.55,70.25,28481
HATHWAY,20111011,86.8,89.8,84,86.55,45606
HAVELLS,20111011,354.05,354.05,342.05,343.1,211679
HBLPOWER,20111011,18.15,18.2,18,18,21657
HBSTOCK,20111011,12.55,12.55,12.5,12.5,100
HCC,20111011,28.6,29.15,27.6,27.9,3403192
HCIL,20111011,49.5,49.7,48.25,48.45,17727
HCL-INSYS,20111011,63.85,65.1,63.1,63.7,292631
HCLTECH,20111011,419.65,422.8,401.1,403.3,1331695
HDFC,20111011,669.8,679,665,666.75,3005080
HDFCBANK,20111011,460.7,464.9,455.15,457.5,2496879
HDFCMFGETF,20111011,2622,2647,2620,2624.3,5618
HDIL,20111011,96.5,98.75,94.75,95.3,5917215
HEG,20111011,214,214,207.5,208,3671
HEIDELBERG,20111011,35.9,36.05,35.05,35.3,28733
HELIOSMATH,20111011,24.85,24.85,24,24.15,5804
HERCULES,20111011,246,263.4,246,255.4,343997
HERITGFOOD,20111011,172.1,176.85,170.2,174.95,251
HEROMOTOCO,20111011,1968.6,1994.7,1968.6,1975.7,248978
HEXAWARE,20111011,85.8,86.4,81.25,82.1,1475399
HFCL,20111011,11.65,11.75,11.25,11.35,380097
HGSL,20111011,322.95,322.95,312.2,313.95,5250
HIKAL,20111011,285,288,275.35,277.35,518
HILTON,20111011,13.85,14.3,13.8,14.1,1621
HIMATSEIDE,20111011,32,32.95,31.65,32.5,14958
HINDALCO,20111011,129.3,132.3,129.1,130.35,14384255
HINDCOPPER,20111011,215,225,214.55,215.65,99474
HINDDORROL,20111011,40.5,40.6,37.7,38.25,172625
HINDMOTORS,20111011,13.2,13.2,12.8,12.85,112181
HINDNATGLS,20111011,179.7,185.6,173.05,175.55,673
HINDOILEXP,20111011,109,112.2,106.7,108.6,697053
HINDPETRO,20111011,366.95,369,358.4,360.1,1043533
HINDUJAFO,20111011,66.25,70,66.25,70,94
HINDUJAVEN,20111011,314,321.9,308,310.55,1194
HINDUNILVR,20111011,334,334,324.55,325.8,1817839
HINDZINC,20111011,120,123.2,116.6,117.25,1125883
HIRECT,20111011,46.15,46.15,43.75,44.4,1003
HITACHIHOM,20111011,157.9,161.95,157,157.9,31775
HITECHGEAR,20111011,122,126.05,122,125.5,610
HITECHPLAS,20111011,76.65,76.75,76.65,76.75,2
HMT,20111011,39,44.3,38.95,42.3,604044
HMVL,20111011,127.3,129.5,127.3,129.05,122
HNGSNGBEES,20111011,1170,1199.95,1155.05,1170,26
HOCL,20111011,23.7,24.95,23.35,24.55,134156
HONAUT,20111011,2604,2610,2526,2543,1033
HONDAPOWER,20111011,340,340,338,339.05,2082
HOPFL,20111011,52.5,53.95,52.1,52.95,396
HORIZONINF,20111011,285.6,288.4,276,285.25,207
HOTELEELA,20111011,36.5,36.6,35.7,35.9,101186
HOTELRUGBY,20111011,7.55,7.65,6.9,7,5761
HOVS,20111011,54.85,57.75,54.65,55,4282
HSIL,20111011,184.9,184.9,181,181.45,66320
HTMEDIA,20111011,141.25,144.45,140,143.5,8148
HYDRBADIND,20111011,315.5,319.75,314.1,316.45,3024
HYDROS&S,20111011,18.8,21.45,18.8,20,694
IBPOW,20111011,12.05,12.25,11.75,11.85,362000
IBREALEST,20111011,73.45,74.7,72.5,73.2,2336699
IBSEC,20111011,8.1,8.25,7.95,8,259607
IBWSL,20111011,3.55,3.65,3.4,3.6,388337
ICICIBANK,20111011,852,861,829.1,832.5,3037608
ICIL,20111011,10,10.4,10,10.4,6
ICRA,20111011,922.9,938,915.05,917.5,1447
ICSA,20111011,59,60.6,56.5,56.95,161582
IDBI,20111011,102.7,104,100.55,100.95,1502444
IDEA,20111011,93,96.5,92.1,95.35,6895215
IDFC,20111011,123.6,125,119.6,121.55,9514275
IFBIND,20111011,114.9,115.2,111.25,112,10667
IFCI,20111011,30.8,31.4,30,30.35,9325611
IFGLREFRAC,20111011,30,32.35,29,32,3259
IGARASHI,20111011,46.9,46.9,42.2,42.5,5147
IGL,20111011,429.7,434,425,425.9,328579
IGPL,20111011,21.9,21.9,20.8,21.65,172
IITL,20111011,160,162.3,149.25,159.25,63
IL&FSENGG,20111011,88.1,91.75,87.65,88.45,10762
IL&FSTRANS,20111011,204.4,204.4,199.4,199.9,50261
IMFA,20111011,308.9,310.5,299,300.2,3900
IMPAL,20111011,620.05,625,620.05,620.9,387
IMPEXFERRO,20111011,7.6,7.6,6.95,7.1,890
INDBANK,20111011,8,8.1,7.75,7.8,7611
INDHOTEL,20111011,70,70.7,68.25,68.9,764722
INDIABULLS,20111011,160.05,161.7,155.25,158.15,306426
INDIACEM,20111011,73.05,74.4,72.45,73.8,1031633
INDIAGLYCO,20111011,124.6,127.4,124.6,125.3,13351
INDIAINFO,20111011,72.6,73.45,71.55,71.95,155023
INDIANB,20111011,205,209,202.7,206.85,167398
INDIANCARD,20111011,84,87,84,85.6,1335
INDIANHUME,20111011,119.95,120,118,118,51
INDLMETER,20111011,71,71,68.5,70.95,191
INDNIPPON,20111011,169.1,171.75,167.85,168.2,189
INDOCO,20111011,394,401,391.5,392.05,336
INDORAMA,20111011,33.15,33.15,31.55,32,14556
INDOSOLAR,20111011,9.1,9.3,8.6,8.75,83244
INDOTECH,20111011,114,115.65,112.3,114,1536
INDOWIND,20111011,12.95,12.95,11.95,11.95,320734
INDRAMEDCO,20111011,31.7,34.3,31.3,34.25,23768
INDSWFTLAB,20111011,84,85.75,82.95,83.45,30597
INDSWFTLTD,20111011,29.9,30.4,29.8,30.2,8170
INDTERRAIN,20111011,126,133.8,125.95,131.55,2304
INDUSFILA,20111011,15,15,14.6,14.85,702
INDUSINDBK,20111011,254,257.65,251.5,253.6,535423
INEABS,20111011,585,610,583.05,603,924
INFINITE,20111011,93.8,96.25,93.5,94.1,5059
INFODRIVE,20111011,9.35,9.55,9.3,9.4,6957
INFOMEDIA,20111011,11.1,11.25,10.75,11.2,26376
INFOTECENT,20111011,115,115,112,112.05,2170
INFRABEES,20111011,265,265,265,265,73
INFY,20111011,2593.4,2595,2490,2504.55,2792406
INGERRAND,20111011,491,500,487.1,491.7,3431
INGVYSYABK,20111011,290.65,296.2,290.65,293.5,25253
INNOIND,20111011,85.8,96.1,85.8,93.85,88612
INOXLEISUR,20111011,52.5,53.4,51.95,52.05,87331
INSECTICID,20111011,382,382.75,368.3,371.5,101852
INVENTURE,20111011,149.5,152.8,149.5,151.65,20817
IOB,20111011,93.9,95.05,93.3,94.6,529487
IOC,20111011,313.95,316.4,308.25,309.2,611530
IOLCP,20111011,29.15,31.7,29.15,31.7,1020
IOLN,20111011,6.75,6.85,6.35,6.85,709
IPCALAB,20111011,249.05,250.9,235.1,239.05,132362
IPGETF,20111011,2750,2778.8,2630,2630.3,336
IPRINGLTD,20111011,63,63,61.25,61.8,100
IRB,20111011,167,170,164.7,165.15,10815108
ISFT,20111011,54,55,53.95,54.8,933
ISMTLTD,20111011,31.2,31.5,30.25,30.8,28375
ITC,20111011,201.5,202.4,199.15,199.55,5038553
ITDCEM,20111011,141,142.85,139,139.8,1072
ITI,20111011,21.5,24.25,21.25,23.7,1413857
IVC,20111011,28.5,28.95,27.55,27.75,37249
IVP,20111011,49.5,56,49.5,51,3924
IVRCLAH,20111011,28.1,28.8,27.95,28.2,35608
IVRCLINFRA,20111011,37.95,38.7,37.3,38.4,5708927
J&KBANK,20111011,780,780,767.6,771.95,13598
JAGRAN,20111011,106.5,106.85,104.15,105,59601
JAGSNPHARM,20111011,12.2,12.3,11.7,12,6689
JAIBALAJI,20111011,100.2,105.5,98.65,99.5,52859
JAICORPLTD,20111011,80,81.8,78.6,79.1,316222
JAINSTUDIO,20111011,8.15,8.2,7.65,8,2994
JAMNAAUTO,20111011,135,135,132,132.6,1314
JAYAGROGN,20111011,83.2,86.5,82.75,83.65,10424
JAYBARMARU,20111011,60,60.5,56.65,58.55,3028
JAYNECOIND,20111011,18.25,18.85,17.9,18.1,31535
JAYSREETEA,20111011,127,130.9,126.75,129.95,53189
JBCHEPHARM,20111011,71.5,72.25,69,70.45,63543
JBFIND,20111011,123.2,123.5,121,121.35,47560
JBMA,20111011,61.7,61.7,60,60,61
JCTEL,20111011,1.2,1.25,1.2,1.25,587765
JENSONICOL,20111011,3.8,3.95,3.8,3.8,12204
JETAIRWAYS,20111011,239.6,244,233.45,235.6,1004876
JHS,20111011,32.65,34.85,32.1,32.85,8822
JIKIND,20111011,5.2,5.5,5.2,5.4,1894
JINDALPHOT,20111011,157.7,162.9,157.7,159.65,30512
JINDALPOLY,20111011,200.75,206.2,198.5,199.7,226735
JINDALSAW,20111011,134.3,136.8,133.2,134.25,1328935
JINDALSTEL,20111011,481.9,502.55,479,487.1,4010787
JINDALSWHL,20111011,547.4,548,525.5,534.9,42051
JINDCOT,20111011,79.3,80.7,76.15,78.15,36545
JINDRILL,20111011,317.8,317.8,309.2,311.3,2597
JINDWORLD,20111011,104.1,108.6,103.3,104.95,8969
JISLJALEQS,20111011,137.4,143.8,137.4,140.05,2089766
JKCEMENT,20111011,111.95,111.95,109,109.2,3630
JKIL,20111011,128,134,124,132.95,16217
JKLAKSHMI,20111011,40.5,41.7,40.5,41,32717
JKPAPER,20111011,41,41,39.9,40.15,68711
JKTYRE,20111011,70.9,71,69.5,69.8,161453
JMCPROJECT,20111011,118.8,121.4,116.25,118.85,6134
JMFINANCIL,20111011,16.35,16.6,16.05,16.15,106215
JMTAUTOLTD,20111011,67,67,59.25,62.4,72
JOCIL,20111011,139.7,139.75,136.25,136.85,781
JPASSOCIAT,20111011,74.2,75,73.5,74.2,12667091
JPINFRATEC,20111011,48.95,57,48.95,50.55,2402989
JPPOWER,20111011,35,36.05,34.7,35.9,562961
JSL,20111011,92.95,95.45,92.5,93.3,20169
JSWENERGY,20111011,50.05,51.55,49.1,49.5,1181103
JSWISPAT,20111011,13.4,13.4,13,13.15,2272680
JSWSTEEL,20111011,585,599,569.35,591.45,2136678
JUBILANT,20111011,181.9,186,178.9,183.15,60962
JUBLFOOD,20111011,760,830,758,824.3,2640011
JUBLINDS,20111011,186,186,179,180.95,3350
JUMBO,20111011,15.1,16.35,15.1,16.05,582
JUNIORBEES,20111011,101,101,97.1,97.39,40999
JUPITER,20111011,14.6,14.95,14.45,14.7,126689
JVLAGRO,20111011,15,15.6,14.65,15.2,33041
JYOTHYLAB,20111011,149,152.5,144.15,144.75,56440
JYOTISTRUC,20111011,63.5,64,61.85,62.25,79476
KABRAEXTRU,20111011,40.5,41.4,40.1,41,2266
KAJARIACER,20111011,116,117.35,114.65,115.2,107639
KAKATCEM,20111011,68,69,66.85,67.5,3322
KALECONSUL,20111011,78,78.9,77.15,77.75,4735
KALINDEE,20111011,110.4,113.7,109.3,111.1,83181
KALPATPOWR,20111011,102,103.6,101,101.75,87996
KAMATHOTEL,20111011,92.5,97.25,92.5,95.75,12125
KANORICHEM,20111011,31.55,33.45,31.55,32.25,9384
KANSAINER,20111011,846.7,848,830.1,833.65,668
KARMAENG,20111011,12.9,12.9,12.1,12.1,135
KARURVYSYA,20111011,364,367,362,365.3,50978
KAUSHALYA,20111011,8.05,8.15,7.9,8.05,4533
KAVVERITEL,20111011,131,133,130.75,131.35,26061
KBIL,20111011,638,640,622,636.95,178
KCP,20111011,24.5,25.1,24.05,24.4,9725
KCPSUGIND,20111011,15,15,14.65,14.7,8651
KEC,20111011,56.6,57.7,56.5,56.75,37282
KECL,20111011,33.6,34.75,33.4,33.5,816
KEI,20111011,15.65,15.65,15,15.05,31557
KEMROCK,20111011,508.1,519.5,506.55,508.2,3329
KERNEX,20111011,92.75,94.4,92.25,92.55,27964
KESARENT,20111011,57,57,55.25,56.55,149
KESORAMIND,20111011,126.5,126.5,120.6,121.55,66599
KFA,20111011,20.5,20.8,20,20.15,1395928
KGL,20111011,6.05,6.3,5.45,5.6,5073619
KHAITANELE,20111011,90.1,93.65,90.1,92.95,884
KHAITANLTD,20111011,25.45,25.45,23.15,25,435
KHANDSE,20111011,18.85,20.75,18.25,19.75,942
KICL,20111011,498,550,498,519.6,253
KIL,20111011,13,14,13,13.35,2765
KILITCH,20111011,76,78.35,75.75,75.75,1810
KINETICMOT,20111011,17.25,18.7,15.35,17.8,134200
KIRIINDUS,20111011,129.45,131.5,127.3,127.95,20644
KIRLOSBROS,20111011,143,145,138.5,144.55,1560
KIRLOSENG,20111011,125.1,131.2,125.1,130.05,3122
KIRLOSIND,20111011,284.7,284.7,270.05,274.35,859
KITPLYIND,20111011,3.6,3.85,3.6,3.6,7116
KKCL,20111011,820,820,800,807.35,969
KLGSYSTEL,20111011,31.8,35.55,31.8,34.05,59314
KLRF,20111011,23.05,23.1,23.05,23.1,299
KMSUGAR,20111011,2.55,2.7,2.55,2.6,7734
KNRCON,20111011,104.05,105.05,102.25,102.4,2018
KOHINOOR,20111011,42.5,44.4,42.5,43.2,38867
KOLTEPATIL,20111011,34.85,36.8,34.85,36,28375
KOPRAN,20111011,22.25,22.4,21.6,21.75,9266
KOTAKBANK,20111011,457.9,463,451.35,453.1,446643
KOTAKGOLD,20111011,2566.05,2587.5,2565.25,2571.6,33962
KOTAKNIFTY,20111011,507,510,504,504.44,741
KOTAKPSUBK,20111011,319,319.78,316,316.07,980
KOTARISUG,20111011,6.05,6.25,6,6,5620
KOTHARIPET,20111011,7.2,7.8,7.2,7.6,71002
KOTHARIPRO,20111011,478.05,499.9,478.05,485.6,1756
KOUTONS,20111011,23.65,24.4,22.9,23.15,156883
KPIT,20111011,147,150.4,146.2,146.9,32920
KPRMILL,20111011,92.95,101,90.15,94.75,12397
KRBL,20111011,25.4,26.25,24.9,25.55,1510292
KRISHNAENG,20111011,2.75,3.8,2.75,3.4,5328
KSBPUMPS,20111011,205.9,207.45,204,206,831
KSCL,20111011,420.1,446.5,420.1,444.6,20771
KSE,20111011,209,218,209,209.15,14
KSK,20111011,101.9,101.9,99.8,100,680966
KSL,20111011,50.7,50.7,47.8,49.25,14312
KSOILS,20111011,10.25,10.7,9.95,10.05,15312350
KTKBANK,20111011,84.15,84.15,80.5,82.35,724665
KWALITY,20111011,186,189.5,172.3,180.15,2036775
L&TFH,20111011,50,50.9,50,50.4,1173838
LAKPRE,20111011,39.05,39.1,37.05,38,1614
LAKSHMIEFL,20111011,21.9,22.15,19.3,20.4,160384
LAKSHMIMIL,20111011,1601.05,1670,1601.05,1661.6,84
LAKSHVILAS,20111011,90.65,94.4,90.65,93,182959
LANCOIN,20111011,34.8,34.9,33.3,33.5,10559
LAOPALA,20111011,112.8,116.5,109.1,110.95,44344
LAXMIMACH,20111011,1939,1950,1910,1932.5,1565
LCCINFOTEC,20111011,0.5,0.55,0.5,0.55,6469
LGBBROSLTD,20111011,296.8,296.8,291,292,803
LIBERTSHOE,20111011,83.05,85,82.3,82.95,18724
LICHSGFIN,20111011,225,228.4,222.65,223.45,2262932
LIQUIDBEES,20111011,1000.01,1000.01,999.99,999.99,85695
LITL,20111011,15.4,15.75,15.25,15.35,7007985
LLOYDELENG,20111011,48.5,49.3,48,48.45,9845
LLOYDFIN,20111011,1,1.1,0.95,1.05,10900
LLOYDSTEEL,20111011,12.9,13.2,12.45,12.5,63265
LML,20111011,8.8,8.95,8.75,8.75,84019
LOGIXMICRO,20111011,16.45,16.45,15.1,15.5,11568
LOKESHMACH,20111011,40,40.3,40,40.3,130
LOTUSEYE,20111011,10.7,10.8,9.95,10.45,14039
LOVABLE,20111011,470,484.4,456.65,468.65,949533
LPDC,20111011,2.7,2.7,2.7,2.7,200
LT,20111011,1401,1424.9,1401,1409.8,1352020
LUMAXAUTO,20111011,28.9,28.9,27.55,27.7,165
LUMAXIND,20111011,395,395.8,386.5,392.3,6261
LUMAXTECH,20111011,173,174.9,172.35,174.55,644
LUPIN,20111011,460,471.5,458.45,468.75,1023113
LYKALABS,20111011,14,14.5,14,14.25,3046
M&M,20111011,815,815,794.05,798.75,1067770
M&MFIN,20111011,645,649.8,640.1,644.6,91160
M100,20111011,6.95,6.95,6.9,6.9,85338
M50,20111011,70,70,65.75,66.14,5660
MAANALU,20111011,53.55,53.55,50.3,50.3,300
MADHAV,20111011,17.25,18.4,17.15,17.2,807
MADHUCON,20111011,70.25,71.75,69.3,70.3,7344
MADRASCEM,20111011,101,101.85,98.15,99.3,45078
MADRASFERT,20111011,21,22.15,21,21.8,131037
MAGMA,20111011,71.15,71.15,68.2,69.25,20762
MAGNUM,20111011,4.5,4.9,4.5,4.55,429
MAHABANK,20111011,45.9,47.75,45.7,46.85,410794
MAHINDFORG,20111011,59,60,57.8,57.95,14994
MAHINDUGIN,20111011,44.55,46.5,43.35,45.5,2928
MAHLIFE,20111011,289,293.6,284.15,285.1,2006
MAHSCOOTER,20111011,323.8,326.95,316.25,317.1,834
MAHSEAMLES,20111011,337.1,342.55,336.15,337,11381
MAITHANALL,20111011,98,99.9,97,99.8,105
MALUPAPER,20111011,11,12.4,11,11.55,1560
MALWACOTT,20111011,28.8,28.8,27.6,28,1379
MANAKSIA,20111011,59,59,56.3,58,2591
MANALIPETC,20111011,10.7,10.95,10.55,10.85,29440
MANAPPURAM,20111011,52.5,54.5,52,53.8,1382703
MANDHANA,20111011,211,213.95,205.3,208.35,59641
MANGALAM,20111011,13.45,14,13.45,13.5,2143
MANGCHEFER,20111011,32.8,32.85,32.15,32.35,177398
MANGLMCEM,20111011,103.6,104.4,99.8,100.4,18633
MANGTIMBER,20111011,18,18,17.8,17.8,400
MANINDS,20111011,120.1,129.9,120.1,128.6,22326
MANINFRA,20111011,130,130,120.5,121.1,29125
MANJEERA,20111011,87,93,87,87.05,49
MANJUSHREE,20111011,90.65,90.65,88.75,89.25,933
MANUGRAPH,20111011,49,49.05,49,49,1505
MARALOVER,20111011,12.45,12.5,12.1,12.4,2000
MARG,20111011,83.8,84.25,82.6,82.85,18259
MARICO,20111011,146.6,147.5,145.55,146.65,90882
MARKSANS,20111011,2.15,2.2,2.15,2.15,91260
MARUTI,20111011,1065,1087.3,1063.2,1073.2,704061
MASTEK,20111011,93.9,95.5,93.2,94,123348
MAWANASUG,20111011,18.5,18.5,16.55,16.65,4484
MAX,20111011,178.5,183.3,177.5,177.95,104519
MAXWELL,20111011,28.55,28.6,27.1,28.15,131060
MBECL,20111011,124.65,126.4,121,122.95,8877
MBLINFRA,20111011,128.5,131.9,123.95,128.45,8145
MCDHOLDING,20111011,53.4,53.4,51.05,51.55,5188
MCDOWELL-N,20111011,838.9,847.95,831,838.3,229332
MCLEODRUSS,20111011,238.9,250,236.05,247.7,713593
MEGASOFT,20111011,15.35,15.45,14.25,14.55,4512
MEGH,20111011,10,10.3,9.6,9.65,13718
MERCK,20111011,632.85,635,630,630.4,1322
MHRIL,20111011,323.8,323.8,312.1,315.05,2806
MIC,20111011,10.15,10.5,9.7,9.75,601503
MICROSEC,20111011,29.35,29.5,29,29.4,4221
MICROTECH,20111011,124.5,129,122.6,127.85,45316
MINDAIND,20111011,176.45,180,176.4,180,88
MINDTREE,20111011,348.45,348.45,340,341.95,40900
MIRCELECTR,20111011,18.95,19.3,18.8,19.15,252080
MIRZAINT,20111011,20.3,20.3,19.7,19.75,49302
MLL,20111011,24.25,25.1,23.8,24.35,793674
MMFL,20111011,97.05,105,97.05,100.9,285
MMFSL,20111011,93.6,98,93.6,94.4,4544
MMTC,20111011,641.3,654,641.3,648.15,5694
MOIL,20111011,268,273,260.1,261.85,171339
MONNETISPA,20111011,494.9,494.9,488,488.2,6760
MONSANTO,20111011,835,840,820.1,824.1,1860
MORARJETEX,20111011,14.5,14.5,12.25,12.45,920
MOREPENLAB,20111011,4,4,3.8,3.85,88864
MOSERBAER,20111011,21.9,22.4,21.2,21.6,340098
MOTHERSUMI,20111011,176.7,183.3,172.6,173.55,105235
MOTILALOFS,20111011,82.8,84.65,82,83.65,2751
MOTOGENFIN,20111011,39,39.75,38.35,39.75,324
MPHASIS,20111011,335.05,338.5,325.15,328.05,159507
MPSLTD,20111011,37,37,35.8,35.8,2581
MRF,20111011,6666,6787,6573.15,6605.35,6285
MRO-TEK,20111011,10,10.7,10,10.45,5948
MRPL,20111011,63.45,64.5,63.35,64.1,546806
MSPL,20111011,41.5,42.25,40.55,41.05,13456
MTNL,20111011,31.1,32.2,30.85,31.1,1082605
MUDRA,20111011,24.5,25.25,23.8,24,8169
MUKANDENGG,20111011,26,26.5,26,26.15,1769
MUKANDLTD,20111011,32.8,33,31.85,32.45,13174
MUKTAARTS,20111011,39.75,39.75,36.1,37.3,2108
MUNDRAPORT,20111011,155.9,159.5,152.25,153.45,624082
MUNJALAU,20111011,170.8,173.5,170,170.9,5420
MUNJALSHOW,20111011,60.05,62.2,60.05,61.9,6901
MURLIIND,20111011,24.1,24.1,22,22.85,1025
MURUDCERA,20111011,16.45,17.3,16.45,16.75,436
MUTHOOTFIN,20111011,162.5,168.4,162.5,166.25,255446
MVL,20111011,23.8,24.25,23.4,24,309255
MVLIND,20111011,13.75,13.75,13,13.5,647
MYSOREBANK,20111011,567.9,573.95,557.25,559.95,1639
N100,20111011,105.6,108.17,105.55,107.5,33673
NAGREEKCAP,20111011,21.1,21.55,21.1,21.55,200
NAGREEKEXP,20111011,24.5,25.2,24.5,24.55,192
NAHARCAP,20111011,49.15,49.15,48,48.35,2276
NAHARINDUS,20111011,44,44,42.75,43.4,180
NAHARPOLY,20111011,22,22.5,21.6,22.5,1860
NAHARSPING,20111011,65.3,65.3,62.8,63.7,7637
NANDAN,20111011,2.25,2.3,2.2,2.25,99675
NATCOPHARM,20111011,231.95,236.75,231,231.75,5602
NATHSEED,20111011,13.1,13.2,12.65,12.7,4601
NATIONALUM,20111011,62,63,61.6,61.8,212635
NATNLSTEEL,20111011,16.6,17.55,16.1,16.6,41710
NAUKRI,20111011,680,697.9,672,676.1,3009
NAVINFLUOR,20111011,362,376.9,360.95,374.95,27822
NAVNETPUBL,20111011,65.5,65.9,64.4,64.95,534300
NBVENTURES,20111011,181.9,182,172.65,175.25,21505
NCC,20111011,57.3,58.5,55.85,56.3,605395
NCLIND,20111011,36,36.4,35.35,36.15,9014
NDTV,20111011,50,51.2,49.45,49.75,77558
NECLIFE,20111011,21.4,21.5,20.8,21,31041
NELCAST,20111011,22.15,22.8,22.15,22.7,11302
NELCO,20111011,53.4,55.25,53.05,53.8,31831
NEOCURE,20111011,2.35,2.35,2.35,2.35,40
NEPCMICON,20111011,3.4,3.45,3.15,3.2,51249
NESCO,20111011,567,594.9,567,573.85,57195
NESTLEIND,20111011,4228.95,4228.95,4130,4152.4,6776
NET4,20111011,146.1,149,144.75,145.85,30250
NETWORK18,20111011,63.5,63.55,59,60.75,684197
NEULANDLAB,20111011,87,88.95,84.1,86.3,2169
NEXTMEDIA,20111011,4.7,5.8,4.65,5.05,89286
NEYVELILIG,20111011,75.6,76.9,74.5,74.75,361899
NFL,20111011,68,70.9,67.55,69.3,290606
NHPC,20111011,23.3,23.55,23.15,23.4,3156852
NICCO,20111011,2.65,2.65,2.4,2.45,30604
NIFTYBEES,20111011,507.4,512.5,502.1,503.62,101259
NIITLTD,20111011,44.4,44.7,43.5,43.9,57185
NIITTECH,20111011,197.7,198.5,193.5,194.95,16579
NILKAMAL,20111011,266,270,257.5,259.95,2560
NIPPOBATRY,20111011,386,400,386,399,867
NITCO,20111011,48.95,49.5,47.5,47.75,11452
NITESHEST,20111011,16.7,16.7,15.6,15.85,56990
NITINFIRE,20111011,39.7,41.2,38.45,39,842523
NITINSPIN,20111011,6.1,6.7,6.1,6.15,6632
NMDC,20111011,239.7,245,239.7,243,1146193
NOCIL,20111011,16.1,16.55,16,16.1,131062
NOIDATOLL,20111011,23.1,23.55,22.95,23.25,98417
NOL,20111011,40,40,40,40,1
NORBTEAEXP,20111011,5.15,5.55,5.15,5.25,23
NORTHGATE,20111011,12,12.55,11.75,12.35,21679
NRBBEARING,20111011,48.1,50.45,44.7,48.8,63635
NRC,20111011,3.7,3.9,3.65,3.75,3301
NSIL,20111011,607,629.95,601.35,601.7,102
NTPC,20111011,171,177,170.9,176.4,6267867
NUCENT,20111011,2,2.05,2,2.05,6
NUCHEM,20111011,2.8,2.8,2.75,2.75,5124
NUCLEUS,20111011,66.9,67.6,62.25,65.05,18605
NUMERICPW,20111011,190,190.05,188.4,190,1813
NUTEK,20111011,2.95,3.25,2.95,3.15,1063618
OBEROIRLTY,20111011,239.9,242,232.6,233.85,3993
OCL,20111011,92.05,92.05,89,91.05,12047
OFSS,20111011,1990.2,2000,1943.1,1966.55,34939
OIL,20111011,1344,1348.9,1295.1,1300.05,52273
OILCOUNTUB,20111011,60.95,62,59.15,59.7,2689
OISL,20111011,50,50.5,48.95,49.1,3257
OMAXAUTO,20111011,37.5,37.5,37.2,37.45,3416
OMAXE,20111011,139.05,139.5,135.35,137.05,22796
OMKARCHEM,20111011,67.9,68.9,67.1,67.75,2180
OMMETALS,20111011,26.9,29.25,25,29.25,97232
OMNITECH,20111011,139.1,142.45,138.5,139.55,15649
ONGC,20111011,271.1,273.9,267.2,268.25,3185082
ONMOBILE,20111011,60.5,61,58.6,59,359692
ONWARDTEC,20111011,39,39.9,38.1,39.7,2481
OPTOCIRCUI,20111011,222,229,222,227.55,614734
ORBITCORP,20111011,34.5,35.1,33.8,34.1,175859
ORCHIDCHEM,20111011,160,165.7,159.1,164.05,1492783
ORIENTABRA,20111011,36,36.75,34.05,34.4,97466
ORIENTALTL,20111011,8.3,8.75,8.05,8.65,1952
ORIENTBANK,20111011,297.85,302.6,291.75,293.1,253802
ORIENTCERA,20111011,46.2,46.9,46,46.4,1659
ORIENTHOT,20111011,26.9,26.9,26.25,26.3,1055
ORIENTPPR,20111011,57.1,59.25,57.1,58.25,37370
ORISSAMINE,20111011,43749.75,44199,43422,43664.6,524
OSWALMIN,20111011,41.5,44.5,41.5,44.35,290
OUDHSUG,20111011,19.85,20.4,19.45,19.5,21068
PAEL,20111011,21.5,22.9,21.5,22,1932
PAGEIND,20111011,2490.05,2552.9,2460,2504.25,1468
PANACEABIO,20111011,116,123.8,113,113.85,13081
PANAMAPET,20111011,248,250,220,223,3661
PANASONIC,20111011,106.45,106.95,105,105.65,524
PANCARBON,20111011,124.7,128.25,124.7,128.2,400
PANORAMUNI,20111011,10.6,11.4,10.6,11.1,1669
PANTALOONR,20111011,198,205.5,198,202.1,925239
PAPERPROD,20111011,76,76.9,75.5,76.35,4052
PARABDRUGS,20111011,33.6,34.85,33.6,34.55,19928
PARACABLES,20111011,3,3.2,2.95,3.05,17515
PARAL,20111011,231.2,260.8,231.2,246.7,75404
PARAPRINT,20111011,23.65,23.75,22.5,22.8,38246
PARASPETRO,20111011,0.45,0.45,0.45,0.45,14539
PARRYSUGAR,20111011,81,81,78.1,78.4,811
PARSVNATH,20111011,69.7,71.8,67.55,68.4,984295
PATELENG,20111011,95.5,97.7,94.65,95.9,390845
PATINTLOG,20111011,32.5,33.85,31.5,33.5,3077
PATNI,20111011,299,299,289,290.7,91409
PATSPINLTD,20111011,12,13,11.7,11.7,1152
PBAINFRA,20111011,42.45,42.55,41.35,41.9,5495
PDPL,20111011,97,100.95,93.5,100.95,15614
PDUMJEIND,20111011,16.1,19.45,15.75,16.4,7
PDUMJEPULP,20111011,17.6,17.6,16.9,16.95,251
PEACOCKIND,20111011,3.2,3.2,2.9,2.9,41
PEARLPOLY,20111011,20.75,20.8,20.75,20.8,40
PENIND,20111011,38.95,38.95,37.75,37.85,22243
PENINLAND,20111011,42.3,42.5,41.1,41.2,269527
PEPL,20111011,2.3,2.3,2.3,2.3,1750
PERIATEA,20111011,160,176.75,151,151,1905
PERSISTENT,20111011,300.9,303.7,293.05,295.25,9441
PETRONENGG,20111011,280.05,283.5,278.65,279,1384
PETRONET,20111011,155,158.8,155,157.5,1996915
PFC,20111011,145,151.9,144.9,148,4393187
PFIZER,20111011,1347,1347,1313.2,1329.9,731
PFOCUS,20111011,57.1,57.65,55.55,56.15,413737
PFS,20111011,15.6,16.6,15.5,16.5,188762
PGEL,20111011,212,229,208,221.05,401606
PGHH,20111011,1929,1930,1885.55,1895.1,389
PHILIPCARB,20111011,140.1,144.95,138.8,140.9,39689
PHOENIXLTD,20111011,202.4,203.85,199,199.25,6042
PIDILITIND,20111011,165,165.95,161.7,162.6,28247
PIIND,20111011,580,585,575.05,575.8,949
PIONDIST,20111011,50.25,50.25,46.15,47,3553
PIONEEREMB,20111011,12,12.3,11.9,12.2,618
PIPAVAVDOC,20111011,84.75,84.75,82.15,84.15,4801058
PIRGLASS,20111011,118,127,118,123.95,6661
PIRHEALTH,20111011,359.75,359.75,347.5,348.45,182888
PIRLIFE,20111011,89.95,90,88,89,19956
PITTILAM,20111011,45.65,47.05,45.1,45.35,14040
PLASTIBLEN,20111011,165,174.35,162.6,170,29
PLETHICO,20111011,370,372.8,368.05,369.55,42572
PNB,20111011,944,959,939.1,954.4,357079
PNBGILTS,20111011,24.5,24.5,23.9,24,7936
PNC,20111011,14.05,14.2,13.1,13.2,568
POCHIRAJU,20111011,12.95,13.05,12.45,12.9,12069
POLARIND,20111011,4.1,4.15,3.95,4.15,2380
POLARIS,20111011,131.5,131.7,126,128.1,343161
POLYPLEX,20111011,177.5,183.15,175.05,175.95,56288
PONDYOXIDE,20111011,29,30.05,28.6,29.95,9616
PONNIERODE,20111011,79.5,82.9,79,82,511
POWERGRID,20111011,98.5,99.05,97.5,98.7,2837801
PPAP,20111011,78.3,80.95,77.5,79.8,414
PRADIP,20111011,64.25,64.25,61.55,62.8,1168
PRAENG,20111011,6.05,6.15,5.55,5.85,85289
PRAJIND,20111011,74.85,78.2,74.85,76.35,1707582
PRAKASH,20111011,50,50.3,49.05,49.4,149534
PRAKASHCON,20111011,176,206,175.25,197.1,4241998
PRAKASHSTL,20111011,121,121.5,119.05,120,3132
PRATIBHA,20111011,44.5,45.25,43.55,44.25,46536
PRECOT,20111011,108.5,108.65,108.1,108.5,1530
PRECWIRE,20111011,82.65,86.95,82.65,86,2051
PREMIER,20111011,84.8,85,78.3,78.95,7394
PRESTIGE,20111011,89.95,92.4,88.7,91.45,23393
PRETAILDVR,20111011,150,150,148.1,149.85,2340
PRICOL,20111011,15.1,15.65,15.1,15.3,1772
PRIMESECU,20111011,16.95,17.7,16.95,17.45,7981
PRISMCEM,20111011,41.6,42.5,41.25,41.75,1113100
PRITHVI,20111011,18.5,19.55,18.45,18.9,2528
PROVOGUE,20111011,30.95,32.2,30.6,31.25,219068
PSB,20111011,66.5,68.15,65.65,67.75,226354
PSL,20111011,62.85,63.95,62.3,63.4,66257
PSUBNKBEES,20111011,316,336.9,316,323.59,501
PTC,20111011,70.1,70.5,68.7,69.35,381346
PTL,20111011,41.25,41.25,39.35,40.55,6576
PUNJABCHEM,20111011,68.25,72.1,68.25,69.35,769
PUNJLLOYD,20111011,55.9,57.15,54.6,55.45,3510311
PURVA,20111011,69.2,72.5,68.2,72.05,21274
PVP,20111011,4.65,4.75,4.35,4.45,71833
PVR,20111011,112.9,113.9,110.3,111,31862
QGOLDHALF,20111011,1280.15,1289.15,1275,1280.1,798
QNIFTY,20111011,535,535,510.3,510.3,26
QUINTEGRA,20111011,3,3.1,2.85,2.85,3767
RADAAN,20111011,2.15,2.3,2.1,2.25,20645
RADICO,20111011,124.7,125.7,123.1,124.3,64312
RAINBOWPAP,20111011,66,66.8,65.85,65.95,70611
RAINCOM,20111011,26,26.45,25.75,25.9,51400
RAJESHEXPO,20111011,132.5,140.5,132.1,137.8,1933866
RAJOIL,20111011,22.5,22.5,21,21.35,23678
RAJPALAYAM,20111011,205,208.7,201.2,204.3,471
RAJRAYON,20111011,10.15,10.4,9.8,9.9,1954
RAJSREESUG,20111011,35,36.5,35,36.15,4860
RAJTV,20111011,61.2,63,59.9,61.95,39563
RAJVIR,20111011,110,113,110,110.5,53
RALLIS,20111011,176.4,183,176.4,179.85,93004
RAMANEWS,20111011,10.1,10.85,10.1,10.45,7775
RAMCOIND,20111011,42,42,41.5,41.5,3902
RAMCOSYS,20111011,58,59.95,58,58.6,8330
RAMKY,20111011,205.25,214,205.25,211.15,14543
RAMSARUP,20111011,9.25,9.9,9.25,9.65,12108
RANASUG,20111011,3.95,4.2,3.9,3.95,111367
RANBAXY,20111011,516.5,522.9,514.1,516.55,337211
RANEENGINE,20111011,186.5,203,184.25,185.3,102
RANEHOLDIN,20111011,200,206.6,198.1,201.95,2066
RANKLIN,20111011,14.75,14.95,14.2,14.4,3521
RATNAMANI,20111011,102.5,103,102.1,102.8,1162
RAYMOND,20111011,347,350,338.75,339.6,107655
RBL,20111011,107.95,114.95,105.3,111.35,437
RBN,20111011,66.9,68.3,64.3,65,50226
RCF,20111011,70.95,76.85,70.7,74.95,1324027
RCOM,20111011,74.55,76.75,73.7,74.1,8139010
RECLTD,20111011,169.85,181.65,168,177.3,4675017
REDINGTON,20111011,93,94.7,92.15,93.3,111897
REFEX,20111011,11.65,12.45,11.65,11.9,2358
REIAGROLTD,20111011,24.9,25.9,23.75,23.9,158093
REISIXTEN,20111011,23.9,23.9,21.05,21.35,4445
RELAXO,20111011,420,436,420,435.2,1250
RELBANK,20111011,890,900,890,898.75,8
RELCAPITAL,20111011,339.9,344.8,332.25,341.15,3781392
RELGOLD,20111011,2506.05,2518.8,2500.05,2501.8,8007
RELGRNIFTY,20111011,489.9,490,475,475,112
RELIANCE,20111011,835,841.4,822.5,827,3592510
RELIGARE,20111011,435.35,449,435.35,444.8,29369
RELIGAREGO,20111011,2688.95,2688.95,2622.1,2629.8,333
RELINFRA,20111011,402,412,398.85,403,1467010
RELMEDIA,20111011,90.5,91.85,89,89.85,303360
RENUKA,20111011,54.5,55.6,53.75,54.55,4569322
REPRO,20111011,138.9,156.95,138.05,152.8,106381
RESPONIND,20111011,108,109,106.55,108.3,7180
RESURGERE,20111011,0.3,0.3,0.25,0.25,9655160
REVATHI,20111011,343.7,368.95,343.7,352.5,333
RICOAUTO,20111011,11.35,11.4,10.55,11.2,63827
RIIL,20111011,400,408,396.2,398.4,105417
RJL,20111011,91,95,90.75,92.9,3328
RKDL,20111011,16.75,17.05,16.55,16.85,4535
RKFORGE,20111011,102.55,103,101,101.15,453
RMCL,20111011,5.1,5.4,5,5.1,4075
RML,20111011,120,120,118.5,118.5,751
ROHITFERRO,20111011,28.05,28.25,27.5,28,23506
ROHLTD,20111011,52.5,57,51.3,55.2,38275
ROLTA,20111011,72.55,73.85,71.75,72.25,648436
ROMAN,20111011,22.7,23,22.65,22.7,860
RPGLIFE,20111011,80.05,81.4,79.7,80.95,1171
RPOWER,20111011,82.7,83.35,81.55,82.65,1903319
RPPINFRA,20111011,59,60,58,58,522
RSSOFTWARE,20111011,54,56.9,52.8,55,5576
RSWM,20111011,86,89.85,86,88.85,15987
RSYSTEMS,20111011,100.25,100.25,98.9,100.1,1283
RUBYMILLS,20111011,818,818,812.35,815.6,109
RUCHINFRA,20111011,22.2,22.6,22,22.45,25600
RUCHIRA,20111011,9.85,9.85,8.3,8.6,11869
RUCHISOYA,20111011,113.9,114.7,110.8,111.75,225720
RUSHIL,20111011,188,192,177.85,181.25,580121
SABERORGAN,20111011,120,121,119.55,120.6,45673
SADBHAV,20111011,130.4,133.45,130.4,130.5,2804
SAGCEM,20111011,130,136,126.3,136,1493
SAHPETRO,20111011,29,29.05,29,29,116
SAIL,20111011,105.5,108.15,104.2,107.4,5025020
SAKHTISUG,20111011,26.4,26.85,26.05,26.15,29831
SAKSOFT,20111011,79,79,70.25,70.65,870
SAKUMA,20111011,13.5,13.9,13.3,13.3,220
SALORAINTL,20111011,24.5,25.45,24.4,25.15,234
SALSTEEL,20111011,5.25,5.4,5.25,5.3,20516
SAMBANDAM,20111011,82,82,72.6,72.9,129
SAMBHAAV,20111011,1.05,1.4,1.05,1.2,931
SANDESH,20111011,265.1,285,265.05,282.3,496
SANGAMIND,20111011,31,31.4,30.4,30.8,4000
SANGHIPOLY,20111011,1.35,1.5,1.35,1.45,380
SANGHVIFOR,20111011,24.75,25.4,22.8,23.9,3696
SANGHVIMOV,20111011,118.45,124.5,117.3,122.05,3189
SANWARIA,20111011,14.75,14.8,13.95,14.1,340629
SARDAEN,20111011,128.45,128.85,122.1,122.95,17154
SAREGAMA,20111011,69.3,70.2,68.05,69.6,31929
SASKEN,20111011,109.65,109.8,107.05,107.85,17151
SATHAISPAT,20111011,36.4,37.5,35.6,36,1505
SATYAMCOMP,20111011,70.3,72.9,69.9,71.6,5683664
SAVERA,20111011,37.95,38,36,36,21
SB&TINTL,20111011,14.8,14.9,13.75,14.9,11298
SBBJ,20111011,380,389.9,380,384.5,9174
SBIGETS,20111011,2623,2640,2618.15,2622.7,7296
SBIN,20111011,1776.8,1806,1753.5,1764.55,3935461
SBT,20111011,602,607.3,592.05,592.9,8607
SCI,20111011,72,72.8,70.45,70.9,564097
SEAMECLTD,20111011,105.7,106,102.35,102.75,3219
SELAN,20111011,294,299,289.2,290.7,10497
SELMCL,20111011,12.45,12.6,12.3,12.55,214278
SENTINEL,20111011,15.9,17.75,13.2,14.8,3612
SERVALL,20111011,6.3,6.6,6.3,6.4,68808
SESAGOA,20111011,217.9,226.3,214.6,223.6,5306864
SESHAPAPER,20111011,199.05,209.85,199.05,205.5,1454
SEZALGLASS,20111011,2.5,2.5,2.4,2.4,9859
SGFL,20111011,4.95,4.95,4.95,4.95,40
SGJHL,20111011,147.5,152.15,147.5,150.45,160703
SGL,20111011,3.8,3.8,3.55,3.75,2820
SHAHALLOYS,20111011,9.25,9.25,9.25,9.25,16
SHALPAINTS,20111011,429.9,444.9,429.9,433.95,3697
SHANTIGEAR,20111011,38.65,39.75,38.5,38.6,13370
SHARIABEES,20111011,115,115.7,112.9,112.9,918
SHARRESLTD,20111011,54.9,55.95,53.45,53.45,76006
SHASUNPHAR,20111011,58.9,61.5,58.6,59.65,322653
SHILPAMED,20111011,218,222,218,218,17
SHILPI,20111011,12.85,13.45,12.75,13.15,37947
SHIV-VANI,20111011,195,195,191.25,192.9,3632
SHIVAMAUTO,20111011,116,120,114,119.65,3678
SHIVTEX,20111011,24,24.05,23.5,23.85,3097
SHLAKSHMI,20111011,103,104.75,99.25,103.7,88477
SHOPERSTOP,20111011,360.05,369.95,359.95,365.7,13260
SHREEASHTA,20111011,5.8,6.25,5.8,6.05,14697397
SHREECEM,20111011,1822,1822,1760,1797.65,3784
SHREERAMA,20111011,4.3,4.35,4.15,4.2,29306
SHRENUJ,20111011,58.5,64.5,58.5,62.85,5594
SHREYANIND,20111011,18.05,19.8,18,19.7,503
SHREYAS,20111011,35.15,35.5,34.5,34.55,1007
SHRIRAMCIT,20111011,515,525.9,515,524.8,1596
SHRIRAMEPC,20111011,125,125,118.6,120.15,2546
SHYAMTEL,20111011,33.7,34.5,33.5,33.65,5788
SICAGEN,20111011,19.8,19.8,19,19.2,9500
SICAL,20111011,70.05,71.5,70.05,70.6,19008
SIEMENS,20111011,837.8,850,829.05,830.75,192460
SILINV,20111011,87.95,87.95,83,85.35,4
SIMBHSUGAR,20111011,29.9,29.9,28.5,28.85,788
SIMPLEX,20111011,88.95,88.95,85,85,455
SIMPLEXINF,20111011,232.3,232.3,223.05,229.9,1169
SINTEX,20111011,115.4,119.7,112.5,115.5,2733738
SIRPAPER,20111011,45.15,47.5,45.15,47.25,1271
SITASHREE,20111011,8,8.65,7.75,8.05,10427
SIYSIL,20111011,272,277.95,264.05,268.9,769
SJVN,20111011,21.95,21.95,21.25,21.55,52783
SKFINDIA,20111011,670,670,660.2,660.95,2193
SKMEGGPROD,20111011,7.75,7.75,7.2,7.7,7104
SKSMICRO,20111011,221,224,216.55,217.5,170341
SKUMARSYNF,20111011,41.1,42.15,39.7,40.05,1080758
SMARTLINK,20111011,40.15,40.2,38.65,39.45,5979
SMLISUZU,20111011,384.05,390,384.05,388,290
SMOBILITY,20111011,104.5,104.9,100.6,102.3,111008
SMPL,20111011,7,7.35,7,7.1,64615
SMSPHARMA,20111011,167,174,167,173.9,790
SOBHA,20111011,219.95,226.95,215,216.1,89136
SOFTTECHGR,20111011,5,5,4.5,4.75,159
SOLARINDS,20111011,800,804.5,790,798.95,5314
SOMANYCERA,20111011,42.9,43.65,42.1,43,841
SONASTEER,20111011,13.9,14.2,13.9,14,27032
SONATSOFTW,20111011,29.6,29.95,28.55,28.7,120306
SOTL,20111011,529,540,526.1,530.75,781
SOUISPAT,20111011,4.55,4.8,4.35,4.65,96552
SOUTHBANK,20111011,22.2,22.4,22,22.1,1427823
SPANCO,20111011,137.05,138.65,133.2,136.5,61237
SPARC,20111011,81.45,81.45,79.5,79.9,30109
SPENTEX,20111011,8.1,9.1,8.1,8.25,8177
SPIC,20111011,25.2,25.7,25,25.2,165385
SPMLINFRA,20111011,123.9,124.8,120.05,120.45,1363
SPYL,20111011,23.45,23.5,22.55,22.85,3172
SREINFRA,20111011,32.75,34,32.75,33.75,701381
SRF,20111011,295.8,300.85,295.55,296.7,12658
SRGINFOTEC,20111011,0.45,0.55,0.45,0.55,5462
SRHHLINDST,20111011,3.6,4,3.6,3.65,680
SRHHYPOLTD,20111011,38.35,41.4,38.35,39.95,2614
SRSLTD,20111011,30.9,31.7,30.5,31.4,365569
SRTRANSFIN,20111011,580,606.2,580,597.45,1221085
SSWL,20111011,220.7,226,220.7,222.4,3976
STAR,20111011,349.4,352.5,344.3,345.7,62907
STARPAPER,20111011,24.7,27,24.7,25.05,956
STCINDIA,20111011,153.5,159.3,152.25,154.05,131364
STER,20111011,119.8,120.8,115.2,115.8,6876647
STERLINBIO,20111011,67.75,67.75,66.1,67.35,453466
STERTOOLS,20111011,107.8,107.8,107.8,107.8,4
STOREONE,20111011,13,13.1,12.7,12.7,10791
STRTECH,20111011,38.3,39,37.2,37.3,417642
SUBEX,20111011,42.25,42.75,40.85,41.05,706912
SUDAR,20111011,67,67.35,64,65.45,298326
SUDARSCHEM,20111011,700,700.5,700,700,923
SUJANATOW,20111011,26.3,27.15,26.3,26.55,918428
SUJANAUNI,20111011,4.5,4.5,4.45,4.45,61235
SUMEETINDS,20111011,24.05,24.65,23.85,24.1,62168
SUMMITSEC,20111011,78,78.5,75.25,76.75,1032
SUNCLAYTON,20111011,136,136,133.75,134.9,636
SUNDARAM,20111011,42.9,42.9,42.2,42.3,61424
SUNDARMFIN,20111011,516,516,502,505,5820
SUNDRMFAST,20111011,60.8,60.8,58.6,59.05,20859
SUNFLAG,20111011,24.8,25.5,24.8,25.45,22311
SUNILHITEC,20111011,83.75,84.5,83,83.3,5600
SUNPHARMA,20111011,468,483.4,463.5,477.65,1339933
SUNTECK,20111011,335,344,335,339.05,7561
SUNTV,20111011,272,292.4,270.35,284.6,4860868
SUPER,20111011,172,175,172,175,100
SUPERSPIN,20111011,8.1,8.15,7.85,8.15,1420
SUPPETRO,20111011,70,70.65,70,70,21596
SUPRAJIT,20111011,19.05,19.45,19.05,19.3,12064
SUPREMEIND,20111011,190.4,198,179.8,182.6,7894
SUPREMEINF,20111011,227,227,210,214.9,13263
SURAJDIAMN,20111011,45.85,47,45.4,46.6,58153
SURANACORP,20111011,99,99,98.5,98.5,1015
SURANAIND,20111011,429,441.95,350.65,420.5,70287
SURANAT&P,20111011,13.75,14.05,13.4,13.5,5502
SURANAVEL,20111011,29.45,29.45,25.3,27.35,10560
SURYAJYOTI,20111011,22.95,23,22.2,22.85,13735
SURYALAXMI,20111011,60,62,59.2,59.25,1536
SURYAPHARM,20111011,15.65,15.65,15.35,15.45,22297
SURYAROSNI,20111011,59.9,61.25,59.5,59.65,5571
SUTLEJTEX,20111011,180,181,173,173.85,1052
SUVEN,20111011,16,16.3,15.65,15.9,25090
SUZLON,20111011,37.9,38.1,36.9,37.25,11795176
SWARAJENG,20111011,454.9,474.7,454.9,458.45,13414
SYMPHONY,20111011,1234.05,1262,1216,1217.75,446
SYNCOM,20111011,14.9,14.9,13.5,14.45,31466
SYNDIBANK,20111011,102.6,103.5,100,100.5,146313
TAINWALCHM,20111011,21.1,21.15,21.05,21.05,280
TAJGVK,20111011,90,90,88.1,88.15,10602
TAKE,20111011,28.85,29.6,28.35,29.35,19312
TALBROAUTO,20111011,40.5,40.5,39,39.45,1492
TALWALKARS,20111011,165.65,168,160,160.85,55786
TANLA,20111011,7.4,7.5,7.25,7.3,182775
TANTIACONS,20111011,49,50,47.05,47.85,4044
TARAPUR,20111011,18.25,18.25,17.55,17.8,7560
TATACHEM,20111011,312,314,308.3,311.95,318177
TATACOFFEE,20111011,898.7,919.65,885.7,889.1,1191774
TATACOMM,20111011,187.1,190,181.05,182.1,222980
TATAELXSI,20111011,205.4,205.9,198.4,200.4,24047
TATAGLOBAL,20111011,86.15,88.8,86.1,86.65,1353794
TATAINVEST,20111011,481.25,487.55,481.25,486.05,2294
TATAMETALI,20111011,76.85,78,75.3,75.75,23883
TATAMOTORS,20111011,172.7,177.95,171.35,176.75,22825907
TATAMTRDVR,20111011,98.2,98.35,95,97.15,1963840
TATAPOWER,20111011,105,106.2,102.05,102.7,6476284
TATASPONGE,20111011,306,310,302.05,303.15,3764
TATASTEEL,20111011,439.8,443.3,430.7,433.55,4898188
TCI,20111011,82.9,82.9,79.2,80.65,4509
TCIDEVELOP,20111011,155.2,157.1,155.2,157.05,31
TCIFINANCE,20111011,30.8,30.8,28.3,28.6,3659
TCS,20111011,1075,1078,1034.5,1040.85,2238187
TDPOWERSYS,20111011,254.15,258,254,256.35,6876
TECHM,20111011,576.1,589,568,574.7,230639
TECHNO,20111011,216,222.75,215.25,220.55,13908
TECHNOFAB,20111011,138.95,139,133.05,134.05,679
TECPRO,20111011,220,221.45,214,215.7,11381
TELEDATAIT,20111011,0.35,0.35,0.25,0.25,218927
TELEMARINE,20111011,0.5,0.6,0.5,0.55,13456
TEXMACOLTD,20111011,31,32.4,30.15,30.5,71162
TEXMOPIPES,20111011,35.5,36,34.25,34.6,96668
TEXRAIL,20111011,82,83,80.55,82.2,9782
TFCILTD,20111011,28.25,28.25,27,27.65,16713
TFL,20111011,15.95,15.95,13.75,14.3,301
THANGAMAYL,20111011,154,161,152.05,158.1,14631
THERMAX,20111011,424.85,430,420,421.95,127330
THINKSOFT,20111011,37.7,39.7,37.3,38.2,78549
THIRUSUGAR,20111011,71,72.85,71,71.05,156
THOMASCOOK,20111011,46.5,47,45.5,46.35,91650
TI,20111011,32.7,33.1,32.2,32.4,100375
TIDEWATER,20111011,6410,6630.25,6410,6518.05,809
TIIL,20111011,39.9,39.9,38.45,38.95,6711
TIL,20111011,403.5,403.5,394,398.55,2070
TIMESGTY,20111011,27,27,25.75,25.75,1631
TIMETECHNO,20111011,65.5,65.5,63,63.1,7119
TIMKEN,20111011,214.8,217.9,212.25,213.45,69092
TINPLATE,20111011,46,46.45,45.5,45.75,17157
TIPSINDLTD,20111011,28.25,28.9,28.1,28.85,25
TIRUMALCHM,20111011,71,72.5,68.55,70.4,178
TITAN,20111011,212.5,215.6,211,212.8,1892546
TNPETRO,20111011,15.6,15.9,15.45,15.55,13041
TNPL,20111011,98,99.75,97.9,98.35,14881
TODAYS,20111011,5.05,5.4,5.05,5.05,3538
TOKYOPLAST,20111011,14,14.7,13.9,14.7,184
TORNTPHARM,20111011,551,563.9,548,551.35,7261
TORNTPOWER,20111011,229.5,234.8,229.5,233,540901
TREEHOUSE,20111011,177,179.5,168.15,172.1,207000
TRENT,20111011,1090,1090,1062.15,1081.25,6441
TRF,20111011,315,334,315,324.1,12788
TRICOM,20111011,11.25,12,11.25,11.8,2112
TRIDENT,20111011,12.3,12.3,11.2,11.4,129986
TRIGYN,20111011,13.4,13.4,12.8,12.9,3003
TRIL,20111011,219.3,221.6,219.2,220.7,490
TRIVENI,20111011,21.7,22,21,21.15,235651
TTKHEALTH,20111011,475,502.7,470.7,481.95,246145
TTKPRESTIG,20111011,2800,2903.75,2800,2852.55,209679
TTL,20111011,24.45,24.45,23.65,24.1,2706
TTML,20111011,17.4,17.65,17.2,17.2,1154221
TUBEINVEST,20111011,135.75,138.9,132.55,135,64832
TULIP,20111011,156,157.55,153.9,154.75,122270
TULSI,20111011,11.3,11.9,11.25,11.7,51790
TV18BRDCST,20111011,41.7,42.2,41.15,41.8,43836
TVSELECT,20111011,19.4,19.4,18.2,18.9,1440
TVSMOTOR,20111011,59.2,59.8,57.75,58.05,1077860
TVSSRICHAK,20111011,380,382,373.1,378.7,801
TVTODAY,20111011,51.05,52.05,50.1,50.75,10152
TWILITAKA,20111011,31.15,33,31.15,33,63994
TWL,20111011,419,426.8,412,419.1,18490
UBENGG,20111011,52.95,52.95,50,50.25,11381
UBHOLDINGS,20111011,98.4,100,97.5,99,115544
UBL,20111011,381.45,381.95,374.5,378.25,16063
UCALFUEL,20111011,69.75,71.95,69.75,70.85,4912
UCOBANK,20111011,65.2,66.7,65.2,65.5,706618
UFLEX,20111011,153,156.25,150.7,151.4,815592
UGARSUGAR,20111011,13.05,13.25,12.2,13.05,8844
ULTRACEMCO,20111011,1095,1095,1065.15,1084.85,94494
UMESLTD,20111011,17.5,20.9,17,18.35,26072
UNICHEMLAB,20111011,136.2,136.8,135.25,136.2,7880
UNIENTER,20111011,26.5,27.45,26.05,26.95,3665
UNIONBANK,20111011,238.5,247.4,235.05,241.4,769980
UNIPHOS,20111011,134,136.7,131.6,132.5,881570
UNIPLY,20111011,11.1,12.2,11,11.2,1391
UNITECH,20111011,27,27.5,26.5,26.7,16821521
UNITEDBNK,20111011,74.05,74.7,72.25,72.7,54008
UNITEDTEA,20111011,135.1,135.1,135.1,135.1,12
UNITY,20111011,40.2,42.3,40.2,40.5,243706
UNIVCABLES,20111011,46.05,49.9,46.05,48.05,909
UPERGANGES,20111011,44.55,45.85,44,44.45,716
USHAMART,20111011,31.5,31.75,29.9,30.15,271595
USHERAGRO,20111011,124.8,127.45,123.5,126.6,633016
UTISUNDER,20111011,900,900,900,900,25
UTTAMSTL,20111011,77,79.2,75.6,76.35,110515
UTTAMSUGAR,20111011,28.75,30.5,28.75,29.85,7342
UTVSOF,20111011,990,990,955,962.15,58682
VADILALIND,20111011,117.95,124.45,110.6,110.6,2261
VAIBHAVGEM,20111011,31.9,31.9,31.1,31.35,4682
VAKRANSOFT,20111011,356,359.95,355.35,357.9,25085
VALECHAENG,20111011,76.25,80.3,75.25,78.3,52288
VALUEIND,20111011,17,17.4,16.85,17,11642
VARDHACRLC,20111011,9,9.15,8.95,9,12969
VARDMNPOLY,20111011,105.5,105.5,103.5,105.1,60623
VARUN,20111011,250.65,252,246.45,248.45,150295
VARUNSHIP,20111011,19.2,19.2,18.45,18.55,55859
VASCONEQ,20111011,46.5,51.4,46.5,50.05,22639
VENKEYS,20111011,402.7,414,400.5,402.15,31433
VENUSREM,20111011,194,197.6,188,190.15,5806
VESUVIUS,20111011,398,400.25,392.5,395,26641
VGUARD,20111011,208.7,215.5,207.25,213.1,131731
VHL,20111011,372,429,372,415,700
VICEROY,20111011,24.5,25.6,24.1,25.2,46157
VIDEOIND,20111011,172.5,173.3,169.1,170.75,80579
VIJAYABANK,20111011,53.55,54.85,53,53.45,997196
VIJSHAN,20111011,15.3,17.05,15.3,16.6,5302
VIKASHMET,20111011,10.05,10.4,9.75,10.1,80973
VIMTALABS,20111011,18,18.25,17.25,17.6,71068
VINATIORGA,20111011,65.75,66.45,65.5,65.55,8869
VINDHYATEL,20111011,149.85,149.85,146.05,146.7,385
VINYLINDIA,20111011,8.8,9.25,8.8,9.05,2121
VIPIND,20111011,917,939.7,911.6,921.55,595189
VIPUL,20111011,10.45,11,10.25,10.65,14459
VISAKAIND,20111011,86.3,89.05,86.3,88.85,6968
VISASTEEL,20111011,58.5,59,58.5,58.5,7348
VISESHINFO,20111011,3.2,3.2,2.9,2.95,12571
VISHALRET,20111011,23.7,23.7,23.35,23.4,11067
VISUINTL,20111011,2.05,2.05,1.9,1.9,2622
VIVIMEDLAB,20111011,252,252,246.25,247.25,4356
VLSFINANCE,20111011,11.2,11.4,11.1,11.4,11631
VOLTAMP,20111011,492.75,505.05,492.75,499.7,10225
VOLTAS,20111011,103,104.4,99.5,100.7,1305165
VSTIND,20111011,1350,1370,1310,1314.85,12675
VSTTILLERS,20111011,514,515.05,507.1,513.9,636
VTL,20111011,198,201,193,200.55,14310
VTXIND,20111011,13.5,13.9,13.5,13.9,473
WABAG,20111011,374.5,379,360,361.1,1855
WABCOINDIA,20111011,1249.3,1279.95,1238.1,1241.35,313
WALCHANNAG,20111011,87,91.5,87,88.5,68472
WANBURY,20111011,24.25,24.35,23.55,23.9,1372
WEBELSOLAR,20111011,38,38.7,37.45,37.6,714
WEIZFOREX,20111011,73,73,68.15,68.8,500
WEIZMANIND,20111011,8.75,10.4,8.65,9.55,7281
WELCORP,20111011,113.5,118.45,113.35,117.5,519003
WELGLOB,20111011,42.95,42.95,38.85,39.35,5452
WELINV,20111011,45.45,47,44.3,45.75,133
WELPROJ,20111011,35.65,37,35.6,36,5140
WENDT,20111011,1559,1568.65,1550,1566,66
WHEELS,20111011,247.9,247.9,238.05,238.2,30
WHIRLPOOL,20111011,213.1,217,211.3,214.3,17967
WILLAMAGOR,20111011,48.5,49.3,47.35,49.1,1669
WINDMACHIN,20111011,20.4,21.4,18.3,21.05,11426
WINSOME,20111011,23.55,25.25,23.55,25,5861
WIPRO,20111011,352.3,353.95,338.65,341.7,1068111
WOCKPHARMA,20111011,404,459,402,449,2065033
WSI,20111011,16.5,17,16.2,17,982
WSTCSTPAPR,20111011,68.5,70,67.1,68.1,2737
WWIL,20111011,7,7.25,7,7.05,397882
WYETH,20111011,960,960,950.1,955,1280
XLENERGY,20111011,7,7.2,6.8,6.95,30358
XPROINDIA,20111011,53,53,51.2,51.4,5579
YESBANK,20111011,266.2,270.3,261,263.8,2055862
ZEEL,20111011,112.95,114.1,111.5,112,660198
ZEELEARN,20111011,20,20.3,19.55,19.7,644578
ZEENEWS,20111011,12,12.2,11.75,11.95,112561
ZENITHBIR,20111011,4.7,4.8,4.65,4.65,116290
ZENITHCOMP,20111011,13.75,13.75,13.5,13.75,1000
ZENITHEXPO,20111011,50.4,55.4,50.4,55.35,2001
ZENITHINFO,20111011,131.7,131.7,112.2,112.2,31733
ZENSARTECH,20111011,125,125,119.1,120.2,1285
ZICOM,20111011,33.15,36.5,33.15,36.15,48271
ZODIACLOTH,20111011,220.3,228,212.15,222.65,820
ZODJRDMKJ,20111011,22.15,22.15,22,22.1,10
ZUARIAGRO,20111011,566,578,557,575.05,4258
ZYDUSWELL,20111011,535,544,528,541.1,7873
ZYLOG,20111011,407.3,423.6,407.3,417.25,168086
NSENIFTY,20111011,5019.90,5045.10,4964.00,4974.35,182038763,6386.80
NIFTYJUNIOR,20111011,9632.75,9762.70,9632.75,9703.00,74393138,1371.01
BANKNIFTY,20111011,9262.10,9363.20,9148.10,9178.65,16621497,1443.79
NSEMIDCAP,20111011,6987.85,7076.30,6985.10,6997.75,125245335,1435.87
NSEIT,20111011,5822.10,5831.05,5615.50,5637.95,15934948,1200.88
NSE100,20111011,4907.65,4937.80,4866.15,4875.80,256431901,7757.81
NSE500,20111011,3999.85,4029.35,3975.60,3981.85,560518245,10703.76
MIDCAP50,20111011,2061.35,2089.05,2048.80,2060.35,85685889,772.95
VIX,20111011,30.03,30.95,28.15,30.30,30.03,0.27
