20MICRONS,20111212,59,60,57.25,58.1,109548
3IINFOTECH,20111212,18.05,18.2,17.05,17.55,2121169
3MINDIA,20111212,3575,3739.9,3575,3604.3,147
A2ZMES,20111212,127.4,127.85,116.65,117.95,99290
AANJANEYA,20111212,448.05,454.9,440.25,442.15,5607
AARTIDRUGS,20111212,79,79.9,78.05,78.55,1011
AARTIIND,20111212,49,49.95,48,48.1,12187
AARVEEDEN,20111212,34.4,34.4,31.6,32.7,240
ABAN,20111212,360.5,364.4,348.4,350.25,595008
ABB,20111212,613.95,613.95,584,585.4,65345
ABBOTINDIA,20111212,1465.1,1490,1455.15,1480.6,1033
ABCIL,20111212,78,80,74.05,74.95,2793
ABGSHIP,20111212,420,422.8,417,421.3,33922
ABHISHEK,20111212,7.15,7.3,7.15,7.2,618
ABIRLANUVO,20111212,927.9,927.95,881.45,884.65,38309
ACC,20111212,1177.9,1177.9,1113.1,1120.75,309947
ACE,20111212,37.2,39,34.7,35.2,85885
ACROPETAL,20111212,14,14.1,13.3,13.6,33508
ADANIENT,20111212,326.3,332.4,309.55,314.1,666782
ADANIPOWER,20111212,74.5,75.7,71.7,73,124795
ADFFOODS,20111212,52,52,48.05,48.65,3807
ADHUNIK,20111212,39.25,39.8,37.75,38,26581
ADORWELD,20111212,121.65,123.35,120,120.2,1298
ADSL,20111212,24.6,25.1,23.5,23.6,38999
ADVANIHOTR,20111212,34,34.7,33.15,33.15,1080
ADVANTA,20111212,335,347,298.15,301.95,379834
AEGISCHEM,20111212,140.1,142.8,135.1,136.5,4571
AFL,20111212,38.5,38.5,36,36.6,2731
AFTEK,20111212,10.35,10.7,10.35,10.35,74935
AGCNET,20111212,132,144.9,132,137.85,3939
AGRE,20111212,36,38.55,35.6,37.15,1710
AGRODUTCH,20111212,6.05,6.5,6.05,6.2,6432
AHLEAST,20111212,272.1,272.15,266.25,266.3,269
AHLUCONT,20111212,68,68.95,67,67.25,367
AHLWEST,20111212,132.25,139,132.25,134.3,387
AHMEDFORGE,20111212,92.55,93.95,90.1,91.4,3278
AIAENG,20111212,286.35,289,274,280,16570
AJANTPHARM,20111212,339.05,339.05,316.1,319.3,9761
AJMERA,20111212,105.8,108.7,102.1,102.4,22783
AKSHOPTFBR,20111212,6.95,7,6.8,6.95,91544
AKZOINDIA,20111212,783,800,770,780.9,4315
ALBK,20111212,159.25,160.3,150,150.8,667428
ALCHEM,20111212,256.85,257,256.2,256.45,98898
ALEMBICLTD,20111212,16,16.2,15.9,16,17485
ALFALAVAL,20111212,2180,2185,2157,2164.95,3426
ALKALI,20111212,33.75,33.95,32.4,32.75,2331
ALKYLAMINE,20111212,89.1,90.05,89.1,90,140
ALLCARGO,20111212,137.5,137.5,132.1,133.15,3565
ALLSEC,20111212,12.9,12.9,12.15,12.15,241
ALMONDZ,20111212,18.65,18.65,16.4,16.65,1996
ALOKTEXT,20111212,20.35,20.35,19.3,19.5,6407060
ALPA,20111212,7.55,7.55,6.9,6.9,2850
ALPHAGEO,20111212,65,67,62,62.65,3163
ALPSINDUS,20111212,2.3,2.35,2.2,2.35,16406
AMAR,20111212,124,126.4,122.2,123.25,151870
AMARAJABAT,20111212,214,218.95,206.15,208.3,7022
AMARJOTHI,20111212,52.85,52.85,48.05,48.05,3
AMBIKCO,20111212,163.5,166,155,157.05,4070
AMBUJACEM,20111212,161.7,161.7,151.5,152.9,1886681
AMDIND,20111212,14.15,14.75,14.15,14.5,1116
AMRUTANJAN,20111212,701.75,703.9,661.3,674.15,30113
AMTEKAUTO,20111212,115,116,108,108.85,105280
AMTEKINDIA,20111212,86.7,90.85,85.15,89.9,360125
ANANTRAJ,20111212,49.4,49.75,47.1,48.15,966301
ANDHRABANK,20111212,98,98.25,94,94.6,296997
ANDHRSUGAR,20111212,112.5,114.95,112.5,113.1,16702
ANGIND,20111212,17.5,17.95,17.05,17.1,234
ANIKINDS,20111212,30.5,30.5,27.95,28.1,1179
ANKURDRUGS,20111212,21,22.85,21,21.5,20673
ANSALAPI,20111212,26.6,27.05,25.7,25.8,66303
ANSALHSG,20111212,34.4,34.4,32.75,33.8,37534
ANTGRAPHIC,20111212,0.2,0.25,0.15,0.15,99955
APARINDS,20111212,131.5,132.45,126.5,127,4091
APCOTEXIND,20111212,141,143.05,138.1,140.5,871
APIL,20111212,365,365,351.9,353.75,53872
APLAB,20111212,27.2,27.2,27.2,27.2,1
APLLTD,20111212,39,39.85,38.6,38.8,5831
APOLLOHOSP,20111212,630,660,620.2,623.3,242651
APOLLOTYRE,20111212,66,66.4,59.6,60.9,1549749
APPAPER,20111212,161,166.5,161,163.4,29425
APTECHT,20111212,92.1,92.75,87.7,88.2,263371
AQUA,20111212,13,13.25,12.45,12.8,209589
ARCHIDPLY,20111212,15.45,15.9,14.85,15.8,8281
ARCHIES,20111212,31,31,29.3,29.5,57966
AREVAT&D,20111212,200,203,186.15,189.55,829248
ARIES,20111212,83.4,83.4,78.1,79,1749
ARIHANT,20111212,47.8,50.1,46.45,47,268
ARL,20111212,2,2,1.9,1.9,75458
AROGRANITE,20111212,35,38.25,33.5,34,324
ARROWTEX,20111212,7.65,7.65,7.1,7.1,650
ARSHIYA,20111212,140,140.5,133.05,134.9,21350
ARSSINFRA,20111212,182,183.45,163.15,166.35,243573
ARVIND,20111212,82,84.3,80.15,80.55,1411078
ASAHIINDIA,20111212,60.95,67,58,58.1,15927
ASAHISONG,20111212,84.85,87,83.05,84.05,15358
ASAL,20111212,45,45,43.25,43.25,1713
ASHAPURMIN,20111212,14.4,14.65,14.05,14.25,3152
ASHIANA,20111212,147.1,147.1,138.5,144.45,2786
ASHIMASYN,20111212,4,4,4,4,805
ASHOKA,20111212,198.65,198.65,190,193.65,3759
ASHOKLEY,20111212,25.6,25.9,24.9,25.15,2386679
ASIANELEC,20111212,6.1,6.35,6.1,6.3,12604
ASIANHOTNR,20111212,170,176,168.2,172,1497
ASIANPAINT,20111212,2844,2858.6,2791,2828.2,62469
ASIANTILES,20111212,44,44,36.5,38.45,2812
ASIL,20111212,2,2,2,2,8
ASSAMCO,20111212,8.05,8.15,7.15,7.4,243176
ASTEC,20111212,31.05,31.95,30.1,30.45,9550
ASTERSILI,20111212,10.1,10.45,9.8,10.05,4884
ASTRAL,20111212,144.5,145.05,137.35,137.75,17160
ASTRAMICRO,20111212,37.95,38.25,35.8,36.2,78436
ASTRAZEN,20111212,1245,1264,1244.5,1257.1,1353
ATFL,20111212,400.15,406.8,392.4,394.9,5410
ATLANTA,20111212,60,60.75,58.5,59.35,66621
ATLASCYCLE,20111212,285.35,290,276.05,277.7,7600
ATNINTER,20111212,0.85,0.95,0.85,0.95,2676
ATUL,20111212,173,176.8,167.2,168.3,4794
AURIONPRO,20111212,126,126,111.2,111.85,10144
AUROPHARMA,20111212,91,93.15,90.3,91.5,1139337
AUSOMENT,20111212,31.95,35.2,31.95,32.5,2240
AUSTRAL,20111212,1.6,1.6,1.6,1.6,46686
AUTOAXLES,20111212,359.8,359.8,348,348.8,507
AUTOIND,20111212,117.5,122.25,106.25,106.3,211302
AUTOLITIND,20111212,15.05,16.1,15.05,15.85,4062
AVENTIS,20111212,2205,2255,2183.05,2251,470
AVTNPL,20111212,304.4,317,297.55,299.25,2335
AXIS-IT&T,20111212,80.1,81.3,78.75,79.65,6540
AXISBANK,20111212,1005,1008,967.25,970.4,1516382
AXISGOLD,20111212,2844,2844,2816,2818.7,483
BAGFILMS,20111212,4.5,4.6,4.2,4.25,63108
BAJAJ-AUTO,20111212,1694,1694.55,1618,1631.1,383792
BAJAJCORP,20111212,105,106.5,101.1,104,45355
BAJAJELEC,20111212,175.75,176.9,166.5,167.55,22250
BAJAJFINSV,20111212,427.1,429.4,415,421.2,41944
BAJAJHIND,20111212,27.5,27.5,26.05,26.35,1588187
BAJAJHLDNG,20111212,718.9,718.9,698.05,703.9,36702
BAJFINANCE,20111212,646,664,646,655.1,16596
BALAJITELE,20111212,33.45,33.45,31,31.3,174137
BALAMINES,20111212,38.4,38.4,36.75,36.75,3198
BALKRISIND,20111212,162.95,173,162.95,168.95,2694
BALLARPUR,20111212,23.05,23.05,21.7,21.8,123133
BALMLAWRIE,20111212,529,532,524,524.3,1943
BALPHARMA,20111212,18.2,18.6,18.2,18.5,950
BALRAMCHIN,20111212,42,42.3,40.3,40.85,636323
BANARISUG,20111212,548.95,548.95,510.05,511.5,245
BANCOINDIA,20111212,65.35,66.5,64,64.7,6887
BANG,20111212,18.05,19.1,18.05,19,614
BANKBARODA,20111212,735,735,706.55,713.15,306207
BANKBEES,20111212,899,900,867.95,871.34,1008
BANKINDIA,20111212,337.9,341.8,329.1,331.85,282230
BANSWRAS,20111212,74.5,75.95,74.3,74.3,6547
BARTRONICS,20111212,37.4,37.4,35,35.15,69581
BASF,20111212,526.7,531.9,506,510.05,5498
BASML,20111212,61,61,60,60,98
BATAINDIA,20111212,603.2,608.5,575,578.15,507455
BATLIBOI,20111212,16.7,16.7,14.4,14.5,98
BAYERCROP,20111212,763.2,775,763.2,771.55,1420
BBL,20111212,601.05,604,592.05,595.15,1298
BBTC,20111212,380.55,380.55,370,371.1,2255
BEARDSELL,20111212,38,38,38,38,100
BEDMUTHA,20111212,46.5,46.5,43.65,45.95,102738
BEL,20111212,1506.2,1535,1506.2,1528.2,8477
BELLCERATL,20111212,10.8,10.9,9.85,9.9,5077
BEML,20111212,509.85,509.85,480.2,485.45,43262
BEPL,20111212,20.5,25.5,20.5,21.55,2410
BERGEPAINT,20111212,99.75,100.65,96.8,97.25,34539
BFINVEST,20111212,47.9,49.5,46.8,47.5,181940
BFUTILITIE,20111212,358.95,361.2,338.2,341.3,271454
BGLOBAL,20111212,10.4,10.65,10.15,10.45,14142
BGRENERGY,20111212,233,242,217.5,220.65,682223
BHAGWATIHO,20111212,68,70.35,66.55,67.75,5609
BHAGYNAGAR,20111212,17.2,17.85,17,17.05,23201
BHARATFORG,20111212,263.65,264.25,253.35,255.1,159918
BHARATGEAR,20111212,44.75,45.45,44.2,44.75,1909
BHARATRAS,20111212,115,115,115,115,50
BHARTIARTL,20111212,361.35,362.8,340.45,342.3,7915098
BHARTISHIP,20111212,82,84.4,80.1,80.9,80523
BHEL,20111212,268.5,269,256.25,257.95,4421642
BHUSANSTL,20111212,313.05,314.9,301.7,305.15,295626
BIL,20111212,62,64.5,60.6,60.9,16269
BILENERGY,20111212,61.05,65.6,60.3,62.45,832
BILPOWER,20111212,65.2,65.5,64.05,64.55,1134
BIMETAL,20111212,248,252.9,242.9,243.2,810
BINANIIND,20111212,100.85,100.85,96,97.35,8308
BINDALAGRO,20111212,60.2,60.6,60,60,83292
BIOCON,20111212,317,320,307,308.65,200600
BIRLACORPN,20111212,258,266.75,253.5,263.65,10596
BIRLACOT,20111212,0.35,0.35,0.3,0.3,448862
BIRLAERIC,20111212,11.05,11.7,11,11.05,2323
BIRLAMONEY,20111212,14.35,14.35,13.65,13.65,5343
BIRLAPOWER,20111212,0.6,0.6,0.55,0.55,820285
BLBLIMITED,20111212,3.85,3.85,3.55,3.55,16406
BLISSGVS,20111212,23.1,24.9,23.1,23.75,15672
BLKASHYAP,20111212,10.3,10.4,9.95,10,50729
BLUECHIP,20111212,1,1.05,0.95,0.95,5069
BLUEDART,20111212,1500,1510,1470,1487.05,843
BLUESTARCO,20111212,173,174,169.05,171.35,7206
BLUESTINFO,20111212,70.5,71,68.05,69.05,408
BOC,20111212,277.55,281.95,277.55,280.05,5889
BODALCHEM,20111212,14.1,14.1,14.1,14.1,300
BOMDYEING,20111212,393.4,399,381.5,385,109883
BOSCHLTD,20111212,6860,6940,6790,6812.7,1662
BPCL,20111212,554.1,555.75,540.8,543.6,224222
BPL,20111212,19.3,19.75,18.55,18.9,37747
BRANDHOUSE,20111212,12.1,12.6,12,12,24132
BRFL,20111212,244.15,247.95,236.95,242.95,676353
BRIGADE,20111212,50.8,51.7,48.5,48.95,18342
BRITANNIA,20111212,464,469.7,455,459.45,189296
BROADCAST,20111212,7.15,7.5,7,7,1976
BROOKS,20111212,16.1,16.6,15.35,15.6,37615
BSELINFRA,20111212,3.15,3.2,3,3.05,23824
BSLGOLDETF,20111212,2899.9,2899.9,2881.25,2895,5
BSLNIFTY,20111212,48.5,50.45,46.55,50.35,342
BSTRANSCOM,20111212,126,127.5,119.7,120.3,20456
BURNPUR,20111212,7,7.35,6.8,7.05,10664
BVCL,20111212,12.7,12.9,12.7,12.7,5164
CADILAHC,20111212,700,702.9,695,700.05,23931
CAIRN,20111212,309.9,310.45,298.25,300.9,1038299
CALSOFT,20111212,19.15,20.1,18.85,20.05,111
CAMBRIDGE,20111212,16,16,14.6,15.55,2276
CAMLIN,20111212,36.1,36.45,34.15,34.45,50214
CANBK,20111212,439.05,440,419.45,420.2,542370
CANDC,20111212,90,90.25,87.5,87.85,1792
CANFINHOME,20111212,92.3,93,91.8,92.1,3437
CANTABIL,20111212,15.8,15.8,14.95,15,13792
CARBORUNIV,20111212,144,150.1,143,143.9,8281
CAREERP,20111212,254.9,254.9,240.2,242,2505
CASTROL,20111212,403.1,407.95,394,398.8,90849
CCCL,20111212,18.1,18.65,17.35,17.8,8061
CCL,20111212,137.55,139.45,132.5,135.8,3920
CEATLTD,20111212,79.05,80,74.5,75.35,36307
CEBBCO,20111212,45.55,48,45.25,46.55,72905
CELEBRITY,20111212,5.6,6,5.5,5.6,2066
CELESTIAL,20111212,20.8,20.8,19.2,19.4,1243
CENTENKA,20111212,129.45,129.5,124.05,125.25,4497
CENTEXT,20111212,2.4,2.6,2.4,2.4,14934
CENTRALBK,20111212,90.3,91.5,84.6,86.4,236483
CENTUM,20111212,57,57.55,54,55.75,7273
CENTURYPLY,20111212,48.8,50,48.8,49.95,1661
CENTURYTEX,20111212,268.2,269.8,252.15,253.95,479701
CERA,20111212,184.25,184.25,176.2,181.6,3434
CESC,20111212,232,233.9,211.5,214.4,473300
CHAMBLFERT,20111212,90.95,91.9,81.1,83.6,1856815
CHEMFALKAL,20111212,44,46,44,45.65,983
CHEMPLAST,20111212,4.55,4.55,4.35,4.35,6890
CHENNPETRO,20111212,179,181.5,174.7,174.8,11260
CHESLINTEX,20111212,9.7,9.7,8.8,8.9,4153
CHETTINAD,20111212,498.95,510,498.95,504.85,1533
CHOLAFIN,20111212,131,135,124.05,125.5,10958
CILNOVA,20111212,16,16,16,16,510
CIMMCO,20111212,70,75.8,70,75.8,60
CINEMAX,20111212,30.4,31.35,29.25,29.45,9003
CINEVISTA,20111212,2.6,2.9,2.6,2.7,1155
CIPLA,20111212,325.65,326.65,320.55,323.85,741997
CLASSIC,20111212,6.75,7,6.7,6.95,1979
CLNINDIA,20111212,616.05,634.45,603.05,615.55,2189
CLUTCHAUTO,20111212,29.5,34.5,27.5,27.9,7036
CMAHENDRA,20111212,131,136.5,126,129.45,7882
CMC,20111212,872,884,861.65,867.95,1232
COALINDIA,20111212,319,319.75,302.9,304,3270317
COLPAL,20111212,1010,1019.95,1000.7,1009,104007
COMPUAGE,20111212,62,62,59,60,284
CONCOR,20111212,919,919,880.25,893.55,87819
CONSOFINVT,20111212,51.75,51.75,50.3,50.8,240
CORAL-HUB,20111212,4,4,3.65,3.7,9805
CORDSCABLE,20111212,27,27,25.5,25.8,1267
COREEDUTEC,20111212,271.4,271.9,266.05,269.65,350632
COROMANDEL,20111212,290,294.25,277.55,280.15,38931
CORPBANK,20111212,347,354.25,345,346.85,65458
COSMOFILMS,20111212,79,80,76,77.1,6993
COX&KINGS,20111212,184.7,185.5,174,175.5,45466
CREATIVEYE,20111212,4.15,4.95,4.05,4.15,22379
CRESTANI,20111212,31.4,31.4,28.4,28.85,50062
CREWBOS,20111212,27.45,27.7,26.6,26.8,12822
CRISIL,20111212,894,894,867,869.4,7516
CROMPGREAV,20111212,125.2,126.5,120,121.15,1233720
CRONIMET,20111212,21.05,22.05,21.05,21.4,31799
CTE,20111212,9.1,9.1,8.65,8.7,510
CUB,20111212,44,44.35,42.5,43.05,350465
CUBEXTUB,20111212,8.75,8.75,8.75,8.75,373
CUMMINSIND,20111212,341,342,335.2,337.45,50501
CURATECH,20111212,74.9,82.95,67,67.5,609
CYBERMEDIA,20111212,12,12.85,12,12.85,4
CYBERTECH,20111212,10.45,10.8,10.45,10.7,835
DAAWAT,20111212,44.45,44.45,42,42,7270
DABUR,20111212,95.65,96.95,95.2,96.25,812367
DALMIABEL,20111212,115,118.8,115,116,67017
DALMIASUG,20111212,13.95,14.8,13.6,14.05,4669
DATAMATICS,20111212,26,26.2,25.6,26.15,417
DBCORP,20111212,202,203,198.1,199.2,1541
DBREALTY,20111212,64.9,67.2,62.85,63.15,429143
DCB,20111212,38.6,39,36.5,36.8,2211764
DCHL,20111212,46.5,46.75,44.6,45.05,217444
DCM,20111212,50.05,51.9,49.95,50.1,22669
DCMSRMCONS,20111212,42.1,44.4,41.9,41.9,3384
DCW,20111212,9.1,9.1,8.55,8.6,53535
DECCANCE,20111212,147,148.9,147,148.9,220
DECOLIGHT,20111212,3.75,3.75,3.45,3.55,952
DEEPAKFERT,20111212,142.35,143.65,139,139.25,13612
DEEPIND,20111212,68.9,68.9,66,66.4,3622
DELTACORP,20111212,70.5,71.1,64.6,65.2,4122912
DEN,20111212,58.3,58.8,55.45,56.25,143313
DENABANK,20111212,64.1,64.65,61,61.45,1048685
DENORA,20111212,86.15,86.25,86.1,86.25,500
DENSO,20111212,48.2,50.95,48.1,48.55,1666
DEWANHOUS,20111212,203.5,210.75,202.2,207.05,328382
DHAMPURSUG,20111212,31.4,31.4,30.1,30.7,60412
DHANBANK,20111212,60.1,60.45,55.5,56.45,674273
DHANUKA,20111212,98,99.05,94.1,95.1,7458
DHARSUGAR,20111212,23.55,23.55,22.1,22.25,12754
DIAPOWER,20111212,102,102,97.75,97.9,5501
DICIND,20111212,202.35,204.75,202.35,203.6,278
DIGJAM,20111212,7.95,8.85,7.3,7.5,10942
DISHMAN,20111212,40.4,44.95,36.5,37,137906
DISHTV,20111212,62.1,63,58.75,59.15,4163364
DIVISLAB,20111212,732.05,739.8,723,737.35,110905
DLF,20111212,217,218,203.05,204.4,5540816
DLINKINDIA,20111212,18.4,18.85,17.55,18,7807
DOLPHINOFF,20111212,80,80,75.05,75.9,4890
DONEAR,20111212,20,20,18.5,19.1,1761
DPSCLTD,20111212,2770,2790.9,2584,2616.4,1259
DPTL,20111212,108,115,108,113.25,6698
DQE,20111212,22.8,22.8,21.9,22.05,8364
DREDGECORP,20111212,215,219.95,213.55,216.8,5915
DRREDDY,20111212,1582,1584,1542,1568.75,368895
DSKULKARNI,20111212,52.45,55.5,51.25,52.6,18820
DSSL,20111212,5.6,6.2,5.6,5.65,9240
DUNCANSIND,20111212,10.45,10.45,9.95,10.05,69321
DWARKESH,20111212,35.05,35.05,33.5,34.2,2806
DYNAMATECH,20111212,1050,1050,1036,1039.5,164
EASTSILK,20111212,4.5,4.65,4.5,4.6,18904
EASUNREYRL,20111212,55.5,56,52.7,54.9,3412
ECEIND,20111212,97,98,93.65,94.15,1011
ECLERX,20111212,762,769,731,735.2,5164
EDELWEISS,20111212,25.35,25.4,23.9,24.05,86450
EDL,20111212,68.25,70,68,68.25,3484
EDSERV,20111212,55.15,58,53.2,53.2,73739
EDUCOMP,20111212,202,208.45,195,197.05,2146177
EICHERMOT,20111212,1560,1560,1491.05,1515.4,25801
EIDPARRY,20111212,199.9,199.9,193.3,198.15,36321
EIHAHOTELS,20111212,149,154.8,148.05,148.1,818
EIHOTEL,20111212,85.2,86.95,84.2,85.05,131038
EIMCOELECO,20111212,175,175,175,175,259
EKC,20111212,37,37,34.5,34.65,365175
ELDERPHARM,20111212,375,375,356.9,360.95,108243
ELECON,20111212,59.2,60.15,57.8,58.1,19137
ELECTCAST,20111212,18,18.3,17.8,17.9,90064
ELECTHERM,20111212,167.45,167.45,157.1,159.4,3308
ELFORGE,20111212,9.1,9.1,9,9,1100
ELGIEQUIP,20111212,68.8,70.45,68.8,69,6776
ELGIRUBCO,20111212,22,22,21.75,21.8,900
ELNET,20111212,28.25,28.25,28.05,28.05,48
EMAMIINFRA,20111212,21.5,21.6,20.45,20.55,22628
EMAMILTD,20111212,312.5,380,312.5,355.1,1937877
EMCO,20111212,36.45,36.45,34,34.1,9158
EMKAY,20111212,33,33,29.6,30.25,2369
EMMBI,20111212,14.05,14.45,13.9,14,4988
EMPEESUG,20111212,14.85,14.85,11.45,12.8,1634
ENERGYDEV,20111212,39.6,39.6,35,36.95,3729
ENGINERSIN,20111212,211.6,213.5,207.15,207.75,26123
ENIL,20111212,240,248.9,235.2,237.9,5296
ENTEGRA,20111212,13.6,13.6,12.9,13,32452
EONELECT,20111212,39.65,41,39.05,40.3,2107
ERAINFRA,20111212,149.1,149.1,148.1,148.45,231579
EROSMEDIA,20111212,219.85,221.9,212.05,213.4,143372
ESABINDIA,20111212,458,467.3,454.1,456.75,1610
ESCORTS,20111212,78,79.9,73.9,74.6,830101
ESL,20111212,4.45,4.45,4.05,4.1,1723437
ESSAROIL,20111212,67.25,68.1,56.2,59.85,1528450
ESSARPORTS,20111212,67,68,60.4,61.05,61618
ESSARSHPNG,20111212,23.7,24.8,21.65,21.95,20849
ESSDEE,20111212,143.8,143.8,135.15,135.95,11435
ESSELPACK,20111212,24.05,25,24.05,24.35,10301
ESTER,20111212,23.5,24.5,23,23.2,9413
EUROCERA,20111212,11.75,11.75,11.5,11.75,396
EUROMULTI,20111212,5.75,6,5.75,6,751
EUROTEXIND,20111212,19.05,19.05,19.05,19.05,1
EVEREADY,20111212,27,27.75,26.4,26.9,32468
EVERESTIND,20111212,128,130,122,122.9,6222
EVERONN,20111212,357.75,358.9,350.15,351.1,105631
EXCELCROP,20111212,132.1,134.8,127.25,129.45,13980
EXCELINDUS,20111212,64.45,64.45,59,59.05,1441
EXCELINFO,20111212,11.5,11.7,10.9,11.45,85343
EXIDEIND,20111212,120,122.95,118.25,119.4,893253
FACT,20111212,23.5,23.5,22,22.35,13047
FAGBEARING,20111212,1151.25,1174.8,1100.1,1105.85,2098
FAME,20111212,41.35,42.45,41,41.1,942
FARMAXIND,20111212,1.9,1.9,1.9,1.9,37066
FCH,20111212,136,138.95,132,132.65,36885
FCSSOFT,20111212,0.5,0.5,0.45,0.45,610934
FDC,20111212,81,81.5,79.1,79.4,14450
FEDDERLOYD,20111212,59.25,60.85,58.05,59.2,5945
FEDERALBNK,20111212,390,395.9,381.05,383.25,399178
FIEMIND,20111212,153,159.25,151.3,157.05,8683
FILATEX,20111212,38.3,39,38.15,38.45,3855
FINANTECH,20111212,614.95,619.5,594.3,599.2,47470
FINCABLES,20111212,28.65,28.9,25.55,26.15,101384
FINPIPE,20111212,47.2,47.5,45,45.15,50927
FIRSTLEASE,20111212,58.5,58.5,55.55,55.95,12465
FIRSTWIN,20111212,16.35,16.35,14.6,15,6360
FKONCO,20111212,95.25,95.25,94,94,3042
FLEXITUFF,20111212,256.1,258.7,231.5,240.7,188731
FMGOETZE,20111212,206.25,208,203,205.25,704
FORTIS,20111212,110.6,112,106,107.4,540938
FOSECOIND,20111212,599.9,605.1,560,574.4,188
FOURSOFT,20111212,8,8.45,8,8.15,8269
FSL,20111212,7.9,8,7.65,7.75,1278998
FUTUREVENT,20111212,9.05,9.25,8.85,9.1,507715
GABRIEL,20111212,43.05,43.05,42.05,42.1,2465
GAEL,20111212,20.7,24.3,20.4,23.6,99728
GAIL,20111212,396,398.9,389,391.5,1023176
GAL,20111212,12.6,13.35,12.6,12.65,7280
GALLANTT,20111212,19.95,19.95,19.95,19.95,12542
GALLISPAT,20111212,112,112.95,111.9,112.35,98283
GAMMNINFRA,20111212,12.15,12.5,12.05,12.25,47420
GAMMONIND,20111212,52.5,52.5,48.15,49.05,24157
GANDHITUBE,20111212,124.05,125,124.05,125,143
GANESHHOUC,20111212,104,104.95,96.75,102.25,10268
GARDENSILK,20111212,59,59,57,57.4,4336
GARWALLROP,20111212,49,49.8,48.25,48.95,13695
GATI,20111212,30.9,31.2,29.15,29.45,322653
GAYAPROJ,20111212,117.5,120,112.1,114.5,17167
GDL,20111212,127,127.4,125,125.5,21558
GEECEE,20111212,30.85,31.35,30.2,30.55,882
GEINDSYS,20111212,122.5,128,122.5,126.55,5809
GEMINI,20111212,22.7,22.75,21.5,21.75,8494
GENESYS,20111212,146.4,146.55,138.25,140.85,2121
GENUSPOWER,20111212,10,10.3,9,9.3,899216
GEODESIC,20111212,51.55,52.75,48.5,48.85,116659
GEOJITBNPP,20111212,17.25,17.45,16.3,16.4,79043
GEOMETRIC,20111212,54.8,63.45,52.7,53.5,1329097
GESHIP,20111212,213,221,211.55,217.6,62529
GHCL,20111212,31,31.75,30.05,30.25,45272
GICHSGFIN,20111212,75.15,75.9,73.4,74.05,29849
GILLANDERS,20111212,71.5,71.5,63.95,65.35,8123
GILLETTE,20111212,1970,1972,1926.3,1936.45,285
GINNIFILA,20111212,5.15,5.7,5.15,5.15,7371
GIPCL,20111212,70.1,71.15,69.05,70.25,4865
GISOLUTION,20111212,10,11.15,9.8,10.7,100
GITANJALI,20111212,331.5,338.3,330.1,336.25,809148
GKB,20111212,30,32,27.65,32,4100
GLAXO,20111212,1872,1878,1811.1,1864.15,7542
GLENMARK,20111212,309.8,312,300.3,307,511744
GLOBALVECT,20111212,15,16.2,15,16.05,207
GLOBOFFS,20111212,66,69.55,65.3,66.8,1864
GLOBUSSPR,20111212,106,107.95,105.1,106.35,6258
GLODYNE,20111212,273,278.8,259,261.6,318199
GLORY,20111212,3,3.15,2.9,2.95,29155
GMBREW,20111212,61.1,64,61,61.9,1556
GMDCLTD,20111212,180,180.95,168.95,172,184129
GMRINFRA,20111212,18.95,19.2,17.95,18,3779201
GNFC,20111212,82.05,82.95,81,81.1,20598
GOACARBON,20111212,67,69.5,66.2,68.5,2090
GODFRYPHLP,20111212,2840,2840,2725,2759.75,839
GODREJCP,20111212,389,396,389,391.05,75884
GODREJIND,20111212,197.65,198.65,194.25,196.35,507802
GODREJPROP,20111212,672.6,684.6,670,675.4,2854
GOENKA,20111212,34.5,35.95,33.25,34.9,33311
GOKEX,20111212,80.5,81.35,80.5,81.25,1493
GOKUL,20111212,82.9,87.85,79.25,81.1,12545
GOLDBEES,20111212,2760,2768.75,2750.15,2751.6,126271
GOLDENTOBC,20111212,43.5,43.5,40.95,41,8494
GOLDIAM,20111212,29,30,27.75,28.55,1807
GOLDINFRA,20111212,10.05,10.45,9.8,9.85,19377
GOLDSHARE,20111212,2739.8,2749.5,2737.15,2741.35,4191
GOLDTECH,20111212,6,6.5,6,6.25,5725
GPIL,20111212,103,108,101.95,106.9,20279
GPPL,20111212,55.05,55.3,53.7,54.1,69526
GRABALALK,20111212,18.6,18.8,18.25,18.6,11103
GRANULES,20111212,64,64.6,62.5,62.55,1404
GRAPHITE,20111212,70.85,70.85,69.05,69.55,62528
GRASIM,20111212,2421,2424,2295.05,2320.7,147182
GRAVITA,20111212,369.7,393.7,367.5,380.25,478440
GREAVESCOT,20111212,75.1,78.45,75.1,77.45,60899
GREENPLY,20111212,197,197,188.1,189.3,1150
GREENPOWER,20111212,10.65,10.65,10.05,10.1,298965
GRINDWELL,20111212,235,235,231.6,232,620
GRUH,20111212,537,540,501.5,530.05,5793
GSFC,20111212,438,439.8,401.6,406.55,63597
GSKCONS,20111212,2600,2600,2575.2,2582.9,15130
GSLNOVA,20111212,2.75,2.75,2.4,2.4,1477
GSPL,20111212,84.25,84.8,81.5,82.55,1251406
GSS,20111212,120.1,123.8,120.1,122,1077
GTL,20111212,38.4,38.4,36.25,36.5,461182
GTLINFRA,20111212,8.75,8.75,8.4,8.45,265068
GTNIND,20111212,10.15,10.15,10.15,10.15,500
GTOFFSHORE,20111212,93,96.4,90.75,91.35,73421
GUFICBIO,20111212,5.7,6.3,5.7,6.3,8
GUJALKALI,20111212,137.75,138.8,133.15,135.2,93252
GUJAPOLLO,20111212,131.25,134.6,131.25,133.15,14417
GUJFLUORO,20111212,411.1,417.95,394.35,398,73116
GUJNRECOKE,20111212,18.3,18.45,17.1,17.2,1165484
GUJNREDVR,20111212,13.5,14.5,13.1,13.3,9222
GUJRATGAS,20111212,359.95,363.9,344.05,346.45,22187
GUJSIDHCEM,20111212,8.15,8.15,7.6,7.65,43153
GULFOILCOR,20111212,58.75,62.65,58.75,59.9,28640
GVKPIL,20111212,10.75,10.9,10.55,10.6,5883440
HALONIX,20111212,57.2,58.95,54.25,54.5,2766
HANUNG,20111212,93.6,95.85,88.6,89.2,128591
HARRMALAYA,20111212,60.6,62.45,60,60.5,1953
HATHWAY,20111212,113.5,116.7,109.3,110.75,263780
HAVELLS,20111212,436.95,439.65,433.2,434.75,213701
HBLPOWER,20111212,16.2,17.5,16.2,16.75,20603
HBSTOCK,20111212,10.35,10.35,10.35,10.35,50
HCC,20111212,21.75,21.85,20.5,20.65,1919669
HCIL,20111212,50.45,50.8,50,50.45,4496
HCL-INSYS,20111212,49.5,49.65,47.5,47.65,113587
HCLTECH,20111212,410,415.35,402,413.55,1094698
HDFC,20111212,659.9,661,644.1,647.35,2397640
HDFCBANK,20111212,448.1,450.95,426.3,432.05,3017789
HDFCMFGETF,20111212,2835,2835,2783,2814.75,4409
HDIL,20111212,60.25,60.8,57.6,57.85,8596963
HEG,20111212,169,172.2,168.6,168.6,7279
HEIDELBERG,20111212,29.35,29.9,28.1,28.45,55137
HELIOSMATH,20111212,20.75,20.95,20.2,20.35,3916
HERCULES,20111212,224,225,217.9,218.65,8370
HERITGFOOD,20111212,164.9,164.9,159,159.9,320
HEROMOTOCO,20111212,2041,2050.05,1970.45,1976.6,389019
HEXAWARE,20111212,84,85.1,83.2,84.65,561684
HFCL,20111212,11.3,11.45,10.95,11.1,515631
HGS,20111212,319,319,313.35,314.75,450
HIKAL,20111212,240.5,251.55,240.5,244.65,244
HILTON,20111212,12.65,13.65,11.65,13,3214
HIMATSEIDE,20111212,28.25,28.95,26.85,27.2,7465
HINDALCO,20111212,134.25,134.6,122.6,123.55,14097827
HINDCOPPER,20111212,183.55,186,176.7,178.2,13862
HINDDORROL,20111212,30,31.75,26.6,27.15,189738
HINDMOTORS,20111212,10.3,10.4,9.1,9.45,212196
HINDNATGLS,20111212,150.95,150.95,146,148,6810
HINDOILEXP,20111212,120.05,121.25,111,113.1,771008
HINDPETRO,20111212,295.9,295.9,284.15,285.6,160586
HINDUJAFO,20111212,63,63.1,60,60.5,975
HINDUJAVEN,20111212,321.3,333,316.35,327.8,3370
HINDUNILVR,20111212,386.15,386.5,381,383.3,1926515
HINDZINC,20111212,125,125.35,120.05,121.35,406611
HIRAFERRO,20111212,29,29,23.65,27,102
HIRECT,20111212,42.2,42.2,41.2,41.2,500
HITACHIHOM,20111212,125.5,125.7,120.55,120.8,7463
HITECHGEAR,20111212,120,121,120,120,39734
HITECHPLAS,20111212,61,64.95,60.05,60.05,1070
HMT,20111212,31.4,32.45,30.1,30.5,64102
HMVL,20111212,130,134.7,129.8,130.1,18091
HNGSNGBEES,20111212,1313,1313,1313,1313,1
HOCL,20111212,18.5,19.5,18.1,18.35,30265
HONAUT,20111212,1900,1925,1810,1817.1,1573
HONDAPOWER,20111212,335.9,335.9,295.1,298.15,3471
HOPFL,20111212,54,55,51.2,54.85,2610
HORIZONINF,20111212,231.6,237,231.5,234.7,115
HOTELEELA,20111212,32.5,32.8,31.9,32,84903
HOTELRUGBY,20111212,5.95,5.95,5.95,5.95,1
HOVS,20111212,39,39.25,37.3,37.65,7496
HSIL,20111212,142.5,143.2,138,138.9,21833
HTMEDIA,20111212,124.45,126.45,124.45,125.15,102636
HUBTOWN,20111212,178,183.8,177,180.4,55295
HYDRBADIND,20111212,302,303.45,295,297.65,1618
HYDROS&S,20111212,16,16,14.35,14.75,640
IBPOW,20111212,10,10.3,9.8,9.85,309144
IBREALEST,20111212,54,54.35,50.35,53.3,9178644
IBSEC,20111212,6.55,6.7,6.45,6.5,287478
IBWSL,20111212,5.75,5.9,5.6,5.75,328762
ICICIBANK,20111212,744,744,704.1,707.1,5670337
ICIL,20111212,7.75,8,7.75,7.85,16
ICRA,20111212,901,905.9,874,884.75,2798
ICSA,20111212,37,37.3,35.25,35.8,44450
IDBI,20111212,94,94,88.25,88.7,1902372
IDBIGOLD,20111212,2917,2917,2880.1,2899,90
IDEA,20111212,88.2,88.4,80.75,82.2,11029272
IDFC,20111212,110.2,111.3,103.8,104.5,7040351
IFBAGRO,20111212,162.75,162.75,155,157.25,5716
IFBIND,20111212,68,73.55,68,70.85,7149
IFCI,20111212,24.95,24.95,22.3,22.5,16374458
IFGLREFRAC,20111212,34,36.95,34,35.95,1885
IGARASHI,20111212,37.05,37.05,37.05,37.05,100
IGL,20111212,370,381.85,359,367.6,485436
IGPL,20111212,17.95,17.95,16.85,16.9,604
IIFLNIFTY,20111212,488.5,488.75,475,475.78,8336
IL&FSENGG,20111212,66.85,68.95,65,65.15,20368
IL&FSTRANS,20111212,171.7,171.8,165,169.2,68335
IMFA,20111212,241,244.95,230,231.8,2823
IMPAL,20111212,620,639,619,628.5,175
INDBANK,20111212,6.9,6.9,6.15,6.25,13104
INDHOTEL,20111212,59.45,60.5,57,57.3,1150966
INDIABULLS,20111212,148.85,153.8,143.1,145.1,543580
INDIACEM,20111212,74.5,74.95,70.55,71.05,287925
INDIAGLYCO,20111212,124.05,126.95,121.1,122.1,10792
INDIAINFO,20111212,58.2,59.7,56.2,57,387502
INDIANB,20111212,194.9,196.8,189,189.85,271802
INDIANCARD,20111212,85.05,88,82.3,88,741
INDIANHUME,20111212,104,105.95,103.15,104.45,16261
INDLMETER,20111212,55.1,58,55.1,58,110
INDNIPPON,20111212,162,168.7,160,161.65,1226
INDOCO,20111212,393,407.8,393,404.8,2191
INDORAMA,20111212,26,26,24.3,25.1,7577
INDOSOLAR,20111212,6.8,6.85,6.45,6.5,91915
INDOTECH,20111212,91.25,97.75,87,88.1,1254
INDOTHAI,20111212,11.25,11.25,10.9,11,95672
INDOWIND,20111212,7.5,7.65,7.35,7.45,49539
INDRAMEDCO,20111212,36.45,37.8,35.35,36.75,61551
INDSWFTLAB,20111212,84.1,84.95,83.25,84.4,28755
INDSWFTLTD,20111212,25.85,25.85,24.75,24.85,5259
INDUSFILA,20111212,14,15.9,13.55,14.35,10410
INDUSINDBK,20111212,262.3,265.5,254.3,255.6,511871
INEABS,20111212,593,593,586.25,586.7,991
INFINITE,20111212,66.6,68.7,64.5,65.5,10534
INFODRIVE,20111212,7,7.65,6.05,6.35,885
INFOMEDIA,20111212,9.2,9.85,9.2,9.55,30518
INFOTECENT,20111212,122,124.95,122,123.3,1200
INFRABEES,20111212,237.55,264.7,227,229.87,1173
INFY,20111212,2719.9,2756,2697.8,2740.25,1378225
INGERRAND,20111212,410,418.5,399,400.25,24892
INGVYSYABK,20111212,307.1,309.8,289.95,292.75,56592
INNOIND,20111212,83.15,84.35,83.15,83.85,2026
INOXLEISUR,20111212,40,41.75,39.7,39.9,50220
INSECTICID,20111212,422,423.75,400,402.2,69941
INVENTURE,20111212,152,153,150,150,5946
IOB,20111212,89.1,90.2,86.1,86.85,247293
IOC,20111212,272,273.9,266.65,269.1,310737
IOLCP,20111212,28.8,28.8,25.7,26.25,973
IOLN,20111212,6.55,7,6.5,6.95,4777
IPCALAB,20111212,263.15,268,260.55,262.6,93869
IPGETF,20111212,2869.8,2869.8,2826,2830.7,316
IRB,20111212,149.75,151,144.55,146.55,444708
ISFT,20111212,52.5,52.5,51,51.45,707
ISMTLTD,20111212,26.45,26.8,25.15,25.85,73345
ITC,20111212,198.85,199.35,194.8,196,6771532
ITDCEM,20111212,122.2,125.95,118.15,119.85,1281
ITI,20111212,19.9,19.9,18.2,18.5,45280
IVC,20111212,27.05,27.7,25.9,26.15,39053
IVP,20111212,45.85,45.85,45.85,45.85,10
IVRCLAH,20111212,27.1,27.9,25.75,25.85,26864
IVRCLINFRA,20111212,35.25,35.95,33.1,33.4,3334001
J&KBANK,20111212,768.95,770,735,736.1,14194
JAGRAN,20111212,100.1,100.5,97.6,98.25,8925
JAGSNPHARM,20111212,11.5,11.5,11.25,11.25,600
JAIBALAJI,20111212,46,46,43.65,44.1,12753
JAICORPLTD,20111212,68,68.7,64,64.7,293871
JAINSTUDIO,20111212,7.2,7.2,7.2,7.2,5
JAMNAAUTO,20111212,95.45,96,94.25,94.25,207
JAYAGROGN,20111212,85.5,85.95,82.6,84.25,1488
JAYBARMARU,20111212,46.5,46.5,40.1,40.85,1486
JAYNECOIND,20111212,14.2,14.45,13.9,14,54154
JAYSREETEA,20111212,103,104,97.8,98.4,24721
JBCHEPHARM,20111212,69,71,67.2,67.85,30773
JBFIND,20111212,110.25,112.35,110,110.5,18974
JBMA,20111212,51,55,51,55,282
JCTEL,20111212,1.05,1.05,1.05,1.05,39601
JENSONICOL,20111212,3,3.25,3,3.2,3720
JETAIRWAYS,20111212,238,243.35,233,237.4,1876986
JHS,20111212,36,36.5,34.5,34.9,64882
JIKIND,20111212,4.1,4.35,4.1,4.35,132
JINDALPHOT,20111212,126.1,134,126,128.35,9197
JINDALPOLY,20111212,171.35,177,170.55,173.35,675961
JINDALSAW,20111212,132,132.9,126,128.55,138034
JINDALSTEL,20111212,535,540,502.15,505.8,1866950
JINDALSWHL,20111212,414.4,438.8,402,405.85,42439
JINDCOT,20111212,68.5,68.9,65.2,66.6,31449
JINDRILL,20111212,299,301,296.6,300.6,3165
JINDWORLD,20111212,84.5,84.95,80.7,81.25,3557
JISLDVREQS,20111212,46,49,45.75,48.1,190523
JISLJALEQS,20111212,112.65,114,109.5,111.7,746660
JKCEMENT,20111212,104,105.3,104,104,2044
JKIL,20111212,153.2,156.65,145.05,154.55,12717
JKLAKSHMI,20111212,42.4,43,40.8,41,52680
JKPAPER,20111212,37.5,37.5,36.1,36.35,61149
JKTYRE,20111212,65.85,65.85,62.4,63.1,19350
JMCPROJECT,20111212,112,112,105.65,107.9,3866
JMFINANCIL,20111212,14.9,15.2,14.5,14.6,105524
JMTAUTOLTD,20111212,55.85,55.85,49.5,49.95,538
JOCIL,20111212,102,106,92.05,96.4,5994
JPASSOCIAT,20111212,64.5,64.6,59.7,60.25,23013428
JPINFRATEC,20111212,42.05,42.85,39.2,39.85,407213
JPPOWER,20111212,38.5,38.5,37,37.25,345320
JSL,20111212,77.7,77.7,73.55,74.05,40409
JSWENERGY,20111212,44.15,44.15,42.05,42.3,242197
JSWISPAT,20111212,10.45,10.55,10.05,10.15,1468715
JSWSTEEL,20111212,592,596.45,545,550.75,1889735
JUBILANT,20111212,175.35,176,172,173.15,26749
JUBLFOOD,20111212,779.9,787.35,742.55,748.15,879063
JUBLINDS,20111212,198.2,202.85,198.2,200.05,2412
JUMBO,20111212,14,14.45,13.3,13.95,669
JUNIORBEES,20111212,93,93.14,89.21,89.93,34750
JUPITER,20111212,9.9,11.8,9.75,9.9,132879
JVLAGRO,20111212,14.8,15.4,14.25,14.9,3741
JYOTHYLAB,20111212,153,158.35,150.3,151.05,13642
JYOTISTRUC,20111212,47,47.75,45,45.45,82368
KABRAEXTRU,20111212,35,36.9,34.2,34.4,3063
KAJARIACER,20111212,101.5,103.85,101.05,101.9,91925
KAKATCEM,20111212,64.7,64.75,64.7,64.75,58
KALECONSUL,20111212,109,116.4,107,108.7,18281
KALINDEE,20111212,111.15,113.4,105.25,106.2,241564
KALPATPOWR,20111212,101.8,101.85,98.5,99,5866
KAMATHOTEL,20111212,92.35,98,92.35,93.3,34506
KANDAGIRI,20111212,54,54,54,54,50
KANORICHEM,20111212,26,26.8,24.85,25.1,47825
KANSAINER,20111212,879.9,881,865,871.5,889
KARURKCP,20111212,18.75,20.4,18.55,18.75,1040
KARURVYSYA,20111212,379,380.85,367.3,370.15,33255
KAUSHALYA,20111212,6.4,7,6.3,6.35,4233
KAVVERITEL,20111212,134,136.5,132.25,133.3,32091
KBIL,20111212,605,623.2,586.1,610,425
KCP,20111212,25.05,25.1,23.9,24.35,62458
KCPSUGIND,20111212,14.2,15.8,14.2,15.15,69362
KEC,20111212,39,39.2,38,38.3,135285
KECL,20111212,29.2,30,27.65,28.25,4527
KEI,20111212,15.85,15.85,15.1,15.3,12465
KEMROCK,20111212,541,541.5,519,528.4,120566
KERNEX,20111212,72,75.2,69.2,70.45,100803
KESARENT,20111212,40.5,42.15,38.05,41,233
KESORAMIND,20111212,104.4,105.2,99.6,100.8,9287
KFA,20111212,24.7,24.95,23.9,24.2,4393363
KGL,20111212,4.7,4.8,4.4,4.45,1009925
KHAITANELE,20111212,84,86.75,79.3,80.7,4200
KHANDSE,20111212,18.5,18.5,18.25,18.25,1500
KICL,20111212,400,421,400,404.8,111
KIL,20111212,12.1,13.15,12.1,12.55,2308
KILITCH,20111212,52.1,55,52.05,52.05,250
KINETICMOT,20111212,15.3,16.8,15.15,15.4,515689
KIRIINDUS,20111212,74.95,77,72.05,72.6,9893
KIRLOSBROS,20111212,121,123.1,116.7,119.75,3030
KIRLOSENG,20111212,130.1,135,130,130.45,2356
KIRLOSIND,20111212,269.9,269.9,246,246.4,140
KITPLYIND,20111212,2.9,3.2,2.85,2.9,6361
KKCL,20111212,699.85,710,666.05,695.05,2610
KLGSYSTEL,20111212,26.3,28.5,25.6,25.9,13640
KLRF,20111212,25.1,25.1,24,25,772
KMSUGAR,20111212,2.15,2.45,2.05,2.4,5650
KNRCON,20111212,97.5,97.5,92,92.5,2473
KOHINOOR,20111212,38,38,35.8,36.05,19526
KOLTEPATIL,20111212,35,35.7,31.5,32.15,32165
KOPDRUGS,20111212,4,4,3.6,3.95,104
KOPRAN,20111212,17.65,18.3,17.3,17.4,7806
KOTAKBANK,20111212,492,496.95,479.45,484.5,732307
KOTAKGOLD,20111212,2778.9,2778.9,2760,2765.9,13867
KOTAKNIFTY,20111212,491,493,488,489,9695
KOTAKPSUBK,20111212,325,330,320,320.01,457
KOTARISUG,20111212,5.8,6,5.8,5.8,6939
KOTHARIPET,20111212,6,6.15,6,6.05,2040
KOTHARIPRO,20111212,393,393,373.05,381.95,282
KOUTONS,20111212,18.4,18.95,17.25,17.45,175631
KPIT,20111212,158.25,161,156,157.45,41089
KPRMILL,20111212,99.5,99.5,95.05,95.25,814
KRBL,20111212,15.55,15.85,15.4,15.6,423676
KRISHNAENG,20111212,2.5,2.8,2.5,2.8,1732
KRITIIND,20111212,5.25,6.3,5.25,6.3,152
KSBPUMPS,20111212,172.45,172.45,165,166.9,942
KSCL,20111212,486,498.7,450.55,458.85,29298
KSE,20111212,238.9,238.9,225,225,441
KSERASERA,20111212,2.9,2.9,2.75,2.75,70901
KSK,20111212,47.25,47.25,44.05,44.3,42417
KSL,20111212,39.45,41.2,39,39.5,5622
KSOILS,20111212,6.75,6.9,6.6,6.8,3156868
KTKBANK,20111212,78,78.3,75.95,76.05,197364
KWALITY,20111212,40,40,40,40,17508
L&TFH,20111212,46,46,44.6,44.75,231374
LAKPRE,20111212,35,37.25,34,36.4,121
LAKSHMIEFL,20111212,13.95,13.95,13.65,13.85,16855
LAKSHMIMIL,20111212,1660,1660,1645,1645,3
LAKSHVILAS,20111212,87.9,87.9,84.7,85.1,23756
LANCOIN,20111212,25.9,25.9,24,24.2,6108
LAOPALA,20111212,105.5,108.35,102,103.15,7625
LAXMIMACH,20111212,1740,1740,1660,1672.05,2812
LCCINFOTEC,20111212,0.4,0.45,0.4,0.4,18331
LGBBROSLTD,20111212,303.5,310.05,303.5,310,166
LGBFORGE,20111212,2.55,2.65,2.5,2.5,3804
LIBERTSHOE,20111212,67,67,65.15,65.55,5120
LICHSGFIN,20111212,230,232.4,219.35,221,1269491
LIQUIDBEES,20111212,1000,1000.01,999.99,1000,165587
LITL,20111212,11.55,11.65,10.9,10.95,7351183
LLOYDELENG,20111212,44.5,44.5,42,43.05,4942
LLOYDFIN,20111212,0.85,0.95,0.85,0.9,3569
LLOYDSTEEL,20111212,8.5,8.6,8.2,8.3,72734
LML,20111212,9.15,9.15,8.35,8.45,153687
LOGIXMICRO,20111212,20.2,20.4,19.25,19.95,4863
LOKESHMACH,20111212,39,39,38.05,38.05,833
LOTUSEYE,20111212,9.85,9.85,8.3,8.35,4063
LOVABLE,20111212,375,378.7,349.4,354.45,466024
LPDC,20111212,2.1,2.1,1.75,1.8,4570
LT,20111212,1240.15,1242.1,1187.2,1195.55,2301785
LUMAXAUTO,20111212,29.25,29.3,29.25,29.25,1799
LUMAXIND,20111212,385.3,387.65,377.3,382.15,3826
LUMAXTECH,20111212,145,145,137.35,140.1,2602
LUPIN,20111212,444.5,446.8,430.05,434.8,631351
LYKALABS,20111212,9.15,9.45,9,9.25,3922
M&M,20111212,707.65,711.8,681,683.15,2134102
M&MFIN,20111212,671,690,658,667.45,22803
M100,20111212,6.55,6.65,6.3,6.38,255729
M50,20111212,62,65.9,62,62.9,13981
MAANALU,20111212,42,42,42,42,10
MADHUCON,20111212,56.5,59,55.2,58.35,7398
MADRASCEM,20111212,113.7,115,110.3,112.95,63455
MADRASFERT,20111212,18.7,19.2,17.4,17.6,70583
MAGMA,20111212,55,55.05,52.5,53.75,188306
MAGNUM,20111212,4.25,4.25,4.2,4.2,25557
MAHABANK,20111212,46.95,47.25,44.6,45,170975
MAHINDFORG,20111212,56.5,57.95,56,57,19313
MAHINDUGIN,20111212,51,51.45,49.35,50.45,19959
MAHLIFE,20111212,262.3,267,255.25,258.5,5687
MAHSCOOTER,20111212,302,309,286,290.65,869
MAHSEAMLES,20111212,337.05,341.45,335.8,336.45,63196
MAITHANALL,20111212,97.95,100,94.65,94.65,1709
MALUPAPER,20111212,9.35,9.85,9.35,9.85,250
MALWACOTT,20111212,20,20.1,19.5,19.7,1401
MANAKSIA,20111212,51,51,50,50.15,1392
MANALIPETC,20111212,9.6,9.7,9.45,9.5,21244
MANAPPURAM,20111212,55,57,54.75,55,893014
MANDHANA,20111212,217.65,217.65,210.2,213.05,77335
MANGALAM,20111212,12.55,12.55,12.1,12.15,752
MANGCHEFER,20111212,34,34.4,33.5,33.85,215638
MANGLMCEM,20111212,93,94.95,91.3,92.05,5056
MANGTIMBER,20111212,17.7,17.75,17.7,17.7,950
MANINDS,20111212,118.9,119.8,110.05,114.6,66172
MANINFRA,20111212,100.5,108,100.5,104.55,4041
MANJEERA,20111212,77.55,77.9,77.55,77.9,2
MANJUSHREE,20111212,66.6,82.75,66.6,80.65,4561
MANUGRAPH,20111212,50.95,50.95,47.55,47.9,5117
MARALOVER,20111212,10,10,9.65,9.75,1252
MARG,20111212,80.8,82.75,80.8,81.5,25068
MARICO,20111212,145.05,145.75,141.25,142.75,62144
MARKSANS,20111212,1.9,1.9,1.8,1.85,47802
MARUTI,20111212,985.8,990.05,951,958.2,546170
MASTEK,20111212,77,78.9,76.6,77.2,6761
MAWANASUG,20111212,14,14,13.05,13.45,1127
MAX,20111212,169,171.9,160.2,161.65,136090
MAXWELL,20111212,24.6,24.8,23.5,23.8,17468
MBECL,20111212,97,99.35,93.2,94.55,8117
MBLINFRA,20111212,101,103,98.35,100.1,29662
MBSWITCH,20111212,80.5,84.25,77.75,78.6,48031
MCDHOLDING,20111212,46,47,43.3,43.6,6567
MCDOWELL-N,20111212,721.05,727,698.1,707.5,321494
MCLEODRUSS,20111212,222.55,225,200,204.25,542774
MEGASOFT,20111212,11,11.3,10.65,10.8,4855
MEGH,20111212,9.8,10.05,9.2,9.2,37918
MERCATOR,20111212,21.45,21.45,20.25,20.5,466347
MERCK,20111212,625.9,626,618,619.8,1489
MHRIL,20111212,300.5,300.55,291.35,294.35,2781
MIC,20111212,7.1,7.15,6.55,6.8,171034
MICROSEC,20111212,27,27.25,27,27,3524
MICROTECH,20111212,153,158.7,153,154.2,19486
MINDAIND,20111212,167,169.9,156.1,162.95,358
MINDTREE,20111212,406,410,401.35,406.75,44081
MIRCELECTR,20111212,16,16.4,15.5,15.9,14837
MIRZAINT,20111212,17.05,17.05,16.6,16.75,30857
MMFL,20111212,92.1,95,92.1,93.3,161
MMFSL,20111212,100.4,106.6,98.1,99.55,163901
MMTC,20111212,534.3,545,436.85,513.85,20335
MOIL,20111212,232,233.95,230,230.2,46417
MONNETISPA,20111212,365.5,377,365.5,372,4811
MONSANTO,20111212,712.4,717.95,682.3,687,2392
MORARJETEX,20111212,10.95,10.95,10.9,10.9,250
MOREPENLAB,20111212,3.3,3.4,3.25,3.3,98237
MOSERBAER,20111212,17.8,18.4,17.2,17.35,582007
MOTHERSUMI,20111212,150.1,154,148.25,149.35,124381
MOTILALOFS,20111212,90.9,90.9,78.5,79.85,4261
MOTOGENFIN,20111212,38,38.9,36.3,36.5,439
MPHASIS,20111212,324.75,329.9,321.65,325.25,123067
MPSLTD,20111212,36.05,36.2,36.05,36.15,12282
MRF,20111212,7450,7450,6935,6992.15,8268
MRO-TEK,20111212,10,10.1,9.05,9.2,383
MRPL,20111212,60.1,61.25,59.45,60.05,266857
MSPL,20111212,33.45,33.45,31.2,32.95,1783
MTNL,20111212,27.4,27.4,25,25.1,740799
MUDRA,20111212,19.3,19.3,18.25,18.3,6396
MUKANDENGG,20111212,22.35,22.8,21.8,22.2,1316
MUKANDLTD,20111212,25.5,27,25.5,25.75,3810
MUKTAARTS,20111212,32,32.85,30.5,31.15,2768
MUNDRAPORT,20111212,128.95,130.9,126.35,129,1280093
MUNJALAU,20111212,180.5,186.7,178.25,180.6,3049
MUNJALSHOW,20111212,68.2,69.45,67.2,67.55,3778
MURUDCERA,20111212,15.05,15.35,14.5,14.5,3901
MUTHOOTFIN,20111212,172.15,172.5,169.25,171.5,80154
MVL,20111212,24,24.9,22.5,24.15,491644
MVLIND,20111212,11,12,10.7,11.45,4108
MYSOREBANK,20111212,471.35,479.45,469,469.15,363
N100,20111212,118,118,115,115,10165
NAGREEKEXP,20111212,16.05,16.15,15.55,16.15,526
NAHARCAP,20111212,40,43,40,41.4,3265
NAHARINDUS,20111212,34.4,35,33.5,34,530
NAHARPOLY,20111212,20.4,20.6,20.4,20.6,700
NAHARSPING,20111212,49.25,50.6,49.05,49.1,2781
NANDAN,20111212,1.85,1.9,1.85,1.85,19321
NATCOPHARM,20111212,250.05,256.7,246.3,251.45,120672
NATHSEED,20111212,8,8.4,8,8.4,2441
NATIONALUM,20111212,51.9,52.4,50.4,50.75,232317
NATNLSTEEL,20111212,14.25,14.45,13.2,13.9,9214
NAUKRI,20111212,632,647.95,620.9,630.7,548
NAVINFLUOR,20111212,340,341.7,331.15,333.45,5093
NAVNETPUBL,20111212,56,56,54,54.45,27037
NBVENTURES,20111212,203,228,192,195.85,60942
NCC,20111212,39,39.15,37.75,38.2,553293
NCLIND,20111212,36.35,36.4,33.95,34.15,18357
NCOPPER,20111212,17,17.95,17,17.55,9670
NDTV,20111212,38.5,39,32.05,32.3,537359
NECLIFE,20111212,18.25,18.3,16.6,17.55,93104
NEHAINT,20111212,39.25,39.25,39.25,39.25,186
NELCAST,20111212,25.05,25.1,24.7,24.85,20239
NELCO,20111212,48.05,48.05,45.8,46.05,23712
NEPCMICON,20111212,3,3.1,2.75,2.85,23330
NESCO,20111212,601.2,605.95,585,588.9,10666
NESTLEIND,20111212,4250,4250,4192,4212.85,17592
NET4,20111212,149.9,150,148.15,148.85,30937
NETWORK18,20111212,42,42,39,39.8,20846
NEULANDLAB,20111212,79.25,82,76.65,79.05,804
NEXTMEDIA,20111212,4.5,4.55,4.45,4.5,1289
NEYVELILIG,20111212,73.5,74.3,71.3,71.7,54545
NFL,20111212,54.05,54.05,51.1,51.6,10810
NHPC,20111212,22,22.25,21.2,21.5,3313358
NICCO,20111212,2,2.1,2,2.05,5357
NIFTYBEES,20111212,500,500,485.05,486.56,120017
NIITLTD,20111212,45.95,46.1,43.2,43.75,45224
NIITTECH,20111212,202.2,203.8,195.55,198.1,40481
NILKAMAL,20111212,238.5,244.75,224.05,226.05,53226
NIPPOBATRY,20111212,385.8,385.8,385.8,385.8,6
NITCO,20111212,38.2,39.45,36.35,36.5,4425
NITESHEST,20111212,16.7,16.95,16.6,16.65,10304
NITINFIRE,20111212,27.5,27.8,25.8,26.05,261522
NITINSPIN,20111212,6,6.9,5.9,6.05,10451
NMDC,20111212,178.95,179.65,167.45,168.85,285244
NOCIL,20111212,16.6,16.75,16.35,16.4,50107
NOIDATOLL,20111212,21.1,21.9,21.1,21.2,151700
NOL,20111212,40.7,40.7,40.7,40.7,500
NORBTEAEXP,20111212,5.35,5.35,4.95,5.15,1105
NORTHGATE,20111212,9,9,8.2,8.35,15856
NOVOPANIND,20111212,35.85,35.85,34.05,34.05,201
NRBBEARING,20111212,37.05,38,36.2,36.65,17468
NRC,20111212,3.2,3.75,3.2,3.6,1154
NSIL,20111212,583.1,583.1,575.15,575.35,100
NTPC,20111212,167.45,167.7,160,163.55,2957290
NUCHEM,20111212,2.35,2.8,2.1,2.4,17279
NUCLEUS,20111212,62.45,63.9,62.1,62.5,82905
NUMERICPW,20111212,185,186,185,186,744
NUTEK,20111212,1.3,1.3,1.3,1.3,400586
OBEROIRLTY,20111212,218.05,220.85,217.8,219.9,44444
OCL,20111212,92,93.25,90.05,91.85,10409
OFSS,20111212,1956.6,2018.9,1931,1954.95,13827
OIL,20111212,1191,1193,1136,1145.7,108075
OILCOUNTUB,20111212,50.75,51.35,49.05,49.1,4272
OISL,20111212,46,47,44.65,45.15,8687
OMAXAUTO,20111212,36.5,38,36,37.55,1226
OMAXE,20111212,144.5,144.5,139.5,142.5,71955
OMKARCHEM,20111212,62.05,64.9,62,63.85,19131
OMMETALS,20111212,26,30.95,26,26.6,830
OMNITECH,20111212,142,143.9,135.2,136.85,15978
ONELIFECAP,20111212,203.2,219,203.2,215.8,615098
ONGC,20111212,262.2,265.85,255.5,257.4,2405093
ONMOBILE,20111212,69.25,70.9,64.1,66.35,1093687
ONWARDTEC,20111212,39,39.6,36.45,38.4,653
OPTOCIRCUI,20111212,207,209.45,202,202.95,534363
ORBITCORP,20111212,32.4,33.05,31.1,32.15,211865
ORCHIDCHEM,20111212,167,167.9,155,156.3,865525
ORIENTABRA,20111212,12,12,10.75,10.95,10616
ORIENTALTL,20111212,7,7,6.9,6.9,565
ORIENTBANK,20111212,271.9,271.9,260,261.4,282854
ORIENTCERA,20111212,47,47,45.2,45.6,28
ORIENTHOT,20111212,24.05,25.9,24.05,25.45,7835
ORIENTLTD,20111212,87,90,86,89,21
ORIENTPPR,20111212,50.1,51.25,49.25,49.25,20909
ORISSAMINE,20111212,37190,37190,35550,35736.85,443
OUDHSUG,20111212,22,23,22,22.45,8003
PAEL,20111212,17.6,18.35,17.55,18.15,157
PAGEIND,20111212,2662,2710,2613.85,2630.55,887
PANACEABIO,20111212,89,90.3,86.7,89.85,3025
PANAMAPET,20111212,238,238,217,219.8,4793
PANASONIC,20111212,86,88,83.05,84.95,456
PANCARBON,20111212,119.5,120,119.5,119.5,299
PANORAMUNI,20111212,8.7,9.05,8.6,8.6,1310
PANTALOONR,20111212,183,184.6,166.7,169.7,2985686
PAPERPROD,20111212,70.3,70.3,65.2,65.7,21788
PARABDRUGS,20111212,33.55,36,33.25,33.65,35941
PARACABLES,20111212,2.65,2.65,2.2,2.2,24947
PARAL,20111212,192.4,195.95,188,189.3,3416
PARAPRINT,20111212,5.8,5.8,5.8,5.8,2278
PARASPETRO,20111212,0.45,0.5,0.4,0.45,94817
PARRYSUGAR,20111212,110,115.5,104.55,104.55,43
PARSVNATH,20111212,43.45,44.25,42.6,42.95,956905
PATELENG,20111212,92.5,93.7,83.3,84.5,369231
PATINTLOG,20111212,25,25.95,24,24.3,2207
PATNI,20111212,447.95,452,444,445.35,131147
PATSPINLTD,20111212,9.6,9.6,9.3,9.3,456
PBAINFRA,20111212,34,34,32.7,33.1,1403
PDPL,20111212,116.8,118.8,111.5,112.45,5942
PDUMJEIND,20111212,14.95,14.95,14.95,14.95,1
PDUMJEPULP,20111212,15.55,15.55,15.55,15.55,1
PEACOCKIND,20111212,3.2,3.2,2.85,2.95,1114
PEARLPOLY,20111212,13.6,13.6,13.55,13.55,1155
PENIND,20111212,38.5,39.85,38,38.9,16931
PENINLAND,20111212,31.8,32.9,31.45,31.9,26443
PEPL,20111212,1.55,1.55,1.55,1.55,40
PERSISTENT,20111212,304,307,300.1,300.8,54253
PETRONENGG,20111212,259,275.15,257,259.15,1400
PETRONET,20111212,159.6,160.8,152,153.1,1388295
PFC,20111212,164.35,164.85,147.85,149.2,6509644
PFIZER,20111212,1151.25,1162.95,1112.5,1120.05,25701
PFOCUS,20111212,48.8,48.8,45,45.95,111658
PFS,20111212,12,12.05,11.6,11.6,143026
PGEL,20111212,196,223.6,195.5,211.95,136919
PGHH,20111212,1885,1885,1850,1857.15,1596
PHILIPCARB,20111212,104.15,105,101.85,102,7027
PHOENIXLTD,20111212,182.5,184,175.15,177.5,9497
PIDILITIND,20111212,152.4,152.4,140.65,141.55,45236
PIIND,20111212,563,563,519.9,533,4951
PIONDIST,20111212,44,44,44,44,19
PIONEEREMB,20111212,10.25,10.9,10.25,10.9,701
PIPAVAVDOC,20111212,67.4,68.75,67.05,68.1,1854256
PIRGLASS,20111212,100.1,108.2,100.1,102,9699
PIRHEALTH,20111212,382,389.85,377,378,165574
PIRLIFE,20111212,98.85,99.8,96.25,96.75,68657
PITTILAM,20111212,59.7,62.5,58,59.2,113465
PLASTIBLEN,20111212,147.75,147.75,147.75,147.75,50
PLETHICO,20111212,371.25,374,369,372.35,35308
PNB,20111212,935.95,937.25,882.95,892.9,231237
PNBGILTS,20111212,24.25,25.25,24.15,24.25,21595
PNC,20111212,12.95,12.95,12.05,12.25,3096
POCHIRAJU,20111212,10.4,11,10.4,10.8,5185
POLARIND,20111212,3.25,3.25,3.1,3.25,2904
POLARIS,20111212,127.75,129.5,125.1,125.9,327545
POLYMED,20111212,262,262,235,252.55,425
POLYPLEX,20111212,173.5,174,167,167.6,15258
PONDYOXIDE,20111212,24.7,24.7,23.7,23.95,2232
PONNIERODE,20111212,79,80.45,76,76.2,801
POWERGRID,20111212,99,99.4,95.7,96.6,4590341
PPAP,20111212,68.5,69.45,67,67.25,245
PRADIP,20111212,102.9,102.9,94.8,96.55,152293
PRAENG,20111212,4.4,4.85,3.95,4,72030
PRAJIND,20111212,75.35,75.95,72.6,73.1,419254
PRAKASH,20111212,35.5,35.9,34.75,34.8,131352
PRAKASHCON,20111212,195.85,204.4,185.5,187.65,158892
PRAKASHSTL,20111212,117.25,117.75,116.05,116.25,5803
PRATIBHA,20111212,38.9,39,35.4,35.65,156317
PRECOT,20111212,77,82.75,75.2,76.4,700
PRECWIRE,20111212,83,84,81.05,82.85,429
PREMIER,20111212,68.8,69.75,66.8,69.3,1187
PRESTIGE,20111212,77.8,79.2,75.4,75.9,40047
PRETAILDVR,20111212,113,113,106.4,108.9,32124
PRICOL,20111212,14.75,14.8,13.95,14,20993
PRIMESECU,20111212,13.75,14,13.7,14,1428
PRISMCEM,20111212,42.8,43.4,41,41.1,48479
PRITHVI,20111212,14.25,15,14.25,14.9,5537
PROVOGUE,20111212,24.55,24.9,21.8,22.75,141690
PSB,20111212,68.6,68.8,67.05,67.4,37220
PSL,20111212,57.05,57.95,56.2,56.65,18733
PSUBNKBEES,20111212,320,320,301.95,305.24,620
PTC,20111212,49.75,49.75,46.5,46.75,1013442
PTL,20111212,35,35,34.1,34.25,1648
PUNJABCHEM,20111212,60,60.8,59,60.15,233
PUNJLLOYD,20111212,47.7,48.35,45,45.2,3131628
PURVA,20111212,66.35,66.35,62,62.3,1867
PVP,20111212,5,5.2,4.7,4.75,19497
PVR,20111212,137,137.1,130.05,131.45,8155
QGOLDHALF,20111212,1388.95,1388.95,1375.15,1379.4,727
QNIFTY,20111212,492.3,492.3,483.4,487.56,365
QUINTEGRA,20111212,2.5,2.5,2.35,2.35,4043
RADAAN,20111212,1.95,2.05,1.9,1.9,3512
RADICO,20111212,118.75,119,116.8,118.05,109301
RAINBOWPAP,20111212,61.7,61.7,59.95,60.45,181923
RAINCOM,20111212,29.4,29.65,28.45,29.45,274940
RAJESHEXPO,20111212,138.65,141.5,130.3,133.35,230938
RAJOIL,20111212,10.75,11.4,10.75,11.25,39916
RAJPALAYAM,20111212,183,183,175.25,181.8,371
RAJRAYON,20111212,8.25,8.4,7.85,7.85,2735
RAJSREESUG,20111212,32.8,33.75,32.3,32.45,8298
RAJTV,20111212,73.5,74.5,70.05,70.9,170855
RAJVIR,20111212,91.5,91.5,84.55,85.55,159
RALLIS,20111212,141.5,142.8,137,138.45,442689
RAMANEWS,20111212,9.1,9.8,8.9,8.9,11782
RAMCOIND,20111212,43.25,43.25,40,40.95,8343
RAMCOSYS,20111212,67,69.95,61.55,62.2,42627
RAMKY,20111212,214.8,214.8,203.55,205.6,1462
RAMSARUP,20111212,7.5,8,7.5,7.9,29749
RANASUG,20111212,3.1,3.35,3,3.05,91169
RANBAXY,20111212,420.95,423.1,405,406.05,887379
RANEENGINE,20111212,174,175,174,174.65,3
RANEHOLDIN,20111212,196.5,199.8,192.95,195.2,539
RANKLIN,20111212,14,14.8,13.95,13.95,7691
RASOYPR,20111212,28.65,28.65,28.5,28.5,2101
RATNAMANI,20111212,104,106,103.5,105.4,1941
RAYMOND,20111212,391.05,397.6,377.8,380.35,409560
RBL,20111212,104.7,108,104.65,105.7,527
RBN,20111212,54.25,55.25,52.05,52.35,12801
RCF,20111212,55.45,55.45,52,52.35,193864
RCOM,20111212,77.75,77.75,72.8,73.6,6055267
RECLTD,20111212,186.7,187.8,168.55,171.35,3830799
REDINGTON,20111212,83.2,83.2,76.2,78.2,35949
REFEX,20111212,10.75,10.75,9.75,10.25,3229
REIAGROLTD,20111212,20.7,20.85,20.05,20.25,181954
REISIXTEN,20111212,15.85,17,15.6,15.8,78863
RELAXO,20111212,295.8,295.8,290,290,2
RELBANK,20111212,867.98,868,830,831,35
RELCAPITAL,20111212,296.6,299.3,278.8,281.5,2443355
RELGOLD,20111212,2707.8,2717.95,2691.25,2696.15,4894
RELGRNIFTY,20111212,496,496.99,470,470,2311
RELIANCE,20111212,760.55,762,724,727.5,5097034
RELIGARE,20111212,420,424.85,418,418.15,12426
RELIGAREGO,20111212,2880,2880,2845,2847.85,127
RELINFRA,20111212,394,398.45,383.05,385.4,2006672
RELMEDIA,20111212,83,84.9,81.6,82.1,115211
REMSONSIND,20111212,27.95,27.95,27.95,27.95,54
RENUKA,20111212,29.45,29.45,28.4,28.6,7413603
REPRO,20111212,165.3,167.05,158.15,160.6,11225
RESPONIND,20111212,102,102.2,101.5,101.9,7170
RESURGERE,20111212,0.25,0.25,0.2,0.2,939422
REVATHI,20111212,354.5,354.5,340,340,57
RICOAUTO,20111212,10.05,10.35,9.35,9.5,147511
RIIL,20111212,348.8,349.85,336,337.9,54941
RJL,20111212,77.1,80,77.1,79.4,559
RKDL,20111212,13.45,13.75,13.3,13.45,13109
RKFORGE,20111212,96.1,99,95.5,98.2,147
RMCL,20111212,6.05,7.25,6.05,6.2,16511
RML,20111212,100.45,102.65,100.45,101.15,217
ROHITFERRO,20111212,23.55,24.25,22.9,23.1,29791
ROHLTD,20111212,46.2,46.85,45.3,45.85,2893
ROLTA,20111212,60,60.6,56.6,57.1,605785
ROMAN,20111212,19.05,20.5,19.05,19.35,862
RPGLIFE,20111212,71,74.95,70.6,72.55,2413
RPOWER,20111212,84.65,85.55,81.25,81.8,2124332
RPPINFRA,20111212,63,63,60.45,60.55,5197
RSSOFTWARE,20111212,49.05,49.05,47.45,47.65,2585
RSWM,20111212,72,72,70.05,70.5,733
RUBYMILLS,20111212,716,716,673,679.25,233
RUCHINFRA,20111212,16.3,16.45,15.3,16.3,18204
RUCHIRA,20111212,8,8.8,8,8.55,5300
RUCHISOYA,20111212,98.9,99,97.3,97.95,713836
RUPA,20111212,145.25,145.25,144.75,144.75,642
RUSHIL,20111212,142.85,144.5,138.75,139.85,55400
SABERORGAN,20111212,86.5,92,84.1,89.15,9288
SABTN,20111212,67.5,69.5,67.5,69,4676
SADBHAV,20111212,112.2,115,110.95,113.1,11508
SAGCEM,20111212,148,148,137,143.1,23
SAHPETRO,20111212,24.05,25.35,24.05,24.5,615
SAIL,20111212,84,84,77.6,78.55,7639987
SAKHTISUG,20111212,21,21.1,20.5,20.75,23065
SAKSOFT,20111212,40.8,44.5,40.4,40.7,899
SAKUMA,20111212,13,13.55,13,13.25,792
SALONACOT,20111212,14.3,14.3,13.3,13.55,1579
SALORAINTL,20111212,24,29.4,23.05,26.25,3393
SALSTEEL,20111212,5.05,5.2,5,5.05,8288
SAMBHAAV,20111212,0.8,0.8,0.8,0.8,1
SANDESH,20111212,259,269.75,250.1,260.9,264
SANGAMIND,20111212,37.9,37.9,35.6,35.8,12729
SANGHIIND,20111212,12.7,13.4,12.7,13.3,530
SANGHVIFOR,20111212,25.9,27.1,25.15,25.75,3778
SANGHVIMOV,20111212,106,106,98.05,99.2,6063
SANWARIA,20111212,12.85,12.85,12.25,12.4,63719
SARDAEN,20111212,95,95,87.05,89.95,8089
SAREGAMA,20111212,62,63.45,61.55,62.75,1201
SASKEN,20111212,105.25,107.75,101.55,102.7,9504
SATHAISPAT,20111212,27.25,27.25,25.1,25.9,7613
SATYAMCOMP,20111212,66.2,66.2,63.7,63.95,1794286
SAVERA,20111212,34.5,34.5,32.5,32.9,1642
SB&TINTL,20111212,12.15,12.8,12.1,12.35,11537
SBBJ,20111212,341.55,341.55,334.55,335.5,2580
SBIGETS,20111212,2839.8,2847.5,2824,2826.35,5126
SBIN,20111212,1882.7,1896.65,1763,1772.75,4112741
SBT,20111212,520.2,523.4,504,506.7,5413
SCI,20111212,56.25,57.7,54.9,55.05,450666
SEAMECLTD,20111212,94,95,91.15,92.75,1752
SEINV,20111212,165,168,162.55,163.5,3815
SELAN,20111212,261,264.95,252,254.1,8442
SELMCL,20111212,10.85,10.95,10.5,10.6,123589
SERVALL,20111212,4.7,4.9,4.4,4.5,36268
SESAGOA,20111212,176,176.7,170.4,171.95,2645387
SESHAPAPER,20111212,187,191,183,188.15,121
SEZAL,20111212,16.5,16.6,15.85,16.2,3421
SGJHL,20111212,116.05,117.8,114.75,115.15,44755
SHAHALLOYS,20111212,7.5,7.5,6.85,6.85,25895
SHAKTIPUMP,20111212,35.05,36.55,33.6,34.4,530
SHALPAINTS,20111212,461,474,425,434.4,3652
SHANTIGEAR,20111212,35.9,35.9,34.1,34.25,12340
SHARIABEES,20111212,113.65,113.65,112.1,112.6,24
SHARONBIO,20111212,298.05,299.3,294.5,296.05,21519
SHASUNPHAR,20111212,53,53.7,50.15,50.9,6456
SHILPAMED,20111212,162.5,163,156.6,159.9,867
SHILPI,20111212,10.75,11.15,10.7,10.75,8256
SHIV-VANI,20111212,184.25,186.95,176.1,179.05,6818
SHIVAMAUTO,20111212,96.95,97,93.6,93.6,1091
SHIVTEX,20111212,19.25,19.25,18.1,18.15,134
SHLAKSHMI,20111212,107,107,99.5,102.55,241866
SHOPERSTOP,20111212,336,340,310,319.75,73678
SHPRE,20111212,4.5,4.8,4.4,4.5,4444
SHREEASHTA,20111212,4.35,4.4,4.15,4.15,2286827
SHREECEM,20111212,2075,2109.25,2012.05,2050.25,1987
SHREERAMA,20111212,3.4,3.6,3.4,3.5,800
SHRENUJ,20111212,59,65,59,61.35,1103
SHREYANIND,20111212,19,19,17.9,17.9,900
SHREYAS,20111212,25.6,26.75,24.5,25,1444
SHRIRAMCIT,20111212,500,502,492.6,500,2064
SHRIRAMEPC,20111212,100.5,101.8,98.25,98.25,5135
SHYAMTEL,20111212,26.6,26.6,25.6,26.3,1947
SICAGEN,20111212,18.7,18.7,17.6,17.85,271718
SICAL,20111212,70.05,71.1,68.65,70.05,11937
SIEMENS,20111212,700,700,672.35,680.15,313315
SILINV,20111212,71,71,61.4,62.15,711
SIMBHSUGAR,20111212,28.55,29.9,28.55,29.3,7238
SIMPLEX,20111212,88.55,94,85.5,92.05,3404
SIMPLEXINF,20111212,209.85,216,201.05,210.1,332
SINTEX,20111212,93.3,94.4,84.55,85.5,2033633
SIRPAPER,20111212,40.35,40.35,37.2,39,201
SITASHREE,20111212,6.35,6.7,6,6.5,14963
SIYSIL,20111212,281.35,281.35,273,275.65,451
SJVN,20111212,20.6,20.85,20.2,20.35,156008
SKFINDIA,20111212,578,579,564.05,575.2,10107
SKMEGGPROD,20111212,6.7,7,6.4,6.6,2805
SKSMICRO,20111212,121.6,123.4,112.85,112.85,265981
SKUMARSYNF,20111212,31.25,31.45,29.5,29.9,897060
SMLISUZU,20111212,408,422.8,408,419.5,3257
SMOBILITY,20111212,87.5,90,86,86.75,5843
SMPL,20111212,4.05,4.05,3.75,3.75,630334
SMSPHARMA,20111212,161.1,161.1,156.05,158.1,37
SOBHA,20111212,234,237.95,224,225.25,37601
SOFTTECHGR,20111212,3.6,4,3.4,4,12147
SOLARINDS,20111212,798,798,756,763.3,5452
SOMANYCERA,20111212,37.95,37.95,35.7,35.85,332
SOMATEX,20111212,4.05,4.65,4.05,4.15,4630
SONASTEER,20111212,11.5,13,11.5,12.65,232285
SONATSOFTW,20111212,23.4,23.95,23,23,55925
SOTL,20111212,435,443,425.25,429.55,1224
SOUISPAT,20111212,3.8,3.9,3.7,3.8,6236
SOUTHBANK,20111212,22,22,21.6,21.65,636392
SPANCO,20111212,83.25,84.4,80,82,38113
SPARC,20111212,75.8,76,74.05,75.05,66843
SPECTACLE,20111212,8.8,8.9,8.5,8.5,105116
SPENTEX,20111212,7,7,7,7,949
SPIC,20111212,18.95,19.45,17.4,17.8,352776
SPLIL,20111212,2.3,2.3,2.25,2.25,60
SPMLINFRA,20111212,78,78.05,75,76.65,590
SPYL,20111212,26.65,26.8,25.75,26.05,299
SREINFRA,20111212,28.6,28.6,26.6,26.8,788883
SRF,20111212,278.05,282.4,270,271.2,24305
SRGINFOTEC,20111212,0.4,0.45,0.4,0.45,13153
SRHHLINDST,20111212,3.55,3.55,3.55,3.55,100
SRHHYPOLTD,20111212,39.25,39.25,37.55,38.95,784
SRSLTD,20111212,37,37,34.7,35.9,220461
SRTRANSFIN,20111212,532.5,544.4,523,525.6,308021
SSWL,20111212,220.6,231.5,213.15,216.5,77139
STAR,20111212,430,437,411.6,419.1,286248
STARPAPER,20111212,18.5,18.55,18.3,18.3,3228
STCINDIA,20111212,128,128.95,123.25,124.25,25485
STEL,20111212,11.5,12,10.5,11.7,244
STER,20111212,103,103.3,97.8,98.15,7484372
STERLINBIO,20111212,62.9,62.9,59.3,60.3,182289
STERTOOLS,20111212,100,102,100,101.95,1452
STINDIA,20111212,25,26.15,24.95,26.15,306
STOREONE,20111212,14.5,15.55,14.5,15.45,1164
STRTECH,20111212,34.1,35.3,32.65,33,186449
SUBEX,20111212,32.7,32.8,31.4,31.75,130347
SUBROS,20111212,23.35,23.6,22.55,22.95,4572
SUDAR,20111212,58.7,60.95,56.55,58.25,178295
SUDARSCHEM,20111212,527.8,527.8,525.05,527.4,13
SUJANATOW,20111212,7.75,8.15,7.5,8,1070523
SUJANAUNI,20111212,3,3.15,2.75,2.8,16963
SUMEETINDS,20111212,24.25,24.75,23.8,24.35,224392
SUMMITSEC,20111212,65,68,65,67,196
SUNCLAYTON,20111212,159,159,152.5,157.9,907
SUNDARAM,20111212,48.65,48.65,46.05,46.6,56257
SUNDARMFIN,20111212,524,540,524,536.6,24395
SUNDRMBRAK,20111212,157,160.95,156.95,158,417
SUNDRMFAST,20111212,57.5,58.45,55.25,55.7,11342
SUNFLAG,20111212,24.15,24.75,24,24.05,19415
SUNILHITEC,20111212,68.25,69.5,66.8,67.45,2294
SUNPHARMA,20111212,516.05,520.65,502.1,504.85,588355
SUNTECK,20111212,369.55,369.95,366.55,368.25,7055
SUNTV,20111212,284.9,288.7,260.5,265.15,544461
SUPERSPIN,20111212,6.5,6.6,6.25,6.25,162818
SUPPETRO,20111212,50.25,50.75,50,50.15,2745
SUPRAJIT,20111212,17.6,17.95,17.2,17.35,21502
SUPREMEIND,20111212,179,179,167.3,175.9,12929
SUPREMEINF,20111212,175,177,172.05,173.6,12664
SURAJDIAMN,20111212,39.1,40.1,38.25,38.55,26177
SURANACORP,20111212,92.25,92.25,91.5,91.5,250
SURANAIND,20111212,404,404,395.1,399.35,9799
SURANAT&P,20111212,14.4,14.85,13.55,14.45,2973
SURANAVEL,20111212,20,20,19.55,19.55,1002
SURYAJYOTI,20111212,13.95,14.5,13.25,13.3,5032
SURYALAXMI,20111212,52.25,53,50.05,50.75,1349
SURYAPHARM,20111212,10.8,10.9,10.3,10.35,51747
SURYAROSNI,20111212,54.2,54.2,46.1,47.2,1832
SUTLEJTEX,20111212,145.15,146,143.5,145.1,537
SUVEN,20111212,14.4,14.5,13.85,13.95,68868
SUZLON,20111212,22.85,22.9,21.55,21.7,16914083
SWARAJENG,20111212,391,399.9,382.1,392.7,773
SYMPHONY,20111212,1328.75,1365,1262.1,1273.4,215
SYNCOM,20111212,12.4,12.95,12.2,12.35,55302
SYNDIBANK,20111212,100,100.75,95.2,95.7,359346
TAINWALCHM,20111212,16.8,16.8,16.8,16.8,1000
TAJGVK,20111212,74.05,76.8,73.6,74.1,8160
TAKE,20111212,23,24.45,22.8,23.5,90252
TAKSHEEL,20111212,15.75,15.75,15,15,69842
TALBROAUTO,20111212,37.35,39.25,37.35,38.15,3668
TALWALKARS,20111212,144.85,144.85,136.15,137.7,28463
TANFACIND,20111212,20.5,20.5,20.5,20.5,100
TANLA,20111212,7.05,7.05,6.7,6.7,56553
TANTIACONS,20111212,44.1,44.9,42.3,42.6,3926
TARAPUR,20111212,17.45,18.05,17.25,17.45,2746
TATACHEM,20111212,353,355.9,344,347.7,139954
TATACOFFEE,20111212,799.9,815.9,771.75,781.55,67953
TATACOMM,20111212,188.1,193.5,188,188.95,65306
TATAELXSI,20111212,199.05,202.5,190.1,191.25,19383
TATAGLOBAL,20111212,90.15,90.6,87,87.55,294423
TATAINVEST,20111212,425,443.95,421.35,437.1,1661
TATAMETALI,20111212,61,61.9,58.9,59.3,12873
TATAMOTORS,20111212,187.05,187.8,176.2,177.35,14403325
TATAMTRDVR,20111212,97,98.7,90.75,91.3,1775670
TATAPOWER,20111212,96.3,96.5,86.2,88.45,4301308
TATASPONGE,20111212,300,301.25,287,287.85,8118
TATASTEEL,20111212,402.8,405.5,383.95,385.45,3701881
TCI,20111212,60.75,62.25,59,60,5414
TCIDEVELOP,20111212,123,135,119.1,119.1,100
TCIFINANCE,20111212,21.9,21.9,20.35,21.2,517
TCS,20111212,1176,1190,1155.1,1180.35,1586085
TDPOWERSYS,20111212,252.45,252.45,230.1,233.55,4200
TECHM,20111212,574.4,574.4,541,543.95,166324
TECHNO,20111212,190.2,197.7,186.5,192.65,13145
TECHNOFAB,20111212,124,131.7,122,125.7,2264
TECPRO,20111212,172,172,164.3,168.2,12795
TEXMACOLTD,20111212,28.7,29.4,28.25,28.5,71322
TEXMOPIPES,20111212,20.45,20.45,18.65,19.3,43788
TEXRAIL,20111212,75.9,75.9,68.1,69.7,15245
TFCILTD,20111212,22.35,22.8,21.25,21.8,17108
TFL,20111212,10,10.5,9.85,9.9,2567
THANGAMAYL,20111212,149,152.9,148,149.85,2068
THEMISMED,20111212,76.1,80,75,75,254
THERMAX,20111212,464,499.9,453.85,455.75,68164
THINKSOFT,20111212,39.6,40.85,39,39.25,13002
THIRUSUGAR,20111212,75,78.9,72.1,76.55,93
THOMASCOOK,20111212,39.5,39.5,37.55,37.8,60627
TI,20111212,39,40.35,37.5,38.45,396044
TIDEWATER,20111212,6345,6360.05,6201,6292.15,179
TIIL,20111212,30.65,30.85,29.25,30.1,3242
TIJARIA,20111212,12.2,12.4,11.4,11.65,70242
TIL,20111212,238.5,241.85,234.05,236.85,1911
TIMBOR,20111212,29,29.95,28.5,28.55,6411
TIMETECHNO,20111212,51.9,51.9,49.25,50.1,5443
TIMKEN,20111212,189.1,191.85,182.35,183.4,24684
TINPLATE,20111212,37.7,37.9,36.6,36.75,28296
TIPSINDLTD,20111212,39.5,40.6,39.5,40.05,3221
TIRUMALCHM,20111212,55.1,55.65,54.75,54.9,1009
TITAN,20111212,185.5,187.3,179.2,180,2583396
TNPETRO,20111212,13.25,13.5,13.2,13.25,10490
TNPL,20111212,84,84,79.8,80.7,15799
TODAYS,20111212,5.7,5.7,4.9,4.95,21201
TORNTPHARM,20111212,561.55,563.45,535.6,557.85,9732
TORNTPOWER,20111212,201,201.9,197.75,198.15,14084
TREEHOUSE,20111212,170.4,173,165,165.55,23265
TRENT,20111212,939.9,979.95,919.85,932.55,4903
TRF,20111212,260,260,240.1,245.1,7475
TRICOM,20111212,12.45,12.75,11.8,12.5,661
TRIDENT,20111212,10.7,10.9,9.95,10.2,45678
TRIGYN,20111212,13.95,14.1,13.95,13.95,4185
TRIL,20111212,167,172,166.8,167.25,2082
TRITURBINE,20111212,34.5,35.85,33.25,33.8,16234
TRIVENI,20111212,15.15,15.4,14.35,14.45,460681
TTKHEALTH,20111212,448.7,455,424,426.6,51433
TTKPRESTIG,20111212,2739.9,2761.95,2672,2685.05,40063
TTL,20111212,19.25,20.2,19.25,19.8,3627
TTML,20111212,14.45,14.45,13.6,13.7,1094574
TUBEINVEST,20111212,122,123,117.05,118.25,13408
TULIP,20111212,132,132,127.15,128.05,166490
TULSI,20111212,10.15,10.3,10,10,39292
TULSYAN,20111212,35.5,35.5,35.5,35.5,50
TV18BRDCST,20111212,35.65,36.75,33.25,34.05,33856
TVSELECT,20111212,19.25,19.65,18.55,18.6,984
TVSMOTOR,20111212,56.2,56.7,52.2,52.65,1403164
TVSSRICHAK,20111212,307,308,304.6,308,90
TVTODAY,20111212,49,49,46.45,46.55,8216
TWILITAKA,20111212,31.05,31.55,29.65,29.65,28256
TWL,20111212,426.1,433,405.05,409.2,21928
UBENGG,20111212,38.55,39.65,36.3,37,12602
UBHOLDINGS,20111212,84,94.25,78.35,80.15,130558
UBL,20111212,459.8,464.7,405.55,410.2,528387
UCALFUEL,20111212,73,79.4,66.35,68.5,113732
UCOBANK,20111212,61.95,62.5,59.55,59.95,1178951
UFLEX,20111212,130.7,132.5,126.6,130.05,556888
UGARSUGAR,20111212,11.25,12,11,11.15,6585
ULTRACEMCO,20111212,1230,1230,1130.2,1148.25,121519
UMESLTD,20111212,14.25,14.5,13.95,14.35,2088
UNICHEMLAB,20111212,102,104.4,101.2,103.35,7692
UNIENTER,20111212,29,29,26.3,26.6,3650
UNIONBANK,20111212,214.1,215.3,205,206.1,1512603
UNIPHOS,20111212,133,135.4,132.55,133.2,941106
UNIPLY,20111212,9,9.4,8.6,8.8,2372
UNITECH,20111212,22.3,24,21.6,21.7,14366936
UNITEDBNK,20111212,60,60,57.25,57.6,42159
UNITEDTEA,20111212,143.95,146,143.95,146,127
UNITY,20111212,29.15,29.25,26.6,26.65,101334
UNIVCABLES,20111212,34.2,35,33.5,33.6,380
UPERGANGES,20111212,42,43.2,42,42.8,918
USHAMART,20111212,23.1,23.2,22.05,22.5,1729097
USHERAGRO,20111212,101,101.5,97.2,98.25,169403
UTISUNDER,20111212,1240,1255,1210,1225.5,53
UTTAMSTL,20111212,61.5,61.95,57.8,58.2,17756
UTTAMSUGAR,20111212,26.05,26.9,26,26.15,632
UTVSOF,20111212,990,990,974.95,975.45,27286
VADILALIND,20111212,108,115.9,104,107,253
VAIBHAVGEM,20111212,29,30.7,27.65,27.7,1872
VAKRANSOFT,20111212,340,347.45,339,340.2,52948
VALECHAENG,20111212,60.1,61.4,57,57.4,12803
VALUEIND,20111212,14.55,14.7,14.55,14.65,2050
VARDHACRLC,20111212,7.45,7.8,7.45,7.55,16447
VARDMNPOLY,20111212,91,91,88.9,89,1645
VARUN,20111212,254.9,254.9,245.35,247.05,92259
VARUNSHIP,20111212,17.4,17.8,16.8,17,41626
VASCONEQ,20111212,43.05,43.5,41.5,43.45,969
VASWANI,20111212,9.9,10.4,9.4,9.75,105761
VENKEYS,20111212,403,432.7,403,410.05,78363
VENUSREM,20111212,169.95,169.95,165,165,1806
VESUVIUS,20111212,357.4,364.6,350.1,350.1,1181
VGUARD,20111212,180,180.9,179.1,179.9,29440
VICEROY,20111212,22.7,23.85,22.25,22.7,18403
VIDEOIND,20111212,171.85,173.9,171,172.45,464325
VIJAYABANK,20111212,55.25,55.25,52.25,52.55,1193445
VIJSHAN,20111212,14.45,15.75,14.45,15.65,11111
VIKASGLOB,20111212,156.55,165,156.55,163,9055
VIKASHMET,20111212,7,7.25,6.7,6.8,17351
VIMTALABS,20111212,16.05,16.05,15.65,15.7,4966
VINATIORGA,20111212,69.9,70,68,69.15,11601
VINYLINDIA,20111212,8.25,8.7,8.25,8.7,756
VIPIND,20111212,103.85,104.85,97.55,98.3,5066415
VIPUL,20111212,9,9.25,8.75,8.8,211
VISAKAIND,20111212,67.2,69,66.1,67.45,7561
VISASTEEL,20111212,58.55,58.95,58,58,20474
VISESHINFO,20111212,2.55,3.2,2.5,3.05,11495
VISUINTL,20111212,2.1,2.1,1.7,2,29396
VIVIMEDLAB,20111212,233.2,233.9,220.6,225.25,13345
VLSFINANCE,20111212,9.9,10.15,9.8,9.95,5065
VOLTAMP,20111212,498.1,504.95,498,499.9,1684
VOLTAS,20111212,87.8,88.85,84.25,84.85,1196875
VSTIND,20111212,1155,1156.05,1135.1,1144.35,2048
VSTTILLERS,20111212,439,439.9,422.05,428,392
VTL,20111212,179.5,179.5,166.3,167.55,2980
VTXIND,20111212,13,13.9,13,13,356
WABAG,20111212,350,350,333.4,335.85,1481
WABCOINDIA,20111212,1280,1280,1230.1,1242.05,585
WALCHANNAG,20111212,72,73.25,70.5,70.9,15784
WANBURY,20111212,23.2,23.2,20.75,21,3684
WEBELSOLAR,20111212,20.1,21.25,20,20.4,4056
WEIZFOREX,20111212,61.1,64.75,61,62.05,262
WEIZMANIND,20111212,7.15,8.2,7.15,8.1,1006
WELCORP,20111212,69,71,68.1,70,1172673
WELINV,20111212,39,39.95,37.5,39.9,47
WELPROJ,20111212,31.1,31.15,27.6,28.7,4636
WELSPUNIND,20111212,25.95,26,24.8,24.9,11625
WENDT,20111212,1499,1499,1433,1445,247
WHEELS,20111212,292,292,274.95,275.7,3557
WHIRLPOOL,20111212,167.2,169,160,164.4,113659
WILLAMAGOR,20111212,41.4,41.45,37.2,38.2,6566
WINDMACHIN,20111212,15.9,15.9,14.65,15.55,2403
WIPRO,20111212,405.2,419.8,402.7,414.75,2039648
WOCKPHARMA,20111212,405.7,408.9,382,384.45,130354
WSI,20111212,14,15.05,14,14,553
WSTCSTPAPR,20111212,53.5,53.5,50,50.25,20730
WWIL,20111212,7,7.05,6.7,6.75,140071
WYETH,20111212,915.95,929.9,885.4,892.85,14534
XLENERGY,20111212,7,7,5.85,5.85,9380
XPROINDIA,20111212,53,54.5,51,51.25,20736
YESBANK,20111212,288,291.6,280.3,282.7,3347782
ZANDUREALT,20111212,1477,1496,1430,1436.6,371
ZEEL,20111212,124.05,125,120.3,121.3,527350
ZEELEARN,20111212,15.6,15.9,14.9,15,135713
ZEENEWS,20111212,10.8,10.8,10.2,10.2,76369
ZENITHBIR,20111212,4.1,4.1,3.85,3.9,18565
ZENITHCOMP,20111212,13.6,14,13,13.35,2111
ZENITHINFO,20111212,41.9,43.5,40.25,41,3481
ZENSARTECH,20111212,147,148.8,139.05,142.65,8563
ZICOM,20111212,29.15,31.5,29.15,31.05,13461
ZODIACLOTH,20111212,224.95,224.95,214.5,214.95,1049
ZODJRDMKJ,20111212,25.75,25.75,24.5,24.5,450
ZUARIAGRO,20111212,528.3,528.3,508,515.9,2236
ZYDUSWELL,20111212,449,454,435.05,439.15,2419
ZYLOG,20111212,394.8,399,390.25,393.5,59731
NSENIFTY,20111212,4906.85,4910.25,4755.55,4764.60,178338170,5926.00
NIFTYJUNIOR,20111212,9149.30,9224.15,8930.05,8955.10,80780808,1122.52
BANKNIFTY,20111212,8900.90,8920.25,8504.45,8543.40,20338446,1611.17
NSEMIDCAP,20111212,6655.10,6702.70,6498.90,6515.00,137992203,1094.41
NSEIT,20111212,6153.45,6226.35,6111.85,6194.45,12452573,794.21
NSE100,20111212,4775.60,4778.90,4634.35,4642.90,259118978,7048.52
NSE500,20111212,3852.75,3854.15,3745.35,3751.05,447037349,8597.83
MIDCAP50,20111212,1929.30,1932.95,1861.05,1869.25,76349129,571.31
VIX,20111212,27.21,30.00,27.21,29.27,29.53,-0.26
