20MICRONS,20110714,47.55,51.3,47.55,48.55,81513
3IINFOTECH,20110714,44.6,45.15,44.1,44.7,349158
3MINDIA,20110714,4150,4170,4100.5,4153.5,171
A2ZMES,20110714,242.5,259.6,242.5,256.65,671590
AANJANEYA,20110714,379.1,390,373.4,376,209112
AARTIDRUGS,20110714,132,135.9,131.05,132.95,1953
AARTIIND,20110714,48.5,49.95,48.2,49.1,14436
AARVEEDEN,20110714,49.8,51.95,49,50.45,1664
ABAN,20110714,521,533.9,520,529.15,725587
ABB,20110714,888,888.05,870.05,877.8,63343
ABBOTINDIA,20110714,1522,1524.95,1431.5,1502.15,614
ABCIL,20110714,128,130,126.5,128.5,2874
ABGSHIP,20110714,387,389.9,375.2,377.95,682371
ABHISHEK,20110714,13.95,13.95,13.4,13.75,2830
ABIRLANUVO,20110714,912.2,926,902.25,911.95,92905
ACC,20110714,954,985.5,948.1,978.75,290314
ACE,20110714,46.5,46.7,45.25,45.55,74763
ACKRUTI,20110714,193.45,197.25,192.1,193.8,28474
ACROPETAL,20110714,17.15,17.4,16.8,17.05,178588
ADANIENT,20110714,711.7,718.9,706.4,714.9,105539
ADANIPOWER,20110714,109.95,112.25,109.45,111.85,1021566
ADFFOODS,20110714,69.7,74.4,69.65,71.9,50441
ADHUNIK,20110714,79.4,80.4,78.7,79.1,41762
ADORWELD,20110714,176.7,184.95,173,177.7,115234
ADSL,20110714,49.9,50.45,46.75,49.1,115454
ADVANIHOTR,20110714,36,37.3,35.5,37.3,4259
ADVANTA,20110714,260.1,275.75,260.1,272.9,171573
AEGISCHEM,20110714,222.2,226.1,222.2,224.7,4154
AFL,20110714,41.15,41.15,41.15,41.15,32
AFTEK,20110714,13.75,13.85,13.2,13.6,154906
AGCNET,20110714,165.25,166.45,165.25,165.7,269
AGRE,20110714,46.15,48.7,46.15,47.7,2584
AGRODUTCH,20110714,11.7,12.2,11.5,12.05,14191
AHLEAST,20110714,322.55,322.55,320,320.8,75
AHLUCONT,20110714,131,131.3,130,131,5124
AHLWEST,20110714,188.6,194,188.6,192.25,459
AHMEDFORGE,20110714,117.75,121.4,114.1,119.95,18613
AIAENG,20110714,373.9,376,372.1,374.75,1241
AJANTPHARM,20110714,320.5,330,315,321.2,30580
AJMERA,20110714,159.1,163,159.1,161.95,15104
AKSHOPTFBR,20110714,7,7.3,6.95,7.05,108430
AKZOINDIA,20110714,906.1,919.5,906,915.4,787
ALBK,20110714,205.85,209.4,204.4,207.5,556955
ALCHEM,20110714,229.6,229.95,229.1,229.5,108943
ALEMBICLTD,20110714,22.25,23.3,22.25,22.45,313438
ALFALAVAL,20110714,1565,1621,1540,1606.25,3125
ALKALI,20110714,54.3,56,53.6,54.4,16554
ALKYLAMINE,20110714,90,91.05,89.55,91,2510
ALLCARGO,20110714,169,171.6,168.25,171,5957
ALLSEC,20110714,20.8,20.8,19.95,20.75,1137
ALMONDZ,20110714,24.2,26.05,24.2,25.25,1319
ALOKTEXT,20110714,25,25.4,24.9,25,1989873
ALPA,20110714,10,10.45,9.9,9.9,4950
ALPHAGEO,20110714,130,135,127.15,128.15,526757
ALPSINDUS,20110714,3.35,3.7,3.35,3.55,56000
AMAR,20110714,100.4,100.8,97.15,98.75,108643
AMARAJABAT,20110714,235.5,241.95,233.25,237.15,102376
AMARJOTHI,20110714,63,63,63,63,200
AMBIKCO,20110714,191.5,197,188,193.3,2221
AMBUJACEM,20110714,123.25,127.75,122.25,126.5,1652880
AMDIND,20110714,17.9,18.3,17.8,17.95,4957
AMLSTEEL,20110714,15.15,16,15.15,15.95,240
AMRUTANJAN,20110714,735,740.95,732.3,734.4,11871
AMTEKAUTO,20110714,162.45,165.4,160.1,161.4,251653
AMTEKINDIA,20110714,102.1,102.4,97.5,99.35,576512
ANANTRAJ,20110714,85.75,90.5,85,89.55,1147551
ANDHRABANK,20110714,132.25,135.25,131.85,134.55,318963
ANDHRACEMT,20110714,10.55,10.95,10.5,10.85,17982
ANDHRSUGAR,20110714,97.05,98,95.65,97.9,4415
ANGIND,20110714,25.8,25.85,25.6,25.6,2690
ANIKINDS,20110714,38.6,39,38.6,38.95,169
ANKURDRUGS,20110714,40.8,40.8,39.5,40.35,13093
ANSALAPI,20110714,43,43.65,42.4,43.15,283850
ANSALHSG,20110714,43.95,44.4,41.55,43.15,3458
ANTGRAPHIC,20110714,0.3,0.3,0.25,0.3,98632
APARINDS,20110714,234,235.7,232.5,234.3,1270
APCOTEXIND,20110714,183,188.4,183,185.85,1611
APIL,20110714,550.25,576,550.25,568.6,394689
APOLLOHOSP,20110714,494.25,497.7,491.3,494.95,50478
APOLLOTYRE,20110714,80,80.9,79.25,79.75,1677720
APPAPER,20110714,370,373,370,371,33030
APTECHT,20110714,109.8,113.3,109.25,110.55,988711
AQUA,20110714,15.3,15.4,14.95,15.1,156604
ARCHIDPLY,20110714,13.5,14.35,13.5,14.35,1256
ARCHIES,20110714,38.55,40.35,38.5,39.3,46334
AREVAT&D,20110714,250,257.65,248.65,255.25,208437
ARIES,20110714,104,105.7,103,103.75,2415
ARIHANT,20110714,57.55,63,57.55,61,275
ARL,20110714,2.3,2.35,2.3,2.3,36968
AROGRANITE,20110714,40.9,42,40.5,41,169
ARROWTEX,20110714,10.85,11.5,10.85,11.5,1861
ARSHIYA,20110714,145.3,150.45,145.3,147.75,11892
ARSSINFRA,20110714,433.05,438,431,434.7,123880
ARVIND,20110714,85.6,86.5,84,85.3,2023075
ASAHIINDIA,20110714,81.95,84.4,81,84,27568
ASAL,20110714,67.4,76,67.4,74.65,249475
ASHAPURMIN,20110714,20.15,21.3,20.15,20.7,69315
ASHCONIUL,20110714,2.65,2.7,2.6,2.65,127
ASHIANA,20110714,149,149.5,141.15,149.1,1857
ASHOKA,20110714,280.1,285,280.1,281.1,773
ASHOKLEY,20110714,50.5,50.9,49.7,49.85,2912462
ASIANELEC,20110714,10.1,10.4,10.1,10.2,32556
ASIANHOTNR,20110714,221.25,221.25,217,218.55,889
ASIANPAINT,20110714,3125,3171.7,3091.6,3130.2,78891
ASIANTILES,20110714,43,44,42.1,43.35,323
ASSAMCO,20110714,15.5,15.8,15.45,15.55,150408
ASTEC,20110714,40.4,41.7,40.4,41.35,9720
ASTERSILI,20110714,24.3,24.6,24.05,24.45,10146
ASTRAL,20110714,196,204.5,195.65,196.35,50505
ASTRAMICRO,20110714,28.4,29.2,28.4,28.75,13475
ASTRAZEN,20110714,1348,1348,1274,1298.6,223
ATFL,20110714,370,388,365,375.75,4342
ATLANTA,20110714,82.85,83.35,81,81.45,390133
ATLASCYCLE,20110714,266,279.4,266,277.05,50099
ATNINTER,20110714,1.15,1.25,1.15,1.15,2586
ATUL,20110714,188.6,197,188.6,194.85,56286
AUROPHARMA,20110714,166.4,172.15,165.55,171,915060
AUSOMENT,20110714,42.8,42.8,42.8,42.8,1
AUSTRAL,20110714,2.65,2.75,2.65,2.7,185940
AUTOAXLES,20110714,435,435,420,421,283
AUTOIND,20110714,148.55,158,148.1,154.2,36247
AUTOLITIND,20110714,20.05,21.1,20.05,21.05,2059
AVANTI,20110714,35,35,35,35,483
AVENTIS,20110714,2089,2100,2064.8,2085.9,706
AVTNPL,20110714,286.55,314.55,286.55,314.3,255619
AXIS-IT&T,20110714,84.05,92.45,84.05,89.1,10042
AXISBANK,20110714,1266.6,1294.2,1265,1279.25,814482
AXISGOLD,20110714,2252,2273.5,2252,2268.1,448
BAGFILMS,20110714,7.4,7.65,7.4,7.55,123598
BAJAJ-AUTO,20110714,1459,1463.2,1406.3,1430.7,1165031
BAJAJCORP,20110714,114.5,115.05,113.4,114.9,136820
BAJAJELEC,20110714,258.85,273,255.4,264.3,385348
BAJAJFINSV,20110714,546.4,569.7,543.3,556.05,1117717
BAJAJHIND,20110714,72,73.15,70.95,71.65,592250
BAJAJHLDNG,20110714,768,785.25,767.6,772.9,221128
BAJFINANCE,20110714,685,716,680,707.35,521959
BALAJITELE,20110714,34.1,34.75,32.9,33.2,102299
BALAMINES,20110714,41.9,41.9,40.85,41.4,4565
BALKRISIND,20110714,156.3,159,153.1,156.2,15649
BALLARPUR,20110714,32.4,33.25,32.4,32.95,96205
BALMLAWRIE,20110714,638,647,630,638.25,10876
BALPHARMA,20110714,28.15,28.65,28.1,28.15,4855
BALRAMCHIN,20110714,63.55,63.9,62.6,62.95,737754
BANARISUG,20110714,609.95,609.95,593.5,597.35,534
BANCOINDIA,20110714,74.15,83,73.5,81.45,195865
BANG,20110714,34.45,34.45,32.5,32.95,4312
BANKBARODA,20110714,875.45,896,865.55,885.7,395259
BANKBEES,20110714,1135.84,1148.5,1122.84,1140.58,228
BANKINDIA,20110714,403.1,406,400.7,402.5,827730
BANSWRAS,20110714,130,132.95,130,131.1,1067
BARTRONICS,20110714,61.5,62.4,61,61.5,70634
BASF,20110714,680,690,664,671,27170
BASML,20110714,85,87,82.1,83.7,643
BATAINDIA,20110714,619.5,629,610.1,625.6,841162
BATLIBOI,20110714,24.1,25.85,23.35,23.85,2579
BAYERCROP,20110714,884,884,857,860.15,13697
BBL,20110714,885.8,886,872,876.9,6722
BBTC,20110714,468,485,460.1,472.15,7357
BECREL,20110714,11.3,11.85,11.3,11.45,155
BEDMUTHA,20110714,130.4,134,130.4,132.3,64630
BEL,20110714,1689,1700,1672.05,1692.05,26621
BEML,20110714,582.2,601,582.2,595.8,30532
BEPL,20110714,31.95,32,30.8,31.05,5505
BERGEPAINT,20110714,101.85,102.45,100.4,101.5,109721
BFINVEST,20110714,67.05,69,67,67.3,6881
BFUTILITIE,20110714,740.05,750,733.6,739.45,371287
BGRENERGY,20110714,458.95,469.75,458.25,462.7,235952
BHAGWATIHO,20110714,95,102,93.75,98.35,108589
BHAGYNAGAR,20110714,18,19.5,18,19,27260
BHARATFORG,20110714,336.1,344.3,330.3,338.4,436116
BHARATGEAR,20110714,58.1,61.5,57.55,60.45,9242
BHARATRAS,20110714,113,119.95,112.1,118,335
BHARTIARTL,20110714,395.8,399.1,393.65,396.55,3456859
BHARTISHIP,20110714,128.35,132,128.25,129.35,107092
BHEL,20110714,1928,1948,1915,1930.35,495330
BHUSANSTL,20110714,432.45,442.8,431.1,438.8,184269
BIL,20110714,57,58.4,55.8,57.35,3554
BILENERGY,20110714,28.75,30.05,28.75,29.95,23669
BILPOWER,20110714,91.2,92.95,91,91.95,1703
BIMETAL,20110714,314,328.5,314,323.05,307
BINANIIND,20110714,165,166,162.25,163.7,13377
BINDALAGRO,20110714,90.9,92.75,90.15,90.5,315484
BIOCON,20110714,362.4,367.5,359.8,362.9,257380
BIRLACORPN,20110714,340,346,340,340.45,1255
BIRLACOT,20110714,0.4,0.45,0.4,0.4,7225067
BIRLAERIC,20110714,15.85,16,15.2,15.3,3354
BIRLAMONEY,20110714,20.1,20.5,20.1,20.4,5102
BIRLAPOWER,20110714,0.85,0.85,0.8,0.8,8878993
BLBLIMITED,20110714,5.2,5.7,5.2,5.7,14815
BLISSGVS,20110714,23.6,23.75,23.15,23.35,42735
BLKASHYAP,20110714,19.4,19.4,18.5,19,75577
BLUECHIP,20110714,1.1,1.2,1.1,1.15,1303
BLUEDART,20110714,1551.1,1590,1536.05,1556.85,5881
BLUESTARCO,20110714,310,316,300.75,312.5,11778
BLUESTINFO,20110714,90,90,88.75,89.15,1575
BOC,20110714,288.15,298.8,288,295.9,23300
BOMDYEING,20110714,372,376.3,365.25,371.75,318293
BOSCHLTD,20110714,7070,7133,7065,7100.35,4152
BPCL,20110714,661,673.9,661,666.9,288345
BPL,20110714,25.55,26.65,25.35,25.55,36977
BRANDHOUSE,20110714,20.55,21.25,20.55,21.05,55845
BRFL,20110714,285.25,288.9,285.25,287.4,39568
BRIGADE,20110714,73.25,79.25,73.25,76.95,242438
BRITANNIA,20110714,437.65,484.5,437.65,479.45,26223
BROADCAST,20110714,10.45,10.45,10.45,10.45,30
BSELINFRA,20110714,4.85,5,4.85,4.9,23715
BSL,20110714,24.05,27.3,24.05,26.25,1700
BSLGOLDETF,20110714,2345,2345,2293,2316.45,244
BSTRANSCOM,20110714,135.1,140.65,135.1,138,16675
BURNPUR,20110714,8.05,8.05,7.6,7.85,22856
BVCL,20110714,17.4,17.4,17.1,17.1,1200
CADILAHC,20110714,939,965,921,962.5,85110
CAIRN,20110714,316,320.5,314.3,316.8,1095780
CALSOFT,20110714,33,33,32.05,32.05,103
CAMLIN,20110714,72.85,76.25,72.4,74.95,2208383
CANBK,20110714,514.5,529.4,508,521.5,814077
CANDC,20110714,110.95,114.6,108,112.7,13108
CANFINHOME,20110714,113.95,114.6,112,113.15,26518
CANTABIL,20110714,32.85,33.15,32.2,32.35,8931
CARBORUNIV,20110714,297,314,297,306,21151
CAROLINFO,20110714,175.1,181.95,175.1,176.6,920
CASTROL,20110714,560,563.3,555,557.35,62341
CCCL,20110714,33.1,33.4,32.7,33.3,10601
CCL,20110714,210.5,213.55,207.6,209.8,9986
CEATLTD,20110714,112.3,112.3,110.2,110.75,82357
CEBBCO,20110714,45.95,45.95,43,43.45,25211
CELEBRITY,20110714,9.5,9.85,9.45,9.55,3612
CELESTIAL,20110714,33.9,34.65,33.3,34.05,13358
CENTENKA,20110714,180.1,181.8,178,178.75,5804
CENTEXT,20110714,3.5,3.55,3.4,3.4,5477
CENTRALBK,20110714,125.15,130.3,124.5,128.3,692441
CENTUM,20110714,92,92,91.5,92,240
CENTURYPLY,20110714,73,73,70.4,71.55,409485
CENTURYTEX,20110714,364,368.75,356.65,365.15,368581
CERA,20110714,216.8,217.65,215,216.25,5594
CESC,20110714,339,343.6,333.1,341.25,336708
CHAMBLFERT,20110714,83.5,86.35,83,85.35,3887030
CHEMFALKAL,20110714,46.5,47,46.15,46.15,510
CHEMPLAST,20110714,7.4,7.6,7.1,7.1,94671
CHENNPETRO,20110714,226.6,228,221.3,227.3,45231
CHESLINTEX,20110714,14,14,13,13.4,531
CHETTINAD,20110714,445,447,445,445,201
CHOLAFIN,20110714,164,175.8,164,172.45,85654
CILNOVA,20110714,15.25,15.25,14.3,15.05,13111
CINEMAX,20110714,37.95,39.15,37,38.35,144170
CINEVISTA,20110714,3.65,4,3.65,3.9,17023
CIPLA,20110714,322.15,330.65,321.5,329.1,703778
CLASSIC,20110714,11.95,11.95,11.6,11.8,692
CLNINDIA,20110714,780,804,776.25,799.05,9437
CMAHENDRA,20110714,240,240,231.65,233.7,48809
CMC,20110714,1182.4,1182.4,1155,1170.8,45344
COALINDIA,20110714,366.35,375.5,366.35,371.45,3791759
COLPAL,20110714,995.5,1007,985.6,999.3,43434
COMPUAGE,20110714,99.9,99.9,96,99.45,1005
CONCOR,20110714,1131,1174.9,1131,1158.9,5193
CONSOFINVT,20110714,71.7,71.7,68.8,70,137
CORAL-HUB,20110714,6.1,6.45,6.1,6.35,3502
CORDSCABLE,20110714,39.35,41.6,38.5,41.35,5452
COREPROTEC,20110714,303,311,303,309.85,172928
COROMANDEL,20110714,345.95,348.4,338.3,343.5,196769
CORPBANK,20110714,511.95,516.5,510,514.3,41447
COSMOFILMS,20110714,101.5,103.45,100.6,101.35,28695
COX&KINGS,20110714,198,202.2,194.25,196.85,44007
CPIL,20110714,326.2,332.4,326.2,329.15,617
CREATIVEYE,20110714,5.35,5.5,5.35,5.5,13367
CRESTANI,20110714,51,53.35,50.5,51.6,70377
CREWBOS,20110714,88.65,90,88.55,89.15,34154
CRISIL,20110714,7300.05,7317,7224.8,7299.55,2281
CROMPGREAV,20110714,242.5,246.7,239.5,244.1,1637076
CRONIMET,20110714,122.05,130.9,122.05,126.1,25792
CTE,20110714,9.2,9.25,9.05,9.2,630
CUB,20110714,48.3,50.4,48.15,49.9,1113386
CUBEXTUB,20110714,11.7,13,11.7,12.7,822
CUMMINSIND,20110714,684.95,689.7,681.3,687.6,17065
CURATECH,20110714,200,203,195,202.65,990
CYBERMEDIA,20110714,20.25,20.8,19.8,20.8,200
CYBERTECH,20110714,13.6,13.65,13.55,13.65,589
DAAWAT,20110714,52.7,53.7,51.5,52.6,72354
DABUR,20110714,110,113,109.5,112,1597897
DALMIABEL,20110714,158,158,155,156.15,1207
DALMIASUG,20110714,19.7,19.7,18.5,18.7,23854
DATAMATICS,20110714,28.7,29.05,28.5,28.5,1190
DBCORP,20110714,231.5,231.95,228.7,230.65,4244
DBREALTY,20110714,82,85.25,80.9,82.55,665354
DCB,20110714,65,66,61.2,61.65,22989410
DCHL,20110714,66.3,67.8,66,66.65,442009
DCM,20110714,87.6,90.25,87.25,89.05,169624
DCMSRMCONS,20110714,45.8,47.4,45.7,46.6,11470
DCW,20110714,10.85,11,10.75,10.85,62031
DECOLIGHT,20110714,7.9,8.3,7.8,7.95,3584
DEEPAKFERT,20110714,169,172,166.5,167.75,86046
DEEPAKNTR,20110714,192,192,189,192,505
DEEPIND,20110714,74.6,75.25,74.15,74.35,11941
DELTACORP,20110714,104.5,109.9,103.8,107.6,9138529
DELTAMAGNT,20110714,50,50,50,50,100
DEN,20110714,82.5,82.6,81,81.25,42315
DENABANK,20110714,85.5,88.95,85.25,88.15,1804371
DENORA,20110714,93.55,99,91.6,95.65,12503
DENSO,20110714,69.85,69.85,68.5,68.5,589
DEWANHOUS,20110714,219.5,222.95,219.5,221.45,13412
DHAMPURSUG,20110714,58.5,59.7,58.1,58.45,42565
DHANBANK,20110714,110.5,110.9,109.5,109.65,221278
DHANUKA,20110714,92.1,96,92.1,93.55,63123
DHARSUGAR,20110714,32.6,33.85,32.5,33.15,8975
DHUNINV,20110714,74,74,73.3,73.3,175
DIAPOWER,20110714,152.5,159.85,151,154.4,38521
DICIND,20110714,256,262,254.1,254.95,4556
DIGJAM,20110714,11.85,12,11.8,11.9,62874
DISHMAN,20110714,90.45,91.15,89.2,90.1,44815
DISHTV,20110714,89.7,91.35,89.25,90.15,2084969
DIVISLAB,20110714,818.95,829.85,814.9,822.15,142907
DLF,20110714,225.65,238,224.4,233.9,7785144
DLINKINDIA,20110714,26.4,26.85,26.3,26.4,8211
DOLPHINOFF,20110714,130,133.9,128.7,130.35,18209
DONEAR,20110714,23.4,24.5,23.2,23.2,1630
DPSCLTD,20110714,2010,2047,2000,2026.95,41
DPTL,20110714,150.2,158.65,150.2,156.7,9052
DQE,20110714,38.9,40.65,38.5,40.1,55924
DREDGECORP,20110714,290,290.5,284.1,284.95,61108
DRREDDY,20110714,1589.7,1604,1580,1591.7,231828
DSKULKARNI,20110714,63.75,64,62.7,63.65,17238
DUNCANSIND,20110714,14.85,15.2,14.85,15,25470
DWARKESH,20110714,67.1,68.65,67.05,67.7,6396
DYNAMATECH,20110714,1515.05,1515.05,1502,1503.1,37
DYNASYS,20110714,0.65,0.7,0.65,0.65,19606
EASTSILK,20110714,8,8.15,7.9,7.95,5580
EASUNREYRL,20110714,74.1,75.5,73.6,73.95,17960
ECEIND,20110714,110.25,111.5,109.2,111,1277
ECLERX,20110714,853.5,854,842.5,849.75,2539
EDELWEISS,20110714,33.4,33.65,33.1,33.4,113344
EDL,20110714,100.5,101.75,100.5,101.25,4713
EDSERV,20110714,127.9,130.75,127.55,128.75,69910
EDUCOMP,20110714,390,392.5,385,388.25,954396
EICHERMOT,20110714,1333.8,1346,1312.2,1318.5,8962
EIDPARRY,20110714,264,269.8,261.1,268,66194
EIHAHOTELS,20110714,136.95,138.95,133.35,136.35,694
EIHOTEL,20110714,85.75,86.15,84.9,85.9,74316
EIMCOELECO,20110714,224,228.85,224,228.2,87
EKC,20110714,87.5,89.75,86.95,88.9,97943
ELDERPHARM,20110714,390,397.75,383.65,391.85,60581
ELECON,20110714,74,74.5,72.85,73.9,98217
ELECTCAST,20110714,28.1,28.15,27.1,27.25,358388
ELECTHERM,20110714,173.95,174.9,171,174.25,8844
ELFORGE,20110714,10.95,10.95,10.5,10.7,3210
ELGIEQUIP,20110714,79,81,78.15,80.5,11965
ELNET,20110714,34.35,36,34.35,35.9,89
EMAMIINFRA,20110714,44.05,44.85,42.6,43.95,224121
EMAMILTD,20110714,507,518.8,502.2,510.5,13644
EMCO,20110714,52,54.55,51.35,53.7,110243
EMKAY,20110714,38.15,40.5,38.1,39.95,31526
EMMBI,20110714,13.2,13.9,13.2,13.75,13885
EMPEESUG,20110714,25.75,26.05,25.4,26,2989
ENERGYDEV,20110714,34.45,35.05,34.45,34.5,547
ENGINERSIN,20110714,283.4,283.9,280,281.65,60118
ENIL,20110714,261,269,261,263.25,71513
ENTEGRA,20110714,22.8,23,22.5,22.8,37428
ERAINFRA,20110714,169.3,169.7,168.6,169.2,190763
EROSMEDIA,20110714,192.5,204.45,192,196.55,692646
ESABINDIA,20110714,529.25,537,527.05,532.3,33721
ESCORTS,20110714,106.7,108.75,106,106.7,1575305
ESL,20110714,8.1,8.25,8.1,8.15,247945
ESSAROIL,20110714,126.9,127.35,124,124.65,1648080
ESSARPORTS,20110714,99.9,100,98.05,98.65,23643
ESSDEE,20110714,365.5,371.95,365.45,368.05,8372
ESSELPACK,20110714,46.95,47.8,45.7,46.05,597276
ESTER,20110714,45,45.7,44.3,45.05,31267
EUROCERA,20110714,24.25,25.4,24.25,25,249
EUROMULTI,20110714,10.5,10.9,10.3,10.75,2930
EUROTEXIND,20110714,23.75,24.05,23.2,23.5,2821
EVEREADY,20110714,43.65,43.9,42.4,42.85,152785
EVERESTIND,20110714,165.6,165.8,162.2,163.4,7106
EVERONN,20110714,529.7,546.9,529,544.45,253102
EVINIX,20110714,1,1,0.9,0.95,13677
EXCELCROP,20110714,185.6,194,180.2,191.7,282810
EXCELINDUS,20110714,79.75,81.4,78.1,80.1,5940
EXCELINFO,20110714,25.4,25.6,24.65,25.6,2057140
EXIDEIND,20110714,163.65,165.9,163,164.85,512147
FACT,20110714,38.25,39.75,38.25,38.75,39886
FAGBEARING,20110714,1175.1,1299,1175.1,1242.6,934777
FAME,20110714,54.9,57.05,54,57.05,14104
FARMAXIND,20110714,3.55,3.75,3.4,3.65,42788
FCH,20110714,143,149.35,141.25,147.85,224852
FCSSOFT,20110714,0.85,0.85,0.75,0.8,800829
FDC,20110714,91.7,93.75,91.7,93.2,60107
FEDDERLOYD,20110714,72.05,74,72.05,72.3,7305
FEDERALBNK,20110714,450,460.8,450,454.55,481243
FIEMIND,20110714,151.5,152.1,151.2,151.95,1566
FINANTECH,20110714,844.9,851.4,838.1,845.85,28818
FINCABLES,20110714,46.5,47.5,46.5,47.25,15232
FINPIPE,20110714,77,79.5,77,78.6,93926
FIRSTLEASE,20110714,91.5,94.2,91,93.15,72979
FIRSTWIN,20110714,18.55,19.3,18.55,18.8,50789
FKONCO,20110714,126.5,129.8,126.3,127.2,18381
FMGOETZE,20110714,277,284,274.9,282,6321
FORTIS,20110714,169.3,169.3,166.85,167.45,196135
FOSECOIND,20110714,556,580,552.15,562.75,993
FOURSOFT,20110714,12.9,13.15,12.65,13.05,9493
FSL,20110714,18.1,18.4,17.9,18.05,1243891
FTCPOF5YGR,20110714,13.35,13.35,13.35,13.35,1000
FUTUREVENT,20110714,9.3,9.55,9.15,9.5,1541598
GABRIEL,20110714,48.25,48.8,48.25,48.55,8293
GAEL,20110714,27.75,28.7,27.6,28.25,35862
GAIL,20110714,460,462.9,455,456.7,1356297
GAL,20110714,12.1,12.3,11.9,12.05,58178
GALLANTT,20110714,16.05,16.45,16.05,16.45,603
GALLISPAT,20110714,90.2,90.2,89,89.45,106633
GAMMNINFRA,20110714,15.9,16.4,15.35,16.05,176494
GAMMONIND,20110714,93.1,95.45,93.1,93.8,38618
GANDHITUBE,20110714,116,116,115.95,115.95,15
GANESHHOUC,20110714,139,148.1,135,144.4,23421
GANGOTRI,20110714,6.7,6.7,6.3,6.35,1240
GARDENSILK,20110714,91.05,93.6,90.95,93.05,6734
GARWALLROP,20110714,62,62.4,61.05,62.1,6706
GATI,20110714,75.9,76.7,73.3,74.5,619606
GDL,20110714,124,124.9,123.45,124.55,5934
GEECEE,20110714,36.7,36.7,36.5,36.6,261
GEINDSYS,20110714,169.5,173,166,170.3,13735
GEMINI,20110714,24,25.75,23.65,25.05,57975
GENESYS,20110714,265.8,276.9,262,270.2,33646
GENUSPOWER,20110714,18.05,18.2,17.75,18,55244
GEODESIC,20110714,67.65,67.65,66.6,67.3,163097
GEOJITBNPP,20110714,22,22.5,22,22.4,97206
GEOMETRIC,20110714,51.25,52.75,51.25,52.3,36091
GESHIP,20110714,267,274.4,267,271.95,115925
GHCL,20110714,39.75,40.5,39.35,39.9,43734
GICHSGFIN,20110714,113.9,113.9,110,110.45,274109
GILLANDERS,20110714,104.6,107,104,106.2,1934
GILLETTE,20110714,2145.35,2180,2122.6,2153,4210
GINNIFILA,20110714,9,9.25,8.8,9.2,16967
GIPCL,20110714,75.6,78.9,75.6,77.45,18006
GISOLUTION,20110714,11.75,11.75,11.75,11.75,3
GITANJALI,20110714,309,314.2,306,313.25,1351927
GKB,20110714,39.95,41,39,40.9,275
GKWLIMITED,20110714,470,498.65,470,495,499
GLAXO,20110714,2330,2335,2318.05,2326.3,3028
GLENMARK,20110714,324,344.8,324,339.6,986095
GLFL,20110714,3.5,3.7,3.5,3.5,4532
GLOBALVECT,20110714,22,22.75,22,22.75,1696
GLOBOFFS,20110714,106,108.8,105,107.45,1341
GLOBUSSPR,20110714,140.6,144.5,140.6,143.15,37307
GLODYNE,20110714,317.6,322.95,315.5,319.85,31740
GMBREW,20110714,106,108.5,105.5,107.9,2229
GMDCLTD,20110714,164.75,166.7,162.1,163.25,291449
GMRINFRA,20110714,31.85,32.05,31.4,31.55,3376260
GNFC,20110714,96.55,99.1,96.55,97.3,87674
GOACARBON,20110714,89.8,90.1,88.45,89.25,3699
GODFRYPHLP,20110714,3014,3058,2880,2907.15,1729
GODREJCP,20110714,440.05,444.95,438,440.45,32817
GODREJIND,20110714,218.2,224,216.5,219.7,801942
GODREJPROP,20110714,793,795.7,778.05,787.75,13371
GOENKA,20110714,57.9,57.9,56.9,57.1,14986
GOKEX,20110714,95.65,104.75,95.65,102.15,2132
GOKUL,20110714,92.65,93.25,90.55,92.5,48407
GOLDBEES,20110714,2210,2230,2210,2227.65,84663
GOLDENTOBC,20110714,71.35,73.45,70.55,71.4,23185
GOLDIAM,20110714,39.4,39.4,35,35.85,745
GOLDINFRA,20110714,18,18.35,17.65,18,2851
GOLDSHARE,20110714,2212.5,2222,2207.8,2219.3,11693
GOLDTECH,20110714,7.45,7.45,7.2,7.25,6028
GPIL,20110714,160.85,164.95,160.35,164.15,15945
GPPL,20110714,68.15,71.3,67.2,69,194974
GRABALALK,20110714,23.9,24.25,23.65,24,1636
GRANULES,20110714,83.55,85.75,82.7,83.8,6488
GRAPHITE,20110714,88.75,88.9,87.85,88.35,33838
GRASIM,20110714,2176,2200,2150,2179,55622
GRAVITA,20110714,344.1,347,340.35,342.3,56869
GREAVESCOT,20110714,92.25,95.5,90.3,91.25,59401
GREENPLY,20110714,186.9,224.5,186.85,220.05,88743
GREENPOWER,20110714,16.7,16.9,16.25,16.45,1186147
GRINDWELL,20110714,260,260,255,256.85,13331
GRUH,20110714,455.5,472.5,450.3,464.65,88019
GSFC,20110714,365,372.75,364.2,368.75,53769
GSKCONS,20110714,2450,2450,2404,2411.75,7865
GSLNOVA,20110714,3.4,3.5,3.4,3.45,1165
GSPL,20110714,101.9,101.9,95.3,95.95,4490363
GSSAMERICA,20110714,155.95,161.2,154.6,156.6,25240
GTL,20110714,89.85,90.8,88.5,89.35,2804147
GTLINFRA,20110714,15.25,15.55,15.15,15.25,2071088
GTNIND,20110714,15.05,15.95,15.05,15.8,908
GTNTEX,20110714,14,15.4,14,15.25,1455
GTOFFSHORE,20110714,211.05,216.7,211.05,213.75,25417
GUJALKALI,20110714,146.05,149.55,145,148.5,12854
GUJAPOLLO,20110714,136.25,141.7,131.5,140,3375
GUJFLUORO,20110714,400,415,400,405.75,72256
GUJNRECOKE,20110714,46.2,46.7,45.6,45.75,618560
GUJNREDVR,20110714,24.7,26,24.7,25.5,18991
GUJRATGAS,20110714,405.6,414,401,407.6,50400
GUJSIDHCEM,20110714,9.4,9.7,9.15,9.45,89950
GULFOILCOR,20110714,91.5,91.8,89.5,91.1,59945
GVKPIL,20110714,19,19.45,19,19.15,4627265
HALONIX,20110714,76.5,76.5,75,75,86
HANUNG,20110714,148.7,151,146.25,148.75,187411
HARITASEAT,20110714,73.55,75.1,72,74,170
HARRMALAYA,20110714,75,76.25,73.8,74.8,55806
HATHWAY,20110714,113.8,117,113.5,113.75,53697
HAVELLS,20110714,384.7,392.7,384.7,387.25,266573
HBLPOWER,20110714,17.8,18,17.4,17.75,31172
HBSTOCK,20110714,12.45,13,12.45,12.85,991
HCC,20110714,33.3,34,32.8,33.65,2860574
HCIL,20110714,48.2,48.2,46.5,47.15,36524
HCL-INSYS,20110714,89.6,90,88.55,89,55046
HCLTECH,20110714,491.2,496,489.25,492.2,414436
HDFC,20110714,692.8,712,687,703.6,1638519
HDFCBANK,20110714,505.1,513.3,498.8,505.95,2338586
HDFCMFGETF,20110714,2252,2264.9,2247,2260.3,6813
HDIL,20110714,161.9,166.7,159.7,163.45,7289961
HEG,20110714,235.1,238.7,235.1,236.85,5996
HEIDELBERG,20110714,37.95,38.7,37.8,38.15,26691
HELIOSMATH,20110714,31.65,32.5,31.65,32,3646
HERCULES,20110714,260,275,260,270.25,39303
HERITGFOOD,20110714,189.5,202,185,198.55,2223
HEROHONDA,20110714,1868,1877.65,1844,1850.95,331334
HEXAWARE,20110714,72.3,73.8,71.8,72.9,1197110
HFCL,20110714,16.3,16.9,16.3,16.5,2309472
HGSL,20110714,418,423.5,417.5,419.5,4406
HIKAL,20110714,298,304,292.1,299.45,1912
HILTON,20110714,16.75,17.2,16.75,17.05,1770
HIMATSEIDE,20110714,33.75,34.4,33.75,34.1,48372
HINDALCO,20110714,176.5,181.8,175.8,178.25,6907656
HINDCOMPOS,20110714,475.05,475.15,475.05,475.15,205
HINDCOPPER,20110714,264.2,271.2,264.2,266.35,73609
HINDDORROL,20110714,54,56.35,53.25,54.55,125702
HINDMOTORS,20110714,16.95,17.5,16.8,17.15,204783
HINDNATGLS,20110714,215,217.85,212.55,216.25,1513
HINDOILEXP,20110714,177.9,181.1,176,177.6,751089
HINDPETRO,20110714,398.05,400.85,396,397.7,596408
HINDUJAFO,20110714,86,90,86,88,3185
HINDUJAVEN,20110714,305,308.95,298.3,299.55,8606
HINDUNILVR,20110714,331,336.05,328.55,332.3,1062244
HINDZINC,20110714,131.8,134.5,130.9,134.05,694264
HIRECT,20110714,49.5,53,49.5,51.45,29959
HITACHIHOM,20110714,198.7,199.65,193,195.45,50095
HITECHGEAR,20110714,121,123,119.25,122.5,506
HITECHPLAS,20110714,94.9,94.9,91,93,740
HMT,20110714,59,59.75,58.45,58.95,105437
HMVL,20110714,137.45,137.85,133.5,134.65,1239
HNGSNGBEES,20110714,1266.5,1285,1190,1270.41,171
HOCL,20110714,31.85,32.3,31.6,31.75,38463
HONAUT,20110714,2800.05,2890,2785.05,2851.75,1627
HONDAPOWER,20110714,404.65,404.65,397,400.3,2634
HOTELEELA,20110714,42.7,43.4,42.35,43,362852
HOTELRUGBY,20110714,9,9.25,8.8,9.15,1150
HOVS,20110714,86.5,88,86.5,87.3,10164
HSIL,20110714,176,179.05,176,178,65340
HTMEDIA,20110714,158.15,163.9,158,162.65,12190
HYDRBADIND,20110714,388,390,385,388.3,7864
HYDROS&S,20110714,20.5,20.95,20.2,20.5,352
IBN18,20110714,73.35,74.4,72.4,73.1,226726
IBPOW,20110714,17.3,17.9,17.15,17.7,328961
IBREALEST,20110714,118,123.7,116.6,122.1,3896831
IBSEC,20110714,13.2,13.55,13,13.3,224621
ICICIBANK,20110714,1049.9,1084,1046.2,1069.05,2374912
ICIL,20110714,12.05,12.05,11.95,11.95,300
ICRA,20110714,1189.45,1189.5,1140,1151.85,591
ICSA,20110714,100.25,102.5,100.25,101.45,76159
IDBI,20110714,134.15,137,133.1,135.35,1989060
IDEA,20110714,80.4,81.5,80.1,81.05,2210900
IDFC,20110714,133.1,140.25,131.3,138.15,11607789
IFBAGRO,20110714,77,80.1,75,77.85,4305
IFBIND,20110714,136,137,133,133.6,32460
IFCI,20110714,46.3,47.85,46.2,47.1,6469949
IFGLREFRAC,20110714,33.9,33.9,31.55,32.65,2241
IGARASHI,20110714,47.1,48,46.7,47.5,1158
IGL,20110714,396.7,400,392.85,394.3,182423
IGPL,20110714,25.1,25.15,24.75,24.75,1349
IL&FSENGG,20110714,137.2,141.9,135.1,138.7,60881
IL&FSTRANS,20110714,221.5,227.9,220.1,223.15,119880
IMPAL,20110714,678.9,678.9,663,675.65,43
IMPEXFERRO,20110714,9.8,10.15,9.75,10,682
INDBANK,20110714,10.7,10.7,10.4,10.55,15303
INDHOTEL,20110714,78.5,79.15,77.6,78.8,548569
INDIABULLS,20110714,167,173.7,166.65,170.05,967339
INDIACEM,20110714,72.45,75.1,72.4,74.45,654250
INDIAGLYCO,20110714,143,155.4,143,149,557075
INDIAINFO,20110714,86.55,87.15,85.25,86.1,150985
INDIANB,20110714,211,222,210.1,220.35,437183
INDIANCARD,20110714,108.1,110,108,108.05,1401
INDIANHUME,20110714,130,130.95,124.2,125.95,4547
INDLMETER,20110714,95.1,97,95.1,96.2,35
INDNIPPON,20110714,253.05,255.75,250.35,251.75,152
INDOASIFU,20110714,76,76,72.1,72.95,86227
INDOCO,20110714,440,444,438.2,442.95,835
INDORAMA,20110714,42.1,45.4,42.1,43.9,91863
INDOSOLAR,20110714,14.25,15.4,14.2,15.1,540126
INDOTECH,20110714,133.9,143.85,133,136.9,47078
INDOWIND,20110714,28.1,31.65,28.1,30.95,1724473
INDRAMEDCO,20110714,35.95,36.3,35.5,35.65,37920
INDSWFTLAB,20110714,98,106.2,97.1,102.45,249306
INDSWFTLTD,20110714,31.35,32.5,30.95,31.8,31379
INDUSFILA,20110714,20.2,20.55,20,20.05,586
INDUSINDBK,20110714,274,282.9,274,281,559068
INEABS,20110714,643.95,644,628.25,628.9,2227
INFINITE,20110714,125.8,128,124.5,125.2,130139
INFODRIVE,20110714,14.55,14.95,14.45,14.65,5112
INFOMEDIA,20110714,15.35,15.45,15.1,15.25,19267
INFOTECENT,20110714,142,142,137.5,140.45,2858
INFRABEES,20110714,309.6,309.6,305.85,308,66
INFY,20110714,2760.25,2764,2731,2740.35,1361403
INGERRAND,20110714,518.8,538.65,518.05,530.8,173837
INGVYSYABK,20110714,337.65,345.8,334.95,343.65,35855
INNOIND,20110714,95.15,98,92.65,97.05,46033
INOXLEISUR,20110714,45.1,46.3,44.65,45.3,101566
INSECTICID,20110714,331.3,334.7,328.5,330.85,80053
IOB,20110714,140.05,144.9,140.05,143.25,424999
IOC,20110714,339.8,341.7,336.6,337.65,685823
IOLCP,20110714,34.45,35.6,34.45,34.8,1119
IOLN,20110714,6.7,7.3,6.15,7.2,59176
IPCALAB,20110714,342.9,344,339,342,29826
IPGETF,20110714,2261.55,2281,2261.55,2277.8,448
IPRINGLTD,20110714,81.9,81.9,80.5,80.5,125
IRB,20110714,179,191.9,177.35,187.9,4654439
ISFT,20110714,60,60.55,59.3,59.8,1552
ISMTLTD,20110714,40.5,41.05,40.1,40.65,21891
ISPATIND,20110714,19.05,19.55,19.05,19.25,2252586
ITC,20110714,203.95,205,200.35,203,8487469
ITDCEM,20110714,164.4,168,163.2,164.35,5015
ITI,20110714,31.65,32.05,31.4,31.6,89540
IVC,20110714,31.4,33.5,31.4,32.65,148060
IVP,20110714,46.5,46.5,46,46,330
IVRCLAH,20110714,45.95,47.9,45.5,47.15,30860
IVRCLINFRA,20110714,65,71.4,65,69.2,4476756
J&KBANK,20110714,840,860,840,851.75,56563
JAGRAN,20110714,118,118,114.1,114.45,83186
JAGSNPHARM,20110714,16.2,16.45,15.4,16.1,19086
JAIBALAJI,20110714,185,187.55,183.6,185.15,9183
JAICORPLTD,20110714,123.5,127.25,123,125.05,263701
JAINSTUDIO,20110714,10.4,12.1,10.4,12.1,23286
JAMNAAUTO,20110714,131.85,131.9,125,125.05,36675
JAYAGROGN,20110714,84.95,84.95,82,83.05,4427
JAYBARMARU,20110714,82.2,83.85,79.1,83.15,5475
JAYNECOIND,20110714,20.9,21.75,20.9,21.4,21634
JAYSREETEA,20110714,169.9,190,168.1,169.9,253782
JBCHEPHARM,20110714,140,141.95,137.5,138.3,279754
JBFIND,20110714,160,162.95,152.3,159.35,65075
JCTEL,20110714,1.4,1.45,1.4,1.45,57582
JENSONICOL,20110714,4.7,4.8,4.6,4.65,18663
JETAIRWAYS,20110714,485.3,494.4,484.5,489.75,576213
JHS,20110714,44.6,47.5,43.35,44.6,367853
JIKIND,20110714,7.25,7.55,7.25,7.5,3240
JINDALPHOT,20110714,165.05,171,165.05,167.35,125863
JINDALPOLY,20110714,294.05,303.4,290.3,293.35,379800
JINDALSAW,20110714,162.55,165.05,160.8,162.95,99674
JINDALSTEL,20110714,622,642.7,617,630.65,2193784
JINDALSWHL,20110714,958.95,989.95,945,977.95,34811
JINDCOT,20110714,109.4,113.8,109.4,111.85,99503
JINDRILL,20110714,456,464.95,453.15,455.15,5466
JINDWORLD,20110714,176.95,185,175.1,178.6,15365
JISLJALEQS,20110714,170,173.65,169.5,170.8,768659
JKCEMENT,20110714,105,105.9,105,105.1,14982
JKIL,20110714,137,140.5,137,139.1,2443
JKLAKSHMI,20110714,44.65,44.65,43.25,43.95,41840
JKPAPER,20110714,48.95,48.95,47.25,47.75,102212
JKTYRE,20110714,104,105,102.85,104.25,160819
JMCPROJECT,20110714,158,167,158,164.75,6456
JMFINANCIL,20110714,22.85,23.3,22.6,23.1,572440
JMTAUTOLTD,20110714,68,69.95,68,69.95,196
JOCIL,20110714,255,263.25,255,260.95,1568
JPASSOCIAT,20110714,76.75,78.6,76.05,77.05,10657814
JPINFRATEC,20110714,52.85,56.3,52.7,54,250361
JPPOWER,20110714,45.55,47,45.1,45.95,323091
JSL,20110714,104.1,106.5,104,105.4,40609
JSWENERGY,20110714,74,76.8,72.5,76.15,2326671
JSWSTEEL,20110714,847.9,876,842.6,867.65,736241
JUBILANT,20110714,206.55,214,206.55,209.95,150721
JUBLFOOD,20110714,866,873.35,856.35,866.3,591301
JUBLINDS,20110714,187.05,190.85,185,186.2,27194
JUMBO,20110714,23.35,23.35,22.5,22.55,3605
JUNIORBEES,20110714,112,113.98,111.9,113.27,6284
JUPITER,20110714,20.5,20.9,20.2,20.5,213294
JVLAGRO,20110714,21.3,21.95,20.5,20.95,28899
JYOTHYLAB,20110714,215.1,218.95,213,217.8,9455
JYOTISTRUC,20110714,88.5,90,86.2,88.15,80362
KABRAEXTRU,20110714,53.8,55.1,53.35,55.05,9611
KAJARIACER,20110714,99,103,99,101.7,117142
KAKATCEM,20110714,71,71,69.55,70.45,1113
KALECONSUL,20110714,83.5,84,82.6,83.15,3338
KALINDEE,20110714,109.4,111.45,107.9,108.35,185406
KALPATPOWR,20110714,133,138,132.4,135.3,113651
KAMATHOTEL,20110714,93.25,96.5,93.25,96.05,3655
KANDAGIRI,20110714,92,92,92,92,10
KANORICHEM,20110714,54.15,54.15,48.4,53.45,40535
KANSAINER,20110714,872,891.95,867,888.5,986
KARMAENG,20110714,17.8,17.8,15.05,15.7,4732
KARURKCP,20110714,37,37.5,37,37,377
KARURVYSYA,20110714,423.9,423.9,419.35,420.35,98448
KAUSHALYA,20110714,9.35,9.75,9.35,9.4,6102
KAVVERITEL,20110714,160,163.55,160,161.95,66873
KBIL,20110714,640,685,630,650,970
KCP,20110714,25.2,25.75,25,25.5,14855
KCPSUGIND,20110714,15.5,15.9,15.5,15.75,4380
KEC,20110714,80.2,81.6,79.15,80.65,106622
KECL,20110714,43.95,43.95,42.1,43.25,813
KEI,20110714,21.5,22,21.45,21.75,31076
KEMROCK,20110714,508.9,508.9,501.1,504.1,13516
KERNEX,20110714,97.8,99.5,96,96.4,37015
KESARENT,20110714,51,51.5,51,51.5,2
KESORAMIND,20110714,161.8,163,160.1,161,37612
KEYCORPSER,20110714,46,48,46,48,1000
KFA,20110714,38.9,40.05,38.5,39.45,1310941
KGL,20110714,12.3,12.35,12.15,12.2,764320
KHAITANELE,20110714,107.05,107.95,106.1,106.1,351
KHAITANLTD,20110714,29.65,29.65,27.85,29.4,256
KICL,20110714,695.05,710,695.05,705.35,835
KIL,20110714,17.25,17.9,17.25,17.75,11300
KILITCH,20110714,74.1,74.1,70.05,71.5,6755
KINETICMOT,20110714,19.6,20.35,19.6,19.95,4729
KIRIINDUS,20110714,209.65,210.7,204.05,205.8,33836
KIRLOSBROS,20110714,160,162.1,158.55,161.45,2426
KIRLOSENG,20110714,128.15,130.8,128,129.7,2279
KIRLOSIND,20110714,286.7,298,286.7,289.9,522
KITPLYIND,20110714,3.8,3.85,3.5,3.7,16940
KKCL,20110714,704.5,704.5,692.1,693.35,321
KLGSYSTEL,20110714,54,54.25,53.05,53.8,12489
KLRF,20110714,29,29,28.9,28.9,37
KMSUGAR,20110714,3.25,3.3,3.25,3.3,2091
KNRCON,20110714,124,142.1,124,136.35,84767
KOHINOOR,20110714,50.55,51.7,50.5,50.85,44132
KOLTEPATIL,20110714,47.1,49.9,46.95,49.15,52061
KOPRAN,20110714,26.2,27.8,24.9,25.6,779832
KOTAKBANK,20110714,488,501.4,487.5,497.55,5263370
KOTAKGOLD,20110714,2211.05,2229,2211.05,2227.75,28680
KOTAKNIFTY,20110714,541,575,541,573,687
KOTAKPSUBK,20110714,417,424,417,423.42,214
KOTARISUG,20110714,6.55,6.55,6.2,6.3,5452
KOTHARIPET,20110714,7.8,7.9,7.5,7.65,9840
KOTHARIPRO,20110714,457,460,456,458,365
KOUTONS,20110714,29.05,30.05,28.8,29.05,170077
KPIT,20110714,180.65,184.3,179.15,181.75,175330
KPRMILL,20110714,115.05,117.9,115.05,116.15,4116
KRBL,20110714,30.9,31.4,30.3,30.7,858347
KRISHNAENG,20110714,4.2,4.2,3.8,4.15,66
KSBPUMPS,20110714,246.5,246.5,239.95,242.75,2577
KSCL,20110714,440,443.8,436,439.85,28021
KSE,20110714,216.05,222.4,216,218.95,2887
KSERASERA,20110714,11,11.3,10.3,11,585314
KSK,20110714,111.35,112.8,111.35,112.05,227696
KSL,20110714,74.3,77.7,73.55,76.3,83595
KSOILS,20110714,21.1,21.6,20.6,20.85,2522968
KTIL,20110714,83.75,84.95,82.2,83.5,3909
KTKBANK,20110714,123.7,127.8,123.2,125.6,722193
KWALITY,20110714,137.9,140.6,137.9,140.05,280045
LAKPRE,20110714,53.9,53.9,51.1,51.2,715
LAKSHMIEFL,20110714,37.85,38.1,37.1,37.3,51073
LAKSHMIMIL,20110714,1735,1774.9,1735,1774.9,30
LAKSHVILAS,20110714,119.9,120.5,118.35,119.95,124741
LANCOIN,20110714,36.55,37.2,36.55,36.8,13075
LAOPALA,20110714,78.25,85.75,78.25,83.65,7190
LAXMIMACH,20110714,2180.1,2245,2165,2180.1,3636
LCCINFOTEC,20110714,0.65,0.7,0.65,0.65,41846
LGBBROSLTD,20110714,286.8,289,278,286.6,1330
LGBFORGE,20110714,2.85,2.9,2.7,2.9,8880
LIBERTSHOE,20110714,102,103.5,101.15,101.7,98555
LICHSGFIN,20110714,218,223.2,216.95,220.95,3891521
LIQUIDBEES,20110714,999.99,1000.01,999.99,1000,58251
LITL,20110714,22.9,23.35,22.6,22.95,10354991
LLOYDELENG,20110714,55.3,56.25,54.25,55.2,24967
LLOYDFIN,20110714,1.3,1.3,1.3,1.3,300
LLOYDSTEEL,20110714,17.2,17.75,17.05,17.35,394015
LML,20110714,11.8,11.85,11.15,11.25,627293
LOGIXMICRO,20110714,18,18,17.5,17.5,10
LOKESHMACH,20110714,46.25,46.25,43.7,44.85,25412
LOTUSEYE,20110714,10.85,10.85,10.3,10.65,13932
LOVABLE,20110714,420.15,427.35,417.1,419.65,793138
LPDC,20110714,2.95,2.95,2.85,2.85,4083
LT,20110714,1797,1842.35,1781.05,1818.45,1436529
LUMAXAUTO,20110714,39.8,40.7,39.15,40,1056
LUMAXIND,20110714,333,337,328.15,334.9,6951
LUMAXTECH,20110714,171.55,177.7,171.55,177.5,4461
LUPIN,20110714,472,483.9,466,479.1,1287278
LYKALABS,20110714,18.95,19.4,18.95,19.05,8884
M&M,20110714,710.9,722.9,703,715.25,1074228
M&MFIN,20110714,670,693.8,668.05,684,37488
M100,20110714,8.3,8.3,7.84,7.97,244096
M50,20110714,75,75.99,74,75.02,4038
MAANALU,20110714,59,59.95,58.05,58.05,1262
MADHAV,20110714,17,18.1,16.95,17.7,5464
MADHUCON,20110714,85.1,88,84.4,87.45,5951
MADRASCEM,20110714,84.3,85.85,83.6,85,49356
MADRASFERT,20110714,26.55,29.35,26.55,27.6,631730
MAGMA,20110714,73.15,74,71.55,72.8,47717
MAGNUM,20110714,5.65,5.7,5.45,5.55,1818
MAHABANK,20110714,55.55,56,55.05,55.7,64286
MAHINDFORG,20110714,69.55,72.3,69.55,71,19002
MAHINDUGIN,20110714,51.95,54,51.6,52.7,55204
MAHLIFE,20110714,370.4,374.3,370.15,372.4,1567
MAHSCOOTER,20110714,360,360,354.05,356.2,331
MAHSEAMLES,20110714,374,376,373,373.55,13565
MAITHANALL,20110714,136.1,136.9,134,136,1977
MALUPAPER,20110714,13.4,13.6,13.2,13.4,379
MALWACOTT,20110714,33.4,34.55,33.05,33.75,6833
MANAKSIA,20110714,66.4,66.9,65.2,66,13264
MANALIPETC,20110714,14.4,14.8,14.2,14.6,347840
MANAPPURAM,20110714,56.1,57,55.9,56.7,1449590
MANDHANA,20110714,183.05,189.4,183.05,188.3,51160
MANGALAM,20110714,12.15,13.35,12.15,13.2,2596
MANGCHEFER,20110714,30.9,32.6,30.5,31.5,304365
MANGLMCEM,20110714,111.85,114.5,111.85,114,15975
MANGTIMBER,20110714,15.9,16.5,15.8,16.4,1180
MANINDS,20110714,145,145.9,143.5,145.1,38914
MANINFRA,20110714,130.85,132,127.2,130.1,6106
MANJEERA,20110714,86,90,84,87.85,1050
MANJUSHREE,20110714,72.9,74.95,72.85,72.95,2835
MANUGRAPH,20110714,50.5,52.25,50.5,52,3321
MARALOVER,20110714,12.75,13.05,12.75,13,102
MARG,20110714,92.9,94.4,92.75,93.2,55935
MARICO,20110714,163.5,164.4,160.05,160.6,133172
MARKSANS,20110714,2.9,3.45,2.8,3.4,1819675
MARUTI,20110714,1151.3,1188.4,1151.3,1174.2,368747
MASTEK,20110714,119.7,134.3,118.1,128.45,1392836
MAWANASUG,20110714,24.75,25,24.6,24.9,1756
MAX,20110714,181.95,184.35,180,180.7,172318
MAXWELL,20110714,18.9,19.7,18.9,19.3,18007
MBECL,20110714,143.95,151,140.1,147.8,34520
MBLINFRA,20110714,150,155.95,150,153.25,13242
MCDHOLDING,20110714,84.95,85.35,83.8,84.5,6952
MCDOWELL-N,20110714,1057.75,1057.75,1038.15,1045.6,89983
MCLEODRUSS,20110714,279,290.6,278,285.5,396572
MEGASOFT,20110714,23.45,23.45,22.1,22.6,12931
MEGH,20110714,13,13.1,12.7,12.8,81499
MELSTAR,20110714,7.5,9.15,7.5,8.05,11424
MERCK,20110714,674,692.8,671.1,686,10757
MHRIL,20110714,362.25,383.7,362.25,375.9,5381
MIC,20110714,13.3,13.6,13.05,13.4,227430
MICROSEC,20110714,37.55,38,36.6,37.1,33079
MICROTECH,20110714,127.85,130.5,127.85,129.6,24669
MINDTREE,20110714,351.2,362.5,351.2,360.55,20243
MIRCELECTR,20110714,24.25,24.45,23.55,24,33068
MIRZAINT,20110714,23.85,23.9,22.8,23,188601
MLL,20110714,37.25,38.75,37.05,38.2,731612
MMFL,20110714,109.05,112.4,109.05,111.55,280
MMFSL,20110714,94.3,96,93.6,94.3,41389
MMTC,20110714,915,925,910,913,10385
MOIL,20110714,351,354,347,350.35,118455
MONNETISPA,20110714,509,509,498,503.4,4400
MONSANTO,20110714,1764.45,1764.45,1731.35,1741.35,996
MORARJETEX,20110714,19.2,19.2,17.5,17.6,2160
MOREPENLAB,20110714,4.85,4.9,4.7,4.85,176843
MOSERBAER,20110714,38.5,39.05,38.45,38.6,259468
MOTHERSUMI,20110714,235,240.85,232.15,239.25,1018818
MOTILALOFS,20110714,101.5,102.65,101.5,102,5996
MOTOGENFIN,20110714,45.85,46,45.7,46,241
MPHASIS,20110714,440,445.85,434.2,439.3,122883
MPSLTD,20110714,45.9,47.9,44,45.15,65231
MRF,20110714,7388,7532,7311,7506.6,11534
MRO-TEK,20110714,15.25,15.7,15.25,15.4,5504
MRPL,20110714,80.1,82,80.1,80.8,450737
MSPL,20110714,54.95,55.3,52.1,55.05,49609
MTNL,20110714,43.75,44.3,43.35,44,258954
MUDRA,20110714,26.75,30.4,25.9,26.05,314206
MUKANDENGG,20110714,31.8,32.65,31.8,32.2,1465
MUKANDLTD,20110714,44.65,44.75,43,44.15,13962
MUKTAARTS,20110714,35.35,38.25,35.3,37,2785
MUNDRAPORT,20110714,152.55,157.9,152,156.8,712244
MUNJALAU,20110714,138,140.8,138,139.35,3315
MUNJALSHOW,20110714,59.1,61,59.1,60.55,10443
MURLIIND,20110714,29,31,28.9,30.85,8324
MURUDCERA,20110714,17.45,18.6,17.45,18.35,3195
MUTHOOTFIN,20110714,164.05,174.5,163,172.05,621576
MVL,20110714,24.9,25.05,24.5,24.85,52390
MVLIND,20110714,15.15,15.6,15.15,15.55,620
MYSOREBANK,20110714,641,645,632,636.2,1478
N100,20110714,102,102.95,102,102.89,287
NAGARFERT,20110714,34.5,34.5,33.7,33.9,1453335
NAGREEKCAP,20110714,28,28.5,27.9,28.5,140
NAGREEKEXP,20110714,22,22.65,22,22.65,797
NAHARCAP,20110714,60.65,61.85,60,60.1,781
NAHARINDUS,20110714,46.65,53.9,46.65,53.3,1128
NAHARPOLY,20110714,27.1,27.9,27.05,27.25,1917
NAHARSPING,20110714,78.7,80.5,78.5,79.5,6006
NANDAN,20110714,2.55,2.6,2.55,2.55,78195
NATCOPHARM,20110714,279.95,285,279.05,280.1,13303
NATIONALUM,20110714,80.55,82.2,80.55,81.9,138201
NATNLSTEEL,20110714,18.05,19.1,18.05,18.75,4928
NAUKRI,20110714,722.6,747.5,722.6,742.25,1366
NAVINFLUOR,20110714,304,315.6,301.05,314.35,50207
NAVNETPUBL,20110714,65.9,67.6,64,65.5,429984
NBVENTURES,20110714,225,231.95,225,230,9336
NCC,20110714,80.2,81.9,79.6,80.75,668580
NCLIND,20110714,35,35.55,34.9,34.95,4674
NDTV,20110714,68,70.45,67.65,68.2,80543
NECLIFE,20110714,25.4,25.5,25.25,25.25,29499
NEHAINT,20110714,183.5,186.9,178.5,180.65,156348
NELCAST,20110714,101.95,103.1,99.1,101.55,10473
NELCO,20110714,74.5,74.95,73.4,74.35,40101
NEOCURE,20110714,3.25,3.35,3.25,3.25,5010
NEPCMICON,20110714,4.1,4.65,4.1,4.15,29917
NESCO,20110714,685.1,700,677.85,679.9,280014
NESTLEIND,20110714,4380,4380,4300,4330.65,21484
NET4,20110714,105.65,115,105.65,114.85,24266
NETWORK18,20110714,128,128.5,127.2,127.45,71094
NEULANDLAB,20110714,107.1,110,106.35,109.9,370
NEXTMEDIA,20110714,5.8,6,5.8,5.95,14219
NEYVELILIG,20110714,99,103.6,99,101.35,263681
NFL,20110714,91.4,93.5,91.4,92.25,112095
NHPC,20110714,25,25.5,24.85,24.95,7194711
NIFTYBEES,20110714,564.5,573.98,564.05,569.5,47190
NIITLTD,20110714,55.75,56.25,54.7,55,194983
NIITTECH,20110714,197,200.1,190.25,198.65,657017
NILKAMAL,20110714,275.65,280.95,275.65,277.7,5658
NIPPOBATRY,20110714,459,459,435,438.95,3349
NISSAN,20110714,2.6,2.6,2.45,2.45,82917
NITCO,20110714,60.05,60.8,59.75,60.25,6837
NITESHEST,20110714,23.1,23.4,22.55,22.9,28630
NITINFIRE,20110714,102,104.9,101.3,102.95,369402
NITINSPIN,20110714,8.75,9.35,8.75,9,9676
NMDC,20110714,257,257.85,253.8,254.5,170279
NOCIL,20110714,17.45,17.6,17.25,17.3,163342
NOIDATOLL,20110714,26.3,27.5,26.1,26.3,489475
NOL,20110714,52.55,52.55,52.55,52.55,6
NORBTEAEXP,20110714,6.75,7,6.75,6.9,678
NORTHGATE,20110714,11.75,11.95,11.4,11.75,17433
NOVOPANIND,20110714,42,42.5,41.5,42.5,72
NRBBEARING,20110714,52.95,53.35,51.25,52.95,33042
NRC,20110714,5.5,5.75,5.45,5.5,13792
NSIL,20110714,752,784,752,770,68
NTPC,20110714,188.75,192,188.25,189.35,3122423
NUCENT,20110714,1.75,1.75,1.75,1.75,149
NUCHEM,20110714,4.5,4.5,4.2,4.3,20404
NUCLEUS,20110714,80.9,81,79.15,80.15,17707
NUMERICPW,20110714,211,220.85,209,218.45,4720
NUTEK,20110714,5.05,5.2,4.85,5.1,867294
OBEROIRLTY,20110714,233,240,233,237.1,8464
OCL,20110714,99.95,100,98.6,99.35,3707
OFSS,20110714,2308.9,2311,2280.1,2291.3,15207
OIL,20110714,1297,1325,1297,1317.75,71450
OILCOUNTUB,20110714,71.1,71.3,69.25,70.1,8110
OISL,20110714,38.35,43.9,38.35,42.95,31397
OMAXAUTO,20110714,42.55,43.35,42.55,42.9,3963
OMAXE,20110714,137.1,140.5,136.3,139.4,154436
OMKARCHEM,20110714,72,76.7,71.05,75.75,34710
OMMETALS,20110714,39.9,39.9,34.15,34.9,1011
OMNITECH,20110714,147.1,150,147.1,149.55,3931
ONGC,20110714,286.5,288.5,281.5,283.3,2755370
ONMOBILE,20110714,99.4,100.4,97.95,98.25,750889
ONWARDTEC,20110714,36.95,40.8,35.6,37.3,26475
OPTOCIRCUI,20110714,278,281.9,275.1,278.9,199005
ORBITCORP,20110714,42,43.95,42,43.5,645425
ORCHIDCHEM,20110714,251.45,255.75,248.1,252.95,1757204
ORIENTABRA,20110714,31.4,33.45,31.4,33,47233
ORIENTALTL,20110714,8.6,9.05,8.6,8.95,2357
ORIENTBANK,20110714,330.85,344,327.25,342.05,418417
ORIENTCERA,20110714,53.2,55,53.2,54.9,358
ORIENTHOT,20110714,30.5,30.95,30,30.6,7825
ORIENTLTD,20110714,80.7,84.65,80.55,80.55,619
ORIENTPPR,20110714,54,55,54,54.25,12680
ORISSAMINE,20110714,56500,57779.9,55011.05,55362.3,3483
OUDHSUG,20110714,30.35,30.5,29.7,30,11762
PAEL,20110714,30,30.6,29.35,29.6,5160
PAGEIND,20110714,1885,1920,1885,1908.1,1433
PANACEABIO,20110714,162.3,167.8,162.3,167.15,2633
PANASONIC,20110714,112,112,105.15,106.6,3703
PANCARBON,20110714,153.8,156.4,150,151.65,2335
PANORAMUNI,20110714,12.15,14.8,12.15,14.6,10284
PANTALOONR,20110714,318,324.95,316.55,321.2,424889
PAPERPROD,20110714,75.85,75.9,74,75.25,32544
PARABDRUGS,20110714,39.8,40.35,39.75,39.85,17011
PARACABLES,20110714,3.7,3.8,3.7,3.7,59859
PARAL,20110714,276.9,276.9,270.35,274.1,4110
PARAPRINT,20110714,21.75,22.4,21.7,22.05,91018
PARASPETRO,20110714,0.55,0.6,0.55,0.6,5761
PAREKHPLAT,20110714,4.75,4.85,4.45,4.6,6637
PARSVNATH,20110714,47.65,49.9,47.1,48.7,746607
PATELENG,20110714,147.75,152.5,145.7,149.3,650071
PATINTLOG,20110714,30.2,34.5,29.6,31.5,155588
PATNI,20110714,338.2,340.8,335.15,336.6,50406
PATSPINLTD,20110714,16,17,16,17,905
PBAINFRA,20110714,62.45,63.65,61.5,62.9,11373
PDPL,20110714,108,116.9,108,113.45,8290
PDUMJEPULP,20110714,20.25,20.4,20.1,20.25,13725
PEACOCKIND,20110714,3,3.25,3,3,20271
PENIND,20110714,40.5,40.5,40,40.15,9439
PENINLAND,20110714,52.65,53.65,52.3,52.6,7065
PEPL,20110714,3.05,3.3,3.05,3.3,3122
PERIATEA,20110714,165,166,153.9,160.7,158
PERSISTENT,20110714,371.7,379,367.75,374.65,13893
PETRONENGG,20110714,355.05,360.9,352.25,359.55,4641
PETRONET,20110714,145,147.2,142.1,145,1567116
PFC,20110714,194.65,215,194.65,213.15,32050735
PFIZER,20110714,1455.1,1467.1,1443,1453.7,7179
PFOCUS,20110714,66.6,69.6,65.1,65.75,1293229
PFS,20110714,17.35,18.55,17.1,18.25,488819
PGHH,20110714,2014,2029,1990,1999.8,327
PHILIPCARB,20110714,139.25,145.4,139.25,144.95,30580
PHOENIXLTD,20110714,214,221.55,214,219.75,29960
PIDILITIND,20110714,171.7,176.35,168.15,170.15,323296
PIIND,20110714,790,798.95,781.1,787.85,122
PIONDIST,20110714,51.5,53.5,51.1,52,837
PIONEEREMB,20110714,18.35,18.35,17.5,17.5,2799
PIPAVAVYD,20110714,77,78.2,76.1,76.4,1896795
PIRGLASS,20110714,131,139.9,131,136.35,5859
PIRHEALTH,20110714,374.95,395.75,374.95,394.1,50798
PIRLIFE,20110714,91.6,92.85,91.25,91.95,2798
PITTILAM,20110714,39,40.5,39,40.35,2376
PLASTIBLEN,20110714,200.15,204,200,204,221
PLETHICO,20110714,349.9,350,348.55,349.45,110321
PNB,20110714,1135,1160,1124.1,1147.9,270766
PNBGILTS,20110714,25.4,25.95,25.05,25.35,102566
PNC,20110714,17,17,16.4,16.95,1076
POCHIRAJU,20110714,15.6,16.4,15.6,16.3,19252
POLARIND,20110714,5.95,5.95,5.95,5.95,12906
POLARIS,20110714,175.1,176.5,172.25,173.8,573925
POLYPLEX,20110714,193,199.5,192,195.9,72062
PONDYOXIDE,20110714,30.85,31.85,30.85,31.05,2725
PONNIERODE,20110714,92.25,92.55,91.6,91.65,796
POWERGRID,20110714,109.5,110.3,108.3,109.1,5894651
PPAP,20110714,107,111.9,107,110.4,10932
PRADIP,20110714,85.6,86,85.05,85.2,8074
PRAENG,20110714,10.9,11.25,10.8,10.95,11561
PRAJIND,20110714,74.55,75.55,73.8,74.55,339132
PRAKASH,20110714,68.35,73.2,68.2,72.05,513909
PRAKASHSTL,20110714,145.5,145.5,142.2,143.1,16795
PRATIBHA,20110714,54.7,58.8,53.65,56.55,1823045
PRECOT,20110714,144,145,141.1,142.65,13
PRECWIRE,20110714,126,127.8,125.2,125.65,1826
PREMIER,20110714,93.7,97.3,92.95,94.3,34897
PRESTIGE,20110714,122.55,128.95,122.2,127.4,97819
PRETAILDVR,20110714,178,182.95,176,181.35,401
PRICOL,20110714,21,21.05,20.6,20.75,20177
PRIMESECU,20110714,22.55,23.4,22.55,22.85,3604
PRISMCEM,20110714,45,45.65,44.6,45,23488
PRITHVI,20110714,29.15,29.4,28.7,29.35,5448
PROVOGUE,20110714,35.5,37.1,35.5,36.15,243656
PSB,20110714,99.1,100.25,98.6,99.75,38346
PSL,20110714,69.7,70,68.65,69.65,73016
PSUBNKBEES,20110714,406,413.5,404.1,406.14,1097
PTC,20110714,77.2,83.2,76.55,81.95,3981022
PTL,20110714,28.65,29.15,28.35,28.4,4610
PUNJABCHEM,20110714,85.95,94,85.95,90.5,2974
PUNJLLOYD,20110714,73,76.2,73,75.2,4472726
PURVA,20110714,86.6,88.4,84.8,85.65,35304
PVP,20110714,8.85,9.1,8.85,9,33972
PVR,20110714,114.9,115.5,112.4,113.6,170337
QGOLDHALF,20110714,1109,1110.95,1095.2,1106.2,1050
QNIFTY,20110714,560.05,566,560.05,566,33
QUINTEGRA,20110714,3.8,3.85,3.65,3.85,5968
RADAAN,20110714,2.4,2.45,2.35,2.4,5824
RADICO,20110714,130.5,131,128.1,128.8,22081
RAINBOWPAP,20110714,60.1,60.2,59.5,59.95,213852
RAINCOM,20110714,36.9,37.95,36.35,37.5,503321
RAJESHEXPO,20110714,107,110,106.8,108.1,274100
RAJOIL,20110714,31.6,32,31.55,31.75,17339
RAJPALAYAM,20110714,310,317.95,303.25,306.65,4347
RAJRAYON,20110714,11.15,12.15,11.15,12,347
RAJSREESUG,20110714,47,47.05,46.6,46.85,3701
RAJTV,20110714,51.5,51.55,50.5,50.8,24297
RAJVIR,20110714,148,159.8,143,144.2,783
RALLIS,20110714,1515,1518.8,1485.5,1497.45,15705
RAMANEWS,20110714,15,15.15,14.85,15,21024
RAMCOIND,20110714,42.7,42.7,41.4,41.75,20584
RAMCOSYS,20110714,93.45,93.45,88.95,89.1,12087
RAMKY,20110714,282.7,288.35,279.2,284.85,7688
RAMSARUP,20110714,15.1,15.8,15,15.6,18455
RANASUG,20110714,5.45,5.5,5.4,5.4,115518
RANBAXY,20110714,547.6,554.3,545,547.3,595460
RANEHOLDIN,20110714,244.8,244.8,244.8,244.8,210
RANKLIN,20110714,14.85,15.2,14.4,14.55,31619
RATNAMANI,20110714,110,110,107,108.7,1257
RAYMOND,20110714,386.05,399.4,384.45,393.65,702092
RBL,20110714,113.45,119.8,113.45,118.1,669
RBN,20110714,80.9,82.75,80.3,80.55,126293
RCF,20110714,77.05,79.4,77.05,78.5,480253
RCOM,20110714,97.95,98.4,96.15,96.6,3889348
RECLTD,20110714,202.95,226.5,202.95,220.05,12752140
REDINGTON,20110714,88.35,90,87.1,88.95,185400
REFEX,20110714,24.75,25,23.9,25,50852
REIAGROLTD,20110714,29.15,29.5,28.85,29,300829
REISIXTEN,20110714,31.4,31.4,30.2,30.95,1388
RELAXO,20110714,296,300,295.5,300,1004
RELBANK,20110714,1030,1048,1025,1026.2,33
RELCAPITAL,20110714,586,601,583.1,593.75,912033
RELGOLD,20110714,2161.05,2170,2157.15,2168.25,8727
RELGRNIFTY,20110714,538.1,555,538,555,83
RELIANCE,20110714,863.3,877.9,859.35,867.55,3043021
RELIGARE,20110714,457.15,461.5,457,460,13356
RELIGAREGO,20110714,2250,2284,2250,2277,811
RELINFRA,20110714,572.45,583,565.05,576.05,741176
RELMEDIA,20110714,129.6,132.9,129.1,130.25,623730
RENUKA,20110714,73.3,74.65,72.7,73.45,3267778
REPRO,20110714,148.8,165.55,142.9,162.95,1456688
RESPONIND,20110714,98.1,98.1,97,98.05,12650
RESURGERE,20110714,0.5,0.5,0.45,0.5,1822087
REVATHI,20110714,400,400,392,395.1,259
RICOAUTO,20110714,15,15,14.45,14.65,151249
RIIL,20110714,538.55,548.9,537.05,540.5,116895
RKDL,20110714,22.7,23.3,22.7,22.85,8722
RKFORGE,20110714,124,125.9,122.05,125.35,582
RMCL,20110714,6.9,7.1,6.75,6.9,7528
RML,20110714,137,137,134.1,135.1,680
ROHITFERRO,20110714,35.1,35.1,34.65,34.8,37632
ROHLTD,20110714,64.2,65.3,63.85,64.2,9329
ROLTA,20110714,129.5,129.7,127.6,128.45,222319
ROMAN,20110714,23.5,24,23,23.5,2045
RPGLIFE,20110714,82.8,82.85,80.35,81.9,7616
RPOWER,20110714,116,117.9,115.4,116.65,1174433
RPPINFRA,20110714,79,79.7,77.05,78.2,38875
RSSOFTWARE,20110714,57.6,60,54.1,58.15,8838
RSWM,20110714,135,136.5,134.25,135.75,3869
RSYSTEMS,20110714,101.4,108.95,101.4,106.25,1576
RUBYMILLS,20110714,728,735,717.1,726.55,273
RUCHINFRA,20110714,19.8,20.35,19.75,20.2,4552
RUCHIRA,20110714,9.8,10.5,9.8,10.5,5008
RUCHISOYA,20110714,97.05,98.4,96.55,97.5,59684
RUSHIL,20110714,152.95,158.05,138.6,156.7,17876171
SABTN,20110714,50.5,52.6,50.5,51.85,2893
SADBHAV,20110714,137.1,144.6,137.1,143.25,7978
SAGCEM,20110714,141,142,136.75,138.9,3241
SAHPETRO,20110714,34.2,34.6,33.75,34.1,2469
SAIL,20110714,131.4,133.25,130.5,131.35,4409267
SAKHTISUG,20110714,35.5,35.75,35,35.2,53470
SAKSOFT,20110714,63.1,67.95,62.8,65.1,6504
SAKUMA,20110714,14.7,15,14.7,14.75,600
SALONACOT,20110714,22.75,22.75,22.75,22.75,192
SALORAINTL,20110714,30,31.05,29.45,30.5,361
SALSTEEL,20110714,6.75,7,6.75,6.8,23035
SAMBHAAV,20110714,1.5,1.6,1.5,1.55,17101
SANDESH,20110714,270.5,270.5,268.1,268.1,103
SANGAMIND,20110714,38,39.65,38,39.2,5078
SANGHIIND,20110714,17.25,17.45,16.35,16.8,60582
SANGHIPOLY,20110714,1.65,1.75,1.65,1.7,5829
SANGHVIFOR,20110714,38.5,39.45,36.4,38.1,63113
SANGHVIMOV,20110714,118,122.95,118,120.15,3964
SANWARIA,20110714,25.25,26.6,24.05,24.5,120644
SARDAEN,20110714,206.8,212.3,206.8,210.95,8496
SAREGAMA,20110714,66.1,78.25,65.05,78.25,738368
SARLAPOLY,20110714,112,113,112,113,350
SASKEN,20110714,134.9,136.1,133.7,134.1,121780
SATHAISPAT,20110714,50.8,51,50,50.8,5358
SATYAMCOMP,20110714,85.95,88.15,85.3,87.05,3599404
SAVERA,20110714,37.05,39.5,37.05,38.65,3658
SBBJ,20110714,490.05,494.5,487.2,491.35,2831
SBIGETS,20110714,2244,2262,2237,2257.3,10667
SBIN,20110714,2423,2489.25,2413.05,2467.1,1527014
SBT,20110714,707,712,703,708.25,5999
SCI,20110714,104.5,105.9,104.05,104.7,117106
SEAMECLTD,20110714,93.55,100.5,93.2,97,94429
SEINVEST,20110714,15.85,16.7,15.6,16.5,218543
SELAN,20110714,334.5,338.4,318,320.35,128021
SELMCL,20110714,17,17.1,16.7,16.95,155626
SENTINEL,20110714,14.8,16.65,14.8,15.8,5953
SERVALL,20110714,8.2,8.2,7.95,8,110923
SESAGOA,20110714,285.25,300.4,284,296.4,4785298
SESHAPAPER,20110714,241,252,239,249.8,44508
SGFL,20110714,6,7,6,7,209
SGJHL,20110714,258,261.4,252.4,253.9,99323
SGL,20110714,4.35,4.75,4.35,4.5,1514
SHAHALLOYS,20110714,13.15,13.15,12.3,13,1204
SHANTIGEAR,20110714,43.2,43.95,42.95,43.5,146647
SHARIABEES,20110714,123.05,123.4,122.1,123.4,11
SHARRESLTD,20110714,48.6,48.6,45.2,48.15,234
SHASUNPHAR,20110714,73.5,75.7,72.8,75,59882
SHILPAMED,20110714,266,272,266,270.4,3191
SHILPI,20110714,16.2,16.6,15.85,15.95,26551
SHIV-VANI,20110714,218.75,222,218.15,219.95,14764
SHIVAMAUTO,20110714,109,117.8,109,115.05,1886
SHIVTEX,20110714,28.35,30.05,28.35,29.8,1048
SHLAKSHMI,20110714,84.5,85.45,84.1,84.7,2820
SHOPERSTOP,20110714,466.65,475,464,467.55,24059
SHPRE,20110714,5.9,6.5,5.9,6.25,2693
SHREEASHTA,20110714,4.95,4.95,4.75,4.8,2063073
SHREECEM,20110714,1765,1798,1751.15,1776.8,2562
SHREERAMA,20110714,5.65,5.65,5.5,5.5,3309
SHRENUJ,20110714,55,55.5,54.55,54.9,2115
SHREYANIND,20110714,20.9,20.9,20.9,20.9,101
SHREYAS,20110714,29.55,31.4,29.55,30.75,1359
SHRIRAMCIT,20110714,545.05,549.45,545,545.9,987
SHRIRAMEPC,20110714,150,152.5,145.5,146.75,10040
SHYAMTEL,20110714,40.7,41.3,40.65,40.7,1411
SICAGEN,20110714,25.5,25.5,24.75,25.2,19873
SICAL,20110714,76.8,80.8,76.8,78.6,194246
SIEMENS,20110714,922.9,922.95,901,907,114501
SILINV,20110714,92,93,87.9,87.9,2482
SIMBHSUGAR,20110714,40.55,41.9,40.35,41.05,16971
SIMPLEX,20110714,108,109,96.2,106.9,1171
SIMPLEXINF,20110714,279.8,284,276,282.75,1450
SINTEX,20110714,181,185,178.25,181.45,1808606
SIRPAPER,20110714,52,54.9,52,53.9,312
SITASHREE,20110714,6.05,6.35,6,6.35,11006
SIYSIL,20110714,364,393,364,387.5,13904
SJVN,20110714,22,23.25,21.9,22.25,1244963
SKFINDIA,20110714,677,692,665.45,668.95,47565
SKMEGGPROD,20110714,8.8,9,8.8,8.9,4602
SKSMICRO,20110714,476.45,488,476.45,476.45,67795
SKUMARSYNF,20110714,52.75,54,52.1,52.65,1948368
SMARTLINK,20110714,47.4,47.5,46.25,46.9,21139
SMLISUZU,20110714,391.75,393,383.25,387.1,1839
SMPL,20110714,10,10.5,9.7,9.8,72202
SMSPHARMA,20110714,196,197.2,195,195,444
SOBHA,20110714,277,287,274.75,279.6,110446
SOFTTECHGR,20110714,4.9,5,4.9,4.9,385
SOLARINDS,20110714,630.1,657,630.1,645.35,57784
SOMANYCERA,20110714,43.9,43.9,40.5,41.05,9187
SOMATEX,20110714,7.3,7.75,7.3,7.4,1082
SONASTEER,20110714,16.5,16.8,16.25,16.65,53312
SONATSOFTW,20110714,43.2,43.35,40.2,40.65,1248978
SOTL,20110714,667,685,641.25,648.85,53444
SOUISPAT,20110714,8.2,8.25,8.05,8.05,27590
SOUTHBANK,20110714,24,25.45,24,24.7,13238566
SPANCO,20110714,133.9,137.75,133.9,137,541
SPARC,20110714,96.9,98.9,96.15,96.8,483073
SPECTACLE,20110714,16.75,16.75,15.95,16,31434
SPENTEX,20110714,13.2,14.15,13.2,13.85,3895
SPIC,20110714,31.55,34.15,31.45,33.2,2480877
SPICEMOBIL,20110714,107.3,109.85,106.25,108.85,23830
SPLIL,20110714,3.85,3.85,3.75,3.8,4000
SPMLINFRA,20110714,167,176,167,173.75,575
SPYL,20110714,30.25,30.25,29.7,30.2,735
SREINFRA,20110714,42.75,45.8,42.45,44.65,1302436
SRF,20110714,305.05,308,303.35,304.9,33093
SRGINFOTEC,20110714,0.6,0.6,0.5,0.6,13848
SRHHLINDST,20110714,3.75,3.75,3.75,3.75,303
SRHHYPOLTD,20110714,43.5,43.5,43,43.1,405
SRTRANSFIN,20110714,682,691.9,676.65,679.95,475119
SSWL,20110714,278,285,278,279.45,28843
STAR,20110714,360,367.5,358.15,362.4,68927
STARPAPER,20110714,21.85,22.75,21.85,22.75,657
STCINDIA,20110714,212,217.8,208.7,212.15,148121
STER,20110714,164.2,168.55,164.15,166.65,3164968
STERLINBIO,20110714,85,87.25,84.65,85.35,466882
STERTOOLS,20110714,121.8,122,121,121.4,16
STRTECH,20110714,53.1,54.15,52.15,53.05,384303
SUBEX,20110714,56.85,57.75,56.1,56.75,430191
SUDAR,20110714,103,107.25,101.5,105.45,660409
SUJANATOW,20110714,31.95,32.1,31.05,31.5,567935
SUJANAUNI,20110714,5.7,5.95,5.65,5.8,46346
SUMEETINDS,20110714,38.5,39.7,38.35,39.3,252369
SUMMITSEC,20110714,80.2,84.95,80.2,84.3,1797
SUNCLAYTON,20110714,148.75,148.75,147.15,147.25,987
SUNDARAM,20110714,42.6,43,42.55,43,65400
SUNDARMFIN,20110714,556,562.4,546.3,559.2,8138
SUNDRMBRAK,20110714,170,173.4,165.05,169.15,892
SUNDRMFAST,20110714,63.9,63.9,60.5,60.85,57791
SUNFLAG,20110714,27.5,28.25,27.35,28.05,37367
SUNILHITEC,20110714,116.45,121.9,114.6,117.95,16189
SUNPHARMA,20110714,505,518.9,500,511,721646
SUNTECK,20110714,294.75,301.8,289.1,294.65,8859
SUNTV,20110714,315,339.9,310.15,331.65,3498869
SUPER,20110714,233,233,213.05,217.85,4436
SUPERSPIN,20110714,10.35,11.15,9.15,10.6,259763
SUPPETRO,20110714,67.5,68.5,67,68.2,40395
SUPRAJIT,20110714,19.25,19.9,19.2,19.85,7450
SUPREMEIND,20110714,192.1,209,191,203.45,258477
SUPREMEINF,20110714,259.55,266.9,257.15,262.8,8566
SURAJDIAMN,20110714,46.1,48.2,46.1,47.5,22867
SURANAIND,20110714,389,390,386,387.5,6223
SURANAT&P,20110714,15.15,16.1,15.15,15.8,7661
SURANAVEL,20110714,39.85,39.85,39.5,39.5,226
SURYAJYOTI,20110714,28.5,28.5,27.8,28,3227
SURYALAXMI,20110714,67.25,70.35,67.25,68.6,6445
SURYAPHARM,20110714,21.05,21.35,20.75,21,53331
SURYAROSNI,20110714,81,81.25,80.1,80.95,4748
SUTLEJTEX,20110714,188.1,202,188.1,199.2,3655
SUVEN,20110714,19.35,20.25,19.35,19.75,39939
SUZLON,20110714,49.65,50.6,49.25,50.05,7848345
SWARAJENG,20110714,445,445,435.1,438.05,1533
SYMPHONY,20110714,1287.9,1287.9,1212.05,1260.1,927
SYNCOM,20110714,21.4,21.95,21.4,21.65,14276
SYNDIBANK,20110714,116.6,119.15,116.1,118.15,331254
TAINWALCHM,20110714,39.75,40,38,38.1,35859
TAJGVK,20110714,105,106.9,100.5,101.1,151100
TAKE,20110714,39.6,39.6,38,38.15,15535
TALBROAUTO,20110714,53.55,55,53.55,53.65,325
TALWALKARS,20110714,241,244.8,239.25,241.75,83199
TANLA,20110714,16,16.9,15.2,16.25,612650
TANTIACONS,20110714,66.1,66.95,65.75,66,4421
TARAPUR,20110714,20,22.15,20,20.65,101119
TATACHEM,20110714,380,387.85,378.15,382.45,257586
TATACOFFEE,20110714,856.9,871,851.35,856.2,304160
TATACOMM,20110714,203.25,206.9,202.3,204.95,121332
TATAELXSI,20110714,244,248.5,243.3,246.25,37736
TATAGLOBAL,20110714,100.5,103.95,100.05,102.55,788661
TATAINVEST,20110714,491,497.9,491,494.75,2127
TATAMETALI,20110714,101.25,104.5,101.15,101.95,31089
TATAMOTORS,20110714,1040,1081.5,1035.35,1068.1,2279572
TATAMTRDVR,20110714,590,602.5,588.45,595.45,807235
TATAPOWER,20110714,1270,1289.8,1265,1273.2,142335
TATASPONGE,20110714,340,359.85,340,352.95,97311
TATASTEEL,20110714,573.75,583.6,571,576.55,2529457
TCI,20110714,92,94,92,93.1,8920
TCIDEVELOP,20110714,185.45,192,185.45,186.15,114
TCIFINANCE,20110714,53.75,53.75,51.25,52.35,3144
TCS,20110714,1150,1158.6,1119.1,1123.7,3468922
TECHM,20110714,740.85,758,736.45,751.25,192175
TECHNO,20110714,228.1,229.55,224,225.7,3775
TECHNOFAB,20110714,135.05,137,133.1,133.95,5822
TECPRO,20110714,273.15,282,273.15,280.3,73009
TELEDATAIT,20110714,0.35,0.4,0.35,0.4,267601
TEXMACOLTD,20110714,33.4,34.2,33.2,33.7,112078
TEXMOPIPES,20110714,40,41.55,38.1,40,238607
TEXRAIL,20110714,91.7,93.75,90.5,92.35,53392
TFCILTD,20110714,30.4,32.2,29.85,31.15,308199
TFL,20110714,15,16.7,14.2,15.9,1408
THANGAMAYL,20110714,152.25,155.3,152.25,154.4,43930
THEMISMED,20110714,157.75,157.75,150,153.45,1211
THERMAX,20110714,609.95,614.4,598,606.4,69955
THINKSOFT,20110714,48.4,49.6,48.4,48.95,21904
THIRUSUGAR,20110714,98.55,101.95,98.55,101.85,21
THOMASCOOK,20110714,48.4,48.55,48,48.3,90229
TI,20110714,43.95,43.95,43,43.2,63015
TIDEWATER,20110714,7400,7575,7340,7454.45,3414
TIIL,20110714,59.4,66.2,59.4,60.25,393698
TIL,20110714,447.05,466.7,447.05,463.2,7289
TIMBOR,20110714,40.1,41.5,38.8,40.5,479963
TIMESGTY,20110714,35.2,35.2,34.95,35.1,419
TIMETECHNO,20110714,70.4,71.45,69.3,70.65,101880
TIMKEN,20110714,241.95,256.9,241.05,247,1041569
TINPLATE,20110714,60.05,61.4,59.9,60.2,78342
TIPSINDLTD,20110714,28.05,29.75,27.85,29.1,52182
TIRUMALCHM,20110714,100.95,100.95,98.65,99.05,2316
TITAN,20110714,226,229.2,224.3,227.2,2499289
TNPETRO,20110714,16.75,17.2,16.7,16.85,35103
TNPL,20110714,116.25,118,115.4,116.95,12687
TODAYS,20110714,7.25,7.25,7,7.1,4018
TOKYOPLAST,20110714,19,19,18,18.3,7129
TORNTPHARM,20110714,658,669.8,652.5,665.75,19265
TORNTPOWER,20110714,243,246.6,241,242.8,54007
TRENT,20110714,1194.1,1208,1166.6,1190.55,7126
TRF,20110714,423,430,416,420.8,63543
TRICOM,20110714,14.45,15.15,14.45,14.85,9377
TRIDENT,20110714,13.7,14.15,13.7,14,51342
TRIGYN,20110714,19.5,19.95,19.15,19.2,13742
TRIL,20110714,252.5,261.35,252.5,257.6,6932
TRIVENI,20110714,36.7,36.95,36.2,36.55,255337
TTKHEALTH,20110714,409.05,419,407,414.05,8834
TTKPRESTIG,20110714,2730,2793,2698.05,2753.4,100538
TTL,20110714,27.2,29,27.2,28.45,7131
TTML,20110714,20.85,21.5,20.7,21.2,4704677
TUBEINVEST,20110714,153,153,150.85,152.1,75752
TULIP,20110714,159.45,159.5,157,157.6,35942
TULSI,20110714,16.85,18.6,16.85,17.5,714260
TULSYAN,20110714,47.45,47.5,45.05,45.45,185
TVSELECT,20110714,23.4,23.65,23.4,23.6,2025
TVSMOTOR,20110714,51.45,51.65,50.85,51,1672491
TVSSRICHAK,20110714,356,363.7,347.15,360.25,3273
TVTODAY,20110714,66.5,67.35,66.25,66.9,40683
TWILITAKA,20110714,52,53.45,51.05,52.1,58515
TWL,20110714,433,440,424.05,428.25,30083
UBENGG,20110714,84.4,84.4,82,82.7,24846
UBHOLDINGS,20110714,150.3,150.9,148,149.55,42342
UBL,20110714,495,504.75,494.55,497.85,75990
UCALFUEL,20110714,86.3,87.45,83.2,86.55,15843
UCOBANK,20110714,89.3,91.85,88.75,90.85,1892270
UFLEX,20110714,209.9,214.4,208.6,210.75,414787
UGARSUGAR,20110714,16,16.25,15.55,16.1,20931
ULTRACEMCO,20110714,987.15,998,985,993,60976
UMESLTD,20110714,24.2,24.2,23.3,23.7,338
UNICHEMLAB,20110714,159.95,159.95,158,158.75,7402
UNIENTER,20110714,25.4,26.4,25.35,26.25,2248
UNIONBANK,20110714,299,306.4,297.35,305,398529
UNIPHOS,20110714,157.7,157.7,153.05,153.45,1252356
UNIPLY,20110714,14.15,14.15,13.4,13.4,2309
UNITECH,20110714,32.5,34.35,32.45,33.95,36666501
UNITEDBNK,20110714,95,97.2,94.55,96.6,297822
UNITEDTEA,20110714,130,130,127,127,291
UNITY,20110714,62.15,63.8,62.1,62.95,31214
UNIVCABLES,20110714,60,61.75,59,61,3631
UPERGANGES,20110714,56.4,57.45,55.45,56.9,2863
USHAMART,20110714,51.65,52,51.25,51.35,103388
USHERAGRO,20110714,136.45,141.55,136.45,139.85,655978
UTISUNDER,20110714,858,858.8,858,858.4,4
UTTAMSTL,20110714,105,108,105,106.55,29504
UTTAMSUGAR,20110714,39.35,40.35,38.4,39.05,3469
UTVSOF,20110714,823.5,844,822.1,837.15,205517
VADILALIND,20110714,162.3,172,162.3,165.6,6216
VAIBHAVGEM,20110714,44.15,46.5,44.15,46.15,8145
VAKRANSOFT,20110714,386,405,386,403.3,33368
VALECHAENG,20110714,97.8,97.9,95.4,96.05,16277
VALUEIND,20110714,20.95,20.95,19.45,19.65,7035
VARDHACRLC,20110714,10,10.55,10,10.4,92366
VARDMNPOLY,20110714,98,98.9,97,97.9,37479
VARUN,20110714,205,211.9,202.15,204.85,93589
VARUNSHIP,20110714,24.25,24.25,23.85,23.9,72957
VASCONEQ,20110714,73.3,77.9,72.1,74.65,36207
VENKEYS,20110714,611.75,624.4,601.75,606.95,75167
VENUSREM,20110714,190.1,204.75,190.1,200.25,28172
VESUVIUS,20110714,400,402.45,395,397,416
VGUARD,20110714,230,235,229.15,231.75,177644
VHL,20110714,450,455,450,455,453
VICEROY,20110714,30.45,30.9,30.25,30.6,6244
VIDEOIND,20110714,192.75,196.85,192,192.45,297811
VIJAYABANK,20110714,68,69.9,67.35,68.9,1742975
VIJSHAN,20110714,19.1,19.4,18.65,18.95,7928
VIKASHMET,20110714,12.1,12.2,11.8,12,220176
VINATIORGA,20110714,72,73.35,70.8,72.95,4836
VINDHYATEL,20110714,169,169,167.1,168.95,41
VINYLINDIA,20110714,12,12.85,12,12.35,1096
VIPIND,20110714,855.1,872.35,852.1,862.05,566296
VIPUL,20110714,11.9,12.85,11.9,12.6,14068
VISAKAIND,20110714,102.7,104,102.6,103.05,1387
VISASTEEL,20110714,60,60,58.3,59,59495
VISESHINFO,20110714,8.6,8.75,8.2,8.3,11357
VISHALRET,20110714,33.8,33.8,33.1,33.2,21152
VISUINTL,20110714,2.9,2.95,2.85,2.9,5072
VIVIMEDLAB,20110714,289,297.35,285.25,288.1,68270
VLSFINANCE,20110714,13.85,14.55,13.85,14.2,16453
VOLTAMP,20110714,520.05,533.7,515.4,516.95,43870
VOLTAS,20110714,159.3,161.4,157.5,160.05,418452
VSTIND,20110714,1052.5,1134.95,1052.5,1096.9,106288
VSTTILLERS,20110714,550,550,535.05,540.3,1638
VTL,20110714,216.05,225,216.05,223.15,3305
VTXIND,20110714,17.15,17.15,17.15,17.15,100
WABAG,20110714,1286.9,1290,1273.25,1284.1,1078
WABCO-TVS,20110714,1155.75,1222,1155.75,1212.35,3219
WALCHANNAG,20110714,125,125.8,123,124.4,59547
WANBURY,20110714,30.85,30.85,30.3,30.6,1754
WEBELSOLAR,20110714,69,70,64.1,65.1,10595
WEIZFOREX,20110714,85.5,92.7,81.05,87.9,30453
WEIZMANIND,20110714,14,14.1,12.7,13.4,17740
WELCORP,20110714,169,171.2,165.65,168.45,202675
WELINV,20110714,65,67.95,63,64.6,251
WELPROJ,20110714,66.25,67.2,65.3,66.2,15833
WELSPUNIND,20110714,42.05,42.75,41.85,42.1,74287
WENDT,20110714,1569.95,1580,1560,1570,725
WHEELS,20110714,275,275,267,271.55,484
WHIRLPOOL,20110714,253.4,257,250.55,252.2,16225
WILLAMAGOR,20110714,54.6,59.35,53.4,59.35,50232
WINSOMYARN,20110714,3.5,3.5,3.35,3.45,12464
WIPRO,20110714,411.15,414.9,410.05,411.5,563300
WOCKPHARMA,20110714,420.1,434.75,415.55,422.65,626256
WSI,20110714,18.45,18.8,18.25,18.7,984
WSTCSTPAPR,20110714,85,85.4,83.7,84.75,30853
WWIL,20110714,8.9,9.05,8.75,8.95,768513
WYETH,20110714,970,977.95,965,970.15,1538
XLENERGY,20110714,9.1,10.4,9,10.05,303123
XPROINDIA,20110714,51.05,52.5,50.25,51.5,7483
YESBANK,20110714,316.95,330.25,316.55,326.25,1956268
ZANDUREALT,20110714,2048,2080,2030.9,2046.35,987
ZEEL,20110714,127.95,128.6,126.4,127.25,585670
ZEELEARN,20110714,20.25,20.5,20.15,20.2,308007
ZEENEWS,20110714,12.8,12.8,12.5,12.55,445244
ZENITHBIR,20110714,6.5,6.6,6.5,6.5,169524
ZENITHCOMP,20110714,18.15,18.65,18,18.35,5972
ZENITHINFO,20110714,200.65,207.95,200.55,200.95,125
ZENSARTECH,20110714,158,159.8,155.2,158.9,4143
ZICOM,20110714,39.45,43.4,39.45,42.05,341854
ZODIACLOTH,20110714,370,383.9,366.6,378.65,832
ZODJRDMKJ,20110714,23,23.85,22.55,22.55,2076
ZUARIAGRO,20110714,672.6,696,667.05,686.75,10094
ZYDUSWELL,20110714,729.7,759.8,724.8,737.65,152033
ZYLOG,20110714,399,403.25,396.15,399.4,101333
NSENIFTY,20110714,5569.00,5653.95,5541.70,5599.80,123015471,5390.44
NIFTYJUNIOR,20110714,11270.80,11441.15,11260.90,11390.45,99241850,2141.64
BANKNIFTY,20110714,11121.40,11385.35,11072.50,11263.80,17432202,1305.36
NSEMIDCAP,20110714,8103.15,8196.85,8074.50,8168.40,128929118,2091.26
NSEIT,20110714,6383.35,6385.95,6314.60,6325.90,12201887,935.53
NSE100,20110714,5493.10,5574.85,5469.95,5527.20,222257321,7532.08
NSE500,20110714,4499.55,4560.60,4482.60,4525.50,462843053,10249.97
MIDCAP50,20110714,2460.50,2496.25,2455.00,2483.30,66398281,794.33
VIX,20110714,19.52,20.29,17.85,19.97,19.52,0.45
