20MICRONS,20110614,48.1,48.8,47.35,48.1,9071
3IINFOTECH,20110614,48.45,48.85,47.85,48.2,929518
3MINDIA,20110614,4046,4046,3930.05,4004.35,120
A2ZMES,20110614,260.1,264.2,246.05,249.05,1668412
AANJANEYA,20110614,318.5,324.9,310.1,320.05,1272637
AARTIDRUGS,20110614,128.3,131.75,128,128.95,3076
AARTIIND,20110614,50.35,51.55,50.35,51.1,111494
AARVEEDEN,20110614,61,61,54,54.1,3876
ABAN,20110614,557,563.25,551.1,554.95,608019
ABB,20110614,854.5,857,838,841.9,28060
ABBOTINDIA,20110614,1432.2,1457.85,1432.2,1450.65,990
ABCIL,20110614,111.4,113.7,111.05,112.95,2689
ABGSHIP,20110614,367.95,373.5,367.95,371.15,129693
ABHISHEK,20110614,15.3,15.4,15.1,15.3,8894
ABIRLANUVO,20110614,923.05,923.05,910.25,914.05,65080
ACC,20110614,1002.15,1019.35,1002.15,1008.4,64491
ACE,20110614,48,48.7,45.9,46.25,106128
ACKRUTI,20110614,201.2,203.5,200.05,201.15,5634
ACROPETAL,20110614,21.3,21.85,20.5,21.05,481347
ADANIENT,20110614,667.05,681.95,662,677.35,369231
ADANIPOWER,20110614,110,113.15,109.5,112.8,430439
ADFFOODS,20110614,66,77.05,63.4,74.55,449259
ADHUNIK,20110614,81.4,81.4,80.05,80.35,28199
ADORWELD,20110614,166.75,169.75,166.75,169.25,569
ADSL,20110614,50.55,50.55,48.25,50.55,643238
ADVANIHOTR,20110614,37.5,37.5,35.5,35.55,1194
ADVANTA,20110614,290.3,292.2,272,274.8,813799
AEGISCHEM,20110614,239.9,241.65,232.35,234.2,24373
AFL,20110614,43.5,44,43.25,43.7,2261
AFTEK,20110614,15.5,16.7,15.5,16.5,1756518
AGCNET,20110614,165,168.85,165,165.65,471
AHLEAST,20110614,317.05,335,317,329.65,481
AHLUCONT,20110614,120,122.2,119.5,119.65,189495
AHLWEST,20110614,193,196.7,190.35,191.8,85
AHMEDFORGE,20110614,122.05,124.75,120.2,121.4,22899
AIAENG,20110614,393,398,381,384.7,9801
AJANTPHARM,20110614,301.1,313.95,299.05,312.2,114280
AJMERA,20110614,156.45,156.45,152.7,153.45,9989
AKZOINDIA,20110614,903.05,910,900,907,27144
ALBK,20110614,199.3,200.25,198.05,199.3,315119
ALCHEM,20110614,230.15,231.8,229,230.25,104928
ALEMBICLTD,20110614,19.7,20.2,19.55,19.85,36617
ALFALAVAL,20110614,1577.05,1625,1575.3,1609.15,3502
ALKALI,20110614,53,53.5,50.2,50.6,16148
ALKYLAMINE,20110614,82.5,82.5,82.5,82.5,154
ALLCARGO,20110614,165.5,168,165.15,167,1130
ALLSEC,20110614,22.85,22.85,21.25,21.75,2009
ALMONDZ,20110614,30.4,30.4,27.25,28.75,7791
ALOKTEXT,20110614,28.2,28.5,27.8,28.15,13060356
ALPA,20110614,10.8,10.8,10.35,10.65,2486
ALPHAGEO,20110614,114,114,106,107.05,2124
AMAR,20110614,102.4,105,101.45,103.55,92657
AMARAJABAT,20110614,215.5,219.6,208,218.4,97815
AMARJOTHI,20110614,63.35,63.45,63.35,63.45,1010
AMBIKCO,20110614,183,184.9,180.55,181.3,1149
AMBUJACEM,20110614,136.25,136.65,134.5,134.9,1434362
AMDIND,20110614,17.8,18,17.75,17.85,1737
AMLSTEEL,20110614,16.25,16.55,16.25,16.55,11
AMRUTANJAN,20110614,706,720.7,701,716.85,9958
AMTEKAUTO,20110614,171.95,171.95,168.2,169.1,78114
AMTEKINDIA,20110614,89.9,89.9,86.25,86.5,215691
ANANTRAJ,20110614,72.9,73.4,72.25,72.7,130141
ANDHRABANK,20110614,145.1,146.5,144.1,145.7,431961
ANDHRACEMT,20110614,12.85,12.9,12.25,12.55,35039
ANDHRSUGAR,20110614,93.9,94,92.35,93.1,6779
ANIKINDS,20110614,38.3,39,38.2,38.75,2827
ANKURDRUGS,20110614,42.95,42.95,41.15,41.85,48823
ANSALAPI,20110614,41.3,42.6,41,42.35,185084
ANSALHSG,20110614,43.35,43.7,42.9,43,5923
ANTGRAPHIC,20110614,0.3,0.3,0.25,0.3,93393
APARINDS,20110614,220,223.8,218,220.9,2380
APCOTEXIND,20110614,189.6,189.6,181.45,182.3,1873
APIL,20110614,572,586.4,572,577.6,165650
APLAB,20110614,43,43.25,41,41.85,1153
APOLLOHOSP,20110614,486.8,489,480.5,487.6,30662
APOLLOTYRE,20110614,72.5,72.9,71.05,71.4,2441685
APPAPER,20110614,360.25,365.8,359.35,360.5,243898
APTECHT,20110614,99,99.9,97.85,98.45,300954
AQUA,20110614,16.8,16.95,16.65,16.75,45611
ARCHIDPLY,20110614,14.25,14.8,14.25,14.4,4180
ARCHIES,20110614,39.3,41.35,39.25,40.05,47436
AREVAT&D,20110614,269.9,270.4,261.2,262.15,107101
ARIES,20110614,112.15,114,112.05,113.5,3845
ARIHANT,20110614,61.95,63,61.95,62,29
ARL,20110614,2.5,2.5,2.35,2.4,286076
AROGRANITE,20110614,42.1,42.1,42.1,42.1,485
ARROWTEX,20110614,9.8,10.45,9.35,9.75,3267
ARSHIYA,20110614,190,198.75,176.15,177.8,140023
ARSSINFRA,20110614,472,473.45,459.6,462.7,503025
ARVIND,20110614,83.2,83.85,82.1,82.4,1425690
ASAHIINDIA,20110614,81.1,82.65,80.35,80.9,14560
ASAL,20110614,67,68,63.6,65.9,10162
ASHAPURMIN,20110614,21.4,21.8,21.2,21.3,37643
ASHIMASYN,20110614,6.25,6.25,6.25,6.25,400
ASHOKA,20110614,264,264,251.65,252.5,3612
ASHOKLEY,20110614,50.9,51.25,50.65,50.75,1564889
ASIANELEC,20110614,11.5,11.6,11.25,11.35,16046
ASIANHOTNR,20110614,204.5,211,196.1,203.5,11257
ASIANPAINT,20110614,3096.95,3096.95,3055,3068.95,64246
ASIANTILES,20110614,46.8,46.8,45.5,45.55,38
ASSAMCO,20110614,16.15,16.65,16.1,16.2,234195
ASTEC,20110614,47,47.9,46.2,46.7,5340
ASTRAL,20110614,183,186.5,183,184.85,18581
ASTRAMICRO,20110614,29.8,30.3,29.6,29.95,16001
ASTRAZEN,20110614,1311,1399,1311,1358.45,1189
ATFL,20110614,399.9,399.9,391.2,394.45,10623
ATLANTA,20110614,76.5,77.3,75.65,75.8,114958
ATLASCYCLE,20110614,249.25,258.8,246.95,256.75,56578
ATNINTER,20110614,1.2,1.25,1.15,1.15,9524
ATUL,20110614,176.7,192.6,176.7,188.5,235648
AURIONPRO,20110614,177,178,171.05,171.05,121
AUROPHARMA,20110614,175.2,178,174,175.35,734794
AUSOMENT,20110614,42,42,42,42,1073
AUSTRAL,20110614,2.95,3.05,2.95,2.95,314284
AUTOAXLES,20110614,430.1,444,430.05,439.9,2145
AUTOIND,20110614,139.5,139.5,135.15,135.55,8563
AUTOLITIND,20110614,20.5,20.95,20,20,665
AVANTI,20110614,35.15,37,35.15,37,852
AVENTIS,20110614,1950,1984,1940.05,1980.15,1501
AVTNPL,20110614,206,233.5,206,213.9,747578
AXIS-IT&T,20110614,87.55,93.25,87.55,89.35,215827
AXISBANK,20110614,1235,1264.2,1235,1260.05,1054703
AXISGOLD,20110614,2212,2212,2202.3,2205.6,275
BAJAJ-AUTO,20110614,1345.25,1377,1345.25,1373.65,301741
BAJAJCORP,20110614,106.4,108.6,106.05,107.45,10458
BAJAJELEC,20110614,264.9,268,260.25,266,35132
BAJAJFINSV,20110614,552.45,568.9,551,552.5,205216
BAJAJHIND,20110614,68.75,69.8,68,68.85,632205
BAJAJHLDNG,20110614,764.95,768.9,762.05,766.6,36066
BAJFINANCE,20110614,625,628.95,619.95,622.1,5597
BALAJITELE,20110614,34.9,35.25,34.45,34.5,15422
BALAMINES,20110614,41.8,41.8,39.25,39.8,3625
BALKRISIND,20110614,149.4,166,147,149.1,117738
BALLARPUR,20110614,33.2,33.9,32.75,33.7,226145
BALMLAWRIE,20110614,602.95,603,594.05,595.35,10507
BALPHARMA,20110614,29.05,29.5,28.75,29.2,657
BALRAMCHIN,20110614,61.4,61.9,61.2,61.65,430432
BANARISUG,20110614,557,571,557,562.2,197
BANCOINDIA,20110614,70,72.45,69.5,70.3,14024
BANG,20110614,34.6,36.25,34.6,35.65,1550
BANKBARODA,20110614,867.6,878.9,862,865.3,130139
BANKBEES,20110614,1093.5,1098,1085.05,1087.4,508
BANKINDIA,20110614,424,425.95,415.05,416.25,957379
BANSWRAS,20110614,139,139.75,137.75,138.05,1155
BARTRONICS,20110614,65.05,66,64.1,64.5,164692
BASF,20110614,642.95,653,628.65,637.5,74890
BASML,20110614,90,91.5,89,89.95,1205
BATAINDIA,20110614,531.05,569.4,530.85,554.95,2780193
BATLIBOI,20110614,22.5,22.8,22.1,22.5,641
BAYERCROP,20110614,895.9,895.9,868,872.5,7594
BBL,20110614,960,979.9,952,956.4,9322
BBTC,20110614,422,436.7,420,425.85,953
BEARDSELL,20110614,49,49,47,47,225
BEDMUTHA,20110614,119.1,119.7,117.4,118.15,45277
BEL,20110614,1689.75,1690,1658,1674.5,73601
BELLCERATL,20110614,14.9,14.9,14.9,14.9,10
BEML,20110614,598.9,598.9,582.05,583.75,39887
BEPL,20110614,35.25,37.95,32.5,32.95,55561
BERGEPAINT,20110614,102.45,106.65,102,104.8,331846
BFINVEST,20110614,76.4,77.5,75.65,76.85,793
BFUTILITIE,20110614,734.5,746.8,734.5,738.9,138632
BGRENERGY,20110614,502,508.9,498.2,502.45,539756
BHAGWATIHO,20110614,90.5,92,85,90.15,4447
BHAGYNAGAR,20110614,18.5,18.5,17.8,17.95,12280
BHARATFORG,20110614,314.6,314.95,310.5,312.45,153282
BHARATGEAR,20110614,59.8,61,56.4,60,9177
BHARATRAS,20110614,120,124.8,116.35,116.95,1245
BHARTIARTL,20110614,377.95,380.5,377,379.3,2879443
BHARTISHIP,20110614,134.95,136.85,134,134.5,81924
BHEL,20110614,1936.5,1949,1930,1945.6,1131315
BHUSANSTL,20110614,409.9,416.8,406.5,409.1,505054
BIL,20110614,52.8,60.75,52.8,57.6,26208
BILENERGY,20110614,23.5,24.2,22.8,22.85,1853
BILPOWER,20110614,103.15,103.15,101.5,101.6,1652
BIMETAL,20110614,286,286,270.05,271.95,777
BINANIIND,20110614,180.1,184,179.3,180.7,14283
BINDALAGRO,20110614,91.15,91.75,90.2,90.35,333925
BIOCON,20110614,365.2,377.85,365,375.05,1104215
BIRLACORPN,20110614,375,375,356,357.65,2029
BIRLACOT,20110614,0.5,0.55,0.5,0.55,473759
BIRLAMONEY,20110614,24.05,24.95,24,24.3,5418
BLBLIMITED,20110614,6.05,6.05,5.9,6.05,9161
BLISSGVS,20110614,22.4,22.85,22.3,22.5,5328
BLKASHYAP,20110614,20.5,20.9,20.4,20.65,43916
BLUECHIP,20110614,1.2,1.35,1.2,1.3,24866
BLUEDART,20110614,1390.1,1410,1370.5,1385.05,6266
BLUESTARCO,20110614,325,325,316.05,317.35,26139
BLUESTINFO,20110614,94,98.3,92.8,94.4,1988
BOC,20110614,294,299.9,290.5,295.05,32146
BOMDYEING,20110614,373.7,383.2,373.25,376.65,551237
BOSCHLTD,20110614,7085,7097,7011,7053.25,8994
BPCL,20110614,620,622.95,616,617.15,219514
BRANDHOUSE,20110614,24.45,24.7,23.8,23.9,69714
BRFL,20110614,287.9,287.9,285.65,287,207248
BRIGADE,20110614,80,80,78.05,78.35,13428
BRITANNIA,20110614,444.05,485,444,470.7,379196
BSL,20110614,22.1,27,22.1,24.95,1558
BSLGOLDETF,20110614,2245,2265,2240,2262.5,70
BSTRANSCOM,20110614,142.5,145,141.1,143.05,31750
BURNPUR,20110614,7.9,7.9,7.6,7.65,17644
BVCL,20110614,17.65,17.9,17.6,17.8,823
CADILAHC,20110614,916.5,918,901.45,908.1,37027
CAIRN,20110614,338,338,333,334.6,563757
CALSOFT,20110614,28.2,28.2,28.2,28.2,3
CAMLIN,20110614,73.9,74.5,73.25,74,170968
CANBK,20110614,521.1,530.9,517.6,519.55,650773
CANDC,20110614,93.7,93.7,90.7,91.45,20843
CANFINHOME,20110614,108.5,110.7,108.5,108.75,6652
CANTABIL,20110614,35.9,37.45,35.85,36.75,54872
CARBORUNIV,20110614,267,273.5,262.1,272.5,9033
CAROLINFO,20110614,176,179.45,173.1,175.85,3165
CASTROL,20110614,499.9,518.85,491.3,510.2,171061
CCCL,20110614,34.9,36,34.5,34.8,27496
CCL,20110614,212.3,215.35,210.7,212.4,3787
CEATLTD,20110614,99.5,99.65,97.5,98,23241
CELEBRITY,20110614,10.35,10.7,9.9,10.45,16097
CELESTIAL,20110614,31.85,37.45,31.85,36.05,323084
CENTENKA,20110614,202.95,206.4,201.55,202.25,29764
CENTRALBK,20110614,117.9,120,117.5,119.3,722282
CENTUM,20110614,95.75,95.75,92.25,92.35,1618
CENTURYPLY,20110614,65.4,66.8,65.4,65.9,10389
CENTURYTEX,20110614,353,353.7,345.25,349.2,415914
CERA,20110614,215.05,217.8,204.2,207.45,34481
CESC,20110614,289.95,292.8,285.05,287.75,146954
CHAMBLFERT,20110614,80.5,81.8,80.4,81.1,1358964
CHEMFALKAL,20110614,48.25,48.25,46.5,47.35,1774
CHEMPLAST,20110614,7.4,7.5,7.15,7.35,77319
CHENNPETRO,20110614,228.5,229.2,226.75,227.65,79720
CHESLINTEX,20110614,12.5,13.8,12.5,13.8,2348
CHETTINAD,20110614,448,448,428.95,442.65,319
CHOLAFIN,20110614,154.1,157,154.1,155,14878
CILNOVA,20110614,15.5,17.25,15,16.3,10349
CINEMAX,20110614,37.5,37.55,36.5,36.8,19518
CINEVISTA,20110614,3.8,3.8,3.6,3.7,1825
CIPLA,20110614,340,340.95,334.3,335.4,1341901
CLASSIC,20110614,12.15,12.8,12.1,12.35,2292
CLNINDIA,20110614,747,758.65,744.5,754.45,5709
CLUTCHAUTO,20110614,61.95,62,55.9,56.35,261466
CMAHENDRA,20110614,255,255,251,252.85,94687
CMC,20110614,1265.05,1273,1232.65,1243.55,8080
COALINDIA,20110614,398.2,402.5,392.2,394.7,2432283
COLPAL,20110614,897.4,914,890,909.45,76372
COMPUAGE,20110614,107,129.5,105.25,128.8,56257
CONCOR,20110614,1111.35,1147.95,1095,1102.2,113306
CONSOFINVT,20110614,70.9,73.9,69.1,72.8,57281
CORAL-HUB,20110614,6.25,6.75,6.25,6.6,6501
CORDSCABLE,20110614,35.5,35.5,34.45,34.75,4794
COREPROTEC,20110614,286.8,288.8,284.5,284.5,28332
COROMANDEL,20110614,345,350,340.5,346.55,248151
CORPBANK,20110614,541.75,541.75,538,539.4,51077
COSMOFILMS,20110614,106.5,108.35,106,107.5,27211
COX&KINGS,20110614,429.35,435,420.5,429.85,250466
CPIL,20110614,330,345,330,339.5,51263
CREATIVEYE,20110614,5.6,5.8,5.5,5.8,205
CRESTANI,20110614,54.2,56,54,54.25,22048
CREWBOS,20110614,101.3,105.4,99.05,101.9,141583
CRISIL,20110614,7000,7025,6960,6979.95,503
CROMPGREAV,20110614,270.8,278,267.4,274.25,433050
CRONIMET,20110614,140,145.45,140,140.3,16976
CTE,20110614,10.7,10.75,10.5,10.75,2172
CUB,20110614,45.6,45.7,45,45.05,143907
CUMMINSIND,20110614,688.95,688.95,680.05,682.85,186461
CYBERTECH,20110614,13.85,13.95,13.8,13.8,3360
DAAWAT,20110614,50.55,52.1,50.4,51.55,28126
DABUR,20110614,113.3,114.6,112.55,113,974496
DALMIABEL,20110614,151.2,152.5,150.2,152.1,3702
DALMIASUG,20110614,19,19.1,18.6,18.8,39397
DATAMATICS,20110614,28,28.4,27.5,28.2,2933
DBCORP,20110614,233.9,233.9,230.05,232.1,1958
DBREALTY,20110614,76.5,77.8,71.65,74.75,1109199
DCB,20110614,62.55,63.25,61.85,62.05,4609649
DCHL,20110614,64.55,64.6,63.55,64,1846982
DCM,20110614,83.5,85.3,83.25,84.65,48780
DCMSRMCONS,20110614,44.95,44.95,43.8,44,1920
DCW,20110614,11.1,11.7,11.1,11.3,116937
DECCANCE,20110614,146,146,142.05,142.05,132
DEEPAKFERT,20110614,172.65,176.35,171.2,174.5,44389
DEEPAKNTR,20110614,179.4,179.4,179.4,179.4,25
DEEPIND,20110614,57.15,64.8,57.15,62.7,493312
DELTACORP,20110614,100.3,102.2,98.35,99.25,11519820
DELTAMAGNT,20110614,35.3,35.3,35.3,35.3,10
DEN,20110614,98.65,98.65,96,96.9,9526
DENABANK,20110614,92.95,92.95,91.4,91.9,1041089
DENORA,20110614,82.25,82.7,81.5,81.65,797
DENSO,20110614,70.2,70.2,68.6,68.75,1590
DEWANHOUS,20110614,224.65,228,221.4,221.55,126009
DHAMPURSUG,20110614,55.25,55.85,54.65,55.05,63838
DHANBANK,20110614,120,120,117.5,117.75,299680
DHARSUGAR,20110614,34.5,34.5,34.05,34.35,2438
DIAPOWER,20110614,165,165,162,163.35,15971
DICIND,20110614,264.3,278.5,264.3,265.55,6342
DIGJAM,20110614,12.35,13.15,12.35,12.65,96903
DISHMAN,20110614,100,100.15,97,97.5,66362
DISHTV,20110614,82.25,84.7,80.9,84,6075465
DIVISLAB,20110614,804.95,806,788,794.45,206378
DLF,20110614,231,234.5,228.7,232.05,3061011
DLINKINDIA,20110614,28.55,29.05,28.4,28.4,16105
DOLPHINOFF,20110614,138,143,133.5,135.2,198936
DPSCLTD,20110614,2000,2010,1970,1984.3,249
DPTL,20110614,142.05,157,142.05,153.15,3569
DREDGECORP,20110614,328.5,336.9,328.5,332.05,16739
DRREDDY,20110614,1545,1579.9,1545,1554.9,522777
DSKULKARNI,20110614,58.1,59.65,57.85,59.2,47305
DUNCANSIND,20110614,15.75,16.25,15.1,16.05,91770
DWARKESH,20110614,69.8,70,68.75,69.05,6714
DYNAMATECH,20110614,1325,1419,1302.1,1406.05,1622
DYNASYS,20110614,0.85,0.85,0.8,0.8,27279
EASUNREYRL,20110614,80.5,82.7,79,79.25,17803
ECLERX,20110614,815,824.45,792.25,798.7,173083
EDELWEISS,20110614,34.8,35.2,34.35,34.8,1291891
EDL,20110614,99.75,101.3,99.55,100.6,3039
EDSERV,20110614,131.15,138,131,134.85,252458
EDUCOMP,20110614,432.05,436.9,428.35,431.3,477301
EICHERMOT,20110614,1329.8,1329.8,1307,1314.55,15190
EIDPARRY,20110614,228.75,231.9,226.8,227.75,39733
EIHAHOTELS,20110614,141,144,137,141.5,3371
EIHOTEL,20110614,86.5,87.4,85.85,86.25,53969
EIMCOELECO,20110614,242.75,242.75,232.35,234.65,679
EKC,20110614,91.9,94.95,91.7,94.4,799714
ELDERPHARM,20110614,366,366,361.3,362.6,41699
ELECON,20110614,70,70.75,69.15,69.45,37897
ELECTCAST,20110614,30.05,30.1,29.8,29.95,83445
ELECTHERM,20110614,174.05,177,172.75,173.9,1830
ELFORGE,20110614,13.05,13.3,13,13.3,708
ELGIEQUIP,20110614,82,83,81,81.45,27975
ELNET,20110614,37.1,39,37,37.95,701
EMAMIINFRA,20110614,31,31.55,30.55,31.25,23744
EMAMILTD,20110614,434.9,449,432,447,44169
EMCO,20110614,52.75,53,50.35,50.55,94841
EMKAY,20110614,50.55,51.45,49.5,49.75,1805
EMMBI,20110614,13.1,13.55,13.05,13.15,7345
EMPEESUG,20110614,26,27,25.2,25.6,20249
ENERGYDEV,20110614,34.2,35,34,35,3218
ENGINERSIN,20110614,284,286.3,282,284.15,62559
ENIL,20110614,243.6,255,243.6,253.35,22695
ENTEGRA,20110614,23.55,24.25,23.55,23.95,15140
ERAINFRA,20110614,173.05,174.65,172.4,172.75,190083
EROSMEDIA,20110614,156.5,171.55,156.5,169.65,1511845
ESABINDIA,20110614,483.25,516.8,483.05,505,18463
ESCORTS,20110614,119.6,119.6,114.75,115.3,1057103
ESL,20110614,9.1,9.1,8.95,8.95,196980
ESSAROIL,20110614,126.5,127.7,125,127,571232
ESSARPORTS,20110614,106.05,116.65,103.95,115.5,320641
ESSDEE,20110614,387,394.4,381.25,387.6,29571
ESSELPACK,20110614,43.25,44.2,43.05,43.45,204744
EUROCERA,20110614,26,26,25.05,25.05,367
EUROMULTI,20110614,11.5,12.25,11.5,12,5316
EUROTEXIND,20110614,24,24.2,24,24,247
EVEREADY,20110614,42.8,42.8,40.85,41.05,81115
EVERESTIND,20110614,159.9,159.9,154.55,155.95,19652
EVERONN,20110614,546.7,552.1,543,545.7,116450
EVINIX,20110614,1.05,1.05,0.95,1,204478
EXCELCROP,20110614,165,165,159.5,160.35,11663
EXCELINDUS,20110614,78.95,81,78.7,80.35,1359
EXCELINFO,20110614,26.35,26.85,26.1,26.25,23926
EXIDEIND,20110614,157.35,157.9,154.1,156.7,687544
FACT,20110614,40.5,40.7,39.85,40.15,19244
FAGBEARING,20110614,1119.8,1134,1110,1128.85,2033
FARMAXIND,20110614,3.9,4,3.9,3.95,105356
FCH,20110614,136.95,139,136.5,137.15,22714
FCSSOFT,20110614,1,1,0.95,1,878534
FDC,20110614,98.55,102,98.5,100.8,37757
FEDDERLOYD,20110614,74.2,75.6,74.2,74.5,3214
FEDERALBNK,20110614,459.9,462,454.6,458.65,222527
FIEMIND,20110614,155.75,155.75,154,154,3115
FINANTECH,20110614,835.55,848.8,830,834.4,139775
FINCABLES,20110614,47.35,48.9,47.35,48.5,69701
FINPIPE,20110614,82.7,82.7,80.2,81.55,40798
FIRSTLEASE,20110614,106.7,107.85,99.15,100.75,1490063
FIRSTWIN,20110614,16.05,16.8,16.05,16.3,2894
FKONCO,20110614,133.7,145.5,132.3,141.9,1137714
FMGOETZE,20110614,254.15,257.2,250.5,253.95,2066
FORTIS,20110614,163.05,164,162.15,163.15,92886
FOSECOIND,20110614,580,623.9,571.05,581.65,39898
FOURSOFT,20110614,14.15,14.8,14.15,14.5,10683
FSL,20110614,18.45,18.7,18.2,18.35,1313324
FTCSF5YGRO,20110614,12.8,12.8,12.8,12.8,25
FUTUREVENT,20110614,9.2,9.3,9.15,9.25,1201070
GABRIEL,20110614,48,51.85,48,50.1,298931
GAEL,20110614,30,30.6,29.85,30.4,33003
GAIL,20110614,452,455.9,447.55,451.35,919915
GAL,20110614,13.4,13.9,13.4,13.7,7537
GALLANTT,20110614,17.5,17.5,16.85,17.1,21539
GALLISPAT,20110614,90,91.25,80,90.2,110796
GAMMNINFRA,20110614,16.65,16.9,16.4,16.5,75062
GAMMONIND,20110614,98.85,98.85,97.8,98.35,25262
GANDHITUBE,20110614,121.3,123.55,120,120,369
GANESHHOUC,20110614,127.35,130,124,128.7,15293
GANGOTRI,20110614,6.6,6.6,6.3,6.4,2996
GARDENSILK,20110614,98,100.95,97.25,99.15,20913
GARWALLROP,20110614,62.9,64.1,62.85,63.8,7082
GATI,20110614,61.25,63.45,61.25,61.7,107338
GDL,20110614,127.15,129.4,124.5,126.3,132393
GEECEE,20110614,41.15,41.15,41.1,41.15,120
GEINDSYS,20110614,188,188,185.1,186.25,3024
GEMINI,20110614,21.5,21.8,20.2,20.8,31964
GENESYS,20110614,241,245.95,241,244.3,32770
GENUSPOWER,20110614,15.65,16.15,15.65,15.85,51348
GEODESIC,20110614,80.4,81.35,80.05,80.5,98379
GEOJITBNPP,20110614,24,24.25,23.6,23.7,70970
GEOMETRIC,20110614,58.9,58.95,58.1,58.2,19897
GESHIP,20110614,290.95,290.95,282.15,286,70683
GHCL,20110614,39.75,39.9,39,39.75,25510
GICHSGFIN,20110614,108,110.15,106.9,107.3,192140
GILLANDERS,20110614,106.2,109.8,104.3,105.9,11311
GILLETTE,20110614,1911,1951.5,1911,1939.35,2149
GINNIFILA,20110614,10.4,10.6,10.15,10.35,12229
GIPCL,20110614,82.9,83.4,81.1,83.05,4937
GISOLUTION,20110614,14.4,14.4,13.95,13.95,255
GITANJALI,20110614,295,301.6,293.1,298.5,2862696
GKB,20110614,40.35,41,40,40.9,260
GKWLIMITED,20110614,492.1,500,492.1,500,32
GLAXO,20110614,2435,2478,2421,2434.45,30427
GLENMARK,20110614,314,316.95,310.15,313.55,387608
GLFL,20110614,3.3,3.9,3.3,3.75,1261
GLOBALVECT,20110614,24.35,24.35,23.3,23.65,1157
GLOBOFFS,20110614,123,125,122,123.05,251
GLOBUSSPR,20110614,147,150.4,144.05,150.05,19848
GLODYNE,20110614,377,389.75,373.35,376.1,68833
GLORY,20110614,4.1,4.2,4.1,4.15,458526
GMBREW,20110614,103.05,104.9,103.05,104.65,484
GMDCLTD,20110614,146.8,146.8,144.35,145.35,169324
GMRINFRA,20110614,32.4,33.15,31.9,33,2955582
GNFC,20110614,99.5,102.4,99.5,100.15,127753
GOACARBON,20110614,85,85,84.1,84.9,947
GODFRYPHLP,20110614,2070,2274.95,2070,2172.6,3246
GODREJCP,20110614,445,446.55,416.2,437.15,942615
GODREJIND,20110614,182.9,190.9,182.05,190.3,599799
GODREJPROP,20110614,663.75,669,657.5,660.5,3133
GOENKA,20110614,59.75,61.95,58.95,59.5,12480
GOKUL,20110614,91,93.45,87.5,90.85,121102
GOLDBEES,20110614,2160,2160,2150,2151.25,35838
GOLDENTOBC,20110614,73.85,73.85,72.65,73.75,8738
GOLDIAM,20110614,33.75,35.75,33.75,35.6,5409
GOLDINFRA,20110614,19.3,19.3,19,19.15,3949
GOLDSHARE,20110614,2159.95,2165,2152,2154,6755
GOLDTECH,20110614,7.85,8.05,7.85,7.95,15492
GPIL,20110614,170,173.65,169.8,170.05,30082
GPPL,20110614,66.6,68.1,66.1,66.45,113576
GRABALALK,20110614,28.45,28.95,28,28.95,945
GRANULES,20110614,87.3,88.2,87.3,88.2,1269
GRAPHITE,20110614,91.15,94.2,91.15,92.7,181497
GRASIM,20110614,2230,2252,2211.25,2224.75,31273
GRAVITA,20110614,370.05,373,362.05,364.2,58641
GREAVESCOT,20110614,87.3,89.45,86.2,86.95,25111
GREENPLY,20110614,202.8,202.8,192.4,193.1,2426
GREENPOWER,20110614,21,21.4,20.5,20.55,169073
GRINDWELL,20110614,239.75,244,239.75,243.3,4890
GRUH,20110614,435,438.95,426.05,427.25,26417
GSFC,20110614,356,356,347.5,355,48432
GSKCONS,20110614,2486.95,2509.9,2465.05,2473.2,9914
GSLNOVA,20110614,3.8,3.8,3.6,3.6,1713
GSPL,20110614,97.95,97.95,96.2,97.15,982133
GSSAMERICA,20110614,184.7,187.2,181.05,182.7,164278
GTL,20110614,410.9,410.9,407.6,408.6,3414
GTLINFRA,20110614,32.2,32.6,32.15,32.25,84256
GTNIND,20110614,19,19,17,17,452
GTNTEX,20110614,16.25,16.3,16.05,16.3,1001
GTOFFSHORE,20110614,232,234.7,230.25,231.6,22939
GUFICBIO,20110614,7.35,8.4,7.35,8.1,15780
GUJALKALI,20110614,137.5,138.9,136.6,137.5,24608
GUJAPOLLO,20110614,135.1,138.95,135.1,138.75,622
GUJFLUORO,20110614,344,351,341.4,344.7,20111
GUJNRECOKE,20110614,48.65,49.4,48,48.5,624489
GUJNREDVR,20110614,23.25,23.75,23.25,23.45,25964
GUJRATGAS,20110614,377.45,394.8,377.45,388.85,24707
GULFOILCOR,20110614,89.6,90,87.35,88.8,82179
GVKPIL,20110614,22.4,22.4,22.1,22.15,3524022
HALONIX,20110614,81.6,81.65,77,77.5,2286
HANUNG,20110614,162.4,164,159,159.7,237897
HARITASEAT,20110614,71.95,72.25,66.15,69.9,321
HARRMALAYA,20110614,77.4,78.8,77,77.3,32739
HATHWAY,20110614,113.9,116.4,112.05,114.7,42125
HAVELLS,20110614,427.5,443.25,420.35,440.8,817090
HBLPOWER,20110614,18.8,19.6,18.55,19.1,39553
HBSTOCK,20110614,13.05,14,13.05,13.6,964
HCC,20110614,33.6,33.9,33.05,33.5,3292453
HCIL,20110614,39,40.25,38.5,39.55,24175
HCL-INSYS,20110614,96.3,96.5,95,95.05,100423
HCLTECH,20110614,504,509.3,502.1,507.6,302309
HDFC,20110614,648,655.65,643.5,648.4,2835239
HDFCBANK,20110614,2378,2398,2365.5,2382.5,621660
HDFCMFGETF,20110614,2212.8,2212.8,2197.1,2202.2,1936
HDIL,20110614,175.1,178.4,173.3,174.55,3508391
HEG,20110614,251.8,258.75,249.3,253.9,341538
HEIDELBERG,20110614,41.9,41.9,40.7,40.75,23220
HELIOSMATH,20110614,33.55,34.4,33.35,33.45,8714
HERCULES,20110614,235.3,248.5,235.3,245.45,31158
HERITGFOOD,20110614,194.75,204,194.75,201.15,1135
HEROHONDA,20110614,1735,1756.6,1731.15,1736.15,222867
HEXAWARE,20110614,72.1,72.4,70.55,71.2,669764
HFCL,20110614,20.3,20.45,19.35,19.5,3415761
HGSL,20110614,397.75,403,396,396.2,821
HIKAL,20110614,296.2,305,295.6,298.15,2751
HILTON,20110614,16.15,16.8,15.7,16.55,4375
HIMATSEIDE,20110614,34.15,34.7,34,34.45,29078
HINDALCO,20110614,181,181.8,176.25,176.75,10126516
HINDCOMPOS,20110614,484.45,485,480.5,482.75,48
HINDCOPPER,20110614,278,285.8,277.6,279.4,119956
HINDDORROL,20110614,62.8,69.9,58.55,58.8,101435
HINDMOTORS,20110614,18.25,18.35,17.8,17.9,214332
HINDNATGLS,20110614,206,206,197.5,198.3,444
HINDOILEXP,20110614,193,196.85,192.1,193.9,753194
HINDPETRO,20110614,374.05,379,369,370.95,424036
HINDUJAFO,20110614,76,76,73.35,74.5,46
HINDUJAVEN,20110614,292.05,299,285.6,288.7,10065
HINDUNILVR,20110614,313.6,318.2,313.6,315.35,1805807
HINDZINC,20110614,139.8,139.8,134.5,134.75,645401
HIRECT,20110614,50,51,49.3,49.75,5961
HITACHIHOM,20110614,200.75,207.9,199.55,203.7,70241
HITECHGEAR,20110614,110.1,115.5,110.1,111.8,1431
HITECHPLAS,20110614,95,96,92.2,93.5,750
HMT,20110614,58.6,62.8,58.25,61.6,1047202
HMVL,20110614,145.8,147,143.05,144.95,2805
HNGSNGBEES,20110614,1369.94,1370,1340.1,1346.85,12
HOCL,20110614,34,35.75,34,35.1,82004
HONAUT,20110614,2550,2625,2470.1,2553.65,3548
HONDAPOWER,20110614,414.95,414.95,393.05,406.1,432
HOTELEELA,20110614,39.05,39.5,38.5,38.75,104394
HOTELRUGBY,20110614,9.8,10.2,9.8,10.2,7250
HOVS,20110614,86,87.25,86,86.9,3911
HSIL,20110614,170,174.4,170,173.6,150359
HTMEDIA,20110614,161.5,164.75,158.75,163.6,18213
HYDRBADIND,20110614,412,415,393.1,398.85,175876
HYDROS&S,20110614,23,23,22.65,23,620
IBN18,20110614,83.5,84.7,83,83.5,19076
IBPOW,20110614,20,20.4,19.6,19.95,192052
IBREALEST,20110614,115.55,116.8,114.15,116.3,1881035
IBSEC,20110614,14.45,14.6,14.25,14.35,207445
ICICIBANK,20110614,1041,1057.45,1041,1055.55,2474880
ICIL,20110614,13,14,12.55,13.1,980
ICRA,20110614,1059.95,1069.55,1049.95,1063.65,1173
ICSA,20110614,113.35,114,111.7,112.1,35213
IDBI,20110614,131.9,132.75,130.65,131.6,1315078
IDEA,20110614,73.1,74,72.15,73.3,14062498
IDFC,20110614,133.3,133.3,128.55,129.6,9360837
IFBAGRO,20110614,86,86,80.3,81.05,21050
IFBIND,20110614,116.3,123.5,116.25,120,33808
IFCI,20110614,47.65,49.3,47.65,49.05,12839633
IFGLREFRAC,20110614,33.6,34,33.5,33.5,2955
IGARASHI,20110614,50.15,51.4,50.15,50.35,766
IGL,20110614,355,375.8,351.2,370.15,1417136
IGPL,20110614,27.5,27.9,27.1,27.85,1469
IL&FSENGG,20110614,164.8,164.8,159,160.4,22388
IL&FSTRANS,20110614,210,214.25,207,208.15,43735
IMPEXFERRO,20110614,10.05,10.6,10.05,10.3,1050
INDBANK,20110614,11.4,11.4,10.85,10.95,33461
INDHOTEL,20110614,79.5,80.3,79.25,79.6,660689
INDIABULLS,20110614,158.7,161.25,158,158.7,348944
INDIACEM,20110614,84.25,84.3,83,83.5,201480
INDIAGLYCO,20110614,113.5,119.75,113.5,118.7,100799
INDIAINFO,20110614,82.75,86,82.75,84.95,1474639
INDIANB,20110614,216.25,221,212.3,219.85,135229
INDIANCARD,20110614,108.05,111.3,108,110.5,1714
INDIANHUME,20110614,129,135.9,128.6,132.1,2032
INDLMETER,20110614,90,92.8,88.05,88.05,1978
INDNIPPON,20110614,262,262,258,260.55,1341
INDOASIFU,20110614,81,81,77.65,79.8,15718
INDOCO,20110614,418,428.9,412,419.6,3944
INDORAMA,20110614,44.4,48.5,44.4,46.55,116993
INDOSOLAR,20110614,16,16.25,15.8,15.9,105373
INDOTECH,20110614,143,146.8,141.5,144.55,16471
INDOWIND,20110614,21.3,21.85,21.15,21.65,51134
INDRAMEDCO,20110614,35.45,36.65,35.45,36.3,13384
INDSWFTLAB,20110614,97.3,98.85,97,97.8,26275
INDSWFTLTD,20110614,30.4,32,30.4,31.6,4237
INDTERRAIN,20110614,157.7,158.15,145.5,150.6,32046
INDUSFILA,20110614,22.55,23.35,22.55,22.6,311
INDUSINDBK,20110614,262.1,265.6,256.1,262.3,759123
INEABS,20110614,682.15,696.5,650.1,659.65,44397
INFINITE,20110614,137.9,137.9,131.25,132.95,25428
INFODRIVE,20110614,13.75,14.1,12.55,14,16534
INFOMEDIA,20110614,18.65,19.2,18.65,18.85,7230
INFOSYSTCH,20110614,2877.8,2883.5,2864.75,2872.3,983763
INFOTECENT,20110614,142.5,143.75,136.5,141.1,56374
INFRABEES,20110614,302,302,299.5,302,52
INGERRAND,20110614,484.8,487,479,481.05,6124
INGVYSYABK,20110614,346.9,358.15,339,340.95,151743
INNOIND,20110614,95.6,97,94.5,96.1,61793
INOXLEISUR,20110614,45.7,46.05,44.95,45.05,49886
INSECTICID,20110614,316,336.5,315.35,334.05,372884
IOB,20110614,144.3,145,142.1,144.6,302576
IOC,20110614,325.1,325.85,321.05,323,437542
IOLCP,20110614,36.3,36.3,36.15,36.15,602
IPCALAB,20110614,344,350.7,344,347.95,66810
IPGETF,20110614,2225,2225,2207,2209.5,298
IPRINGLTD,20110614,81.05,84.9,79.45,82.1,1018
IRB,20110614,176.9,178.8,172.9,173.7,1936095
ISFT,20110614,65,66,64.05,65,633
ISMTLTD,20110614,40.95,41.35,40.2,40.45,27918
ISPATIND,20110614,21,21.2,20.7,20.75,1787803
ITC,20110614,190.9,194.4,190.9,193.85,4116388
ITDCEM,20110614,163.85,163.9,158.45,160,8819
ITI,20110614,32.6,33.9,32.5,33.45,503001
IVC,20110614,34,34.7,33.2,33.95,34812
IVRCLAH,20110614,52.95,52.95,51,51.05,18056
IVRCLINFRA,20110614,78.2,78.9,76.5,77.25,3441580
J&KBANK,20110614,839.8,850,830.25,835.4,61691
JAGRAN,20110614,124.1,126.9,124.1,125.2,151720
JAGSNPHARM,20110614,15.25,15.55,15,15.25,2507
JAIBALAJI,20110614,190.65,196.4,189,193.35,98505
JAICORPLTD,20110614,131,133.8,128,128.7,864392
JAMNAAUTO,20110614,126,129.5,126,127.25,2812
JAYAGROGN,20110614,83,83.8,82.3,82.7,3414
JAYBARMARU,20110614,80,82.5,79.5,79.5,1780
JAYNECOIND,20110614,23.2,23.8,23.1,23.25,23822
JAYSREETEA,20110614,166.5,168.8,164.65,166.35,33764
JBCHEPHARM,20110614,132.55,133.7,127.35,128.5,208263
JBFIND,20110614,166,167,165.3,165.9,53834
JBMA,20110614,74.5,75.15,74.25,75,3452
JENSONICOL,20110614,5.65,5.85,5.4,5.4,75643
JETAIRWAYS,20110614,452.3,456.5,446,448.1,382406
JHS,20110614,63.45,66,62.6,63.3,29196
JIKIND,20110614,7.65,8.1,6.5,7.95,9443
JINDALPHOT,20110614,159,190,158,183.9,3744565
JINDALPOLY,20110614,329.75,350,328.1,342.55,1476915
JINDALSAW,20110614,159,165,158.15,164,419097
JINDALSTEL,20110614,629,646.1,629,643.9,590322
JINDALSWHL,20110614,1020,1049.4,1013.55,1026.35,50710
JINDCOT,20110614,109.1,114.8,107.4,109.55,225007
JINDRILL,20110614,443.2,486.75,443.2,471.25,297269
JINDWORLD,20110614,190,227.5,188.5,225.5,146833
JISLJALEQS,20110614,154.9,156.3,151.5,152.95,1839163
JKCEMENT,20110614,112.8,112.8,106,106.5,11660
JKIL,20110614,138,141.8,138,139.15,2552
JKLAKSHMI,20110614,45.85,46.55,45.45,45.6,42515
JKPAPER,20110614,48.15,48.7,47.6,47.9,58851
JKTYRE,20110614,98,99.15,98,98.15,12032
JMCPROJECT,20110614,148.4,154.85,148.4,149.95,1460
JMFINANCIL,20110614,24.35,24.9,24.25,24.5,395342
JMTAUTOLTD,20110614,68.6,71.9,68.6,71.9,1000
JOCIL,20110614,272.9,272.9,264.6,266.8,1887
JPASSOCIAT,20110614,84.8,85.1,83.7,84.3,7057100
JPINFRATEC,20110614,53.3,54.2,52.3,52.5,84108
JPPOWER,20110614,51.35,51.7,49.85,50.15,766416
JSL,20110614,106,109.4,105,108.05,200070
JSWENERGY,20110614,70.25,71.4,69.8,70.85,537407
JSWSTEEL,20110614,890,900.85,879.25,890.05,603579
JUBILANT,20110614,166.1,169.8,165.6,166.25,54836
JUBLFOOD,20110614,788.4,826,786,817.05,1629038
JUBLINDS,20110614,177,183,175.45,179.5,37359
JUMBO,20110614,19,20,19,19.75,4438
JUNIORBEES,20110614,113.75,113.75,111.95,111.99,26389
JUPITER,20110614,22.55,22.6,22.2,22.25,114448
JYOTHYLAB,20110614,206,206,200.05,201.3,121957
JYOTISTRUC,20110614,90.2,92,89.1,89.5,109459
KABRAEXTRU,20110614,54.7,55,53.7,54.25,2210
KAJARIACER,20110614,89.35,91.35,88.8,89.35,68839
KAKATCEM,20110614,69.55,73.45,69.55,72.4,722
KALECONSUL,20110614,79.65,79.65,78,78,3406
KALINDEE,20110614,106.75,108.75,106.75,107.25,105398
KALPATPOWR,20110614,123.9,126,123.65,125.45,45892
KAMATHOTEL,20110614,98.55,98.55,95.15,95.9,14972
KANDAGIRI,20110614,80,95.5,80,85.5,32
KANORICHEM,20110614,50,50.7,49.8,50.55,53214
KANSAINER,20110614,873,889.9,859.95,883.05,1848
KARURKCP,20110614,38,40.45,38,38.55,301
KARURVYSYA,20110614,412,413.9,410.55,412.1,25645
KAUSHALYA,20110614,10,10.5,10,10.3,8986
KAVVERITEL,20110614,154.7,154.7,148.6,149.7,107212
KBIL,20110614,545,573.95,539,540.1,45
KCP,20110614,25,25.3,24.95,25.15,4346
KCPSUGIND,20110614,15.75,15.85,15.55,15.6,19912
KEC,20110614,81.2,82,78.75,79.5,339791
KECL,20110614,44.05,44.8,43.8,44.4,3248
KEI,20110614,22.35,23.4,22.35,23.2,114017
KEMROCK,20110614,519,526.8,516.1,518.8,4662
KERNEX,20110614,98.2,101.8,98.2,100.1,43004
KESARENT,20110614,47.95,48.5,47.8,48.5,242
KESORAMIND,20110614,188.9,189.4,184.05,188,10818
KFA,20110614,41.5,41.95,41,41.35,753770
KGL,20110614,13.15,13.3,12.9,12.95,756406
KHAITANELE,20110614,110,114.5,110,112.15,16235
KHANDSE,20110614,19.45,19.45,17.7,17.7,1002
KICL,20110614,770,770,740,742.55,197
KIL,20110614,18.7,18.9,18.3,18.35,3891
KILITCH,20110614,58,58,56.7,56.95,1151
KIRIINDUS,20110614,220.2,238.9,220,229.4,109969
KIRLOSBROS,20110614,146,150,145.1,148.35,8973
KIRLOSENG,20110614,124.45,125,123.5,123.75,46781
KIRLOSIND,20110614,309,309,294,294.15,1028
KITPLYIND,20110614,3.8,3.85,3.05,3.75,47470
KKCL,20110614,600,605,585.05,599.7,5591
KLGSYSTEL,20110614,54.7,56.55,53.45,54.55,86709
KMSUGAR,20110614,3.25,3.6,3.25,3.5,3046
KNRCON,20110614,111,116.9,111,115.75,116687
KOHINOOR,20110614,50.7,52.5,50.5,51.5,63818
KOLTEPATIL,20110614,48.25,53,48.25,50.25,309687
KOPRAN,20110614,23.9,24.2,23.25,23.35,19960
KOTAKBANK,20110614,444.15,451.9,444.15,447.95,4716206
KOTAKGOLD,20110614,2155.95,2157.85,2146.1,2149.4,64634
KOTAKNIFTY,20110614,558,560,555,560,57
KOTAKPSUBK,20110614,398,404.96,395,399.3,3998
KOTARISUG,20110614,6.25,6.4,6.25,6.4,20282
KOTHARIPET,20110614,7.35,7.8,7.35,7.8,1994
KOTHARIPRO,20110614,431,456,430,433.85,6980
KOUTONS,20110614,29.9,29.9,29,29.2,60868
KPIT,20110614,166.05,173.9,166.05,171.55,117790
KPRMILL,20110614,133,136.9,133,135,4103
KRBL,20110614,27.7,27.7,27.2,27.3,400693
KSBPUMPS,20110614,230.05,237.4,230.05,235.35,1991
KSCL,20110614,413.7,413.7,397.7,400.9,34211
KSE,20110614,201.05,209.85,201,203.45,573
KSERASERA,20110614,11.3,11.3,11.25,11.25,110313
KSK,20110614,114.35,115.45,114.35,114.95,19092
KSL,20110614,78.3,79.4,77.15,77.7,13285
KSOILS,20110614,24.6,25.1,24.3,24.45,2682305
KTIL,20110614,80,80,77.05,77.05,255
KTKBANK,20110614,129,129.9,126,126.5,2293923
KWALITY,20110614,113.05,116.4,113.05,115.9,493846
LAKPRE,20110614,47.1,49.4,47.1,49.3,384
LAKSHMIEFL,20110614,44,44.6,43.25,43.45,45178
LAKSHMIMIL,20110614,1790,1944,1790,1839.35,124
LAKSHVILAS,20110614,124,124.6,120.5,121.15,92925
LANCOIN,20110614,37.4,37.9,37.3,37.6,8468
LAOPALA,20110614,68.5,77.6,68.5,76.45,10838
LAXMIMACH,20110614,2106,2159.95,2100.55,2106.5,4498
LCCINFOTEC,20110614,0.7,0.7,0.65,0.7,13236
LGBBROSLTD,20110614,275,276.5,273.1,274.1,2456
LGBFORGE,20110614,3.1,3.1,2.8,2.9,2450
LIBERTSHOE,20110614,91,105.8,90,102.2,1502438
LICHSGFIN,20110614,227.05,228.25,224.8,225.5,2264622
LIQUIDBEES,20110614,1000,1000.01,999.99,999.99,105166
LITL,20110614,31.05,31.25,30.55,30.65,11157591
LLOYDELENG,20110614,54.4,55.45,54.1,54.7,14665
LLOYDSTEEL,20110614,19.4,19.45,18.7,18.85,1282659
LML,20110614,9.2,10.4,9.15,9.95,417416
LOGIXMICRO,20110614,19.3,19.3,18,18.35,2082
LOKESHMACH,20110614,42.8,42.8,42.1,42.75,1007
LOVABLE,20110614,397.35,416.65,384,412.65,5008927
LT,20110614,1710.15,1733.7,1710.15,1727.45,788672
LUMAXIND,20110614,342.05,349.95,342.05,345.15,2530
LUMAXTECH,20110614,171,172.8,169,169.75,1449
LUPIN,20110614,434.35,442,433.1,439.45,848060
LYKALABS,20110614,21.3,21.5,21.15,21.15,27659
M&M,20110614,665.1,675.9,665.1,671.65,1166288
M&MFIN,20110614,655.7,659.5,627.5,633.2,155361
M100,20110614,7.95,7.98,7.81,7.9,314848
M50,20110614,74.5,74.5,72.13,72.49,20084
MAANALU,20110614,60,62.75,58.8,59.7,5382
MADHAV,20110614,17.7,18,17.05,17.25,6368
MADHUCON,20110614,92.2,93.4,89.6,90.2,35253
MADRASCEM,20110614,89.45,90.25,88.3,88.8,31774
MADRASFERT,20110614,27.4,27.45,26.8,27,107100
MAGMA,20110614,72.1,73.5,72.1,72.35,70239
MAGNUM,20110614,6.15,6.3,6,6.05,3051
MAHABANK,20110614,59.5,59.5,59,59.2,85941
MAHINDFORG,20110614,73.9,73.95,72.45,73.15,8472
MAHINDUGIN,20110614,50.2,52.75,49.85,50,17550
MAHLIFE,20110614,360.05,368,358.25,361.15,2928
MAHSCOOTER,20110614,360,360,360,360,155
MAHSEAMLES,20110614,385,385,363.95,375.5,18320
MALWACOTT,20110614,41.8,43.4,40.05,42.4,21753
MANAKSIA,20110614,75,75,73.2,73.7,7804
MANALIPETC,20110614,14.75,14.9,14.35,14.45,194091
MANAPPURAM,20110614,57.45,58.5,56.05,56.65,2209139
MANDHANA,20110614,181.15,190.45,180,182.85,103920
MANGALAM,20110614,14.2,14.25,13,13,4164
MANGCHEFER,20110614,31.8,32.75,31.5,31.9,151879
MANGLMCEM,20110614,114,115.95,113,113.45,12354
MANGTIMBER,20110614,17.9,18.15,17.75,17.75,822
MANINDS,20110614,128.2,128.2,125.95,126.95,25492
MANINFRA,20110614,131.5,133.7,130.1,130.7,4519
MANJEERA,20110614,114.4,114.4,114.4,114.4,100
MANJUSHREE,20110614,81,81,76,77.95,5203
MANUGRAPH,20110614,50.5,51.25,50.5,50.5,4672
MARALOVER,20110614,13.9,13.9,13.7,13.7,4526
MARG,20110614,99.9,102.3,97.95,98.6,112273
MARICO,20110614,140.8,141.9,139.1,139.75,83194
MARKSANS,20110614,2.45,2.5,2.4,2.45,72567
MARUTI,20110614,1215,1228.9,1208.2,1222.45,290861
MASTEK,20110614,105.15,109,105.15,106.45,34902
MAWANASUG,20110614,22.9,23.15,22.7,23,4434
MAX,20110614,181.7,181.7,175.3,176.5,592759
MAXWELL,20110614,20.3,21.1,20,20.45,189376
MBECL,20110614,175.5,176.85,169.15,169.9,24850
MBLINFRA,20110614,145.5,145.5,139.3,139.75,41977
MCDHOLDING,20110614,93.1,93.9,92.3,92.7,9780
MCDOWELL-N,20110614,991.95,997.95,981.6,985.55,97879
MCLEODRUSS,20110614,268.5,273.7,265.25,273,642270
MEGASOFT,20110614,24,24.85,24,24.25,15894
MEGH,20110614,12,12.75,11.85,12.5,150941
MELSTAR,20110614,7.85,8.45,7.85,8.05,1705
MERCK,20110614,601,625,601,618.05,8994
MHRIL,20110614,367.55,369,363,363.35,2920
MIC,20110614,17.85,18.2,17.65,17.8,197488
MICROSEC,20110614,38.1,42.3,38.1,41.05,131143
MICROTECH,20110614,132.95,133.95,131.7,132.45,3895
MID-DAY,20110614,6,6.15,6,6.1,7439
MINDAIND,20110614,245.5,257.5,245.5,249.2,533
MINDTREE,20110614,352,352.5,349,350.95,44765
MIRCELECTR,20110614,27,27.65,26.5,27.55,230418
MIRZAINT,20110614,22.6,24.1,22.25,23.1,482665
MLL,20110614,41.9,42.45,40.5,40.95,1609049
MMFL,20110614,116,121.7,115.55,119.7,2399
MMFSL,20110614,66.8,66.8,66.8,66.8,29594
MMTC,20110614,905.15,1003.7,905.15,972.25,470335
MOIL,20110614,349.9,352.25,347.1,348.15,102611
MONNETISPA,20110614,530,530,505.55,514.35,5332
MONSANTO,20110614,1780,1810,1745,1762.3,6703
MORARJETEX,20110614,16.15,17.3,16.15,17.05,5887
MOREPENLAB,20110614,4.95,5,4.9,4.95,82240
MOSERBAER,20110614,40.1,40.8,39.95,40.35,272562
MOTHERSUMI,20110614,234.5,238.5,231.4,234.45,1083852
MOTILALOFS,20110614,101.85,101.85,98.15,99.05,13423
MOTOGENFIN,20110614,45.85,45.85,44.35,44.85,825
MPHASIS,20110614,461.55,470,461.5,465.95,94969
MPSLTD,20110614,35.35,35.4,34,34.9,3030
MRF,20110614,6748.05,6915,6741.1,6846.95,5239
MRPL,20110614,76.15,79.8,75.5,79,1092331
MSPL,20110614,52,52,48.55,48.6,5963
MTNL,20110614,45.25,46.4,45.1,45.25,553656
MUDRA,20110614,54.05,54.7,54.05,54.5,54883
MUKANDENGG,20110614,32.35,32.35,31.75,31.75,1525
MUKANDLTD,20110614,45,45.1,44.5,44.95,3794
MUKTAARTS,20110614,37.3,38.35,36.5,37.4,3241
MUNDRAPORT,20110614,154.95,157.75,154.35,156.55,599387
MUNJALAU,20110614,135,137.9,135,137.4,3843
MUNJALSHOW,20110614,59.1,61.5,59.1,61.05,12669
MURUDCERA,20110614,17.6,18.85,17.6,18.15,1851
MUTHOOTFIN,20110614,168.2,168.2,163.05,164.2,283959
MVL,20110614,26.7,27.25,25.65,26.75,136222
MVLIND,20110614,16,18.4,16,16.7,710
MYSOREBANK,20110614,623.1,634.85,622.3,625.65,806
N100,20110614,101,101,99.3,100,1145
NAGARFERT,20110614,32.1,32.85,32.1,32.55,1344869
NAGREEKCAP,20110614,30.8,31,30.8,30.95,3
NAGREEKEXP,20110614,27,27,23.1,23.4,5451
NAHARCAP,20110614,66,66,63.5,63.5,147
NAHARINDUS,20110614,55,55,54.05,54.1,2370
NAHARINVST,20110614,29.25,29.95,29.25,29.9,380
NAHARSPING,20110614,86.1,88.2,86.1,87.95,6656
NANDAN,20110614,2.65,2.65,2.6,2.6,65275
NATCOPHARM,20110614,278.25,281.75,275.65,277.7,41747
NATIONALUM,20110614,88.25,89.5,88.1,89.05,123435
NATNLSTEEL,20110614,18.8,19.8,18.8,19.6,15379
NAUKRI,20110614,685,726.6,685,710.55,1966
NAVINFLUOR,20110614,288.3,289.3,282.05,286.35,19334
NAVNETPUBL,20110614,66,66.25,64.9,65,177687
NBVENTURES,20110614,225,225,217,223.4,162496
NCC,20110614,86,86,84.25,84.7,260133
NCLIND,20110614,37.05,37.7,36.75,37.25,10010
NDTV,20110614,65.9,66,64.55,65.45,68832
NECLIFE,20110614,25.8,26.1,25.5,25.7,18116
NELCAST,20110614,100.65,100.65,100,100,4578
NELCO,20110614,74,74.9,73.15,73.65,26496
NEOCURE,20110614,2.95,2.95,2.7,2.9,2024
NESCO,20110614,668,677,656,663.15,608780
NESTLEIND,20110614,4220,4220,4125.05,4153.45,10460
NET4,20110614,130,130,127.75,128.9,24085
NETWORK18,20110614,152.05,154,145.1,150.85,133619
NEULANDLAB,20110614,128,139.5,125.05,125.95,3285
NEYVELILIG,20110614,101.7,102.65,101.6,102,64740
NFL,20110614,101,102.6,100.55,100.75,89770
NHPC,20110614,24.55,24.6,24.3,24.4,3176039
NICCO,20110614,4.1,4.25,3.9,3.95,745641
NIFTYBEES,20110614,561,563.3,557.35,558.64,26243
NIITLTD,20110614,55.9,55.9,54.8,55.05,134942
NIITTECH,20110614,186.75,188.4,186.2,187.95,56765
NILKAMAL,20110614,270,272.1,267.3,270.1,1593
NIPPOBATRY,20110614,433.15,437.5,433.15,437,158
NISSAN,20110614,2.7,2.7,2.6,2.65,62715
NITCO,20110614,60,61.9,58.3,60.05,8739
NITESHEST,20110614,23.9,25.2,23.9,24.8,57154
NITINFIRE,20110614,98,100.75,96.6,100.1,503755
NITINSPIN,20110614,9.95,10,9.6,9.7,13945
NMDC,20110614,267.85,268.75,263.15,266,137930
NOCIL,20110614,17.8,18,17.4,17.5,266379
NOIDATOLL,20110614,25.55,27.65,25.55,27,599401
NORBTEAEXP,20110614,6.65,7.4,6.6,6.95,1831
NRBBEARING,20110614,50.45,52.8,50.45,51.5,8871
NRC,20110614,7.25,7.45,6.5,6.65,10442
NSIL,20110614,772,784.95,767,782.1,76
NTPC,20110614,180.5,181.8,179.95,180.8,1393371
NUCENT,20110614,1.85,1.85,1.85,1.85,1
NUCHEM,20110614,5.6,5.6,5.1,5.4,7277
NUCLEUS,20110614,84.5,88.8,84.5,87.5,59606
NUMERICPW,20110614,227.95,230,224.1,226.25,2805
NUTEK,20110614,4.45,5.35,4.4,5.35,4860751
OBEROIRLTY,20110614,221.15,231.95,221.15,229.95,13467
OCL,20110614,105,105.4,103.2,105.2,1545
OFSS,20110614,2288,2300,2252,2271.75,92045
OIL,20110614,1266.25,1297.2,1260,1270,74514
OILCOUNTUB,20110614,71.4,71.95,70.7,71.55,7760
OISL,20110614,42,43.95,42,43.3,10084
OMAXAUTO,20110614,42.2,43.35,42.2,43.05,1093
OMAXE,20110614,129.9,129.9,126.3,126.95,221643
OMKARCHEM,20110614,55.8,58.85,55.8,57.85,8810
OMNITECH,20110614,150.5,163.8,150.5,157.25,190303
ONGC,20110614,270,274,269.4,270,3324733
ONMOBILE,20110614,111.8,112.45,109.6,110.55,255781
ONWARDTEC,20110614,37,37.55,35.8,35.95,9344
OPTOCIRCUI,20110614,281.05,285.95,280.2,282.9,148751
ORBITCORP,20110614,44.05,44.9,44.05,44.45,238275
ORCHIDCHEM,20110614,285.95,290.35,284.1,287.9,996964
ORIENTABRA,20110614,31.95,32.5,31.95,32,38182
ORIENTALTL,20110614,8.8,9.45,8.8,9.3,11839
ORIENTBANK,20110614,342.7,344.9,335,336.4,293881
ORIENTCERA,20110614,51,52.95,51,52.7,852
ORIENTHOT,20110614,30.5,31.8,29.75,30.25,2557
ORIENTPPR,20110614,59.75,60,58.95,59.9,41724
ORISSAMINE,20110614,49899.75,50790,49100,49379.25,635
OSWALMIN,20110614,45,46,41.65,46,1336
OUDHSUG,20110614,28.85,29,28.5,29,2243
PAEL,20110614,28,28.65,27.85,27.85,580
PAGEIND,20110614,1720,1750,1720,1733.1,11419
PANACEABIO,20110614,172.2,174.85,170.55,171.35,4832
PANASONIC,20110614,115.4,122.9,115,115.75,3824
PANCARBON,20110614,150.8,159.4,150.8,153.6,2364
PANORAMUNI,20110614,16.75,16.75,15.25,15.5,9657
PANTALOONR,20110614,288,301.3,283,299.95,1531531
PAPERPROD,20110614,78.1,82,77.35,80,658440
PARABDRUGS,20110614,41,42,40.5,41.5,25914
PARACABLES,20110614,3.95,4.05,3.9,3.9,8488
PARAL,20110614,282.7,293.25,280.2,282.55,85748
PARAPRINT,20110614,22.65,23,21.35,22,493170
PARASPETRO,20110614,0.6,0.6,0.55,0.55,3807
PAREKHPLAT,20110614,5,5,4.9,4.9,1726
PARSVNATH,20110614,43.45,43.7,43.1,43.3,101023
PATELENG,20110614,161.95,165.4,161.45,163.1,1070743
PATINTLOG,20110614,24.95,29.45,24,27.05,28418
PATNI,20110614,352,355.05,350,352,117047
PATSPINLTD,20110614,20.15,20.15,17.15,18.85,2637
PBAINFRA,20110614,65.45,68.25,65,66.25,64638
PDPL,20110614,106,107.5,100.9,106.3,7856
PDUMJEIND,20110614,19.85,20.45,19.85,20.1,9964
PDUMJEPULP,20110614,21.15,21.25,20.5,21.15,7410
PEACOCKIND,20110614,2.5,3.15,2.5,2.6,6105
PEARLPOLY,20110614,22.75,23.15,22.5,22.75,31863
PENIND,20110614,40,40.2,39.5,40,20454
PENINLAND,20110614,56.6,57,56,56.4,40209
PERIATEA,20110614,182,191.75,182,183.5,1088
PERSISTENT,20110614,381,381,373.3,374.25,6330
PETRONENGG,20110614,371.15,376.8,370.45,371,2324
PETRONET,20110614,140.85,141.9,139.3,141.35,761200
PFC,20110614,179.9,201.95,179.9,200.1,1052338
PFIZER,20110614,1324.4,1338,1310,1315.9,4048
PFOCUS,20110614,62.8,62.9,61,61.8,296148
PFS,20110614,18.45,18.75,18.15,18.3,220861
PGHH,20110614,1947,1969.9,1945.05,1954.6,605
PHILIPCARB,20110614,140.2,143.2,140.2,142.35,8091
PHOENIXLTD,20110614,192.6,195,185.05,192.2,29383
PIDILITIND,20110614,157,162.4,156.75,160.5,123098
PIONDIST,20110614,46.05,49.8,45,46.75,2241
PIONEEREMB,20110614,19.9,19.9,17.9,18.35,48533
PIPAVAVYD,20110614,81.2,81.4,79.3,79.6,1382404
PIRGLASS,20110614,127.5,140.35,127.5,136.4,152188
PIRHEALTH,20110614,367.55,371,365.3,369.25,79173
PIRLIFE,20110614,89,90.6,88,88.75,5622
PITTILAM,20110614,45,45,39.5,39.95,5415
PLASTIBLEN,20110614,200,214,200,212.95,1635
PLETHICO,20110614,356,356,347.05,352.85,26026
PNB,20110614,1086,1096.85,1085.2,1089.4,92534
PNBGILTS,20110614,27,27.3,26.85,27,67115
PNC,20110614,16.25,16.25,15.35,15.35,1137
POCHIRAJU,20110614,17.1,17.4,17,17.05,5352
POLARIND,20110614,4.15,4.3,4.15,4.2,1160
POLARIS,20110614,187.95,188.25,184,187.25,270226
POLYPLEX,20110614,197.4,201.25,195.3,196.45,235443
PONDYOXIDE,20110614,33,33,31.75,32.15,10859
PONNIERODE,20110614,93,93.3,92.5,93.2,3165
POWERGRID,20110614,102.15,104,102.15,103.7,2508049
PPAP,20110614,99.1,102.5,99,101.4,5487
PRADIP,20110614,84.4,86.4,84.05,85.45,26506
PRAJIND,20110614,74.75,76.5,74.4,75.5,1287116
PRAKASH,20110614,69.7,70.85,69.05,69.2,186206
PRAKASHSTL,20110614,154.95,155,152.5,153.7,13371
PRATIBHA,20110614,55.3,56.55,55.05,55.35,36775
PRECOT,20110614,158,163.5,158,159.2,948
PRECWIRE,20110614,124,124,120.9,121,1050
PREMIER,20110614,93.45,95,91.5,92.55,19289
PRESTIGE,20110614,137,139,135,135.6,37146
PRETAILDVR,20110614,174.8,180,172,178.3,2095
PRICOL,20110614,21.55,21.55,20.8,21.1,63193
PRIMESECU,20110614,23.7,24.75,23.7,24.1,2252
PRISMCEM,20110614,48,48.7,47.55,48.25,19252
PRITHVISOF,20110614,15.3,15.3,14.65,14.65,2
PROVOGUE,20110614,38.7,39.2,38.25,38.7,213961
PSB,20110614,102.6,104.9,101.3,104.1,188041
PSL,20110614,73.5,78.4,73,75.25,1064471
PSUBNKBEES,20110614,390.9,391,388.1,389.75,80
PTC,20110614,81,81.5,79.5,79.85,665949
PUNJABCHEM,20110614,80.5,80.5,78.05,79.95,1861
PUNJLLOYD,20110614,71.9,72,69.2,69.55,12508969
PURVA,20110614,95.05,96.2,94.25,94.5,8179
PVP,20110614,9.1,9.45,9.1,9.15,49409
PVR,20110614,103.8,107,103.1,105.55,100123
QGOLDHALF,20110614,1075,1080,1069.95,1071.55,435
QNIFTY,20110614,555.1,555.1,555.1,555.1,1
RADAAN,20110614,2.5,2.5,2.35,2.35,14309
RADICO,20110614,131,131.05,129.2,129.8,153687
RAINBOWPAP,20110614,63.55,63.55,62.4,62.45,13890
RAINCOM,20110614,182,182,178,178.35,43527
RAJESHEXPO,20110614,96.5,98.25,96.3,97.4,160699
RAJOIL,20110614,34.95,35.9,33.95,34.55,70294
RAJPALAYAM,20110614,577,585,577,580.5,630
RAJRAYON,20110614,11.4,12.1,11.4,12.1,122
RAJSREESUG,20110614,48,48,47,47.3,11823
RAJTV,20110614,53.25,55,52.1,53.45,53889
RAJVIR,20110614,157,170,157,161.55,164
RALLIS,20110614,1507,1540,1507,1533.7,23551
RAMCOIND,20110614,44.1,45.2,44,44.7,45407
RAMCOSYS,20110614,100,100,97.3,98.25,1897
RAMKY,20110614,288.8,291.3,286,289.05,10821
RAMSARUP,20110614,17.25,18.2,17.25,17.55,16477
RANASUG,20110614,5.55,5.55,5.4,5.4,164899
RANBAXY,20110614,535,544.95,533.2,537.85,594104
RANEENGINE,20110614,223.1,223.1,219,222.85,103
RANEHOLDIN,20110614,236,239.9,233,234.7,58
RANKLIN,20110614,18.5,18.75,18.35,18.75,14457
RATNAMANI,20110614,110.75,112,110.35,110.55,1500
RAYMOND,20110614,386.75,394.75,385.65,391.75,893143
RBL,20110614,119.95,126,119.95,124.95,23
RBN,20110614,70.85,71.5,69.1,69.85,57239
RCF,20110614,82.55,83.2,81.7,82.15,442962
RCOM,20110614,95,96.1,94.3,95.6,4964010
RECLTD,20110614,205.35,208.85,203.65,205.45,1880205
REDINGTON,20110614,85.6,86,83.5,85.55,161359
REIAGROLTD,20110614,26.9,26.9,26.4,26.6,183054
REISIXTEN,20110614,40.45,40.45,39.1,39.25,2519
RELBANK,20110614,1021,1034,1016,1016.45,33
RELCAPITAL,20110614,542.4,552.7,539.35,548.9,1250778
RELGOLD,20110614,2099,2099,2090.05,2092.9,4180
RELIANCE,20110614,925.3,931.75,910,911.35,4335560
RELIGARE,20110614,471,475,470.2,471.6,21821
RELIGAREGO,20110614,2218,2218,2201.2,2201.45,166
RELINFRA,20110614,545,559.95,543.85,555.85,1048673
RELMEDIA,20110614,132.95,136,132.25,134.6,605379
REMSONSIND,20110614,23.5,25,23.5,24.05,926
RENUKA,20110614,65.2,66.4,65.2,65.95,3429283
REPRO,20110614,134.5,142.65,131.15,135.85,270716
RESURGERE,20110614,0.45,0.5,0.4,0.5,3215947
REVATHI,20110614,418,418,407.05,414.95,275
RICOAUTO,20110614,16.4,16.5,16.1,16.2,94479
RIIL,20110614,587.05,587.05,567.1,570,180260
RJL,20110614,112.1,114,110,111.3,10385
RKFORGE,20110614,105.8,117.6,105,106.95,950
RML,20110614,127.95,129.3,126.15,128.15,153
ROHITFERRO,20110614,38.4,38.7,37.55,37.7,43023
ROHLTD,20110614,64.5,65.3,64.25,64.5,3721
ROLTA,20110614,139.95,139.95,137.1,139.1,140754
RPGLIFE,20110614,83,87.9,81.9,82.45,6290
RPOWER,20110614,117,118.7,116.55,118.4,1261679
RPPINFRA,20110614,74.6,75.1,73.9,73.95,18000
RSWM,20110614,148.1,150,146.5,149.4,4298
RSYSTEMS,20110614,116.8,116.8,112,113.5,2805
RUBYMILLS,20110614,778,785,757.2,767.75,1011
RUCHINFRA,20110614,21.25,22.5,21.2,21.45,27702
RUCHISOYA,20110614,100.6,100.6,98.5,99.6,72288
SADBHAV,20110614,141.1,144.5,138.2,139.55,6710
SAGCEM,20110614,136.75,153,136.5,139.35,3062
SAHPETRO,20110614,35.7,39.25,34.8,38.1,194922
SAIL,20110614,144,145.4,143.1,144.95,1001843
SAKHTISUG,20110614,34.65,35,34.1,34.55,75520
SAKUMA,20110614,14.55,15.8,14.5,15.3,1658
SALONACOT,20110614,24.5,24.5,24.5,24.5,3
SALORAINTL,20110614,31,31,30.5,30.5,2
SALSTEEL,20110614,6.95,7.2,6.95,7.05,11701
SAMBANDAM,20110614,89.1,93.95,88.9,89.6,1041
SAMBHAAV,20110614,1.6,1.7,1.55,1.6,7421
SANDESH,20110614,279,284.9,278.1,278.85,370
SANGAMIND,20110614,42,42.8,41.45,41.55,35056
SANGHIIND,20110614,19.1,19.25,18.95,19,980
SANGHVIFOR,20110614,68,70.85,64.8,66.2,653725
SANGHVIMOV,20110614,117.95,120.95,115.65,119.95,68369
SANWARIA,20110614,51.9,54.2,50.9,51.25,9579
SARDAEN,20110614,227.1,236,226.1,227,23404
SAREGAMA,20110614,66.5,79.1,64.7,76.75,653554
SARLAPOLY,20110614,134.3,134.3,123.7,125.95,668
SASKEN,20110614,145.5,147.6,145.5,146.5,10284
SATHAISPAT,20110614,49,50,49,49.15,2732
SATYAMCOMP,20110614,87.2,88.35,86.25,86.75,4168573
SAVERA,20110614,38.45,39.2,38.45,38.45,102
SBBJ,20110614,517.2,522,516.2,517.6,4719
SBIGETS,20110614,2205,2205.2,2192,2193.2,5764
SBIN,20110614,2231,2246.5,2220.75,2230.25,1592073
SBT,20110614,739.95,739.95,727,731.2,6961
SCI,20110614,105,107.05,104.5,106.4,836094
SEINVEST,20110614,13.9,14.4,12.15,12.75,3693902
SELAN,20110614,330,330.5,325.9,326.4,11065
SELMCL,20110614,18,18.1,17.8,17.95,210635
SENTINEL,20110614,15.75,16.45,15.75,16.25,1479
SERVALL,20110614,10.25,10.45,9.85,9.95,221209
SESAGOA,20110614,282,286.35,281.05,282.65,1200543
SESHAPAPER,20110614,235,236.5,228.7,230.3,85
SGJHL,20110614,265.5,267.75,261,263.25,132908
SGL,20110614,4.2,4.2,4.2,4.2,100
SHANTIGEAR,20110614,42.55,43,41.5,42.7,121396
SHARIABEES,20110614,122.3,124,122.3,123.95,193
SHARRESLTD,20110614,56.45,60,56.35,58.3,234
SHILPAMED,20110614,245,245.5,245,245,317
SHILPI,20110614,17.5,18,17.5,17.6,59039
SHIV-VANI,20110614,246.8,258,241.7,250.35,55306
SHIVAMAUTO,20110614,117,117.8,110.5,111.8,738
SHIVTEX,20110614,34,35.15,34,34.7,1508
SHLAKSHMI,20110614,90.7,92.8,89.5,89.9,19490
SHOPERSTOP,20110614,442,442,431,436.2,42298
SHPRE,20110614,6.7,7.1,6.7,7,1345
SHREEASHTA,20110614,5.15,5.25,5.1,5.15,2459813
SHREECEM,20110614,1765,1765,1702,1736.6,56267
SHREERAMA,20110614,5.9,5.9,5.7,5.7,2762
SHRENUJ,20110614,54.15,56.7,54.15,56,63919
SHREYANIND,20110614,24,24,21.6,22,3153
SHREYAS,20110614,31,33,31,32.15,769
SHRIRAMCIT,20110614,564.7,564.7,560,560,3973
SHRIRAMEPC,20110614,135.3,138.8,135.3,138.2,872
SHYAMTEL,20110614,42.3,42.8,41.75,42.55,1351
SICAGEN,20110614,27.8,27.8,25.75,25.95,56448
SICAL,20110614,73.25,74.25,73.25,73.8,11762
SIEMENS,20110614,870.4,894,870.4,883.4,63250
SIMBHSUGAR,20110614,36.1,38.5,36.1,37.95,95820
SIMPLEX,20110614,114.4,114.4,107.45,108.85,411
SIMPLEXINF,20110614,302.95,304.95,296.15,298.1,1366
SINTEX,20110614,183.85,186.4,182.15,184.1,1136565
SITASHREE,20110614,6.1,6.5,6.1,6.35,2307
SIYSIL,20110614,452.95,463.5,440.1,444.55,11778
SJVN,20110614,21.25,21.35,21.25,21.25,103806
SKFINDIA,20110614,658,658,642,644.25,13738
SKMEGGPROD,20110614,9.7,10,9.5,9.6,4858
SKSMICRO,20110614,344.75,360.8,344,360.8,163624
SKUMARSYNF,20110614,66.4,66.9,65.3,65.55,1178245
SMARTLINK,20110614,55.5,56.35,54.05,54.15,62114
SMLISUZU,20110614,372.3,374.8,365.1,367.9,985
SMPL,20110614,10.7,11.05,10.6,10.7,63079
SMSPHARMA,20110614,204,204,201.2,203,617
SOBHA,20110614,260.3,263.25,257.05,258.55,72729
SOFTTECHGR,20110614,5,5,4.85,5,1632
SOLARINDS,20110614,644.75,644.75,631.05,643.05,269
SOMANYCERA,20110614,43.9,44.15,42.9,43.6,1318
SOMATEX,20110614,7.65,8.1,7.55,7.95,11112
SONASTEER,20110614,16.2,17.55,16,16.6,398042
SONATSOFTW,20110614,45.6,45.7,44.3,44.85,212017
SOTL,20110614,524.85,537.6,524.85,532.95,970
SOUISPAT,20110614,10.3,10.35,9.95,10,338808
SOUTHBANK,20110614,26,26.1,25.55,25.9,3483570
SPANCO,20110614,138,138.95,138,138.85,130
SPARC,20110614,96.7,96.7,92.3,92.55,170959
SPENTEX,20110614,13.6,15.05,13.6,14.8,156993
SPIC,20110614,31.75,32.35,29.8,30.1,3300479
SPICEMOBIL,20110614,99.95,99.95,97.5,97.95,9262
SPLIL,20110614,4.4,4.4,4.2,4.4,21734
SPMLINFRA,20110614,178,183,177.5,177.95,1464
SPYL,20110614,33.35,33.45,32.8,33,2275
SREINFRA,20110614,42.5,43.15,42,42.25,1053403
SRF,20110614,307,309.9,306.1,306.95,19001
SRGINFOTEC,20110614,0.7,0.7,0.65,0.65,31683
SRHHLINDST,20110614,3.85,3.95,3.85,3.95,428
SRHHYPOLTD,20110614,43,43.25,42.75,43.25,762
SRICHAMUND,20110614,39.25,40.8,38.2,38.35,600
SRTRANSFIN,20110614,636.95,648.75,632.5,642.2,644520
SSWL,20110614,268.95,272,264,267,16399
STAR,20110614,363.5,366.15,357,359.3,45450
STARPAPER,20110614,23.05,23.5,23,23.15,2069
STCINDIA,20110614,224,228.2,222,224.05,155064
STER,20110614,164.5,167.5,164.5,165.75,2935199
STERLINBIO,20110614,96.35,98.4,92.15,97.15,255203
STERTOOLS,20110614,120.45,120.45,120.4,120.4,198
STRTECH,20110614,52.65,53.45,52.3,52.5,680357
SUBEX,20110614,66.3,68.2,66.3,66.7,2138457
SUDAR,20110614,112.4,112.95,108.55,112.35,345673
SUDARSCHEM,20110614,760,760.05,760,760,144
SUJANATOW,20110614,35.2,36.25,34.6,35.85,3483465
SUJANAUNI,20110614,5.65,6.3,5.55,6.1,54903
SUMEETINDS,20110614,36.2,37.75,36,37.75,828411
SUMMITSEC,20110614,83.65,89.9,83.65,87.6,2606
SUNCLAYTON,20110614,149.85,153,146.1,148,4941
SUNDARAM,20110614,42.75,42.75,42.1,42.4,34243
SUNDARMFIN,20110614,559.9,559.9,532.05,550.35,8202
SUNDRMBRAK,20110614,156.75,160,156.75,157.65,323
SUNDRMFAST,20110614,58.85,59.8,58.2,59.15,28623
SUNFLAG,20110614,26.65,27.2,26.1,26.5,28806
SUNILHITEC,20110614,130,132.1,126.35,127.75,42174
SUNPHARMA,20110614,478.05,489.9,478.05,487.8,653762
SUNTECK,20110614,302.4,304.95,301.05,302.1,11131
SUNTV,20110614,309.6,310.7,305.7,307.8,801492
SUPER,20110614,245,245,237.1,237.5,365
SUPERSPIN,20110614,9.55,9.55,9.05,9.1,27768
SUPPETRO,20110614,61.55,62.2,61,61.75,12071
SUPRAJIT,20110614,20.4,20.4,19.8,20.35,6806
SUPREMEIND,20110614,179.95,180.85,175.5,177,70640
SUPREMEINF,20110614,244.75,244.75,236,236.6,284
SURAJDIAMN,20110614,48.5,49.95,48.05,49.3,111830
SURANACORP,20110614,99.65,99.65,93.1,94.9,555
SURANAIND,20110614,319,320,315.1,315.3,601
SURANAT&P,20110614,15.5,15.6,15.25,15.6,18500
SURANAVEL,20110614,45.4,45.5,44.1,44.3,12257
SURYAJYOTI,20110614,36.85,37.1,35.25,35.4,27379
SURYALAXMI,20110614,73.6,74.5,73.6,73.95,5464
SURYAPHARM,20110614,21.2,21.45,21.05,21.2,34917
SURYAROSNI,20110614,89.5,91.5,89.3,90.05,17371
SUTLEJTEX,20110614,215.7,225.5,215.7,224,2132
SUZLON,20110614,52.85,53.8,52.6,52.95,15232750
SWARAJENG,20110614,415.3,429,415.3,425.4,1865
SYNCOM,20110614,24.6,24.75,24.05,24.3,13045
SYNDIBANK,20110614,118.6,120.05,118.05,119.15,256741
TAINWALCHM,20110614,34.4,34.4,34.4,34.4,1406
TAJGVK,20110614,107.2,108.5,105.55,106.1,16451
TAKE,20110614,40.5,41,40,40,22011
TALBROAUTO,20110614,57.4,58.8,57.1,57.75,1276
TALWALKARS,20110614,257.35,260.7,245,245.9,350619
TANFACIND,20110614,27.55,27.55,27.5,27.5,110
TANTIACONS,20110614,67.4,70.45,67.4,68.9,1615
TARAPUR,20110614,21.75,22,21.25,21.8,9636
TATACHEM,20110614,367.8,374.5,367.8,373.3,363220
TATACOFFEE,20110614,842.1,861,841.95,846.45,149891
TATACOMM,20110614,217.75,218.25,213.55,214.2,170244
TATAELXSI,20110614,244,256.5,240.05,252,237328
TATAGLOBAL,20110614,100.85,101.45,99.35,100.05,1405134
TATAINVEST,20110614,498.05,504.9,491.5,493.85,13915
TATAMETALI,20110614,106,110.5,105.1,108,211439
TATAMOTORS,20110614,1008.5,1009.9,981.15,984,3593062
TATAMTRDVR,20110614,594.1,594.1,580,582.3,559128
TATAPOWER,20110614,1231.45,1265,1231.45,1249.9,282887
TATASPONGE,20110614,349.15,366.5,349.15,364.65,33698
TATASTEEL,20110614,566,566.95,558.45,561,3238731
TCI,20110614,91.5,91.5,88.45,88.75,2274
TCIDEVELOP,20110614,190,195,190,195,72
TCS,20110614,1178,1194.9,1178,1191.05,1062891
TECHM,20110614,710,710,701,704.35,97091
TECHNO,20110614,230.2,234,230.2,231.65,2351
TECHNOFAB,20110614,154,157,150.5,153.75,25618
TECPRO,20110614,260,264.65,258,259.45,18666
TELEDATAIT,20110614,0.4,0.4,0.35,0.4,246929
TEXMACOLTD,20110614,33.3,33.5,32.8,33.25,78305
TEXMOPIPES,20110614,36.8,37.4,36.3,36.65,11073
TEXRAIL,20110614,83,84.1,82,83.45,11442
TFCILTD,20110614,26.45,26.85,26.3,26.35,19673
THANGAMAYL,20110614,163.2,163.65,160,161.85,21388
THEMISMED,20110614,159.05,161,159,161,360
THERMAX,20110614,611.5,613,606.4,610,67353
THINKSOFT,20110614,54.5,56.1,53.5,53.85,56245
THIRUSUGAR,20110614,94.5,98.9,92.5,98.85,124
THOMASCOOK,20110614,51.1,51.85,50.75,50.85,115011
TI,20110614,43.95,44.5,41.9,42.6,236110
TIDEWATER,20110614,6950,7145,6950,7020.4,1806
TIIL,20110614,55,56.5,54.8,55.25,4163
TIL,20110614,443.05,444.9,437.05,442.45,913
TIMETECHNO,20110614,62.3,62.85,60.65,61.9,82125
TIMKEN,20110614,209.05,247.7,208.25,238.2,4872330
TINPLATE,20110614,63.7,66.15,63.05,64.5,395321
TIPSINDLTD,20110614,28.1,30.5,28.1,29.1,70317
TIRUMALCHM,20110614,100.4,101,99.75,99.8,2326
TITAN,20110614,4730,4754.95,4531.55,4559.65,756182
TNPETRO,20110614,17.5,17.8,17.25,17.4,24269
TNPL,20110614,124.6,124.9,123,123.6,26205
TODAYS,20110614,7.6,9.3,7.4,8.1,60763
TOKYOPLAST,20110614,13.85,14.3,13.85,14.3,600
TORNTPHARM,20110614,634.9,657,601.9,612.9,36952
TORNTPOWER,20110614,245.5,263.4,244.5,259.2,69766
TRENT,20110614,1046,1089.9,1046,1074.95,9566
TRF,20110614,395.9,395.9,390.15,391.55,7502
TRICOM,20110614,15.3,15.6,15.2,15.35,6189
TRIDENT,20110614,14,15.2,14,14.9,27275
TRIGYN,20110614,19.6,19.6,18.55,18.7,2415
TRIL,20110614,279.65,282,271.1,273.6,20817
TRIVENI,20110614,39.9,40.05,39.35,39.6,159793
TTKHEALTH,20110614,414.7,430,412.5,420.75,45593
TTKPRESTIG,20110614,2757.9,2911.7,2756.25,2867.9,275501
TTL,20110614,31.05,31.45,30.1,30.45,28397
TTML,20110614,16.7,16.7,16.4,16.5,1176429
TUBEINVEST,20110614,132.1,137.5,132.1,136.35,156376
TULIP,20110614,164.1,164.1,159.55,160.6,406774
TULSI,20110614,16,16.2,15.9,16,64599
TULSYAN,20110614,45.55,46.1,45.55,46,1649
TV-18,20110614,71.65,72.2,68.55,70.65,324003
TVSELECT,20110614,23.6,23.9,23.3,23.35,13922
TVSMOTOR,20110614,54.8,55.55,54.1,55.2,1483860
TVSSRICHAK,20110614,314,317,303,311,297
TVTODAY,20110614,64.35,65.35,64.1,64.5,18053
TWILITAKA,20110614,55.4,55.45,53.7,54.05,10332
TWL,20110614,417.9,423.8,412.25,418.4,57397
UBENGG,20110614,79,82,79,80.5,22271
UBHOLDINGS,20110614,174,177,173.1,174.8,80188
UBL,20110614,587.05,591.5,571.8,575.55,110293
UCALFUEL,20110614,81.6,84,81.6,82.55,17980
UCOBANK,20110614,96.05,96.75,95.25,95.7,466099
UFLEX,20110614,210,214.35,207.9,212,1086269
UGARSUGAR,20110614,13.25,14,13.25,14,2503
ULTRACEMCO,20110614,1024.3,1051.75,1024.3,1048.4,88721
UMESLTD,20110614,24,24.75,24,24.25,14619
UNICHEMLAB,20110614,161.7,164.75,157.5,160,46945
UNIENTER,20110614,26.25,27.1,26.2,26.3,2256
UNIONBANK,20110614,323.75,325.95,321.3,322.8,197777
UNIPHOS,20110614,160.75,160.75,157.7,160.25,335861
UNIPLY,20110614,15,15.25,14.8,14.85,1118
UNITECH,20110614,33.8,34.45,33.7,34.2,13388412
UNITEDBNK,20110614,96.65,98.7,96.4,97.45,152303
UNITEDTEA,20110614,123.5,123.5,123.5,123.5,2
UNITY,20110614,71.6,72.65,70.95,71.1,59551
UNIVCABLES,20110614,63.5,65.75,62.5,62.75,1071
UPERGANGES,20110614,57.4,57.5,56.8,57.1,868
USHAMART,20110614,56,56,54.25,55,70002
USHERAGRO,20110614,104.3,107.5,101.1,105.45,683084
UTISUNDER,20110614,836,897,836,850,38
UTTAMSTL,20110614,108.5,114.4,105.25,110.9,155945
UTTAMSUGAR,20110614,35.35,36,35,35.5,1563
UTVSOF,20110614,735,749,730.45,742,166465
VAIBHAVGEM,20110614,44,46.45,42.5,45.1,10292
VAKRANSOFT,20110614,358.3,369.7,358.3,365.7,6863
VALECHAENG,20110614,99.15,102.5,99.15,100.65,100266
VALUEIND,20110614,21,21.35,20.6,20.75,21439
VARDHACRLC,20110614,10.7,10.95,10.7,10.75,82383
VARDMNPOLY,20110614,67.7,67.7,62.3,63.95,37849
VARUN,20110614,187.55,191,187,188.45,74283
VARUNSHIP,20110614,26.15,26.9,26.15,26.65,70923
VASCONEQ,20110614,84.45,84.6,83.3,83.6,2355
VENKEYS,20110614,606.05,623.35,601.25,603.15,62836
VENUSREM,20110614,201,203.3,200.5,201.9,3181
VESUVIUS,20110614,369,375,360.05,364.45,3957
VGUARD,20110614,225,231.45,224,226.6,542101
VHL,20110614,416,417,416,416.75,20
VICEROY,20110614,29.5,29.5,28.75,28.95,9566
VIDEOIND,20110614,181,183.85,181,183.05,73759
VIJAYABANK,20110614,72.4,72.95,71.5,72.15,2424812
VIJSHAN,20110614,20.5,21.1,20.5,21.05,2231
VIKASHMET,20110614,14.25,15.4,13.85,14.15,2698380
VINATIORGA,20110614,75.85,75.85,74.55,74.7,3469
VINYLINDIA,20110614,12.55,12.9,12.55,12.9,3
VIPIND,20110614,757.9,772.9,755.1,759.2,590953
VIPUL,20110614,12,12.3,12,12.05,18292
VISAKAIND,20110614,107.2,107.9,105.55,106,9694
VISASTEEL,20110614,59.55,60.2,59.5,59.95,50008
VISESHINFO,20110614,9.4,9.7,9,9.3,30263
VISHALRET,20110614,33.6,34.4,33.3,34,120394
VISUINTL,20110614,2.95,3.05,2.85,2.9,14262
VIVIMEDLAB,20110614,294.05,302.05,294,300.7,8362
VLSFINANCE,20110614,15,15.15,14.9,15,4701
VOLTAMP,20110614,557.8,569.95,553,555.05,61744
VOLTAS,20110614,162.9,169.55,161.4,168.75,615428
VSTIND,20110614,906.1,921,900.05,902.3,9845
VTL,20110614,237.05,240,236,237.1,13321
VTXIND,20110614,17.5,18,17.4,17.75,1000
WABAG,20110614,1290,1297.9,1280,1289.1,6995
WABCO-TVS,20110614,1020,1078,1020,1046.85,3243
WALCHANNAG,20110614,128.25,136,126.5,131.25,641968
WANBURY,20110614,32.15,34,32.15,32.65,26959
WEBELSOLAR,20110614,65.25,65.25,62,62.5,4067
WEIZMANIND,20110614,12.4,12.7,12.3,12.6,945
WELCORP,20110614,174.9,176.9,171.1,172.2,243920
WELINV,20110614,70.1,72.4,70.1,70.15,66
WELPROJ,20110614,75,80.95,74,77.3,1088070
WELSPUNIND,20110614,47,47.4,45.05,45.35,150057
WENDT,20110614,1559,1559,1476,1493.7,896
WHEELS,20110614,260,279.35,260,277.7,1852
WHIRLPOOL,20110614,254.7,259.8,253.5,256.95,102726
WILLAMAGOR,20110614,48,49.4,47.6,49.2,4916
WINDSOR,20110614,49.8,54.8,49.8,54.8,52193
WIPRO,20110614,435.5,440,435.5,436.85,456835
WOCKPHARMA,20110614,377.7,386.4,374.15,377.4,197062
WSI,20110614,20.95,20.95,20.4,20.4,101
WSTCSTPAPR,20110614,89,90.7,88.2,90.15,52688
WWIL,20110614,9,9.45,8.95,9.2,2357656
WYETH,20110614,895,895,881.05,891.65,5886
XLENERGY,20110614,9.8,9.9,9.2,9.25,136764
XPROINDIA,20110614,56,57.4,55.65,56.35,16388
YESBANK,20110614,295.9,299.45,295.2,296.85,1349201
ZEEL,20110614,139.5,141.4,139.3,140.3,1045222
ZEELEARN,20110614,21.2,21.95,21,21.35,651850
ZEENEWS,20110614,12,12.85,12,12.5,2656310
ZENITHBIR,20110614,7.85,8.05,7,7.05,3873692
ZENITHCOMP,20110614,19.4,19.45,19,19.1,2565
ZENITHINFO,20110614,210,211,210,210.15,55108
ZENSARTECH,20110614,170.4,172.8,169.2,170.4,3046
ZICOM,20110614,39.1,46.5,39.1,43.95,510860
ZODIACLOTH,20110614,363.7,379.9,363.7,378.4,560
ZODJRDMKJ,20110614,23.35,23.95,21.75,22.6,3011
ZUARIAGRO,20110614,668.7,668.7,656.1,661.95,3828
ZYDUSWELL,20110614,599.8,599.8,590,591.05,2757
ZYLOG,20110614,405,405,399.9,400.75,34315
NSENIFTY,20110614,5485.60,5520.15,5484.20,5500.50,97840485,4714.26
NIFTYJUNIOR,20110614,11270.00,11383.80,11270.00,11336.30,58262884,1417.67
BANKNIFTY,20110614,10737.30,10830.40,10737.30,10803.95,14097083,1237.47
NSEMIDCAP,20110614,8038.10,8092.00,8038.10,8078.60,102727650,1614.90
NSEIT,20110614,6656.70,6682.25,6655.85,6671.35,6012093,538.32
NSE100,20110614,5425.45,5461.00,5425.45,5441.30,156103369,6131.93
NSE500,20110614,4445.90,4474.15,4445.90,4460.55,374361143,8749.53
MIDCAP50,20110614,2487.70,2505.30,2487.15,2495.80,60855348,1000.59
VIX,20110614,18.91,18.91,17.53,18.51,18.91,-0.40
