20MICRONS,20110816,53.3,53.4,50.55,51.2,63975
3IINFOTECH,20110816,32.1,32.5,29.05,29.35,917813
3MINDIA,20110816,4649,4690,4625,4648.25,25847
A2ZMES,20110816,212,215,198.3,201.4,181203
AANJANEYA,20110816,467,487.85,463.1,467.9,602025
AARTIDRUGS,20110816,121.9,121.9,118,118.25,2667
AARTIIND,20110816,46.5,47.1,44.15,44.75,23049
AARVEEDEN,20110816,34.15,34.5,32.4,32.55,780
ABAN,20110816,405.15,407.9,380.5,383.2,671149
ABB,20110816,795.25,798,775.5,778.85,35484
ABBOTINDIA,20110816,1426,1447.5,1405.1,1436.45,19310
ABCIL,20110816,116.5,117.95,111.25,112.75,4279
ABGSHIP,20110816,376,379.6,361.1,369.9,329644
ABHISHEK,20110816,11.9,12.2,11.05,11.2,17113
ABIRLANUVO,20110816,910.95,940,870.25,874.15,114815
ACC,20110816,1001.15,1011.55,985.5,991.3,105172
ACE,20110816,43.7,44.3,41.7,42.2,48132
ACKRUTI,20110816,182.05,185.8,177.3,183.15,45691
ACROPETAL,20110816,15.45,15.6,15,15,927126
ADANIENT,20110816,581.9,581.9,560,564.05,348885
ADANIPOWER,20110816,93.1,94.15,87,89.05,910316
ADFFOODS,20110816,64.85,65.1,63.1,63.4,4652
ADHUNIK,20110816,61,63.8,55,56.55,384150
ADORWELD,20110816,162,162,156,156.2,3580
ADSL,20110816,36.1,36.9,33.4,33.4,139494
ADVANIHOTR,20110816,35,36.3,35,36.2,2255
ADVANTA,20110816,288.2,295,281,283.55,46339
AEGISCHEM,20110816,211,211.75,198.6,201.05,8828
AFL,20110816,42.1,42.5,41.8,42.45,1573
AFTEK,20110816,13.45,13.45,12.5,12.5,139780
AGCNET,20110816,124.65,130.6,123.2,123.9,562
AGRE,20110816,46,48.5,45.6,45.7,1328
AGRODUTCH,20110816,9.9,9.9,8.8,8.85,13232
AHLEAST,20110816,291,310,291,301.35,507
AHLUCONT,20110816,128,128,122.15,125.3,4952
AHLWEST,20110816,158,174,152.1,154.95,21274
AHMEDFORGE,20110816,114.9,118.5,112,112.85,14678
AIAENG,20110816,366,376.7,356.1,362.55,7678
AJANTPHARM,20110816,317,320.95,301,303.35,12696
AJMERA,20110816,120.65,123.6,115.5,118.2,24954
AKSHOPTFBR,20110816,6.95,6.95,6.1,6.65,103866
AKZOINDIA,20110816,925.5,947,925.05,928.4,4426
ALBK,20110816,195,195,185.3,187.4,741821
ALCHEM,20110816,234.9,234.9,229.7,230.25,109595
ALEMBICLTD,20110816,19.5,20.15,18.8,18.9,40027
ALFALAVAL,20110816,1580,1617.9,1551.25,1562.3,151
ALKALI,20110816,43,43.95,42.1,42.7,4484
ALKYLAMINE,20110816,85.25,86,85.2,85.2,1710
ALLCARGO,20110816,162,175.5,161.05,164.6,131375
ALLSEC,20110816,16.45,16.45,15,15,6435
ALMONDZ,20110816,21.55,25.5,21.55,25.5,158
ALOKTEXT,20110816,20.5,20.7,18.2,18.6,9486594
ALPA,20110816,8.6,9.55,8.6,8.85,2816
ALPSINDUS,20110816,2.85,2.95,2.8,2.8,8993
AMAR,20110816,96.4,96.4,89.5,92.85,32764
AMARAJABAT,20110816,245.8,247.4,234.05,236.45,27810
AMARJOTHI,20110816,53,57,53,53.45,136
AMBIKCO,20110816,194,198,182.6,184.95,7127
AMBUJACEM,20110816,131.45,134.75,131.45,133,2721112
AMDIND,20110816,20,21.25,19.1,20.1,21155
AMLSTEEL,20110816,13.8,15,13.8,15,1000
AMRUTANJAN,20110816,825,837,796,801.6,97888
AMTEKAUTO,20110816,151.25,151.95,148.5,149.85,213801
AMTEKINDIA,20110816,109.9,111.9,108.1,110.45,928588
ANANTRAJ,20110816,65.5,65.5,58.1,59.05,356351
ANDHRABANK,20110816,133.85,133.9,130.55,131.75,228686
ANDHRACEMT,20110816,9.55,9.75,9.15,9.2,31766
ANDHRSUGAR,20110816,106.9,108,105.05,106.05,20182
ANGIND,20110816,21.8,22.5,21,21.1,2551
ANIKINDS,20110816,38.05,39,37.55,37.8,459
ANKURDRUGS,20110816,30.5,31.45,28,28.2,24961
ANSALAPI,20110816,31.55,32.15,29.55,29.95,113358
ANSALHSG,20110816,38.25,40.8,37.5,37.65,10758
ANTGRAPHIC,20110816,0.3,0.3,0.25,0.25,30000
APARINDS,20110816,174.65,178,172.05,174.1,54836
APCOTEXIND,20110816,165,174.95,153.95,167.45,1883
APIL,20110816,555,557.85,526.55,529.8,103093
APOLLOHOSP,20110816,518.05,534.75,511,529.25,68398
APOLLOTYRE,20110816,62.5,63.3,55.6,56.3,6958801
APPAPER,20110816,376,378,371.1,374.65,68281
APTECHT,20110816,137.9,138.8,128.5,131,805723
AQUA,20110816,15.85,15.85,14.5,15,143001
ARCHIDPLY,20110816,12.2,12.2,11.5,11.6,1364
ARCHIES,20110816,41,41,39.1,39.5,24305
AREVAT&D,20110816,220,224.9,218.1,220.7,65583
ARIES,20110816,99,101,95,95.5,9179
ARL,20110816,2.05,2.15,1.95,2,338679
ARROWTEX,20110816,9.55,10.4,9.05,9.35,2720
ARSHIYA,20110816,146.95,146.95,135,137.5,5294
ARSSINFRA,20110816,376,379.75,361.05,369,81196
ARVIND,20110816,78.6,78.6,72.1,72.8,1178606
ASAHIINDIA,20110816,73.5,73.5,69.4,70.3,19387
ASAL,20110816,53.2,55.5,52.6,53,2347
ASHAPURMIN,20110816,17.95,18.6,16.75,17.05,18843
ASHCONIUL,20110816,2.4,2.5,2.2,2.25,2394
ASHIANA,20110816,154.5,155,141,143,2291
ASHOKA,20110816,265.4,270,262.4,264.75,892
ASHOKLEY,20110816,26.05,26.5,25,25.25,3761195
ASIANELEC,20110816,9,9.1,8.45,8.45,57300
ASIANHOTNR,20110816,187,187,178.65,179.3,2595
ASIANPAINT,20110816,3240,3289,3203,3260.1,69959
ASIANTILES,20110816,43,43,40.5,40.65,306
ASSAMCO,20110816,13.25,13.45,12.2,12.35,289980
ASTEC,20110816,37,38.5,36.2,36.55,13054
ASTERSILI,20110816,19.05,19.8,18.2,18.3,5598
ASTRAL,20110816,193,195.95,189.5,190.3,3046
ASTRAMICRO,20110816,26,26.95,25.8,26,22988
ASTRAZEN,20110816,1325,1365,1320,1363,98
ATFL,20110816,402.5,409.25,386.15,392.65,13162
ATLANTA,20110816,75.7,78,75.15,75.75,342074
ATNINTER,20110816,1,1.05,1,1,4518
ATUL,20110816,200.1,202.5,199,200.05,31600
AURIONPRO,20110816,143,149.8,135,142.15,29
AUROPHARMA,20110816,156.8,158.9,145,145.85,1410999
AUSTRAL,20110816,1.9,1.95,1.8,1.8,434676
AUTOAXLES,20110816,425,435,406,406.2,1877
AUTOIND,20110816,140.65,142.85,132.25,134.05,72081
AUTOLITIND,20110816,19.95,19.95,17.75,17.8,1156
AVANTI,20110816,63.4,63.95,57.2,58.2,15524
AVENTIS,20110816,2014,2055,2002,2050.05,1326
AVTNPL,20110816,348,348,330,331.05,5227
AXISBANK,20110816,1226.95,1230.75,1206.65,1212.45,1436900
AXISGOLD,20110816,2599,2603,2567.1,2581.8,497
BAGFILMS,20110816,6.1,6.25,5.8,5.8,186581
BAJAJ-AUTO,20110816,1460,1471.9,1448.5,1456.35,259015
BAJAJCORP,20110816,115,115,109.1,111.15,6517
BAJAJELEC,20110816,205,207.85,203.5,206.55,99680
BAJAJFINSV,20110816,508.9,508.9,492,497.75,30154
BAJAJHIND,20110816,59.55,59.8,53.2,53.85,1280407
BAJAJHLDNG,20110816,757,757,744.9,748.7,24267
BAJFINANCE,20110816,710,714.9,690.2,701.45,24088
BALAJITELE,20110816,29.5,29.95,28.2,28.45,19146
BALAMINES,20110816,36.15,36.35,35.1,35.6,7107
BALKRISIND,20110816,162,163.9,153.85,162.7,24186
BALLARPUR,20110816,31.4,31.45,29.25,29.45,325666
BALMLAWRIE,20110816,668,681.9,662.5,666.5,19491
BALPHARMA,20110816,24.65,25,24.3,24.75,3100
BALRAMCHIN,20110816,58.1,58.8,52.5,53.6,1334067
BANARISUG,20110816,534.15,534.15,515,523.3,1129
BANCOINDIA,20110816,79,79.95,78.5,78.55,10222
BANG,20110816,27.25,29,26.5,26.55,10899
BANKBARODA,20110816,833.75,833.75,795.2,801.1,823578
BANKBEES,20110816,1064.84,1074,1016.75,1034.1,5018
BANKINDIA,20110816,338.55,344.9,320.25,323.45,585896
BANSWRAS,20110816,100.5,101.9,97.05,98.55,8077
BARTRONICS,20110816,54.5,56,51.4,51.85,60068
BASF,20110816,591.75,608,590,603.3,6903
BASML,20110816,72,72,64,65.9,1278
BATAINDIA,20110816,703.9,710.95,696,699.35,550537
BATLIBOI,20110816,19.2,20,18.9,19.25,332
BAYERCROP,20110816,834.9,834.9,810,812.65,4118
BBL,20110816,737.5,745,731.05,736.9,2761
BBTC,20110816,431.1,439.95,426.4,431.5,1521
BECREL,20110816,11,11,11,11,201
BEDMUTHA,20110816,125,126.65,120.6,123.4,58944
BEL,20110816,1668,1668,1620.1,1628.8,8400
BELLCERATL,20110816,12.4,14.25,12.4,13.05,1040
BEML,20110816,485.65,486,450,451.7,85060
BEPL,20110816,30,30.95,29.5,29.5,14335
BERGEPAINT,20110816,101.55,104.5,101.55,104.1,209231
BFINVEST,20110816,52.55,52.55,45.1,47.6,13410
BFUTILITIE,20110816,576,576,518.2,522.35,229937
BGLOBAL,20110816,14.15,14.15,13.45,13.45,95413
BGRENERGY,20110816,347.95,351.4,326,329.05,240420
BHAGWATIHO,20110816,81.2,84,73.25,78.2,2911
BHAGYNAGAR,20110816,15.95,16.7,14.65,15.1,14017
BHARATFORG,20110816,294,296,275.1,281.5,400113
BHARATGEAR,20110816,50.25,51.2,48.4,49,2879
BHARATRAS,20110816,101,103,98,100.1,2787
BHARTIARTL,20110816,392.75,402.8,387.8,395.85,11345409
BHARTISHIP,20110816,100.7,100.7,91.3,91.75,130881
BHEL,20110816,1742,1775,1733,1765.75,634782
BHUSANSTL,20110816,379.9,379.9,323.55,325.85,196273
BIL,20110816,39.55,41.8,38.5,40.05,29809
BILPOWER,20110816,90,90,85,85.7,4751
BIMETAL,20110816,298,310.5,298,307.7,2636
BINANIIND,20110816,145.9,147.7,143.3,145.2,27151
BINDALAGRO,20110816,79.9,81.65,75.05,77.05,201249
BIOCON,20110816,340,341.05,324,327.65,672282
BIRLACORPN,20110816,319,321.9,310,315.55,3546
BIRLACOT,20110816,0.4,0.4,0.3,0.35,4005802
BIRLAERIC,20110816,14.65,14.65,13,13.05,5112
BIRLAMONEY,20110816,19.4,19.4,18,18.15,7500
BIRLAPOWER,20110816,0.7,0.75,0.65,0.65,1316450
BLBLIMITED,20110816,3.95,4,3.8,3.8,4110
BLISSGVS,20110816,22.85,23,22.05,22.25,8197
BLKASHYAP,20110816,14,14,13,13.15,95909
BLUECHIP,20110816,1.05,1.05,1,1,6070
BLUECOAST,20110816,160.45,160.45,160.45,160.45,19
BLUEDART,20110816,1723.7,1750,1625,1648.45,11430
BLUESTARCO,20110816,261,269,256.1,263.7,7097
BLUESTINFO,20110816,71.55,74.5,71,73.6,2418
BOC,20110816,278.05,281.5,274.5,275.2,5499
BOMDYEING,20110816,321,324,312,314.85,271645
BOSCHLTD,20110816,7110,7458,7110,7315.5,2184
BPCL,20110816,683.15,693.35,681.6,687.85,328703
BPL,20110816,24,24,21.6,22.15,29745
BRANDHOUSE,20110816,17.05,17.15,15.25,15.7,79497
BRFL,20110816,277.05,283,277.05,281.4,56540
BRIGADE,20110816,70.5,71.9,65.1,65.65,60229
BRITANNIA,20110816,472.5,472.5,463.05,467.1,17215
BROADCAST,20110816,7.9,8.5,7.9,8.5,358
BSELINFRA,20110816,3.9,4,3.75,3.75,61776
BSL,20110816,23.85,24,21.35,22.2,2380
BSLGOLDETF,20110816,2645,2650,2600,2635.1,634
BSLNIFTY,20110816,55.9,55.9,51,51.12,197
BSTRANSCOM,20110816,100,102.7,96,96.25,20942
BURNPUR,20110816,6.55,6.7,6.4,6.45,24097
BVCL,20110816,14,14,12.9,13.4,10274
CADILAHC,20110816,843,853,832.5,844.6,26162
CAIRN,20110816,281,283,277.65,279.7,987259
CAMLIN,20110816,71.7,71.7,70.65,71.45,87535
CANBK,20110816,458.85,458.85,445.55,447.5,1164775
CANDC,20110816,121,124,111.95,114.35,9984
CANFINHOME,20110816,100.55,101.45,96.5,97,8423
CANTABIL,20110816,29.3,30,28,28.2,35238
CARBORUNIV,20110816,300,308.95,298,306.4,19884
CAROLINFO,20110816,231.9,233,227,229.65,3645
CASTROL,20110816,524.25,525.05,517.25,519.8,35247
CCCL,20110816,24,24.45,21.25,21.9,24079
CCL,20110816,178.8,178.8,170.75,171.55,4564
CEATLTD,20110816,90.15,92.35,88.05,88.4,70505
CEBBCO,20110816,37.5,38.4,35.4,37.5,19345
CELEBRITY,20110816,7.2,7.5,6.95,7.1,3129
CELESTIAL,20110816,28.3,28.3,26.05,26.2,6607
CENTENKA,20110816,160.1,161.8,154.05,154.6,10839
CENTEXT,20110816,2.85,2.95,2.7,2.75,18055
CENTRALBK,20110816,110.25,111.65,107.05,107.6,584806
CENTUM,20110816,88,89.85,79.5,79.65,2047
CENTURYPLY,20110816,66.1,67.6,65.1,65.7,12704
CENTURYTEX,20110816,307.5,308,285.25,289,439769
CERA,20110816,208,208,198,200.2,6563
CESC,20110816,324.5,325.7,312.25,313.75,79720
CHAMBLFERT,20110816,106.65,106.65,99.55,101.45,2935534
CHEMFALKAL,20110816,41.5,41.5,41.5,41.5,100
CHEMPLAST,20110816,6.1,7.3,6.05,6.05,80813
CHENNPETRO,20110816,214.8,214.8,212.65,213.8,78380
CHESLINTEX,20110816,14,14.75,14,14.35,3422
CHETTINAD,20110816,454.5,454.6,439,439.2,79
CHOLAFIN,20110816,158,158.95,152.15,154.65,13044
CILNOVA,20110816,14.2,15.5,14.2,15.05,2553
CINEMAX,20110816,34,34,31.05,31.1,16675
CINEVISTA,20110816,3.85,4,3.8,3.8,22219
CIPLA,20110816,296.85,296.85,281.1,285.35,917021
CLASSIC,20110816,12,12,10.55,10.6,22901
CLNINDIA,20110816,725,741.8,725,739.7,61276
CMAHENDRA,20110816,190.5,190.5,182.3,185.6,6104
CMC,20110816,1005,1015.95,1000,1013.4,2569
COALINDIA,20110816,390.1,395.4,386.2,387.05,3817965
COLPAL,20110816,920.15,929.95,903.3,908.7,32671
COMPUAGE,20110816,108,113.75,105.3,108.1,355
CONCOR,20110816,1009,1017,986.1,994.15,4528
CONSOFINVT,20110816,73.35,73.35,63.35,63.5,5188
CORAL-HUB,20110816,4.95,5.5,4.8,4.85,33280
CORDSCABLE,20110816,35.05,35.5,33.65,35.05,18700
COREPROTEC,20110816,300,300.9,295.05,296.35,77221
COROMANDEL,20110816,322.85,327.05,317.25,323.75,101342
CORPBANK,20110816,467.9,467.9,448.5,451.45,45283
COSMOFILMS,20110816,91.15,91.5,86.05,87.95,17285
COX&KINGS,20110816,222,228,216.1,219.4,753783
CPIL,20110816,294,298.5,283,288.75,2192
CREATIVEYE,20110816,5.25,5.45,5.05,5.1,622
CRESTANI,20110816,38.35,41.7,37,37.15,171708
CREWBOS,20110816,58.1,61.8,51.2,53.15,370221
CRISIL,20110816,8145,8260,7902.2,7974.6,1472
CROMPGREAV,20110816,147.2,148,141.5,143.5,2445456
CRONIMET,20110816,108.05,117,108.05,114,19405
CTE,20110816,7,7,6.75,6.8,8184
CUB,20110816,47.2,47.3,45.75,46,143087
CUMMINSIND,20110816,594,615.25,591.35,598.65,127622
CURATECH,20110816,188,188,177.1,177.1,26
CYBERMEDIA,20110816,16.5,18.5,16.5,18.5,1000
CYBERTECH,20110816,13,13,11,11.1,56783
DAAWAT,20110816,46.4,46.95,44,44.35,20324
DABUR,20110816,102,103.6,101.3,102.1,765085
DALMIABEL,20110816,143.55,156,137.95,140.4,2607
DALMIASUG,20110816,17.7,18.45,17.1,17.3,6841
DATAMATICS,20110816,29.4,30.95,29.4,29.8,24491
DBCORP,20110816,239.8,239.8,233,234.85,9775
DBREALTY,20110816,68.9,69.5,67.1,67.9,154513
DCB,20110816,52.6,53.2,49.4,50.25,1556699
DCHL,20110816,66.5,66.95,65.95,66,1275255
DCM,20110816,54,54,49.05,49.75,22737
DCMSRMCONS,20110816,46.25,47.5,45.55,45.6,23214
DCW,20110816,9.2,9.35,8.55,8.7,142995
DECCANCE,20110816,146.1,154.85,146.1,148.5,697
DEEPAKFERT,20110816,163.5,163.5,159.3,160.35,42476
DEEPAKNTR,20110816,192.95,199,189.25,191.25,303
DEEPIND,20110816,72.7,72.7,67.5,68.7,75435
DELTACORP,20110816,99.3,101.7,94.05,94.7,4708923
DEN,20110816,68,69,53.4,53.4,355834
DENABANK,20110816,85,85.2,82.05,82.45,1399827
DENORA,20110816,83,83.2,80.6,80.75,506
DENSO,20110816,60,60.7,56.1,57.6,4931
DEWANHOUS,20110816,208.9,209,201.5,204.7,36250
DHAMPURSUG,20110816,51,51,47.1,47.65,51009
DHANBANK,20110816,88,88.65,82,83.95,695226
DHANUKA,20110816,104.75,105,100.2,100.65,65715
DHARSUGAR,20110816,31.3,33,29.55,29.85,2904
DHUNINV,20110816,79,79,65.05,70.75,601
DIAPOWER,20110816,138,138,130.6,132.15,29801
DICIND,20110816,234,255,228.1,229.8,2766
DIGJAM,20110816,10.25,10.4,9.55,9.7,46808
DISHMAN,20110816,74.35,75.35,70.75,71.25,40257
DISHTV,20110816,84.3,87.15,83.5,85.55,4561443
DIVISLAB,20110816,768,771.95,733.45,737.35,143199
DLF,20110816,203.5,204.4,187,188.85,11638825
DLINKINDIA,20110816,22.3,22.55,21.25,21.4,20971
DOLPHINOFF,20110816,128.2,134.9,128.2,131.2,18207
DONEAR,20110816,22.65,22.65,21.4,21.4,581
DPSCLTD,20110816,1810,1840,1780,1817.95,92
DPTL,20110816,145.1,146.7,142,142.65,16200
DQE,20110816,38,39,34.3,35,10141
DREDGECORP,20110816,250,252.85,241.35,243,7583
DRREDDY,20110816,1496,1517,1492.65,1502.6,245875
DSKULKARNI,20110816,59.3,59.3,57.2,58.3,11012
DUNCANSIND,20110816,11.3,11.75,10.5,10.7,39706
DWARKESH,20110816,55.1,56,50.6,51.4,9621
DYNAMATECH,20110816,1424,1429.7,1280,1305.9,486
DYNASYS,20110816,0.65,0.65,0.65,0.65,5442
EASTSILK,20110816,6.55,6.85,6.5,6.65,35524
EASUNREYRL,20110816,59.3,59.9,56.15,58.2,6682
ECEIND,20110816,100.65,104.9,98.35,100.3,6097
ECLERX,20110816,800,848.4,772.9,788.4,101187
EDELWEISS,20110816,31.5,31.8,30.1,30.6,220008
EDL,20110816,100,102.6,96.1,96.6,5353
EDSERV,20110816,113.15,114.45,104.5,105.6,74489
EDUCOMP,20110816,293,293,269.1,273.6,1265220
EICHERMOT,20110816,1352,1361,1296.25,1329.75,7874
EIDPARRY,20110816,264,264,253.9,255.05,61965
EIHAHOTELS,20110816,180.5,182,166.55,171.05,6525
EIHOTEL,20110816,86,86.9,83,83.15,87244
EIMCOELECO,20110816,190,192,183.25,186.2,46
EKC,20110816,85.1,85.8,81.05,82.15,171383
ELDERPHARM,20110816,371,385,370,370.05,43088
ELECON,20110816,71.1,71.25,68.75,69.4,32451
ELECTCAST,20110816,32,32.6,31.3,32.25,801198
ELECTHERM,20110816,100.25,122,98.35,111.65,12496
ELFORGE,20110816,10.75,10.75,10.2,10.4,3116
ELGIEQUIP,20110816,70,71.45,68.5,69.35,12087
ELNET,20110816,36.3,36.4,34,35.85,2567
EMAMILTD,20110816,492,499,478.1,489.05,31774
EMCO,20110816,44.45,51.8,41.1,41.3,15970
EMKAY,20110816,46,47.3,46,47.05,4594
EMMBI,20110816,14.2,14.2,12.85,12.85,11267
EMPEESUG,20110816,22.2,22.2,21.5,22,359
ENERGYDEV,20110816,28,28,25.35,25.35,2655
ENGINERSIN,20110816,265.1,272,264,266.6,179634
ENIL,20110816,251.5,254.75,242.05,244.3,11366
ENTEGRA,20110816,21.9,22,20,21.4,10979
ERAINFRA,20110816,161,161,160,160.15,254356
EROSMEDIA,20110816,206.1,212.5,205.2,207.6,146954
ESABINDIA,20110816,504,517.5,504,506.15,5771
ESCORTS,20110816,74.9,75,65.3,66.5,2185869
ESL,20110816,7.75,7.95,7.6,7.7,252739
ESSAROIL,20110816,97.5,99,90.9,91.25,918944
ESSARPORTS,20110816,81.8,81.8,75.15,76.05,30269
ESSDEE,20110816,315,315,277,284.5,13586
ESSELPACK,20110816,40.95,40.95,39.05,39.25,14367
ESTER,20110816,32.05,32.1,30.45,30.65,20560
EUROCERA,20110816,21.5,22.4,21.1,21.1,126
EUROMULTI,20110816,8.15,8.95,8,8.05,12415
EUROTEXIND,20110816,21.35,21.35,20.8,20.8,538
EVEREADY,20110816,41.3,42.45,41.25,41.75,68307
EVERESTIND,20110816,155,155,147,148.8,7410
EVERONN,20110816,523,529.9,516,522.05,90088
EVINIX,20110816,0.95,0.95,0.8,0.8,58444
EXCELCROP,20110816,156.5,158.8,148.2,149.2,10795
EXCELINDUS,20110816,67.55,70,67,69.25,277
EXCELINFO,20110816,15.25,15.25,13.75,14,560955
EXIDEIND,20110816,159.85,160.8,156.3,158.1,789314
FACT,20110816,41,41.5,38.8,39.2,59848
FAGBEARING,20110816,1220,1282,1200,1226.55,5138
FARMAXIND,20110816,2.25,2.4,2.2,2.35,93018
FCH,20110816,171,173.8,164.1,166.3,85379
FCSSOFT,20110816,0.8,0.8,0.65,0.65,5165420
FDC,20110816,91.25,93.5,89,90.9,31381
FEDDERLOYD,20110816,72.75,74,66.6,67.95,40611
FEDERALBNK,20110816,393,393.7,377.95,382.65,734681
FIEMIND,20110816,150,152,145,146,5784
FINANTECH,20110816,730,740,721,736.05,125055
FINCABLES,20110816,41.2,41.2,39.1,39.5,57652
FINPIPE,20110816,67,67.85,64.5,65.85,16197
FIRSTLEASE,20110816,81.5,82.85,78.85,79.7,46361
FIRSTWIN,20110816,16.45,16.45,15,15,297
FKONCO,20110816,118.45,124,114.1,115.8,52157
FMGOETZE,20110816,246,250,236.75,242.15,1199
FORTIS,20110816,164.7,164.7,153.2,155.4,259909
FOSECOIND,20110816,531,531,520.05,529.9,164
FOURSOFT,20110816,10.3,10.6,9.3,9.55,20838
FSL,20110816,13.8,13.8,12.45,12.6,1238589
FUTUREVENT,20110816,9.15,9.15,8.6,8.65,580145
GABRIEL,20110816,45,45,41.75,42.05,12456
GAEL,20110816,24.5,24.8,23.05,23.35,13517
GAIL,20110816,451.9,452.05,432.05,433.85,741239
GAL,20110816,9.8,10,9.25,9.35,34652
GALLANTT,20110816,16.2,17,16.2,16.95,11480
GALLISPAT,20110816,89.15,90.4,88.8,89.45,128328
GAMMNINFRA,20110816,14.4,14.4,13.9,14,90896
GAMMONIND,20110816,75.1,76.4,73,73.95,14874
GANDHITUBE,20110816,121.1,125,121.1,124.95,2028
GANESHHOUC,20110816,130.8,130.8,123,123.25,4974
GANGOTRI,20110816,6.7,6.7,5.8,6,6313
GARDENSILK,20110816,80.2,82,75.5,76.1,18770
GARWALLROP,20110816,57.8,57.8,54.6,54.95,6414
GATI,20110816,66.85,67,61.25,62,167540
GDL,20110816,135.3,136,126.25,129.7,18651
GEECEE,20110816,34.05,35,33.2,34.1,11154
GEINDSYS,20110816,154.55,157.9,153,153.2,3446
GEMINI,20110816,21,21.95,20,20.15,14549
GENESYS,20110816,230,236.95,222,232.15,11361
GENUSPOWER,20110816,15.75,15.8,14.75,14.95,40153
GEODESIC,20110816,54.5,63.4,54.5,57.7,2280159
GEOJITBNPP,20110816,20.15,20.5,19.25,19.3,107945
GEOMETRIC,20110816,41.15,42.2,39.4,39.6,34108
GESHIP,20110816,245.05,245.05,237.25,240.55,457263
GHCL,20110816,40.1,40.9,39,39.3,58014
GICHSGFIN,20110816,90.3,91.95,88.6,88.95,29253
GILLANDERS,20110816,95,97,86.5,87.1,14928
GILLETTE,20110816,2100,2118,2025,2060.05,1645
GINNIFILA,20110816,7.5,7.95,7.1,7.25,8053
GIPCL,20110816,83.85,83.85,80.1,80.4,11289
GISOLUTION,20110816,13.9,13.9,11.2,11.2,1051
GITANJALI,20110816,314.85,316.75,308.3,312.55,806672
GKB,20110816,39,41.9,39,39.55,95
GKWLIMITED,20110816,480,510,475,500.15,107
GLAXO,20110816,2130,2144,2105,2135.45,46704
GLENMARK,20110816,331,331,321.05,322.85,447482
GLFL,20110816,3.45,3.45,3.45,3.45,237
GLOBALVECT,20110816,21.5,24.9,21,21.2,965
GLOBOFFS,20110816,98.1,100,96.2,98.45,1027
GLOBUSSPR,20110816,146,146,138,139.05,7393
GLODYNE,20110816,308,308.95,292,295.75,65803
GMBREW,20110816,97.5,97.5,94,94.25,3076
GMDCLTD,20110816,162.9,166.9,161.25,164,167906
GMRINFRA,20110816,30.65,30.85,28.7,29.25,4522856
GNFC,20110816,99.5,99.5,96.2,96.8,108597
GOACARBON,20110816,78.6,78.65,75.3,76.65,4554
GODFRYPHLP,20110816,3290,3329.95,3225,3264.95,1518
GODREJCP,20110816,421,424.7,412,415.3,143741
GODREJIND,20110816,213,215.5,203.35,204.45,421029
GODREJPROP,20110816,699,717,687,694.35,70992
GOENKA,20110816,55.3,56.45,54.1,55.05,9355
GOKEX,20110816,85.45,92.8,82,82.25,1424
GOKUL,20110816,90.8,90.8,87.05,88.7,9720
GOLDBEES,20110816,2513,2542,2513,2534.15,150331
GOLDENTOBC,20110816,64.5,66.35,64.35,65.85,2547
GOLDIAM,20110816,29.45,30.3,27.3,27.9,3969
GOLDINFRA,20110816,16,16.8,15.8,15.95,2917
GOLDSHARE,20110816,2529.9,2540.15,2520,2532.1,8242
GOLDTECH,20110816,6,6.4,5.55,5.85,16424
GPIL,20110816,156.3,163.4,154,156.4,23660
GPPL,20110816,68,68.4,65.05,66.1,58552
GRABALALK,20110816,20.05,20.05,18.25,18.3,4912
GRANULES,20110816,73.5,74.45,72.2,72.7,2086
GRAPHITE,20110816,79,79.8,74.55,75.45,854785
GRASIM,20110816,2120,2130,2083,2096.2,24235
GRAVITA,20110816,391,392,365.1,370.15,59001
GREAVESCOT,20110816,92.15,93.65,88.7,90.65,19088
GREENPLY,20110816,212,214,200.55,202.9,4941
GREENPOWER,20110816,14.7,14.7,12.9,13.3,701375
GRINDWELL,20110816,245.6,249,245,246.5,2313
GRUH,20110816,455.25,480,455.25,475.4,58941
GSFC,20110816,385.65,386.75,377.25,381.25,51727
GSKCONS,20110816,2320,2374.45,2285,2343.2,5382
GSLNOVA,20110816,2.75,2.95,2.7,2.75,7891
GSPL,20110816,101.9,102.7,99.5,100.25,1383011
GSSAMERICA,20110816,134.8,141,131,131.85,9650
GTL,20110816,58.65,59.5,50.2,51.65,6802831
GTLINFRA,20110816,13,13.4,11.55,11.65,2956920
GTNIND,20110816,12.65,12.7,12.65,12.7,407
GTNTEX,20110816,11.2,12.25,11,11.4,2086
GTOFFSHORE,20110816,182,183.35,168.75,170.35,53017
GUJALKALI,20110816,136.4,142.95,136.4,139.6,100263
GUJAPOLLO,20110816,119.8,122,113,114.45,6818
GUJFLUORO,20110816,459.9,507.6,452,487.15,741908
GUJNRECOKE,20110816,29.25,29.25,28.2,28.2,2568315
GUJNREDVR,20110816,18.5,19,18.3,18.4,23065
GUJRATGAS,20110816,452,460,444.8,447.95,113131
GUJSIDHCEM,20110816,9.1,9.1,8.5,8.55,56629
GULFOILCOR,20110816,81.8,82.5,78.4,78.8,42413
GVKPIL,20110816,18.75,19.1,17.65,17.95,6162093
HALONIX,20110816,73.7,74,70.05,73.35,695
HANUNG,20110816,128.45,128.45,119.15,120.1,97689
HARITASEAT,20110816,80,81.95,78.1,78.15,461
HARRMALAYA,20110816,70.05,70.95,68.35,68.6,14608
HATHWAY,20110816,94.05,95,86.6,89.6,37116
HAVELLS,20110816,351.95,351.95,345.15,347.05,241864
HBLPOWER,20110816,15.2,15.2,14.5,14.5,41148
HBSTOCK,20110816,11.1,12.35,11.1,11.35,2094
HCC,20110816,29.95,29.95,27.1,27.7,3343159
HCIL,20110816,51.1,52.7,49.2,50.55,53368
HCL-INSYS,20110816,76,78.8,74.5,75,102965
HCLTECH,20110816,409.95,417,409.1,411.9,440491
HDFC,20110816,677.9,681.45,642,644.5,3134178
HDFCBANK,20110816,478.4,478.4,454.65,456.45,3055648
HDFCMFGETF,20110816,2590,2599.5,2565,2591.85,5224
HDIL,20110816,118,119.4,102.1,103.55,11144714
HEG,20110816,228,228,225.3,225.8,6363
HEIDELBERG,20110816,34.5,34.95,34.05,34.2,20321
HELIOSMATH,20110816,27,27,25.3,25.55,18853
HERCULES,20110816,259,264,245.1,246.1,45524
HERITGFOOD,20110816,195,196,189,189.05,1908
HEROMOTOCO,20110816,1900,1918.9,1880.2,1890.3,385466
HEXAWARE,20110816,84.1,85.2,79.9,80.65,579273
HFCL,20110816,14,14.15,12.75,12.85,977785
HGSL,20110816,340,350,335,339.65,2416
HIKAL,20110816,288.1,304,288.1,291.5,1552
HILTON,20110816,14.85,16.2,13.65,14.2,8019
HIMATSEIDE,20110816,31.75,31.75,30.75,30.95,17999
HINDALCO,20110816,151,153.15,142.9,144.35,7224133
HINDCOMPOS,20110816,486.75,486.75,475,477,50
HINDCOPPER,20110816,239.95,239.95,230.35,231.35,29597
HINDDORROL,20110816,41.5,41.8,37.5,38,36570
HINDMOTORS,20110816,16.4,16.4,14.95,15.05,138525
HINDNATGLS,20110816,206.95,211,200,201.9,61770
HINDOILEXP,20110816,141.75,142.05,126.2,128.75,650314
HINDPETRO,20110816,382.1,386.75,369.2,377.75,558523
HINDUJAVEN,20110816,315.35,329.8,296.8,304.6,8706
HINDUNILVR,20110816,316,316,309.6,310.45,2309861
HINDZINC,20110816,127.3,128,122,122.95,434968
HIRECT,20110816,45.8,45.9,43,43.15,955
HITACHIHOM,20110816,165.05,167.8,158.6,159.7,19788
HITECHGEAR,20110816,126.65,128.9,126.65,128.3,6049
HMT,20110816,49.6,50.9,46.6,47.3,87750
HMVL,20110816,134.4,137.3,134.4,135.45,2393
HNGSNGBEES,20110816,1288,1288,1236,1236,56
HOCL,20110816,27.8,28.2,25.4,25.55,61005
HONAUT,20110816,2560,2589.9,2460,2483.3,575
HONDAPOWER,20110816,400.4,400.4,381.65,396.35,1578
HOTELEELA,20110816,40.45,40.85,38.5,38.8,314839
HOTELRUGBY,20110816,8.4,8.4,7.8,7.8,10225
HOVS,20110816,62,67.9,61.55,62.2,14100
HSIL,20110816,209,209.8,205.05,206.9,66487
HTMEDIA,20110816,153.65,156.75,152.9,153.35,9002
HYDRBADIND,20110816,328.1,344.9,327.2,329.6,6043
HYDROS&S,20110816,20.1,20.6,20,20,906
IBPOW,20110816,16,16,14.2,14.65,505795
IBREALEST,20110816,83.55,84.5,73.65,75.4,6999561
IBSEC,20110816,10.25,10.25,9.35,9.45,597037
ICICIBANK,20110816,962.1,965.7,932.65,935.6,2946524
ICIL,20110816,12.4,12.4,10,10.75,4859
ICRA,20110816,1101,1115,986.05,1004.2,20680
ICSA,20110816,83,83,79.65,80.1,38889
IDBI,20110816,118.6,119.9,116.1,117,1075261
IDEA,20110816,94,95.65,91.85,92.45,6452740
IDFC,20110816,122.5,122.5,114.1,114.6,7244035
IFBAGRO,20110816,140.1,152.8,138.25,146.6,312680
IFBIND,20110816,125.95,129.4,120.1,122.4,108606
IFCI,20110816,41.95,42.65,39.75,40,7423425
IFGLREFRAC,20110816,36.05,38,34.2,35.1,6585
IGARASHI,20110816,46.5,48.9,45.25,45.5,703
IGL,20110816,425.5,430.9,417.15,420.35,251865
IL&FSENGG,20110816,106,106.45,97,98.4,21547
IL&FSTRANS,20110816,189.95,190,185.15,187.65,50397
IMPAL,20110816,640,640,611.55,622.8,779
INDBANK,20110816,9.15,9.15,8.5,8.55,12612
INDHOTEL,20110816,72.2,73.65,70.05,70.35,1109376
INDIABULLS,20110816,167.4,167.9,156,159.9,311999
INDIACEM,20110816,71.95,73,67.05,67.5,1076589
INDIAGLYCO,20110816,129.8,137,128.1,133.6,241338
INDIAINFO,20110816,71,72.2,69.7,71.1,633209
INDIANB,20110816,215.55,218.7,213,215.75,161661
INDIANCARD,20110816,97,97.1,96,96.2,235
INDIANHUME,20110816,120,120.8,117,118.05,4347
INDLMETER,20110816,91.2,91.2,89,89,460
INDNIPPON,20110816,253.45,255,252,252.85,991
INDOASIFU,20110816,64.5,67,62.55,63.85,12130
INDOCO,20110816,388.9,398,378.05,387.75,943
INDORAMA,20110816,37.75,37.75,36.35,36.65,28808
INDOSOLAR,20110816,12,12,9.45,9.95,870013
INDOTECH,20110816,132.95,133,127,128.05,9949
INDRAMEDCO,20110816,35.4,35.8,35.2,35.25,19589
INDSWFTLAB,20110816,89.9,90.8,86,86.05,25835
INDSWFTLTD,20110816,29,29,27.55,27.8,27365
INDUSFILA,20110816,18.7,19.8,17.5,18.3,645
INDUSINDBK,20110816,259.7,259.7,231.7,256.55,229710
INEABS,20110816,586,586,565,566.65,385
INFINITE,20110816,93.05,95.3,89.25,90.05,14219
INFODRIVE,20110816,12.15,12.25,11.05,12.1,7742
INFOMEDIA,20110816,13.2,13.25,12.65,12.75,24200
INFOTECENT,20110816,118.7,119.95,117.05,118.8,5404
INFRABEES,20110816,283.25,283.25,278,278.3,148
INFY,20110816,2430,2438.25,2372.3,2399.3,1268338
INGERRAND,20110816,477,477,457,459.4,8315
INGVYSYABK,20110816,341,342.7,328.05,332.3,19497
INNOIND,20110816,97.8,99.95,92,93.7,109950
INOXLEISUR,20110816,43.05,43.5,42.15,42.55,44123
INSECTICID,20110816,365,385.95,363.95,369.05,240730
INVENTURE,20110816,186,232.45,177.65,231.3,9386506
IOB,20110816,125,126.6,117.9,119.2,342137
IOC,20110816,323.9,328.8,320,321.4,236502
IOLCP,20110816,34.55,35,34.55,34.55,325
IPCALAB,20110816,320.9,323,312.65,319.3,90802
IPGETF,20110816,2588,2600,2563,2596.15,553
IPRINGLTD,20110816,75.45,75.45,70.05,70.1,127
IRB,20110816,167.35,168,154.6,155.95,845796
ISFT,20110816,58,58.5,56.5,58.5,210
ISMTLTD,20110816,34.95,34.95,33.6,33.75,22224
ITC,20110816,201.25,201.95,198,200.5,6498252
ITDCEM,20110816,153.05,156,150,154.7,304
ITI,20110816,26.7,26.75,24.25,24.6,89833
IVC,20110816,28.25,32.6,27.3,27.7,65948
IVP,20110816,47.6,48,46,46.25,1077
IVRCLAH,20110816,35.25,35.85,32.3,33.05,32312
IVRCLINFRA,20110816,47.2,48.5,38.7,39.45,10564647
J&KBANK,20110816,830,840,800.35,822.9,31825
JAGRAN,20110816,109,111.75,108.85,110.2,46001
JAGSNPHARM,20110816,15.4,15.4,12.25,12.3,9059
JAIBALAJI,20110816,156,157.2,148.9,150.7,20917
JAICORPLTD,20110816,84.3,85.85,76.95,77.8,308556
JAMNAAUTO,20110816,121.7,125.05,120.05,124.6,464
JAYAGROGN,20110816,91,91,86.95,87.55,5549
JAYBARMARU,20110816,62.5,67.45,60.4,65,3059
JAYNECOIND,20110816,17.7,18.4,17.5,17.8,42750
JAYSREETEA,20110816,144.9,146.6,137.15,139.05,44014
JBCHEPHARM,20110816,149.45,153.4,142.2,148.45,547790
JBFIND,20110816,141.3,143.75,139.5,139.85,135183
JENSONICOL,20110816,3.85,4,3.85,3.95,16711
JETAIRWAYS,20110816,382.95,383.3,345,349.9,887293
JHS,20110816,34.2,34.2,31.5,32.05,76748
JIKIND,20110816,6.55,7.2,6.55,7.05,3029
JINDALPHOT,20110816,170.2,170.9,154.2,156.7,129957
JINDALPOLY,20110816,280,281.95,251.2,253.15,1101384
JINDALSAW,20110816,125.1,125.15,117.5,118.85,316865
JINDALSTEL,20110816,526.1,533,510.1,513.45,1003031
JINDALSWHL,20110816,712,718.2,658,667.7,37151
JINDCOT,20110816,102.65,104.25,99.05,99.7,50941
JINDRILL,20110816,420.15,422.6,405.1,406.45,2196
JINDWORLD,20110816,161.35,163,151,153.6,7184
JISLJALEQS,20110816,171.2,172.05,150.85,169.9,1612367
JKCEMENT,20110816,108,108,101.5,103.15,4103
JKIL,20110816,108,108,100.05,101.7,7550
JKLAKSHMI,20110816,42.55,43.4,40.75,41.05,33726
JKPAPER,20110816,43.5,44.3,43.15,43.6,187435
JKTYRE,20110816,92.3,92.9,86.5,87.85,76861
JMCPROJECT,20110816,136.1,139.75,130.6,131.95,3808
JMFINANCIL,20110816,19.2,19.35,18.15,18.4,293193
JMTAUTOLTD,20110816,64,72.8,64,65,215
JOCIL,20110816,298,298,286,288,1970
JPASSOCIAT,20110816,63.4,63.4,56.2,57.15,15423353
JPINFRATEC,20110816,41.05,42,40.15,40.4,97893
JPPOWER,20110816,38.3,39,37.5,37.95,627479
JSL,20110816,90.6,91.1,87,88.7,56328
JSWENERGY,20110816,62.4,62.4,56.9,57.35,670835
JSWISPAT,20110816,15.25,16,13.85,14.15,5614120
JSWSTEEL,20110816,661.85,673.8,642,644.75,1473727
JUBILANT,20110816,204.9,210.05,198,198.7,77255
JUBLFOOD,20110816,864.7,911.4,860,906.9,1665394
JUBLINDS,20110816,190,190,175.6,177,10766
JUNIORBEES,20110816,110,121.9,102.52,103.5,90099
JUPITER,20110816,16.5,16.5,14.9,15,292401
JVLAGRO,20110816,18,18.2,16.6,17,44717
JYOTHYLAB,20110816,201.2,204.9,193,198.35,333391
JYOTISTRUC,20110816,72.05,72.05,68.4,69.25,50679
KABRAEXTRU,20110816,45.85,46.45,39.7,39.9,122272
KAJARIACER,20110816,108.8,108.8,105,106.3,24527
KAKATCEM,20110816,70.4,72,70,70.9,4290
KALECONSUL,20110816,71,73,70,70.2,3111
KALINDEE,20110816,113.8,114.5,108.75,109.6,82771
KALPATPOWR,20110816,119.4,121.65,117,118.15,16491
KAMATHOTEL,20110816,80.4,82.95,78.5,80.05,3665
KANORICHEM,20110816,36.85,37.35,34.1,35,29182
KANSAINER,20110816,890,890,865,867.4,452
KARMAENG,20110816,12.7,12.9,12.25,12.45,3242
KARURVYSYA,20110816,383,386,371.1,375.7,130069
KAUSHALYA,20110816,8.25,8.55,7.75,7.95,13300
KAVVERITEL,20110816,134.2,137.55,134.2,135.05,36258
KBIL,20110816,650,755,640,640,2239
KCP,20110816,27,27.2,25.9,26.3,52958
KCPSUGIND,20110816,16.2,16.35,15,15.15,16928
KEC,20110816,72.6,73.8,70,70.3,56743
KECL,20110816,36.8,37.05,36.05,36.3,3285
KEI,20110816,18.8,19.65,18.2,18.45,11710
KEMROCK,20110816,514.95,518.95,512.2,514.45,16807
KERNEX,20110816,102,102,94.6,95.4,27933
KESARENT,20110816,55,55.95,50.7,51.4,2288
KESORAMIND,20110816,132,132.7,126,126.65,222183
KFA,20110816,29.2,31.45,26.25,26.6,1898314
KGL,20110816,9.6,9.7,8.7,8.9,1315490
KHAITANELE,20110816,102.9,103.45,93,93.35,1177
KHAITANLTD,20110816,25.55,25.55,24,24.7,144
KICL,20110816,536.45,539,500,512.85,141
KIL,20110816,14,14.75,14,14.35,3449
KILITCH,20110816,60.1,60.1,60,60,3328
KINETICMOT,20110816,17.6,18.6,16.4,17,62452
KIRIINDUS,20110816,153.45,153.45,145.6,147.9,41935
KIRLOSBROS,20110816,157.4,157.4,150,151.7,2334
KIRLOSENG,20110816,120,124.7,114.3,115.7,2417
KIRLOSIND,20110816,296.35,296.35,283.55,283.8,567
KKCL,20110816,750,770,748,752.1,11284
KLGSYSTEL,20110816,38,39.2,36.15,36.6,14412
KLRF,20110816,25,25,24.9,24.9,993
KMSUGAR,20110816,3,3.05,2.65,2.7,13790
KNRCON,20110816,114,115.95,111,113.8,16183
KOHINOOR,20110816,44.9,44.9,40,40.55,42152
KOLTEPATIL,20110816,40.05,40.9,38.2,38.35,10819
KOPRAN,20110816,26.25,27.2,25.05,25.25,44918
KOTAKBANK,20110816,461,464.8,440.2,442.5,342491
KOTAKGOLD,20110816,2520.15,2540,2506.05,2538.7,22839
KOTAKNIFTY,20110816,523,526,516,519.82,112
KOTAKPSUBK,20110816,393,393,384,385.83,515
KOTARISUG,20110816,6,6.1,5.75,5.75,73620
KOTHARIPET,20110816,7.9,8.35,7.25,7.55,7833
KOTHARIPRO,20110816,558,565,528.5,533.45,5182
KOUTONS,20110816,23.6,24.3,20.9,21.25,99623
KPIT,20110816,168,168,159.15,164.6,75020
KPRMILL,20110816,104.55,113.3,103.5,108.75,7346
KRBL,20110816,27.9,27.9,25.9,26.2,527022
KRISHNAENG,20110816,3.95,3.95,3.95,3.95,6501
KSBPUMPS,20110816,219,221.9,218,218.1,1519
KSCL,20110816,457.4,457.4,432,434.15,16111
KSE,20110816,232.5,235,205.1,214.75,858
KSERASERA,20110816,15,15.1,13.5,13.6,1212361
KSK,20110816,102,102.1,101.25,102,280813
KSL,20110816,55,57,53.3,54.1,18568
KSOILS,20110816,12.7,13.05,8.4,8.65,51064613
KTIL,20110816,76.35,76.35,76,76,595
KTKBANK,20110816,104,104.75,98.75,99.65,605944
KWALITY,20110816,155.05,156.05,154,155.75,782721
L&TFH,20110816,50.9,51.3,49,49.3,12435359
LAKPRE,20110816,45,45,43.6,43.6,104
LAKSHMIEFL,20110816,26,26,23.6,23.8,74698
LAKSHMIMIL,20110816,1751,1770,1717,1717,14
LAKSHVILAS,20110816,107.25,108,103.65,105.3,88579
LANCOIN,20110816,38,38.25,36.8,37.05,15131
LAOPALA,20110816,101,101.95,92,94.75,38943
LAXMIMACH,20110816,2075,2088.95,1960,1970.6,2946
LCCINFOTEC,20110816,0.6,0.6,0.55,0.55,102240
LGBBROSLTD,20110816,293.45,293.45,286,288.8,1688
LGBFORGE,20110816,2.65,2.65,2.5,2.55,17075
LIBERTSHOE,20110816,93,93.9,88.35,89.55,33262
LICHSGFIN,20110816,210.5,216.45,209.5,210.75,3820952
LIQUIDBEES,20110816,999.99,1000.01,999.99,999.99,325935
LITL,20110816,18.4,18.95,16.5,16.7,19479422
LLOYDELENG,20110816,52.8,53.5,51.8,52.15,21699
LLOYDFIN,20110816,1,1.15,1,1.1,5617
LLOYDSTEEL,20110816,15.1,16,14.8,14.85,271391
LML,20110816,10.1,10.25,9.2,9.35,169268
LOGIXMICRO,20110816,16.8,16.8,14.45,14.45,4574
LOKESHMACH,20110816,42,44.9,40.1,40.45,1369
LOTUSEYE,20110816,9.9,10.5,9.4,9.8,12298
LOVABLE,20110816,400,461,400,449,858805
LPDC,20110816,2.4,2.65,2.35,2.45,7964
LT,20110816,1662.2,1669,1610,1625,1217049
LUMAXAUTO,20110816,32,33.4,28.25,28.25,4021
LUMAXIND,20110816,320.4,324.9,319,321.65,3899
LUMAXTECH,20110816,176.45,178.15,175.6,175.6,187
LUPIN,20110816,458.65,458.65,450,453.55,575503
LYKALABS,20110816,15.8,16,15.25,15.4,8112
M&M,20110816,743.1,745.6,728.6,732,1941795
M&MFIN,20110816,699,699,653.5,663.15,89644
M100,20110816,7.65,7.65,7.35,7.35,225794
M50,20110816,67,71,67,68.02,62858
MAANALU,20110816,50.05,53.85,48.55,53.85,195
MADHAV,20110816,16.65,17.75,16.6,16.6,1605
MADHUCON,20110816,71,73.45,70.2,71.8,9926
MADRASCEM,20110816,86.15,87.9,85.5,86.25,16328
MADRASFERT,20110816,27.2,27.2,25.15,25.4,65706
MAGMA,20110816,74.3,75.55,73,74.35,109154
MAGNUM,20110816,5.4,5.4,5.1,5.1,1133
MAHABANK,20110816,54,54.4,50.75,51.3,99439
MAHINDFORG,20110816,65.4,66.25,62.75,63.1,11212
MAHLIFE,20110816,340.25,347.9,337.05,343.05,2864
MAHSCOOTER,20110816,327.4,327.4,316.15,317.1,188
MAHSEAMLES,20110816,354,358,354,357.25,3172
MAITHANALL,20110816,111.7,117.4,111.7,117.4,22
MALUPAPER,20110816,11.4,11.4,10.95,11.05,2255
MALWACOTT,20110816,27,27,25.55,26,418
MANAKSIA,20110816,63.3,63.3,59.4,61.35,17275
MANALIPETC,20110816,12.35,12.35,11.6,11.7,49311
MANAPPURAM,20110816,53.9,54.5,52.95,53,537321
MANDHANA,20110816,218.95,218.95,212.2,214.05,87493
MANGALAM,20110816,13.85,14.05,13.25,13.65,2987
MANGCHEFER,20110816,32.5,33.75,31,31.3,359780
MANGLMCEM,20110816,102,103,100.85,101.5,7894
MANINDS,20110816,140.3,141,138.5,139.15,75952
MANINFRA,20110816,112,112,105,106.1,2624
MANJEERA,20110816,85.1,85.1,85.1,85.1,30
MANJUSHREE,20110816,87.85,90.8,85.5,86.2,34755
MANUGRAPH,20110816,50,50.55,48.95,50.4,7692
MARALOVER,20110816,12.55,12.65,12.55,12.6,1800
MARG,20110816,81.1,83.45,78.7,79.65,70245
MARICO,20110816,159,164.9,159,161.75,251682
MARUTI,20110816,1246.2,1255.6,1220.1,1225.1,340364
MASTEK,20110816,95,97,88.9,89.4,43802
MAWANASUG,20110816,20.7,20.7,18.05,19.35,12880
MAX,20110816,177.3,187.9,177.3,184.9,615388
MBECL,20110816,140.2,142.65,132,133.5,9192
MBLINFRA,20110816,136.5,144.9,127.1,132.75,30968
MCDHOLDING,20110816,68.65,70.25,65,65.5,5671
MCDOWELL-N,20110816,995.95,995.95,962.2,968.7,316157
MCLEODRUSS,20110816,228,232.75,216.75,218.75,448463
MEGASOFT,20110816,16.35,16.85,15.8,16.1,7051
MEGH,20110816,10.5,10.5,10.15,10.2,35018
MELSTAR,20110816,8.05,8.05,7.4,7.8,1070
MERCK,20110816,650,650,626.4,630.75,1250
MHRIL,20110816,369.9,369.9,357.3,365,3121
MIC,20110816,12.9,12.9,12.5,12.5,186527
MICROSEC,20110816,26.3,26.8,25.5,26,13502
MICROTECH,20110816,112.25,113.7,107.6,110.9,27430
MINDAIND,20110816,190,204.5,187,187.7,2419
MINDTREE,20110816,373.8,373.8,352,357.5,95727
MIRCELECTR,20110816,19.25,19.75,18.5,18.6,30040
MIRZAINT,20110816,18.7,19.1,17.8,18.1,36667
MLL,20110816,27,27.8,25.65,25.9,1565571
MMFL,20110816,118,118.05,107.15,108.05,5429
MMFSL,20110816,88.1,94,86.95,86.95,40197
MMTC,20110816,760,770,745,748.45,5954
MOIL,20110816,312.05,316.6,306.2,307.55,63149
MONNETISPA,20110816,494,500,477.05,490.6,117635
MONSANTO,20110816,1900,1942.5,1827,1838.75,11368
MORARJETEX,20110816,13.5,13.5,12.65,12.95,2208
MOREPENLAB,20110816,4.1,4.2,3.75,3.9,136204
MOSERBAER,20110816,28.75,28.75,25.3,25.5,691977
MOTHERSUMI,20110816,227,232.85,224.15,226.15,394733
MOTILALOFS,20110816,87,89.35,82.25,84,2863
MOTOGENFIN,20110816,40.8,40.85,40,40.25,671
MPHASIS,20110816,407.1,417.35,390.05,392.3,209763
MRF,20110816,7146.05,7233,6781,6828,13140
MRO-TEK,20110816,12.5,12.5,11.9,11.9,2334
MRPL,20110816,69,69.95,65,65.5,425580
MSPL,20110816,46.45,47,44.75,45,8161
MTNL,20110816,40.9,40.95,37.3,37.55,1220267
MUDRA,20110816,25,25,23.85,24.05,9627
MUKANDENGG,20110816,32.4,32.4,28.7,29.5,2916
MUKANDLTD,20110816,36,38.75,35.5,36.05,16671
MUKTAARTS,20110816,49.4,49.4,39.15,40.05,5884
MUNDRAPORT,20110816,132,142.85,132,139.7,1041466
MUNJALAU,20110816,164.05,173,161.55,164,58646
MUNJALSHOW,20110816,62.15,63.2,61.65,62.05,20743
MURUDCERA,20110816,17.2,17.5,16.5,16.6,2432
MUTHOOTFIN,20110816,188,192.75,182.3,183.45,210663
MVL,20110816,25.35,25.35,24.5,24.75,14326
MVLIND,20110816,13.9,13.9,12.1,12.7,907
MYSOREBANK,20110816,565,589,561.05,564.55,1528
N100,20110816,99,99,95,95.08,948
NAGARFERT,20110816,30.8,30.95,27.95,28.1,1883505
NAGREEKCAP,20110816,25.5,25.9,24.05,24.05,1115
NAGREEKEXP,20110816,18.5,21,18,18.1,2186
NAHARCAP,20110816,51.4,52,50.35,51,1595
NAHARINDUS,20110816,44.25,44.9,44.25,44.5,12728
NAHARPOLY,20110816,23.75,24.5,23.5,23.55,1164
NAHARSPING,20110816,61.05,62.5,58.05,58.5,14708
NANDAN,20110816,2.5,2.55,2.5,2.5,188558
NATCOPHARM,20110816,262.05,266.5,256.1,258.65,7206
NATIONALUM,20110816,66,66,61.5,62.1,193752
NATNLSTEEL,20110816,15.9,15.9,14.55,14.9,7163
NAUKRI,20110816,743.85,743.85,716.05,722.15,1728
NAVINFLUOR,20110816,329.95,342,323,324.5,16680
NAVNETPUBL,20110816,62.8,63.3,60.8,61.1,54614
NBVENTURES,20110816,201,205.8,197,201.75,19003
NCC,20110816,62.6,62.85,53,54.6,2044232
NCLIND,20110816,37.05,39.5,36.35,36.5,86439
NDTV,20110816,53.4,53.4,49.15,49.8,46299
NECLIFE,20110816,21.45,21.45,20,20,29369
NEHAINT,20110816,128.2,131,113.25,118.65,210142
NELCAST,20110816,104.9,107.15,100.15,102.1,13128
NELCO,20110816,60,61.45,57.35,57.9,19061
NEPCMICON,20110816,4.3,4.3,4,4.05,58813
NESCO,20110816,621,632.05,610,611.85,83488
NESTLEIND,20110816,4200,4229,4163.05,4194.85,13279
NET4,20110816,124,127.5,123.5,123.8,31206
NETWORK18,20110816,101.55,101.95,95.5,96.9,189962
NEULANDLAB,20110816,95,95.1,93.95,94,464
NEXTMEDIA,20110816,5.15,5.3,5,5,185916
NEYVELILIG,20110816,90.2,90.2,84.75,85.1,106399
NFL,20110816,88.75,89.4,82.35,83.2,140463
NHPC,20110816,25,25.25,24.55,24.75,2390474
NIFTYBEES,20110816,526,530,514.1,516.02,82527
NIITLTD,20110816,47,47.25,46,46.5,100467
NIITTECH,20110816,196.7,202.45,192.45,196.85,397537
NILKAMAL,20110816,258.95,268,241.3,249.9,4511
NIPPOBATRY,20110816,397.95,397.95,385.05,389.15,1368
NISSAN,20110816,2.3,2.35,2.25,2.25,181419
NITCO,20110816,59.9,60.15,51.3,52.65,67806
NITESHEST,20110816,20.1,21.4,19.5,20.45,682079
NITINFIRE,20110816,132.65,132.65,104.7,110.65,658418
NITINSPIN,20110816,7.6,7.6,6.5,6.7,40139
NMDC,20110816,235,237.65,230,231.4,267127
NOCIL,20110816,16.25,16.5,15.6,15.75,159285
NOIDATOLL,20110816,22.4,22.65,21.8,21.95,277559
NOL,20110816,40,40,40,40,10
NORBTEAEXP,20110816,5,5.3,4.85,4.95,4304
NORTHGATE,20110816,12.85,12.85,11.75,11.9,39642
NOVOPANIND,20110816,42.5,42.5,42,42,305
NRBBEARING,20110816,45,45.5,44.1,44.35,4003
NRC,20110816,4.7,4.85,4.7,4.75,4000
NSIL,20110816,699,702,680,680.85,183
NTPC,20110816,177,177.2,174.5,175.45,834338
NUCENT,20110816,1.8,1.8,1.75,1.75,289
NUCHEM,20110816,3.2,3.35,3.1,3.35,2829
NUCLEUS,20110816,67.55,69.5,65.25,67.2,6830
NUMERICPW,20110816,216.3,225.5,216.2,216.7,4760
NUTEK,20110816,3.55,3.6,3.35,3.4,582597
OBEROIRLTY,20110816,231,232.3,225.05,229.2,207121
OCL,20110816,93.3,94.8,92.25,94.05,7375
OFSS,20110816,1962.55,1970,1871.15,1884.4,26173
OIL,20110816,1345.05,1369,1315.1,1324.5,34396
OILCOUNTUB,20110816,70.45,70.45,68.9,69.35,2837
OISL,20110816,54.3,55.95,52.1,52.8,5773
OMAXAUTO,20110816,38.9,38.9,36.2,37.1,7097
OMAXE,20110816,129.95,129.95,123,125.95,25274
OMKARCHEM,20110816,59.25,60,56.55,58.75,12421
OMMETALS,20110816,28,28.75,27,28.6,1690
OMNITECH,20110816,131.55,133.8,123,127.25,10294
ONGC,20110816,278.55,285.85,271.7,273.4,1524924
ONMOBILE,20110816,66.15,70.05,63.85,64.8,978231
ONWARDTEC,20110816,36,36,34.1,35,840
OPTOCIRCUI,20110816,284.2,289.2,280.1,282.15,174133
ORBITCORP,20110816,38.65,38.65,35.75,36.85,387879
ORCHIDCHEM,20110816,198.5,208.9,196.55,202.75,3676364
ORIENTABRA,20110816,29.55,30.35,29.55,29.65,3716
ORIENTALTL,20110816,8,8,7.75,8,1075
ORIENTBANK,20110816,329.1,330.9,320,324.55,392672
ORIENTCERA,20110816,50,52.8,48.55,50.7,238
ORIENTHOT,20110816,28.55,29.15,28.25,28.3,3875
ORIENTLTD,20110816,76.6,85,76.6,77.65,131
ORIENTPPR,20110816,58.15,59.4,57.8,58.85,67892
ORISSAMINE,20110816,46798.35,47000,45310,45495.2,867
OUDHSUG,20110816,26.5,26.7,24.35,24.65,6447
PAEL,20110816,24.5,24.9,21.5,21.95,7070
PAGEIND,20110816,2600,2730,2600,2640.95,25651
PANACEABIO,20110816,177.95,181,171,179.8,42737
PANCARBON,20110816,143,143,137,142.45,106
PANORAMUNI,20110816,9.6,9.6,9.05,9.1,32039
PANTALOONR,20110816,314.9,315.45,287.5,290.8,588197
PAPERPROD,20110816,85.15,86.75,83.05,83.7,54041
PARABDRUGS,20110816,35.7,35.8,34.05,34.25,38688
PARACABLES,20110816,3.15,3.15,2.8,2.85,28969
PARAL,20110816,249,258,249,249.65,9617
PARAPRINT,20110816,28,29.6,26.1,27.5,167336
PARASPETRO,20110816,0.5,0.55,0.5,0.5,12819
PAREKHPLAT,20110816,3.8,3.95,3.55,3.7,7360
PARSVNATH,20110816,45.9,46.25,45.3,45.55,590166
PATELENG,20110816,112,117.05,103,104.65,699934
PATINTLOG,20110816,27,28.5,27,28,1197
PATNI,20110816,287,287,271,273.2,69892
PATSPINLTD,20110816,12.25,13.6,12.25,13.1,1643
PBAINFRA,20110816,49.5,50.4,47.05,48.1,3389
PDUMJEIND,20110816,21.95,21.95,21.95,21.95,100
PDUMJEPULP,20110816,21.3,21.3,19.1,19.1,550
PEACOCKIND,20110816,2.65,2.95,2.65,2.65,11
PENIND,20110816,38.4,39,37.9,38.05,7462
PENINLAND,20110816,46.6,47.8,44.1,44.75,27146
PERIATEA,20110816,150,150,140,140,142
PERSISTENT,20110816,306,313.9,300,302.25,11092
PETRONENGG,20110816,373,375.5,371.25,373.25,8977
PETRONET,20110816,167.2,170.1,164.5,165.15,1033456
PFC,20110816,172,173.3,164.3,167.8,2039344
PFIZER,20110816,1431.75,1444,1405,1406.8,1697
PFOCUS,20110816,68.5,69.8,64.05,65.15,726783
PFS,20110816,18.35,18.4,18,18.1,90679
PGHH,20110816,1950,2000,1950,1964.4,2555
PHILIPCARB,20110816,137,138.4,136,136.4,13950
PHOENIXLTD,20110816,219.7,224,212.6,217.3,9789
PIDILITIND,20110816,168.3,171.4,167.05,169.85,49222
PIIND,20110816,1110.2,1116,1050,1062.15,5357
PIONEEREMB,20110816,13,14.65,12.2,12.75,3663
PIPAVAVYD,20110816,67.9,69.35,66.4,67,726780
PIRGLASS,20110816,140,145,137,138.8,88544
PIRHEALTH,20110816,386.95,387,376.95,380.55,245915
PIRLIFE,20110816,89.5,90.95,88.55,89.7,288142
PITTILAM,20110816,42,43.1,39.55,40.55,12997
PLASTIBLEN,20110816,195,197.95,190.15,190.15,649
PLETHICO,20110816,383,383,372.65,376,87399
PNB,20110816,1090,1092.45,1061.25,1068.25,228893
PNBGILTS,20110816,24.45,24.9,24,24,22413
PNC,20110816,14.2,14.2,13.8,13.85,3245
POCHIRAJU,20110816,14,14.45,13.5,13.65,2358
POLARIND,20110816,4.4,4.75,4.4,4.45,7446
POLARIS,20110816,130.25,131.95,121.85,124.45,713883
POLYPLEX,20110816,196,197.25,191.3,192.75,98986
PONDYOXIDE,20110816,29.4,31.4,29.4,30.55,9828
PONNIERODE,20110816,86,87,83.05,86.25,360
POWERGRID,20110816,104.05,104.9,103.1,103.6,2386603
PPAP,20110816,95.7,96.1,94.3,95,12485
PRADIP,20110816,79,79,76.45,77.95,1809
PRAENG,20110816,9.95,9.95,8.65,8.7,67397
PRAJIND,20110816,74,74.7,70.3,71.45,1161240
PRAKASH,20110816,59.2,59.7,56.05,56.85,76373
PRAKASHSTL,20110816,133,134,130.05,130.9,990
PRATIBHA,20110816,51,51.2,42.75,45.3,118303
PRECOT,20110816,115,118.35,108.5,109.05,1873
PRECWIRE,20110816,101.3,101.5,97,99,11208
PREMIER,20110816,81.3,81.3,76,76.65,2130
PRESTIGE,20110816,113,113,106,107.9,67388
PRETAILDVR,20110816,182.7,188.8,177,179.4,715
PRICOL,20110816,18.05,18.5,17.25,17.5,17400
PRIMESECU,20110816,19.55,20.5,19.2,19.45,12082
PRISMCEM,20110816,44.8,44.8,43,43.2,28638
PRITHVI,20110816,22.3,23.5,21.15,21.65,9352
PROVOGUE,20110816,31,31.5,28.7,28.9,408779
PSB,20110816,86.8,87,84.55,84.95,45043
PSL,20110816,66,66.4,62,62.7,81148
PSUBNKBEES,20110816,375,375,366,367.2,1194
PTC,20110816,76.5,76.95,73.55,74.25,998718
PTL,20110816,27.5,28.8,27,27,743
PUNJABCHEM,20110816,73,74.5,71.5,72.3,1247
PUNJLLOYD,20110816,63.2,64.1,55.5,56.05,6823230
PURVA,20110816,70.7,70.7,65.1,65.5,31892
PVP,20110816,7.3,7.3,6.85,7,30352
PVR,20110816,117,119.9,107.95,114.4,21402
QGOLDHALF,20110816,1262.5,1276.5,1241,1260.05,1013
QNIFTY,20110816,560,560,515,517.29,199
QUINTEGRA,20110816,3.3,3.3,3.1,3.15,20619
RADAAN,20110816,2.25,2.3,2.25,2.25,7582
RADICO,20110816,129.15,131.5,129,130.4,12341
RAINBOWPAP,20110816,58.3,59,58.3,58.65,51898
RAINCOM,20110816,33.3,33.35,32.4,32.7,123630
RAJESHEXPO,20110816,109.6,112.95,107.1,107.85,501720
RAJOIL,20110816,26,26,22.65,23.05,73377
RAJPALAYAM,20110816,218,222.4,205.2,216.1,972
RAJRAYON,20110816,10.4,10.5,10.25,10.25,2475
RAJSREESUG,20110816,39,41,39,39.8,15141
RAJTV,20110816,46.5,46.9,43.3,43.95,10114
RAJVIR,20110816,125.2,127.1,110.25,114.15,6646
RALLIS,20110816,167.45,171.75,164.2,168.3,132775
RAMANEWS,20110816,13.2,13.35,12.9,12.9,9607
RAMCOIND,20110816,43.1,43.7,43.1,43.1,8880
RAMCOSYS,20110816,68.1,68.2,66.7,66.75,9018
RAMKY,20110816,288.9,288.9,276.5,277.6,5318
RAMSARUP,20110816,12.3,12.3,10.7,10.95,41286
RANASUG,20110816,4.55,4.65,4.2,4.2,332956
RANBAXY,20110816,486.25,488.05,460.1,471.7,757943
RANEENGINE,20110816,221,222,209,209,107
RANEHOLDIN,20110816,233,239.9,222.25,226.35,286965
RANKLIN,20110816,11.9,11.95,11.9,11.95,3343
RATNAMANI,20110816,98,102.95,95,101.75,11865
RAYMOND,20110816,360.05,365.5,348.6,351.5,194868
RBL,20110816,110.05,115,109.4,113.9,3529
RBN,20110816,85.9,87.75,78,81.55,174231
RCF,20110816,87.5,88.6,80.25,81.25,896046
RCOM,20110816,85,85.8,76.1,77.55,9507143
RECLTD,20110816,189.35,189.35,183.55,186.95,1702492
REDINGTON,20110816,98,98.6,94.5,96.1,785628
REFEX,20110816,15.2,15.2,15.2,15.2,34373
REIAGROLTD,20110816,25.9,26.95,25.65,26.4,588170
REISIXTEN,20110816,31.75,31.75,29.15,29.65,2987
RELAXO,20110816,342.4,342.4,275.15,285.75,567
RELBANK,20110816,999,999,970,979.9,79
RELCAPITAL,20110816,436.55,438,406.6,411,1902709
RELGOLD,20110816,2453,2474.65,2447.75,2470.55,6887
RELGRNIFTY,20110816,502.5,502.5,500,500,26
RELIANCE,20110816,760,772.3,754.7,759.15,2580004
RELIGARE,20110816,443,448.5,440.05,443.95,3099
RELIGAREGO,20110816,2575,2605.4,2575,2595.3,241
RELINFRA,20110816,490.8,490.8,447.95,455.8,983927
RELMEDIA,20110816,99.7,101.25,91.35,92.45,329159
RENUKA,20110816,64.25,64.7,57.6,57.95,7867611
REPRO,20110816,156.4,156.4,146.1,147.15,12943
RESPONIND,20110816,110,110.45,108.5,108.7,11172
RESURGERE,20110816,0.4,0.4,0.35,0.35,12487219
REVATHI,20110816,384,384,364,364.7,166
RICOAUTO,20110816,12.35,12.35,11.3,11.45,126634
RIIL,20110816,436,438.35,412,415.95,53670
RKDL,20110816,18.1,19.25,17.7,17.9,19155
RKFORGE,20110816,103,105,101.1,102.95,811
RMCL,20110816,6.5,6.5,5.5,5.65,20734
RML,20110816,120.35,122.5,120.25,120.5,143
ROHITFERRO,20110816,33,33.4,30.6,31,64472
ROHLTD,20110816,57.5,57.85,56.25,56.75,4247
ROLTA,20110816,104.2,105.95,101.55,103.05,574670
ROMAN,20110816,20.8,22,20.05,22,6968
RPGLIFE,20110816,83.8,83.8,76.3,78.1,20115
RPOWER,20110816,92.5,92.9,83.95,85.95,2702451
RPPINFRA,20110816,73,75,68.1,70.35,23312
RSSOFTWARE,20110816,46.15,49.8,42.95,43.2,15667
RSWM,20110816,105.85,105.85,94.1,95.65,8033
RSYSTEMS,20110816,108.2,110,106,108.25,3175
RUBYMILLS,20110816,985.05,1020,940,946.7,2465
RUCHINFRA,20110816,16.8,17.25,15.8,15.95,7459
RUCHIRA,20110816,9.85,9.85,8.7,8.95,3346
RUCHISOYA,20110816,95.5,96.7,90.1,91.6,123170
RUSHIL,20110816,118,126.9,110.95,121.25,2725427
SABTN,20110816,51.2,51.25,49.8,50.1,3140
SADBHAV,20110816,147,147.95,142,143.65,18505
SAGCEM,20110816,129,135,129,135,3657
SAHPETRO,20110816,31.5,34.7,31.5,32.75,14867
SAIL,20110816,110.2,112.5,103.4,105.05,1987532
SAKHTISUG,20110816,30.35,31.5,29.1,29.35,106265
SAKSOFT,20110816,77.45,77.95,74.1,75.65,4503
SAKUMA,20110816,14.25,14.75,13.6,13.8,12769
SALSTEEL,20110816,5.75,5.95,5.6,5.6,16021
SAMBANDAM,20110816,84.6,84.6,75.2,79.25,934
SAMBHAAV,20110816,1.25,1.45,1.2,1.35,649
SANDESH,20110816,284,300,271.3,273.65,2972
SANGAMIND,20110816,33.5,33.9,32.2,32.55,12041
SANGHIIND,20110816,17.8,17.8,16,17.2,19163
SANGHIPOLY,20110816,1.4,1.45,1.35,1.45,3782
SANGHVIFOR,20110816,28.85,28.85,26.5,26.5,5372
SANGHVIMOV,20110816,130,131,123.75,124.65,9734
SANWARIA,20110816,17.95,18.1,16.4,16.9,46787
SARDAEN,20110816,174.9,180,168,170,8118
SAREGAMA,20110816,68,69,65.2,65.55,44029
SASKEN,20110816,102.9,102.9,98.5,99.15,23159
SATHAISPAT,20110816,44.5,45.4,41.05,41.4,9497
SATYAMCOMP,20110816,76.1,76.1,72,72.65,4239336
SAVERA,20110816,38,38,37.6,37.6,102
SBBJ,20110816,453.05,453.05,435.6,438.55,4722
SBIGETS,20110816,2588,2590,2565.05,2585.2,8781
SBIN,20110816,2180,2247.5,2165.35,2196.95,2720369
SBT,20110816,724.9,724.9,640.1,642.5,4809
SCI,20110816,92.8,93.05,86.25,86.75,563666
SEAMECLTD,20110816,99.55,102.75,96,99.5,7785
SEINVEST,20110816,11.4,11.65,10.6,10.6,155535
SELAN,20110816,309.7,315,295,296.75,27109
SELMCL,20110816,13,13,11.7,11.9,479224
SENTINEL,20110816,14,14,13,13.7,1154
SERVALL,20110816,6.85,7.15,6.55,6.7,37346
SESAGOA,20110816,238.25,244,229.1,230.8,1980135
SESHAPAPER,20110816,206.05,210,202.05,205.8,215
SGJHL,20110816,147.25,150,143,143.8,51924
SGL,20110816,4.7,4.7,4.6,4.6,1130
SHAHALLOYS,20110816,11,11.25,11,11.25,265
SHANTIGEAR,20110816,44,44.2,42.35,43.15,60428
SHARIABEES,20110816,112.6,112.6,111,111,62
SHARRESLTD,20110816,52.5,52.5,49,49,15673
SHASUNPHAR,20110816,72,72.8,69.05,70.5,43459
SHILPAMED,20110816,215,220,203,205.1,6365
SHILPI,20110816,14,14.3,13.55,13.65,28309
SHIV-VANI,20110816,176.45,177.5,172,173.1,11677
SHIVAMAUTO,20110816,107.85,107.85,104.25,104.25,754
SHIVTEX,20110816,24.5,25.85,24,24,5338
SHLAKSHMI,20110816,88.5,88.5,75.8,79.15,63864
SHOPERSTOP,20110816,384.15,395,380.1,383.25,195191
SHPRE,20110816,4.65,4.9,4.5,4.5,2540
SHREEASHTA,20110816,4.3,4.3,3.95,4,3274604
SHREECEM,20110816,1730,1730,1612.25,1630.65,24558
SHREERAMA,20110816,4.75,5.4,4.75,4.95,114152
SHRENUJ,20110816,54.5,56.95,51.65,52.15,19995
SHREYAS,20110816,30.5,31.6,29.5,29.5,3117
SHRIRAMCIT,20110816,624.65,624.65,550.2,551.8,2291
SHRIRAMEPC,20110816,126.2,130,125.05,125.55,3811
SHYAMTEL,20110816,40,40,36.1,36.8,7213
SICAGEN,20110816,22,22,18.75,19.4,21096
SICAL,20110816,78.35,80.25,78.35,79.8,317088
SIEMENS,20110816,871.55,888,860.25,864.35,64319
SILINV,20110816,88,88,88,88,100
SIMBHSUGAR,20110816,40.65,41.35,39.05,40.65,20122
SIMPLEX,20110816,92.7,98.65,86.3,86.4,1305
SIMPLEXINF,20110816,286,294,278,283.95,1168
SINTEX,20110816,152.5,155.2,145.45,146.45,1057025
SIRPAPER,20110816,48,48,46.6,47.9,162
SITASHREE,20110816,8.6,8.6,7.75,7.75,5072
SIYSIL,20110816,344,345,332,339.4,1243
SJVN,20110816,22.3,22.6,22.25,22.45,155865
SKFINDIA,20110816,673.85,673.85,652.8,658.4,18656
SKMEGGPROD,20110816,7.5,7.7,7.3,7.4,7785
SKSMICRO,20110816,340,340,317.7,317.7,135137
SKUMARSYNF,20110816,54.8,55.25,47.6,49.1,2385546
SMARTLINK,20110816,44.5,44.5,41,41.75,44773
SMLISUZU,20110816,372,372,360,361.15,847
SMOBILITY,20110816,100.5,102,95.1,98.9,15722
SMPL,20110816,6.95,7.3,6.3,6.4,677519
SMSPHARMA,20110816,174.65,176.95,168.75,169.05,136
SOBHA,20110816,239.9,239.9,234.15,235.2,104732
SOFTTECHGR,20110816,6,6,5.25,5.25,10
SOLARINDS,20110816,749,760.9,737,738.1,405
SOMANYCERA,20110816,48.75,48.8,47,47.05,2540
SOMATEX,20110816,6.55,6.55,6,6.1,9655
SONASTEER,20110816,15.45,15.45,14.85,15.05,45879
SONATSOFTW,20110816,32.1,34.4,32.1,33.4,448026
SOTL,20110816,632.1,642.7,620,621.8,3711
SOUISPAT,20110816,7.15,7.65,7.15,7.25,234898
SOUTHBANK,20110816,22,22.25,21.3,21.8,2003100
SPANCO,20110816,125,127.95,117,122.65,28048
SPARC,20110816,76,77,71.75,72.5,133477
SPECTACLE,20110816,14.4,15,13.75,14.95,8525
SPENTEX,20110816,11.1,11.3,10.8,10.95,10700
SPIC,20110816,30.5,30.5,27.55,27.9,586786
SPLIL,20110816,4.05,4.05,3.25,3.25,2545
SPMLINFRA,20110816,153.45,153.45,133.25,136,7437
SPYL,20110816,28.5,29.95,26.45,27.2,3776
SREINFRA,20110816,38.9,39.4,36.55,36.95,713347
SRF,20110816,302,306,295.05,301.8,39093
SRGINFOTEC,20110816,0.5,0.55,0.45,0.45,86182
SRHHLINDST,20110816,3.75,4.05,3.75,4.05,126
SRHHYPOLTD,20110816,42,42,35.7,39.1,3001
SRICHAMUND,20110816,36.75,36.75,36.75,36.75,500
SRTRANSFIN,20110816,630.95,636,590.05,597.5,963813
SSWL,20110816,272.15,279.5,263,265.75,13747
STAR,20110816,323,329.7,301,302.8,249346
STARPAPER,20110816,19.7,19.7,19,19.05,533
STCINDIA,20110816,174.1,177.75,162,163.5,48464
STER,20110816,135.2,136.9,131.5,132.45,5040201
STERLINBIO,20110816,63.5,65.15,62.6,64.7,256267
STERTOOLS,20110816,114.95,114.95,113.8,113.9,131
STRTECH,20110816,43.1,43.4,38.5,38.75,728300
SUBEX,20110816,48.3,48.5,44.1,45.7,484987
SUDAR,20110816,96.65,98.65,93.35,94.3,45420
SUDARSCHEM,20110816,700,710,700,710,245
SUJANATOW,20110816,25.35,25.9,20,20.7,982396
SUJANAUNI,20110816,4.6,4.9,4.5,4.5,14515
SUMEETINDS,20110816,28,28.8,27.3,28.2,57642
SUMMITSEC,20110816,78.25,79,74,74,859
SUNCLAYTON,20110816,166.6,166.6,138,140.9,11544
SUNDARAM,20110816,42.6,42.75,42,42.1,32226
SUNDARMFIN,20110816,548,548,525.15,538.65,5343
SUNDRMBRAK,20110816,159.95,162,156.2,157.6,1331
SUNDRMFAST,20110816,60,61.5,60,60.7,69758
SUNFLAG,20110816,28.6,28.65,27.4,27.95,119619
SUNILHITEC,20110816,95.5,95.5,86.5,87.25,24899
SUNPHARMA,20110816,477.5,484.2,472.65,473.85,221661
SUNTECK,20110816,294,294,260.6,270.15,20565
SUNTV,20110816,297.75,302.4,294.05,300.4,390369
SUPER,20110816,194,194.9,188,194.9,559
SUPERSPIN,20110816,9.75,10.3,9.35,9.65,6018
SUPPETRO,20110816,73.9,73.9,72.25,72.5,34428
SUPRAJIT,20110816,18.8,19.5,18.25,18.55,183039
SUPREMEIND,20110816,215.5,218.7,211.9,215.1,137879
SUPREMEINF,20110816,265,273.4,263.4,265.4,10992
SURAJDIAMN,20110816,45.25,45.4,43.6,43.75,12661
SURANACORP,20110816,91.85,95.5,91.8,95.5,1297
SURANAIND,20110816,408,411,404,406.9,7678
SURANAT&P,20110816,16,16,14,14.65,3648
SURANAVEL,20110816,31.5,34.85,31.5,32,112
SURYAJYOTI,20110816,24,25.75,23.25,23.4,4697
SURYALAXMI,20110816,59.8,59.8,58,58,3380
SURYAPHARM,20110816,19,19,16.3,16.55,130552
SURYAROSNI,20110816,63.7,64.5,62.05,63,9058
SUTLEJTEX,20110816,162.15,174,162.1,168,2288
SUVEN,20110816,18.65,18.65,17.8,18.15,70490
SUZLON,20110816,42.4,42.4,38,38.4,21151364
SWARAJENG,20110816,460,470.95,453,456.2,3926
SYMPHONY,20110816,1224.45,1283.8,1204.9,1216,575
SYNCOM,20110816,17.3,17.3,16.25,16.6,20590
SYNDIBANK,20110816,113.2,113.95,108.75,109.6,315831
TAINWALCHM,20110816,31.55,32.9,30,30.05,3552
TAJGVK,20110816,90.15,91.95,88.8,89.6,26807
TAKE,20110816,35.85,35.85,34,34.85,9037
TALBROAUTO,20110816,49.85,49.85,48.5,48.55,802
TALWALKARS,20110816,205,208,197.25,198.85,165806
TANFACIND,20110816,25.2,26.8,24.75,25.1,607
TANLA,20110816,11.9,11.9,10.5,10.6,160976
TANTIACONS,20110816,53.8,54.9,52,52.4,6153
TARAPUR,20110816,18.55,18.65,17.2,17.6,9790
TATACHEM,20110816,356.05,362.85,353.55,356.55,469520
TATACOFFEE,20110816,755.85,758,723.95,728.65,202375
TATACOMM,20110816,210.35,210.35,203.05,204.35,119260
TATAELXSI,20110816,207,210.1,195.1,196.25,32586
TATAGLOBAL,20110816,103.75,104,97.3,98.45,1760296
TATAINVEST,20110816,466,466,445,448.55,6893
TATAMETALI,20110816,78.95,79.5,73.5,74.25,18005
TATAMOTORS,20110816,812.1,819.9,795.05,801.55,2297080
TATAMTRDVR,20110816,456.2,458.95,431.5,436.3,323038
TATAPOWER,20110816,1089.1,1104.9,1070.25,1080.1,348591
TATASPONGE,20110816,313.25,319,310.4,311.8,3992
TATASTEEL,20110816,480,481.9,466.25,469,4218314
TCI,20110816,87.85,87.85,82.1,82.25,7241
TCIDEVELOP,20110816,187.65,187.65,167,181.9,1205
TCS,20110816,967,978.35,956.05,973.6,1491784
TECHM,20110816,749.8,749.8,719,728.35,268302
TECHNO,20110816,230,234.95,224,229.55,41736
TECHNOFAB,20110816,135.7,138,131.6,136,4827
TECPRO,20110816,278,278,261.8,274.95,37882
TELEDATAIT,20110816,0.3,0.35,0.3,0.3,205942
TELEMARINE,20110816,0.65,0.75,0.65,0.65,27018
TEXMACOLTD,20110816,32.5,33,30.3,31.25,133411
TEXMOPIPES,20110816,45.9,47.15,44.3,44.45,240919
TEXRAIL,20110816,82.15,82.5,76.45,78.5,68591
TFCILTD,20110816,30.95,30.95,29.5,29.55,31975
TFL,20110816,15.55,15.55,15.45,15.45,9009
THANGAMAYL,20110816,151.3,154,145.55,146.85,60232
THEMISMED,20110816,140,141.75,130.6,137.3,114
THERMAX,20110816,507,514,506.55,508.95,43491
THINKSOFT,20110816,39.45,39.95,36.5,37.15,35048
THIRUSUGAR,20110816,85.6,93,85.6,89.95,32
THOMASCOOK,20110816,45.75,45.9,43.35,43.6,59049
TI,20110816,41.4,41.95,39.1,39.85,92339
TIDEWATER,20110816,6950,7150,6822,6837.3,463
TIIL,20110816,40.5,40.5,38.6,38.65,7757
TIL,20110816,425.5,433,411.6,416.45,51093
TIMBOR,20110816,36.6,38.15,36.45,37.6,60477
TIMESGTY,20110816,32,32,32,32,105
TIMETECHNO,20110816,67.3,68.35,67,67.8,21861
TIMKEN,20110816,229,234.7,215.25,217.95,139384
TINPLATE,20110816,49.9,51.5,48.15,48.45,85547
TIPSINDLTD,20110816,26.7,28.15,25.9,26,10971
TIRUMALCHM,20110816,78.35,81,76.55,76.55,1114
TITAN,20110816,213.25,214.95,208,208.7,1554427
TNPETRO,20110816,17.95,17.95,16.15,16.25,39152
TNPL,20110816,106.75,107.4,102.1,103.7,29633
TODAYS,20110816,5.25,5.6,5.1,5.2,11496
TOKYOPLAST,20110816,15.5,16.5,15.5,16,2
TORNTPHARM,20110816,622,625,613.15,620.5,140788
TORNTPOWER,20110816,219.65,219.65,213.2,215.4,38239
TRENT,20110816,1190,1219.95,1184.95,1197,5599
TRF,20110816,385.95,396.6,347.9,357.05,22658
TRICOM,20110816,13.75,13.85,13.45,13.45,6516
TRIDENT,20110816,12,12,11.4,11.5,47617
TRIGYN,20110816,14.85,14.85,14.05,14.3,3642
TRIL,20110816,254.95,254.95,241.05,243.3,2880
TRIVENI,20110816,30.4,30.4,27.65,27.9,246305
TTKHEALTH,20110816,511.15,518.5,491.15,496,60778
TTKPRESTIG,20110816,3100,3100,2970,3002.55,54665
TTL,20110816,26.3,26.65,25.3,25.8,25862
TTML,20110816,19.9,19.9,18.3,18.5,3714920
TUBEINVEST,20110816,142.5,147.25,138.45,140.6,87908
TULIP,20110816,147.85,149.9,140.85,145.15,75933
TULSI,20110816,13.8,13.95,12.5,12.95,73216
TULSYAN,20110816,40.7,40.95,40.65,40.95,553
TV18BRDCST,20110816,54.5,55.8,51,52,162718
TVSELECT,20110816,21.1,21.8,20.5,20.6,7073
TVSMOTOR,20110816,54.5,54.5,50.5,51.65,1162281
TVSSRICHAK,20110816,361,361,340,349.2,852
TVTODAY,20110816,60.75,60.75,58,58.5,24427
TWILITAKA,20110816,42.05,42.75,40.1,40.4,16149
TWL,20110816,404,404,386.05,388.8,10199
UBENGG,20110816,60.25,61.3,57.5,58.05,14694
UBHOLDINGS,20110816,130.5,132.5,119,121.25,69316
UBL,20110816,450.15,464,435.1,442.2,81443
UCALFUEL,20110816,75,75.5,71.8,72.4,3945
UCOBANK,20110816,77,77.65,73.1,74.05,857220
UFLEX,20110816,187,188.7,177.2,180.7,254735
UGARSUGAR,20110816,14.15,14.2,13.05,13.25,5123
ULTRACEMCO,20110816,1031,1031,1010,1022.7,168744
UMESLTD,20110816,19.7,20.9,19.7,19.9,4282
UNICHEMLAB,20110816,148,150.45,146.1,146.9,11700
UNIENTER,20110816,31,33.5,29.3,30.15,13976
UNIONBANK,20110816,264.2,275,244.2,261.95,431048
UNIPHOS,20110816,147,150.5,146.35,147.4,1542057
UNIPLY,20110816,12.2,12.25,12.2,12.2,396
UNITECH,20110816,29.1,29.8,27.55,27.75,25583126
UNITEDBNK,20110816,88,90,85,85.8,33223
UNITEDTEA,20110816,130,130,126.5,126.5,1509
UNITY,20110816,55,55.2,48.25,51.2,51150
UNIVCABLES,20110816,61,61,52.55,53.4,1231
UPERGANGES,20110816,46.1,46.5,44,44.35,959
USHAMART,20110816,38.15,39.35,35.25,35.8,174280
USHERAGRO,20110816,130,131.95,126.05,127,255532
UTISUNDER,20110816,899.5,900,840.1,880.22,68
UTTAMSTL,20110816,82,84.3,79.1,80.55,104876
UTTAMSUGAR,20110816,34,34,31.55,32.2,3112
UTVSOF,20110816,950.55,959.9,950.55,953.7,19400
VADILALIND,20110816,143.55,143.55,138,138.7,2821
VAIBHAVGEM,20110816,39.5,41.45,38.15,38.7,2153
VAKRANSOFT,20110816,400.3,402.95,398,399.85,13972
VALECHAENG,20110816,80.25,84.9,75.1,78.1,196879
VALUEIND,20110816,18.1,18.6,17.65,17.65,3289
VARDHACRLC,20110816,9.4,9.4,8.8,8.95,34718
VARDMNPOLY,20110816,104.1,105,95.15,98.2,47208
VARUN,20110816,248.1,249.7,232,235.3,55838
VARUNSHIP,20110816,21.1,21.65,20.25,20.4,36940
VASCONEQ,20110816,58,58,51.3,52.3,13055
VENKEYS,20110816,489,497.65,463,475.45,39342
VENUSREM,20110816,228.85,234,222.1,222.8,11886
VESUVIUS,20110816,436.75,436.75,365,370.45,1119
VGUARD,20110816,220.85,222.9,212.6,213.9,40794
VHL,20110816,413.25,417.5,381.5,405,302
VICEROY,20110816,30.2,30.65,28.2,28.35,24462
VIDEOIND,20110816,183,183.05,176.5,179.9,96639
VIJAYABANK,20110816,61.9,62.45,59.3,59.85,1860519
VIJSHAN,20110816,18.45,18.45,15,15.15,3326
VIKASHMET,20110816,11.4,11.45,10.5,10.75,248681
VINATIORGA,20110816,70.05,71.4,68.5,70.15,18722
VINDHYATEL,20110816,163.45,164,150.15,150.15,3611
VINYLINDIA,20110816,11.5,11.5,10,10.2,430
VIPIND,20110816,775.1,798.95,775.1,789.3,768331
VIPUL,20110816,11,11,10.15,10.6,8944
VISAKAIND,20110816,89.75,90.5,89,89.7,6737
VISASTEEL,20110816,58,58.2,57,57.2,24097
VISESHINFO,20110816,7,7.05,6.5,6.65,4660
VISHALRET,20110816,28,28.35,26.75,26.9,52664
VISUINTL,20110816,2.2,2.5,2.1,2.25,6820
VIVIMEDLAB,20110816,279.85,288.8,273.05,275.95,35290
VLSFINANCE,20110816,10.85,11.25,10.5,10.5,21363
VOLTAMP,20110816,482,489.8,475.65,485.3,25348
VOLTAS,20110816,132,136.9,130.1,132.95,961432
VSTIND,20110816,1249.95,1260,1195.6,1203.85,11050
VSTTILLERS,20110816,533.9,533.9,508,510.55,3658
VTL,20110816,186,186.5,177,181.4,166400
VTXIND,20110816,15.3,15.3,13.8,13.95,3091
WABAG,20110816,509,530,477,484.95,6277
WABCO-TVS,20110816,1299,1330,1299,1316.05,2444
WALCHANNAG,20110816,100,103.9,97,97.9,110615
WANBURY,20110816,26.5,26.5,25.6,25.6,10010
WEBELSOLAR,20110816,50.9,50.9,48.2,48.75,3815
WEIZFOREX,20110816,80.5,84.35,80,82,3946
WEIZMANIND,20110816,11.4,11.4,8.35,8.75,2755
WELCORP,20110816,146,146,135.25,138.8,404579
WELGLOB,20110816,56.5,56.7,52,52.4,3421
WELINV,20110816,59.95,59.95,50,50.55,740
WELPROJ,20110816,52.6,53.5,48.3,48.95,11521
WELSPUNIND,20110816,33.1,33.6,31.1,31.8,40821
WENDT,20110816,1731,1740,1670.05,1678.85,607
WHEELS,20110816,274,274,262,263.35,1165
WHIRLPOOL,20110816,217.3,219.7,205.5,207.85,210721
WIPRO,20110816,345,348.85,336.7,340.4,957227
WOCKPHARMA,20110816,409.7,415,397.3,399,231542
WSI,20110816,16.85,18,16.7,17,2128
WSTCSTPAPR,20110816,79.8,79.8,77.25,78.4,34209
WWIL,20110816,7.25,7.3,6.9,6.95,656850
WYETH,20110816,1015.7,1018,1002,1007.75,2768
XLENERGY,20110816,8.2,8.2,7.1,7.25,34639
XPROINDIA,20110816,53.65,54.95,53.35,54.15,7269
YESBANK,20110816,300.55,303.5,295.7,297.15,1055139
ZANDUREALT,20110816,1843,1935,1800,1805.4,897
ZEEL,20110816,123.85,124.75,122.25,123,748130
ZEELEARN,20110816,20.25,20.25,18.85,19.15,217537
ZEENEWS,20110816,12.7,13.15,12.7,12.95,427462
ZENITHBIR,20110816,5.6,5.6,5.05,5.1,132208
ZENITHCOMP,20110816,15.3,15.4,14.05,14.05,6542
ZENITHINFO,20110816,190,190,185,185.9,93
ZENSARTECH,20110816,140,140.5,135.1,137.2,8162
ZICOM,20110816,36.6,37.5,36.2,36.4,11837
ZODIACLOTH,20110816,355,359,350,351.45,404
ZODJRDMKJ,20110816,23.35,25.75,23.35,24.05,341
ZUARIAGRO,20110816,678,686.35,678,682.25,5112
ZYDUSWELL,20110816,601.25,618,590.3,596.5,7020
ZYLOG,20110816,405.9,405.9,396,399,44437
NSENIFTY,20110816,5125.75,5132.20,5015.40,5035.80,130896704,5081.61
NIFTYJUNIOR,20110816,10353.35,10434.05,10203.35,10232.05,68684958,1311.09
BANKNIFTY,20110816,10315.10,10315.10,10023.00,10056.40,15204055,1412.70
NSEMIDCAP,20110816,7583.50,7620.45,7425.20,7446.40,131632186,1251.20
NSEIT,20110816,5514.10,5532.60,5435.10,5469.65,16464088,647.21
NSE100,20110816,5053.35,5063.80,4950.85,4969.65,199581662,6392.70
NSE500,20110816,4150.55,4162.55,4067.40,4081.30,507498112,8641.72
MIDCAP50,20110816,2262.05,2270.05,2190.80,2197.35,96847880,835.52
VIX,20110816,27.02,27.13,24.99,26.46,27.02,-0.56
