20MICRONS,20111116,67,67,62.1,62.95,92836
3IINFOTECH,20111116,20.8,20.8,20.15,20.45,1704478
3MINDIA,20111116,4105,4248,4001.05,4126.65,192
A2ZMES,20111116,137.75,139.8,130,133.95,125880
AANJANEYA,20111116,443.05,463,425,459.25,146997
AARTIDRUGS,20111116,92,92,84,87.45,5786
AARTIIND,20111116,47,49.25,38.35,46.2,350148
AARVEEDEN,20111116,31.3,32.5,29.5,30.2,5703
ABAN,20111116,400,413.4,385.15,404.25,922303
ABB,20111116,660.1,664.75,635,639.45,117716
ABBOTINDIA,20111116,1492.05,1510,1475,1502.45,2443
ABCIL,20111116,84.75,84.75,82.05,82.15,4140
ABGSHIP,20111116,398.95,404.8,388,395.2,193393
ABHISHEK,20111116,8.65,8.65,8.5,8.55,300
ABIRLANUVO,20111116,897.95,926,888.1,919.25,211482
ACC,20111116,1205,1209.9,1181.3,1193.35,111005
ACE,20111116,33.45,33.45,26.8,30.8,1121475
ACROPETAL,20111116,15.35,15.5,15.3,15.3,69493
ADANIENT,20111116,408,410,366.2,383.3,2156561
ADANIPOWER,20111116,78.3,78.9,75,76.45,527894
ADFFOODS,20111116,52.5,52.5,46.55,49.8,16105
ADHUNIK,20111116,41.8,41.8,40,40.3,163941
ADORWELD,20111116,131,132,126.65,127.15,4429
ADSL,20111116,26.5,26.85,25.75,26.4,84847
ADVANIHOTR,20111116,31.6,31.65,31.55,31.55,640
ADVANTA,20111116,414.5,414.5,389.05,400.3,40625
AEGISCHEM,20111116,171,173.9,167.1,169.65,7315
AFL,20111116,41.9,43.95,38.6,42.15,21481
AFTEK,20111116,12,12.25,11.6,11.85,131994
AGCNET,20111116,127,138.65,127,130.9,52
AGRE,20111116,38,39.8,38,38.9,8487
AGRODUTCH,20111116,6.55,6.7,6.25,6.35,16747
AHLEAST,20111116,300,307.5,290,297,1581
AHLUCONT,20111116,89.85,90,83,87,12523
AHLWEST,20111116,138.5,138.5,130.5,133.95,687
AHMEDFORGE,20111116,94,99.45,94,95.5,41745
AIAENG,20111116,309.95,309.95,280.1,286.95,2467
AJANTPHARM,20111116,319.05,322,305.05,307.45,15203
AJMERA,20111116,101,107,100.1,103.3,23387
AKSHOPTFBR,20111116,6.1,6.2,5.65,6,50513
AKZOINDIA,20111116,850.1,853.9,826.15,845.2,2996
ALBK,20111116,159.45,161.5,156,159.1,632863
ALCHEM,20111116,258.05,258.9,257.9,258.35,92404
ALEMBICLTD,20111116,17.1,17.25,16.8,16.85,34428
ALFALAVAL,20111116,2289,2290,2205.05,2233.6,11008
ALKALI,20111116,37.1,37.15,35.25,35.9,12513
ALKYLAMINE,20111116,92.5,93,89.15,89.7,347
ALLCARGO,20111116,128,130,124,128.45,9777
ALLSEC,20111116,13,13.45,11.5,13.1,10155
ALMONDZ,20111116,25,25,22.25,22.4,1195
ALOKTEXT,20111116,18.9,19.9,18.2,18.8,5561692
ALPA,20111116,7.8,8,7.8,8,2350
ALPHAGEO,20111116,69.05,73,62,66.05,5616
AMAR,20111116,128.5,131.4,126.65,128.8,164886
AMARAJABAT,20111116,216,225,215,222.8,77328
AMARJOTHI,20111116,55.95,55.95,50,51.2,254
AMBIKCO,20111116,181,199,175,186.25,37827
AMBUJACEM,20111116,159.55,160.9,156.55,157.75,1069124
AMDIND,20111116,18.5,18.5,15.6,15.65,2523
AMRUTANJAN,20111116,741,748.4,677,712.55,335432
AMTEKAUTO,20111116,113,114.9,110.6,113.2,293794
AMTEKINDIA,20111116,141.7,141.7,131.5,133.45,41392
ANANTRAJ,20111116,49,50,47.6,48.95,348059
ANDHRABANK,20111116,104.85,106.2,102.3,104.35,599835
ANDHRSUGAR,20111116,112,114.5,112,113.5,7001
ANGIND,20111116,16.2,17.5,15.65,16,2710
ANIKINDS,20111116,32.5,32.5,30,30,4011
ANSALAPI,20111116,31.9,32.9,30.5,30.95,64358
ANSALHSG,20111116,37.1,38.8,35.8,36.1,2267
APARINDS,20111116,142.95,143,135.35,141,41226
APCOTEXIND,20111116,151,159.8,150,151.05,502
APIL,20111116,524.8,524.8,491,494.85,83617
APLLTD,20111116,43.3,44,42.2,42.6,27283
APOLLOHOSP,20111116,543.05,562,540.1,544.6,23135
APOLLOTYRE,20111116,60.95,61.7,58.8,60.25,1148527
APPAPER,20111116,170.25,175.25,165.1,168.95,23627
APTECHT,20111116,109,109.4,96,101.6,538717
AQUA,20111116,16.05,16.55,15.05,15.6,550842
ARCHIES,20111116,33,33,30.55,32.05,48316
AREVAT&D,20111116,202,202,190.7,200,198729
ARIES,20111116,86,88,84,84.4,4581
ARL,20111116,2.15,2.15,2.05,2.05,99998
AROGRANITE,20111116,34.6,37.65,34.55,34.65,2581
ARROWTEX,20111116,8,9.2,7.7,9.15,3741
ARSHIYA,20111116,158.8,161.65,142.15,150.1,166886
ARSSINFRA,20111116,303.8,303.8,247.5,267.65,553816
ARVIND,20111116,89,90.4,83.6,88.45,3425377
ASAHIINDIA,20111116,55.5,59.5,55.45,58.1,54856
ASAHISONG,20111116,85.15,87,84,84.35,2847
ASAL,20111116,45.3,49,45.05,45.1,515
ASHAPURMIN,20111116,13.1,14.6,13.1,14.2,12961
ASHCONIUL,20111116,2.3,2.55,2.2,2.3,57567
ASHIANA,20111116,160,160,149.05,155.1,6873
ASHIMASYN,20111116,4.2,4.2,4.1,4.15,7591
ASHOKA,20111116,239,245,238,239.5,90541
ASHOKLEY,20111116,26.15,26.7,25.9,26.2,4578774
ASIANHOTNR,20111116,169.9,173,165.95,172.05,5028
ASIANPAINT,20111116,3021,3120,2992,3095.55,66588
ASIANTILES,20111116,41,41,34.5,38.85,526
ASIL,20111116,2,2.05,2,2.05,8
ASSAMCO,20111116,9.7,10,9.45,9.5,118630
ASTEC,20111116,31.05,32,28.7,31.3,32861
ASTERSILI,20111116,12,12,10.95,11.5,33099
ASTRAL,20111116,179.95,182.5,170,178.7,4782
ASTRAMICRO,20111116,36,36.5,35,35.95,52518
ASTRAZEN,20111116,1312,1315,1290,1312.45,160
ATFL,20111116,385.65,395,379.2,381.7,14965
ATLANTA,20111116,61.85,63.75,58.6,60,69653
ATLASCYCLE,20111116,305.35,305.35,283.1,286.95,19936
ATNINTER,20111116,0.8,0.9,0.8,0.85,1067
ATUL,20111116,173,175.8,170,173.45,21661
AURIONPRO,20111116,130,130,121,126.9,668
AUROPHARMA,20111116,97.5,97.5,91.1,91.95,1917814
AUSOMENT,20111116,33.25,35.8,33.25,34.8,525
AUTOAXLES,20111116,365.5,385.45,358.6,360.2,70
AUTOIND,20111116,79.9,81.9,72.55,79.4,88653
AUTOLITIND,20111116,15.65,15.65,14,14,9
AVENTIS,20111116,2349.95,2373.9,2300,2337.15,1954
AVTNPL,20111116,352.1,354,326.1,337.5,6581
AXIS-IT&T,20111116,88.05,90.25,86.1,87.7,21773
AXISBANK,20111116,1008.5,1021.1,977.9,1006.15,2686166
AXISGOLD,20111116,2830.65,2836.95,2816.5,2827.05,581
BAGFILMS,20111116,5.1,5.1,4.75,4.9,113834
BAJAJ-AUTO,20111116,1725,1740,1690.05,1725.7,232273
BAJAJCORP,20111116,102.5,105,100.25,103.7,630433
BAJAJELEC,20111116,179,183.4,174,179.85,28107
BAJAJFINSV,20111116,514.25,516.5,496,502,57206
BAJAJHIND,20111116,28.5,29.7,28.15,29.3,3820929
BAJAJHLDNG,20111116,736,741.9,730.3,738.2,24810
BAJFINANCE,20111116,649.9,659.95,635,645.15,6143
BALAJITELE,20111116,30.8,30.8,29.5,29.9,36022
BALAMINES,20111116,37.4,37.4,34.05,35.1,3448
BALKRISIND,20111116,185.65,185.65,173.8,175.35,4135
BALLARPUR,20111116,25.1,25.2,23.75,24.6,366675
BALMLAWRIE,20111116,552.05,563.95,549,556.5,7240
BALPHARMA,20111116,17.35,18.8,17.35,18.8,1496
BALRAMCHIN,20111116,45.2,47.1,41.45,46.4,3011811
BANARISUG,20111116,530,534.9,521.6,528.1,104
BANCOINDIA,20111116,70,71.95,69,70.15,2646
BANG,20111116,20.5,20.5,18.3,19.25,1405
BANKBARODA,20111116,765.9,768.75,735.45,746.55,546026
BANKBEES,20111116,919,926.1,909.9,919.98,531
BANKINDIA,20111116,329.8,340,320,335.7,736477
BANSWRAS,20111116,81.5,84.7,77.1,78.5,9568
BARTRONICS,20111116,48.3,48.3,46.75,47,76611
BASF,20111116,580,580.1,571.2,574.95,1683
BASML,20111116,54.5,55.5,52.25,53.5,5745
BATAINDIA,20111116,651.5,668.4,643,661.9,337807
BATLIBOI,20111116,15.05,16.4,15.05,16.1,133
BAYERCROP,20111116,809,819.5,788,808,60458
BBL,20111116,650.1,658.9,642.05,644.75,2723
BBTC,20111116,410,423.85,397,402.4,4826
BEARDSELL,20111116,38.1,39.9,38.1,39.9,50
BEDMUTHA,20111116,95.5,95.5,91,91.95,26152
BEL,20111116,1540.05,1540.05,1506,1516.15,3106
BELLCERATL,20111116,12.2,12.2,10.9,11.3,3174
BEML,20111116,500.05,500.05,485,487.35,57992
BEPL,20111116,23.6,23.6,22,22.5,3030
BERGEPAINT,20111116,106.9,106.9,101.15,102.35,112827
BFINVEST,20111116,45,45,41.15,43.4,2568
BFUTILITIE,20111116,429,439.9,414,432.6,461060
BGLOBAL,20111116,11.25,11.7,11,11.15,51237
BGRENERGY,20111116,284.8,284.8,267.15,278.3,831956
BHAGWATIHO,20111116,73,75.25,68,73.85,14804
BHAGYNAGAR,20111116,15.2,16.75,15,15.9,42601
BHARATFORG,20111116,273.15,277.4,262.6,275.55,232585
BHARATGEAR,20111116,47.7,47.7,45.5,45.8,1372
BHARATRAS,20111116,106.05,110,106.05,106.5,549
BHARTIARTL,20111116,404.9,412,395.8,401.6,6320574
BHARTISHIP,20111116,89.9,91.65,86.25,87.75,105466
BHEL,20111116,308.95,308.95,286.5,298.2,6098355
BHUSANSTL,20111116,313.55,322.05,311.55,320.15,230630
BIL,20111116,61,64.8,56,61.8,74976
BILPOWER,20111116,80.4,82.15,75.55,79.05,4869
BIMETAL,20111116,249.3,264.75,249.3,250.45,334
BINANIIND,20111116,110.5,111.25,108,108.4,31664
BINDALAGRO,20111116,60.7,62.55,60,60.15,124287
BIOCON,20111116,328,328,317.7,320.75,283551
BIRLACORPN,20111116,306.35,315,298.6,308.3,1148
BIRLACOT,20111116,0.3,0.35,0.3,0.35,419542
BIRLAERIC,20111116,12.05,12.5,11.7,12.5,1590
BIRLAPOWER,20111116,0.65,0.65,0.6,0.65,845189
BLISSGVS,20111116,23,24.7,23,24.4,42377
BLKASHYAP,20111116,10,10.25,9.25,9.9,62068
BLUECHIP,20111116,0.9,1,0.9,0.9,37509
BLUECOAST,20111116,142.2,157.15,142.2,149,292
BLUEDART,20111116,1539.95,1548.95,1476.6,1522.75,8535
BLUESTARCO,20111116,185,185,180,180.8,71917
BLUESTINFO,20111116,68,69.95,66.75,68.95,913
BOC,20111116,295,295.05,292.5,292.85,3906
BODALCHEM,20111116,15.95,16,15.7,15.9,1302
BOMDYEING,20111116,379,379.9,361.7,369.05,130682
BOSCHLTD,20111116,7088,7088,6901,6922.15,1313
BPCL,20111116,526.45,529.5,505,515.95,683366
BPL,20111116,19.25,19.25,18.15,18.3,17151
BRANDHOUSE,20111116,12.05,13.3,12.05,12.95,36203
BRFL,20111116,288.2,289.85,287,287.6,236832
BRIGADE,20111116,58.4,58.9,57.05,57.95,7317
BRITANNIA,20111116,478,487.6,473,486.1,230955
BROADCAST,20111116,6.85,7.5,6.5,6.9,1460
BROOKS,20111116,21.35,21.35,19.45,20.15,72964
BSELINFRA,20111116,3.5,3.5,3,3.2,48904
BSL,20111116,20.65,21.65,20.65,20.9,532
BSLGOLDETF,20111116,2887,2899.5,2864.35,2893.45,358
BSLNIFTY,20111116,51,51.37,48.75,50.7,301
BSTRANSCOM,20111116,106,106,101,102.45,19152
BVCL,20111116,12.65,13.4,12.65,13.05,3329
CADILAHC,20111116,718.65,727.4,712.6,725.8,81124
CAIRN,20111116,305.1,313,303.95,309.35,1014363
CALSOFT,20111116,23.7,23.7,22.65,22.65,1377
CAMBRIDGE,20111116,18.95,21.9,16.35,19,7967
CAMLIN,20111116,42.8,44,39.8,40.05,87532
CANBK,20111116,447.5,459.8,441.5,455.8,677884
CANDC,20111116,99,101.9,98.95,100.35,2728
CANFINHOME,20111116,97.5,99.85,94.75,95.15,12467
CANTABIL,20111116,22.25,22.25,21.4,21.75,5562
CARBORUNIV,20111116,144.5,170.6,144.5,168.6,135511
CAREERP,20111116,256,264.9,247,260.75,8329
CAROLINFO,20111116,147,147,145.25,145.25,577
CASTROL,20111116,453.8,453.85,436.25,437.35,27097
CCCL,20111116,17.9,18.65,17.55,18.35,23423
CCL,20111116,148,151,143,145.9,13187
CEATLTD,20111116,72.95,75.95,71.8,72.2,64483
CEBBCO,20111116,49.75,49.75,45,47.1,61819
CELEBRITY,20111116,5.35,5.35,4.75,5,441
CELESTIAL,20111116,24.4,24.4,22,22.5,10617
CENTENKA,20111116,135.65,140,133.6,135.4,6249
CENTEXT,20111116,2.35,2.35,2,2.2,15235
CENTRALBK,20111116,92.35,95.5,90.2,94.6,636262
CENTUM,20111116,50.25,54.3,50.25,54.3,6863
CENTURYPLY,20111116,57,57,52.7,52.85,30684
CENTURYTEX,20111116,292.7,294.85,279,287.15,568044
CERA,20111116,191,193.9,176.65,179,15387
CESC,20111116,254.95,258.95,242.6,249.2,134940
CHAMBLFERT,20111116,89.25,89.5,84.45,88.55,1418399
CHEMFALKAL,20111116,44.2,44.2,42.05,42.25,538
CHEMPLAST,20111116,5,5.1,4.9,4.9,167590
CHENNPETRO,20111116,191.5,194.9,191.05,193.5,18175
CHESLINTEX,20111116,10.05,10.05,9.2,9.2,13
CHETTINAD,20111116,490,490,477,484.9,118
CHOLAFIN,20111116,141.5,144.85,141.5,142.05,4728
CILNOVA,20111116,15.75,15.75,15.5,15.5,500
CINEMAX,20111116,31.6,34.45,31.6,33.95,139534
CINEVISTA,20111116,3,3.3,3,3.2,2367
CIPLA,20111116,308,313.45,305,310.5,2683485
CLASSIC,20111116,9,9,7.2,7.7,33378
CLNINDIA,20111116,643.15,655,635.1,644.1,3095
CLUTCHAUTO,20111116,32.05,33.15,30.2,32.45,11709
CMAHENDRA,20111116,170,170,155.35,156.7,2121
CMC,20111116,898.4,905,885,899.2,40865
COALINDIA,20111116,316.9,317.25,306.05,311.65,3890690
COLPAL,20111116,1012.55,1017.95,998.1,1004,28166
COMPUAGE,20111116,80,80,70.95,74.05,7969
CONCOR,20111116,960,970,952.25,958.3,10533
CONSOFINVT,20111116,55.65,58.5,55.35,58.4,1856
CORAL-HUB,20111116,5.55,6.1,5,5.15,8849
CORDSCABLE,20111116,29.95,29.95,26.65,28,4345
COREEDUTEC,20111116,272,272,264.65,270.8,27207
COROENGG,20111116,241.8,241.8,241.8,241.8,55
COROMANDEL,20111116,329.65,329.65,320.1,322.3,81569
CORPBANK,20111116,403.9,405.9,389.45,390.95,66924
COSMOFILMS,20111116,81.55,82.7,81,81.2,9746
COX&KINGS,20111116,214.1,217.15,210.6,213,78211
CREATIVEYE,20111116,5,5.1,5,5,1850
CRESTANI,20111116,31.85,31.85,30.5,30.9,12151
CREWBOS,20111116,30.8,32.6,29.65,32,45999
CRISIL,20111116,900,919,876.3,908.3,29240
CROMPGREAV,20111116,131.5,131.75,124.1,125,1414949
CRONIMET,20111116,23.35,23.35,19.55,22.05,58953
CTE,20111116,9.05,9.85,9.05,9.75,273
CUB,20111116,43.3,43.3,42.1,42.4,133049
CUBEXTUB,20111116,9.5,9.95,9.5,9.95,465
CUMMINSIND,20111116,344.1,347.85,323,334.6,2849950
CURATECH,20111116,85.15,85.15,85.15,85.15,20
CYBERMEDIA,20111116,14.1,15.2,14,14.05,1332
CYBERTECH,20111116,10.55,10.75,10.45,10.75,6501
DAAWAT,20111116,41.1,41.85,41,41.4,19262
DABUR,20111116,97.5,97.5,94.2,95.45,1937687
DALMIABEL,20111116,98.1,104.7,92.5,99.7,3944
DALMIASUG,20111116,15.6,15.95,15.5,15.65,7890
DATAMATICS,20111116,26.4,27.5,26.4,26.6,310
DBCORP,20111116,210.1,213.75,196.15,206.75,868
DBREALTY,20111116,56,64.5,52.1,63,1415786
DCB,20111116,38.6,39.9,38.35,39.45,1722139
DCHL,20111116,49.4,49.7,44.1,48.7,509731
DCM,20111116,56.65,57.15,52.1,54.2,58270
DCMSRMCONS,20111116,42,42.85,41.55,41.8,128300
DCW,20111116,8.95,10.75,8.5,8.95,276444
DECCANCE,20111116,149,149,149,149,118
DECOLIGHT,20111116,3.15,3.5,3.05,3.5,4359
DEEPAKFERT,20111116,166.8,166.8,158,158.4,15543
DEEPAKNTR,20111116,151,155,150,150.05,179
DEEPIND,20111116,67.5,69.4,67.3,67.6,3187
DELTACORP,20111116,86,87.5,81.05,85.7,8689842
DEN,20111116,69,72.9,65.35,71.6,178477
DENABANK,20111116,68.7,68.75,65.9,67.35,2131417
DENORA,20111116,82.1,84.6,80.3,80.9,2124
DENSO,20111116,50.3,51.4,49,49.45,2900
DEWANHOUS,20111116,196,196,189.15,193.9,420067
DHAMPURSUG,20111116,35,35,32.5,32.7,119934
DHANBANK,20111116,61.5,61.6,59.1,59.6,351599
DHANUKA,20111116,102,104.35,101,101.9,15820
DHARSUGAR,20111116,28.5,28.5,27,27.25,3574
DIAPOWER,20111116,107,109,102.55,104.7,28308
DICIND,20111116,210.8,214.95,210.55,212.15,362
DIGJAM,20111116,8.35,8.35,7.8,8.2,36408
DISHMAN,20111116,42.7,44.8,40.55,42.45,321982
DISHTV,20111116,68.05,68.5,63.65,65.15,3648313
DIVISLAB,20111116,731.25,731.25,710,713.55,192634
DLF,20111116,206.95,214.85,204.3,210.75,7922727
DLINKINDIA,20111116,20.05,20.6,19.5,19.95,9577
DOLPHINOFF,20111116,84.5,86.7,81.25,82.95,10504
DONEAR,20111116,20,20,19.6,19.6,778
DPSCLTD,20111116,2477.25,2477.25,2229.55,2352.95,1185
DPTL,20111116,110.05,113.95,110.05,111.3,3929
DQE,20111116,27.7,28.9,27.55,28.4,5904
DREDGECORP,20111116,218,222.2,216,219.75,3668
DRREDDY,20111116,1618,1629,1604.3,1614.65,267469
DSKULKARNI,20111116,57.1,57.1,52.6,54.95,22867
DWARKESH,20111116,36.05,37.85,35.1,36.9,10301
DYNAMATECH,20111116,1141,1150,1126.5,1136.8,61
EASTSILK,20111116,5.3,5.35,5.2,5.3,11014
ECEIND,20111116,108.25,109.8,104,105.1,1128
ECLERX,20111116,722.3,752,722.3,744.45,2845
EDELWEISS,20111116,24.95,25,23.2,24.15,364600
EDL,20111116,73.85,73.85,68.3,72.7,7588
EDSERV,20111116,70,70.5,61.65,67,694535
EDUCOMP,20111116,208,211.2,188.65,192.1,4755255
EICHERMOT,20111116,1660,1678.8,1585,1640.7,22033
EIDPARRY,20111116,215,215,206,207.15,15809
EIHAHOTELS,20111116,147.25,152.9,146.05,147.15,1349
EIHOTEL,20111116,85.1,86.5,85.05,85.8,42904
EIMCOELECO,20111116,163,169.95,163,164.15,560
EKC,20111116,47.5,48,45.05,45.45,441602
ELDERPHARM,20111116,384,389.8,380.1,384.2,40826
ELECON,20111116,63,63.4,60.1,60.95,105695
ELECTCAST,20111116,25.1,26.95,22.1,23.65,281905
ELFORGE,20111116,10.6,10.6,8.8,8.95,1371
ELGIEQUIP,20111116,69.1,71.4,69.1,70.1,12244
ELGIRUBCO,20111116,21.25,21.25,20.5,20.75,7287
ELNET,20111116,31.25,31.25,29.25,30.05,309
EMAMIINFRA,20111116,27,27,25.5,26.85,7051
EMAMILTD,20111116,440,492,423,429.05,390170
EMCO,20111116,41.9,41.9,38.5,38.85,9346
EMKAY,20111116,47,47,47,47,730
EMMBI,20111116,14.5,15.5,14.1,14.5,11441
EMPEESUG,20111116,16,16,13.75,13.85,26622
ENERGYDEV,20111116,40,42.9,38.5,40.05,6056
ENGINERSIN,20111116,232,232.9,226.8,228.45,53829
ENIL,20111116,232.6,248.4,213,239.15,38394
EONELECT,20111116,37.5,39.75,35.55,37.05,12811
ERAINFRA,20111116,151.1,151.15,149,149.65,171618
EROSMEDIA,20111116,255,262,242.55,249.15,271074
ESABINDIA,20111116,499,502.6,493.05,496.3,8928
ESCORTS,20111116,77.45,78.8,74.55,77.4,938375
ESL,20111116,5.55,5.7,5.2,5.45,1054819
ESSAROIL,20111116,76.6,78.55,74.1,77.65,834672
ESSARPORTS,20111116,72,74.5,69.5,73.4,65784
ESSDEE,20111116,156.9,156.9,146.5,147.5,18100
ESSELPACK,20111116,35,35.35,32.95,33.7,28064
ESTER,20111116,27.75,27.75,27.05,27.1,35244
EUROMULTI,20111116,6,6.2,5.65,5.9,2807
EUROTEXIND,20111116,21,23,21,23,3
EVEREADY,20111116,31,31.95,27.85,28.2,128454
EVERESTIND,20111116,143.85,143.85,134.05,136.55,6758
EVERONN,20111116,342,347.9,280.95,334.6,1865350
EXCELCROP,20111116,137,139.6,135.1,137.2,5875
EXCELINDUS,20111116,64,66.45,63.6,65,282
EXCELINFO,20111116,12,12,10.2,10.5,39211
EXIDEIND,20111116,120.4,120.95,115.1,115.95,1496304
FACT,20111116,30,30.4,28.1,28.3,37001
FAGBEARING,20111116,1249,1273.95,1235,1247.3,599
FAME,20111116,44.05,46.75,42.35,45.95,483
FARMAXIND,20111116,2.4,2.6,2.25,2.4,55335
FCH,20111116,133.35,138.9,126.2,136.45,65295
FCSSOFT,20111116,0.5,0.55,0.5,0.5,1155587
FDC,20111116,83,89.8,82.5,84.5,122565
FEDDERLOYD,20111116,58.4,60,55.05,59,25478
FEDERALBNK,20111116,375.05,390,370.4,384.1,441170
FIEMIND,20111116,161,171,157,162,2713
FILATEX,20111116,40.45,42,40.45,41.85,2453
FINANTECH,20111116,635,660,621.1,648.7,168302
FINCABLES,20111116,35.5,35.5,33.7,33.85,30602
FINPIPE,20111116,59,60.35,57.6,59.95,45968
FIRSTLEASE,20111116,61,62.4,59,60.8,10981
FIRSTWIN,20111116,14.15,14.6,14.15,14.55,331
FKONCO,20111116,106,107.45,99.05,100.25,8042
FLEXITUFF,20111116,255.5,265.25,253.05,258.1,575157
FMGOETZE,20111116,246.95,246.95,230,231.35,8790
FORTIS,20111116,122,122,117.5,118.35,288787
FOSECOIND,20111116,565,582,565,567.55,395
FSL,20111116,9.75,9.75,9.15,9.3,1535697
FTCSF5YDIV,20111116,10.95,10.95,10.95,10.95,4500
FTCSF5YGRO,20111116,13.7,13.7,13.7,13.7,300
FUTUREVENT,20111116,8.7,8.75,8.35,8.55,212124
GABRIEL,20111116,45,47.15,43.15,46.3,42411
GAEL,20111116,20.65,20.65,19,20.2,48735
GAIL,20111116,407.25,407.5,381.1,391.5,2281088
GAL,20111116,19.85,20.85,19.35,20.15,39176
GALLANTT,20111116,28.7,28.7,28.7,28.7,982
GAMMNINFRA,20111116,13.1,13.4,12.75,12.9,39502
GAMMONIND,20111116,60,60,57,57.2,19945
GANDHITUBE,20111116,116.5,128.45,116.5,122.8,1853
GANESHHOUC,20111116,110.6,116.75,110.6,114,243050
GANGOTRI,20111116,4.05,4.05,3.45,3.75,5781
GARDENSILK,20111116,64,65.25,63.5,63.55,7332
GARWALLROP,20111116,50.5,50.5,47.5,50.4,3355
GATI,20111116,29.95,30.8,26.75,29.3,1702980
GAYAPROJ,20111116,136.85,138.05,131.1,133.85,12215
GDL,20111116,134.2,135.85,127.1,129.05,63398
GEECEE,20111116,30.65,31.9,30.65,31.25,2545
GEINDSYS,20111116,133,133,127,127.9,1947
GEMINI,20111116,21.9,22.75,21.25,21.45,24912
GENESYS,20111116,170.05,176.95,165.45,172.35,3932
GENUSPOWER,20111116,13.45,13.5,13.1,13.1,24278
GEODESIC,20111116,50.5,50.5,48,48.65,181663
GEOJITBNPP,20111116,18.2,18.2,17,17.8,78350
GEOMETRIC,20111116,39.5,40,38.65,39.3,27581
GESHIP,20111116,221.5,223.5,217.1,220.8,85311
GHCL,20111116,34.45,34.45,33.4,33.7,26505
GICHSGFIN,20111116,85.2,85.2,83.5,83.6,41039
GILLANDERS,20111116,79,79,76.1,76.45,2428
GILLETTE,20111116,2075.5,2100,2021.2,2075.75,915
GINNIFILA,20111116,6.8,6.8,6.15,6.45,14151
GIPCL,20111116,75.1,75.55,71.2,71.9,20833
GISOLUTION,20111116,12,12,11.6,11.7,135
GITANJALI,20111116,352.8,354.4,345.1,352.95,1183910
GKB,20111116,35,35,32.05,32.75,318
GKWLIMITED,20111116,450,450,450,450,3216
GLAXO,20111116,2003.55,2016,1975,1983.2,64156
GLENMARK,20111116,320.05,337.4,320,335.15,936517
GLFL,20111116,2.55,2.6,2.55,2.6,1200
GLOBALVECT,20111116,19.8,19.8,15.5,16.5,1590
GLOBOFFS,20111116,75.1,78.45,75.05,77.5,1008
GLOBUSSPR,20111116,109.05,109.05,103.85,107.7,5605
GLODYNE,20111116,304.7,308.5,300.25,302.95,80439
GLORY,20111116,3.15,3.15,2.95,3,43345
GMBREW,20111116,69,72,68.1,70.35,4154
GMDCLTD,20111116,178.15,180.4,172.5,176.6,198047
GMRINFRA,20111116,22.7,23.3,21.05,21.35,6400536
GNFC,20111116,85.55,86.5,84.75,85.7,43861
GOACARBON,20111116,69.15,71.5,69.15,70.95,1772
GODFRYPHLP,20111116,3052,3168,2940,3005.55,2137
GODREJCP,20111116,412.2,416,393,398.25,396677
GODREJIND,20111116,187.5,193.5,183.6,191.1,246928
GODREJPROP,20111116,656.1,673.95,647,666.45,22441
GOENKA,20111116,30.5,32.15,30.5,31.95,17065
GOKEX,20111116,86.25,90,84.25,87.15,4416
GOKUL,20111116,87.35,90.9,86.55,90,46009
GOLDBEES,20111116,2776.05,2800,2775.6,2795.1,164070
GOLDENTOBC,20111116,50.75,52,48.45,48.65,1284
GOLDIAM,20111116,30.25,30.25,30.25,30.25,12250
GOLDINFRA,20111116,11,11.05,10.25,10.3,1100
GOLDSHARE,20111116,2750,2760,2742.8,2747.4,8436
GOLDTECH,20111116,6.5,6.85,6.15,6.7,12506
GPIL,20111116,118.85,119.95,117.55,119.2,34185
GPPL,20111116,65.7,65.7,64.25,64.55,243029
GRABALALK,20111116,18.75,19.95,17.55,19.35,959
GRANULES,20111116,64,67,63,63.5,1496
GRAPHITE,20111116,71.05,72.7,70,72,53182
GRASIM,20111116,2457.45,2457.45,2366.45,2389.6,82377
GRAVITA,20111116,445,463,438,442.05,254596
GREAVESCOT,20111116,75.3,75.4,69,73.65,38952
GREENPLY,20111116,197,201,195,200.35,852
GREENPOWER,20111116,12.25,12.45,11.8,12.05,425026
GRINDWELL,20111116,252,252,240.35,245.05,3692
GRUH,20111116,559.95,574.5,528,549.9,17686
GSFC,20111116,465,473.9,455,470.85,94781
GSKCONS,20111116,2616,2616,2540,2556,3549
GSLNOVA,20111116,2.4,2.4,2.4,2.4,93
GSPL,20111116,96,97,91.2,95.6,553070
GSS,20111116,125.8,126.5,121.05,123.85,9863
GTL,20111116,43.35,43.35,39.45,39.6,1300819
GTLINFRA,20111116,9.3,9.4,9,9.1,508002
GTNIND,20111116,12.35,12.35,12.25,12.25,200
GTNTEX,20111116,10.95,10.95,10.95,10.95,132
GTOFFSHORE,20111116,104.95,107.95,98.2,105.45,307537
GUFICBIO,20111116,6,6.6,5.85,6.15,3239
GUJALKALI,20111116,138.5,138.5,133.2,135.45,11137
GUJAPOLLO,20111116,127.05,131.05,125,130.2,21176
GUJFLUORO,20111116,478,478,436,459,309845
GUJNRECOKE,20111116,21.1,21.1,20.2,20.35,1315781
GUJNREDVR,20111116,16,16.25,15.4,15.55,34627
GUJRATGAS,20111116,390,390,371.4,376.2,45887
GUJSIDHCEM,20111116,8.3,8.45,8,8.2,46381
GULFOILCOR,20111116,64.6,66.6,62.25,63.65,45289
GVKPIL,20111116,11.7,11.75,11.2,11.25,7921187
HALONIX,20111116,66.05,66.95,61.7,63.05,3098
HANUNG,20111116,100.7,103.9,99.1,102.45,291622
HARITASEAT,20111116,92.5,92.5,74,81.5,1756
HARRMALAYA,20111116,72.3,73.65,70.1,70.55,11329
HATHWAY,20111116,115,122,110.65,117.95,284057
HAVELLS,20111116,419.65,424.75,415,420.05,397945
HBLPOWER,20111116,17.9,18.4,16.2,17,24723
HBSTOCK,20111116,12,12.2,11.6,11.85,725
HCC,20111116,24.7,25,23.1,23.95,3080686
HCIL,20111116,49.25,52.25,48,51.9,46164
HCL-INSYS,20111116,55,55,52.4,53,92616
HCLTECH,20111116,422,422,404.3,410.9,1147948
HDFC,20111116,657.8,657.8,626.25,645.4,2229348
HDFCBANK,20111116,470,472,460.3,465.7,1779400
HDFCMFGETF,20111116,2817,2838.95,2817,2831.05,6912
HDIL,20111116,78,78.65,72.4,74.65,19769755
HEG,20111116,189,191.75,182.1,182.85,16693
HEIDELBERG,20111116,32.1,32.9,31.55,32.05,25954
HELIOSMATH,20111116,22.8,22.9,22.2,22.25,8118
HERCULES,20111116,238.35,239.65,228.15,233.35,19557
HERITGFOOD,20111116,169.65,169.75,163,165.2,938
HEROMOTOCO,20111116,2149.05,2159.5,2087.45,2103.75,459599
HEXAWARE,20111116,84.4,85.75,82,83.75,856046
HFCL,20111116,12.4,12.4,11.75,12,1145780
HGSL,20111116,326.95,326.95,313.4,324.3,1923
HIKAL,20111116,267.5,267.5,260.05,264.9,572
HILTON,20111116,14,14.85,14,14.65,273
HIMATSEIDE,20111116,31.7,31.7,31,31.15,91683
HINDALCO,20111116,125.85,127.6,121.3,123.4,7628209
HINDCOMPOS,20111116,461,475,450,475,19
HINDCOPPER,20111116,206.7,207.85,196.75,203.25,29533
HINDDORROL,20111116,30.05,30.05,26,27.55,149717
HINDMOTORS,20111116,11.8,11.95,11.5,11.75,110797
HINDNATGLS,20111116,152.55,153,149.5,150.15,913
HINDOILEXP,20111116,122.8,127.9,112.4,124.9,1823736
HINDPETRO,20111116,295.1,295.95,274,286.2,2349716
HINDUJAFO,20111116,65.55,67,65.5,66,143157
HINDUJAVEN,20111116,321.2,331.95,321.2,329.65,374
HINDUNILVR,20111116,391.3,394.5,387.35,391.9,2297870
HINDZINC,20111116,117.5,117.75,114.05,116,210834
HIRAFERRO,20111116,30,30,25.5,28.75,1325
HIRECT,20111116,42.5,43.95,42,42.6,1055
HITACHIHOM,20111116,142.45,142.5,126.6,137.15,58452
HITECHGEAR,20111116,116,122,115.05,115.1,6133
HITECHPLAS,20111116,71.6,76,71.15,73,1199
HMT,20111116,37.1,37.65,36,36.95,43669
HMVL,20111116,133,138.8,133,135.05,6424
HNGSNGBEES,20111116,1289,1289.8,1271,1288,28
HOCL,20111116,20.15,20.25,19.15,19.5,40353
HONAUT,20111116,2174,2187.8,2086,2102.2,1311
HONDAPOWER,20111116,330.05,337.9,321.15,332.3,1384
HOPFL,20111116,51,53,49.1,51,3875
HORIZONINF,20111116,280,291,280,290.2,721
HOTELEELA,20111116,35.5,35.75,34.6,34.85,168682
HOVS,20111116,44,44.95,42.2,44.2,10497
HSIL,20111116,172.25,174,166.05,168.45,85266
HTMEDIA,20111116,129,129,124.6,127,6997
HUBTOWN,20111116,180,188.9,175.1,183.45,11460
HYDRBADIND,20111116,321,327.45,317,319.15,3731
HYDROS&S,20111116,19.35,19.35,16.7,19,1039
IBPOW,20111116,10.1,10.35,9.85,10,988848
IBREALEST,20111116,67.65,67.75,64.6,66.05,4574960
IBSEC,20111116,7.55,7.55,7.2,7.2,293578
IBWSL,20111116,5.4,5.8,5.35,5.5,321502
ICICIBANK,20111116,787,801,773.6,788.85,5188326
ICRA,20111116,872.3,905,872.3,889.7,3633
ICSA,20111116,45.1,46.7,42,45,124363
IDBI,20111116,103.2,104,100.5,102.9,1379697
IDEA,20111116,95.15,103.15,94.9,98.85,14349885
IDFC,20111116,114.6,116,111.3,111.95,5489947
IFBIND,20111116,81.2,81.2,68.25,69.35,144767
IFCI,20111116,27.7,28.1,26.5,26.75,11468083
IFGLREFRAC,20111116,32.5,37,32.5,35.5,6143
IGARASHI,20111116,42.5,42.5,38.5,38.55,5203
IGL,20111116,414.5,419.8,403.55,413.1,143001
IGPL,20111116,18.7,20,18.25,18.55,1919
IIFLNIFTY,20111116,504,504,498,501.95,7884
IITL,20111116,175.9,175.9,170,175.9,850
IL&FSENGG,20111116,80,80,72.55,77.4,25764
IL&FSTRANS,20111116,204.8,231,195,200,16342
IMFA,20111116,299.75,299.75,280.2,290.65,1019
IMPAL,20111116,670,670,611.55,625,317
IMPEXFERRO,20111116,6.45,6.45,5.85,5.95,12494
INDBANK,20111116,7.5,7.5,7.2,7.25,8782
INDHOTEL,20111116,60.35,61.35,58.35,59.8,3254554
INDIABULLS,20111116,131.15,132.9,128.5,131.3,708196
INDIACEM,20111116,70.75,71,69,69.6,1082188
INDIAGLYCO,20111116,134.65,160,125.15,126.5,197265
INDIAINFO,20111116,67.3,67.4,64.25,65.55,946200
INDIANB,20111116,205,206.1,201.05,204.75,384069
INDIANCARD,20111116,96.85,96.85,85.25,85.25,8
INDIANHUME,20111116,108.35,108.35,105.8,107,8453
INDLMETER,20111116,58.1,58.1,51.3,53.65,661
INDNIPPON,20111116,163.5,170,160.3,164.9,4592
INDOCO,20111116,390,400,385,399.35,2609
INDORAMA,20111116,28,30,27.5,29.75,29069
INDOSOLAR,20111116,7,7,6.5,6.85,253359
INDOTECH,20111116,113.05,113.75,110,111.4,1423
INDOTHAI,20111116,14,14,13.1,13.45,208456
INDOWIND,20111116,7.5,7.9,7.25,7.9,593136
INDRAMEDCO,20111116,34.8,35,34,34.3,12729
INDSWFTLAB,20111116,100.2,100.5,93.1,95.9,46769
INDSWFTLTD,20111116,29.5,29.95,28.75,29.05,13509
INDTERRAIN,20111116,105.6,109.05,105.6,109.05,176
INDUSFILA,20111116,12.1,13.85,12.1,13.85,72
INDUSINDBK,20111116,253.65,257.9,245.3,252.2,572764
INEABS,20111116,609,609,593.05,600.05,8442
INFINITE,20111116,80.4,81,77.05,78.6,15956
INFODRIVE,20111116,7.65,8.75,7.65,8.45,744
INFOMEDIA,20111116,10.25,10.95,9.95,10.1,18283
INFOTECENT,20111116,120,122.7,116.9,120.3,14932
INFRABEES,20111116,254,254.3,250,250,588
INFY,20111116,2795,2804,2758.3,2778.3,819081
INGERRAND,20111116,455,467,446.05,449.55,4738
INGVYSYABK,20111116,318.9,322,313,318.8,18507
INNOIND,20111116,84.25,86,82.15,84.4,7933
INOXLEISUR,20111116,46.7,46.7,44.25,44.75,61299
INSECTICID,20111116,404.9,412,385,407.1,141830
INVENTURE,20111116,170,170,161,164.8,10409
IOB,20111116,95.75,97.2,93.2,96.5,234568
IOC,20111116,275,275,263.6,267.9,932934
IOLN,20111116,6.35,6.95,6.35,6.7,5575
IPCALAB,20111116,246.5,252,246,250,167811
IPGETF,20111116,2830,2854,2825.15,2841.4,425
IPRINGLTD,20111116,54.15,61.65,54.15,56.6,1222
IRB,20111116,149.65,152.4,145.55,147.1,973975
ISFT,20111116,49,51,47.5,50.75,1417
ISMTLTD,20111116,31,32.3,29.6,29.7,44560
ITC,20111116,210,213.9,208.25,212.6,5681374
ITDCEM,20111116,143,148.5,141,145.35,1531
ITI,20111116,20.4,20.45,19.7,20.1,43367
IVC,20111116,29.3,29.5,27.2,28.6,122059
IVP,20111116,44.5,45.1,44.5,44.65,3355
IVRCLAH,20111116,27.5,30,26.1,28.45,88906
IVRCLINFRA,20111116,34,36.3,32.55,35,5615704
J&KBANK,20111116,795,815,779,803.2,5416
JAGRAN,20111116,108,110,103.3,108.2,19093
JAGSNPHARM,20111116,11.65,12,11.25,11.45,3259
JAIBALAJI,20111116,82.35,82.35,71.3,78.7,62594
JAICORPLTD,20111116,76.4,77,73,74.9,443977
JAINSTUDIO,20111116,7.5,7.5,7.5,7.5,482
JAMNAAUTO,20111116,116,117,116,116.65,89
JAYAGROGN,20111116,82.6,86.75,82.6,85.8,6881
JAYBARMARU,20111116,47,51.8,42.05,43.15,3388
JAYNECOIND,20111116,16.8,16.8,16.05,16.25,43201
JAYSREETEA,20111116,133,133.25,124.1,125.7,16690
JBCHEPHARM,20111116,70.5,70.5,68.05,68.7,49939
JBFIND,20111116,111.95,116,111,112.9,54951
JBMA,20111116,58.95,58.95,57.9,58.5,16
JCTEL,20111116,1.7,1.7,1.7,1.7,402002
JENSONICOL,20111116,3.45,3.7,3.45,3.45,16980
JETAIRWAYS,20111116,230,255,226.65,248.95,2520484
JHS,20111116,29.5,30.3,28.5,28.95,20815
JIKIND,20111116,5.85,5.85,5.2,5.5,285
JINDALPHOT,20111116,151.2,152.8,147.25,150.05,16645
JINDALPOLY,20111116,198,201.8,196.35,198.75,124927
JINDALSAW,20111116,135.8,136.4,129.5,134.25,364983
JINDALSTEL,20111116,533,554.95,521.95,550.25,1590140
JINDALSWHL,20111116,530.05,547.6,511.6,531.65,43025
JINDCOT,20111116,93.85,93.85,78.1,81.8,219792
JINDRILL,20111116,301.95,302,295.1,296.7,2235
JINDWORLD,20111116,99.5,102,96,96.1,2324
JISLJALEQS,20111116,119.9,122.9,117.1,118.9,1445024
JKCEMENT,20111116,104,104.2,98,99,31084
JKIL,20111116,148.1,151,141.65,145.35,5724
JKLAKSHMI,20111116,43.95,44.5,43,43.9,54244
JKPAPER,20111116,38.6,39.2,38.25,38.35,143229
JKTYRE,20111116,68,68,65.7,66.7,37639
JMCPROJECT,20111116,124.5,127.9,120.4,126.35,837
JMFINANCIL,20111116,16,16.4,15.6,16,183468
JMTAUTOLTD,20111116,68,68,57.25,57.6,425
JOCIL,20111116,118.1,118.1,105.1,108.25,1632
JPASSOCIAT,20111116,69.45,69.45,65.5,66.9,17365069
JPINFRATEC,20111116,43.45,43.65,39.2,39.75,1479004
JPPOWER,20111116,35.5,36.05,35,35.25,919647
JSL,20111116,81.1,94.1,74.95,79.1,534998
JSWENERGY,20111116,48,48,45.1,46.45,499147
JSWISPAT,20111116,12,12,11.5,11.75,1802241
JSWSTEEL,20111116,644,677.9,629.2,666.55,2438212
JUBILANT,20111116,208.7,211.95,206,209.15,633832
JUBLFOOD,20111116,696.5,785,696.5,769.05,2106290
JUBLINDS,20111116,200,205,195.2,202.3,7538
JUMBO,20111116,15.9,15.9,15,15,712
JUNIORBEES,20111116,98,98,94.05,95,16773
JUPITER,20111116,12.05,12.1,10.75,11.05,430251
JVLAGRO,20111116,15.7,15.8,15.3,15.5,20116
JYOTHYLAB,20111116,138.9,144.8,132,141.75,210574
JYOTISTRUC,20111116,54,56,53,53.7,88090
KABRAEXTRU,20111116,36,37.85,35,37.8,7786
KAJARIACER,20111116,109,109,100.1,100.45,519858
KAKATCEM,20111116,67,71.4,64.3,67,3316
KALECONSUL,20111116,104.4,104.4,97.35,101.15,31878
KALINDEE,20111116,110.15,112.4,108.2,109.5,123537
KALPATPOWR,20111116,100.6,104,98,101.25,46893
KAMATHOTEL,20111116,107,114.5,106.5,111.45,55089
KANDAGIRI,20111116,63,63,63,63,1
KANORICHEM,20111116,30.2,31,29.6,29.8,10863
KANSAINER,20111116,873.95,875,858.2,869.5,1940
KARMAENG,20111116,18.4,18.4,18,18.4,31314
KARURKCP,20111116,23.65,23.65,21.55,23.4,294
KARURVYSYA,20111116,379.1,379.1,373,377.25,24861
KAUSHALYA,20111116,6.75,7.1,6.4,6.5,3974
KAVVERITEL,20111116,129.5,130.15,125.75,126.5,23142
KBIL,20111116,610,610,610,610,1
KCP,20111116,24.5,25.2,24.15,25.05,16466
KCPSUGIND,20111116,17.6,17.6,16.7,16.95,24036
KEC,20111116,45.5,46.35,43.75,44.9,172863
KECL,20111116,30,31,28.5,30.15,2894
KEI,20111116,15,17.95,15,16.85,314111
KEMROCK,20111116,505,514.6,497,506.3,24222
KERNEX,20111116,91,92.3,89.35,90.25,58253
KESARENT,20111116,48,49.5,46,49.5,405
KESORAMIND,20111116,108.95,111.55,106.2,110.2,17177
KFA,20111116,21.8,26.1,21.4,24.9,20357634
KHAITANELE,20111116,90,92.8,85.25,89.45,516
KHAITANLTD,20111116,20.05,20.05,20,20.05,150
KHANDSE,20111116,18.25,19.5,18.25,18.75,1602
KICL,20111116,500.95,501.55,475.05,495.65,996
KIL,20111116,13,13.7,12.5,12.85,1856
KILITCH,20111116,58,60.95,58,59.9,359
KINETICMOT,20111116,16.6,16.95,15.95,16.75,16953
KIRIINDUS,20111116,105,105,93,94.15,36437
KIRLOSBROS,20111116,120.05,122.85,120,120.05,1090
KIRLOSENG,20111116,130,136,127.05,134.75,3727
KIRLOSIND,20111116,274,274,266,267.35,405
KITPLYIND,20111116,3.45,3.45,3,3.3,18561
KKCL,20111116,682,755.95,682,719.9,1138
KLGSYSTEL,20111116,30.35,32,29,29.35,38259
KLRF,20111116,27.4,27.4,24.05,24.05,24
KMSUGAR,20111116,2.1,2.6,2.05,2.25,1828
KNRCON,20111116,108,110.35,104.1,109.1,8033
KOHINOOR,20111116,41,41,39.05,39.4,29702
KOLTEPATIL,20111116,33.8,33.8,30.75,32.3,43715
KOPDRUGS,20111116,3.95,4.4,3.95,4,317
KOPRAN,20111116,16.5,17.1,15.8,16.7,9761
KOTAKBANK,20111116,485.1,498,481.7,491.25,569775
KOTAKGOLD,20111116,2796.05,2813.8,2786,2799.6,49753
KOTAKNIFTY,20111116,515,517,505,506.96,527
KOTAKPSUBK,20111116,321.95,322,310,317.45,125
KOTARISUG,20111116,6,6.3,5.65,5.95,43396
KOTHARIPET,20111116,6.55,7.4,5.45,6.1,15197
KOTHARIPRO,20111116,409.95,478,408.15,413.4,1535
KOUTONS,20111116,18.6,19.5,16.65,18.55,116440
KPIT,20111116,169,171,163.75,168.95,104221
KPRMILL,20111116,106.45,106.45,97.1,97.5,1207
KRBL,20111116,19,19.2,16.85,17,2300167
KRISHNAENG,20111116,2.45,2.7,2.45,2.7,301
KRITIIND,20111116,6,6,6,6,500
KSBPUMPS,20111116,185.55,189.95,181.4,184.95,1031
KSCL,20111116,460.9,469,432.25,441.1,17278
KSE,20111116,230,232,224,225.35,122
KSK,20111116,61,61,53.75,55.65,866813
KSL,20111116,43,43,41.05,41.85,34069
KSOILS,20111116,6.7,7.55,6.55,7,16453485
KTIL,20111116,71,71.9,65.05,65.05,1100
KTKBANK,20111116,78.3,78.4,75,75.45,886189
KWALITY,20111116,117.85,117.85,111.95,111.95,30318
L&TFH,20111116,47.1,48.45,47,48.2,557451
LAKPRE,20111116,39.8,39.8,37,38.15,614
LAKSHMIEFL,20111116,16.9,16.9,14.9,16.1,81222
LAKSHMIMIL,20111116,1690,1750,1690,1749.95,50
LAKSHVILAS,20111116,96.5,98.4,95.5,97.5,59867
LANCOIN,20111116,26.15,27,25.6,25.8,11136
LAOPALA,20111116,104,105.95,101,102.8,11633
LAXMIMACH,20111116,1784.7,1784.7,1700,1706.7,3385
LCCINFOTEC,20111116,0.4,0.5,0.4,0.45,57050
LGBBROSLTD,20111116,319.1,320,315,316.7,3389
LIBERTSHOE,20111116,76.3,77.5,72.65,73.1,13596
LICHSGFIN,20111116,215.7,227,213.8,225.3,2779641
LIQUIDBEES,20111116,1000,1000.01,999.99,1000,148026
LITL,20111116,13,13.5,12.55,13,16237237
LLOYDELENG,20111116,50,50,46.5,47.7,20853
LLOYDFIN,20111116,0.85,1,0.85,0.85,9349
LLOYDSTEEL,20111116,10.5,10.5,9.15,9.35,242561
LML,20111116,9,9,8.6,8.8,329947
LOGIXMICRO,20111116,18.15,20.7,17.45,17.55,12047
LOKESHMACH,20111116,38.9,39,38.5,38.75,4351
LOTUSEYE,20111116,10.55,10.55,9.1,9.2,12828
LOVABLE,20111116,374.9,388,354,380.35,1862952
LPDC,20111116,2.25,2.7,2.05,2.2,19239
LT,20111116,1276.9,1276.9,1224,1236.5,3480940
LUMAXAUTO,20111116,28.15,29.25,28.05,28.9,1457
LUMAXIND,20111116,387.45,397.75,387,390.05,19375
LUMAXTECH,20111116,170.95,170.95,157.1,159.3,2893
LUPIN,20111116,460.35,463.95,452.6,455.95,408585
LYKALABS,20111116,11.7,11.7,11.55,11.65,10405
M&M,20111116,763.25,780.7,755.15,775.25,2142694
M&MFIN,20111116,665.5,665.5,636.05,651.9,7511
M100,20111116,6.92,6.92,6.66,6.75,905731
M50,20111116,65,68.85,65,65.72,13772
MAANALU,20111116,46.05,46.05,46.05,46.05,170
MADHAV,20111116,16.5,17.6,16.5,17,619
MADHUCON,20111116,55.05,55.05,51.1,52.55,13987
MADRASCEM,20111116,114,117.55,111.15,116.9,91428
MADRASFERT,20111116,20.3,21.9,19.3,20.65,95133
MAGMA,20111116,59.4,62,56,60.8,27998
MAGNUM,20111116,4.7,4.7,4.3,4.3,2034
MAHABANK,20111116,48,48.7,47.2,48.15,83534
MAHINDFORG,20111116,60,62.5,59.55,62,18008
MAHINDUGIN,20111116,51.6,52,48,49.6,10128
MAHLIFE,20111116,288,290,280.3,282.65,22916
MAHSCOOTER,20111116,305.25,312,305,306.3,1151
MAHSEAMLES,20111116,330,339.95,330,337.35,2672
MAITHANALL,20111116,97.05,97.05,95.05,95.05,55
MALUPAPER,20111116,10.1,10.1,9.7,9.85,1931
MALWACOTT,20111116,22.1,23.35,22.1,22.4,513
MANAKSIA,20111116,56,56.5,54.55,54.9,7520
MANALIPETC,20111116,10.75,10.75,9.85,9.95,83498
MANAPPURAM,20111116,63.2,63.2,61.25,61.95,610580
MANDHANA,20111116,240,246,237,242.35,99584
MANGALAM,20111116,13.9,13.9,13.35,13.7,4211
MANGCHEFER,20111116,31.05,33,30.9,32.65,392182
MANGLMCEM,20111116,97.65,100,94.25,95.55,25736
MANGTIMBER,20111116,18.2,20.2,18.2,18.65,2610
MANINDS,20111116,130.55,133.95,123.5,131.35,7568
MANINFRA,20111116,114,114,110.2,112.8,1137
MANJEERA,20111116,87.95,87.95,71.35,80.5,932
MANJUSHREE,20111116,77.25,77.5,75.1,76,5271
MANUGRAPH,20111116,49.65,52,49.5,51.75,4250
MARALOVER,20111116,11,13.6,10.9,11.2,2484
MARG,20111116,84.95,88.05,81.25,84.8,128954
MARICO,20111116,148.6,148.6,144.6,146.55,184882
MARKSANS,20111116,1.9,2.05,1.9,1.95,232413
MARUTI,20111116,1009,1009,981.5,991.4,606285
MASTEK,20111116,81.25,81.25,76.7,77.6,56608
MAWANASUG,20111116,16.45,16.45,15.2,15.6,7361
MAX,20111116,175,177,168.4,174.35,248725
MAXWELL,20111116,26,26,24.3,24.8,34194
MBECL,20111116,107.05,108.85,102.25,103,18888
MBLINFRA,20111116,110,114.85,106.95,113.35,4316
MBSWITCH,20111116,134.4,134.4,129.9,129.9,142053
MCDHOLDING,20111116,46.05,49.5,43,45.1,11566
MCDOWELL-N,20111116,755.55,812.9,753.5,803.4,1313908
MCLEODRUSS,20111116,234.8,234.8,220.1,222.3,534577
MEGASOFT,20111116,13.35,13.5,12.95,13.2,10733
MEGH,20111116,8.6,8.8,8.45,8.55,44403
MERCK,20111116,655.3,663,655.25,661.55,4332
MHRIL,20111116,317,317,304,306.8,7492
MIC,20111116,7.5,7.6,6.85,7.05,446794
MICROSEC,20111116,29.5,29.5,28,28.05,11768
MICROTECH,20111116,132.8,132.8,126,130.1,38032
MINDAIND,20111116,171.1,178,165.5,172.45,220
MINDTREE,20111116,384.2,398.95,384.2,396.9,30331
MIRCELECTR,20111116,17.55,18,16.55,16.95,120285
MIRZAINT,20111116,18,18.25,17.35,17.55,83612
MLL,20111116,23.3,23.5,21.8,22.9,1261751
MMFL,20111116,95.5,98.25,93,95.1,2314
MMFSL,20111116,90.15,92.35,85.15,86.95,6264
MMTC,20111116,627,627,599.1,601.85,7659
MOIL,20111116,238,238.55,233.1,233.55,69686
MONNETISPA,20111116,400,400,377.1,396.55,31040
MONSANTO,20111116,740,763.95,740,752.55,1544
MORARJETEX,20111116,13.05,13.85,12.75,12.75,1304
MOREPENLAB,20111116,3.55,3.55,3.4,3.4,285513
MOSERBAER,20111116,22,22.6,21.45,22.1,334787
MOTHERSUMI,20111116,156.5,160.8,146,152,2145227
MOTILALOFS,20111116,82.05,84,80.65,82.2,13472
MOTOGENFIN,20111116,39.8,39.8,37.1,37.75,689
MPHASIS,20111116,317.8,317.8,285.05,287.75,694840
MPSLTD,20111116,33.8,34.9,33.8,34.75,10540
MRF,20111116,6743.9,6774.9,6562.2,6574.6,4082
MRO-TEK,20111116,9.6,9.9,9.5,9.5,4555
MRPL,20111116,61.7,63.5,60.7,63.15,617144
MSPL,20111116,38.75,38.75,33.15,35.15,38969
MTNL,20111116,27.4,27.45,26.55,26.75,554430
MUDRA,20111116,20.1,20.8,19.1,20.25,2593
MUKANDENGG,20111116,24.4,25.45,24.25,25.25,16986
MUKANDLTD,20111116,28.6,28.6,27.3,27.95,12197
MUNDRAPORT,20111116,144.2,144.2,130.2,132.55,3855162
MUNJALAU,20111116,190.6,194,176.95,182.6,14240
MUNJALSHOW,20111116,64.1,67.2,64.1,66.45,80663
MURLIIND,20111116,19,23.65,18.5,19.05,1250
MURUDCERA,20111116,16.9,16.9,15.5,16.2,298
MUTHOOTFIN,20111116,184,184.9,180,181.3,321632
MVL,20111116,24.65,24.9,20.55,23.35,349195
MVLIND,20111116,11.05,12.9,11.05,12.2,3788
MYSOREBANK,20111116,500.05,518,500.05,513.9,2280
N100,20111116,116,116.5,113,114.6,2041
NAGREEKCAP,20111116,20,21.8,20,21.6,3301
NAGREEKEXP,20111116,18,18.5,17.15,17.35,1425
NAHARCAP,20111116,51.7,51.7,45.4,45.5,2767
NAHARINDUS,20111116,37.5,37.8,36.5,36.8,1250
NAHARPOLY,20111116,24,24,20.5,22.6,977
NAHARSPING,20111116,49.5,51.5,47.35,51.25,8369
NANDAN,20111116,2,2.05,1.95,1.95,100707
NATCOPHARM,20111116,222,222,217,219.15,8608
NATHSEED,20111116,8.65,8.9,8,8.65,8344
NATIONALUM,20111116,57.2,57.2,54.55,55.55,135491
NATNLSTEEL,20111116,14.15,14.95,14.1,14.2,7282
NAUKRI,20111116,689,702,665.3,691.75,8609
NAVINFLUOR,20111116,370.05,371.95,358.8,368.05,17287
NAVNETPUBL,20111116,63.4,63.4,60.55,61,57902
NBVENTURES,20111116,179.85,189.3,178,180.7,16254
NCC,20111116,45.05,45.85,42.8,44.15,566108
NCLIND,20111116,36.1,37.75,35.8,36.25,6025
NCOPPER,20111116,18.05,19.3,18.05,18.5,41341
NDTV,20111116,41.1,41.5,39.05,39.45,66218
NECLIFE,20111116,19.05,20.5,16.7,19.55,128573
NELCAST,20111116,24.05,24.2,23,23.5,35216
NELCO,20111116,52,53,50.25,51.5,35234
NEOCURE,20111116,2.2,2.2,2.2,2.2,3
NEPCMICON,20111116,3.35,3.35,2.95,3.15,30222
NESCO,20111116,590,597.7,583,588.15,15600
NESTLEIND,20111116,4421.5,4450,4353.15,4419.95,33620
NET4,20111116,156,157,153.75,155.6,30156
NETWORK18,20111116,52.1,53.35,48.75,49.5,35019
NEULANDLAB,20111116,74.25,76,74.25,74.25,136
NEXTMEDIA,20111116,4.4,5.25,4.3,4.9,21707
NEYVELILIG,20111116,74.15,74.4,72.45,73.8,90967
NFL,20111116,63.15,64.25,61.05,61.25,25444
NHPC,20111116,23.8,23.8,23.45,23.6,2746538
NICCO,20111116,2.25,2.35,2.2,2.25,5264
NIFTYBEES,20111116,515,515,506.55,510.7,139314
NIITLTD,20111116,46.95,47.45,46.1,46.8,85185
NIITTECH,20111116,201.2,206,198.4,202.15,44089
NILKAMAL,20111116,247.9,247.9,229.1,234.5,5677
NIPPOBATRY,20111116,391,391,385,385.4,320
NITCO,20111116,42.55,45.75,40.3,41.15,10186
NITESHEST,20111116,16.1,16.6,15.8,15.9,22274
NITINFIRE,20111116,35,36.6,33.4,36.1,403467
NITINSPIN,20111116,5.95,6.15,5.9,6.05,11243
NMDC,20111116,209.2,214,206.7,210.75,248419
NOCIL,20111116,16.6,16.6,16,16.1,143052
NOIDATOLL,20111116,23,23.65,22.55,23.45,274274
NORBTEAEXP,20111116,5,5.4,4.9,5.2,2593
NORTHGATE,20111116,10.05,10.5,9.6,10.15,18589
NOVOPANIND,20111116,39,42,39,39,3
NRBBEARING,20111116,41.9,41.9,39.8,41.3,1398
NRC,20111116,3.35,4.1,3.35,3.65,1188
NSIL,20111116,606,608,591,601.7,113
NTPC,20111116,170.8,171.85,167.9,168.95,3057175
NUCHEM,20111116,2.45,2.75,2.45,2.6,279
NUCLEUS,20111116,65,66.5,64.3,65.2,5390
NUMERICPW,20111116,183,199.85,183,184.2,4987
NUTEK,20111116,1.05,1.05,1.05,1.05,109033
OBEROIRLTY,20111116,220.05,224,220.05,223.45,5828
OCL,20111116,92.95,94.8,91.75,94,5161
OFSS,20111116,2033.3,2044.9,2025.2,2029.05,13660
OIL,20111116,1288,1288,1260,1266.15,48286
OILCOUNTUB,20111116,61,62.1,59.05,59.6,6188
OISL,20111116,46,46.5,43.35,44.4,22404
OMAXAUTO,20111116,36.9,37,36.05,36.35,5325
OMAXE,20111116,139.2,140.25,136.5,138.55,19009
OMKARCHEM,20111116,60,62.7,59.4,60.15,1550
OMMETALS,20111116,26.5,27.9,26.5,27.9,244
OMNITECH,20111116,144.85,146.7,142,143.3,56155
ONELIFECAP,20111116,302,302,257,272.65,3184677
ONGC,20111116,258,264.85,256.7,262.95,2382979
ONMOBILE,20111116,62,64,59.45,60.8,330871
ONWARDTEC,20111116,33.5,35,33.2,34.5,1246
OPTOCIRCUI,20111116,223,232,222,228.95,159660
ORBITCORP,20111116,30.8,30.8,29.1,29.6,116171
ORCHIDCHEM,20111116,159.3,160.8,149,152.85,1494226
ORIENTALTL,20111116,8.25,9.7,7.8,8,4709
ORIENTBANK,20111116,284,286,277.4,281.05,655720
ORIENTCERA,20111116,49,49,47.75,48,1194
ORIENTHOT,20111116,25.3,26.35,25.2,25.35,25416
ORIENTLTD,20111116,80,81.85,75.1,75.15,188
ORIENTPPR,20111116,56,57.25,55.1,56.65,55096
ORISSAMINE,20111116,43050.05,43500,41855.05,42418.35,1163
OUDHSUG,20111116,19.05,20.75,19,20.35,39519
PAEL,20111116,18.75,20.35,18.5,20.1,1230
PAGEIND,20111116,2583.7,2599.95,2525,2538.65,7878
PANACEABIO,20111116,97,103.95,97,98.5,45719
PANAMAPET,20111116,222,227.95,222,227.95,42
PANASONIC,20111116,90,95,88.2,92.1,727
PANCARBON,20111116,127,135.9,126,129.15,643
PANORAMUNI,20111116,8.6,9.15,8.5,8.55,3496
PANTALOONR,20111116,152.75,175.5,148.1,169.5,1943561
PAPERPROD,20111116,70.2,70.5,67.2,68,44838
PARABDRUGS,20111116,26.7,34,26.7,29.65,51785
PARACABLES,20111116,2.7,2.8,2.65,2.7,24766
PARAL,20111116,223,227,214,223.5,3494
PARAPRINT,20111116,15.75,15.75,15.75,15.75,50413
PARASPETRO,20111116,0.45,0.5,0.45,0.5,9072
PARSVNATH,20111116,72.6,73.75,71.6,73,403908
PATELENG,20111116,88,88.8,84.6,87.8,310452
PATINTLOG,20111116,31.5,31.6,28.15,28.35,23276
PATNI,20111116,375,392.4,373,388.85,350170
PATSPINLTD,20111116,10,10.45,9.7,9.75,3426
PBAINFRA,20111116,40,41.95,38.1,39.15,3924
PDPL,20111116,88,88,80,82.1,2202
PDUMJEIND,20111116,15,18.25,15,18.2,518
PDUMJEPULP,20111116,17.5,17.5,16.35,16.5,3662
PEACOCKIND,20111116,3,3.1,2.8,3.1,121
PEARLPOLY,20111116,15,17.25,15,17.1,301
PENIND,20111116,38.95,38.95,37,37.5,18240
PENINLAND,20111116,38.6,39,37.5,38.5,311911
PERIATEA,20111116,155,155,148,154.6,495
PERSISTENT,20111116,310.5,317,310,315.45,7623
PETRONENGG,20111116,292,297.5,292,294.6,466
PETRONET,20111116,166,166.65,161.1,162.95,1311609
PFC,20111116,161,170,161,168.35,5494759
PFIZER,20111116,1311.6,1323.75,1302.1,1312.1,888
PFOCUS,20111116,58,59.9,55.15,59.2,808610
PFS,20111116,13.9,14,13.6,13.6,134716
PGEL,20111116,206,207,195,203.45,27471
PGHH,20111116,1980,1997,1940,1956,776
PHILIPCARB,20111116,117.1,124,116,116.9,13078
PHOENIXLTD,20111116,198,199,191.7,193.85,2932
PIDILITIND,20111116,163.9,165,159,161.9,150109
PIIND,20111116,520.25,529.5,520,525.65,4382
PIONDIST,20111116,47.95,51.9,43.8,45.4,1456
PIONEEREMB,20111116,11.5,12.6,11.5,11.85,1042
PIPAVAVDOC,20111116,82.4,82.9,79,79.85,2014929
PIRGLASS,20111116,102,106.95,101.7,104.8,32853
PIRHEALTH,20111116,361,361.45,355.2,356.55,36110
PIRLIFE,20111116,89.5,90.4,89.05,89.9,19231
PITTILAM,20111116,56.05,59.35,55,58,17301
PLASTIBLEN,20111116,158.65,162,158,158.05,524
PLETHICO,20111116,370.25,374,368.25,372,69295
PNB,20111116,914,914.5,891,895.9,344070
PNBGILTS,20111116,23.8,24,23.3,23.65,30201
PNC,20111116,12.55,13.55,12.5,12.95,7303
POCHIRAJU,20111116,12.3,12.7,11.9,12.35,6197
POLARIND,20111116,3.65,3.7,3.25,3.3,5971
POLARIS,20111116,131.5,133.6,127.8,128.7,352851
POLYPLEX,20111116,170.25,170.25,167.1,169.1,34464
PONDYOXIDE,20111116,27,27.2,26.75,27.1,6870
PONNIERODE,20111116,73.35,73.9,73.35,73.85,355
POWERGRID,20111116,102.7,105.35,102.7,104.2,3127433
PPAP,20111116,69.5,76.65,67.5,72.95,4723
PRADIP,20111116,95.75,100.9,95.45,97.75,134123
PRAENG,20111116,5.1,6.05,5.1,5.2,24683
PRAJIND,20111116,72.2,76.15,71.1,74.2,836518
PRAKASH,20111116,40.8,41,38.1,38.25,207200
PRAKASHCON,20111116,271,309.4,213.6,223.25,4532578
PRAKASHSTL,20111116,131.8,131.8,124.5,125.2,4556
PRATIBHA,20111116,39,39,35.5,35.8,65676
PRECOT,20111116,83,88,80.7,86.75,1800
PRECWIRE,20111116,86,88,83.1,86.15,10447
PREMIER,20111116,75.95,77,72.3,73,7062
PRESTIGE,20111116,88.75,89,80.25,87.65,103025
PRETAILDVR,20111116,125,142,116.05,131.55,30032
PRICOL,20111116,13.9,14.45,13.75,14.35,12183
PRIMESECU,20111116,16,17.25,14.55,15.55,14484
PRISMCEM,20111116,44.75,45.35,44,44.35,2222315
PRITHVI,20111116,17,17,15.75,15.95,23645
PROVOGUE,20111116,25,26.2,24.05,25.75,210511
PSB,20111116,71.7,71.7,69,70.25,67247
PSL,20111116,58,60.45,58,58.7,44631
PSUBNKBEES,20111116,310,313.95,305.95,312.44,336
PTC,20111116,59,59.9,54.4,54.85,2628048
PTL,20111116,37.85,37.9,37.75,37.8,200
PUNJABCHEM,20111116,63.1,64.9,63,64.15,672
PUNJLLOYD,20111116,51.9,52.7,48.85,49.25,4259765
PURVA,20111116,70.2,74.6,68.1,73.65,11826
PVP,20111116,5.25,5.4,4.75,5.1,164328
PVR,20111116,136,139,131.5,135.15,52814
QGOLDHALF,20111116,1361,1389.85,1361,1385.4,987
QNIFTY,20111116,511.6,511.6,511.6,511.6,50
QUINTEGRA,20111116,2.6,2.85,2.3,2.6,14819
RADAAN,20111116,2.05,2.05,1.95,2,5585
RADICO,20111116,123.05,124.8,118.75,121.2,196723
RAINBOWPAP,20111116,62.9,62.9,61.8,61.8,42690
RAINCOM,20111116,29.5,29.6,28.7,29.3,184361
RAJESHEXPO,20111116,136.55,138,132.15,134.9,317938
RAJOIL,20111116,11.7,12.15,11.1,11.85,121034
RAJPALAYAM,20111116,191.05,193,191,192.8,75
RAJRAYON,20111116,9.45,9.9,9.35,9.55,575
RAJTV,20111116,70.85,71.95,68.6,70.35,16999
RAJVIR,20111116,92.9,93,85.55,89.25,306
RALLIS,20111116,166.8,166.8,155.8,157.75,291362
RAMANEWS,20111116,12.05,12.05,11.05,11.3,16423
RAMCOIND,20111116,43.5,45.1,42.6,44.85,11468
RAMCOSYS,20111116,59.5,59.5,51,51.7,4673
RAMKY,20111116,224.5,228.9,220,222.65,1137
RAMSARUP,20111116,8.5,8.5,7.8,7.9,16448
RANASUG,20111116,3.5,3.5,3.35,3.45,278287
RANBAXY,20111116,469.3,479,462.1,474.15,355724
RANEENGINE,20111116,193,194,175.65,180,119
RANEHOLDIN,20111116,185.8,185.8,182.05,182.05,499
RANKLIN,20111116,12.95,14.3,12.7,13.2,33941
RATNAMANI,20111116,90,103,90,101.85,14553
RAYMOND,20111116,352,363.7,351.95,359.8,132608
RBL,20111116,105,109,105,109,434
RBN,20111116,57.05,59.1,55.25,58.15,92937
RCF,20111116,67.2,67.45,57.65,63.95,424502
RCOM,20111116,77.95,79.45,76.15,77.95,5842072
RECLTD,20111116,183.45,190.9,181.7,187.65,2298153
REDINGTON,20111116,87.95,88.45,86,87,245069
REFEX,20111116,12.15,12.7,11.85,11.85,6730
REIAGROLTD,20111116,20.6,20.6,19.6,20.15,1544202
REISIXTEN,20111116,17,18.4,16.55,17.5,637922
RELAXO,20111116,300,308,295,300.2,828
RELBANK,20111116,919.4,919.4,838,859.94,145
RELCAPITAL,20111116,322,327.7,313.45,321.5,2369260
RELGOLD,20111116,2695,2708.95,2693,2706.85,11428
RELGRNIFTY,20111116,484.15,487.5,475,487.5,150
RELIANCE,20111116,859.1,859.1,837.35,848.1,3043186
RELIGARE,20111116,422,434,416.6,418.75,22864
RELIGAREGO,20111116,2879,2879,2832.4,2854.9,419
RELINFRA,20111116,418,420.7,404.25,412.8,1411044
RELMEDIA,20111116,84.25,84.8,80.8,84.2,246993
RENUKA,20111116,34.55,35.1,31.65,32.65,36000328
REPRO,20111116,173.15,176.35,169.05,173.4,21586
RESPONIND,20111116,101.25,102.5,100,102.3,4050
REVATHI,20111116,346.55,357,335.25,340.2,259
RICOAUTO,20111116,10.5,10.8,10.25,10.65,72145
RIIL,20111116,386,387.5,373,379.25,100406
RJL,20111116,89.85,89.85,86.25,86.75,3085
RKDL,20111116,15.55,16.55,14.35,15.8,16434
RKFORGE,20111116,101,101,98.1,100.55,788
RMCL,20111116,6.1,6.45,6.05,6.4,16824
RML,20111116,103.35,103.7,100.5,100.65,6480
ROHITFERRO,20111116,26.95,27.25,23.7,25.95,39643
ROHLTD,20111116,51,52.85,50,50.2,7245
ROLTA,20111116,67,67.25,65.4,65.65,668657
ROMAN,20111116,18.05,19.9,18.05,19.75,495
RPGLIFE,20111116,77,77.95,70.2,72.85,4563
RPOWER,20111116,94.55,96.25,91.8,94.9,2974511
RPPINFRA,20111116,62,68,62,64.1,8838
RSSOFTWARE,20111116,46.05,46.65,43.5,46.35,6143
RSWM,20111116,75,76,74,74.3,3777
RSYSTEMS,20111116,115,115,112.05,113.45,2791
RUBYMILLS,20111116,790,790,745.05,751.2,994
RUCHINFRA,20111116,20.7,20.7,18.35,19.3,69021
RUCHIRA,20111116,9.75,9.75,8.55,8.8,1449
RUCHISOYA,20111116,100.2,104.75,99.55,104.1,833653
RUSHIL,20111116,153.75,154.95,149.75,153.7,278117
SABERORGAN,20111116,125.2,127.9,125,126.9,55824
SADBHAV,20111116,127.4,129.9,117.3,120.35,52106
SAGCEM,20111116,136,137.5,135,137.5,1883
SAHPETRO,20111116,26,26,24.15,25.4,4092
SAIL,20111116,98.7,98.8,92.75,93.8,5352857
SAKHTISUG,20111116,23.1,23.3,22.4,22.9,46205
SAKSOFT,20111116,43.25,43.25,43.2,43.2,100
SAKUMA,20111116,13,13.55,13,13.2,1004
SALONACOT,20111116,18,18,17.6,17.6,3
SALORAINTL,20111116,23.5,23.5,21.8,22.5,106
SALSTEEL,20111116,5.4,5.7,5.4,5.7,6450
SAMBANDAM,20111116,64,68.85,57.1,60.9,54
SANDESH,20111116,288.95,324.8,263,280.55,2192
SANGAMIND,20111116,29.35,30,28.5,29.1,9313
SANGHVIFOR,20111116,28.15,31.45,25.35,27.45,6857
SANGHVIMOV,20111116,108.5,114,104.1,112,5583
SANWARIA,20111116,15.7,15.7,13.4,14,284407
SARDAEN,20111116,107.15,107.15,99,100,14782
SAREGAMA,20111116,63,63.35,61.05,61.6,12807
SASKEN,20111116,104,105.1,102,104.35,19033
SATHAISPAT,20111116,31.95,32.25,31.2,32,57273
SATYAMCOMP,20111116,70.3,74.9,69.95,73.9,3774837
SAVERA,20111116,35.2,37.85,35.2,35.5,1204
SB&TINTL,20111116,15,15.5,13.65,14.65,15096
SBBJ,20111116,371,375,365.1,370.75,6595
SBIGETS,20111116,2820,2832.95,2816,2828.4,6313
SBIN,20111116,1728,1780,1718.1,1765.95,3189066
SBT,20111116,569,569,560,562.5,3984
SCI,20111116,62.4,63.7,60.9,62.25,356526
SEAMECLTD,20111116,102,102.25,97.55,98.4,15472
SEINV,20111116,149.95,152.9,147,151.9,186430
SELAN,20111116,268.8,271.7,257.1,268.9,29046
SELMCL,20111116,11.85,12.1,11.3,11.85,304490
SERVALL,20111116,5,5,4.25,4.3,83840
SESAGOA,20111116,199,204,195.85,201,1564844
SESHAPAPER,20111116,212,212,202,202,1001
SGJHL,20111116,131.15,132.85,128.5,129.15,27164
SHAHALLOYS,20111116,9,9.45,9,9.4,1034
SHAKTIPUMP,20111116,39.2,39.2,36,38.3,41556
SHALPAINTS,20111116,470,470,435,441.6,1852
SHANTIGEAR,20111116,37,38,36,36.25,23090
SHARIABEES,20111116,117.9,119.65,116.7,119.05,565
SHARRESLTD,20111116,61.8,62,51.05,52.75,22452
SHASUNPHAR,20111116,60,60.05,55,57.1,58597
SHILPAMED,20111116,194,195,182,183.4,3749
SHILPI,20111116,13.15,13.15,12,12.65,48125
SHIV-VANI,20111116,211.3,211.3,207,208.85,11254
SHIVAMAUTO,20111116,104,107,103.05,107,1254
SHIVTEX,20111116,20.5,21.4,18.5,20,3222
SHLAKSHMI,20111116,103.95,104.4,99,99.65,39948
SHOPERSTOP,20111116,339.15,362.8,329.75,357.95,28330
SHREEASHTA,20111116,5.7,5.7,5.7,5.7,382639
SHREECEM,20111116,2003.05,2014.6,1983.6,2000.15,5055
SHREERAMA,20111116,3.85,3.85,3.8,3.8,700
SHRENUJ,20111116,66,66.9,65.05,65.5,10470
SHREYAS,20111116,27.5,28.45,27.3,27.5,2290
SHRIRAMCIT,20111116,512.5,517.1,509.9,515,5672
SHRIRAMEPC,20111116,122.6,122.6,110.05,112.55,1025
SHYAMTEL,20111116,26.05,28.25,26.05,26.75,14337
SICAGEN,20111116,17.25,17.9,17.05,17.25,22719
SICAL,20111116,70.5,70.9,69.2,70,11791
SIEMENS,20111116,782,786,740.1,749.8,328552
SILINV,20111116,81.85,81.85,70.65,71,307
SIMBHSUGAR,20111116,27.5,28.5,25.8,28.15,202582
SIMPLEX,20111116,89.5,89.5,81.15,82.65,3004
SIMPLEXINF,20111116,202.5,218.4,194,210.75,2320
SINTEX,20111116,100,100,87.25,90.65,10444265
SIRPAPER,20111116,42.5,46.9,42.25,42.7,1539
SITASHREE,20111116,6,6.5,5.7,6.4,5165
SIYSIL,20111116,281.1,281.1,263.05,267.15,5270
SJVN,20111116,22,22.15,21.45,21.5,140238
SKFINDIA,20111116,654,654,625.9,646.9,23505
SKMEGGPROD,20111116,7.6,8.05,7.5,7.65,5757
SKSMICRO,20111116,134.85,137,134.85,134.85,37036
SKUMARSYNF,20111116,31.5,31.75,30.5,31.15,1000869
SMARTLINK,20111116,46.75,47.7,46.75,46.95,27754
SMLISUZU,20111116,368,379.9,368,375.9,285
SMOBILITY,20111116,97.55,101,97.25,99.6,17803
SMPL,20111116,6.5,6.85,5.9,6.1,676891
SMSPHARMA,20111116,160,184.3,160,169.7,520
SOBHA,20111116,219.7,220.85,215.05,216.1,46227
SOFTTECHGR,20111116,4.8,4.9,4.05,4.6,1687
SOLARINDS,20111116,780.05,784.05,765.5,771.05,1138
SOMANYCERA,20111116,39,40.4,38.05,40.35,4084
SOMATEX,20111116,4.05,4.45,4,4.35,2466
SONASTEER,20111116,13.7,13.7,13,13.2,42940
SONATSOFTW,20111116,24.7,24.85,23.35,23.7,154410
SOTL,20111116,472.25,483.9,466.6,480.55,2992
SOUISPAT,20111116,3.35,3.35,3.1,3.25,51198
SOUTHBANK,20111116,22.8,23,22.6,22.95,1143122
SPANCO,20111116,105.6,105.6,90.35,98.25,60828
SPARC,20111116,75.95,76.1,72.5,73.55,75660
SPENTEX,20111116,7,7.5,7,7.2,6506
SPIC,20111116,20.9,21.4,19.9,20.65,502845
SPMLINFRA,20111116,103,104.95,95.65,99.6,13939
SPYL,20111116,27,29.3,26.65,27.55,7517
SREINFRA,20111116,28.6,30.3,25.6,27.05,1180444
SRF,20111116,309,310.3,298,307.6,98743
SRGINFOTEC,20111116,0.45,0.5,0.4,0.4,47336
SRHHLINDST,20111116,3.2,3.45,3.2,3.4,898
SRHHYPOLTD,20111116,38,41,38,39.55,810
SRICHAMUND,20111116,26.6,26.6,26.55,26.55,341
SRSLTD,20111116,30.85,30.85,28.9,29.8,137734
SRTRANSFIN,20111116,553.85,553.85,509.3,547.55,908963
SSWL,20111116,181,198.4,176,188.6,10234
STAR,20111116,420,423.35,404.5,418.85,100924
STARPAPER,20111116,21.5,22.8,21.15,21.3,1136
STCINDIA,20111116,145.55,145.55,139.55,141.35,45569
STEL,20111116,13.05,14,12.35,13.25,7408
STER,20111116,113.45,114.9,110.85,113.1,4416282
STERLINBIO,20111116,62,62,59.3,60.2,433560
STERTOOLS,20111116,104.95,104.95,104.95,104.95,1
STOREONE,20111116,16.65,16.65,15,15.4,16747
STRTECH,20111116,36,37,35.5,35.95,224558
SUBEX,20111116,30.3,30.95,28,29.05,535049
SUDAR,20111116,70.5,71.75,68.75,69.55,377670
SUDARSCHEM,20111116,601.2,601.2,591,597.75,136
SUJANATOW,20111116,21.7,22.1,19.5,20.45,2865241
SUJANAUNI,20111116,3.5,3.6,3.15,3.45,131599
SUMEETINDS,20111116,22.3,23.5,21.35,22.9,375241
SUMMITSEC,20111116,72,72.25,63.05,65.55,3145
SUNCLAYTON,20111116,156,158.8,152,155,2075
SUNDARAM,20111116,49,49.45,47.75,48.65,88666
SUNDARMFIN,20111116,520,526,510,518,21762
SUNDRMBRAK,20111116,152.5,152.95,149.5,149.5,22
SUNDRMFAST,20111116,60.1,60.9,59.1,60.15,50641
SUNFLAG,20111116,24.5,25.2,24.3,24.6,28192
SUNILHITEC,20111116,80,81.2,76.55,79.5,14508
SUNPHARMA,20111116,501.2,503.9,487,489.45,677989
SUNTECK,20111116,384,390,384,385.85,15555
SUNTV,20111116,272,276,265,271.5,295542
SUPER,20111116,140,140.05,140,140.05,66
SUPERSPIN,20111116,6.85,6.85,6.4,6.5,5949
SUPPETRO,20111116,53,54.1,52.2,52.8,30530
SUPRAJIT,20111116,19.15,19.75,18.9,19.3,23050
SUPREMEIND,20111116,183.25,185.9,176.15,183.35,96151
SUPREMEINF,20111116,187.05,197.15,181.05,184.65,6682
SURAJDIAMN,20111116,43.3,44.4,40.5,41.8,48909
SURANACORP,20111116,88,88,88,88,5
SURANAIND,20111116,395,395.7,358.55,390.1,10882
SURANAT&P,20111116,13.55,13.65,13.35,13.6,2947
SURANAVEL,20111116,22,24.75,21,23.65,1064
SURYAJYOTI,20111116,17,18.75,16.1,16.75,5976
SURYALAXMI,20111116,58.5,63.7,55,56.2,1786
SURYAPHARM,20111116,13.55,13.55,12.1,12.55,106652
SURYAROSNI,20111116,55,55.15,53.5,54.95,4878
SUTLEJTEX,20111116,161,163,156.3,160.7,936
SUVEN,20111116,15.45,15.9,15.1,15.2,33295
SUZLON,20111116,31.4,31.55,28.75,29.15,23433416
SWARAJENG,20111116,435,444.9,426.1,440,7118
SYMPHONY,20111116,1340.1,1340.1,1263.05,1294.85,1388
SYNCOM,20111116,12.8,12.95,12.55,12.85,14417
SYNDIBANK,20111116,101.05,101.8,99.05,100.95,382155
TAINWALCHM,20111116,18,20.95,18,19.5,1201
TAJGVK,20111116,85.6,85.8,83,83.4,8740
TAKE,20111116,23.5,24.5,22.5,23.05,54544
TAKSHEEL,20111116,21.05,21.05,20.85,20.85,16729
TALBROAUTO,20111116,36.2,39.5,36,36.1,11131
TALWALKARS,20111116,158,158.6,142.85,144.5,123742
TANFACIND,20111116,23,23.15,22.75,23.15,329
TANTIACONS,20111116,45.5,46,44,45.7,3912
TARAPUR,20111116,17.45,17.45,16.4,17,13780
TATACHEM,20111116,330.4,331.6,325.3,326.8,235348
TATACOFFEE,20111116,818,827,799.6,818.8,146530
TATACOMM,20111116,189.9,195,181.15,192.3,210662
TATAELXSI,20111116,199.05,203.3,191.75,200.4,47007
TATAGLOBAL,20111116,85.9,86.05,83.25,83.7,867491
TATAINVEST,20111116,457.2,460.9,445,451.1,5539
TATAMETALI,20111116,67.1,67.75,64.7,65.15,23627
TATAMOTORS,20111116,182,183.8,177.75,182.3,16532913
TATAMTRDVR,20111116,91.05,94,89.6,92.35,1002934
TATAPOWER,20111116,97.9,99.25,96.5,98.1,2788772
TATASPONGE,20111116,310,314.8,302.5,312,8188
TATASTEEL,20111116,400.1,417.4,393.65,405.95,7857318
TCI,20111116,67.75,68,66.75,67.2,14717
TCIDEVELOP,20111116,145,150,137.15,142.55,252
TCIFINANCE,20111116,21,21,20.15,20.2,10155
TCS,20111116,1126,1132.8,1105.2,1117.25,935801
TDPOWERSYS,20111116,270,276.3,259.25,260.25,37225
TECHM,20111116,612,618.8,598.35,607.75,225823
TECHNO,20111116,217,220.4,209.5,210.7,8355
TECHNOFAB,20111116,127,128.9,122.55,126.75,1664
TECPRO,20111116,204,209.95,197.35,204.75,3736
TELEDATAIT,20111116,0.25,0.3,0.2,0.25,4268406
TELEMARINE,20111116,0.65,0.65,0.55,0.6,38479
TEXMACOLTD,20111116,28.6,29.35,27.45,28.85,48532
TEXMOPIPES,20111116,19.9,20.25,18.25,18.7,372741
TEXRAIL,20111116,67.1,69,66.25,68.35,43582
TFCILTD,20111116,24,24.7,23.9,24.1,45535
TFL,20111116,13.05,13.05,12.6,12.6,1652
THANGAMAYL,20111116,168.95,168.95,160,161.95,4960
THEMISMED,20111116,84,88.9,80,80.9,1051
THERMAX,20111116,470,470,429.35,440.1,378454
THINKSOFT,20111116,40.3,40.9,38,38.85,40852
THOMASCOOK,20111116,45,45.95,44.6,45,75402
TI,20111116,32.4,32.45,31.15,31.7,70187
TIDEWATER,20111116,6760,6760,6650,6698.65,345
TIIL,20111116,36,36,32.8,34.85,3920
TIJARIA,20111116,14.8,14.8,14.8,14.8,53977
TIL,20111116,297,297,286.4,291.2,6882
TIMESGTY,20111116,20.9,24.9,20.85,21.85,539
TIMETECHNO,20111116,57.1,57.5,52.65,54.55,82349
TIMKEN,20111116,235.95,241,234,238.85,93704
TINPLATE,20111116,43.4,43.45,41.7,42.15,26813
TIPSINDLTD,20111116,35.05,35.05,33.05,33.5,8321
TIRUMALCHM,20111116,61.85,61.85,59,59.1,1763
TITAN,20111116,207,214.6,205.1,211.8,3178327
TNPETRO,20111116,14.25,14.8,14.25,14.6,15798
TNPL,20111116,92.5,92.5,89.4,91.4,33363
TODAYS,20111116,4.9,4.9,4.65,4.85,8043
TOKYOPLAST,20111116,17.8,17.8,16.1,16.3,4729
TORNTPHARM,20111116,567,580,547.05,575.25,26469
TORNTPOWER,20111116,212.75,214.7,207,211.7,32317
TREEHOUSE,20111116,190.35,193.3,171,183,84237
TRENT,20111116,986,1045,986,1033.1,11977
TRF,20111116,307,309,296,298.05,15070
TRICOM,20111116,10.5,11,10.5,10.8,6740
TRIDENT,20111116,11.3,11.3,10.5,10.75,41309
TRIGYN,20111116,13.95,14.1,13.25,14.1,27610
TRIL,20111116,200.75,200.95,192,199.7,6119
TRITURBINE,20111116,35,37.45,33.5,36,58722
TRIVENI,20111116,16.5,16.9,15.55,15.9,2326290
TTKHEALTH,20111116,442,451.9,434.65,441,19450
TTKPRESTIG,20111116,2584.95,2585,2505.55,2520.95,86463
TTL,20111116,22.1,23,22,22.1,20667
TTML,20111116,15.8,16.15,15.3,15.75,1743739
TUBEINVEST,20111116,133,133.3,126,128.15,78481
TULIP,20111116,142.1,144.9,141.1,143.7,109388
TULSI,20111116,10.15,11.05,10.1,10.85,149294
TULSYAN,20111116,36.05,40,35.1,36,3483
TV18BRDCST,20111116,34,35.05,33.25,34.4,162114
TVSELECT,20111116,20,24,19.45,21.45,24128
TVSMOTOR,20111116,64.15,65.3,63.35,64.7,870534
TVSSRICHAK,20111116,329.5,329.5,314.05,327.9,6428
TVTODAY,20111116,51.3,53.35,50.1,50.95,22292
TWILITAKA,20111116,33,33.75,32.8,32.8,55327
TWL,20111116,426,432,424,427.35,104514
UBENGG,20111116,42.3,43,38.1,40.95,38080
UBHOLDINGS,20111116,81.15,86,80.75,84.55,142475
UBL,20111116,390.9,407.85,388,398.25,148291
UCALFUEL,20111116,67,70.3,66.25,66.75,3424
UCOBANK,20111116,64,64,61.4,62.65,1934168
UFLEX,20111116,136.95,137.55,128.6,130.05,523251
UGARSUGAR,20111116,11.7,12,11.25,11.4,14466
ULTRACEMCO,20111116,1150.05,1161.75,1138,1156.5,181442
UMESLTD,20111116,18.55,18.55,14.65,14.85,5051
UNICHEMLAB,20111116,114.95,114.95,112.2,112.75,10776
UNIENTER,20111116,28,28,26,26.75,9119
UNIONBANK,20111116,216.9,218.4,212.7,215.75,631331
UNIPHOS,20111116,135.2,137.5,133.25,135.1,683341
UNIPLY,20111116,10.05,10.5,10.05,10.05,109
UNITECH,20111116,24.2,25.1,23.9,24.65,19158654
UNITEDBNK,20111116,61.5,62.9,59.75,60.1,381239
UNITEDTEA,20111116,139,139,139,139,4
UNITY,20111116,36.15,37,34,34.2,114181
UNIVCABLES,20111116,41,44.9,40.3,42.7,794
UPERGANGES,20111116,42.15,45.9,39.25,43.3,3314
USHAMART,20111116,25.25,26.9,24.3,25.65,381303
USHERAGRO,20111116,123.25,123.25,121.15,121.95,106345
UTISUNDER,20111116,1610.8,1686,1393.82,1406.91,102
UTTAMSTL,20111116,66.5,68.4,65,66.8,24587
UTTAMSUGAR,20111116,27,29,26.5,26.65,2908
UTVSOF,20111116,949.9,949.9,944,946.2,33743
VADILALIND,20111116,126,126,115.2,117.45,302
VAIBHAVGEM,20111116,28,29.7,27.35,29.3,479
VAKRANSOFT,20111116,345.05,348.45,328,331.5,75712
VALECHAENG,20111116,66,68,62.6,64.9,12629
VALUEIND,20111116,15.9,18.85,15.5,15.8,8959
VARDHACRLC,20111116,8.15,8.6,8.15,8.25,23035
VARDMNPOLY,20111116,97.8,97.8,92.6,93.25,7666
VARUN,20111116,266.75,266.8,254.1,255.65,169406
VARUNSHIP,20111116,17.5,17.75,16.85,16.95,96324
VASCONEQ,20111116,45.15,46,45,45.7,3304
VASWANI,20111116,13.15,13.65,12.75,12.9,119254
VENKEYS,20111116,430.15,435.45,420,424.6,20552
VENUSREM,20111116,184.7,187.4,178.05,179.35,7903
VESUVIUS,20111116,406,420,381.5,385.8,544
VGUARD,20111116,185,185,175.9,177.55,94573
VHL,20111116,382.1,436.95,382.1,433.5,20
VICEROY,20111116,24,25.95,23.6,25.2,37973
VIDEOIND,20111116,170,171.5,164.65,169.85,169123
VIJAYABANK,20111116,53.65,55.95,53.65,54.85,1417122
VIJSHAN,20111116,15.8,17.5,15.8,16.4,3882
VIKASHMET,20111116,8.45,8.7,8,8.4,33227
VIMTALABS,20111116,16.9,17.7,15.05,15.05,77386
VINATIORGA,20111116,64.9,65.95,62.5,65.5,21703
VINYLINDIA,20111116,10,10,9.5,9.55,2246
VIPIND,20111116,129,132,109.3,118.45,7828044
VIPUL,20111116,9.8,10.75,9.5,10.65,3501
VISAKAIND,20111116,75.05,77.85,73.55,75.05,8476
VISASTEEL,20111116,58,58.75,58,58.55,15857
VISESHINFO,20111116,2.75,3,2.75,2.8,5612
VISHALRET,20111116,17.2,18.5,15.3,16.05,64427
VISUINTL,20111116,1.95,1.95,1.75,1.9,22492
VIVIMEDLAB,20111116,285.55,285.55,260.05,263.9,41964
VLSFINANCE,20111116,10.3,10.75,9.7,10,19050
VOLTAMP,20111116,504.95,542.9,504.95,521.7,40243
VOLTAS,20111116,92.05,93.95,89.05,89.95,1214986
VSTIND,20111116,1159.95,1179.95,1110,1136.2,339198
VSTTILLERS,20111116,507,510,496,507.5,4913
VTL,20111116,192.15,195.95,192.1,195.15,2639
VTXIND,20111116,12.85,12.85,12.85,12.85,1
WABAG,20111116,347.15,359.9,343.1,345.35,1586
WABCOINDIA,20111116,1310,1318,1206.25,1298.4,859
WALCHANNAG,20111116,79.35,81.3,76.65,79.9,30231
WANBURY,20111116,23.5,23.5,21.65,22.1,2997
WEBELSOLAR,20111116,23.1,24.8,21.85,22.45,58226
WEIZMANIND,20111116,8.35,8.4,8.05,8.35,592
WELCORP,20111116,85.35,87.45,78.55,85.9,1069767
WELGLOB,20111116,53.85,53.85,53.85,53.85,1062
WELINV,20111116,44,44,43.45,43.5,39
WELPROJ,20111116,33,33.45,30.15,30.9,16017
WENDT,20111116,1610.1,1610.1,1570,1570.95,163
WHEELS,20111116,313,313,298.65,301.1,5136
WHIRLPOOL,20111116,184.8,184.8,180,180.2,24956
WILLAMAGOR,20111116,43.7,48,40,47.2,1138
WINDMACHIN,20111116,17,17,15.75,17,8082
WIPRO,20111116,382,384.1,368.25,374.15,1405230
WOCKPHARMA,20111116,400.7,406.7,395.7,399.75,88538
WSI,20111116,16.05,16.05,15.85,15.85,5600
WSTCSTPAPR,20111116,62.25,63,58,58.2,33140
WYETH,20111116,965,1019,955,995.05,22664
XLENERGY,20111116,6.25,6.8,6.25,6.25,12152
XPROINDIA,20111116,52.65,53.65,51,51.8,14102
YESBANK,20111116,284.05,285,268.45,270.7,5884586
ZEEL,20111116,113.05,115.6,112,114.05,692490
ZEELEARN,20111116,17.95,17.95,17.25,17.5,239276
ZEENEWS,20111116,11.35,11.5,10.9,11.35,213843
ZENITHBIR,20111116,4.65,4.65,4.2,4.25,120163
ZENITHCOMP,20111116,13.95,13.95,12.85,13.05,2608
ZENITHINFO,20111116,45.5,47.4,45.5,46.05,4563
ZENSARTECH,20111116,122.3,122.3,115.2,120.95,9050
ZICOM,20111116,36.05,36.25,34.55,35.5,17514
ZODIACLOTH,20111116,210.55,219,209.3,214.25,944
ZODJRDMKJ,20111116,21,24.3,21,22.75,102
ZUARIAGRO,20111116,551.05,559.95,526.05,537.75,9058
ZYDUSWELL,20111116,495.55,495.55,475.15,479.3,11013
ZYLOG,20111116,449,449.15,428,445.45,83257
NSENIFTY,20111116,5059.10,5065.20,4989.50,5030.45,161406885,5757.81
NIFTYJUNIOR,20111116,9504.55,9504.55,9352.45,9457.35,113373320,1898.00
BANKNIFTY,20111116,9055.60,9145.65,8957.05,9061.55,18300982,1514.44
NSEMIDCAP,20111116,6863.05,6863.05,6756.55,6798.25,178247706,1657.41
NSEIT,20111116,6168.75,6168.75,6073.95,6111.10,14325761,618.37
NSE100,20111116,4929.55,4932.45,4861.55,4902.20,274780205,7655.80
NSE500,20111116,3991.85,3991.85,3934.40,3965.45,583847963,9986.38
MIDCAP50,20111116,1993.75,1996.60,1963.75,1979.00,133658523,1103.21
VIX,20111116,25.97,27.22,24.93,25.04,25.97,-0.93
