20MICRONS,20111216,59,59.5,57.75,58.15,68702
3IINFOTECH,20111216,15.25,15.5,13.55,13.8,5566803
3MINDIA,20111216,3562.1,3598.6,3490.25,3532.25,238
A2ZMES,20111216,109,111.45,99.25,100.95,136263
AANJANEYA,20111216,433.85,445,429,436.3,18521
AARTIDRUGS,20111216,76,77.75,75.05,77,2593
AARTIIND,20111216,46.9,48.3,46.3,47.4,24642
AARVEEDEN,20111216,32,32,30.55,30.6,453
ABAN,20111216,336,347,334,341.35,834889
ABB,20111216,575,586,556.6,562.55,49689
ABBOTINDIA,20111216,1436,1480,1425.05,1449.9,1032
ABCIL,20111216,75.2,76,71.5,72.45,1347
ABGSHIP,20111216,421.8,424.8,407.55,415.4,51870
ABHISHEK,20111216,7.45,7.5,7.35,7.5,2157
ABIRLANUVO,20111216,830.55,840,821,828.45,74876
ACC,20111216,1133.1,1167.5,1118.15,1128.75,273133
ACE,20111216,30,30.6,27,27.4,191122
ACROPETAL,20111216,13.45,13.5,12.45,12.55,66505
ADANIENT,20111216,316,325,306.75,314.85,509103
ADANIPOWER,20111216,75,75.7,71.5,71.8,276651
ADFFOODS,20111216,53.15,53.15,46.7,47.5,3097
ADHUNIK,20111216,38.1,38.45,37.7,37.9,42912
ADORWELD,20111216,120,120.95,114.3,116,3094
ADSL,20111216,22.5,22.75,21.8,22,56926
ADVANIHOTR,20111216,34.95,34.95,34,34,251
ADVANTA,20111216,300,301.75,278.2,281.15,76927
AEGISCHEM,20111216,129.1,138,120.7,124.05,6035
AFL,20111216,34.2,35.3,33.55,35.1,7949
AFTEK,20111216,10.2,10.4,10.05,10.2,90196
AGCNET,20111216,143,143,133.15,133.5,24
AGRE,20111216,36.65,36.65,33.7,33.85,1530
AGRODUTCH,20111216,5,5.35,5,5.15,12888
AHLEAST,20111216,298,298,275.5,277.9,264
AHLUCONT,20111216,60,64.95,59,62.9,20143
AHLWEST,20111216,135,137,131.1,131.25,343
AHMEDFORGE,20111216,90.5,94,84.3,86.65,13920
AIAENG,20111216,279.95,280,269.05,280,421523
AJANTPHARM,20111216,325,339.95,309.4,313.9,25359
AJMERA,20111216,102,103.75,96.25,98.05,7203
AKSHOPTFBR,20111216,6.95,6.95,6.75,6.85,204454
AKZOINDIA,20111216,750.55,772,730.3,744.45,818
ALBK,20111216,147.85,150,140.5,141.6,1127320
ALCHEM,20111216,256.55,256.9,255.4,255.6,85111
ALEMBICLTD,20111216,15.35,15.7,15,15.05,24393
ALFALAVAL,20111216,2223.65,2225,2190,2200.65,5295
ALICON,20111216,63,66.3,60.8,60.8,341
ALKALI,20111216,29.65,31.25,29.5,30,5264
ALKYLAMINE,20111216,88,88,85.25,85.55,621
ALLCARGO,20111216,130.05,134.9,130.05,134,1044
ALLSEC,20111216,12.9,12.9,11.1,12.35,1111
ALMONDZ,20111216,16.35,16.35,13.7,14.25,10480
ALOKTEXT,20111216,19.9,21.05,19,19.25,5701210
ALPA,20111216,6.5,7,6.5,6.55,1313
ALPHAGEO,20111216,63,63,57.6,59.15,2586
ALPSINDUS,20111216,2.1,2.15,2.05,2.15,29004
AMAR,20111216,123.05,126.3,123.05,123.75,33165
AMARAJABAT,20111216,205,206.7,193,196.65,14285
AMARJOTHI,20111216,53.25,53.3,44.5,47.95,2108
AMBIKCO,20111216,161.2,164,153.4,155.85,924
AMBUJACEM,20111216,153.5,158.9,151.1,152.95,1694749
AMDIND,20111216,14.85,14.85,14,14.1,4662
AMLSTEEL,20111216,14.45,14.45,14.4,14.4,2
AMRUTANJAN,20111216,660,670,626.25,631.7,27521
AMTEKAUTO,20111216,98,99.7,91.7,93.4,407863
AMTEKINDIA,20111216,94,95.55,92.2,93.3,188479
ANANTRAJ,20111216,47.2,47.5,44.5,44.8,94089
ANDHRABANK,20111216,93.7,93.7,88.05,89.2,431509
ANDHRSUGAR,20111216,106.05,109.9,103.05,103.45,26536
ANGIND,20111216,16.4,17.75,16.4,17,400
ANIKINDS,20111216,25.8,27.95,24,25.7,3666
ANKURDRUGS,20111216,19,19.25,17.95,18.05,22142
ANSALAPI,20111216,25,25.8,22.5,22.95,238192
ANSALHSG,20111216,33,33.6,29.65,30.35,13441
ANTGRAPHIC,20111216,0.25,0.25,0.15,0.15,235447
APARINDS,20111216,126.95,126.95,115.95,117.65,10817
APCOTEXIND,20111216,137.8,141,134,135,1729
APIL,20111216,334,337,317.5,319.5,102866
APLAB,20111216,30.15,30.15,25,26.2,618
APLAPOLLO,20111216,144.6,146.85,137.95,140.6,3776
APLLTD,20111216,37.6,40.5,37.6,39.3,22554
APOLLOHOSP,20111216,493.85,546,490,531.85,2067595
APOLLOTYRE,20111216,63.15,64.4,59.5,60.85,2592166
APPAPER,20111216,159.65,159.65,155.45,155.85,1945
APTECHT,20111216,82.7,84.15,74.55,76.8,254440
AQUA,20111216,12.9,12.9,11,11.4,300127
ARCHIDPLY,20111216,16.75,16.75,15.15,15.15,8552
ARCHIES,20111216,29.1,29.6,27.6,27.9,62251
AREVAT&D,20111216,149.5,151.85,142.5,143.65,268800
ARIES,20111216,75,77,71.05,73.7,1829
ARL,20111216,1.8,2.05,1.8,1.95,486746
AROGRANITE,20111216,33.2,37.7,33.2,33.75,2461
ARROWTEX,20111216,8,8,6.5,6.95,4584
ARSHIYA,20111216,134,135,125.25,127.05,23185
ARSSINFRA,20111216,128.45,128.5,128.45,128.45,12063
ARVIND,20111216,77,78.3,67.5,69.05,2532981
ASAHIINDIA,20111216,54.05,54.95,53.5,53.55,5633
ASAHISONG,20111216,84.9,84.9,79.05,80.2,646
ASAL,20111216,42.5,42.5,40.65,41,1013
ASHAPURMIN,20111216,14.55,15.95,14.5,14.9,57608
ASHIANA,20111216,149.95,149.95,133,135.15,873
ASHIMASYN,20111216,3.85,3.85,3.85,3.85,25
ASHOKA,20111216,191,191,185,185.35,69487
ASHOKLEY,20111216,24.15,24.3,22.7,23.05,3981466
ASIANELEC,20111216,5.8,6.15,5.8,5.85,16553
ASIANHOTNR,20111216,178,178,168,168.05,752
ASIANPAINT,20111216,2789.2,2789.2,2691.1,2712.7,48282
ASIANTILES,20111216,33.9,36.8,33,34.4,6482
ASSAMCO,20111216,6.95,7.1,6.55,6.75,232994
ASTEC,20111216,28.55,28.55,27.25,27.7,2820
ASTERSILI,20111216,9,9.25,8.5,8.6,11471
ASTRAL,20111216,133,145,133,140,105921
ASTRAMICRO,20111216,35.55,36.4,35.5,35.85,43695
ASTRAZEN,20111216,1252.45,1279,1246,1257.4,124
ATFL,20111216,389,392.5,365.55,370.95,5770
ATLANTA,20111216,58.95,58.95,55.5,56.85,74709
ATLASCYCLE,20111216,262.3,267,256,258.25,7375
ATNINTER,20111216,0.85,0.95,0.8,0.8,3389
ATUL,20111216,158.05,162,149,153.3,14758
AURIONPRO,20111216,113,119,112.3,115,471
AUROPHARMA,20111216,93,94,88.4,89.45,1402615
AUSOMENT,20111216,29.95,33.05,29.95,33.05,220
AUSTRAL,20111216,1.45,1.45,1.4,1.4,188203
AUTOAXLES,20111216,340,348.75,335.2,337.6,349
AUTOIND,20111216,101,103.25,93.45,94.5,113570
AUTOLITIND,20111216,14.95,15.5,14.95,14.95,1720
AVENTIS,20111216,2255,2255,2186.65,2228.65,831
AVTNPL,20111216,302.55,307,287.6,291.1,1302
AXIS-IT&T,20111216,75,77.85,73.15,74.35,2900
AXISBANK,20111216,955,964,895,904.05,4109418
AXISGOLD,20111216,2701.65,2703.8,2666,2694.9,1066
BAGFILMS,20111216,4.2,4.3,4,4.05,69541
BAJAJ-AUTO,20111216,1653,1707.9,1635.3,1650.75,646551
BAJAJCORP,20111216,100.55,101.9,97.1,98.2,12136
BAJAJELEC,20111216,164,169,157.85,159,56661
BAJAJFINSV,20111216,408,445,408,419.45,227217
BAJAJHIND,20111216,25.85,25.95,24,24.35,1901886
BAJAJHLDNG,20111216,692,712,692,706.9,47284
BAJFINANCE,20111216,635,652,632.25,640.35,26746
BALAJITELE,20111216,29.7,30.9,29.5,30.4,127797
BALAMINES,20111216,38.8,38.8,35.25,35.7,2031
BALKRISIND,20111216,160.2,163,159,162,95585
BALLARPUR,20111216,20.6,21.05,20.25,20.5,115490
BALMLAWRIE,20111216,511.1,519,500,503.6,11470
BALPHARMA,20111216,19.1,19.1,17.5,17.7,1201
BALRAMCHIN,20111216,34,35.4,32.95,34.1,2350333
BANARISUG,20111216,500,517.05,500,507,297
BANCOINDIA,20111216,62.05,64.25,62,62.2,4343
BANG,20111216,18.75,18.75,17.5,17.8,262
BANKBARODA,20111216,723.6,730,691,704.25,517260
BANKBEES,20111216,862.15,875.15,830.1,834.41,2257
BANKINDIA,20111216,322.75,324,307,310.05,523767
BANSWRAS,20111216,69.25,71.95,67.5,67.65,11190
BARTRONICS,20111216,22.15,25.75,22.15,22.8,3072461
BASF,20111216,477.05,495.9,472,480.35,6344
BASML,20111216,60,60.1,60,60.1,687
BATAINDIA,20111216,587.85,598.5,564,568.85,323718
BATLIBOI,20111216,13.85,14.4,13.1,13.7,197
BAYERCROP,20111216,739.5,739.5,710.25,721.3,8346
BBL,20111216,552,567.75,545.6,556.2,1579
BBTC,20111216,371,371,355.15,357.8,534
BECREL,20111216,7.1,7.4,7.1,7.4,235
BEDMUTHA,20111216,43,43.2,41.35,41.35,172699
BEL,20111216,1502,1510,1452,1470.1,4428
BELLCERATL,20111216,10.25,10.7,9.9,9.9,209
BEML,20111216,476,481.5,458.25,460.1,51806
BEPL,20111216,22.5,22.95,22.5,22.95,3
BERGEPAINT,20111216,91,92.05,86.65,87.55,76060
BFINVEST,20111216,45.5,45.5,42.5,43.45,4923
BFUTILITIE,20111216,309,321,287.15,291.7,330204
BGLOBAL,20111216,9.5,10,9.35,9.75,21316
BGRENERGY,20111216,226.9,226.9,198,201.4,908427
BHAGWATIHO,20111216,62,63.5,59,61.6,37832
BHAGYNAGAR,20111216,15.35,17.75,15.1,17.35,34350
BHARATFORG,20111216,254,258.45,248.05,251.05,266238
BHARATGEAR,20111216,44,44,42.2,42.9,3970
BHARATRAS,20111216,114.05,114.05,114.05,114.05,550
BHARTIARTL,20111216,337.65,352.6,329.5,336.55,7129037
BHARTISHIP,20111216,79.5,80.7,75.25,75.8,63936
BHEL,20111216,252.5,255.5,236.2,240.4,5482361
BHUSANSTL,20111216,306.55,311.35,303,304.4,358110
BIL,20111216,56.5,56.55,54,54.6,6594
BILENERGY,20111216,57.5,57.5,53.4,54.9,692
BILPOWER,20111216,63.95,65.8,57.2,60.85,4708
BIMETAL,20111216,233.75,245.75,233.75,234,248
BINANIIND,20111216,95.9,97.5,92.6,93.15,12171
BINDALAGRO,20111216,60,61.7,59.85,60,96221
BIOCON,20111216,281.15,285.8,256.25,262.05,1106414
BIRLACORPN,20111216,258,261.95,254.95,255.4,3466
BIRLACOT,20111216,0.35,0.35,0.25,0.25,23352857
BIRLAERIC,20111216,10.6,10.6,9.7,9.75,4527
BIRLAMONEY,20111216,12.5,13.15,12.25,12.3,3372
BIRLAPOWER,20111216,0.6,0.6,0.5,0.55,1860609
BLBLIMITED,20111216,3.55,3.6,3.45,3.45,5689
BLISSGVS,20111216,23.35,23.4,22.3,22.45,18663
BLKASHYAP,20111216,10.05,10.5,9.3,9.6,91413
BLUECHIP,20111216,1,1,0.9,0.9,2213
BLUECOAST,20111216,125,125,121.15,121.15,595
BLUEDART,20111216,1525,1525,1462.1,1478.3,3702
BLUESTARCO,20111216,170,171.25,160,161.5,10764
BLUESTINFO,20111216,70.65,70.65,67,67.5,424
BOC,20111216,280.05,283.3,279,279.95,16293
BODALCHEM,20111216,11.9,12.2,11.9,12.05,15210
BOMDYEING,20111216,366.55,373,348.1,350.25,148473
BOSCHLTD,20111216,6781,6856,6512,6597.1,7539
BPCL,20111216,534.75,542.5,520.3,527.8,758622
BPL,20111216,17.55,17.55,16.7,16.8,23148
BRANDHOUSE,20111216,11.35,11.4,10.5,10.8,20518
BRFL,20111216,242.1,263,242.1,260.1,302322
BRIGADE,20111216,44.3,45.5,43.4,43.55,35463
BRITANNIA,20111216,457,460.95,449.05,454.1,7710
BROADCAST,20111216,5.9,6.4,5.8,5.8,362
BROOKS,20111216,14.05,14.7,13.7,14.05,25345
BSELINFRA,20111216,2.8,2.95,2.7,2.75,52806
BSL,20111216,20.05,20.05,18.7,19.1,107
BSLGOLDETF,20111216,2756.6,2756.6,2700.1,2743,159
BSLNIFTY,20111216,48.65,54,45.2,46.19,5003
BSTRANSCOM,20111216,118.2,121.4,118.2,119.05,63673
BURNPUR,20111216,6.65,6.95,6.65,6.9,16546
BVCL,20111216,12.1,12.75,12.1,12.45,3064
CADILAHC,20111216,716.8,717,709,710.25,73304
CAIRN,20111216,305,309.85,295,297.7,3421950
CALSOFT,20111216,19,19,19,19,1
CAMBRIDGE,20111216,15,15.8,14,15.2,917
CAMLIN,20111216,34,34,32.1,32.5,64088
CANBK,20111216,409.5,416.85,402,407.5,1187299
CANDC,20111216,83,86.5,81,83.1,1214
CANFINHOME,20111216,92,92.6,91.1,91.65,3176
CANTABIL,20111216,15,15.3,14.5,14.7,9194
CARBORUNIV,20111216,140.1,149,140.1,147,13622
CAREERP,20111216,232.9,238,217,224.8,25873
CASTROL,20111216,395,405.9,391.1,393.65,68652
CCCL,20111216,16.8,17.35,16.4,16.65,8412
CCL,20111216,134,137,129.3,131.4,10587
CEATLTD,20111216,73.1,75.05,72.05,72.4,18904
CEBBCO,20111216,48.9,49.45,46.85,47.15,15257
CELEBRITY,20111216,5.9,5.9,5.45,5.6,559
CELESTIAL,20111216,18.4,18.95,18.05,18.3,1795
CENTENKA,20111216,114.35,116.9,108.1,110.05,11658
CENTEXT,20111216,2.2,2.45,2.2,2.25,22164
CENTRALBK,20111216,84.7,86.3,81.5,82.4,400947
CENTUM,20111216,52,52.6,52,52,1010
CENTURYPLY,20111216,48.3,49.45,47.2,48.5,39915
CENTURYTEX,20111216,248.8,250.95,235.6,238,642798
CERA,20111216,172.55,176,168.05,170.25,2852
CESC,20111216,220,221.5,208.5,212.95,356997
CHAMBLFERT,20111216,83,84.6,77.65,78.4,1618800
CHEMFALKAL,20111216,43,45.4,41.05,42.3,1252
CHEMPLAST,20111216,4.35,4.65,4.35,4.35,7486
CHENNPETRO,20111216,172.9,173,167.4,167.95,11534
CHESLINTEX,20111216,9,9,9,9,1475
CHETTINAD,20111216,525,535,520.1,520.2,55
CHOLAFIN,20111216,120.5,124,113.35,116.15,10002
CILNOVA,20111216,15.75,15.8,15.5,15.5,3700
CIMMCO,20111216,77,77,73,73,151
CINEMAX,20111216,28.25,30,28.25,28.4,23923
CINEVISTA,20111216,2.8,2.8,2.5,2.55,8357
CIPLA,20111216,330,340,325.4,331.7,1888200
CLASSIC,20111216,6.15,6.4,6,6,8376
CLNINDIA,20111216,595,600,586.5,591.9,2651
CLUTCHAUTO,20111216,27.6,28,27,27.6,15639
CMAHENDRA,20111216,129,133.85,129,130.6,4837
CMC,20111216,805.7,828.5,804.05,806.5,2178
COALINDIA,20111216,314.05,315,298.15,300.75,3337493
COLPAL,20111216,1059,1059,1011.35,1014,34382
COMPUAGE,20111216,62,67.55,59,63.3,439
CONCOR,20111216,876.3,896.55,847.7,859.3,36791
CONSOFINVT,20111216,48.9,48.9,48,48,2827
CORAL-HUB,20111216,3.25,3.5,3.25,3.4,5878
CORDSCABLE,20111216,24,24.4,23.5,24.2,8561
COREEDUTEC,20111216,289,289.7,276.15,281.8,349934
COROMANDEL,20111216,261.95,273.95,256.2,266.8,25693
CORPBANK,20111216,349.95,353.95,348.15,350.5,78351
COSMOFILMS,20111216,75.15,78,75,75.55,5092
COX&KINGS,20111216,184.75,202.35,170.25,174.7,1265236
CREATIVEYE,20111216,3.9,4.3,3.6,4.05,760
CRESTANI,20111216,27.8,27.8,26.35,26.45,15263
CREWBOS,20111216,23.6,24.75,22.45,22.45,76784
CRISIL,20111216,908.95,918.9,894,897.85,34163
CROMPGREAV,20111216,124,125.45,118,119.15,603165
CRONIMET,20111216,19.2,21.15,19.2,19.75,32727
CTE,20111216,7.75,8.3,7.35,7.85,2325
CUB,20111216,43.45,43.7,42.5,42.9,192022
CUBEXTUB,20111216,8.3,9,8.3,9,131
CUMMINSIND,20111216,335,339,332,333.6,363937
CURATECH,20111216,46.5,54,46.5,49.75,1439
CYBERMEDIA,20111216,11.3,12.35,11.3,11.3,30
CYBERTECH,20111216,10.3,10.5,10.25,10.25,8282
DAAWAT,20111216,42.6,42.6,40.75,41.4,3920
DABUR,20111216,98.55,100.4,95.25,95.8,1010321
DALMIABEL,20111216,116,117,115.3,115.95,17153
DALMIASUG,20111216,13.25,14.2,13.25,13.4,4789
DATAMATICS,20111216,27,27,25.5,25.8,2212
DBCORP,20111216,194.05,198.3,185.55,195.25,5049
DBREALTY,20111216,58.5,58.5,53,53.35,399230
DCB,20111216,37.05,38.3,35.3,35.5,2556164
DCHL,20111216,44.05,44.95,38.4,40.25,186750
DCM,20111216,47.6,48.6,43.55,44.25,122339
DCMSRMCONS,20111216,40.15,41,40,40.05,11039
DCW,20111216,8.4,8.55,8.1,8.15,41248
DECCANCE,20111216,138.05,138.05,137.4,137.7,46
DECOLIGHT,20111216,3.4,3.65,3.35,3.6,3325
DEEPAKFERT,20111216,129.5,131.05,122.15,123.7,52718
DEEPAKNTR,20111216,155,155,155,155,1
DEEPIND,20111216,67.1,67.1,63.1,63.6,4617
DELTACORP,20111216,65.5,66.3,58.2,59,6534620
DEN,20111216,49,51.15,48,49.7,124646
DENABANK,20111216,62,62.45,58.7,59.2,1545566
DENORA,20111216,80.1,81.05,79,81,6978
DENSO,20111216,50.85,50.85,47.55,47.6,508
DEWANHOUS,20111216,210.4,215,195.6,198.85,136659
DHAMPURSUG,20111216,31,31,28.6,29.1,56312
DHANBANK,20111216,55,55.65,52,52.6,452357
DHANUKA,20111216,97.95,98,95,95.05,5430
DHARSUGAR,20111216,19.5,21,19.5,20.55,3952
DHUNINV,20111216,67.2,67.2,67.1,67.15,240
DIAPOWER,20111216,88.5,88.5,81.1,82.3,18381
DICIND,20111216,200,200,195,197.35,1274
DIGJAM,20111216,7.3,7.4,6.8,6.9,25085
DISHMAN,20111216,36,37.75,34.2,34.8,59261
DISHTV,20111216,64,65.45,59.65,60.85,6149592
DIVISLAB,20111216,749.75,769.85,740.15,756.5,307346
DLF,20111216,204.25,207.45,192.7,194.95,5449492
DLINKINDIA,20111216,17.25,18,16.7,16.9,29891
DOLPHINOFF,20111216,78.8,78.8,67.25,68.35,4293
DONEAR,20111216,17.3,19.45,17.3,18,2522
DPSCLTD,20111216,13.75,13.75,13.2,13.75,68713
DPTL,20111216,111.55,112,111.55,111.65,542
DQE,20111216,20.25,20.65,19,19.1,10016
DREDGECORP,20111216,208.6,212.8,201,202.75,6388
DRREDDY,20111216,1585.1,1639,1582.2,1605.3,557573
DSKULKARNI,20111216,52.15,55.1,51,53.55,45338
DSSL,20111216,5.3,5.35,5.25,5.25,660
DUNCANSIND,20111216,9.3,9.35,9,9.05,6215
DWARKESH,20111216,32,33.2,30,30.8,4424
DYNAMATECH,20111216,1003.15,1025.05,965,1021.5,1078
EASTSILK,20111216,4.1,4.3,4,4,16715
EASUNREYRL,20111216,51,51.55,48.35,48.6,11178
ECEIND,20111216,71.3,86.95,71.3,83.3,3429
ECLERX,20111216,720,729.45,697.45,700.85,6593
EDELWEISS,20111216,23.45,24.5,22.25,22.8,92025
EDL,20111216,65.7,67.4,65.5,65.6,3185
EDSERV,20111216,45.6,47.9,45.5,45.5,177339
EDUCOMP,20111216,198,203.5,177.75,180.95,2983395
EICHERMOT,20111216,1500,1519.9,1450.25,1479.8,3780
EIDPARRY,20111216,197,200.05,190,193.3,92459
EIHAHOTELS,20111216,151,151,140,140,1290
EIHOTEL,20111216,84.15,84.9,82.75,83.5,51884
EIMCOELECO,20111216,171.1,176.6,171.1,174.6,126
EKC,20111216,33.25,34,31,31.25,281370
ELDERPHARM,20111216,350.1,353,333.05,339.9,36823
ELECON,20111216,55.2,56.9,55.2,55.55,24453
ELECTCAST,20111216,17.6,17.9,16.85,16.9,145927
ELECTHERM,20111216,137.1,137.1,137.1,137.1,2347
ELFORGE,20111216,8.75,8.75,8.65,8.65,174
ELGIEQUIP,20111216,69,71.5,69,69,78940
ELGIRUBCO,20111216,18,19,17.65,18.65,44426
ELNET,20111216,25.75,28.75,25.75,25.95,349
EMAMIINFRA,20111216,19.95,20.2,18.9,19.7,193795
EMAMILTD,20111216,369.7,369.7,351.2,358.05,240860
EMCO,20111216,33.2,34.5,30.15,31,59931
EMKAY,20111216,33.5,36,33.5,35,7301
EMMBI,20111216,13.2,13.5,12.9,13.1,8686
EMPEESUG,20111216,11.3,11.95,10.7,11.55,514
ENERGYDEV,20111216,35.5,35.5,34.05,34.95,1541
ENGINERSIN,20111216,201,204.7,197,200.5,406192
ENIL,20111216,242.35,242.9,226.1,230.25,8216
ENTEGRA,20111216,12.5,12.75,12.3,12.55,4516
EONELECT,20111216,36.85,36.85,33.1,33.75,14543
ERAINFRA,20111216,147.8,147.8,146.5,147.05,270512
EROSMEDIA,20111216,207.4,211.5,196,201.6,51660
ESABINDIA,20111216,451,451,435,439.8,2254
ESCORTS,20111216,69.35,70.4,65.05,66.2,938780
ESL,20111216,4,4.35,3.95,4.05,1164544
ESSAROIL,20111216,56.4,56.4,46.6,47.75,7323761
ESSARPORTS,20111216,56.25,58,50.8,51.65,58831
ESSARSHPNG,20111216,20,20.75,17.05,18.6,48453
ESSDEE,20111216,127.4,130.25,125.05,125.6,5665
ESSELPACK,20111216,27.5,27.5,24.5,25.5,379183
ESTER,20111216,22.75,23.45,22.15,22.4,11329
EUROCERA,20111216,10.9,10.9,10.9,10.9,63
EUROMULTI,20111216,5.85,5.9,5.35,5.4,455
EUROTEXIND,20111216,19,20,18.6,18.65,1311
EVEREADY,20111216,25,25.15,24.5,24.8,21423
EVERESTIND,20111216,118,119.8,109,110.7,18744
EVERONN,20111216,357.45,362.7,354.55,355.9,317912
EXCELCROP,20111216,128.35,129.8,123.9,124.8,21122
EXCELINDUS,20111216,59.1,59.3,58.1,59,1107
EXCELINFO,20111216,11.95,12.5,11.5,11.8,57971
EXIDEIND,20111216,115.8,117.5,113.4,115.05,631281
FACT,20111216,20.7,21.25,20.1,20.45,21840
FAGBEARING,20111216,1145,1145,1062.25,1071.55,559
FAME,20111216,42.35,42.35,38,38.2,3119
FARMAXIND,20111216,1.65,1.7,1.65,1.65,50759
FCH,20111216,126.95,127.85,111.6,113.4,85661
FCSSOFT,20111216,0.5,0.5,0.45,0.45,1318516
FDC,20111216,80,82,79.25,79.95,16108
FEDDERLOYD,20111216,56.9,56.95,54.2,54.8,4025
FEDERALBNK,20111216,379.5,383.8,370.25,375.55,610375
FIEMIND,20111216,151.1,153.1,145.9,146.15,1106
FILATEX,20111216,37.9,37.9,37.4,37.4,601
FINANTECH,20111216,593.65,616,576,583.4,161120
FINCABLES,20111216,26.1,26.7,24.5,24.9,51172
FINPIPE,20111216,43.8,45.8,43.1,44.05,44269
FIRSTLEASE,20111216,52.1,54.8,52.1,52.8,9662
FIRSTWIN,20111216,15,15.3,14.6,15.3,705
FKONCO,20111216,93.7,93.7,87.1,87.85,4954
FLEXITUFF,20111216,242,259.8,241.05,256.1,94417
FMGOETZE,20111216,210,213,209,209.95,2161
FORTIS,20111216,93.75,95.35,90.15,92.4,875070
FOSECOIND,20111216,551,563,551,555,50
FOURSOFT,20111216,7.85,8.1,7.55,7.65,9126
FSL,20111216,7.1,7.1,6.5,6.55,1981999
FUTUREVENT,20111216,9.05,9.2,8.8,8.9,384123
GABRIEL,20111216,40.75,41.3,39.35,39.9,6051
GAEL,20111216,22.95,22.95,19,20.65,25672
GAIL,20111216,376,387.9,368,377.75,958027
GAL,20111216,11.25,11.8,11.1,11.3,15369
GALLANTT,20111216,20.5,22.3,20.25,20.9,146316
GALLISPAT,20111216,111.65,113.45,110.95,111.2,101318
GAMMNINFRA,20111216,11,11.5,10.9,11.05,37261
GAMMONIND,20111216,45.6,46.45,44,44.35,24454
GANESHHOUC,20111216,109.9,109.9,102,106.4,4824
GARDENSILK,20111216,55.4,55.9,55,55.05,3271
GARWALLROP,20111216,48.5,48.95,45.55,46,6687
GATI,20111216,28.2,29.6,27.65,27.8,229458
GAYAPROJ,20111216,132.9,132.9,108.6,108.85,12666
GDL,20111216,130.5,131.9,124.8,125.65,124158
GEECEE,20111216,29.6,30.05,29.55,29.55,6022
GEINDSYS,20111216,124.1,125,113.5,116.6,10619
GEMINI,20111216,20.4,21.2,19.6,19.95,15673
GENESYS,20111216,137.05,145,134.1,138.75,2604
GENUSPOWER,20111216,8,8.7,8,8.15,33400
GEODESIC,20111216,46.25,46.45,43.2,43.75,481819
GEOJITBNPP,20111216,15.8,16.1,15.3,15.55,99958
GEOMETRIC,20111216,48.75,49.8,46.65,47.3,155455
GESHIP,20111216,223.3,229,201.7,208.65,329170
GHCL,20111216,29.85,29.9,28.8,29.1,24042
GICHSGFIN,20111216,72.2,72.2,70,70.35,46978
GILLANDERS,20111216,69.5,69.5,64,64.7,1799
GILLETTE,20111216,1862,1905,1836.45,1861.75,851
GINNIFILA,20111216,5,5.25,5,5.1,13724
GIPCL,20111216,69.8,70,67.15,68.05,7020
GISOLUTION,20111216,9.55,9.55,8.65,8.9,2089
GITANJALI,20111216,336,336.65,330,331.05,462584
GKB,20111216,28.8,28.8,28.8,28.8,1
GKWLIMITED,20111216,424,435,420,435,1803
GLAXO,20111216,1877,1904,1834,1840.15,16013
GLENMARK,20111216,303.55,313.45,301,303.55,597869
GLOBALVECT,20111216,15.05,16.7,15.05,15.35,1834
GLOBOFFS,20111216,70,71.45,68.2,69.2,1225
GLOBUSSPR,20111216,109.7,109.75,108.3,108.6,27650
GLODYNE,20111216,243,255.35,240,246.3,231404
GLORY,20111216,2.8,2.95,2.8,2.85,38802
GMBREW,20111216,63,64,59.1,60.85,3169
GMDCLTD,20111216,169,172.65,164.15,165.45,70159
GMRINFRA,20111216,19.5,20,18.6,19.25,6102028
GNFC,20111216,79.5,79.5,73.55,74.3,71860
GOACARBON,20111216,72,73,69,69.05,4265
GODFRYPHLP,20111216,2724.45,2769.95,2665.25,2669.65,251
GODREJCP,20111216,397.4,403.2,390.15,395.45,259614
GODREJIND,20111216,200,201.95,185.35,189.5,558321
GODREJPROP,20111216,655,699,654,662.25,60941
GOENKA,20111216,35.65,35.65,32.4,32.8,5380
GOKEX,20111216,77.15,81.85,77.15,81.85,51
GOKUL,20111216,87,89.35,79.6,81.6,33504
GOLDBEES,20111216,2620,2634,2588,2619.05,201188
GOLDENTOBC,20111216,36,37.4,35,36,1201
GOLDIAM,20111216,27.05,27.85,25.2,25.95,3618
GOLDINFRA,20111216,9.95,9.95,9.2,9.2,620
GOLDSHARE,20111216,2622,2634.95,2590.05,2631.7,9082
GOLDTECH,20111216,6.75,6.75,6.3,6.3,3570
GPIL,20111216,97,102.5,95.5,96.55,12306
GPPL,20111216,53.6,53.75,50.5,51.85,12792
GRABALALK,20111216,18.15,18.15,17.5,17.5,201
GRANULES,20111216,62.5,63.45,61.5,61.5,843
GRAPHITE,20111216,68,70.1,67,69.6,188739
GRASIM,20111216,2378.95,2399.45,2351,2370.15,62607
GRAVITA,20111216,367.45,375,356.05,361.9,106101
GREAVESCOT,20111216,78,78,74.3,76.1,18562
GREENPLY,20111216,177.1,180.9,175,175,474
GREENPOWER,20111216,10.3,10.35,10,10.05,370389
GRINDWELL,20111216,226.45,232,222.25,228,3161
GRUH,20111216,531.05,548.9,528,529.65,16523
GSFC,20111216,381,386.05,363,372,48716
GSKCONS,20111216,2565,2599,2515.1,2522,15560
GSLNOVA,20111216,2.25,2.6,2.25,2.3,617
GSPL,20111216,85.9,87.9,84.45,86.05,849294
GSS,20111216,115.3,118.8,115.3,118,2407
GTL,20111216,34.3,35.5,31.5,31.85,563638
GTLINFRA,20111216,8,8,7.35,7.55,345017
GTNIND,20111216,10.25,10.95,10.25,10.65,3085
GTNTEX,20111216,10.7,10.85,9,9.05,4828
GTOFFSHORE,20111216,87.1,89.3,77.5,78.45,213263
GUFICBIO,20111216,5.6,5.6,5.25,5.4,1006
GUJALKALI,20111216,131,132.5,129.5,129.55,38825
GUJAPOLLO,20111216,127.05,127.95,126,126.9,11520
GUJFLUORO,20111216,368.4,376,338.5,350.25,154658
GUJNRECOKE,20111216,16.6,17,15.8,15.95,1867108
GUJNREDVR,20111216,12.5,13.1,11.4,11.9,187529
GUJRATGAS,20111216,359,359,347,350.35,38603
GUJSIDHCEM,20111216,7.4,7.6,7.1,7.3,68375
GULFOILCOR,20111216,56.35,58.3,54.65,55.5,30359
GVKPIL,20111216,10.5,10.65,9.75,9.85,8748468
HALONIX,20111216,52,53.3,50.8,51.35,2543
HANUNG,20111216,86.75,90.05,83.25,84.75,89231
HARRMALAYA,20111216,58.1,59.3,55.1,56.05,6460
HATHWAY,20111216,113.6,114.2,110.1,113,218149
HAVELLS,20111216,394.2,409,386.5,390.7,441536
HBLPOWER,20111216,16.5,17.25,15.25,15.85,11773
HBSTOCK,20111216,9.75,9.75,9.75,9.75,200
HCC,20111216,19.85,20.4,18.05,18.75,2212612
HCIL,20111216,50.8,50.8,49.05,49.2,15531
HCL-INSYS,20111216,45,45.45,42.8,43.25,115032
HCLTECH,20111216,412.45,420,407.4,412.35,1508425
HDFC,20111216,636.4,646,618.55,626.35,2231863
HDFCBANK,20111216,434.1,440.5,410,415.3,7356205
HDFCMFGETF,20111216,2697,2724,2667,2696,5589
HDIL,20111216,57.5,58.8,55.7,56.2,10999319
HEG,20111216,168,170,163,164.75,12762
HEIDELBERG,20111216,27.1,27.7,25.8,26.3,34461
HELIOSMATH,20111216,20.1,20.6,20,20,5335
HERCULES,20111216,214.35,219.15,210,211.3,11358
HERITGFOOD,20111216,150,159,150,152.6,472
HEROMOTOCO,20111216,1960,2003,1901,1925.7,385536
HEXAWARE,20111216,82.75,84.6,81,81.5,689708
HFCL,20111216,11.05,11.25,10.7,10.95,1000073
HGS,20111216,309,314.85,306.25,309.05,429
HIKAL,20111216,239.9,251,238.1,238.7,762
HILTON,20111216,12.1,12.7,11.95,12.25,932
HIMATSEIDE,20111216,24.75,26.1,24.7,25,3445
HINDALCO,20111216,128.1,131.75,124.15,125.9,8609493
HINDCOMPOS,20111216,440.3,440.3,440,440,152
HINDCOPPER,20111216,169,171.5,160,162.2,14682
HINDDORROL,20111216,25.6,27.2,25.05,25.35,53845
HINDMOTORS,20111216,8.25,9.2,8.25,8.85,125165
HINDNATGLS,20111216,152.7,152.7,145.2,148.25,673
HINDOILEXP,20111216,110.55,114,102.7,104.1,1034516
HINDPETRO,20111216,284.8,287.75,258.1,263.55,1641106
HINDUJAFO,20111216,66,66,60.05,60.05,358
HINDUJAVEN,20111216,327,335,320.3,322.45,1827
HINDUNILVR,20111216,395.5,405,388,392.8,2709272
HINDZINC,20111216,118,119.95,114.8,117.1,887471
HIRAFERRO,20111216,23.1,25.8,23.1,24.7,350
HIRECT,20111216,39.15,40,38.35,38.35,2441
HITACHIHOM,20111216,111,112.95,105,105.5,13298
HITECHGEAR,20111216,120,123.6,118,120,73903
HITECHPLAS,20111216,61.1,64.05,60,60.05,10
HMT,20111216,30.7,31.45,29.65,30.6,757934
HMVL,20111216,133.3,135.6,124.55,130.05,5510
HNGSNGBEES,20111216,1285,1286,1275,1275,227
HOCL,20111216,18.45,18.45,16.6,16.7,26012
HONAUT,20111216,1680,1788,1670.05,1686.6,1053
HONDAPOWER,20111216,284.95,288.95,276.05,277.5,2580
HOPFL,20111216,54,54.75,50.15,52.85,743
HORIZONINF,20111216,258,258,228,229.65,259
HOTELEELA,20111216,32,32.3,31.25,31.35,92400
HOTELRUGBY,20111216,6,6,6,6,1050
HOVS,20111216,34.5,37,33.3,35.9,11130
HSIL,20111216,138,145,138,139.5,24420
HTMEDIA,20111216,123,124.95,118.15,119,951
HUBTOWN,20111216,178.55,183,178.15,182.5,7888
HYDRBADIND,20111216,275,285.05,272,275.7,3249
HYDROS&S,20111216,15,15.6,14.5,14.55,935
IBPOW,20111216,9.15,9.15,8.5,8.8,447035
IBREALEST,20111216,51,51,46.2,47.15,6503077
IBSEC,20111216,6.2,6.3,5.8,6,274454
IBWSL,20111216,5.05,5.45,5.05,5.05,366657
ICICIBANK,20111216,699.2,715,664.85,676,7712758
ICIL,20111216,7.95,7.95,7.95,7.95,108
ICRA,20111216,880,892.85,872.5,885.95,658
ICSA,20111216,32.95,34.25,28.15,29.7,192912
IDBI,20111216,89.4,90.75,85.8,86.3,2544703
IDBIGOLD,20111216,2748,2769,2715,2767.1,723
IDEA,20111216,85.2,87.1,83.35,84,4832544
IDFC,20111216,108.5,110.6,103,104.45,8606900
IFBAGRO,20111216,159,159,149.1,151.5,1630
IFBIND,20111216,65.25,67.5,63,64.2,7240
IFCI,20111216,21.9,22.25,20.65,20.85,13339611
IFGLREFRAC,20111216,33,35,33,33.15,297
IGARASHI,20111216,35.5,38.35,34.5,37.6,9446
IGL,20111216,369,370.75,362.05,364.3,73937
IGPL,20111216,16.15,16.95,15.5,16.25,969
IIFLNIFTY,20111216,476.65,480.8,462.9,464.63,25461
IL&FSENGG,20111216,62.85,62.9,50.65,52.65,24915
IL&FSTRANS,20111216,167.65,169,164,164.8,40969
IMFA,20111216,232,274.9,232,239.05,894
IMPAL,20111216,638,638,605,605.5,124
IMPEXFERRO,20111216,6.2,6.25,5.8,5.8,2300
INDBANK,20111216,6.7,6.7,6,6.05,8923
INDHOTEL,20111216,57.5,57.9,55.05,55.8,883720
INDIABULLS,20111216,147.9,153.75,140.8,142.75,1183796
INDIACEM,20111216,70.95,72.4,67.25,68.25,362816
INDIAGLYCO,20111216,119,122.6,114.45,116,16952
INDIAINFO,20111216,52.85,56,51.3,53.85,788161
INDIANB,20111216,189,189,182,186.2,241973
INDIANCARD,20111216,81.1,83.05,80,82.55,598
INDIANHUME,20111216,103,104,98,98.05,2162
INDLMETER,20111216,57,57,52.05,53.05,108
INDNIPPON,20111216,159.45,163.3,156,159.9,464
INDOCO,20111216,396.15,403,396.15,400,78
INDORAMA,20111216,23.4,24.55,23,23,14040
INDOSOLAR,20111216,6.05,6.2,5.85,5.95,124723
INDOTECH,20111216,89,95.4,82.5,84.85,4160
INDOTHAI,20111216,11.3,11.6,10.75,10.75,37298
INDOWIND,20111216,7.2,7.25,6.85,6.9,97044
INDRAMEDCO,20111216,35.2,38.35,35.2,36.95,106193
INDSWFTLAB,20111216,80.9,82,77.05,78.2,82654
INDSWFTLTD,20111216,25.4,25.4,23.65,24.2,10631
INDTERRAIN,20111216,94.95,94.95,85.85,86,1229
INDUSFILA,20111216,14.3,15,14.25,14.55,7056
INDUSINDBK,20111216,257.5,261.4,249,251.85,671698
INEABS,20111216,598,599,584.5,585.5,711
INFINITE,20111216,62.75,65.75,60.5,60.75,33003
INFODRIVE,20111216,7.7,7.7,7.1,7.5,4
INFOMEDIA,20111216,10,10,9.1,9.25,2101
INFOTECENT,20111216,120.8,124.25,117,117.95,3753
INFRABEES,20111216,225.1,225.5,215.3,220.35,418
INFY,20111216,2695,2788.8,2691.95,2724.5,1708661
INGERRAND,20111216,379,397.9,371.85,377.05,8109
INGVYSYABK,20111216,299.95,306.05,280.6,285.45,53110
INNOIND,20111216,84.3,84.35,78,81.7,2663
INOXLEISUR,20111216,36.25,41.5,36.25,39.6,147479
INSECTICID,20111216,398.7,404.95,393.3,396.7,27145
INVENTURE,20111216,153.35,157,149,150,69066
IOB,20111216,87.45,87.8,83.75,84.95,285291
IOC,20111216,270,273.5,262.7,266.95,444975
IOLCP,20111216,24.95,25.95,23.5,23.8,148
IOLN,20111216,7,7.15,6.7,7.15,1646
IPCALAB,20111216,271.1,271.1,249.05,253.8,39895
IPGETF,20111216,2715.65,2740,2680,2695.25,1275
IPRINGLTD,20111216,49,50.95,48,50.95,1045
IRB,20111216,148.65,153.5,145.55,147.2,1161953
ISFT,20111216,52.5,52.5,50,50.5,92
ISMTLTD,20111216,26.2,26.75,25.35,26.05,32130
ITC,20111216,199.05,203.35,194,195.8,6701633
ITDCEM,20111216,125.35,125.45,125.05,125.1,488
ITI,20111216,18.4,18.75,17.2,17.6,141561
IVC,20111216,25.25,26.1,24.6,24.9,176307
IVP,20111216,41.9,43,41,41.75,2287
IVRCLAH,20111216,25.5,26.35,23,23.65,42638
IVRCLINFRA,20111216,34.9,34.95,30.15,30.6,6332921
J&KBANK,20111216,679,679,650,662.95,52520
JAGRAN,20111216,94,96.4,94,95.35,41537
JAGSNPHARM,20111216,10.75,11.2,10.3,10.7,761
JAIBALAJI,20111216,37,38.25,34.7,34.75,52536
JAICORPLTD,20111216,59.3,59.3,53,53.95,407687
JAINSTUDIO,20111216,7.5,7.5,7.5,7.5,1001
JAMNAAUTO,20111216,91.15,92.95,90.1,91.95,1163
JAYAGROGN,20111216,81.05,84,78,79.95,2939
JAYBARMARU,20111216,41.85,42.95,40.9,41.8,464
JAYNECOIND,20111216,13.6,13.85,12.9,13,30226
JAYSREETEA,20111216,92.2,93.8,88.15,89.5,20150
JBCHEPHARM,20111216,68.35,69,67.1,68.1,34125
JBFIND,20111216,105.95,106.85,101,105.05,48975
JBMA,20111216,52,52,51.1,51.4,898
JCTEL,20111216,0.95,0.95,0.9,0.9,572812
JENSONICOL,20111216,2.8,3.2,2.8,2.9,26253
JETAIRWAYS,20111216,225,226.2,200.45,203.75,2077493
JHS,20111216,34.1,35.1,34.1,34.85,9878
JIKIND,20111216,4.1,4.1,4.05,4.1,2072
JINDALPHOT,20111216,119.9,122.5,114.25,115.2,10948
JINDALPOLY,20111216,164.75,167.5,155.8,157.25,158773
JINDALSAW,20111216,127.3,128.95,120,122.6,262660
JINDALSTEL,20111216,525,533.5,513,516.95,2128162
JINDALSWHL,20111216,392.6,409,382.05,385.4,28059
JINDCOT,20111216,61.9,62.1,48.8,52.25,103310
JINDRILL,20111216,299,299.05,293,294.85,4417
JINDWORLD,20111216,77.5,77.5,71,73.4,2793
JISLDVREQS,20111216,39.45,42,39.45,39.45,258252
JISLJALEQS,20111216,97.1,99.9,88.3,91.7,1876962
JKCEMENT,20111216,102,105.9,102,104.95,17157
JKIL,20111216,155,159.8,150,153.1,10977
JKLAKSHMI,20111216,40.4,41.5,38.6,39.5,36165
JKPAPER,20111216,35.75,36.2,35.15,35.55,102378
JKTYRE,20111216,62.4,64.3,60.5,61.5,59091
JMCPROJECT,20111216,105.5,106.95,98.2,99.55,3009
JMFINANCIL,20111216,13.4,13.8,12.3,12.6,333061
JMTAUTOLTD,20111216,54.85,54.85,54.5,54.75,4
JOCIL,20111216,96,98,95.05,97.95,90
JPASSOCIAT,20111216,62.15,63.05,58.5,59.1,19271283
JPINFRATEC,20111216,39.4,40,36.05,37.1,511971
JPPOWER,20111216,38.4,39,36.2,36.95,810729
JSL,20111216,75.95,75.95,71.5,72.25,40334
JSWENERGY,20111216,40.55,40.95,38.5,39.1,474029
JSWISPAT,20111216,10.15,10.3,9.95,10.05,3121235
JSWSTEEL,20111216,539,553.95,501.5,509.5,2325182
JUBILANT,20111216,170,173.65,165.95,168.2,84215
JUBLFOOD,20111216,785.05,798.7,746.2,753.4,992856
JUBLINDS,20111216,198.55,200.5,193.05,200,2805
JUMBO,20111216,13,13,13,13,86
JUNIORBEES,20111216,89.9,90.3,86.26,87.28,22381
JUPITER,20111216,9.4,11.25,9.3,9.6,331929
JVLAGRO,20111216,14.1,14.4,14.05,14.1,27698
JYOTHYLAB,20111216,161,164,158.55,159.85,49546
JYOTISTRUC,20111216,41,41.75,38.55,39,79779
KABRAEXTRU,20111216,35.5,35.5,32.1,32.3,8548
KAJARIACER,20111216,99.1,103.5,99.1,100.95,322364
KAKATCEM,20111216,62.5,66,62,63.8,2914
KALECONSUL,20111216,108.65,111.7,101,102.25,8964
KALINDEE,20111216,101,104.95,96.2,96.75,165072
KALPATPOWR,20111216,94.8,98.25,93.6,93.9,33711
KAMATHOTEL,20111216,90,91.75,85.15,87.15,3741
KANANIIND,20111216,146.5,152,135.05,143.3,6688
KANDAGIRI,20111216,54,54,54,54,1
KANORICHEM,20111216,24.5,25.35,24.5,24.5,4539
KANSAINER,20111216,860.05,878,851,872.85,2008
KARURKCP,20111216,15.05,19.95,15,16.6,1033
KARURVYSYA,20111216,368,372.9,362,363.9,31619
KAUSHALYA,20111216,6.35,6.35,5.75,5.95,9164
KAVVERITEL,20111216,124,127.05,123.1,124.75,29832
KBIL,20111216,581,600.05,581,600,118
KCP,20111216,23.5,24.4,23.5,24.1,26742
KCPSUGIND,20111216,14.05,14.75,14.05,14.2,18293
KEC,20111216,34.15,35.55,32.6,34.4,163108
KECL,20111216,27.9,28.9,27.85,28.05,6750
KEI,20111216,14.65,15.1,14.3,14.55,27530
KEMROCK,20111216,519.7,525,503.1,509.25,6139
KERNEX,20111216,65.85,66.7,61.5,62.25,45223
KESARENT,20111216,37.85,37.85,37.8,37.8,5
KESORAMIND,20111216,101,104,97.5,99.2,22231
KEYCORPSER,20111216,36.45,36.45,36.45,36.45,1
KFA,20111216,22.95,23.4,21.5,21.7,3715840
KGL,20111216,4.3,4.45,4.1,4.15,1209851
KHAITANELE,20111216,77,83.85,73.5,78,230
KHAITANLTD,20111216,17.1,17.1,17.1,17.1,8
KHANDSE,20111216,18,18.7,17,18.1,17150
KICL,20111216,435,435,365,378.15,159
KIL,20111216,11.45,12,11.45,11.75,2242
KILITCH,20111216,50.3,50.3,50.25,50.25,250
KINETICMOT,20111216,13.7,13.7,11.5,11.8,25823
KIRIINDUS,20111216,59,64.4,52.6,58.9,11715
KIRLOSBROS,20111216,116,121,115,116.9,3015
KIRLOSENG,20111216,125.75,127,121.05,121.35,1655
KIRLOSIND,20111216,235.65,249,235.6,239.4,568
KITPLYIND,20111216,2.75,3,2.7,3,5523
KKCL,20111216,677,680,639,642.85,9433
KLGSYSTEL,20111216,23,24.45,22.5,22.65,7641
KLRF,20111216,29.05,29.05,23.55,24,7714
KMSUGAR,20111216,2.2,2.35,1.85,2.05,7535
KNRCON,20111216,100.3,102.8,96.2,98.6,2641
KOHINOOR,20111216,35.35,35.8,33.9,34,13674
KOLTEPATIL,20111216,32,33.4,32,32.3,16067
KOPDRUGS,20111216,3.55,3.55,3.55,3.55,112
KOPRAN,20111216,15.75,16.1,15,15.1,30960
KOTAKBANK,20111216,485.85,496,470.25,481.55,854763
KOTAKGOLD,20111216,2614,2634.7,2583.5,2630,59348
KOTAKNIFTY,20111216,472.3,496,470,479,3384
KOTAKPSUBK,20111216,315,318,302,305.33,445
KOTARISUG,20111216,5.7,5.8,5.7,5.7,15306
KOTHARIPET,20111216,6,6.15,5.95,5.95,1450
KOTHARIPRO,20111216,385,388.4,374,377.7,658
KOUTONS,20111216,16.4,17,16.2,16.85,123883
KPIT,20111216,158,158,148.15,149.85,55265
KPRMILL,20111216,90.5,91.5,87.15,88.5,1827
KRBL,20111216,15.55,15.8,14.9,15.05,285684
KRISHNAENG,20111216,2.4,2.7,2.35,2.65,7495
KSBPUMPS,20111216,150,153,146,147.35,2620
KSCL,20111216,469.5,469.5,452.3,459.2,15856
KSE,20111216,229,229,226,226.9,31
KSERASERA,20111216,2.7,2.75,2.55,2.6,64265
KSK,20111216,43,43.2,38.9,39,97954
KSL,20111216,37.65,37.65,33.75,34.75,12932
KSOILS,20111216,6.1,6.35,6.05,6.15,3151519
KTIL,20111216,60.2,60.2,59.05,59.25,3367
KTKBANK,20111216,75.7,76.95,69.8,71,1373689
KWALITY,20111216,32.6,35.35,32.6,32.6,6634222
L&TFH,20111216,44.7,45.35,43.9,44.05,311380
LAKPRE,20111216,35,37.45,34.2,37,94
LAKSHMIEFL,20111216,15.5,17.15,14.15,15.55,128401
LAKSHMIMIL,20111216,1580.95,1622.7,1475,1572.25,111
LAKSHVILAS,20111216,84.85,87.3,82.75,83.4,58698
LANCOIN,20111216,21.7,23.35,20.5,21.25,8322
LAOPALA,20111216,104,107.7,99,101.7,26748
LAXMIMACH,20111216,1579.7,1579.7,1490,1504,15073
LCCINFOTEC,20111216,0.35,0.4,0.35,0.35,23187
LGBBROSLTD,20111216,287,306.5,287,301.25,1715
LGBFORGE,20111216,2.8,2.8,2.8,2.8,3166
LIBERTSHOE,20111216,63.3,64.85,61.1,61.5,3849
LICHSGFIN,20111216,220,223.4,214.05,215.2,2092599
LIQUIDBEES,20111216,1000,1000.01,999.99,999.99,206309
LITL,20111216,10.25,10.35,8.6,8.85,19334031
LLOYDELENG,20111216,39.25,39.7,37.5,38,10721
LLOYDFIN,20111216,0.95,0.95,0.8,0.9,2324
LLOYDSTEEL,20111216,8.1,8.2,7.75,7.95,191927
LML,20111216,8,8.2,7.65,7.75,92999
LOGIXMICRO,20111216,17.05,17.95,16.65,16.65,39406
LOKESHMACH,20111216,39.25,39.25,37.6,38.75,2304
LOTUSEYE,20111216,8.1,8.9,8.1,8.35,1932
LOVABLE,20111216,323.4,333.8,301.4,304.9,551155
LPDC,20111216,1.9,2.15,1.85,1.95,13216
LT,20111216,1146.6,1154,1060,1072.65,4212747
LUMAXAUTO,20111216,27.25,29.4,27.25,27.7,202
LUMAXIND,20111216,384.95,384.95,377,379.45,1805
LUMAXTECH,20111216,139.15,144,139,139,6166
LUPIN,20111216,436.15,438.05,425,430.1,1137015
LYKALABS,20111216,9.25,9.5,8.65,9,6788
M&M,20111216,663.5,688.5,648,660.05,2451460
M&MFIN,20111216,642.75,659.95,623.75,646.6,97235
M100,20111216,6.45,6.47,6.25,6.3,339528
M50,20111216,65.25,65.25,61.12,62.02,9085
MAANALU,20111216,42.95,42.95,42.65,42.7,467
MADHAV,20111216,16,16.5,15.4,15.9,1221
MADHUCON,20111216,56.55,56.9,53.5,53.95,4908
MADRASCEM,20111216,107.5,110.15,106.35,107.7,60885
MADRASFERT,20111216,17.7,17.9,16.75,17.45,52391
MAGMA,20111216,53.4,53.4,51.2,52.2,5022
MAGNUM,20111216,3.7,4.1,3.7,4.1,290
MAHABANK,20111216,43.95,44.65,42.55,42.85,109216
MAHINDFORG,20111216,50.5,53,48.75,50,12780
MAHINDUGIN,20111216,46.25,48.05,46.25,47,8232
MAHLIFE,20111216,255,255,246.35,248,2097
MAHSCOOTER,20111216,284,284.35,276,276.75,2128
MAHSEAMLES,20111216,334.35,336.85,334.25,334.25,12285
MAITHANALL,20111216,90,90,86.4,87,4
MALUPAPER,20111216,9.45,9.8,9.4,9.65,1195
MALWACOTT,20111216,19.05,19.05,18.45,18.55,138
MANAKSIA,20111216,49.75,50.45,47.6,48.25,3425
MANALIPETC,20111216,9.2,9.4,8.8,8.9,54684
MANAPPURAM,20111216,45.05,49.3,45,46.3,1957824
MANDHANA,20111216,219.1,221.7,214,217.3,226049
MANGALAM,20111216,11.8,12,11.8,11.8,228
MANGCHEFER,20111216,34.6,35,34,34,206974
MANGLMCEM,20111216,92.1,94.95,91.35,92.6,9309
MANGTIMBER,20111216,17.25,20.35,17.25,19.4,15404
MANINDS,20111216,110,111.95,109.1,109.1,135504
MANINFRA,20111216,101,101.5,99.5,99.95,7427
MANJUSHREE,20111216,86,86,75.75,76.5,4796
MANUGRAPH,20111216,45.5,48.45,45.5,46,3335
MARALOVER,20111216,9.95,9.95,8.95,9.2,798
MARG,20111216,81.4,81.6,79.9,80.1,37358
MARICO,20111216,143,143,137,137.95,245904
MARKSANS,20111216,1.95,2,1.85,1.85,75496
MARUTI,20111216,931.7,949.9,908.7,931.55,848872
MASTEK,20111216,77,80.4,76,76.65,16572
MAWANASUG,20111216,12.65,13.95,12.65,13.45,5515
MAX,20111216,159,162.7,153,154.65,459483
MAXWELL,20111216,22.9,24,22.9,23.35,6858
MBECL,20111216,88,92.8,87.25,91.45,13383
MBLINFRA,20111216,100.05,102.95,100,100.25,4855
MBSWITCH,20111216,79,80.5,73.65,75,11603
MCDHOLDING,20111216,41.6,41.8,39.5,40,8343
MCDOWELL-N,20111216,636.9,659.5,610,620.05,414148
MCLEODRUSS,20111216,190.9,194,174.05,190.25,2594285
MEGASOFT,20111216,10.75,10.85,9.9,10,21408
MEGH,20111216,9,9.15,8.5,8.7,50711
MELSTAR,20111216,7.1,7.1,7.1,7.1,50
MERCATOR,20111216,20.35,20.45,18.5,18.9,833203
MERCK,20111216,623.85,623.85,601,606,1899
MHRIL,20111216,295.25,303.85,285,291,1898
MIC,20111216,6.1,6.35,5.85,6.1,516595
MICROSEC,20111216,27.15,27.4,27.15,27.15,3949
MICROTECH,20111216,151.5,157.85,148.2,152.5,27710
MINDAIND,20111216,159.05,165,159,161.25,293
MINDTREE,20111216,400,405,399,403.15,8875
MIRCELECTR,20111216,16,17.5,14.9,15.15,33703
MIRZAINT,20111216,17.5,17.7,16.6,16.85,75289
MMFL,20111216,88.05,95,88.05,91.7,576
MMFSL,20111216,85.05,91.15,82.9,83.7,49984
MMTC,20111216,497.25,507.95,470,475.15,5572
MOIL,20111216,226,230.7,222,223.45,47428
MONNETISPA,20111216,362.05,374.95,353,358.05,15201
MONSANTO,20111216,680,687.95,671,675.1,1439
MORARJETEX,20111216,10.5,10.55,10.5,10.5,1011
MOREPENLAB,20111216,3.25,3.35,3.1,3.15,147164
MOSERBAER,20111216,15.3,15.6,13.3,13.65,1272809
MOTHERSUMI,20111216,149.55,149.55,142.4,145.6,42217
MOTILALOFS,20111216,79.25,81,79.25,80.3,9071
MOTOGENFIN,20111216,37,39.4,35.55,39,6934
MPHASIS,20111216,345.05,354.5,337,343,238564
MPSLTD,20111216,36.2,36.4,36.05,36.2,31197
MRF,20111216,7099,7198.95,6961,7007.05,7661
MRO-TEK,20111216,8.15,8.15,7.4,7.95,3082
MRPL,20111216,61.35,61.4,57.7,58.4,117963
MSPL,20111216,30,30.75,28.55,29.35,5966
MTNL,20111216,24.7,25.75,23.85,24.2,443474
MUDRA,20111216,18.5,18.5,15,15.45,71025
MUKANDENGG,20111216,20.8,21.4,19.6,20.4,3731
MUKANDLTD,20111216,25.65,27.35,25,25.4,14228
MUKTAARTS,20111216,33.2,34,30.95,31.1,3501
MUNDRAPORT,20111216,127.1,129.5,124.4,126.65,1062095
MUNJALAU,20111216,178,184,178,178.35,1090
MUNJALSHOW,20111216,63.05,66,62.85,63.55,10073
MURUDCERA,20111216,14.15,14.15,14,14,9209
MUTHOOTFIN,20111216,152,160,152,158,555954
MVL,20111216,22,22.4,20.55,21.2,292970
MVLIND,20111216,11.2,11.25,9.7,10,3084
MYSOREBANK,20111216,446.45,465.1,446.45,450.8,1454
N100,20111216,115.2,120.9,115,115.07,465
NAGREEKEXP,20111216,15,15.5,14.6,15,1759
NAHARCAP,20111216,44,44,40,40.6,1119
NAHARINDUS,20111216,35.7,35.7,32.2,32.75,633
NAHARPOLY,20111216,19.55,21.55,19.4,21.45,379
NAHARSPING,20111216,50.2,50.35,48,48.75,5480
NANDAN,20111216,1.7,1.9,1.7,1.75,81148
NATCOPHARM,20111216,237.65,241.9,228,230,21592
NATHSEED,20111216,7.8,7.95,7.5,7.5,683
NATIONALUM,20111216,51,51.6,49.5,49.9,79729
NATNLSTEEL,20111216,14.45,14.5,13.2,13.3,4440
NAUKRI,20111216,619,638,616.2,617.5,634
NAVINFLUOR,20111216,307,313,302.1,304.45,8071
NAVNETPUBL,20111216,53,54.2,52.05,52.3,36343
NBVENTURES,20111216,185,190.95,183.05,185.1,2259
NCC,20111216,37.1,38.05,34.6,35.35,422699
NCLIND,20111216,33.8,35.25,33.8,34.1,42617
NCOPPER,20111216,17.9,17.9,16.75,17.2,8311
NDTV,20111216,29.95,30.2,27.55,27.65,137832
NECLIFE,20111216,18.5,18.6,17,17.2,33742
NEHAINT,20111216,32.05,32.05,32.05,32.05,734
NELCAST,20111216,22.25,23.35,22.15,22.4,14805
NELCO,20111216,43,43.4,41,41.5,12936
NEOCURE,20111216,2,2,2,2,9
NEPCMICON,20111216,2.75,3,2.6,2.85,17349
NESCO,20111216,560,569,548.5,551.8,5679
NESTLEIND,20111216,4185.05,4260,4184.2,4206.85,11908
NET4,20111216,150,150,148,148.5,28247
NETWORK18,20111216,36.65,37.55,36.55,36.8,23607
NEULANDLAB,20111216,74.1,76,73.4,75.45,423
NEXTMEDIA,20111216,4.35,4.5,4.35,4.35,3786
NEYVELILIG,20111216,72.4,73.2,71.05,71.85,86843
NFL,20111216,50.8,51.9,48.5,49.2,14470
NHPC,20111216,20,20.4,19.85,19.95,4812807
NICCO,20111216,1.95,2,1.9,1.95,2023
NIFTYBEES,20111216,488,492.73,475,478.28,166885
NIITLTD,20111216,42.55,43.85,39.15,40.35,90368
NIITTECH,20111216,190,190.25,182.8,183.5,189927
NILKAMAL,20111216,218.6,229,207,212.65,4309
NIPPOBATRY,20111216,371.75,379.65,370,374.6,240
NITCO,20111216,36,36.2,34.1,34.5,12190
NITESHEST,20111216,15.9,16.75,15.2,15.6,42230
NITINFIRE,20111216,26,26.4,25.2,25.4,107467
NITINSPIN,20111216,6.05,6.3,5.85,5.95,16218
NMDC,20111216,160.4,162.5,152.45,153.8,445574
NOCIL,20111216,16.2,16.65,15.7,15.95,99861
NOIDATOLL,20111216,20,20.55,19.95,20,293829
NOL,20111216,39.45,39.45,39.45,39.45,25
NORBTEAEXP,20111216,4.65,4.85,4.6,4.75,550
NORTHGATE,20111216,8.3,9.05,8.05,8.15,13511
NRBBEARING,20111216,35.25,35.5,33.8,34.1,2581
NRC,20111216,3,3.25,3,3,4804
NSIL,20111216,584.9,584.9,560,560,561
NTPC,20111216,166.1,170.25,159.4,160.95,3684013
NUCHEM,20111216,2.4,2.55,2.3,2.3,2606
NUCLEUS,20111216,60.05,64.75,58.15,59.45,14818
NUMERICPW,20111216,183,183,178,179.25,1030
NUTEK,20111216,1.5,1.5,1.4,1.45,2191542
OBEROIRLTY,20111216,222,228,215.5,217.55,8761
OCL,20111216,91.8,91.8,88,88.05,2708
OFSS,20111216,1995,1997,1954,1979.25,9804
OIL,20111216,1171.1,1187.65,1167,1174.05,51730
OILCOUNTUB,20111216,47.05,50,47.05,47.8,1743
OISL,20111216,42,45,42,42.7,4273
OMAXAUTO,20111216,35.1,35.1,33.85,34.4,3167
OMAXE,20111216,139.5,139.85,134.3,134.65,121149
OMKARCHEM,20111216,62.5,63,60,60,6568
OMMETALS,20111216,26.8,26.8,25.3,25.3,1000
OMNITECH,20111216,138.9,145,132,133.8,9015
ONELIFECAP,20111216,233.2,237.95,232.3,234.85,244502
ONGC,20111216,251.1,259.45,246.15,250.3,2128390
ONMOBILE,20111216,65.7,67.2,63.55,64.45,452929
ONWARDTEC,20111216,37,37.35,35.1,35.85,830
OPTOCIRCUI,20111216,199.45,202.5,193.4,195.3,280460
ORBITCORP,20111216,30,30,25.5,26.5,524779
ORCHIDCHEM,20111216,144.8,148.35,133.4,135,1253072
ORIENTABRA,20111216,10.7,11,9.75,9.75,20825
ORIENTALTL,20111216,7,7,6.65,6.65,939
ORIENTBANK,20111216,250,257.45,240.05,242.65,548517
ORIENTCERA,20111216,45,45,42.05,43.65,420
ORIENTHOT,20111216,25.4,25.4,24.15,24.65,6204
ORIENTLTD,20111216,88.8,90,85.1,85.1,58
ORIENTPPR,20111216,45.15,48.3,45.15,46.65,15278
ORISSAMINE,20111216,33700,34440,32100,32398.7,565
OSWALMIN,20111216,40,40,40,40,50
OUDHSUG,20111216,22.4,23,22.1,22.5,43686
PAEL,20111216,18.25,18.25,16.5,16.8,1487
PAGEIND,20111216,2590,2590,2456,2498.95,3136
PANACEABIO,20111216,88,89,85.5,86.5,685
PANAMAPET,20111216,203,228.3,203,219.95,1185
PANASONIC,20111216,75.05,87.25,71.55,75.35,645
PANORAMUNI,20111216,7.75,8.35,7.75,7.9,4879
PANTALOONR,20111216,145,146.25,139.15,139.65,5710793
PAPERPROD,20111216,63.3,64.4,62.6,63.35,62305
PARABDRUGS,20111216,32,33.3,31.75,32.05,32594
PARACABLES,20111216,2.2,2.25,2.15,2.15,14639
PARAL,20111216,183,184.5,179,180.1,4199
PARAPRINT,20111216,4.8,5.3,4.8,5.3,1336243
PARASPETRO,20111216,0.4,0.45,0.4,0.45,8668
PARRYSUGAR,20111216,100.95,100.95,95.1,95.1,156
PARSVNATH,20111216,43.4,43.9,42,42.5,1018943
PATELENG,20111216,83,84.5,78.15,79.35,284710
PATINTLOG,20111216,22.3,23.75,22,22,2990
PATNI,20111216,446.1,449.75,440.5,447,53732
PATSPINLTD,20111216,9.05,9.2,8.75,8.85,1897
PBAINFRA,20111216,30.8,33.05,30.8,31.2,2506
PDPL,20111216,119,119,107,109.65,3215
PDUMJEIND,20111216,14.2,16,14.2,14.95,12
PDUMJEPULP,20111216,14.6,14.75,14.6,14.6,3840
PEACOCKIND,20111216,3,3.25,2.9,2.9,2490
PEARLPOLY,20111216,12.7,13.65,12.7,13.65,1000
PENIND,20111216,38,38.95,37.15,37.45,16076
PENINLAND,20111216,32.3,34,30.05,30.7,63989
PERIATEA,20111216,135,157.95,130,131,457
PERSISTENT,20111216,305.45,308.6,304.5,306.1,9058
PETRONENGG,20111216,260,266,250.55,258.2,598
PETRONET,20111216,161.95,164.2,159.3,160.3,1301871
PFC,20111216,157.55,162.9,149.3,150.65,5424683
PFIZER,20111216,1195,1195,1112.5,1134.6,8459
PFOCUS,20111216,43.95,45.2,41,41.95,439703
PFS,20111216,10.65,11.6,10,10.8,342725
PGEL,20111216,211.2,223.8,211.2,218.2,27884
PGHH,20111216,1825.1,1859,1776.4,1798,529
PHILIPCARB,20111216,88.7,93.8,84.6,85.1,43737
PHOENIXLTD,20111216,162,168,161.4,164,23448
PIDILITIND,20111216,143.9,143.9,139.4,140.85,35677
PIIND,20111216,495,514.8,450,461.65,4587
PIONDIST,20111216,40.05,44.95,35.65,40.55,2479
PIONEEREMB,20111216,11.95,11.95,10,10.1,3223
PIPAVAVDOC,20111216,68.05,68.8,67.25,67.65,1585929
PIRGLASS,20111216,101.1,104,99.25,100,4818
PIRHEALTH,20111216,375.05,382.95,368.25,372.65,94946
PIRLIFE,20111216,98.7,98.95,95.3,97.4,131948
PITTILAM,20111216,57.5,58.55,55.25,55.7,8835
PLASTIBLEN,20111216,144.9,145.05,144.9,145,120
PLETHICO,20111216,368.15,372.5,368.15,370.2,44874
PNB,20111216,877,887,819,828.65,418333
PNBGILTS,20111216,24,24.95,23.6,23.85,70720
PNC,20111216,11.55,12.65,11.55,11.95,6204
POCHIRAJU,20111216,10.05,10.75,10.05,10.4,4062
POLARIND,20111216,2.9,3.2,2.8,2.95,15347
POLARIS,20111216,125.7,126.4,120.3,123.4,346382
POLYMED,20111216,239,239,213.4,217.4,155
POLYPLEX,20111216,164,167.8,159.25,161.05,20828
PONDYOXIDE,20111216,23,24.1,22.75,22.9,422
PONNIERODE,20111216,75,80,73.2,78.3,9346
POWERGRID,20111216,99.25,101.3,96.6,98.1,7081831
PPAP,20111216,68.8,68.8,63.65,65.35,97
PRADIP,20111216,106.5,109.8,103.55,104.75,147430
PRAENG,20111216,3.5,3.75,3.25,3.3,247536
PRAJIND,20111216,72.25,73.9,69.05,69.95,718406
PRAKASH,20111216,31,32.4,29.05,29.8,157469
PRAKASHCON,20111216,227,227,200.1,203.7,363579
PRAKASHSTL,20111216,116.65,117,115,115.85,12659
PRATIBHA,20111216,35,36,28.8,29.85,132628
PRECOT,20111216,82,82,73.25,76.85,614
PRECWIRE,20111216,82,82,77.5,77.9,715
PREMIER,20111216,65.8,68,65.1,65.25,553
PRESTIGE,20111216,70,72,66.6,68.3,51790
PRETAILDVR,20111216,91.95,92,86.1,90.15,57856
PRICOL,20111216,13.5,14,13.4,13.4,10675
PRIMESECU,20111216,14.5,14.5,12.8,13.2,64736
PRISMCEM,20111216,40,40.6,37.6,38,182767
PRITHVI,20111216,14.05,15.45,14.05,14.5,6682
PROVOGUE,20111216,20,20.8,18.45,19.1,129165
PSB,20111216,66.5,73,64.65,65,58570
PSL,20111216,55.2,55.9,54.25,54.45,25597
PSUBNKBEES,20111216,304.5,314.6,288.15,290.08,1078
PTC,20111216,46,46.7,42.4,42.85,1148827
PTL,20111216,34.2,38.8,33.55,33.65,459
PUNJABCHEM,20111216,58.65,65,53.65,56.25,3174
PUNJLLOYD,20111216,41.6,41.9,39.7,40.1,4493371
PURVA,20111216,61.35,63,59.5,60.1,2984
PVP,20111216,4.6,4.65,4.4,4.45,47734
PVR,20111216,135,135,124,125.6,28778
QGOLDHALF,20111216,1310.65,1315,1300,1312.2,1721
QNIFTY,20111216,489.5,495,477,479.67,328
QUINTEGRA,20111216,2.3,2.3,2,2.05,2431
RADAAN,20111216,1.8,1.9,1.8,1.85,5603
RADICO,20111216,118.25,118.85,116.1,117.45,218086
RAINBOWPAP,20111216,60,61.5,59.5,60.2,299394
RAINCOM,20111216,27.45,28.65,27.1,28,138610
RAJESHEXPO,20111216,132.8,133.05,124.25,127.1,298948
RAJOIL,20111216,10.6,11.2,10.4,10.6,83876
RAJPALAYAM,20111216,185,185,177,179.95,1114
RAJRAYON,20111216,8.1,8.1,7.5,7.55,2140
RAJSREESUG,20111216,30.2,32,30.2,30.45,4486
RAJTV,20111216,69.9,71.95,66.45,67.8,50994
RAJVIR,20111216,92.4,92.4,84.5,85.8,1231
RALLIS,20111216,127,134,125,126.65,975220
RAMANEWS,20111216,7.7,8.35,7.7,7.9,14862
RAMCOIND,20111216,38.1,38.5,36.4,36.8,14087
RAMCOSYS,20111216,62,71.4,62,67.4,118446
RAMKY,20111216,200.1,206.8,196,199.65,8133
RAMSARUP,20111216,7.1,8,7.1,7.9,21956
RANASUG,20111216,2.95,3.05,2.8,2.8,94955
RANBAXY,20111216,385.2,390.9,373.5,382.65,1746094
RANEENGINE,20111216,169,172,169,170,83
RANEHOLDIN,20111216,193,193.95,190,190,238
RANKLIN,20111216,12.8,12.95,12.25,12.5,2465
RASOYPR,20111216,29,29.6,27.65,29.45,405
RATNAMANI,20111216,106,106,105,105.1,8692
RAYMOND,20111216,370.05,377.6,353.25,357.2,220608
RBL,20111216,105.85,105.9,105.8,105.8,270
RBN,20111216,46.3,47.3,42.5,43.75,15819
RCF,20111216,47.2,48.4,45.75,46.25,355823
RCOM,20111216,70.1,71.35,66,66.95,5926388
RECLTD,20111216,179.9,185.15,171.25,173.4,3368942
REDINGTON,20111216,76.3,77.2,71.75,74.65,64116
REFEX,20111216,10.8,11.6,10.65,11.15,22447
REIAGROLTD,20111216,19,19.25,18.2,18.4,1501389
REISIXTEN,20111216,15,15.5,13.35,14.75,11600
RELAXO,20111216,272,272,268,268.45,593
RELBANK,20111216,804,804,775,785,44
RELCAPITAL,20111216,264,268.85,242.1,247.05,2698999
RELGOLD,20111216,2584.8,2590,2535,2565.5,12745
RELGRNIFTY,20111216,475,480,458,458.97,2561
RELIANCE,20111216,749,844.6,716.05,721.85,5828713
RELIGARE,20111216,404.6,418.7,404.05,410.25,3221
RELIGAREGO,20111216,2700,2720,2680,2703.25,635
RELINFRA,20111216,360.25,369,342.35,349.5,1270004
RELMEDIA,20111216,76.75,80,72,72.8,260153
REMSONSIND,20111216,26.6,26.6,26.6,26.6,1
RENUKA,20111216,26.4,26.4,23.6,23.9,18442087
REPRO,20111216,159,164.9,157.35,159.35,8018
RESPONIND,20111216,100.65,100.75,100,100.75,2239
RESURGERE,20111216,0.25,0.25,0.2,0.25,1636834
REVATHI,20111216,326.05,326.05,326.05,326.05,2
RICOAUTO,20111216,9.25,9.55,7.85,8.9,103837
RIIL,20111216,323,328.4,301.1,305.8,50665
RJL,20111216,77,78.95,74.8,75.7,829
RKDL,20111216,13.05,13.3,13,13,15481
RKFORGE,20111216,95,95,90,91.95,10132
RMCL,20111216,6.85,6.85,5.85,5.85,5300
RML,20111216,100.8,100.8,99.1,99.1,150
ROHITFERRO,20111216,23.2,23.85,22.3,22.6,33931
ROHLTD,20111216,44,46.8,44,44.55,2955
ROLTA,20111216,54.4,54.4,50.55,52.15,954098
ROMAN,20111216,19.35,19.35,18,18.2,167
RPGLIFE,20111216,70.2,73,70.15,71.45,3059
RPOWER,20111216,76.75,79,73.5,74.6,3923979
RPPINFRA,20111216,56.1,59,55,56.4,5711
RSSOFTWARE,20111216,45.3,47.4,45.3,46.2,444
RSWM,20111216,68.25,74.3,65,65.35,7253
RUBYMILLS,20111216,655.2,686.8,645,650.1,580
RUCHINFRA,20111216,15.5,16.2,14.2,14.5,13245
RUCHIRA,20111216,9,9.55,8.8,9.05,37929
RUCHISOYA,20111216,98.35,99.6,97.2,98.5,263114
RUPA,20111216,145.25,145.25,140,145,5078
RUSHIL,20111216,138.3,144.05,127,131.3,171765
SABERORGAN,20111216,87.1,90,80.05,80.05,8794
SABTN,20111216,61.35,62.2,59.15,59.3,10599
SADBHAV,20111216,105.1,110,105.1,108,136723
SAGCEM,20111216,139.95,146.85,139.95,145.3,6243
SAHPETRO,20111216,24.3,25.3,22.6,23.4,3149
SAIL,20111216,77.7,79.2,73.5,74.75,4742513
SAKHTISUG,20111216,21,23.25,20.1,20.45,50321
SAKSOFT,20111216,42.45,44.9,41.05,41.05,1008
SAKUMA,20111216,12.25,12.8,12.15,12.5,1622
SALORAINTL,20111216,25,25,22,22.3,713
SALSTEEL,20111216,4.85,4.85,4.6,4.65,13647
SAMBANDAM,20111216,66,66,65,65,3
SAMBHAAV,20111216,0.75,0.75,0.75,0.75,5
SANDESH,20111216,245.15,258.1,240,246.5,635
SANGAMIND,20111216,37.25,38.7,37,37.65,9965
SANGHIIND,20111216,15.5,15.5,14.55,15.4,2738
SANGHVIFOR,20111216,24.65,25.7,23.9,24.15,9545
SANGHVIMOV,20111216,97.7,97.7,92.65,93.35,11524
SANWARIA,20111216,11.3,11.65,10.9,10.95,65607
SARDAEN,20111216,83.4,88.35,82.7,84.8,5031
SAREGAMA,20111216,60.45,60.45,59.1,59.4,4365
SARLAPOLY,20111216,88.5,95,87.35,90.65,1002
SASKEN,20111216,98.05,102.3,97,97.8,11898
SATHAISPAT,20111216,25.6,26,25.05,25.25,2149
SATYAMCOMP,20111216,65.5,66.4,62.9,64.2,2682431
SAVERA,20111216,32,35.4,32,32,654
SB&TINTL,20111216,11.3,11.5,10.5,10.5,21953
SBBJ,20111216,334,337.65,328.15,329.6,5897
SBIGETS,20111216,2697,2708,2656,2691.25,14853
SBIN,20111216,1752,1782.3,1665.15,1679.1,5052162
SBT,20111216,499.8,505,477,486.75,9138
SCI,20111216,55.7,56.4,52.65,53.5,396793
SEAMECLTD,20111216,91.5,92.1,88.05,88.2,16674
SEINV,20111216,168.85,168.85,162,164.3,5182
SELAN,20111216,250,255,244.05,245.05,9716
SELMCL,20111216,9.8,10.3,9.7,9.8,146133
SERVALL,20111216,4.35,4.65,4.3,4.35,11834
SESAGOA,20111216,163.65,169,160.2,162.05,2322534
SESHAPAPER,20111216,197.25,197.95,195.05,195.05,799
SEZAL,20111216,14,15.95,13.5,14.45,1904
SGFL,20111216,3.15,3.15,3.05,3.15,22
SGJHL,20111216,113,114.45,112.75,113.15,25152
SHAHALLOYS,20111216,6.4,6.4,5.85,6,2203
SHAKTIPUMP,20111216,31.7,33.7,31.15,32.6,1904
SHALPAINTS,20111216,377.05,385,355,360.45,4162
SHANTIGEAR,20111216,33.65,34.75,32.5,32.6,17120
SHARIABEES,20111216,114.85,115.4,110.5,111.4,150
SHARONBIO,20111216,295,297,294.5,296.7,15714
SHARRESLTD,20111216,50.5,52.4,47.05,48.7,49592
SHASUNPHAR,20111216,49.1,49.1,40.3,44.4,158508
SHILPAMED,20111216,144,147,143,144.75,2385
SHILPI,20111216,10,10.5,9.55,9.7,15583
SHIV-VANI,20111216,181,184.4,172.15,174.6,21853
SHIVAMAUTO,20111216,90.05,94,89.05,90,3688
SHIVTEX,20111216,18.75,18.75,17.6,17.75,1076
SHLAKSHMI,20111216,103.95,103.95,94.1,95.05,238717
SHOPERSTOP,20111216,308.1,314.4,292.9,299.35,37129
SHPRE,20111216,4,4,4,4,258
SHREEASHTA,20111216,4.15,4.3,4,4.05,2626174
SHREECEM,20111216,2030,2040,1892.9,1979.2,3612
SHREERAMA,20111216,3.65,3.65,3.3,3.5,9060
SHRENUJ,20111216,55,58,53,54.8,5591
SHREYANIND,20111216,17.8,17.8,17.8,17.8,1
SHREYAS,20111216,24.4,24.4,23.6,24,458
SHRIRAMCIT,20111216,506,506,465.55,474.3,611
SHRIRAMEPC,20111216,93.05,93.05,90,90.35,509
SHYAMTEL,20111216,24.6,26.95,24.3,24.7,4658
SICAGEN,20111216,16.25,16.9,15.5,15.9,11898
SICAL,20111216,72.15,73,70.05,70.05,6609
SIEMENS,20111216,668,680,642.35,649.35,287057
SILINV,20111216,79.9,79.9,70.05,70.05,202
SIMBHSUGAR,20111216,27.65,28.9,25.05,25.7,4797
SIMPLEX,20111216,93.5,95,89.1,91,508
SIMPLEXINF,20111216,190,195,186,188.3,897
SINTEX,20111216,69.9,71.5,61.25,63.05,6118639
SIRPAPER,20111216,36.45,37.75,34.5,34.8,471
SITASHREE,20111216,6,6.2,5.8,5.9,1851
SIYSIL,20111216,272,272,255,263.65,1401
SJVN,20111216,20,20.1,18.9,19,150623
SKFINDIA,20111216,555,564.9,550.15,555.05,7006
SKMEGGPROD,20111216,6.5,7.15,6.5,6.75,7498
SKSMICRO,20111216,106.9,107,98.8,98.8,269707
SKUMARSYNF,20111216,30.25,30.55,25.7,27,1802355
SMLISUZU,20111216,404.95,404.95,383,387,117
SMOBILITY,20111216,85.1,85.1,77.05,79.5,8133
SMPL,20111216,3.55,3.7,3.55,3.65,158900
SMSPHARMA,20111216,147,147,137.2,142.35,1151
SOBHA,20111216,221.05,234.85,221.05,227.85,319229
SOFTTECHGR,20111216,4.25,4.25,3.3,3.5,241
SOLARINDS,20111216,762.8,762.8,741.5,752.3,2162
SOMANYCERA,20111216,37.95,37.95,35,35,1284
SOMATEX,20111216,4.05,4.5,4.05,4.5,488
SONASTEER,20111216,12.05,12.05,11.4,11.5,28495
SONATSOFTW,20111216,23.4,24.1,23,23.05,147783
SOTL,20111216,409.95,413,391.35,396.65,4495
SOUISPAT,20111216,3.55,3.75,3.5,3.65,13978
SOUTHBANK,20111216,21.25,21.65,20.4,20.55,2881806
SPANCO,20111216,66.7,77.8,66.7,72,239990
SPARC,20111216,74.9,76.3,74.1,75.6,73168
SPECTACLE,20111216,7.25,7.25,7.25,7.25,1826
SPENTEX,20111216,6.9,7.05,6.9,6.9,1600
SPIC,20111216,16.4,16.95,15.75,16.05,317958
SPLIL,20111216,2.45,2.45,2.45,2.45,54
SPMLINFRA,20111216,78,79,75.25,76.75,1501
SPYL,20111216,24.65,24.65,23.35,24.2,915
SREINFRA,20111216,27.95,28.25,26.3,26.55,537850
SRF,20111216,259.9,259.9,247.1,248.9,32379
SRGINFOTEC,20111216,0.4,0.45,0.4,0.4,5288
SRHHLINDST,20111216,3.15,3.15,3,3,10321
SRHHYPOLTD,20111216,38,38,35.15,36.4,334
SRSLTD,20111216,36.1,36.7,34.8,35.2,148367
SRTRANSFIN,20111216,524.5,525.9,510.5,517.45,559294
SSWL,20111216,206,213.8,192.7,195.75,47816
STAR,20111216,399.8,412,390,390.45,55825
STARPAPER,20111216,17.55,17.65,17.05,17.1,4230
STCINDIA,20111216,123,123.25,115.1,116.55,31118
STEL,20111216,11,11,11,11,1
STER,20111216,94,95.5,88.1,89.2,13074290
STERLINBIO,20111216,59.1,59.45,56.2,56.9,585912
STERTOOLS,20111216,101.25,101.3,101.25,101.25,76
STINDIA,20111216,25.1,25.1,25.1,25.1,500
STOREONE,20111216,13.1,14.5,13.1,13.7,1796
STRTECH,20111216,31.4,32.2,29.6,30.15,339086
SUBEX,20111216,28.3,28.95,26.35,26.8,290683
SUBROS,20111216,23.3,23.4,21.8,22.3,6564
SUDAR,20111216,56.6,57.6,50,52.9,206912
SUDARSCHEM,20111216,525,530,525,525,909
SUJANATOW,20111216,6.55,6.55,6.55,6.55,48656
SUJANAUNI,20111216,3,3,2.7,2.8,25136
SUMEETINDS,20111216,24.6,24.6,23.75,23.8,13192
SUMMITSEC,20111216,57.1,67,57.1,61.2,1307
SUNCLAYTON,20111216,150,155,150,151.25,1045
SUNDARAM,20111216,47.95,47.95,46.25,46.8,27106
SUNDARMFIN,20111216,517.2,519.05,503.05,504.85,28071
SUNDRMBRAK,20111216,151.5,158.7,151.5,152.65,445
SUNDRMFAST,20111216,53,54,51,51.6,12101
SUNFLAG,20111216,22.85,23.7,22.75,22.8,21998
SUNILHITEC,20111216,65.2,65.95,60.3,61.4,7556
SUNPHARMA,20111216,518.1,526.05,504,514.1,750080
SUNTECK,20111216,335.7,336,306.65,322.1,15559
SUNTV,20111216,277.75,280,265,267,262131
SUPER,20111216,145.5,145.5,130.1,131.15,102
SUPERSPIN,20111216,7,7,6.2,6.6,21573
SUPPETRO,20111216,46.05,47,45,45.5,1404
SUPRAJIT,20111216,17.2,17.2,16.1,16.7,19214
SUPREMEIND,20111216,171.9,177.55,171.75,175.4,13733
SUPREMEINF,20111216,160,169,158.25,161.05,5674
SURAJDIAMN,20111216,38,39.9,38,38.7,32627
SURANAIND,20111216,399.5,404,392,400.7,10994
SURANAT&P,20111216,13,14.8,13,14.1,5677
SURANAVEL,20111216,17.55,19,17.55,18.45,3380
SURYAJYOTI,20111216,12.5,12.8,12.4,12.55,3493
SURYALAXMI,20111216,52,52.95,50.35,51.95,819
SURYAPHARM,20111216,10.35,10.4,9.9,10.05,98733
SURYAROSNI,20111216,46.5,47.7,45.1,46.05,6390
SUTLEJTEX,20111216,136.05,145.95,136.05,138.2,15187
SUVEN,20111216,13.25,13.75,13.1,13.1,46724
SUZLON,20111216,20.6,20.9,18.9,19.05,22030191
SWARAJENG,20111216,384,387.95,380,380.15,441
SYMPHONY,20111216,1170.1,1199.9,1170.1,1190.3,741
SYNCOM,20111216,10.65,12.8,10.65,11.9,12968
SYNDIBANK,20111216,93.05,93.9,89,89.4,450050
TAINWALCHM,20111216,15,15.05,15,15,4200
TAJGVK,20111216,72,73.75,70.5,71.2,8223
TAKE,20111216,22.5,23.3,21.55,22.35,35926
TAKSHEEL,20111216,13.55,14.1,13.35,13.35,40649
TALBROAUTO,20111216,40.5,41,39.05,39.9,478
TALWALKARS,20111216,130,132.3,122,123.35,23974
TANFACIND,20111216,20.5,20.6,20.5,20.6,1029
TANLA,20111216,6.5,6.5,5.9,6,110496
TANTIACONS,20111216,41.05,42,39.55,39.65,672
TARAPUR,20111216,16.5,16.9,16,16.05,3400
TATACHEM,20111216,334.1,334.65,325.35,326.65,162333
TATACOFFEE,20111216,790.95,793.9,751,757.15,96577
TATACOMM,20111216,205,208.15,199.5,201.15,411392
TATAELXSI,20111216,182,187.95,176.95,179,20617
TATAGLOBAL,20111216,89.8,91.15,85,86.4,1195277
TATAINVEST,20111216,443,443,428.5,432.35,4255
TATAMETALI,20111216,60.85,60.85,55.15,55.75,9653
TATAMOTORS,20111216,175.4,179.75,170.3,172.4,15919535
TATAMTRDVR,20111216,90,92,86.5,88,1227958
TATAPOWER,20111216,91.05,94.25,86.15,88.75,6245517
TATASPONGE,20111216,278.6,284.95,269,273.2,12903
TATASTEEL,20111216,378,381.8,362.45,364.95,5053231
TCI,20111216,60.5,61,57.05,57.55,4873
TCIDEVELOP,20111216,115,132,115,122.15,7085
TCIFINANCE,20111216,20.95,21,19.45,19.8,3714
TCS,20111216,1176.55,1182.55,1132.3,1146.3,1775448
TDPOWERSYS,20111216,228,242,228,235.85,14438
TECHM,20111216,576,577.1,556.5,562.05,153558
TECHNO,20111216,197,197,182.5,186.1,34163
TECHNOFAB,20111216,120.05,122,117.1,117.7,6796
TECPRO,20111216,152.7,156,150.65,154.2,3261
TEXMACOLTD,20111216,24.95,25.1,23.45,23.85,124502
TEXMOPIPES,20111216,18.3,18.85,17.1,17.25,66340
TEXRAIL,20111216,64.9,65.25,63,63.85,114545
TFCILTD,20111216,22.1,22.1,19.85,20,66370
TFL,20111216,10,10.45,9.55,10.45,790
THANGAMAYL,20111216,153,153,148.6,148.9,2104
THEMISMED,20111216,75,78.9,75,77.3,133
THERMAX,20111216,425.05,436.8,405.7,411.1,57900
THINKSOFT,20111216,39.15,40.75,38,38.75,28018
THIRUSUGAR,20111216,77,77,73.5,73.5,51
THOMASCOOK,20111216,37.45,38.7,36.5,36.85,441519
TI,20111216,36.1,36.7,34.2,34.5,251500
TIDEWATER,20111216,6040,6094,5885,5914.7,278
TIIL,20111216,29.95,30,29,29.2,2216
TIJARIA,20111216,10.25,10.5,9.8,9.8,37700
TIL,20111216,225.2,232,206,211.2,4776
TIMBOR,20111216,26.5,27.8,26.05,26.1,2646
TIMESGTY,20111216,18.65,18.7,18.65,18.65,27
TIMETECHNO,20111216,49.7,49.7,47.25,47.65,40019
TIMKEN,20111216,176,180.8,164.05,166.3,84727
TINPLATE,20111216,35.85,35.9,35.2,35.25,27621
TIPSINDLTD,20111216,41,41,39.65,40,5882
TIRUMALCHM,20111216,53,53,51.9,52.35,577
TITAN,20111216,164.5,172.35,159.6,161.5,10509505
TNPETRO,20111216,13.15,13.3,12.9,12.95,13604
TNPL,20111216,82.95,82.95,78.3,78.95,11246
TODAYS,20111216,4.05,4.4,4.05,4.3,23527
TORNTPHARM,20111216,544.95,544.95,520,536.4,18005
TORNTPOWER,20111216,197,200.95,195,196.1,17932
TREEHOUSE,20111216,160.85,163.35,152,153.55,19777
TRENT,20111216,899.8,899.8,854.75,864,2597
TRF,20111216,223.05,242.95,210,212.4,17267
TRICOM,20111216,12,12.15,11.5,11.65,11229
TRIDENT,20111216,10.05,11,9.95,10.05,23733
TRIGYN,20111216,13.15,13.2,12.8,13.1,5007
TRIL,20111216,162,163.7,157,157.2,1100
TRITURBINE,20111216,33.2,35.5,33.1,35.05,164030
TRIVENI,20111216,14.25,14.45,12.95,13.15,659922
TTKHEALTH,20111216,418.4,425.85,400,403.1,46606
TTKPRESTIG,20111216,2600,2627,2545,2602.5,67878
TTL,20111216,19.3,19.3,17.8,18.35,12469
TTML,20111216,13.95,14.05,13.45,13.55,715874
TUBEINVEST,20111216,115.85,115.9,112,113.2,20819
TULIP,20111216,125.5,126,120.25,123.25,70942
TULSI,20111216,9,9.15,8.5,8.6,21920
TULSYAN,20111216,32.05,33.45,31.55,32.5,39
TV18BRDCST,20111216,30.1,31.1,29.4,30.2,187856
TVSELECT,20111216,19,19,17.5,17.65,3633
TVSMOTOR,20111216,53.1,54.5,50.2,51,1288310
TVSSRICHAK,20111216,301,302,297,300,1847
TVTODAY,20111216,45,46.35,42.15,43.85,23177
TWILITAKA,20111216,26.2,27.8,25.65,25.65,34811
TWL,20111216,382,385,378.05,382.1,20553
UBENGG,20111216,33.55,34.6,30.65,31.55,13662
UBHOLDINGS,20111216,73.15,73.95,65.1,67.2,93249
UBL,20111216,419,430,396,401.5,140820
UCALFUEL,20111216,62,64.5,62,62.3,5504
UCOBANK,20111216,60.95,61.5,57.2,57.65,1926334
UFLEX,20111216,125.35,128.05,118.05,119.95,287592
UGARSUGAR,20111216,11.05,11.35,10.15,10.35,3791
ULTRACEMCO,20111216,1148.45,1167.65,1126.35,1138.15,89753
UMESLTD,20111216,13.25,14,13.25,13.5,718
UNICHEMLAB,20111216,111.3,134.75,110.6,130.25,783638
UNIENTER,20111216,25.95,25.95,25.05,25.25,1903
UNIONBANK,20111216,198,200.95,185.15,187.25,1041257
UNIPHOS,20111216,133,137.4,130.25,134.25,1293355
UNIPLY,20111216,7.25,7.5,7.25,7.5,3250
UNITECH,20111216,21.5,21.5,19.2,19.55,18260926
UNITEDBNK,20111216,57.05,57.7,54.8,55.4,89362
UNITY,20111216,27.5,27.95,25.8,26.15,195643
UNIVCABLES,20111216,35,35,33,33.3,755
UPERGANGES,20111216,40.5,41.95,39,39,827
USHAMART,20111216,22,22.9,22,22.55,64596
USHERAGRO,20111216,94.25,103,94.2,98.1,237122
UTISUNDER,20111216,1126,1126,1086,1086,2
UTTAMSTL,20111216,56.15,56.15,50.5,51.5,15830
UTTAMSUGAR,20111216,23.5,25.9,23,23.25,5367
UTVSOF,20111216,985.05,985.05,966,966.95,17379
VADILALIND,20111216,100.05,102.5,95.8,97.2,507
VAIBHAVGEM,20111216,27,28.4,26.2,27.2,2694
VAKRANSOFT,20111216,335,339,321,326.45,6713
VALECHAENG,20111216,54.35,56.25,52.2,52.55,15235
VALUEIND,20111216,14.8,15.1,14.35,14.4,2074
VARDHACRLC,20111216,7.65,7.7,7.15,7.25,22604
VARDMNPOLY,20111216,89.05,89.05,83.35,86.3,3937
VARUN,20111216,251.7,251.7,239.1,243.7,158481
VARUNSHIP,20111216,16.2,16.8,16,16.15,28993
VASCONEQ,20111216,44.9,44.9,38.3,39.95,9474
VASWANI,20111216,9,9.35,8.75,8.85,13499
VENKEYS,20111216,393,407.35,383.1,387.4,27219
VENUSREM,20111216,158,161,157.8,158.65,1564
VESUVIUS,20111216,333,333,312.5,320.2,2050
VGUARD,20111216,165.95,169.1,155,160.05,51914
VICEROY,20111216,21.1,23.95,20.05,20.45,37835
VIDEOIND,20111216,174.9,180.75,172.1,177.5,128554
VIJAYABANK,20111216,52.9,54.5,50.8,51.1,1636880
VIJSHAN,20111216,15.2,16.8,15.2,16.4,8286
VIKASGLOB,20111216,174.8,174.9,169,170.8,10522
VIKASHMET,20111216,6.5,6.7,6.15,6.6,13886
VIMTALABS,20111216,14.55,15.45,14.55,15,6422
VINATIORGA,20111216,65.65,69,65.55,65.65,6369
VINDHYATEL,20111216,144.25,157,143.7,146.05,353
VINYLINDIA,20111216,9.45,9.45,7.6,8.05,2108
VIPIND,20111216,91.7,93.85,83.7,84.85,6594745
VIPUL,20111216,9.4,9.4,8.25,8.3,3434
VISAKAIND,20111216,64.15,65.95,61.15,62.1,10193
VISASTEEL,20111216,58,58.25,58,58.05,22873
VISESHINFO,20111216,2.95,3.05,2.95,2.95,1434
VISUINTL,20111216,1.85,1.85,1.6,1.6,35373
VIVIMEDLAB,20111216,223.1,232,217.5,222.1,11578
VLSFINANCE,20111216,10.5,10.75,9.7,9.9,33810
VOLTAMP,20111216,491,505,476.35,483.25,2427
VOLTAS,20111216,83.2,84.9,78.6,79.8,674178
VSTIND,20111216,1125,1142.5,1110,1117.15,3087
VSTTILLERS,20111216,431.95,431.95,424.6,425.55,707
VTL,20111216,175.5,177.95,171,174.35,9273
VTXIND,20111216,13,13,12.5,12.75,1102
WABAG,20111216,336,338.85,333.1,334.95,9741
WABCOINDIA,20111216,1209.9,1209.9,1170,1176.15,783
WALCHANNAG,20111216,70,71.3,67.5,68.3,25295
WANBURY,20111216,21.25,21.7,20.8,20.8,4990
WEBELSOLAR,20111216,19.7,20.85,19.7,20.1,2656
WEIZFOREX,20111216,58.05,58.05,52.4,53.7,143
WEIZMANIND,20111216,7.1,7.85,7.1,7.6,1948
WELCORP,20111216,83.5,85.6,79.6,80.95,1587359
WELGLOB,20111216,43.05,43.05,43,43,167
WELINV,20111216,40.95,40.95,38,38.25,530
WELPROJ,20111216,28.4,29.5,24.5,26.9,5178
WELSPUNIND,20111216,23.35,24.45,22.8,23.35,19962
WENDT,20111216,1345.05,1370,1320,1328.65,646
WHEELS,20111216,254,259.6,243.05,247.3,2739
WHIRLPOOL,20111216,163.05,164.15,160.1,160.45,2864
WILLAMAGOR,20111216,36.6,37.7,35.75,36.05,1527
WINDMACHIN,20111216,14.5,14.5,13.25,13.85,6701
WINSOME,20111216,18.55,19.65,18.55,19.25,800
WIPRO,20111216,402.35,409.4,396.35,403.65,1762681
WOCKPHARMA,20111216,357.6,364.4,330,336.35,146221
WSI,20111216,14.75,14.75,14,14,2701
WSTCSTPAPR,20111216,50.1,51,48.7,50.8,7103
WWIL,20111216,6.75,6.9,6.45,6.55,452882
WYETH,20111216,870,870,857.15,860.05,1848
XLENERGY,20111216,5.9,5.9,5.3,5.3,13334
XPROINDIA,20111216,50.15,50.95,48.8,49.1,5447
YESBANK,20111216,270,273.6,253.15,256.5,3851159
ZANDUREALT,20111216,1359,1401,1327,1337.9,674
ZEEL,20111216,120.65,121.9,118.4,119.45,1096165
ZEELEARN,20111216,14.2,14.35,13.2,13.4,209890
ZEENEWS,20111216,10.15,10.15,9.5,9.65,179343
ZENITHBIR,20111216,3.8,3.8,3.65,3.65,61693
ZENITHCOMP,20111216,12.25,13.05,12,12.1,5262
ZENITHINFO,20111216,35.85,38.85,35.85,37.65,3143
ZENSARTECH,20111216,140.4,144,135.1,137.8,5386
ZICOM,20111216,29.1,30.1,27.1,28,12554
ZODIACLOTH,20111216,210,210,210,210,522
ZODJRDMKJ,20111216,23.65,23.65,23,23.25,2201
ZUARIAGRO,20111216,490.05,499.85,472.55,479.2,2064
ZYDUSWELL,20111216,412.65,423,410,412.2,2058
ZYLOG,20111216,400,400,390.5,394,103028
NSENIFTY,20111216,4752.50,4818.85,4628.20,4651.60,202060039,7284.93
NIFTYJUNIOR,20111216,8851.75,8955.95,8652.15,8682.50,91408677,1384.44
BANKNIFTY,20111216,8482.25,8602.80,8127.20,8171.90,31989623,2344.26
NSEMIDCAP,20111216,6399.20,6483.10,6264.50,6285.30,198295112,1570.16
NSEIT,20111216,6120.55,6223.25,6079.90,6112.55,13909104,925.53
NSE100,20111216,4624.65,4684.35,4507.20,4527.95,293468716,8669.36
NSE500,20111216,3723.60,3768.00,3632.75,3647.95,569774492,10593.14
MIDCAP50,20111216,1847.90,1866.50,1790.90,1797.70,122044732,871.25
VIX,20111216,27.48,29.69,27.48,29.69,28.81,0.88
