20MICRONS,20111117,65,65,62.05,62.2,80463
3IINFOTECH,20111117,20.25,21.2,20.05,20.35,1831487
3MINDIA,20111117,4171,4250,4170,4200.05,561
A2ZMES,20111117,133.7,141,128.6,131,254768
AANJANEYA,20111117,460,475.25,449.15,463.85,133099
AARTIDRUGS,20111117,91.95,91.95,85.5,86.85,1738
AARTIIND,20111117,46.55,46.65,43.05,45.2,86139
AARVEEDEN,20111117,30.5,31.6,29.15,31.1,2552
ABAN,20111117,403,414.55,397.4,401.85,755029
ABB,20111117,641.1,654,611,620.85,72226
ABBOTINDIA,20111117,1500,1514,1481,1502,1270
ABCIL,20111117,92,92,80.9,81.2,4348
ABGSHIP,20111117,394.25,395.2,380.55,394.25,53566
ABHISHEK,20111117,8.25,9,8.25,8.9,2246
ABIRLANUVO,20111117,917.95,925,900.25,912.5,90577
ACC,20111117,1193,1193,1151.2,1158.55,262560
ACE,20111117,26.45,33.15,26.45,32.05,202719
ACROPETAL,20111117,14.55,15.4,14.55,14.75,181441
ADANIENT,20111117,391,391.1,346.15,351.55,1948782
ADANIPOWER,20111117,76.5,78.25,75,75.7,531829
ADFFOODS,20111117,49,51,48.25,48.7,2776
ADHUNIK,20111117,38.75,41.8,38.75,40.05,363579
ADORWELD,20111117,128.5,128.5,126.1,126.45,4017
ADSL,20111117,26.45,27.75,26,26.25,86657
ADVANIHOTR,20111117,30,30,30,30,1
ADVANTA,20111117,394,437.4,390.1,395.25,288287
AEGISCHEM,20111117,167.55,172.75,167.55,167.65,6845
AFL,20111117,43,43.45,40.5,41,12369
AFTEK,20111117,11.85,12.9,11.5,11.65,98762
AGCNET,20111117,135.35,135.35,135.35,135.35,2
AGRE,20111117,38,38.85,36.1,37.05,923
AGRODUTCH,20111117,6.3,7.1,6.1,6.15,17493
AHLEAST,20111117,300,300,294.05,300,221
AHLUCONT,20111117,85.3,85.3,82,83.5,1863
AHLWEST,20111117,131.6,136.4,131,132,396
AHMEDFORGE,20111117,95.1,97,95.1,95.45,9093
AIAENG,20111117,289.95,296.95,282.05,287.6,67293
AJANTPHARM,20111117,306,316,295.5,299.5,11808
AJMERA,20111117,101.35,107.9,98.1,100.3,11284
AKSHOPTFBR,20111117,6.2,6.2,5.95,6,25263
AKZOINDIA,20111117,833,844.2,825,836.45,432
ALBK,20111117,159.95,160,153.4,155.05,1020769
ALCHEM,20111117,258.3,258.75,257,257.45,93732
ALEMBICLTD,20111117,16.75,16.85,16.3,16.55,31566
ALFALAVAL,20111117,2221.05,2269.8,2220,2242.6,5861
ALKALI,20111117,37.5,38.95,35.8,36.5,6792
ALKYLAMINE,20111117,90.05,90.05,90,90,67
ALLCARGO,20111117,127,128.7,123,123.9,9408
ALLSEC,20111117,13.5,13.5,12.25,13.5,2207
ALMONDZ,20111117,21.75,23,19.3,20.8,7631
ALOKTEXT,20111117,19.2,19.2,18.25,18.65,4379928
ALPA,20111117,7.9,8.3,7.7,7.85,2801
ALPHAGEO,20111117,66.6,68.85,65.1,67.3,1438
AMAR,20111117,128.7,131.8,126.1,127.35,209910
AMARAJABAT,20111117,224.6,229.55,221.1,223.45,218550
AMARJOTHI,20111117,50,53.5,50,53.5,131
AMBIKCO,20111117,186.35,192,181.75,183.6,1485
AMBUJACEM,20111117,157.75,158.05,153.05,153.6,2090094
AMDIND,20111117,16.8,16.8,15.7,15.85,1115
AMRUTANJAN,20111117,690.95,745,690.95,721.5,240172
AMTEKAUTO,20111117,113.95,114.45,109,110.85,271847
AMTEKINDIA,20111117,134,135.55,131.1,133.5,23146
ANANTRAJ,20111117,49.1,50.7,48.65,49.25,294981
ANDHRABANK,20111117,104.05,105.6,101.1,101.9,781262
ANDHRSUGAR,20111117,112.05,114,112.05,112.85,5578
ANGIND,20111117,15.65,16.95,15.65,16.1,732
ANIKINDS,20111117,31.4,31.4,28.8,29.3,3070
ANSALAPI,20111117,31.05,31.7,30.3,30.6,41249
ANSALHSG,20111117,37.4,37.4,36.1,36.45,3403
APARINDS,20111117,139,140.95,136.2,138.6,17099
APCOTEXIND,20111117,149,152.95,149,151.7,123
APIL,20111117,489.95,492,441,451.35,349169
APLAB,20111117,27.95,34.5,27.9,30.1,255
APLLTD,20111117,40.55,43.25,40.55,42.15,33582
APOLLOHOSP,20111117,544.9,547.4,530.35,535.4,21265
APOLLOTYRE,20111117,60.25,60.85,58.65,59.65,1477768
APPAPER,20111117,168,173.8,165.25,166.35,13878
APTECHT,20111117,101,101.6,96.4,97.3,343781
AQUA,20111117,15.5,17,12.5,15.7,843888
ARCHIES,20111117,31.5,32.4,31.15,31.8,42478
AREVAT&D,20111117,197.05,201.9,191,198.25,329473
ARIES,20111117,85.45,85.55,81.05,81.45,5635
ARL,20111117,2.1,2.1,2,2.05,124214
AROGRANITE,20111117,34.7,34.9,34.7,34.8,505
ARROWTEX,20111117,8.7,9,8.6,8.6,2632
ARSHIYA,20111117,150.7,151.3,145,146.95,45679
ARSSINFRA,20111117,268,276,253,258.95,308950
ARVIND,20111117,88.65,88.7,84.25,85.1,1980945
ASAHIINDIA,20111117,58.15,59.05,56.35,57.7,30487
ASAHISONG,20111117,85,86,83.05,85.2,2712
ASAL,20111117,44,44.15,42.6,42.8,3135
ASHAPURMIN,20111117,14,16.5,14,15.2,125959
ASHCONIUL,20111117,2.25,2.35,2.05,2.2,13394
ASHIANA,20111117,155,162.8,154,157.7,3085
ASHIMASYN,20111117,4,4,3.95,3.95,3212
ASHOKA,20111117,239,240,238,238.7,458
ASHOKLEY,20111117,26.35,26.5,25.45,25.6,2581130
ASIANHOTNR,20111117,171.5,173,171.5,171.5,412
ASIANPAINT,20111117,3104.7,3110,3021.4,3041.8,54087
ASIANTILES,20111117,37.5,38.95,35.9,38.4,166
ASIL,20111117,1.95,2.15,1.95,1.95,1960
ASSAMCO,20111117,9.45,9.7,9.25,9.35,70268
ASTEC,20111117,30.3,31.95,30.05,30.75,1608
ASTERSILI,20111117,11.5,12.85,11,11.1,7482
ASTRAL,20111117,177.1,178.65,171,173.35,4413
ASTRAMICRO,20111117,35.5,36.8,35.3,36.05,86415
ASTRAZEN,20111117,1290.15,1309,1274,1300.6,299
ATFL,20111117,386.5,394,377.15,378.25,8929
ATLANTA,20111117,60.05,61.7,59.95,60.35,57445
ATLASCYCLE,20111117,278,293.85,278,284.35,14870
ATNINTER,20111117,0.85,1,0.85,0.95,19980
ATUL,20111117,170.2,180.95,170.2,172.05,17928
AURIONPRO,20111117,129.9,145,122.3,128.1,303
AUROPHARMA,20111117,91.25,93.3,84.2,85.1,2437542
AUTOAXLES,20111117,365.45,367.9,351,352.45,114
AUTOIND,20111117,79.7,80.95,73.5,74.75,39519
AUTOLITIND,20111117,13.15,13.95,13.15,13.5,78
AVENTIS,20111117,2335.95,2369.9,2316.1,2323.9,657
AVTNPL,20111117,326.05,354.85,315.5,327.1,6251
AXIS-IT&T,20111117,85.9,89.5,82.25,84.4,13066
AXISBANK,20111117,1004,1009.5,981.05,985.55,2210100
AXISGOLD,20111117,2828,2848,2807,2828.2,484
BAGFILMS,20111117,4.9,4.95,4.75,4.8,84774
BAJAJ-AUTO,20111117,1725,1737.8,1712.1,1718.2,239797
BAJAJCORP,20111117,103.1,105,102.65,103.45,16133
BAJAJELEC,20111117,177.5,179.75,174,178.75,107060
BAJAJFINSV,20111117,503.95,514,498.1,500.4,37891
BAJAJHIND,20111117,29.4,30.4,28.5,28.65,3221200
BAJAJHLDNG,20111117,736,743.9,734,735.85,38463
BAJFINANCE,20111117,660,660,644.95,646.8,11750
BALAJITELE,20111117,30.1,30.8,29.55,30.05,37029
BALAMINES,20111117,36.75,36.75,34.15,34.95,451
BALKRISIND,20111117,178,179.6,173,175.8,9609
BALLARPUR,20111117,24.3,25.2,23.95,24.85,408475
BALMLAWRIE,20111117,558,561.9,552.4,556.5,3378
BALPHARMA,20111117,19.3,19.3,18.1,18.45,532
BALRAMCHIN,20111117,46.5,47.4,44.25,44.9,1440240
BANARISUG,20111117,532,533,522.05,532.55,64
BANCOINDIA,20111117,70,71,67.25,68.25,6532
BANG,20111117,18.65,19.75,18.6,18.7,2722
BANKBARODA,20111117,743,752.95,733,741.5,268500
BANKBEES,20111117,926.55,926.55,908,909.96,3237
BANKINDIA,20111117,335.4,339.9,334.85,337.15,882881
BANSWRAS,20111117,79.5,80.95,78,79.45,8091
BARTRONICS,20111117,47,47.45,44.85,45.5,55055
BASF,20111117,575,585.45,570,573.45,1518
BASML,20111117,53,53,51.1,51.25,2186
BATAINDIA,20111117,657.95,669,653.5,657.9,238118
BATLIBOI,20111117,15.1,15.9,14.55,15.5,1539
BAYERCROP,20111117,815.9,833.75,795.45,814.3,5695
BBL,20111117,651.95,652,628.5,633.8,4048
BBTC,20111117,400,410.95,398.2,400,1938
BEARDSELL,20111117,40,40,40,40,50
BEDMUTHA,20111117,90.5,92,83.2,85.75,120302
BEL,20111117,1528.8,1528.8,1490,1503.2,11710
BELLCERATL,20111117,10.75,10.75,10.2,10.2,82
BEML,20111117,489,496,483.05,494.15,57332
BEPL,20111117,22.5,23.25,22.25,22.25,364
BERGEPAINT,20111117,102,105.9,101.35,102.55,72297
BFINVEST,20111117,43.2,49.8,42.2,47.2,46907
BFUTILITIE,20111117,434.1,438.45,410.05,415.15,291972
BGLOBAL,20111117,11.15,11.35,11.05,11.2,38914
BGRENERGY,20111117,278.3,291,276.9,280.1,614594
BHAGWATIHO,20111117,72.6,79.05,70.55,78.3,26318
BHAGYNAGAR,20111117,15.35,16,15,15.25,29098
BHARATFORG,20111117,274.95,277.5,271.05,276,239673
BHARATGEAR,20111117,45.15,50.95,45.1,45.35,3866
BHARATRAS,20111117,102.1,114.9,102.1,103.9,2009
BHARTIARTL,20111117,402.4,408.8,392.75,395.65,3947782
BHARTISHIP,20111117,87,92.9,87,87.6,152402
BHEL,20111117,296.85,303.25,281.2,284.85,3992961
BHUSANSTL,20111117,319.7,323,315.45,319.5,189720
BIL,20111117,60.5,60.5,56.4,57.2,9958
BILPOWER,20111117,77.65,85,75.9,80.7,12499
BIMETAL,20111117,251.65,264,250,255.6,130
BINANIIND,20111117,110,110.35,107.05,108.25,10868
BINDALAGRO,20111117,60.25,61.7,60,60.05,103355
BIOCON,20111117,320.75,325.7,315,317.85,203430
BIRLACORPN,20111117,313.8,317,310,315,860
BIRLACOT,20111117,0.35,0.35,0.3,0.3,551808
BIRLAERIC,20111117,11.9,11.95,11.5,11.65,2807
BIRLAPOWER,20111117,0.65,0.65,0.55,0.65,3204236
BLISSGVS,20111117,24,26.15,24,24.45,167643
BLKASHYAP,20111117,9.5,10.25,9.5,9.65,37740
BLUECHIP,20111117,0.9,1,0.9,0.95,30706
BLUEDART,20111117,1525,1543.75,1500,1505.55,1389
BLUESTARCO,20111117,181.3,183.5,177.05,178.9,15075
BLUESTINFO,20111117,68.5,68.5,66.65,68,839
BOC,20111117,292.65,298.5,292,292.25,2495
BODALCHEM,20111117,15.35,16,15.2,15.65,7203
BOMDYEING,20111117,373.65,373.65,358.05,361.1,235600
BOSCHLTD,20111117,6949.9,7024,6855.2,6974.9,1716
BPCL,20111117,515.95,517.8,501.15,508.5,458093
BPL,20111117,18.5,18.9,18,18.15,24211
BRANDHOUSE,20111117,13.15,13.75,12.3,12.8,33286
BRFL,20111117,281,289.6,281,288.1,427312
BRIGADE,20111117,57.1,58.5,55.05,55.65,9755
BRITANNIA,20111117,486,487.1,480,484.45,122140
BROADCAST,20111117,6.75,6.85,6.6,6.8,4103
BROOKS,20111117,20.65,20.65,19.4,19.6,43534
BSELINFRA,20111117,3.1,3.25,3,3.1,28854
BSL,20111117,20,22.9,20,20.85,1665
BSLGOLDETF,20111117,2871,2895,2816.1,2893.9,226
BSLNIFTY,20111117,50.6,50.9,49,49,3282
BSTRANSCOM,20111117,102.5,107.1,100,104.6,17530
BVCL,20111117,12.75,13.5,12.75,13.25,6553
CADILAHC,20111117,731.6,731.6,713,719.5,122547
CAIRN,20111117,312,315.5,304.4,307.8,1426902
CALSOFT,20111117,22.65,22.65,21.55,22.2,457
CAMBRIDGE,20111117,19,19.45,17.6,17.75,2905
CAMLIN,20111117,40.5,41.25,36.65,37.2,124976
CANBK,20111117,454.4,456.85,430.35,436.95,576985
CANDC,20111117,100,103,98.1,99.85,1872
CANFINHOME,20111117,95,96.15,93.6,95.4,7131
CANTABIL,20111117,21.75,21.75,20.25,20.5,8821
CARBORUNIV,20111117,149,171.5,149,165.1,17488
CAREERP,20111117,264.5,264.5,251.7,253,1874
CAROLINFO,20111117,144,153,144,151.9,1368
CASTROL,20111117,436,447.4,435,440.15,45460
CCCL,20111117,18,19.45,17.65,18.5,80771
CCL,20111117,146,152.5,145.75,148.55,5807
CEATLTD,20111117,73.35,73.7,71.3,71.75,33720
CEBBCO,20111117,48.65,49.5,46.2,48,54509
CELEBRITY,20111117,5,5.6,4.75,5.05,4526
CELESTIAL,20111117,24,24,21.1,21.6,5611
CENTENKA,20111117,136,138,134,134.2,2094
CENTEXT,20111117,2.35,2.35,2.05,2.25,5027
CENTRALBK,20111117,94,94.9,92,92.4,186658
CENTUM,20111117,45.25,57.95,45.25,57.95,230
CENTURYPLY,20111117,52.7,53,50.95,51.3,15869
CENTURYTEX,20111117,287.15,292.5,280,281.55,280469
CERA,20111117,176,179.5,170.5,172.5,7365
CESC,20111117,244.55,250.3,242.1,246.35,105957
CHAMBLFERT,20111117,88.4,91.5,87.35,89.45,1309039
CHEMFALKAL,20111117,41,41.35,40.15,41.3,392
CHEMPLAST,20111117,4.8,5.05,4.8,4.95,24007
CHENNPETRO,20111117,190.6,191.95,189,190.6,13131
CHESLINTEX,20111117,9.5,9.5,9.1,9.2,42
CHETTINAD,20111117,490,508,459.95,463.95,437
CHOLAFIN,20111117,142,144,135.3,137.25,4747
CILNOVA,20111117,15.75,15.75,15.2,15.5,2007
CIMMCO,20111117,82.1,82.1,82.1,82.1,116
CINEMAX,20111117,33,34,32.5,32.95,14014
CINEVISTA,20111117,3,3.2,2.95,2.95,3711
CIPLA,20111117,310.5,320.7,309.5,310.8,2492271
CLASSIC,20111117,8.2,8.2,7.4,7.8,23997
CLNINDIA,20111117,650,657,632.15,635.7,1169
CLUTCHAUTO,20111117,31.55,32.4,30.5,31.8,8808
CMAHENDRA,20111117,160,161,153.3,155.35,5304
CMC,20111117,901,902,890,895.65,29130
COALINDIA,20111117,311,311.25,300.25,304.95,5484081
COLPAL,20111117,1001,1034,996,1013.65,69231
COMPUAGE,20111117,79,79,74.2,75.5,320
CONCOR,20111117,960,963.6,952.8,959.9,3838
CONSOFINVT,20111117,56,57.4,55,55.45,3214
CORAL-HUB,20111117,5,5.35,4.75,5.15,6431
CORDSCABLE,20111117,27.75,28.75,27.15,27.45,4194
COREEDUTEC,20111117,268.05,270,262.5,268,116138
COROENGG,20111117,229.75,249.9,229.75,249.9,237
COROMANDEL,20111117,325.8,325.8,306.5,312.7,163988
CORPBANK,20111117,392.95,398.8,382,383.65,76998
COSMOFILMS,20111117,82.3,82.85,80.1,80.4,7874
COX&KINGS,20111117,212.15,214.8,207.25,209.6,154511
CREATIVEYE,20111117,5,5.1,5,5.05,6507
CRESTANI,20111117,29.5,31.7,28.5,29.75,13670
CREWBOS,20111117,31.3,32.6,31,31.4,21157
CRISIL,20111117,905,925.1,902,910.8,26799
CROMPGREAV,20111117,125,125,119.55,120.4,1250662
CRONIMET,20111117,21.05,22.9,21.05,22.1,33905
CTE,20111117,9.05,9.65,9,9.15,1424
CUB,20111117,42.4,43.65,42.1,43.3,143480
CUBEXTUB,20111117,10.1,10.1,10.1,10.1,100
CUMMINSIND,20111117,334.6,345.55,325.55,336.3,584617
CURATECH,20111117,99.6,99.6,90,91.3,112
CYBERMEDIA,20111117,14.8,14.8,14.8,14.8,100
CYBERTECH,20111117,10.25,10.7,10.2,10.25,1806
DAAWAT,20111117,41.25,42,40.1,40.85,19313
DABUR,20111117,95.5,97.7,94.1,94.6,2004914
DALMIABEL,20111117,99,101.7,98.25,98.25,582
DALMIASUG,20111117,15.2,16,15.1,15.65,3594
DATAMATICS,20111117,26.2,27.45,26.2,26.3,525
DBCORP,20111117,205.1,209.8,205.1,205.45,1126
DBREALTY,20111117,63.55,64.4,60.2,62.75,323991
DCB,20111117,39.3,40.2,38.65,38.95,1781873
DCHL,20111117,48.9,50.15,47.3,48.4,434912
DCM,20111117,54.6,54.7,52.25,53,33434
DCMSRMCONS,20111117,41.75,42.25,40.1,40.45,12758
DCW,20111117,9.05,9.05,8.7,8.75,37914
DECCANCE,20111117,143,149.95,143,149.95,107
DECOLIGHT,20111117,3.4,3.55,3.2,3.55,4609
DEEPAKFERT,20111117,160.95,161,155.7,156.25,19476
DEEPIND,20111117,68.6,68.6,65.3,65.7,5102
DELTACORP,20111117,86,88.4,83.5,84.05,6398706
DELTAMAGNT,20111117,32.2,33.2,32.05,32.05,285
DEN,20111117,71.9,75,70.5,71.85,155390
DENABANK,20111117,70.9,73,64.6,65.6,1612969
DENORA,20111117,83.6,84.5,81.5,81.9,1216
DENSO,20111117,52,52,48.5,49.3,1815
DEWANHOUS,20111117,194,195,192.05,194.2,18664
DHAMPURSUG,20111117,32.5,33.8,32.05,32.8,75801
DHANBANK,20111117,60,60.2,58.05,58.55,226596
DHANUKA,20111117,101.25,106,99.1,99.7,63048
DHARSUGAR,20111117,27.5,27.85,27.05,27.7,7025
DIAPOWER,20111117,108,108,103,104.15,29295
DICIND,20111117,208,211.5,205.65,207.45,972
DIGJAM,20111117,8.15,8.75,8.1,8.15,34725
DISHMAN,20111117,42.5,47.4,42.05,42.5,89470
DISHTV,20111117,64.8,66.15,63,63.3,4278934
DIVISLAB,20111117,724.7,724.7,707.15,714.2,125191
DLF,20111117,213,215.8,202.2,203.5,6529987
DLINKINDIA,20111117,20.35,20.4,17,17.75,219292
DOLPHINOFF,20111117,82.25,85,82.05,83.75,4883
DONEAR,20111117,19.4,21.75,18.6,20.35,896
DPSCLTD,20111117,2305,2488.9,2261.2,2370.9,412
DPTL,20111117,111.25,112.85,111.25,111.5,162
DQE,20111117,28.9,28.9,26.05,26.45,20240
DREDGECORP,20111117,219,219.7,215.55,217.15,4670
DRREDDY,20111117,1617.9,1617.9,1541.1,1551.7,341288
DSKULKARNI,20111117,54.3,56.5,53.8,55.1,14705
DWARKESH,20111117,36.65,37.9,35,36.3,7449
DYNAMATECH,20111117,1168.95,1170,1134,1165,230
EASTSILK,20111117,5.15,5.45,5.1,5.2,14354
ECEIND,20111117,106,109.95,100.1,101.15,1538
ECLERX,20111117,742.05,752.95,731.55,738.55,1860
EDELWEISS,20111117,23.9,24.5,23,23.7,118066
EDL,20111117,72.15,73.75,71,72.6,6592
EDSERV,20111117,67.4,68.6,60.3,60.3,273742
EDUCOMP,20111117,191,195.8,184.5,187.75,4462810
EICHERMOT,20111117,1633,1653,1605.1,1645.25,7938
EIDPARRY,20111117,209,209.7,205.05,206.1,6992
EIHAHOTELS,20111117,143,144.65,141.65,142.95,1166
EIHOTEL,20111117,85,86.1,84.1,85.55,63625
EIMCOELECO,20111117,167.8,167.8,163.55,164.45,261
EKC,20111117,45.1,47.15,44.25,44.8,573363
ELDERPHARM,20111117,382,390.55,380.5,387.2,35316
ELECON,20111117,61,61.25,57.75,58.7,62598
ELECTCAST,20111117,23.65,24.2,23.3,23.75,26706
ELFORGE,20111117,8.5,8.5,8.5,8.5,50
ELGIEQUIP,20111117,69.55,70.4,69.55,70.05,9343
ELGIRUBCO,20111117,21.1,21.5,21.1,21.4,7350
ELNET,20111117,29.4,29.4,29.4,29.4,100
EMAMIINFRA,20111117,27.5,27.7,25.1,25.5,12135
EMAMILTD,20111117,425,435,400.65,422.15,26569
EMCO,20111117,39.3,39.3,38.1,38.3,12276
EMKAY,20111117,47,47,45,45.9,56703
EMMBI,20111117,14.35,15.2,14.35,14.5,3172
EMPEESUG,20111117,15.4,15.4,14,14,3559
ENERGYDEV,20111117,39.05,41.35,38.8,38.95,5019
ENGINERSIN,20111117,230.4,231.7,215,217.6,83016
ENIL,20111117,240.05,247,235.15,243.75,42361
EONELECT,20111117,39,39.5,37.05,38.15,6611
ERAINFRA,20111117,150.1,150.4,149,150.05,186722
EROSMEDIA,20111117,248.35,250,231.35,237.1,86158
ESABINDIA,20111117,492.6,495.8,492.6,494,3684
ESCORTS,20111117,77,79.65,76.1,76.65,958775
ESL,20111117,5.6,5.65,5,5.2,915395
ESSAROIL,20111117,77,77.65,74,74.65,570690
ESSARPORTS,20111117,73.4,78.4,72.1,73.25,91071
ESSDEE,20111117,147.5,147.5,138,139.55,21408
ESSELPACK,20111117,33.3,33.5,32.35,32.7,15831
ESTER,20111117,27.05,27.8,26.15,27.25,18890
EUROMULTI,20111117,5.65,6,5,5.75,4501
EUROTEXIND,20111117,21.55,21.6,21.5,21.6,302
EVEREADY,20111117,29,32.3,28.05,28.9,155006
EVERESTIND,20111117,136.1,140.45,132.3,135.2,11802
EVERONN,20111117,333.9,333.9,315.95,321.4,232929
EXCELCROP,20111117,138,141.5,136.25,139.8,11501
EXCELINDUS,20111117,64,64,61.1,62.55,1158
EXCELINFO,20111117,10.7,10.7,9.95,10.1,61761
EXIDEIND,20111117,115,118,111.2,115.15,4330843
FACT,20111117,28.15,28.8,26.3,26.7,42265
FAGBEARING,20111117,1230,1273.05,1221,1233.6,3123
FAME,20111117,44.3,47.85,43.5,43.8,723
FARMAXIND,20111117,2.3,2.5,2.3,2.5,20146
FCH,20111117,135,150,135,142.85,250646
FCSSOFT,20111117,0.55,0.55,0.5,0.5,880299
FDC,20111117,84,85,80.9,81.2,22453
FEDDERLOYD,20111117,60.5,61,57.1,58.55,6516
FEDERALBNK,20111117,384.95,390.05,382.8,385.3,136003
FIEMIND,20111117,157.1,165,157.1,162.55,5511
FILATEX,20111117,43.2,43.2,40.85,40.9,302
FINANTECH,20111117,648.7,654.15,620,624.1,113358
FINCABLES,20111117,33.5,35.35,33.45,33.75,155326
FINPIPE,20111117,60.2,60.75,58,58.3,13760
FIRSTLEASE,20111117,60.8,61.65,60.8,61,5327
FKONCO,20111117,103.9,103.9,98,98.65,5184
FLEXITUFF,20111117,256.85,259.95,246.25,256.5,485404
FMGOETZE,20111117,232.3,232.3,228.1,229.3,10491
FORTIS,20111117,117.95,119.65,116.1,116.8,167699
FOSECOIND,20111117,584.95,584.95,565,569.65,130
FSL,20111117,9.45,9.8,9.2,9.25,1960679
FTCSF5YDIV,20111117,10.9,10.9,10.85,10.9,12000
FUTUREVENT,20111117,8.55,8.8,8.35,8.5,294471
GABRIEL,20111117,45.35,45.95,43.55,44.25,135788
GAEL,20111117,20.5,20.5,19.8,19.9,7711
GAIL,20111117,394.8,396.05,383.1,386.55,857308
GAL,20111117,19.8,20.6,19.5,19.7,18001
GALLANTT,20111117,27.3,27.3,27.3,27.3,30000
GAMMNINFRA,20111117,12.95,12.95,12.05,12.15,50672
GAMMONIND,20111117,56.7,57.85,55.35,55.85,19916
GANDHITUBE,20111117,122,125,122,124.95,55
GANESHHOUC,20111117,111.3,116.95,110.35,113.15,12156
GANGOTRI,20111117,4,4,3.2,3.3,11795
GARDENSILK,20111117,63.05,64.55,60.65,63.65,11226
GARWALLROP,20111117,50.95,50.95,46.6,48,12837
GATI,20111117,30.5,32.25,29.3,31,1782910
GAYAPROJ,20111117,135.15,147.4,130.1,132.35,16214
GDL,20111117,128.1,131.2,127,130.3,53984
GEECEE,20111117,30.5,30.65,30.05,30.5,4880
GEINDSYS,20111117,140,140,127,128.65,11019
GEMINI,20111117,22.15,22.15,21.15,21.4,13764
GENESYS,20111117,169,169,161,162.35,1776
GENUSPOWER,20111117,13,13.25,13,13,25243
GEODESIC,20111117,48.9,50.6,47.1,47.9,271225
GEOJITBNPP,20111117,17.75,18,17.5,17.7,39353
GEOMETRIC,20111117,40,40.5,37.55,38.2,44797
GESHIP,20111117,221.95,224.95,213,216.55,40541
GHCL,20111117,33.9,33.95,32.85,33.05,30610
GICHSGFIN,20111117,84,85.5,83.65,84.15,58653
GILLANDERS,20111117,77.3,77.3,74.7,75,3146
GILLETTE,20111117,2045.15,2095,2045.15,2061.15,110
GINNIFILA,20111117,6.25,6.5,6.15,6.35,8022
GIPCL,20111117,72,74,70.55,71.55,26532
GISOLUTION,20111117,12.05,12.05,11.95,11.95,275
GITANJALI,20111117,352.5,354,345.6,346.85,2305481
GKB,20111117,34.5,34.5,30.2,31.75,92
GKWLIMITED,20111117,450,450,450,450,116
GLAXO,20111117,1990,2010,1964,1993.45,18173
GLENMARK,20111117,335.05,336.3,316.1,318.9,627854
GLFL,20111117,2.45,2.45,2.3,2.35,11920
GLOBALVECT,20111117,16.45,17.9,16.3,16.3,154
GLOBOFFS,20111117,79.8,84.25,77.5,79.75,10422
GLOBUSSPR,20111117,111,112,104,105.35,9666
GLODYNE,20111117,298.9,306.95,298.9,303.4,98956
GLORY,20111117,3.1,3.1,2.95,2.95,14409
GMBREW,20111117,69,70,67.15,69.15,2585
GMDCLTD,20111117,175,181,172,179.2,203174
GMRINFRA,20111117,21.35,21.95,20.25,20.65,5037273
GNFC,20111117,86.2,90.7,84.75,85.8,64511
GOACARBON,20111117,70.55,72,70.2,70.5,1510
GODFRYPHLP,20111117,2977,3120,2977,3002,974
GODREJCP,20111117,391.2,401.55,382.1,389.65,201007
GODREJIND,20111117,193.5,193.5,187.4,188.9,312389
GODREJPROP,20111117,672,675,665,670.2,8942
GOENKA,20111117,30.55,33.25,30.55,32.75,7087
GOKEX,20111117,85,85,85,85,1
GOKUL,20111117,90,90.9,87.1,88.45,4433
GOLDBEES,20111117,2784.9,2787,2765.65,2783.85,68749
GOLDENTOBC,20111117,43,50.85,43,49.85,3099
GOLDIAM,20111117,30,30.3,30,30.25,5605
GOLDINFRA,20111117,10.15,10.95,10.15,10.4,2860
GOLDSHARE,20111117,2744.9,2746.95,2725.25,2743.05,5990
GOLDTECH,20111117,6.7,6.75,6.55,6.6,3491
GPIL,20111117,119,120,119,119.05,18384
GPPL,20111117,64.3,65.5,60.55,63.05,406925
GRABALALK,20111117,18,18.7,17.55,17.7,138
GRANULES,20111117,65,65,63,63.2,23444
GRAPHITE,20111117,72.85,72.85,70.7,72,420913
GRASIM,20111117,2390.65,2424.9,2306.1,2334.2,74533
GRAVITA,20111117,444.05,452,432.75,442.85,174985
GREAVESCOT,20111117,75.9,75.9,73.7,75,358271
GREENPLY,20111117,199.15,202.8,199.05,199.15,232
GREENPOWER,20111117,12.3,12.3,11.3,11.5,236008
GRINDWELL,20111117,241.1,250.5,241.1,249.75,3127
GRUH,20111117,540.25,555.25,538.05,540.05,5833
GSFC,20111117,471.8,477,462.35,474.15,53468
GSKCONS,20111117,2570,2599,2545,2567.15,44311
GSLNOVA,20111117,2.35,2.35,2.35,2.35,377
GSPL,20111117,95.6,96.75,92.05,92.55,364760
GSS,20111117,125,125,122,123.5,6950
GTL,20111117,39.8,40.1,38.15,38.5,814480
GTLINFRA,20111117,9.25,9.25,8.85,8.9,375909
GTNIND,20111117,12.25,12.25,11,11.9,584
GTNTEX,20111117,10.1,12,10.1,10.7,1472
GTOFFSHORE,20111117,106.5,110,103.7,105.3,96902
GUFICBIO,20111117,5.95,5.95,5.95,5.95,300
GUJALKALI,20111117,135,136.7,132.5,133.15,26875
GUJAPOLLO,20111117,130.2,130.9,129.15,129.65,13023
GUJFLUORO,20111117,463,467.7,435,442.55,64759
GUJNRECOKE,20111117,20.05,20.8,19.9,20.1,1354573
GUJNREDVR,20111117,15,16,13.6,15.4,7857
GUJRATGAS,20111117,375,378,367.65,373.4,44581
GUJSIDHCEM,20111117,8.15,8.4,8,8,64339
GULFOILCOR,20111117,64.95,65,61.5,62.5,17529
GVKPIL,20111117,11.2,11.5,10.4,10.6,11669783
HALONIX,20111117,63,65,63,64.7,1897
HANUNG,20111117,102.75,104.1,98.6,99.15,145767
HARITASEAT,20111117,88.25,88.25,76.1,84.25,1588
HARRMALAYA,20111117,70,71,68,68.25,12038
HATHWAY,20111117,120.4,120.4,110.1,112.35,391444
HAVELLS,20111117,420.1,422.25,398.15,410.35,324479
HBLPOWER,20111117,16.75,17,16.3,16.35,30538
HBSTOCK,20111117,11.5,13,11.5,12,415
HCC,20111117,23.9,24.45,22.8,23,2663825
HCIL,20111117,51,51.6,50.1,50.8,13668
HCL-INSYS,20111117,53.8,53.8,50.45,50.75,100916
HCLTECH,20111117,408.1,413.05,402.55,408.6,608603
HDFC,20111117,648.95,651.8,631.4,635.05,1623008
HDFCBANK,20111117,463.15,470,456.6,459.35,2694342
HDFCMFGETF,20111117,2819.9,2838.8,2804,2836.4,4477
HDIL,20111117,74,77.5,72.9,73.65,10551152
HEG,20111117,182,186.9,181.1,181.95,14478
HEIDELBERG,20111117,32,32.55,30.5,31,31102
HELIOSMATH,20111117,22.55,22.6,21.6,21.85,7552
HERCULES,20111117,229.05,236.5,227.4,228.8,24809
HERITGFOOD,20111117,167,171,162.25,162.25,8
HEROMOTOCO,20111117,2093.7,2153.5,2075.7,2118.75,595134
HEXAWARE,20111117,83.75,84.75,79.15,81.35,1040686
HFCL,20111117,12,12.05,11.3,11.5,969823
HGSL,20111117,320.1,325.2,315,320.55,2584
HIKAL,20111117,261.1,268.8,260,261.75,827
HILTON,20111117,13.65,13.95,13.65,13.8,500
HIMATSEIDE,20111117,30.75,31.65,30.5,30.95,15155
HINDALCO,20111117,123.5,127.5,121.05,122.85,8880668
HINDCOMPOS,20111117,465,465.9,465,465.9,20
HINDCOPPER,20111117,204,206.7,198.6,199.95,17193
HINDDORROL,20111117,27.95,27.95,25.35,26.4,87387
HINDMOTORS,20111117,11.3,11.9,11,11.15,94726
HINDNATGLS,20111117,150,150,135.65,138.65,4481
HINDOILEXP,20111117,125.95,128.8,120.6,122.3,1136780
HINDPETRO,20111117,285,288,275,280.1,947401
HINDUJAFO,20111117,66,68.95,65.55,66.7,152118
HINDUJAVEN,20111117,326,332.95,313,323.6,6156
HINDUNILVR,20111117,392.75,394.7,389.1,390.7,1500384
HINDZINC,20111117,117.5,117.5,107.25,109.2,432079
HIRAFERRO,20111117,30,30,26.15,29.95,2578
HIRECT,20111117,42.8,44,41,42.3,3180
HITACHIHOM,20111117,137.3,137.6,128.15,130.65,20356
HITECHGEAR,20111117,118,118,110.45,113.2,307
HITECHPLAS,20111117,71.3,76.6,70,72.4,411
HMT,20111117,36.55,37.3,36.3,36.5,22549
HMVL,20111117,133,139,132.1,133.75,407
HNGSNGBEES,20111117,1280,1280,1261,1261,66
HOCL,20111117,19.25,20.05,19.25,19.9,38367
HONAUT,20111117,2100.05,2119,2060,2077.85,5716
HONDAPOWER,20111117,332.5,334.95,327.55,330.15,814
HOPFL,20111117,52.5,54,50.25,52.05,1246
HORIZONINF,20111117,291,299.65,275,288.2,574
HOTELEELA,20111117,34.95,35.5,32.4,33.7,163357
HOVS,20111117,44.8,46.9,44,45.2,10323
HSIL,20111117,169,169,164.1,165.25,52017
HTMEDIA,20111117,125.85,127.8,123.05,124.8,52261
HUBTOWN,20111117,182.1,185,177.55,180.35,3638
HYDRBADIND,20111117,315.05,324.65,308.15,309.8,19189
HYDROS&S,20111117,18.3,18.95,18,18,36
IBPOW,20111117,10,10.2,9.85,10,768485
IBREALEST,20111117,65,67.8,64.6,65.05,3894868
IBSEC,20111117,7.35,7.35,6.95,6.95,363957
IBWSL,20111117,5.35,5.8,5.25,5.25,225328
ICICIBANK,20111117,790.5,798.85,774.2,778.2,4188528
ICRA,20111117,881,904.65,881,887.35,628
ICSA,20111117,45,46.9,43.85,44.25,89389
IDBI,20111117,100.5,103.5,97.5,98.7,1201502
IDBIGOLD,20111117,3100,3100,2852,2890.9,1044
IDEA,20111117,98.8,99.95,97.6,98.15,4552274
IDFC,20111117,111.95,113.4,108.05,108.75,9969901
IFBIND,20111117,70,76,69.6,73.95,82051
IFCI,20111117,26.75,27,25.1,25.35,8591230
IFGLREFRAC,20111117,34.5,35,33.5,34,3527
IGARASHI,20111117,38.05,41.4,38.05,38.45,3259
IGL,20111117,411.95,414.45,390.2,394.1,592437
IGPL,20111117,18.1,18.95,17.7,18.05,930
IIFLNIFTY,20111117,502,502.9,491.55,492.4,7552
IITL,20111117,174,177.05,172,172,17
IL&FSENGG,20111117,76.25,78,72.55,73.9,4624
IL&FSTRANS,20111117,198.1,205,162.85,192.6,16961
IMFA,20111117,285.65,346.95,285.65,296.95,363
IMPAL,20111117,637,641.9,622,624.15,82
IMPEXFERRO,20111117,5.65,6,5.65,5.65,3934
INDBANK,20111117,7.25,7.35,7,7,8023
INDHOTEL,20111117,59.8,61.95,56.2,59.25,2230086
INDIABULLS,20111117,133,133.7,126.55,128.2,541789
INDIACEM,20111117,68.2,70.55,67,67.65,414668
INDIAGLYCO,20111117,129.7,129.7,122.45,123.15,128302
INDIAINFO,20111117,64.85,64.85,56.2,57.85,759717
INDIANB,20111117,203.3,207,197.15,199.2,97258
INDIANCARD,20111117,86.2,86.2,85.8,85.8,19
INDIANHUME,20111117,106.25,107.9,106.25,107.9,142
INDLMETER,20111117,51.55,58.8,51.55,52.8,212
INDNIPPON,20111117,166.75,166.75,165.1,165.55,502
INDOCO,20111117,393,396.95,385.15,389.7,1148
INDORAMA,20111117,30,30,27.6,27.95,10665
INDOSOLAR,20111117,6.8,7.15,6.7,6.95,126988
INDOTECH,20111117,111.05,113,110,110.4,2047
INDOTHAI,20111117,13.15,13.75,12.25,12.4,256837
INDOWIND,20111117,8.1,8.25,7.5,7.55,282875
INDRAMEDCO,20111117,35,35,33.7,33.9,8748
INDSWFTLAB,20111117,96,96.6,88.1,90.1,30774
INDSWFTLTD,20111117,31,31,28.5,28.6,23343
INDTERRAIN,20111117,110,110,108.05,108.05,14
INDUSFILA,20111117,13.5,13.5,13.5,13.5,100
INDUSINDBK,20111117,252.3,258.4,248.55,251.8,526072
INEABS,20111117,600,605,597.15,597.2,1080
INFINITE,20111117,78.1,81.45,78.1,79.6,8455
INFODRIVE,20111117,8.85,8.9,7.6,7.7,3061
INFOMEDIA,20111117,9.3,10.45,9.3,10,16695
INFOTECENT,20111117,119.05,119.75,117,117,3694
INFRABEES,20111117,250.1,251.55,245,245.52,243
INFY,20111117,2768.3,2789,2732.9,2753.5,795873
INGERRAND,20111117,448.05,448.5,431.1,437,4261
INGVYSYABK,20111117,322,328.95,309,312.45,25234
INNOIND,20111117,84,89,81.4,85.75,316943
INOXLEISUR,20111117,44,45,43,43.4,67305
INSECTICID,20111117,404.95,416,362.1,383.6,94861
INVENTURE,20111117,169,169,161,162.5,14214
IOB,20111117,96.05,98.9,93.5,95,199634
IOC,20111117,268.8,269.9,261.75,264.3,514566
IOLCP,20111117,29.1,29.1,29.1,29.1,18
IOLN,20111117,6.85,6.85,6.45,6.8,732
IPCALAB,20111117,249.9,256,246.8,252.65,16446
IPGETF,20111117,2865,2865,2825,2840,682
IPRINGLTD,20111117,55.25,56,55,55.35,1375
IRB,20111117,148.4,153.4,144.6,145.95,1282146
ISFT,20111117,52,52.4,49.05,49.7,930
ISMTLTD,20111117,29.6,30.8,29.2,29.9,102580
ITC,20111117,212.25,212.25,206.1,207.75,5493817
ITDCEM,20111117,146,149.75,142,142.6,679
ITI,20111117,20.35,20.55,19.6,19.95,46405
IVC,20111117,28.7,28.8,28.2,28.65,22134
IVP,20111117,47.95,47.95,44,44,551
IVRCLAH,20111117,28.45,29.45,27.1,28.2,98364
IVRCLINFRA,20111117,35.05,37.15,34.3,36.25,7353190
J&KBANK,20111117,782.25,808,757,768.7,15277
JAGRAN,20111117,107,107.85,104.5,105.95,18679
JAGSNPHARM,20111117,11.55,11.85,11.45,11.6,3030
JAIBALAJI,20111117,77,78,72.6,77,21390
JAICORPLTD,20111117,74,77.25,73.6,74.3,420043
JAINSTUDIO,20111117,7.1,8,7.1,8,51
JAMNAAUTO,20111117,116,117,115,115.3,780
JAYAGROGN,20111117,85,87.5,83.15,83.65,6162
JAYBARMARU,20111117,44.45,46,42.55,45.75,638
JAYNECOIND,20111117,16.1,16.4,15,15.5,104458
JAYSREETEA,20111117,126.3,129,124.15,125.2,5208
JBCHEPHARM,20111117,68,70.8,67.25,69.65,46823
JBFIND,20111117,113,114.95,111.2,112.65,41080
JBMA,20111117,56.5,56.5,54.2,55,1480
JCTEL,20111117,1.65,1.65,1.65,1.65,2
JENSONICOL,20111117,3.45,3.55,3.45,3.5,893
JETAIRWAYS,20111117,249.05,256.1,240.25,243.65,1677947
JHS,20111117,28.8,29.3,28.5,28.65,16705
JIKIND,20111117,5.2,5.8,5.15,5.7,159
JINDALPHOT,20111117,142.5,153.4,142.5,149.75,11376
JINDALPOLY,20111117,197.4,202,194,195.65,140428
JINDALSAW,20111117,127.55,135.4,122.9,129.8,1816479
JINDALSTEL,20111117,550,555.25,538,541.15,1189277
JINDALSWHL,20111117,520.05,546,518.05,519.5,29167
JINDCOT,20111117,82.85,84.5,77.15,79.7,44180
JINDRILL,20111117,295.55,301.95,295.55,297.5,3138
JINDWORLD,20111117,86,104,86,97.45,1692
JISLJALEQS,20111117,118.9,119.1,114.9,115.9,633775
JKCEMENT,20111117,99,100.6,98.2,99.45,5638
JKIL,20111117,143.6,148.5,138.55,146.5,21518
JKLAKSHMI,20111117,43.7,44.5,43,43.35,30953
JKPAPER,20111117,38.05,38.95,37.75,37.9,154953
JKTYRE,20111117,67.5,67.6,65.5,66,28911
JMCPROJECT,20111117,123,126,112.2,116.95,10366
JMFINANCIL,20111117,16.35,16.35,15.8,15.9,104598
JOCIL,20111117,116,117.9,111.75,113.8,3114
JPASSOCIAT,20111117,66.75,67.9,62.1,62.65,16726036
JPINFRATEC,20111117,40,41.85,38.2,39.15,1375142
JPPOWER,20111117,35.25,35.5,34.5,34.7,466807
JSL,20111117,79.1,82,74.5,75.35,79650
JSWENERGY,20111117,47.4,47.4,45.55,45.95,314682
JSWISPAT,20111117,11.95,11.95,11.45,11.5,1582451
JSWSTEEL,20111117,668.05,675,645.45,649.45,1652326
JUBILANT,20111117,208,208.7,202.1,206.8,72624
JUBLFOOD,20111117,775,793.95,768,777.85,1310255
JUBLINDS,20111117,197.45,210.15,196.2,201.35,8500
JUMBO,20111117,14.25,15,13.6,14.25,3080
JUNIORBEES,20111117,94.99,95.39,92.75,93.28,33108
JUPITER,20111117,11.15,13.25,10.7,11.25,203986
JVLAGRO,20111117,15.5,15.7,14.4,14.8,53036
JYOTHYLAB,20111117,140.05,143,137,138.9,99265
JYOTISTRUC,20111117,53.7,54.55,52.05,52.35,89561
KABRAEXTRU,20111117,37,37.65,36.05,37.05,3442
KAJARIACER,20111117,100,100.9,97.05,98.15,76085
KAKATCEM,20111117,68.5,69.35,67,67.35,199
KALECONSUL,20111117,99,104,92,97.75,35850
KALINDEE,20111117,108.55,109.65,105.1,106.1,148617
KALPATPOWR,20111117,102.9,106.45,97.05,102.7,210238
KAMATHOTEL,20111117,114.1,124.65,112.25,114.2,27715
KANORICHEM,20111117,29.8,30.5,29,29.95,5516
KANSAINER,20111117,872.5,874,856.65,869.75,4685
KARMAENG,20111117,18.7,18.7,17.5,17.5,3330
KARURKCP,20111117,27.45,27.45,23.15,24.65,142
KARURVYSYA,20111117,375,377,373.5,374.6,20984
KAUSHALYA,20111117,6.9,7.05,6.55,6.65,4470
KAVVERITEL,20111117,125,127.95,121.4,124.3,23363
KBIL,20111117,600,610,591.6,610,363
KCP,20111117,24.6,25.95,24.6,25.15,52436
KCPSUGIND,20111117,15.5,17.35,15.5,16.8,35582
KEC,20111117,45,45.4,43.9,44.45,67779
KECL,20111117,29.8,31,29.5,30.35,4913
KEI,20111117,17.3,17.3,16.1,16.25,40663
KEMROCK,20111117,508.8,510.9,498,499.7,19109
KERNEX,20111117,89,90.35,82,82.65,100836
KESARENT,20111117,50.5,51,46.2,46.3,3045
KESORAMIND,20111117,111.95,117.9,109,110.35,31911
KFA,20111117,26,26,24.1,25,18744882
KHAITANELE,20111117,97.95,106.35,86.05,86.25,588
KHANDSE,20111117,19.5,19.5,18.75,18.8,1100
KICL,20111117,499,499,470.2,487.75,305
KIL,20111117,12.55,13.9,12.55,12.95,4379
KINETICMOT,20111117,16.05,16.4,15.85,16,3475
KIRIINDUS,20111117,97.4,102.7,95,97.55,60876
KIRLOSBROS,20111117,120.5,124.8,117,122.05,4245
KIRLOSENG,20111117,131.5,139.45,128.55,130.15,2254
KIRLOSIND,20111117,270,273.8,261,261.85,308
KITPLYIND,20111117,3,3.1,3,3.05,1163
KKCL,20111117,734,734,715,715,157
KLGSYSTEL,20111117,29.9,30.35,28.8,29.15,9848
KLRF,20111117,24,24.5,22.6,23.1,4312
KMSUGAR,20111117,2.5,2.5,2.35,2.5,118
KNRCON,20111117,108.2,109.3,104.55,105.4,2635
KOHINOOR,20111117,40.5,42.9,38.15,40,23637
KOLTEPATIL,20111117,32.1,33.3,32.1,32.9,25932
KOPDRUGS,20111117,4,4,3.8,3.8,1137
KOPRAN,20111117,16.2,18.25,16.2,17.75,43917
KOTAKBANK,20111117,492,493.35,471.1,477.85,350906
KOTAKGOLD,20111117,2789.9,2789.95,2776.05,2783.5,6195
KOTAKNIFTY,20111117,507,509.5,501,503.33,273
KOTAKPSUBK,20111117,313,317,308,310.3,223
KOTARISUG,20111117,5.9,5.9,5.7,5.8,15872
KOTHARIPET,20111117,6.5,6.8,6,6.15,33085
KOTHARIPRO,20111117,408,416,407,410.75,391
KOUTONS,20111117,19.1,19.7,18.45,18.55,103974
KPIT,20111117,168.9,168.9,160.7,163.25,88813
KPRMILL,20111117,97.9,97.9,94,94.75,3300
KRBL,20111117,17,17.5,16.6,16.9,1385770
KRISHNAENG,20111117,2.7,2.7,2.7,2.7,376
KRITIIND,20111117,5,6.5,5,5.3,1911
KSBPUMPS,20111117,181.65,188.8,179.1,184.5,5517
KSCL,20111117,449.7,456.5,433.15,438.65,37767
KSE,20111117,230,230,224,226.4,11
KSK,20111117,56.95,58,55.3,56.15,188496
KSL,20111117,42.5,43,40,40.45,18357
KSOILS,20111117,7.15,7.2,6.6,7.05,5585673
KTIL,20111117,66,67.9,62.5,62.5,865
KTKBANK,20111117,75.5,76.95,74,74.35,548797
KWALITY,20111117,100.75,100.75,100.75,100.75,579521
L&TFH,20111117,48,48.5,47.35,47.45,377344
LAKPRE,20111117,38.95,39.25,37.6,37.6,3586
LAKSHMIEFL,20111117,15.85,16.6,14.9,15.15,90101
LAKSHMIMIL,20111117,1650.05,1739,1650.05,1739,23
LAKSHVILAS,20111117,97.45,97.45,95.75,96.15,42024
LANCOIN,20111117,26.45,26.45,25.05,25.35,7238
LAOPALA,20111117,101.05,106.7,100.4,104.75,16087
LAXMIMACH,20111117,1720,1729.9,1690,1713.85,22714
LCCINFOTEC,20111117,0.4,0.45,0.4,0.4,4274
LGBBROSLTD,20111117,316.55,323,315.15,315.7,1024
LIBERTSHOE,20111117,73.1,76,72.1,73.35,9460
LICHSGFIN,20111117,224.5,229,220.5,222.35,2217013
LIQUIDBEES,20111117,1000,1000.01,999.99,999.99,169758
LITL,20111117,13,13.2,12.1,12.35,15759178
LLOYDELENG,20111117,47.05,47.05,44,45.1,42443
LLOYDFIN,20111117,0.85,0.95,0.85,0.9,2358
LLOYDSTEEL,20111117,9.75,10.1,9.35,9.6,270474
LML,20111117,8.75,9.65,8.7,8.95,524880
LOGIXMICRO,20111117,18,18.2,16.2,16.45,8754
LOKESHMACH,20111117,39.2,39.2,38.05,38.3,8337
LOTUSEYE,20111117,10,10,8.85,9.4,15904
LOVABLE,20111117,381.1,385,367,369.75,969468
LPDC,20111117,2.05,2.25,2,2.05,12162
LT,20111117,1233,1254.8,1220.35,1232.75,2483890
LUMAXAUTO,20111117,29,29.65,27.75,28.4,974
LUMAXIND,20111117,386.55,394.5,385.25,389.7,13337
LUMAXTECH,20111117,157.05,165.05,157.05,161.45,2194
LUPIN,20111117,454.95,454.95,440.15,446.5,1237610
LYKALABS,20111117,11.6,11.8,11.2,11.55,55309
M&M,20111117,772.9,778.7,754.6,758.45,1483019
M&MFIN,20111117,643.5,663.95,641.2,647.95,8528
M100,20111117,6.88,6.99,6.7,6.77,48790
M50,20111117,66.95,66.95,65,65.09,4186
MAANALU,20111117,45,48.4,45,48.4,211
MADHAV,20111117,16.3,17.35,16.3,17.35,48
MADHUCON,20111117,52,53.4,51.5,52.35,6717
MADRASCEM,20111117,115,117,113.55,114.2,101908
MADRASFERT,20111117,21,21.35,20.2,20.3,72626
MAGMA,20111117,60,60.05,58.15,59.6,88195
MAGNUM,20111117,4.35,5.15,4.2,4.4,7337
MAHABANK,20111117,48,48.5,47.65,47.95,87583
MAHINDFORG,20111117,59.5,61.65,59.5,60.3,2396
MAHINDUGIN,20111117,47.2,50.05,40.05,49,11290
MAHLIFE,20111117,281.6,287,280.5,281.4,1986
MAHSCOOTER,20111117,302,310,300,304,416
MAHSEAMLES,20111117,325,339.9,325,337.45,8582
MAITHANALL,20111117,95.05,95.05,95,95,148
MALUPAPER,20111117,10,10.2,10,10.1,1658
MALWACOTT,20111117,23,24.35,22.65,24.25,339
MANAKSIA,20111117,54,55.8,52.5,53.5,12458
MANALIPETC,20111117,9.95,10.15,9.7,9.75,67886
MANAPPURAM,20111117,61.85,62.7,61.5,61.95,399209
MANDHANA,20111117,236.6,244,232.1,234.95,70656
MANGALAM,20111117,13.45,13.95,13.3,13.75,3486
MANGCHEFER,20111117,33.4,34.8,31.8,33,1082941
MANGLMCEM,20111117,95.1,96.2,94,94.55,5755
MANGTIMBER,20111117,18.55,19.45,18.1,18.2,1332
MANINDS,20111117,106.7,133,106.7,130.6,9848
MANINFRA,20111117,114,114,108.5,110.8,2058
MANJEERA,20111117,82.95,83.95,82.95,83.95,4
MANJUSHREE,20111117,77.8,77.8,73.55,74.15,9100
MANUGRAPH,20111117,50.1,52.95,50.1,50.45,3751
MARALOVER,20111117,10.55,10.85,10.25,10.3,4127
MARG,20111117,84.5,84.55,82.05,82.15,18696
MARICO,20111117,145.5,148.8,145.1,148.25,47084
MARKSANS,20111117,2,2,1.85,1.85,128537
MARUTI,20111117,988,998.95,941,947.15,1312556
MASTEK,20111117,77.6,80.9,74.5,77.6,72521
MAWANASUG,20111117,16.05,16.05,14.65,14.65,2877
MAX,20111117,174.95,177.8,170,171.55,107102
MAXWELL,20111117,25,26,23.6,23.65,40214
MBECL,20111117,105,115,99.55,106.2,47552
MBLINFRA,20111117,111.5,123,111.5,121,11666
MBSWITCH,20111117,123.5,125.6,123.4,123.4,64260
MCDHOLDING,20111117,45.45,48,45,45.45,8008
MCDOWELL-N,20111117,800,811.6,773.8,780.65,799325
MCLEODRUSS,20111117,222,227.65,221,223.2,221416
MEGASOFT,20111117,13.45,13.45,12.85,13,3250
MEGH,20111117,8.3,8.7,8.3,8.55,39502
MERCK,20111117,660,665.95,650,654.1,5275
MHRIL,20111117,309.9,312.95,306.05,307.55,1586
MIC,20111117,7,7.2,6.75,6.95,244471
MICROSEC,20111117,27.8,28.8,25.6,26.05,88462
MICROTECH,20111117,128.3,132.4,128.3,130.6,15238
MINDAIND,20111117,171.7,182.45,170,171.1,863
MINDTREE,20111117,391.6,400,385,396.15,26222
MIRCELECTR,20111117,17.4,17.4,15.05,15.95,334646
MIRZAINT,20111117,17.5,17.85,17.1,17.25,51188
MLL,20111117,22.9,23.3,22.1,22.3,796275
MMFL,20111117,92.05,96.95,92.05,95.7,354
MMFSL,20111117,85.5,89.9,84.35,85.35,7572
MMTC,20111117,582.65,610.05,582.6,590.45,7889
MOIL,20111117,233.55,233.8,230.55,231.3,52090
MONNETISPA,20111117,390,399,380.05,385.55,23355
MONSANTO,20111117,746,764.45,745,747.7,1152
MORARJETEX,20111117,12.35,12.35,12.35,12.35,98
MOREPENLAB,20111117,3.5,3.5,3.35,3.4,63949
MOSERBAER,20111117,22.7,22.8,21,21.8,271431
MOTHERSUMI,20111117,152.95,156,150,151.85,97300
MOTILALOFS,20111117,81,83,80,80.7,6301
MOTOGENFIN,20111117,39.85,39.85,39.8,39.8,2
MPHASIS,20111117,282.05,314.8,278.25,299.65,1119087
MPSLTD,20111117,33.9,34.8,33.25,34.4,10954
MRF,20111117,6579.75,6599.05,6400,6428.15,3037
MRO-TEK,20111117,9.25,9.85,8.75,9,7365
MRPL,20111117,63,63.5,62,62.7,382656
MSPL,20111117,37.95,37.95,34,34.7,6098
MTNL,20111117,26.85,27.3,26,26.4,353258
MUDRA,20111117,20.5,20.95,19.5,19.65,3601
MUKANDENGG,20111117,25,25,24.25,24.3,801
MUKANDLTD,20111117,30.45,30.45,27.7,28.45,9343
MUKTAARTS,20111117,34.5,36.45,33.5,33.65,504
MUNDRAPORT,20111117,132,135.85,129,132.15,2518688
MUNJALAU,20111117,178,189,178,181.75,4857
MUNJALSHOW,20111117,63.5,68.25,63.5,65.9,26974
MURLIIND,20111117,18,19.45,17,18.8,2162
MURUDCERA,20111117,15.8,16.5,15.15,15.75,5649
MUTHOOTFIN,20111117,181.25,185,175.1,177.95,116575
MVL,20111117,23.8,23.85,22.1,23.25,182185
MVLIND,20111117,12.9,12.9,12,12.3,1260
MYSOREBANK,20111117,515,517,505,512.15,1099
N100,20111117,116,118.1,115.2,116,2763
NAHARCAP,20111117,47.45,47.45,45,45.25,1933
NAHARINDUS,20111117,35.95,37.8,35.15,35.15,4676
NAHARPOLY,20111117,21.45,21.65,21.35,21.6,1621
NAHARSPING,20111117,50,52.4,49.2,51.3,6984
NANDAN,20111117,2,2,1.85,1.9,127394
NATCOPHARM,20111117,217.15,220.95,215.2,217.2,4346
NATHSEED,20111117,8.5,8.75,8.35,8.5,12455
NATIONALUM,20111117,55.5,55.85,53.3,53.6,103797
NATNLSTEEL,20111117,14,14.85,14,14.15,13563
NAUKRI,20111117,690,691,670.35,672.85,686
NAVINFLUOR,20111117,364,369.9,355.35,357.7,22707
NAVNETPUBL,20111117,62.35,62.35,60,60.25,26171
NBVENTURES,20111117,181,182.4,178.35,179.9,22039
NCC,20111117,44.5,45.3,41,41.45,692437
NCLIND,20111117,36.5,37.25,35.75,36,9090
NCOPPER,20111117,18.3,18.7,18,18.15,27635
NDTV,20111117,36.2,40.1,36.2,37.35,49770
NECLIFE,20111117,19.6,19.6,18.55,18.85,13575
NELCAST,20111117,23.15,23.9,23.1,23.35,24556
NELCO,20111117,51.1,52.4,49.75,50.1,28946
NEOCURE,20111117,2,2.2,2,2.2,875
NEPCMICON,20111117,3.35,3.4,3.1,3.1,20753
NESCO,20111117,585.1,592.9,570.8,572.85,14846
NESTLEIND,20111117,4410,4496,4405.1,4473.65,28757
NET4,20111117,155.5,158,154.1,155.9,24662
NETWORK18,20111117,50,50,48.75,49,13804
NEULANDLAB,20111117,74.05,74.05,73.8,73.8,620
NEXTMEDIA,20111117,4.75,4.9,4.75,4.85,19602
NEYVELILIG,20111117,73.5,75.2,73.25,74.75,92136
NFL,20111117,62.45,63.35,60,60.65,30493
NHPC,20111117,23.6,23.6,23.05,23.1,1511861
NICCO,20111117,2.45,2.45,2.15,2.15,5196
NIFTYBEES,20111117,510,512.9,500.5,502.89,118158
NIITLTD,20111117,46.75,47.4,46.05,47.1,86974
NIITTECH,20111117,201,213.7,201,211.55,59211
NILKAMAL,20111117,239.9,239.9,231.25,232.2,749
NIPPOBATRY,20111117,388,389,383,386.65,295
NITCO,20111117,44.9,44.9,38.5,39.65,60616
NITESHEST,20111117,16.6,17.2,15.85,16.95,71161
NITINFIRE,20111117,35.95,35.95,29.45,31.2,773685
NITINSPIN,20111117,5.9,6.15,5.9,6.05,3846
NMDC,20111117,210,211,199.15,202.15,187718
NOCIL,20111117,16.05,16.75,16,16.3,240743
NOIDATOLL,20111117,23.2,23.75,22.95,23,162379
NORBTEAEXP,20111117,5.35,5.35,4.95,4.95,374
NORTHGATE,20111117,10,10.2,9.7,9.9,28151
NOVOPANIND,20111117,38.6,44.9,38.6,44.9,191
NRBBEARING,20111117,40.2,42,40.2,40.45,11578
NRC,20111117,4,4,3.65,3.7,13908
NSIL,20111117,600,611.9,600,602.2,103
NTPC,20111117,169.85,170.6,164.15,165,2025138
NUCHEM,20111117,2.7,2.7,2.5,2.5,838
NUCLEUS,20111117,66,66,64,64.25,4030
NUMERICPW,20111117,184.1,192.95,181.2,182.05,1311
NUTEK,20111117,1,1,1,1,154999
OBEROIRLTY,20111117,223,224.9,215,217.95,51262
OCL,20111117,93,94.65,92.05,93.2,2009
OFSS,20111117,2023,2040.6,1983.05,2021.45,22485
OIL,20111117,1255,1277,1230.6,1238.4,64264
OILCOUNTUB,20111117,58.95,61.1,58.75,59.6,9508
OISL,20111117,44.35,44.8,43.65,43.7,6727
OMAXAUTO,20111117,36.1,38,36.1,36.85,4623
OMAXE,20111117,139.9,139.9,136.9,137.85,15369
OMKARCHEM,20111117,59.9,61.5,59.5,60.1,2357
OMMETALS,20111117,27.25,28.5,27.25,27.35,2425
OMNITECH,20111117,146,146.2,140,143.55,31565
ONELIFECAP,20111117,265.1,283.6,260.55,277.15,1596438
ONGC,20111117,264.5,264.9,255.3,257.3,1799647
ONMOBILE,20111117,60.2,60.85,56.15,57,340989
ONWARDTEC,20111117,36.4,36.4,33.5,34.4,2154
OPTOCIRCUI,20111117,229,232.3,224,226.6,169406
ORBITCORP,20111117,29.6,30.45,29,29.2,94435
ORCHIDCHEM,20111117,153.85,166.5,151.9,157.1,2558673
ORIENTALTL,20111117,7.7,8,7.35,7.45,1138
ORIENTBANK,20111117,278.35,282.75,272.3,275.05,579491
ORIENTCERA,20111117,47,51,43.65,47.05,514
ORIENTHOT,20111117,25.2,25.9,25.2,25.3,4275
ORIENTLTD,20111117,74.2,74.2,67.45,69.2,27
ORIENTPPR,20111117,56,57.5,55.2,55.9,36389
ORISSAMINE,20111117,42500,43598,42001,42312.1,829
OUDHSUG,20111117,20.7,21,19.75,20.9,61015
PAEL,20111117,22,22,18.55,18.6,1661
PAGEIND,20111117,2525,2578,2520,2525.8,3754
PANACEABIO,20111117,99.4,101,92.3,96.55,30105
PANAMAPET,20111117,240,240,222.05,223.4,400
PANASONIC,20111117,90,90.35,89,89.6,142
PANORAMUNI,20111117,8.9,9,8.6,8.8,5317
PANTALOONR,20111117,171.55,191.6,166,182.1,6109190
PAPERPROD,20111117,67.1,68.45,66.4,66.55,68743
PARABDRUGS,20111117,30.5,34,29.1,31.75,65509
PARACABLES,20111117,2.65,2.75,2.65,2.65,24948
PARAL,20111117,228.85,239.9,218.05,222.35,1391
PARAPRINT,20111117,14.2,14.2,14.2,14.2,15187
PARASPETRO,20111117,0.45,0.5,0.45,0.5,8670
PARSVNATH,20111117,72.1,73.5,69.3,71.95,1505415
PATELENG,20111117,81,88.75,81,85.35,191094
PATINTLOG,20111117,28.4,29.9,27.95,29.25,5459
PATNI,20111117,415.1,434.9,399.4,428.25,6233622
PATSPINLTD,20111117,9.6,10.5,9.05,10,7398
PBAINFRA,20111117,39.05,39.05,36.55,37.4,9359
PDPL,20111117,84,84.2,81,81.55,3614
PDUMJEIND,20111117,19,19,16.5,18.4,77
PDUMJEPULP,20111117,16.5,16.9,16.25,16.25,1503
PEACOCKIND,20111117,2.85,3.2,2.55,3.15,8941
PEARLPOLY,20111117,15.5,15.5,15.4,15.45,106
PENIND,20111117,37.1,38,37,37.95,21421
PENINLAND,20111117,38.05,38.95,37.05,37.15,11890
PEPL,20111117,2.05,2.05,2.05,2.05,2
PERIATEA,20111117,133.25,160,133.25,154.8,156
PERSISTENT,20111117,312,315,310.15,313.55,26388
PETRONENGG,20111117,283,295,283,288.55,392
PETRONET,20111117,162.5,163.5,159.15,160.05,1141160
PFC,20111117,167.85,170.4,162.1,163.2,2183204
PFIZER,20111117,1319,1319,1293.65,1299.65,1546
PFOCUS,20111117,59.05,59.45,57.75,58,203432
PFS,20111117,13.65,14,13.6,13.7,57773
PGEL,20111117,204.1,206.25,191,199.9,25403
PGHH,20111117,1935,1974.5,1900,1900.2,16320
PHILIPCARB,20111117,112.1,118,112.1,115.9,11759
PHOENIXLTD,20111117,195.5,198.15,192.25,193.55,3429
PIDILITIND,20111117,161.2,164.9,161.2,162.9,39022
PIIND,20111117,535.95,537.9,494,508.6,5680
PIONDIST,20111117,43.5,46.6,42,44.25,4614
PIONEEREMB,20111117,11.45,11.65,11.35,11.45,1702
PIPAVAVDOC,20111117,80.1,80.85,63.9,69.55,2457990
PIRGLASS,20111117,105.05,109.95,105.05,107.9,18554
PIRHEALTH,20111117,360,364.2,357.15,360.7,131920
PIRLIFE,20111117,89.1,90.45,88.05,89.9,28360
PITTILAM,20111117,58.9,61.7,57.05,58.5,19223
PLASTIBLEN,20111117,159,160,153.55,154.1,1188
PLETHICO,20111117,373.45,382.8,370.3,372.7,63677
PNB,20111117,890,894.45,852.2,872.65,359386
PNBGILTS,20111117,24.1,26.5,23.9,24.4,338953
PNC,20111117,12.6,13,12.5,12.95,1777
POCHIRAJU,20111117,12,12.4,11.85,12,16197
POLARIND,20111117,3.55,3.75,3.3,3.55,5100
POLARIS,20111117,128.6,131.25,126.6,129.35,401699
POLYPLEX,20111117,168.1,168.95,165.1,168,29107
PONDYOXIDE,20111117,26.1,28.15,26.1,27.05,5056
PONNIERODE,20111117,73.55,73.75,73.5,73.5,407
POWERGRID,20111117,103.5,105.35,102.8,103.15,2567433
PPAP,20111117,71.5,72.5,70.1,72.5,417
PRADIP,20111117,98.7,99.45,94.5,96.3,98301
PRAENG,20111117,5.1,5.35,4.7,5.2,31678
PRAJIND,20111117,74.2,75.9,69.9,71.1,629630
PRAKASH,20111117,38,40.4,38,39.45,212694
PRAKASHCON,20111117,223,234.9,215.1,222.5,1329651
PRAKASHSTL,20111117,124.5,128.7,124.5,126.9,80475
PRATIBHA,20111117,36,37.45,35,35.5,35877
PRECOT,20111117,87.8,88,84.1,84.2,371
PRECWIRE,20111117,88.75,88.8,82,83.5,2704
PREMIER,20111117,74,74.5,72.05,72.25,2379
PRESTIGE,20111117,86.65,88,84,86.5,102421
PRETAILDVR,20111117,139,139.95,126.25,134.3,3965
PRICOL,20111117,14.05,14.5,14.05,14.1,23137
PRIMESECU,20111117,15,16.2,14.8,15.45,14024
PRISMCEM,20111117,44.5,44.75,43.95,44.15,441429
PRITHVI,20111117,16.4,16.4,15,15.2,11320
PROVOGUE,20111117,25,26.65,24.9,25.3,206319
PSB,20111117,70.6,70.6,67.7,69.25,48880
PSL,20111117,58.65,59.3,58,58.35,43659
PSUBNKBEES,20111117,314.55,314.75,308,310.03,1100
PTC,20111117,53,55.85,51.35,51.85,1964902
PTL,20111117,36.55,37.45,34,34.3,2813
PUNJABCHEM,20111117,63.15,63.9,61.85,63.6,974
PUNJLLOYD,20111117,49.5,50.55,48.15,48.45,3352261
PURVA,20111117,72.65,75.05,71,72.8,1883
PVP,20111117,5.15,5.45,5,5.05,80341
PVR,20111117,136,139.15,132,132.85,26487
QGOLDHALF,20111117,1380,1384.95,1371,1380.5,1063
QUINTEGRA,20111117,2.35,2.95,2.2,2.5,21499
RADAAN,20111117,2,2.1,1.95,1.95,4406
RADICO,20111117,123.95,124.5,120.2,122.05,116167
RAINBOWPAP,20111117,61.95,62,60.75,60.95,37389
RAINCOM,20111117,29.35,29.5,28.95,29.15,107884
RAJESHEXPO,20111117,135,136.3,132.6,135.1,365567
RAJOIL,20111117,12,12,11.4,11.75,114705
RAJPALAYAM,20111117,193,206,192.25,192.25,87
RAJRAYON,20111117,9.45,9.45,9.4,9.4,748
RAJTV,20111117,70.5,72,67.4,69.1,24439
RALLIS,20111117,157.75,157.95,149,149.8,462357
RAMANEWS,20111117,11.1,11.45,10.75,10.9,7071
RAMCOIND,20111117,44,45.2,43.2,44.6,21282
RAMCOSYS,20111117,56.75,56.75,50.6,51.4,2769
RAMKY,20111117,227,232.9,215.1,217.55,1932
RAMSARUP,20111117,7.9,8.4,7.6,7.9,23754
RANASUG,20111117,3.5,3.65,3.4,3.4,309383
RANBAXY,20111117,472.9,475.7,448.95,453.25,653585
RANEENGINE,20111117,177,204.35,175.05,199.8,58
RANEHOLDIN,20111117,182,189.95,181,181.05,809
RANKLIN,20111117,13.7,14.15,13.6,13.6,14756
RATNAMANI,20111117,100,101,95.35,99.15,1029
RAYMOND,20111117,358.05,370,354.55,358.3,136860
RBN,20111117,57.25,58.8,57.25,58.05,83376
RCF,20111117,63,69,62.4,65.2,260187
RCOM,20111117,79.25,79.25,74.5,75.2,3891483
RECLTD,20111117,185.25,189.45,179.7,181.55,1141161
REDINGTON,20111117,86.1,89.6,86.1,87.45,31858
REFEX,20111117,11.65,12,11.3,11.3,11155
REIAGROLTD,20111117,20.95,22.25,20.1,21.7,294656
REISIXTEN,20111117,17.5,18.85,16.6,17.75,333392
RELAXO,20111117,325.95,325.95,301,311.95,117
RELBANK,20111117,877,877,852.5,867.27,52
RELCAPITAL,20111117,324,326.5,314.1,315.85,1940910
RELGOLD,20111117,2698.8,2708.8,2680.25,2704.05,11469
RELGRNIFTY,20111117,484,484,472,474.46,144
RELIANCE,20111117,845.05,848.65,806.25,809.95,5538055
RELIGARE,20111117,424,424,410.25,415.5,21849
RELIGAREGO,20111117,2826.15,2869,2826.1,2851.45,424
RELINFRA,20111117,414,426.75,409.1,416.95,1648419
RELMEDIA,20111117,84,84.4,81.2,83.3,338624
RENUKA,20111117,32.7,34.5,31.8,32.1,23935277
REPRO,20111117,178.6,183.2,172,177.8,124167
RESPONIND,20111117,101,104.4,99,101,11091
REVATHI,20111117,340,340,340,340,1
RICOAUTO,20111117,10.6,10.9,10.4,10.65,35083
RIIL,20111117,379,383.75,370.1,372.75,78276
RJL,20111117,84,88,83,85,6219
RKDL,20111117,15.3,15.95,15.3,15.6,4806
RKFORGE,20111117,101,103.9,100.5,100.5,311
RMCL,20111117,6,6.6,6,6.4,2673
RML,20111117,100.05,101,98,98.7,4284
ROHITFERRO,20111117,26.2,26.45,25.15,25.35,16580
ROHLTD,20111117,50.5,51.3,48.55,49.6,4047
ROLTA,20111117,65.8,66.65,61.65,62.45,834093
ROMAN,20111117,19,21.7,19,20,505
RPGLIFE,20111117,72,73.7,71.05,72.85,2631
RPOWER,20111117,94.3,95.4,89.15,90.55,2478615
RPPINFRA,20111117,64.1,67.3,64,64.05,12271
RSSOFTWARE,20111117,47.85,48.95,46.45,47.95,4361
RSWM,20111117,74.05,74.7,72.1,73.35,2723
RSYSTEMS,20111117,114.8,119.85,113.55,117.65,21635
RUBYMILLS,20111117,740.1,757.55,730.05,740.65,200
RUCHINFRA,20111117,19.15,19.95,18.2,18.5,17336
RUCHIRA,20111117,8.5,8.6,8.2,8.3,4183
RUCHISOYA,20111117,102,104.25,96.8,101.8,286109
RUSHIL,20111117,154.9,157.45,150.65,151.55,214036
SABERORGAN,20111117,126,127.8,125.35,126,44891
SADBHAV,20111117,120.1,122.8,118,120,157172
SAGCEM,20111117,136,136,135,135.6,3543
SAHPETRO,20111117,25.05,27.9,25,27.2,4866
SAIL,20111117,93.65,93.65,89.1,90.45,6189603
SAKHTISUG,20111117,23.25,23.7,22.8,23.05,51830
SAKSOFT,20111117,41.65,42,41.15,41.8,2913
SAKUMA,20111117,13,13.5,13,13.05,792
SALORAINTL,20111117,21.05,24.35,21,21.65,355
SALSTEEL,20111117,5.45,5.95,5.45,5.55,5466
SAMBANDAM,20111117,67.65,67.65,61.1,61.1,11
SAMBHAAV,20111117,1.15,1.15,1.05,1.05,2
SANDESH,20111117,276.7,276.7,265.2,273.7,216
SANGAMIND,20111117,28.1,28.9,27.75,28,3821
SANGHVIFOR,20111117,26.3,27.45,25.1,25.95,51294
SANGHVIMOV,20111117,110.6,115.45,109.9,114.05,5292
SANWARIA,20111117,14,15.15,13.25,14.75,365891
SARDAEN,20111117,100,106.45,99.5,99.9,20182
SAREGAMA,20111117,62.6,63,60,60.55,8548
SASKEN,20111117,103,104.75,102.5,103.25,10519
SATHAISPAT,20111117,31.75,32.2,30.5,30.65,5005
SATYAMCOMP,20111117,73.4,74.3,69.5,70.2,2055822
SAVERA,20111117,35.05,36.8,34.55,34.95,10076
SB&TINTL,20111117,14.75,15,14,14.25,20852
SBBJ,20111117,365.2,371.9,355,367.8,5990
SBIGETS,20111117,2824.2,2830,2801.35,2827.25,6312
SBIN,20111117,1763.7,1798.8,1746.5,1757.45,2857879
SBT,20111117,553,568.95,553,563.05,5300
SCI,20111117,61.9,62.95,61,61.2,279063
SEAMECLTD,20111117,98.1,99.95,95.8,99.05,13310
SEINV,20111117,149.25,158,149.25,155.45,187329
SELAN,20111117,266,274,260,262.95,19818
SELMCL,20111117,11.85,12,11.5,11.55,121648
SERVALL,20111117,4.3,4.6,4.1,4.5,19651
SESAGOA,20111117,200.95,201.8,190.1,192.45,1731513
SESHAPAPER,20111117,200.05,200.05,200,200,167
SGJHL,20111117,128.5,133,127,128.15,109993
SHAHALLOYS,20111117,9.1,9.1,9.1,9.1,601
SHAKTIPUMP,20111117,43,43,37,38.5,2151
SHALPAINTS,20111117,440,459.5,436.1,446.9,1991
SHANTIGEAR,20111117,37.95,38,35.5,35.85,23591
SHARIABEES,20111117,116,117.2,115,115.81,167
SHARRESLTD,20111117,55.6,55.75,48.55,48.75,49777
SHASUNPHAR,20111117,58,58.1,52.6,55.4,108510
SHILPAMED,20111117,185,185,180.2,183,483
SHILPI,20111117,12.85,12.95,12.3,12.6,17001
SHIV-VANI,20111117,211.5,214.6,206.75,209.2,17249
SHIVAMAUTO,20111117,105,106.9,100,101.45,572
SHIVTEX,20111117,19.15,20.45,18.45,18.6,6117
SHLAKSHMI,20111117,98.55,100.4,96,98.45,88047
SHOPERSTOP,20111117,361.05,382.45,342.35,351.3,127870
SHREEASHTA,20111117,5.45,5.45,5.45,5.45,208692
SHREECEM,20111117,2020,2023.1,1970,2000.1,3130
SHREERAMA,20111117,4,4,4,4,200
SHRENUJ,20111117,64,66.5,59.5,65.75,55713
SHREYANIND,20111117,23,23,21.4,21.4,2
SHREYAS,20111117,27.5,27.6,27.05,27.1,908
SHRIRAMCIT,20111117,518,523,515,515.5,3074
SHRIRAMEPC,20111117,112,115,110,112.25,1561
SHYAMTEL,20111117,26.55,28,25.2,25.55,2549
SICAGEN,20111117,17.7,18.9,17,17.15,15817
SICAL,20111117,70.1,70.7,70,70.1,11391
SIEMENS,20111117,748,748,715,721.7,236159
SILINV,20111117,77,77,71.65,71.65,51
SIMBHSUGAR,20111117,29.85,29.85,26.15,26.75,4237
SIMPLEX,20111117,82.5,84.4,78.5,83.4,324
SIMPLEXINF,20111117,210.75,215,195.25,199.4,1737
SINTEX,20111117,90.1,92.7,83.6,87.7,14961201
SIRPAPER,20111117,42,42,41,41.45,727
SITASHREE,20111117,6.45,6.5,6.3,6.45,972
SIYSIL,20111117,265,279.5,257,260,720
SJVN,20111117,21.55,21.65,21.5,21.5,56141
SKFINDIA,20111117,641,652,635.5,649.75,10431
SKMEGGPROD,20111117,7.4,8,7.2,7.6,9023
SKSMICRO,20111117,128.15,132,128.15,128.15,28448
SKUMARSYNF,20111117,31,31.9,27.25,27.55,3333989
SMARTLINK,20111117,46.95,47.55,46.05,46.3,11782
SMLISUZU,20111117,372,383.95,355,366.45,552
SMOBILITY,20111117,98.5,101.05,96.75,97.45,47060
SMPL,20111117,6.05,6.25,4.9,5.05,768201
SMSPHARMA,20111117,172,172,170,172,209
SOBHA,20111117,216.4,235,215.05,229.4,247361
SOFTTECHGR,20111117,5,5,4.4,4.65,236
SOLARINDS,20111117,762.15,783,741.25,752.8,17352
SOMANYCERA,20111117,45.5,45.5,38.6,39.25,582
SOMATEX,20111117,4.15,4.4,4.15,4.4,1442
SONASTEER,20111117,13.4,13.4,12.85,12.9,31961
SONATSOFTW,20111117,23.5,24.1,22.75,22.95,139200
SOTL,20111117,476,485.9,453.45,462.8,2386
SOUISPAT,20111117,3.25,3.45,3.15,3.4,43070
SOUTHBANK,20111117,22.95,22.95,22.15,22.35,1742880
SPANCO,20111117,97,102,97,100.1,51392
SPARC,20111117,73.6,75.25,73.1,73.2,33581
SPENTEX,20111117,6.9,7.55,6.9,7.2,21956
SPIC,20111117,20.5,21.15,20.1,20.25,213947
SPMLINFRA,20111117,99,99.95,94.55,95.6,2663
SPYL,20111117,28.45,28.45,26.2,26.3,10728
SREINFRA,20111117,27.2,27.7,25.75,26.05,684097
SRF,20111117,307,311,298,310,135087
SRGINFOTEC,20111117,0.45,0.45,0.4,0.4,10446
SRHHLINDST,20111117,3.4,3.45,3.4,3.45,410
SRHHYPOLTD,20111117,39.8,39.8,39.75,39.75,104
SRSLTD,20111117,31.2,31.2,29.25,29.65,91040
SRTRANSFIN,20111117,533,548.75,526,535.8,547554
SSWL,20111117,188.5,195,182.05,188.9,6821
STAR,20111117,419,422.9,409.6,413.2,47844
STARPAPER,20111117,21.1,21.4,20.35,20.65,6191
STCINDIA,20111117,142,143.65,137.5,138.55,33948
STEL,20111117,13,13.75,12.7,12.95,1183
STER,20111117,113.95,113.95,107.1,108.55,2734597
STERLINBIO,20111117,62.5,64,57.55,59.45,594836
STERTOOLS,20111117,101.1,103.9,100.25,100.25,106
STOREONE,20111117,14.9,16,14.5,14.95,5370
STRTECH,20111117,36.1,36.5,35.35,36.1,614135
SUBEX,20111117,28.9,34.9,28.1,33.6,2713299
SUDAR,20111117,70.4,70.5,63.15,66.3,228532
SUDARSCHEM,20111117,575.6,612,575.6,603.55,517
SUJANATOW,20111117,23,23,16.4,17.3,3918005
SUJANAUNI,20111117,3.35,3.5,3.25,3.25,84351
SUMEETINDS,20111117,24,24.45,23.3,23.6,354181
SUMMITSEC,20111117,64.3,67,63.45,65.6,5816
SUNCLAYTON,20111117,154,159.5,153,156.1,1525
SUNDARAM,20111117,49.75,49.75,48.25,49.45,286320
SUNDARMFIN,20111117,525.95,525.95,510.25,515.65,1882
SUNDRMBRAK,20111117,143,154.2,143,146.6,179
SUNDRMFAST,20111117,59.85,60.45,59.4,60.1,31487
SUNFLAG,20111117,24.4,25.15,24.4,24.7,20211
SUNILHITEC,20111117,78.6,81.45,76.1,76.65,14682
SUNPHARMA,20111117,493,501,486.25,492.45,1165213
SUNTECK,20111117,385.95,390.05,366.25,379.25,38028
SUNTV,20111117,271.5,282,262.3,267.2,574458
SUPER,20111117,141,143.95,141,143.95,158
SUPERSPIN,20111117,6.5,6.95,6.1,6.2,3060
SUPPETRO,20111117,53,55.3,52.25,54.65,13672
SUPRAJIT,20111117,19.75,19.75,18.8,18.85,10306
SUPREMEIND,20111117,182.2,184,180.5,183,17026
SUPREMEINF,20111117,184.35,189.75,178.05,181.4,5911
SURAJDIAMN,20111117,41.45,43.2,40.95,41.2,31229
SURANACORP,20111117,94,94,89,89,783
SURANAIND,20111117,390,395,388,393.6,5385
SURANAT&P,20111117,13.65,14,13.5,13.65,1728
SURANAVEL,20111117,24.95,24.95,22.1,23.1,2520
SURYAJYOTI,20111117,16.5,17.25,16.25,16.25,1750
SURYALAXMI,20111117,56.2,56.8,56.2,56.5,702
SURYAPHARM,20111117,12.55,12.75,12.2,12.4,77169
SURYAROSNI,20111117,54,54,52.8,53.75,4788
SUTLEJTEX,20111117,172,172,160.7,161.8,216
SUVEN,20111117,14.55,15.5,14.55,15.4,48591
SUZLON,20111117,29.35,29.45,25.35,25.65,81051056
SWARAJENG,20111117,437.5,442.75,427.5,431.15,2067
SYMPHONY,20111117,1265.65,1308,1264,1284.85,689
SYNCOM,20111117,12.5,12.8,12.15,12.2,14145
SYNDIBANK,20111117,101,101.65,98,98.85,458803
TAINWALCHM,20111117,18.1,20.75,18.1,18.75,1621
TAJGVK,20111117,84.4,85,83,83.1,8085
TAKE,20111117,23.05,23.05,22,22.3,75718
TAKSHEEL,20111117,19.85,20.4,19.85,19.85,48159
TALBROAUTO,20111117,36.25,40.85,36.25,39.4,14341
TALWALKARS,20111117,144,144,132.6,133.7,90699
TANFACIND,20111117,22.5,22.5,22.05,22.15,581
TANTIACONS,20111117,45,46.7,44.5,44.85,1974
TARAPUR,20111117,16.3,17,16.3,16.75,9059
TATACHEM,20111117,324.15,334.5,324,329.85,317332
TATACOFFEE,20111117,824,841.85,792.85,806.3,176115
TATACOMM,20111117,190,195,185.15,188,117820
TATAELXSI,20111117,196.1,204.7,195.8,196.8,20959
TATAGLOBAL,20111117,84,85.45,81.2,82.5,1062728
TATAINVEST,20111117,454.05,454.05,438,441.4,7363
TATAMETALI,20111117,66.15,66.15,63.5,63.9,21218
TATAMOTORS,20111117,182,183,173.8,175.15,12583654
TATAMTRDVR,20111117,91,93.3,87.05,87.9,895912
TATAPOWER,20111117,98,98.45,94.6,95.05,2785461
TATASPONGE,20111117,302.9,321.45,302.9,311.55,4738
TATASTEEL,20111117,406.9,415.5,398,400.1,5515558
TCI,20111117,66.05,67.25,63.65,65.7,5994
TCIDEVELOP,20111117,144,144,130,132.8,80
TCIFINANCE,20111117,20.9,20.9,19.6,20,1070
TCS,20111117,1115,1123.5,1107.6,1115.15,695994
TDPOWERSYS,20111117,264.95,273.95,252,253.25,56472
TECHM,20111117,607,614.95,596.15,598.55,78027
TECHNO,20111117,210.5,216.95,201.75,207.7,23148
TECHNOFAB,20111117,125.45,128.5,124,125.9,16029
TECPRO,20111117,208,208,192,194.85,5695
TELEDATAIT,20111117,0.25,0.25,0.2,0.2,212538
TELEMARINE,20111117,0.65,0.7,0.55,0.6,67632
TEXMACOLTD,20111117,28.85,29.15,28.5,28.95,53800
TEXMOPIPES,20111117,19.5,19.7,18,18.2,160469
TEXRAIL,20111117,69.5,69.6,66.5,68.15,52154
TFCILTD,20111117,24,24.9,24,24.2,54235
TFL,20111117,12.4,12.4,12,12.1,2200
THANGAMAYL,20111117,163,164,160,160.15,6277
THEMISMED,20111117,82,82,79,81.25,28
THERMAX,20111117,440,441.85,427.1,429.8,144145
THINKSOFT,20111117,38.15,39.6,37,38.55,29064
THOMASCOOK,20111117,44.65,45.6,44.5,44.7,44818
TI,20111117,31.8,32.7,31.25,31.55,77580
TIDEWATER,20111117,6760,6760,6630,6679,481
TIIL,20111117,34,34,31.5,33.15,6817
TIJARIA,20111117,14.1,14.7,14.1,14.15,191746
TIL,20111117,289,302.4,279,279.95,6722
TIMESGTY,20111117,21,24,21,22.8,308
TIMETECHNO,20111117,55.55,55.55,53.45,54.25,19826
TIMKEN,20111117,235.1,244.3,235.1,238.7,107497
TINPLATE,20111117,42.5,42.5,41.1,41.4,23325
TIPSINDLTD,20111117,33.5,33.5,32.5,32.95,7493
TIRUMALCHM,20111117,59.55,59.55,57.2,58.8,877
TITAN,20111117,211.9,214.45,184.9,202.4,2803951
TNPETRO,20111117,14.75,15.1,14.1,14.2,25403
TNPL,20111117,90.5,92,89.5,90,11561
TODAYS,20111117,4.65,4.9,4.6,4.65,7494
TOKYOPLAST,20111117,16.25,16.95,16.25,16.95,746
TORNTPHARM,20111117,565,580,563.1,575.85,17075
TORNTPOWER,20111117,214,214,205,206.2,24103
TREEHOUSE,20111117,182.75,186.05,176.55,177.9,66608
TRENT,20111117,1033,1066,1005.25,1035.15,17643
TRF,20111117,294.95,314.6,278.25,280.7,21823
TRICOM,20111117,10.75,13,10.75,11.55,249651
TRIDENT,20111117,11.15,11.15,10.6,10.7,12986
TRIGYN,20111117,13.4,13.75,13.25,13.3,3050
TRIL,20111117,199.9,203.95,192.15,195.35,39286
TRITURBINE,20111117,35,36,30,33,43607
TRIVENI,20111117,16,16.5,14.85,15,1201310
TTKHEALTH,20111117,439.95,446.05,434.65,435,7467
TTKPRESTIG,20111117,2510,2551,2485,2536.7,89571
TTL,20111117,22.1,22.65,22,22.05,3648
TTML,20111117,16,16,15.05,15.25,1099264
TUBEINVEST,20111117,127,129.5,126.6,127.75,10115
TULIP,20111117,145,145,138,139,146985
TULSI,20111117,10.9,10.9,10.15,10.25,39052
TULSYAN,20111117,36.6,36.6,36.6,36.6,58
TV18BRDCST,20111117,35,35.15,34.05,34.6,140530
TVSELECT,20111117,20.85,21.5,20.4,20.5,1776
TVSMOTOR,20111117,65,65.4,63.1,63.9,839908
TVSSRICHAK,20111117,322.3,328.4,315,315.45,2308
TVTODAY,20111117,50.5,52,49.75,50.2,33889
TWILITAKA,20111117,31.2,31.2,31.2,31.2,7431
TWL,20111117,426.3,435,425,429,16318
UBENGG,20111117,40,41.45,37.7,38.05,65912
UBHOLDINGS,20111117,87,89.35,83.7,84.05,154827
UBL,20111117,392.55,402.5,392.5,399.15,26144
UCALFUEL,20111117,66,71,66,66.65,3118
UCOBANK,20111117,62,63.85,60,60.7,2001299
UFLEX,20111117,130.05,134.55,121.35,122.45,786669
UGARSUGAR,20111117,11.3,12,11,11.45,20126
ULTRACEMCO,20111117,1157.95,1159.45,1141,1147.5,200155
UMESLTD,20111117,15.7,15.7,14.75,14.9,1778
UNICHEMLAB,20111117,113,114,111.35,112.15,16281
UNIENTER,20111117,26.5,26.6,25.4,25.95,9299
UNIONBANK,20111117,216,216.7,205,207.45,539048
UNIPHOS,20111117,134.65,140.45,133.8,136.65,677077
UNIPLY,20111117,10,10.1,10,10,433
UNITECH,20111117,25,25.2,23.05,23.15,20072974
UNITEDBNK,20111117,59.9,60.55,58.75,59.1,126897
UNITEDTEA,20111117,144,144,138.5,143,110
UNITY,20111117,34.2,34.7,32.05,32.6,213304
UNIVCABLES,20111117,44.5,46.5,41.55,42,375
UPERGANGES,20111117,42.5,43.5,41.55,43,8102
USHAMART,20111117,25,25.85,24.15,24.45,332010
USHERAGRO,20111117,122.25,122.65,118.2,120.6,260419
UTISUNDER,20111117,1393.82,1393.82,1125.53,1128.39,304
UTTAMSTL,20111117,66.2,67.8,64.6,65,18741
UTTAMSUGAR,20111117,26.75,27,25.5,26.15,2983
UTVSOF,20111117,949.8,951.95,944.05,948.2,80086
VADILALIND,20111117,126,126,112.55,114.45,1289
VAIBHAVGEM,20111117,28.5,29,26.8,27.45,1545
VAKRANSOFT,20111117,330.05,333.8,330,330,30001
VALECHAENG,20111117,64.45,65.7,63.75,63.95,8559
VALUEIND,20111117,15.65,19,15.25,16.8,13251
VARDHACRLC,20111117,8.25,8.5,8.15,8.2,51728
VARDMNPOLY,20111117,93.7,95.4,92.75,93.2,10579
VARUN,20111117,259.4,259.9,255.5,257,222977
VARUNSHIP,20111117,17,17.1,16.6,16.8,57120
VASCONEQ,20111117,46.5,46.5,44.1,44.2,1714
VASWANI,20111117,12.8,13.2,12.6,12.75,69938
VENKEYS,20111117,428,447.4,418.5,428.4,49587
VENUSREM,20111117,180.25,183,175.8,177.35,6977
VESUVIUS,20111117,387.05,390,365.25,375.5,2227
VGUARD,20111117,177,182.9,176.05,178.05,57114
VHL,20111117,444.9,444.9,383.1,395.5,276
VICEROY,20111117,24.55,25.3,23.2,24.55,28540
VIDEOIND,20111117,170.95,171.25,167,170.15,101512
VIJAYABANK,20111117,54.85,55.65,53.1,53.35,935556
VIJSHAN,20111117,16,16.3,16,16.05,683
VIKASHMET,20111117,8.25,8.45,8.05,8.2,18610
VIMTALABS,20111117,15.3,15.5,14.35,14.6,91976
VINATIORGA,20111117,66.35,67,64.35,66.25,5795
VINYLINDIA,20111117,10.4,10.4,9.5,9.7,1933
VIPIND,20111117,118.45,128,116.6,123.15,8136079
VIPUL,20111117,10.6,10.6,9.5,9.6,986
VISAKAIND,20111117,75.05,76.2,71.1,71.4,17783
VISASTEEL,20111117,58.5,58.7,58.5,58.55,14741
VISESHINFO,20111117,2.8,3,2.75,2.95,2188
VISHALRET,20111117,16.15,17.4,15.8,16.3,87653
VISUINTL,20111117,1.9,1.95,1.8,1.85,3054
VIVIMEDLAB,20111117,268.15,268.15,256.05,258.95,9265
VLSFINANCE,20111117,10,10.55,10,10.15,8783
VOLTAMP,20111117,521,539,508.3,527.25,13884
VOLTAS,20111117,89.95,91,88.1,88.5,980022
VSTIND,20111117,1126,1164.95,1115,1141.1,8425
VSTTILLERS,20111117,508,508,500,500.2,879
VTL,20111117,199,199,193.6,194.95,3493
VTXIND,20111117,12.85,13.7,12,12.95,871
WABAG,20111117,354.9,354.9,335.9,339.75,2264
WABCOINDIA,20111117,1298,1322.95,1245,1260.3,1440
WALCHANNAG,20111117,79.9,81.4,76.75,77.7,31253
WANBURY,20111117,22.1,22.1,21.05,21.3,4137
WEBELSOLAR,20111117,23.85,23.85,20.6,21.55,18906
WEIZFOREX,20111117,60.05,61.35,60.05,61.35,24
WEIZMANIND,20111117,8,8.15,7.75,8.15,437
WELCORP,20111117,86,86.75,81.05,81.8,780548
WELGLOB,20111117,56.55,56.55,56.55,56.55,405
WELINV,20111117,41.4,41.55,41.4,41.45,24
WELPROJ,20111117,32.5,33.45,30.1,30.9,5901
WENDT,20111117,1560.15,1599.75,1547,1554.8,105
WHEELS,20111117,292.05,319.9,291,314.8,33940
WHIRLPOOL,20111117,182.6,187.5,181.45,186.2,46687
WILLAMAGOR,20111117,46.9,49.05,45.05,45.15,817
WINDMACHIN,20111117,16.5,16.5,15.8,16,6592
WIPRO,20111117,371.55,378.1,363.1,367.65,1477885
WOCKPHARMA,20111117,398.7,400.7,383.3,384.95,118358
WSI,20111117,15.8,15.8,15.15,15.4,701
WSTCSTPAPR,20111117,57.1,59.8,57.1,58,32186
WYETH,20111117,982.05,993.4,966.45,974.8,2802
XLENERGY,20111117,6.2,6.95,6.15,6.25,13659
XPROINDIA,20111117,51.1,52.45,50.7,51.05,6557
YESBANK,20111117,270.2,278.8,265.65,271.6,3055422
ZEEL,20111117,114.15,115.7,113.2,114.15,1123190
ZEELEARN,20111117,17.5,17.5,16.65,16.85,233557
ZEENEWS,20111117,11.5,11.5,11,11.05,148786
ZENITHBIR,20111117,4.4,4.5,4.2,4.2,75497
ZENITHCOMP,20111117,13.4,13.4,12.8,12.8,3204
ZENITHINFO,20111117,47.35,47.35,43.75,43.8,5643
ZENSARTECH,20111117,126.65,128,117.65,121.55,14268
ZICOM,20111117,35,36,35,35.7,4396
ZODIACLOTH,20111117,214,214,210.15,213,1466
ZODJRDMKJ,20111117,23.5,23.5,23.5,23.5,8
ZUARIAGRO,20111117,537.7,552.95,526.1,533.7,3704
ZYDUSWELL,20111117,475,484,458,467.65,8508
ZYLOG,20111117,447.95,452.75,440,440.25,33777
NSENIFTY,20111117,5027.10,5036.80,4919.45,4934.75,149238976,5277.65
NIFTYJUNIOR,20111117,9458.30,9474.00,9286.40,9313.40,74701160,1279.64
BANKNIFTY,20111117,9049.30,9124.90,8899.65,8930.90,16656129,1342.72
NSEMIDCAP,20111117,6798.65,6809.60,6678.90,6691.05,214091597,1529.67
NSEIT,20111117,6090.75,6121.05,6034.75,6065.10,19459082,807.31
NSE100,20111117,4899.50,4907.05,4798.30,4811.80,223940136,6557.29
NSE500,20111117,3963.75,3969.70,3885.25,3894.75,565230956,9109.41
MIDCAP50,20111117,1979.80,1987.50,1939.40,1944.50,124103248,918.33
VIX,20111117,25.04,27.27,24.73,26.92,25.04,1.88
