20MICRONS,20111017,62,62,55.55,57.05,121537
3IINFOTECH,20111017,26.7,27.05,26.3,26.4,484179
3MINDIA,20111017,4285,4389.95,4285,4355.35,360
A2ZMES,20111017,198.7,198.7,191,191.6,94189
AANJANEYA,20111017,416.6,416.65,402,403.9,52571
AARTIDRUGS,20111017,97,104.95,97,99.9,1554
AARTIIND,20111017,46.2,46.95,46.2,46.35,5225
AARVEEDEN,20111017,35.35,36,33.3,34,4034
ABAN,20111017,408.9,413.95,403,405.75,630677
ABB,20111017,665.1,695,665.1,678.4,76856
ABBOTINDIA,20111017,1456.05,1460,1431.55,1437.35,942
ABCIL,20111017,96,99.9,95.35,96.05,815
ABGSHIP,20111017,407.05,407.1,400,405.15,127418
ABHISHEK,20111017,9.75,9.75,9.3,9.3,350
ABIRLANUVO,20111017,889.9,898.95,882.55,887.4,53110
ACC,20111017,1119.75,1121.4,1101.55,1111.5,166197
ACE,20111017,42.1,42.95,40.9,41.5,91750
ACKRUTI,20111017,191,194.9,190.1,193.25,2358
ACROPETAL,20111017,15.1,15.45,14.2,14.55,339536
ADANIENT,20111017,473.9,477.95,464.3,466.2,222500
ADANIPOWER,20111017,83.9,84.5,82,82.35,169813
ADFFOODS,20111017,56.65,57.5,56.2,56.9,5543
ADHUNIK,20111017,53,55.5,50.35,53.55,103467
ADORWELD,20111017,145.2,148.5,145.2,146.55,2476
ADSL,20111017,30,30,28.4,28.75,48887
ADVANIHOTR,20111017,35,35.05,34.2,35.05,1955
ADVANTA,20111017,397.95,413,397.95,403.2,86611
AEGISCHEM,20111017,184.1,186,182.75,183.3,4106
AFL,20111017,42.35,43.5,40.5,42.3,11726
AFTEK,20111017,11.1,11.45,11.1,11.2,50422
AGCNET,20111017,147,147,144,144.75,5858
AGRE,20111017,39,41,38.1,40.55,758
AGRODUTCH,20111017,6.95,7.1,6.7,6.8,15953
AHLEAST,20111017,301.05,305,300.2,300.55,2730
AHLUCONT,20111017,113,113,102.5,104.55,2982
AHLWEST,20111017,154.25,154.25,142.05,147.7,264
AHMEDFORGE,20111017,106.4,106.4,102.05,102.85,2864
AIAENG,20111017,311,311.95,308.1,310.05,13299
AJANTPHARM,20111017,305,309.9,304,305.9,3096
AJMERA,20111017,121.1,121.1,117.35,118.6,14508
AKSHOPTFBR,20111017,6.5,6.5,6.2,6.3,5299
AKZOINDIA,20111017,920,927.95,908,913.35,1637
ALBK,20111017,156.8,156.8,153.5,153.85,299189
ALCHEM,20111017,258.5,258.85,258.05,258.5,104344
ALEMBICLTD,20111017,18.5,18.75,18.25,18.3,21716
ALFALAVAL,20111017,2238.15,2275,2202.2,2253.65,7838
ALKALI,20111017,38.6,39.1,38.25,38.5,2842
ALKYLAMINE,20111017,90,90,82.1,84.5,367
ALLCARGO,20111017,143.5,144.95,140.25,141.9,1189
ALLSEC,20111017,13.95,13.95,13.25,13.75,496
ALMONDZ,20111017,22.25,23.75,22.25,23.6,4238
ALOKTEXT,20111017,19.55,19.95,19.25,19.45,3012436
ALPA,20111017,8.05,8.5,8,8.1,2640
ALPHAGEO,20111017,89,91.5,89,90.85,141
AMAR,20111017,114,115.95,114,114.75,37138
AMARAJABAT,20111017,209.6,213.9,205,206.4,17696
AMBIKCO,20111017,179.5,184.45,176,180.45,1875
AMBUJACEM,20111017,149.15,153.7,147.9,152.85,1842415
AMDIND,20111017,19.65,19.65,18.65,18.7,1889
AMLSTEEL,20111017,20.45,20.45,19,20.45,2340
AMRUTANJAN,20111017,773.25,786.8,765.1,768.4,37673
AMTEKAUTO,20111017,137.05,142.35,133.85,141.3,309011
AMTEKINDIA,20111017,137.8,139.4,136,137.85,22567
ANANTRAJ,20111017,53.4,53.4,49.7,49.9,881747
ANDHRABANK,20111017,123.05,123.05,120.65,121.2,114551
ANDHRSUGAR,20111017,98,100.25,98,99.95,9116
ANGIND,20111017,21,21,19.05,19.5,1791
ANIKINDS,20111017,36,36,32.35,34.75,438
ANSALAPI,20111017,35,35.25,34.35,35,69859
ANSALHSG,20111017,37.5,39.2,37.15,37.7,3255
APARINDS,20111017,150.15,153.7,148.55,150.25,1001
APCOTEXIND,20111017,173.85,173.85,165.75,166.15,497
APIL,20111017,549.45,551.4,538,540.1,20480
APLAB,20111017,29.15,31.5,29.15,29.6,108
APLLTD,20111017,39.25,41,39.25,40.8,34243
APOLLOHOSP,20111017,504,505.9,503,504.05,16578
APOLLOTYRE,20111017,57.2,57.2,55.5,55.75,1055626
APPAPER,20111017,167.7,167.85,156.55,161.95,34723
APTECHT,20111017,116.3,122.4,115.4,121,1322192
AQUA,20111017,13.65,14.5,13.3,14.2,27854
ARCHIES,20111017,39.5,39.5,38.3,38.5,18948
AREVAT&D,20111017,217,218.45,212.5,216.45,253599
ARIES,20111017,90.05,95.15,87.5,89.7,13135
ARIHANT,20111017,68.2,68.2,68.2,68.2,100
ARL,20111017,2.15,2.2,2.15,2.15,94931
AROGRANITE,20111017,37.2,37.55,37.2,37.55,337
ARROWTEX,20111017,9.05,9.1,9.05,9.05,88
ARSHIYA,20111017,137.4,148.85,134.95,146.05,309916
ARSSINFRA,20111017,352.6,354.4,317.05,318.65,601485
ARVIND,20111017,107.5,108.3,104.1,104.7,4333771
ASAHIINDIA,20111017,66,66.95,62.25,63,35961
ASAHISONG,20111017,88,89,86.25,86.75,1328
ASAL,20111017,51.5,54,51.5,53.75,1248
ASHAPURMIN,20111017,15.5,17.4,15.5,16.45,9459
ASHCONIUL,20111017,2.1,2.15,2.1,2.1,418
ASHIANA,20111017,145,145,140,144.6,547
ASHOKA,20111017,242.75,259.45,242.75,250.1,2047
ASHOKLEY,20111017,24.85,24.85,24.1,24.3,2859918
ASIANHOTNR,20111017,175.1,178.6,171.05,175.15,1275
ASIANPAINT,20111017,3179.95,3194,3125,3136.7,21559
ASIANTILES,20111017,40,43.55,40,41.65,533
ASIL,20111017,2.3,2.3,2.3,2.3,28
ASSAMCO,20111017,11.3,11.3,10.75,10.9,136506
ASTEC,20111017,34,34.85,33.7,33.85,3563
ASTERSILI,20111017,15.5,15.75,15.35,15.45,4009
ASTRAL,20111017,194.1,200,191.05,197.9,5731
ASTRAMICRO,20111017,31,32.5,30.75,32.35,106198
ASTRAZEN,20111017,1255,1265,1255,1259.25,168
ATFL,20111017,396,402.75,390.75,399.35,1983
ATLANTA,20111017,64.85,64.85,62.5,63.2,32682
ATLASCYCLE,20111017,349.4,349.4,339,340.15,16213
ATNINTER,20111017,1,1,0.9,0.9,6427
ATUL,20111017,210,213.45,207,210.05,18886
AURIONPRO,20111017,130.9,138.95,126.95,135.85,487
AUROPHARMA,20111017,129.7,129.75,125.85,126.2,514770
AUSOMENT,20111017,31,31,31,31,50
AUTOAXLES,20111017,404,404,392.05,392.05,46
AUTOIND,20111017,109.4,110.75,108.5,109.6,6962
AUTOLITIND,20111017,15.95,16,15.6,15.7,894
AVENTIS,20111017,2351,2368.3,2300,2312.9,2586
AVTNPL,20111017,381.1,396.6,381.1,389.75,2197
AXIS-IT&T,20111017,97.4,99.95,96.4,97.15,4818
AXISBANK,20111017,1111.9,1132.8,1108.25,1121.85,1809829
AXISGOLD,20111017,2645,2649.5,2625,2637.05,382
BAGFILMS,20111017,5.6,5.8,5.4,5.5,174714
BAJAJ-AUTO,20111017,1648,1662.65,1626.25,1654.35,320667
BAJAJCORP,20111017,101,102.7,99.5,99.95,258114
BAJAJELEC,20111017,195.05,198.7,195,198.05,79612
BAJAJFINSV,20111017,526.2,538.65,525,532.4,76805
BAJAJHIND,20111017,38.4,38.7,37.9,38.3,1993431
BAJAJHLDNG,20111017,734,744,729.95,731.65,23009
BAJFINANCE,20111017,672,697,668,689.5,17929
BALAJITELE,20111017,33,33,30,31,143988
BALAMINES,20111017,34.05,35.8,34.05,34.45,449
BALKRISIND,20111017,171.3,178.05,171.2,175.6,5933
BALLARPUR,20111017,27.95,29.4,27.45,28.55,886083
BALMLAWRIE,20111017,596.6,598,570.05,590.65,7487
BALPHARMA,20111017,22.2,22.2,21.5,21.65,243
BALRAMCHIN,20111017,49.25,51.95,49.2,51.25,2413261
BANARISUG,20111017,599.95,599.95,575,575.05,1771
BANCOINDIA,20111017,74,74.95,72.05,73.9,5215
BANG,20111017,21.75,22.85,21.5,21.75,1765
BANKBARODA,20111017,779.5,779.5,751.55,759.9,132941
BANKBEES,20111017,977.6,984.84,972.95,979.63,818
BANKINDIA,20111017,341.8,346,338,339.25,380143
BANSWRAS,20111017,89.5,89.9,88,88.5,5423
BARTRONICS,20111017,53.05,53.7,51.9,52.25,48748
BASF,20111017,625,625,607.05,614.5,5054
BASML,20111017,62.75,66.5,62.75,63.9,3568
BATAINDIA,20111017,688.4,697,683.2,692.25,331770
BATLIBOI,20111017,16.5,17.95,16.05,17.95,57
BAYERCROP,20111017,840.25,855.9,831,842.6,11475
BBL,20111017,748,750,730.05,732.95,992
BBTC,20111017,409,449,409,446.95,960
BEDMUTHA,20111017,108.5,109.8,103.1,106.15,34309
BEL,20111017,1540,1540,1524,1529.95,19828
BELLCERATL,20111017,12.75,12.75,12.55,12.65,1169
BEML,20111017,519.8,521.95,506.1,508.8,91147
BEPL,20111017,24.5,24.95,24,24.45,5423
BERGEPAINT,20111017,101.3,102.1,97.6,98.45,180188
BFINVEST,20111017,52.1,53.5,50.6,51.75,5457
BFUTILITIE,20111017,474.9,478.8,465.25,468.1,140304
BGLOBAL,20111017,13,13.15,12.6,12.7,27535
BGRENERGY,20111017,339.4,340,322.4,330.85,323688
BHAGWATIHO,20111017,76.4,76.8,75,75.1,3484
BHAGYNAGAR,20111017,14.5,16.7,14.5,15.8,59228
BHARATFORG,20111017,291,294.95,283.5,284.2,239065
BHARATGEAR,20111017,45.7,47.4,45.25,46.9,2217
BHARATRAS,20111017,114.5,114.5,102.85,109.5,113
BHARTIARTL,20111017,381.45,386.85,377.15,380.05,2473417
BHARTISHIP,20111017,92.9,95.7,92.35,94.4,128853
BHEL,20111017,335.95,337.2,325,325.6,1165516
BHUSANSTL,20111017,328.05,332.7,325.1,328,133517
BIL,20111017,55.25,56.7,51.55,52.15,5948
BILPOWER,20111017,81.2,83.5,80.5,83,965
BIMETAL,20111017,250,255,250,254.75,5
BINANIIND,20111017,128.05,141.3,127.5,135.7,78586
BINDALAGRO,20111017,60.25,61.35,59.7,60.15,103089
BIOCON,20111017,349.75,352.7,347.2,349.95,142239
BIRLACORPN,20111017,323,325.9,318,318.3,1599
BIRLACOT,20111017,0.4,0.4,0.35,0.35,223369
BIRLAERIC,20111017,12.6,13.45,12.6,13,1043
BIRLAPOWER,20111017,0.65,0.7,0.65,0.65,1707547
BLBLIMITED,20111017,3.35,3.35,3.35,3.35,1750
BLISSGVS,20111017,22,22.45,21.95,22.2,29677
BLKASHYAP,20111017,11.65,12.7,11.2,12.45,741261
BLUECHIP,20111017,0.9,0.9,0.85,0.85,3500
BLUEDART,20111017,1650,1650,1590,1598.5,650
BLUESTARCO,20111017,228,235,220.05,221.25,30679
BLUESTINFO,20111017,69.1,71.85,69.1,69.15,1207
BOC,20111017,316,322.45,315,320.2,41354
BODALCHEM,20111017,19.25,20.5,19.25,20,340
BOMDYEING,20111017,390.75,393.2,381.15,384.15,146252
BOSCHLTD,20111017,7059,7099,7048.1,7074,5223
BPCL,20111017,654.45,657.9,629.45,632.45,394176
BPL,20111017,20.8,20.9,20.2,20.3,18080
BRANDHOUSE,20111017,15.35,15.35,15,15.35,12172
BRFL,20111017,276,281.85,276,278.45,2261
BRIGADE,20111017,64,65,63.75,64.15,7302
BRITANNIA,20111017,451,452.8,445,448.1,7411
BROADCAST,20111017,7.7,7.7,7.25,7.25,120
BROOKS,20111017,25.05,25.45,23.7,23.7,87599
BSELINFRA,20111017,3.5,3.65,3.5,3.6,15877
BSL,20111017,20.75,23,20.75,22.9,4060
BSLGOLDETF,20111017,2671.05,2700,2671.05,2700,16
BSLNIFTY,20111017,50,51,50,51,1156
BSTRANSCOM,20111017,98.45,99.5,97,97.95,10301
BVCL,20111017,13.35,13.6,13.35,13.6,106
CADILAHC,20111017,758.9,777.95,755.05,765.45,89968
CAIRN,20111017,289.9,300,289.1,298.6,2871244
CAMBRIDGE,20111017,23,23,22.2,22.9,428
CAMLIN,20111017,48.75,51.25,47.5,48.75,1121548
CANBK,20111017,462,463.65,452.2,457,371599
CANDC,20111017,110.1,114.9,110.1,112.25,16592
CANFINHOME,20111017,97.5,104.75,97.5,102.25,129098
CANTABIL,20111017,24.35,24.75,24.3,24.35,2575
CARBORUNIV,20111017,148,159.95,148,156.35,14544
CAROLINFO,20111017,151.75,154.5,151.75,154.4,415
CASTROL,20111017,471.9,478.4,467.7,473.65,24486
CCCL,20111017,19.05,19.05,18.4,18.55,6595
CCL,20111017,170.15,172.2,166.25,167.6,7490
CEATLTD,20111017,75.25,76.85,74.85,75.2,21910
CEBBCO,20111017,41.9,43.9,39.4,39.7,86552
CELEBRITY,20111017,5.9,6.45,5.9,6.05,1245
CELESTIAL,20111017,24,24,22.9,23.2,7143
CENTENKA,20111017,151,153.95,148.15,150.05,4767
CENTEXT,20111017,3,3,2.8,2.85,12789
CENTRALBK,20111017,103.6,104.95,103.45,103.75,206040
CENTUM,20111017,73.65,73.65,70,73.45,534
CENTURYPLY,20111017,62,62,59.55,60.15,2421
CENTURYTEX,20111017,318.35,318.4,305.45,308.85,346055
CERA,20111017,200,203,200,203,927
CESC,20111017,272.9,275.55,270.2,273.1,103680
CHAMBLFERT,20111017,100.95,103.3,99.6,101.35,1786078
CHEMFALKAL,20111017,45.25,45.25,43.2,43.65,238
CHEMPLAST,20111017,5.8,5.8,5.5,5.55,27085
CHENNPETRO,20111017,205,205,199.5,201.2,25682
CHESLINTEX,20111017,11.75,11.85,10.2,10.7,2517
CHETTINAD,20111017,471,475,471,471.35,134
CHOLAFIN,20111017,149,158.5,149,154.35,5318
CIMMCO,20111017,79.9,79.9,79.9,79.9,10
CINEMAX,20111017,35.85,36.35,34.9,35.15,9694
CINEVISTA,20111017,3.4,3.7,3.4,3.5,5385
CIPLA,20111017,289,290.9,284.1,289.8,1533751
CLASSIC,20111017,10.2,10.45,10.1,10.35,3790
CLNINDIA,20111017,717.9,718,700,712.75,1942
CLUTCHAUTO,20111017,34.15,35.3,34.15,34.3,4970
CMAHENDRA,20111017,174.1,185,174.1,181.15,7878
CMC,20111017,774.9,779.9,759,762.3,10922
COALINDIA,20111017,323.95,324.6,318.15,321.15,6312019
COLPAL,20111017,997.9,1005,992.15,1000.05,48775
COMPUAGE,20111017,94.8,94.8,88.3,89.85,1262
CONCOR,20111017,1000,1003.9,970.55,986.3,4367
CONSOFINVT,20111017,59,60.9,58,58.6,2590
CORAL-HUB,20111017,4.3,4.65,4.25,4.3,9867
CORDSCABLE,20111017,30.75,30.75,29.65,29.95,389
COREEDUTEC,20111017,289.9,289.9,284,285.4,100477
COROENGG,20111017,242.3,243,242.2,242.25,300
COROMANDEL,20111017,320,322.65,313,315,109870
CORPBANK,20111017,421,421.85,414.9,416.45,27558
COSMOFILMS,20111017,88,89,87,87.7,5428
COX&KINGS,20111017,213.65,216.45,211,215.35,697557
CPIL,20111017,269.4,290,269.4,275.2,57682
CREATIVEYE,20111017,5.3,5.5,5.3,5.35,1001
CRESTANI,20111017,40,41.75,38.55,39,50391
CREWBOS,20111017,37.1,37.5,36,36.4,25811
CRISIL,20111017,891.9,923.9,868,886,255973
CROMPGREAV,20111017,161.9,168.75,160.35,168.2,1791227
CRONIMET,20111017,127.05,149,127.05,138.7,132771
CTE,20111017,8.35,8.35,7.5,7.95,1643
CUB,20111017,43.5,43.5,43,43.25,83814
CUBEXTUB,20111017,9.85,9.85,9.85,9.85,1000
CUMMINSIND,20111017,408.95,409,401,403.25,33700
CURATECH,20111017,117.9,118,108,109.75,312
CYBERMEDIA,20111017,16.05,16.05,14.65,14.75,428
CYBERTECH,20111017,10.45,10.9,10.35,10.55,10901
DAAWAT,20111017,45.7,45.7,44.1,44.55,11504
DABUR,20111017,100.95,100.95,99.2,99.45,873227
DALMIABEL,20111017,105.4,109.85,105.4,108.1,7531
DALMIASUG,20111017,17,17.35,16.4,17.05,22467
DATAMATICS,20111017,27.9,27.9,27.5,27.5,599
DBCORP,20111017,205,218,205,212.05,9059
DBREALTY,20111017,53,59,50.3,57.9,1019626
DCB,20111017,44,44.4,43.4,43.9,2958787
DCHL,20111017,56,56.2,54.6,55,240533
DCM,20111017,57.9,58,56.45,57.1,10599
DCMSRMCONS,20111017,45,46.15,44.2,45.85,4030
DCW,20111017,8.8,8.95,8.8,8.95,42323
DECCANCE,20111017,135,148,135,148,417
DECOLIGHT,20111017,3.8,3.9,3.7,3.75,5397
DEEPAKFERT,20111017,165.55,165.55,163.3,163.8,25296
DEEPAKNTR,20111017,173,175,173,175,115
DEEPIND,20111017,73.5,77.25,72.5,76.6,8994
DELTACORP,20111017,105.95,105.95,102,103.4,4125068
DEN,20111017,92.7,94.35,86.4,86.4,771190
DENABANK,20111017,77.5,77.75,76,76.45,440799
DENORA,20111017,85,85,85,85,40
DENSO,20111017,60.1,60.1,54.7,55.8,32564
DEWANHOUS,20111017,227,227,222.5,223.5,22010
DHAMPURSUG,20111017,43.25,44.2,42.5,42.75,63443
DHANBANK,20111017,63.5,65,62.05,62.25,901677
DHANUKA,20111017,102.45,103.4,101,101.1,27613
DHARSUGAR,20111017,31.8,31.8,29.5,30.75,12698
DIAPOWER,20111017,105.95,106,102.95,104,5588
DICIND,20111017,226.5,226.5,222.85,223.95,938
DIGJAM,20111017,9,9.05,8.8,9,15618
DISHMAN,20111017,59.2,59.65,57.05,57.4,42299
DISHTV,20111017,80.5,80.95,77.6,78.1,1628191
DIVISLAB,20111017,739,741.8,726.2,729.05,64285
DLF,20111017,232,238.5,231.8,235.85,5011687
DLINKINDIA,20111017,20.05,20.75,19.95,20,3192
DOLPHINOFF,20111017,123.9,127.95,118.55,124.05,64259
DONEAR,20111017,22.4,23.5,21.1,22.9,20669
DPSCLTD,20111017,1950,1950,1922.1,1947.4,90
DPTL,20111017,124,128,119,121.5,3674
DQE,20111017,33.5,33.8,32.75,32.95,2913
DREDGECORP,20111017,237,240,226.9,232.35,5559
DRREDDY,20111017,1525,1530.1,1501,1509,218022
DSKULKARNI,20111017,55.2,56.45,54.75,55.55,5772
DWARKESH,20111017,41,42.9,41,41.4,16482
DYNAMATECH,20111017,1101.15,1140,1100,1110,259
DYNASYS,20111017,0.65,0.75,0.65,0.65,4335
EASTSILK,20111017,5.8,5.9,5.5,5.65,34026
ECEIND,20111017,106.1,108.05,105.15,108.05,93
ECLERX,20111017,790,790,740,751.65,1487
EDELWEISS,20111017,24.75,25.2,24.6,24.8,217488
EDL,20111017,75.6,76.5,71.5,72.55,26913
EDSERV,20111017,95.9,99.7,95,98.2,539396
EDUCOMP,20111017,263,270.7,255.6,267.6,1892987
EICHERMOT,20111017,1649.1,1650,1640,1643.75,25050
EIDPARRY,20111017,227,228.75,223.95,225.9,35353
EIHAHOTELS,20111017,158.9,158.9,151,151.05,393
EIHOTEL,20111017,88.9,88.9,86.55,86.75,34859
EIMCOELECO,20111017,172,177.9,172,175.55,331
EKC,20111017,72.25,73.4,70,70.65,139312
ELDERPHARM,20111017,380,386,377,379.2,52227
ELECON,20111017,71,71.5,70,70.45,10563
ELECTCAST,20111017,28.5,29.2,28.5,28.75,52685
ELFORGE,20111017,10,10.05,10,10,1600
ELGIEQUIP,20111017,71,71,69.05,69.35,11151
ELGIRUBCO,20111017,25,25,23.1,23.4,11007
ELNET,20111017,34,34,32.05,32.05,101
EMAMIINFRA,20111017,32.75,33.7,32.75,33.25,3491
EMAMILTD,20111017,414,419,410.45,412.5,56473
EMCO,20111017,52.1,52.6,51.6,52.1,6383
EMKAY,20111017,46.65,47,46.6,47,1190
EMMBI,20111017,13.95,13.95,13.3,13.3,7004
EMPEESUG,20111017,17.35,18.45,17.35,18.1,5267
ENERGYDEV,20111017,37.1,39.15,36.6,39.1,4664
ENGINERSIN,20111017,245.15,248.2,243,244.5,29580
ENIL,20111017,254.8,255,248.2,249.7,8262
EONELECT,20111017,61.9,61.95,59,59.25,6341
ERAINFRA,20111017,152,152,150.6,150.85,216177
EROSMEDIA,20111017,261.3,274,261.3,272.05,522348
ESABINDIA,20111017,529.75,529.75,520,522.65,1025
ESCORTS,20111017,80.15,81.7,79.15,79.95,1803410
ESL,20111017,6.1,6.1,5.85,5.85,578415
ESSAROIL,20111017,83.55,84.5,80.5,81,690495
ESSARPORTS,20111017,56.05,56.55,54.1,55,86412
ESSDEE,20111017,184.5,191.45,184.5,187,7689
ESSELPACK,20111017,35.25,36.5,35.25,36.3,13475
ESTER,20111017,29.2,30,28.4,28.65,35114
EUROMULTI,20111017,6.65,7.6,6.65,6.85,3730
EUROTEXIND,20111017,17.55,19.5,17.55,19.5,225
EVEREADY,20111017,36,36.35,35.65,35.8,16648
EVERESTIND,20111017,149,151.5,148.7,150.4,10509
EVERONN,20111017,373.05,374.95,369.4,372.15,57820
EXCELCROP,20111017,151,151,145.8,147.05,11395
EXCELINDUS,20111017,67,67,65,65,510
EXCELINFO,20111017,13.85,13.85,12.9,13.5,550238
EXIDEIND,20111017,134.1,138.5,132.5,137.85,1970989
FACT,20111017,34.2,35.4,33.35,34.15,36923
FAGBEARING,20111017,1252,1254.4,1233,1250.55,2385
FAME,20111017,47.75,49.8,47,48.4,14742
FARMAXIND,20111017,3.15,3.15,2.95,2.95,51857
FCH,20111017,137.95,140.4,136,139,43709
FCSSOFT,20111017,0.6,0.6,0.55,0.55,443676
FDC,20111017,93,103,92.1,95.1,115699
FEDDERLOYD,20111017,64.1,65.9,62.65,63.1,2715
FEDERALBNK,20111017,391.9,396.75,383.3,385.4,152025
FIEMIND,20111017,157,161.5,155,160.35,895
FILATEX,20111017,41,41.25,40.2,40.2,10550
FINANTECH,20111017,730,730.05,701.1,704.65,182501
FINCABLES,20111017,37.95,38.15,37.3,37.35,22532
FINPIPE,20111017,65,65.5,63.5,63.7,27544
FIRSTLEASE,20111017,73.3,73.3,72.1,72.35,2646
FKONCO,20111017,116,116,109.55,111.25,12749
FMGOETZE,20111017,228.85,230,227.4,228.65,826
FORTIS,20111017,125.8,125.8,122.85,123.5,321350
FOSECOIND,20111017,526,535,525,532.4,477
FSL,20111017,11.4,11.6,11.2,11.3,572648
FTCSF5YDIV,20111017,10.9,10.9,10.9,10.9,2000
FUTUREVENT,20111017,9.3,9.3,8.9,8.95,238766
GABRIEL,20111017,41.5,42,40.15,40.75,9036
GAEL,20111017,23.1,23.75,23,23.05,7869
GAIL,20111017,415.1,418,408.05,409.6,544492
GAL,20111017,21.3,22.65,20.65,22.65,157296
GALLANTT,20111017,23,24,21.2,23.8,141022
GAMMNINFRA,20111017,13.9,14.25,13.65,13.7,60897
GAMMONIND,20111017,69,69,66.3,66.9,20118
GANDHITUBE,20111017,120.8,127,120.55,127,1894
GANESHHOUC,20111017,120.55,122.7,120.55,121.15,85
GANGOTRI,20111017,4,4.45,4,4.4,1659
GARDENSILK,20111017,74.5,75.45,74,74.05,13040
GARWALLROP,20111017,53.4,54.1,53.4,53.55,1475
GATI,20111017,56,56.1,54.25,54.55,451007
GAYAPROJ,20111017,142.5,142.5,137.15,140.35,14519
GDL,20111017,146.5,148.4,144.2,145.15,214270
GEECEE,20111017,30.45,30.6,30.45,30.55,970
GEINDSYS,20111017,137.4,137.4,131.45,131.65,3536
GEMINI,20111017,20.65,21.75,20.5,20.65,9265
GENESYS,20111017,198,198.95,193.05,196.9,3795
GENUSPOWER,20111017,14,14.2,13.75,13.95,18214
GEODESIC,20111017,53.3,53.8,52.05,52.2,56150
GEOJITBNPP,20111017,19.25,19.7,18.4,18.5,82161
GEOMETRIC,20111017,45,45.1,43,44.45,32051
GESHIP,20111017,248.95,249.65,240.25,241.55,557699
GHCL,20111017,37.35,37.5,37,37.15,27343
GICHSGFIN,20111017,93.25,94.7,92.25,92.7,94791
GILLANDERS,20111017,89,89.55,85.4,85.6,2050
GILLETTE,20111017,2060,2079.95,2030.7,2040.6,467
GINNIFILA,20111017,7.6,7.9,7.4,7.6,12757
GIPCL,20111017,80.5,81.15,79.05,80.4,4533
GISOLUTION,20111017,13,13.65,12.15,12.9,2390
GITANJALI,20111017,368,370.95,364.15,368.95,1311264
GKB,20111017,39.85,39.85,37.5,38.6,201
GKWLIMITED,20111017,451,451,450,450,48
GLAXO,20111017,2061.95,2093,2050,2075.05,9638
GLENMARK,20111017,299.9,299.9,286.05,292.8,840720
GLFL,20111017,2.85,3.05,2.85,2.95,2100
GLOBALVECT,20111017,20.2,20.75,19.6,20.4,553
GLOBOFFS,20111017,83,83,78.05,79.9,1790
GLOBUSSPR,20111017,113.5,113.5,108,111.5,31467
GLODYNE,20111017,374.5,378.75,363.6,366.45,90145
GLORY,20111017,3.4,3.7,3.4,3.6,80847
GMBREW,20111017,89.85,91,89.5,90.3,1475
GMDCLTD,20111017,166.4,166.4,161.2,164.2,71236
GMRINFRA,20111017,26.2,26.45,25.5,25.7,3101224
GNFC,20111017,90,91.5,89.4,89.8,35568
GOACARBON,20111017,83.45,84,80.8,81,4197
GODFRYPHLP,20111017,3529,3864,3529,3594.7,6372
GODREJCP,20111017,401,401,390,391.4,130577
GODREJIND,20111017,196.8,197.8,194.6,196.7,217430
GODREJPROP,20111017,672.5,683,665,668.35,3512
GOENKA,20111017,36.8,36.8,35.3,35.8,6417
GOKEX,20111017,86.25,88.95,86.25,86.9,251
GOKUL,20111017,85.6,90,85.6,88.95,5083
GOLDBEES,20111017,2574.85,2574.85,2559.1,2569.05,111977
GOLDENTOBC,20111017,57.3,57.7,55.9,56.7,11465
GOLDIAM,20111017,35.75,35.75,33,33.6,1628
GOLDINFRA,20111017,12.45,13.4,12.45,13,910
GOLDSHARE,20111017,2590,2590,2570,2578.05,5041
GOLDTECH,20111017,6.75,7.15,6.75,7,1585
GPIL,20111017,111.1,113.5,110.65,111.1,21675
GPPL,20111017,69.3,71.85,68.7,69.05,19152
GRABALALK,20111017,18.9,19.65,18.65,18.7,576
GRANULES,20111017,68.8,74.9,68.8,70.55,120202
GRAPHITE,20111017,77.65,78.05,76.1,76.3,9648
GRASIM,20111017,2381,2389,2330,2335.5,42362
GRAVITA,20111017,479,490.95,471.1,484.55,286428
GREAVESCOT,20111017,91,92.5,89.5,90,46067
GREENPLY,20111017,201,205,200,204.55,122
GREENPOWER,20111017,15.05,15.1,14.6,14.85,305400
GRINDWELL,20111017,237,237,233,233,328
GRUH,20111017,510.1,548,510.1,537.8,2795
GSFC,20111017,444,446.4,436,437.25,23477
GSKCONS,20111017,2360.3,2364.5,2329.95,2338.45,2303
GSLNOVA,20111017,2.65,2.65,2.6,2.6,147
GSPL,20111017,103,104,99,99.75,1293040
GSS,20111017,130,131.45,130,130.25,911
GTL,20111017,54.5,55.45,53.4,53.85,1256153
GTLINFRA,20111017,11.3,11.6,11.2,11.2,658563
GTNIND,20111017,15,15,13.05,13.15,2222
GTNTEX,20111017,11,14.35,11,13.5,2778
GTOFFSHORE,20111017,117.75,119.95,115.65,116.1,53741
GUFICBIO,20111017,6.7,7,6.5,6.95,26479
GUJALKALI,20111017,142,143.9,141.1,142.05,11868
GUJAPOLLO,20111017,128.25,130.95,127.1,130,3436
GUJFLUORO,20111017,602,602,534.95,540.25,25692
GUJNRECOKE,20111017,23.15,23.55,23.05,23.45,1569641
GUJNREDVR,20111017,16.7,17.25,16.7,17.1,18759
GUJRATGAS,20111017,416,418.1,412.1,413.4,8027
GUJSIDHCEM,20111017,9.35,9.35,8.75,8.9,31100
GULFOILCOR,20111017,71.95,72.6,71.45,71.85,19294
GVKPIL,20111017,17,17,14.8,14.9,4336540
HALONIX,20111017,59.25,59.25,57.55,58.7,537
HANUNG,20111017,114.65,115.5,111.85,113.35,136924
HARITASEAT,20111017,62.25,70,62.05,64,422
HARRMALAYA,20111017,76.95,81.35,75.5,80.35,37115
HATHWAY,20111017,122,134.7,121.6,124.6,3109639
HAVELLS,20111017,345.75,354,344.05,351.7,85676
HBLPOWER,20111017,18.15,18.5,18.15,18.15,6688
HBSTOCK,20111017,12.75,13,12.75,13,425
HCC,20111017,27.75,27.8,26.9,27.45,2021464
HCIL,20111017,49.9,50.15,49,49.15,5719
HCL-INSYS,20111017,62.8,63.65,61.35,61.5,195104
HCLTECH,20111017,443,445,432.1,440.1,1102099
HDFC,20111017,670.5,677.65,664.5,673.45,2443546
HDFCBANK,20111017,476.6,480.5,472.35,478.05,1771816
HDFCMFGETF,20111017,2627,2636.85,2621.15,2632.25,2559
HDIL,20111017,98,101.25,97.15,98.6,4805577
HEG,20111017,210,212.9,208.05,209.4,197080
HEIDELBERG,20111017,35.5,35.8,34.1,34.4,53734
HELIOSMATH,20111017,24.55,25,24.5,24.75,1671
HERCULES,20111017,259,260.65,254.15,256.65,21695
HERITGFOOD,20111017,178.85,185,175,181.75,1382
HEROMOTOCO,20111017,2004,2027.6,1975.1,1992.8,224721
HEXAWARE,20111017,89.45,91.3,88.5,89.95,1575758
HFCL,20111017,13.4,14.35,12.85,13.6,3496562
HGSL,20111017,313.7,313.7,302.9,303.45,4420
HIKAL,20111017,280,284,277.1,281.75,471
HILTON,20111017,15,15,14.15,14.15,190
HIMATSEIDE,20111017,32.9,33,32.7,32.85,10541
HINDALCO,20111017,129.8,131.35,128.25,130.2,10238349
HINDCOMPOS,20111017,481.75,495,481.7,490,144
HINDCOPPER,20111017,219,220.8,217.05,217.95,16295
HINDDORROL,20111017,38.3,38.65,37.5,37.65,54280
HINDMOTORS,20111017,13,13.25,12.9,13,94684
HINDNATGLS,20111017,181,181.5,178.65,181.25,401
HINDOILEXP,20111017,112.2,112.2,108.55,109.65,319217
HINDPETRO,20111017,349.5,359,336.55,337.4,1289045
HINDUJAFO,20111017,67,67,66.95,66.95,4
HINDUJAVEN,20111017,332.95,346,329,340.95,21345
HINDUNILVR,20111017,333.8,335,330.05,333.9,1310537
HINDZINC,20111017,121.5,122.7,121.2,122.15,830522
HIRECT,20111017,43.65,44,43.65,44,263
HITACHIHOM,20111017,167,168.7,164.05,164.7,13950
HITECHGEAR,20111017,129.95,135.5,129.95,134.95,1023
HITECHPLAS,20111017,80,80,79.5,79.5,33
HMT,20111017,42.9,44.35,42.2,42.45,155931
HMVL,20111017,132.1,133,128.95,130.8,3148
HNGSNGBEES,20111017,1230,1275,1230,1254.99,31
HOCL,20111017,23.9,23.9,23.15,23.4,18228
HONAUT,20111017,2585,2618,2583,2599.65,379
HONDAPOWER,20111017,382,382.2,357.9,360.2,10899
HOPFL,20111017,53,53.5,52,52.05,808
HORIZONINF,20111017,284,300,283.8,293.8,731
HOTELEELA,20111017,39.9,39.9,38.2,38.55,170795
HOTELRUGBY,20111017,5.75,5.75,5.75,5.75,5930
HOVS,20111017,54.1,55.25,54,54.4,7766
HSIL,20111017,195,196.7,191.1,194.45,69941
HTMEDIA,20111017,146,147.5,142.25,143.95,1198
HYDRBADIND,20111017,343.6,359,337.25,356.15,9854
HYDROS&S,20111017,18.25,21,18.25,20.7,1592
IBPOW,20111017,12.1,12.2,11.9,12,275636
IBREALEST,20111017,73.9,74.7,71.55,72.2,2235512
IBSEC,20111017,8.5,8.55,8.2,8.25,175952
IBWSL,20111017,3.8,3.9,3.8,3.9,520684
ICICIBANK,20111017,895,903.1,887.1,898.85,2614024
ICIL,20111017,9.85,9.85,9.05,9.05,102
ICRA,20111017,919,929.95,907.3,912.7,2870
ICSA,20111017,58.65,58.9,56.4,56.85,88012
IDBI,20111017,107,107.7,105.1,105.55,1163684
IDEA,20111017,95.25,97.9,94,96.9,2894178
IDFC,20111017,125.8,125.95,121.2,123.9,3112828
IFBIND,20111017,115,116.5,113.8,114.45,4390
IFCI,20111017,31.9,32.3,31.5,31.7,6900199
IFGLREFRAC,20111017,30.15,33.95,30.15,32.75,823
IGARASHI,20111017,48.75,48.8,41.15,41.95,1093
IGL,20111017,411.65,413.2,391.05,395.8,400725
IITL,20111017,136.85,136.85,136.85,136.85,50
IL&FSENGG,20111017,94.95,95.8,92.5,93.35,15102
IL&FSTRANS,20111017,200.4,211.9,200.3,208.9,13857
IMFA,20111017,342,354.7,330,335.05,1758
IMPAL,20111017,620,620,612,615,169
IMPEXFERRO,20111017,7.45,7.45,7,7.35,105
INDBANK,20111017,7.95,8.25,7.75,7.8,13438
INDHOTEL,20111017,68.7,69.3,68.35,68.5,287123
INDIABULLS,20111017,173,174.75,170,171.3,299706
INDIACEM,20111017,76.2,76.9,75.15,75.95,414964
INDIAGLYCO,20111017,129.65,133.85,129.65,131.85,11875
INDIAINFO,20111017,72.45,73.1,71.6,72.55,59397
INDIANB,20111017,206.9,209.95,206.2,208.55,104414
INDIANCARD,20111017,86.5,91,86.5,88,1115
INDIANHUME,20111017,120,120,116.1,116.1,453
INDLMETER,20111017,70,70,70,70,48
INDNIPPON,20111017,166,166,161.4,162.2,459
INDOCO,20111017,409,409,396.1,396.1,123
INDORAMA,20111017,33.35,33.35,32.45,32.95,7081
INDOSOLAR,20111017,8.6,8.9,8.6,8.8,123647
INDOTECH,20111017,119.5,120,116.4,117.2,1432
INDOWIND,20111017,10.5,10.9,10.35,10.5,928422
INDRAMEDCO,20111017,35,35,34.25,34.45,2469
INDSWFTLAB,20111017,83.15,85.5,83.1,83.9,65535
INDSWFTLTD,20111017,30.1,30.4,29.5,29.7,15125
INDTERRAIN,20111017,123.95,123.95,118.35,118.85,616
INDUSFILA,20111017,14.25,14.4,13.8,13.95,97239
INDUSINDBK,20111017,264.8,270.9,264.8,269.8,1321097
INEABS,20111017,606,640,606,634.25,6201
INFINITE,20111017,96.75,98.5,96.7,97,5416
INFODRIVE,20111017,9.7,9.7,9.7,9.7,9
INFOMEDIA,20111017,11.05,11.4,10.95,11.05,2219
INFOTECENT,20111017,113,121,113,117.45,36693
INFRABEES,20111017,267,267,262.2,263.1,89
INFY,20111017,2761.1,2764.9,2720.2,2746.55,1768187
INGERRAND,20111017,510,517.85,499.4,500.15,18682
INGVYSYABK,20111017,316.95,323.5,310.5,312.65,75875
INNOIND,20111017,94.85,94.85,91.5,93,4557
INOXLEISUR,20111017,54,55.65,53.2,54.35,70018
INSECTICID,20111017,369,373.7,360,366.35,11926
INVENTURE,20111017,152.55,152.55,148.15,148.3,2019
IOB,20111017,100.8,100.8,99,99.4,217312
IOC,20111017,306,307,291.3,292.85,942490
IOLCP,20111017,28.75,31.9,28.75,31,310
IOLN,20111017,7.95,8,7.45,7.55,2970
IPCALAB,20111017,238.9,242.85,235.2,237.25,352849
IPGETF,20111017,2661,2674.9,2631.8,2657.55,291
IPRINGLTD,20111017,60.1,60.1,60.1,60.1,5
IRB,20111017,170.1,173.9,165,172.8,12156042
ISFT,20111017,51.95,51.95,50.75,51,3730
ISMTLTD,20111017,31.55,32.25,31.55,31.85,27843
ITC,20111017,204.65,206.2,203.5,205.75,4572075
ITDCEM,20111017,149.5,151.95,148,149,1149
ITI,20111017,22.75,23.9,22.25,22.45,136427
IVC,20111017,28.1,29.4,26.75,27.7,48535
IVP,20111017,50.7,50.7,49.7,49.7,550
IVRCLAH,20111017,31.15,32,30.7,31.35,55642
IVRCLINFRA,20111017,38.6,39.25,36.5,36.9,2890026
J&KBANK,20111017,809.75,812,804,810.05,9293
JAGRAN,20111017,105,106.8,101.1,102.7,135512
JAGSNPHARM,20111017,12,12.5,12,12,1375
JAIBALAJI,20111017,99,100,98,98.8,11984
JAICORPLTD,20111017,82.95,83.05,80.85,81.75,259760
JAINSTUDIO,20111017,7.85,7.9,7.8,7.9,314
JAMNAAUTO,20111017,132.05,132.05,132,132,837
JAYAGROGN,20111017,87,87,83.6,84,6404
JAYBARMARU,20111017,57,57,51.4,53.05,10788
JAYNECOIND,20111017,18.4,19.1,18.3,19,47459
JAYSREETEA,20111017,148,148.25,145,145.3,14613
JBCHEPHARM,20111017,72,81.25,72,80.15,272916
JBFIND,20111017,124.35,124.4,122.1,122.4,17259
JBMA,20111017,61,61,57.5,60,406
JCTEL,20111017,1.35,1.45,1.3,1.35,1254839
JENSONICOL,20111017,3.85,4,3.8,3.85,1167
JETAIRWAYS,20111017,246.1,248.6,234,235.75,986455
JHS,20111017,32.2,34.7,32.2,33.75,6588
JIKIND,20111017,5.6,5.9,5.5,5.7,1023
JINDALPHOT,20111017,165.3,165.6,162.2,163.85,25912
JINDALPOLY,20111017,204.05,204.05,200.55,202.85,159250
JINDALSAW,20111017,138.9,138.95,132.3,133.75,110087
JINDALSTEL,20111017,527.8,529,515.05,522.65,1079450
JINDALSWHL,20111017,554.9,554.9,539.95,541.8,19365
JINDCOT,20111017,75,76.8,74.3,75.1,29044
JINDRILL,20111017,315,320,313,313.35,22877
JINDWORLD,20111017,104.2,107.7,104,104.2,3609
JISLJALEQS,20111017,140,141,135.15,135.95,1051404
JKCEMENT,20111017,108.5,109.8,107.55,108.1,3331
JKIL,20111017,146,151.8,142.95,147.3,44586
JKLAKSHMI,20111017,41.25,41.6,41.25,41.5,22236
JKPAPER,20111017,40.5,41.45,38.9,39.65,360123
JKTYRE,20111017,69.9,70,69,69.35,95765
JMCPROJECT,20111017,122,126.5,120.15,122.55,2086
JMFINANCIL,20111017,16.5,16.7,16.25,16.3,256104
JMTAUTOLTD,20111017,55.05,58,53.05,55.95,11367
JOCIL,20111017,130,132.95,130,131.15,983
JPASSOCIAT,20111017,73.85,74.25,71.85,72.2,9625866
JPINFRATEC,20111017,53.05,60.6,53.05,60.55,8858946
JPPOWER,20111017,36.1,38,36.1,37.6,1043076
JSL,20111017,93.3,94.8,91.6,91.95,9489
JSWENERGY,20111017,50.65,52.5,49.9,51.2,2069029
JSWISPAT,20111017,13.1,13.4,13,13.05,1598300
JSWSTEEL,20111017,604,605,576,579.8,1633105
JUBILANT,20111017,199.9,199.9,191.5,196.35,65574
JUBLFOOD,20111017,872,918,872,898.15,1462149
JUBLINDS,20111017,185.5,187.7,184.65,186.4,2163
JUMBO,20111017,16.5,17,16.5,16.6,622
JUNIORBEES,20111017,100,103,99,101.98,40779
JUPITER,20111017,14.65,14.85,14.55,14.6,74157
JVLAGRO,20111017,15,15.5,15,15.2,17872
JYOTHYLAB,20111017,140.6,141,137,140.25,78252
JYOTISTRUC,20111017,63.15,63.9,62.15,62.25,47248
KABRAEXTRU,20111017,41.5,43.6,40.7,41,2248
KAJARIACER,20111017,117.9,118.85,117,118.1,55939
KAKATCEM,20111017,68,68.5,67.95,67.95,260
KALECONSUL,20111017,81.45,82.6,80.35,82,9743
KALINDEE,20111017,114.5,115.5,112,114.3,104753
KALPATPOWR,20111017,100.5,101.9,98.9,99.3,21622
KAMATHOTEL,20111017,93.8,95.5,93.5,93.8,1341
KANORICHEM,20111017,32.4,36.1,32.25,35.15,41780
KANSAINER,20111017,846.7,846.7,838,841.35,1281
KARMAENG,20111017,13.85,13.85,12,12.05,203
KARURKCP,20111017,28.4,28.4,28.4,28.4,4
KARURVYSYA,20111017,365,379.4,365,375.6,75904
KAUSHALYA,20111017,8.1,8.35,7.7,8.25,6949
KAVVERITEL,20111017,139.1,142.5,139,139.15,32335
KBIL,20111017,629.95,630,616.3,630,583
KCP,20111017,24.95,25.25,24.9,25.1,5346
KCPSUGIND,20111017,15.4,15.4,14.65,14.85,13901
KEC,20111017,57.6,60.2,57.2,59.95,106482
KECL,20111017,33,33.1,32.1,32.2,3224
KEI,20111017,15.5,15.75,15.45,15.5,18772
KEMROCK,20111017,505,514.95,505,509.05,9380
KERNEX,20111017,97.5,101.8,96.85,99.85,44260
KESARENT,20111017,55.8,55.95,54.6,55,1258
KESORAMIND,20111017,129,129,124.1,125.25,9961
KFA,20111017,22.25,22.45,21.5,21.75,2205515
KGL,20111017,5.8,5.85,5.5,5.65,1707835
KHAITANELE,20111017,96.1,98.5,94,97.85,613
KHANDSE,20111017,15.25,19.9,15.25,19.5,260
KICL,20111017,502.1,548,502.05,536.7,194
KIL,20111017,13.3,14.4,13.25,14.2,2414
KILITCH,20111017,75.2,75.2,71,71.15,2603
KINETICMOT,20111017,16.55,17.6,16.55,16.85,5519
KIRIINDUS,20111017,129.9,134.75,127.25,128.2,25981
KIRLOSBROS,20111017,144.1,149,133.95,141.8,5540
KIRLOSENG,20111017,127,134,127,132.5,5178
KIRLOSIND,20111017,288.8,288.8,271.5,272.65,230
KITPLYIND,20111017,3.4,3.5,3.4,3.45,269
KKCL,20111017,809.95,819.5,802.1,816.3,457
KLGSYSTEL,20111017,34.1,34.6,33.6,34.2,2305
KMSUGAR,20111017,2.55,2.75,2.5,2.65,4319
KNRCON,20111017,103.25,104.5,102.4,102.65,1071
KOHINOOR,20111017,45.8,45.8,43.3,43.75,57153
KOLTEPATIL,20111017,37.75,38.6,37.6,37.9,18446
KOPDRUGS,20111017,4,4.35,4,4.35,3030
KOPRAN,20111017,21.6,21.95,21.5,21.55,7868
KOTAKBANK,20111017,480.4,480.4,467.5,472.05,360014
KOTAKGOLD,20111017,2585.95,2590,2571,2583.75,81045
KOTAKNIFTY,20111017,522.99,522.99,517,517,228
KOTAKPSUBK,20111017,350.05,351,339,340,6055
KOTARISUG,20111017,6.05,6.25,5.7,6.1,68917
KOTHARIPET,20111017,7.45,7.45,7,7.3,5056
KOTHARIPRO,20111017,496.5,496.5,486.05,488.75,85
KOUTONS,20111017,24,24.55,23.25,23.5,101761
KPIT,20111017,154.4,172.6,154.1,169.95,964590
KPRMILL,20111017,97.4,99,95,95.05,1734
KRBL,20111017,24.8,25.65,24.5,24.85,407074
KRISHNAENG,20111017,3.5,3.5,3.25,3.25,3700
KSBPUMPS,20111017,215,215,208.1,213.1,2610
KSCL,20111017,470.8,472.95,460.1,467.3,17875
KSE,20111017,218.95,219.95,215,217.45,390
KSK,20111017,105,105.9,104.1,105.6,299594
KSL,20111017,50,50.2,49.6,49.9,10153
KSOILS,20111017,10.25,10.25,10,10.1,2649652
KTIL,20111017,70,70,70,70,300
KTKBANK,20111017,85.5,86.4,84.25,84.45,367153
KWALITY,20111017,181.8,186.95,180.25,182.3,1370030
L&TFH,20111017,50.65,52.1,50,51.4,1813344
LAKPRE,20111017,41.35,41.35,39.05,39.5,13
LAKSHMIEFL,20111017,20.6,20.9,19.55,19.75,87261
LAKSHMIMIL,20111017,1690,1690,1690,1690,1
LAKSHVILAS,20111017,91.75,92.45,91.3,92,22011
LANCOIN,20111017,33.25,33.85,33.25,33.6,9495
LAOPALA,20111017,115.6,116,112,113.75,27019
LAXMIMACH,20111017,1950,1965,1936,1950,9849
LCCINFOTEC,20111017,0.5,0.55,0.5,0.5,3002
LGBBROSLTD,20111017,309,314.5,309,310.45,1870
LIBERTSHOE,20111017,85.75,86.9,85,85.3,13273
LICHSGFIN,20111017,232,239.2,232,237.4,3175353
LIQUIDBEES,20111017,999.99,1000.01,999.99,1000,92369
LITL,20111017,15.65,15.7,15.3,15.35,3872572
LLOYDELENG,20111017,48.55,51.4,48.5,50.5,19798
LLOYDFIN,20111017,1,1.05,0.95,1,7824
LLOYDSTEEL,20111017,12.95,13.1,12.7,12.75,62417
LML,20111017,8.6,8.7,8.55,8.6,79118
LOGIXMICRO,20111017,20.65,21.2,19.55,20.35,110223
LOKESHMACH,20111017,44.8,44.8,39,39.75,3373
LOTUSEYE,20111017,10.15,10.4,10.05,10.1,4083
LOVABLE,20111017,450,495.5,450,485.65,510387
LPDC,20111017,2.65,2.85,2.6,2.6,5771
LT,20111017,1417.5,1418.9,1375.35,1380.15,1206890
LUMAXAUTO,20111017,28.5,29,28.05,29,1610
LUMAXIND,20111017,405,405,396.3,403.3,2280
LUMAXTECH,20111017,186.75,190,185,186.1,5987
LUPIN,20111017,458,467,455.4,464.05,660990
LYKALABS,20111017,14.15,14.5,14,14.2,8262
M&M,20111017,811.5,819.45,808.2,812.75,895589
M&MFIN,20111017,634,639.5,624,631.8,9198
M100,20111017,7.95,7.95,7.01,7.11,39815
M50,20111017,66.5,69.57,66.5,68.66,41714
MAANALU,20111017,56.8,56.8,51.65,51.65,71
MADHAV,20111017,18.3,19.5,18.1,18.5,1729
MADHUCON,20111017,69.7,71.5,69.05,69.55,17815
MADRASCEM,20111017,97.6,100,97.5,97.95,15659
MADRASFERT,20111017,22.05,24.4,22.05,24,306867
MAGMA,20111017,69,69,65.6,67.05,23527
MAGNUM,20111017,4.9,5,4.85,4.95,13475
MAHABANK,20111017,47.45,48.85,46.5,46.8,95674
MAHINDFORG,20111017,59.8,60.5,58.5,59,6572
MAHINDUGIN,20111017,47,48.4,46.75,48,7903
MAHLIFE,20111017,297,297.7,292,295.1,10283
MAHSCOOTER,20111017,325,325,319,321.2,738
MAHSEAMLES,20111017,334.95,335,329.05,331.2,40175
MAITHANALL,20111017,103,104,101.4,101.4,125
MALUPAPER,20111017,11.25,11.25,10.65,10.9,722
MALWACOTT,20111017,26.1,29,26.1,28.05,5982
MANAKSIA,20111017,59.35,59.4,57.2,57.9,1286
MANALIPETC,20111017,11.15,11.15,10.8,10.85,28381
MANAPPURAM,20111017,57,58,56,57.2,615047
MANDHANA,20111017,226,231.85,217,228.65,833025
MANGALAM,20111017,14.3,14.5,13.6,14.4,24825
MANGCHEFER,20111017,32.5,32.8,32.1,32.2,91509
MANGLMCEM,20111017,101,102,99.5,99.8,14726
MANGTIMBER,20111017,19,19.15,17.6,19.15,20089
MANINDS,20111017,130.9,130.9,126,128.1,15522
MANINFRA,20111017,128,128,124,124.75,2096
MANJEERA,20111017,89.95,89.95,83.1,83.1,59
MANJUSHREE,20111017,90.35,91.85,89.55,89.95,1413
MANUGRAPH,20111017,49.85,49.85,49.85,49.85,2
MARALOVER,20111017,12.2,12.2,11.5,12.1,326
MARG,20111017,83,84,82.6,83.35,7665
MARICO,20111017,151.05,155.9,150.4,154.4,150494
MARKSANS,20111017,2.4,2.5,2.25,2.25,178580
MARUTI,20111017,1030.55,1065.9,1010,1051.6,1683826
MASTEK,20111017,96,97.4,95.05,95.7,11183
MAWANASUG,20111017,18,18.6,17.55,17.75,8171
MAX,20111017,180,189.65,177.5,180.95,552780
MAXWELL,20111017,29,29,27.1,27.95,21391
MBECL,20111017,128.05,130.95,125,127.85,3159
MBLINFRA,20111017,129.55,131.5,128,128.55,3556
MCDHOLDING,20111017,55.9,57.5,55,55.7,20337
MCDOWELL-N,20111017,871,885,849.6,875.1,252305
MCLEODRUSS,20111017,253,257.45,251.05,253.8,129865
MEGASOFT,20111017,15,15,14.7,14.75,18546
MEGH,20111017,9.1,9.75,9.1,9.4,12458
MELSTAR,20111017,7,7.8,7,7.7,135
MERCK,20111017,600,659.9,600,637.55,1555
MHRIL,20111017,317.1,332,312.1,325.15,418599
MIC,20111017,9.95,10.2,9.55,10,206717
MICROSEC,20111017,30.5,30.5,29.5,29.95,2440
MICROTECH,20111017,130.5,132.45,129.5,131.85,10109
MINDAIND,20111017,182.9,182.9,175,175.6,223
MINDTREE,20111017,385,396,378.5,385,170106
MIRCELECTR,20111017,19.25,19.55,18.95,19.05,19255
MIRZAINT,20111017,21.7,21.7,19.9,20.25,87487
MLL,20111017,26.2,26.8,26,26.15,1028036
MMFL,20111017,98.1,103.6,98.1,102.1,1464
MMFSL,20111017,96.7,96.7,93.05,94.3,5437
MMTC,20111017,662,690,656,673.9,13590
MOIL,20111017,251.2,260.25,251,254.8,403954
MONNETISPA,20111017,491.95,491.95,472.05,475.3,50044
MONSANTO,20111017,820,820,805.45,810.2,2985
MORARJETEX,20111017,13.05,14.45,13.05,14.45,823
MOREPENLAB,20111017,3.9,3.9,3.7,3.75,110843
MOSERBAER,20111017,23,24,22.7,23.4,2133446
MOTHERSUMI,20111017,181.15,181.75,175.5,177.85,31733
MOTILALOFS,20111017,93.95,95.4,90,92.05,215621
MOTOGENFIN,20111017,38.85,40,38.6,38.6,515
MPHASIS,20111017,350,350.7,325.1,340.35,215558
MPSLTD,20111017,36.7,36.7,35.3,36.1,14564
MRF,20111017,6795,6830,6721.15,6748.8,3267
MRO-TEK,20111017,11,11,10.4,10.6,4665
MRPL,20111017,65.3,67.9,65.05,66.75,487636
MSPL,20111017,42.05,43.1,42.05,42.45,4721
MTNL,20111017,31.5,31.5,30.5,30.6,359321
MUDRA,20111017,24.75,24.75,23.35,23.65,14320
MUKANDENGG,20111017,25.5,26.5,24.85,25.55,2311
MUKANDLTD,20111017,32.45,32.9,32.15,32.4,11001
MUKTAARTS,20111017,37.15,38,37.1,38,121
MUNDRAPORT,20111017,156.05,157.6,153.1,155.9,331198
MUNJALAU,20111017,174.4,177.5,172.5,174.8,4143
MUNJALSHOW,20111017,61.05,62.3,61.05,61.7,1571
MURLIIND,20111017,22,23.7,22,23.2,396
MURUDCERA,20111017,16.3,17.5,16.3,17.1,2826
MUTHOOTFIN,20111017,170,171.85,167.1,168.35,92022
MVL,20111017,22.2,23.7,22.2,23.25,434777
MVLIND,20111017,13,13.8,13,13.45,975
MYSOREBANK,20111017,562,568.95,560.5,561.4,651
N100,20111017,110,115,109.27,113.22,25545
NAGREEKEXP,20111017,22.45,24.55,22.4,24.25,217
NAHARCAP,20111017,50.05,50.05,48.5,49.5,1096
NAHARINDUS,20111017,41.2,43.5,41.2,42.55,14
NAHARPOLY,20111017,25.8,25.8,21.5,22,312
NAHARSPING,20111017,62.8,64.75,62.8,64,6365
NANDAN,20111017,2.3,2.35,2.25,2.3,17348
NATCOPHARM,20111017,226,230,220.75,222.2,5281
NATHSEED,20111017,12.15,13.25,12.15,12.45,6243
NATIONALUM,20111017,62.65,63,61.75,62.3,40148
NATNLSTEEL,20111017,16.2,16.95,16.15,16.4,4053
NAUKRI,20111017,685,692,669.95,686.4,31370
NAVINFLUOR,20111017,390,404,388,398.05,48417
NAVNETPUBL,20111017,65.3,65.75,64.6,64.85,36471
NBVENTURES,20111017,178.15,189.9,175.05,176.85,18730
NCC,20111017,57.2,57.8,55.85,56.25,241447
NCLIND,20111017,38.05,38.05,36.15,37.05,6392
NCOPPER,20111017,25.25,26.85,21.5,25.4,58816
NDTV,20111017,50.05,51.3,49.55,49.75,215947
NECLIFE,20111017,23.8,23.9,22.5,23,135313
NELCAST,20111017,26.35,29.4,25,27.1,1641918
NELCO,20111017,53.8,54.6,53.25,53.9,16704
NEPCMICON,20111017,3.25,3.45,3.15,3.15,42505
NESCO,20111017,578.05,585,572,576.3,5576
NESTLEIND,20111017,4218.65,4218.65,4120,4154.7,3909
NET4,20111017,145.05,149.3,144.8,148.5,29708
NETWORK18,20111017,64.5,64.7,60.1,60.65,121132
NEULANDLAB,20111017,90,90,86,86.05,43
NEXTMEDIA,20111017,4.9,5.25,4.9,5.05,6370
NEYVELILIG,20111017,77.3,78.7,77.05,77.6,152282
NFL,20111017,71.8,73.6,70.8,71.6,55879
NHPC,20111017,23.5,23.6,23.15,23.2,1435885
NICCO,20111017,2.3,2.6,2.3,2.45,16475
NIFTYBEES,20111017,523,524.55,515,518.58,72877
NIITLTD,20111017,45.5,52.5,45.5,49.8,2927096
NIITTECH,20111017,213.8,245,213.8,234.3,465311
NILKAMAL,20111017,262.3,268,257.2,264.45,510
NIPPOBATRY,20111017,399.9,400,386.2,388.5,182
NITCO,20111017,48.75,49.75,47.65,47.8,8718
NITESHEST,20111017,17.2,17.65,17,17.45,30850
NITINFIRE,20111017,38.8,38.9,37.1,37.25,162293
NITINSPIN,20111017,5.55,6.8,5.55,6.4,3327
NMDC,20111017,256,256.05,249.05,250.3,168745
NOCIL,20111017,16.2,16.35,16,16.1,70970
NOIDATOLL,20111017,23.25,23.8,22.75,23.25,178825
NORBTEAEXP,20111017,5.55,6.05,5.55,6,1160
NORTHGATE,20111017,12,12.45,11.7,11.9,11576
NOVOPANIND,20111017,42.1,43,42.1,42.2,210
NRBBEARING,20111017,46.5,46.85,45.3,46.2,11885
NRC,20111017,4,4,3.7,3.7,5257
NSIL,20111017,624,624,590.2,597.1,26
NTPC,20111017,173,173.2,167.4,168.25,1602499
NUCHEM,20111017,2.8,3.3,2.8,3.05,21991
NUCLEUS,20111017,66.3,68.9,66.3,68.05,18395
NUMERICPW,20111017,190,193.4,188.05,189.6,1436
NUTEK,20111017,2.35,2.4,2.2,2.25,1993401
OBEROIRLTY,20111017,234.9,244.5,230.55,234.85,179213
OCL,20111017,93.05,93.8,90.25,90.9,2368
OFSS,20111017,2040,2100,2040,2095.35,44678
OIL,20111017,1300,1315.3,1285,1288.55,25255
OILCOUNTUB,20111017,59.55,60.7,59,59.35,1243
OISL,20111017,49.1,49.6,48.5,48.65,8606
OMAXAUTO,20111017,37.95,38.9,36.3,37.9,4046
OMAXE,20111017,140.55,143,138.65,139.35,90260
OMKARCHEM,20111017,68.5,68.5,67.5,67.95,2077
OMMETALS,20111017,32.65,32.65,30,30.6,4207
OMNITECH,20111017,145,145,142.75,144.1,4982
ONELIFECAP,20111017,110,174.8,110,145.95,34056499
ONGC,20111017,267.7,271.5,266.8,269.45,1938039
ONMOBILE,20111017,59.8,59.8,58.1,58.5,143234
ONWARDTEC,20111017,37,39.6,37,37.25,1950
OPTOCIRCUI,20111017,243.85,244.3,238.6,241.15,465310
ORBITCORP,20111017,34.15,34.45,33.6,33.85,63894
ORCHIDCHEM,20111017,173,173.8,166.2,169.45,1040447
ORIENTABRA,20111017,34.7,35.35,34.7,35,41173
ORIENTALTL,20111017,8.15,8.2,7.95,7.95,2879
ORIENTBANK,20111017,304.9,307.8,302.1,305.95,205771
ORIENTCERA,20111017,50,50,50,50,68
ORIENTHOT,20111017,26.9,26.9,26.35,26.5,1262
ORIENTPPR,20111017,59.05,59.8,58.15,58.5,12477
ORISSAMINE,20111017,44100,44100,42260,42571.8,738
OSWALMIN,20111017,45,48.55,44,47.9,497
OUDHSUG,20111017,21.45,21.45,20.6,20.95,6154
PAEL,20111017,22.45,22.45,21.75,22,401
PAGEIND,20111017,2550,2571,2495,2518.8,1444
PANACEABIO,20111017,115,117.75,106.3,114.15,8442
PANAMAPET,20111017,224,226,223.5,224.05,1722
PANASONIC,20111017,101.25,106.7,101.2,104.45,198
PANORAMUNI,20111017,11.2,11.2,10.5,10.55,4480
PANTALOONR,20111017,199.3,199.65,190.85,191.5,385484
PAPERPROD,20111017,75.4,77.4,74.7,75.25,36620
PARABDRUGS,20111017,35.8,35.8,34.4,35.5,13420
PARACABLES,20111017,2.9,2.95,2.85,2.9,20269
PARAL,20111017,254,263.6,242.7,245.25,8791
PARAPRINT,20111017,22.4,22.9,22.2,22.2,8349
PARASPETRO,20111017,0.45,0.5,0.45,0.45,11575
PARRYSUGAR,20111017,74.2,84.7,71,78,28
PARSVNATH,20111017,71.55,71.75,70.6,71.25,976532
PATELENG,20111017,99.9,100.6,97,97.2,298212
PATINTLOG,20111017,32.6,32.95,32.3,32.5,73245
PATNI,20111017,291,294.8,286.6,291.8,97593
PATSPINLTD,20111017,11,12.5,11,12.3,1502
PBAINFRA,20111017,48.4,49,47.05,48.1,5201
PDUMJEPULP,20111017,18.5,18.5,16.05,16.9,1501
PEACOCKIND,20111017,3.25,3.25,3.25,3.25,1
PEARLPOLY,20111017,19.6,19.6,19,19,225
PENIND,20111017,37.55,39.4,37.55,38.5,26817
PENINLAND,20111017,42.05,42.95,41.6,41.9,18893
PEPL,20111017,2.2,2.3,2.2,2.3,12
PERIATEA,20111017,160,178.5,160,176.85,2624
PERSISTENT,20111017,324.4,332.65,317.5,323.45,68146
PETRONENGG,20111017,294,297.9,284,294.1,1652
PETRONET,20111017,156.5,164.9,156.5,163.9,5451856
PFC,20111017,149,151.65,143.8,145.9,1531047
PFIZER,20111017,1380.05,1399,1355,1375.65,3391
PFOCUS,20111017,56.9,57.85,55,56.55,403432
PFS,20111017,15.9,15.9,15.35,15.5,41762
PGEL,20111017,227.55,239,223.5,234.6,132283
PGHH,20111017,1930.05,1935,1912,1926,673
PHILIPCARB,20111017,141,144.4,141,143.5,11297
PHOENIXLTD,20111017,203.95,203.95,196,198.9,12868
PIDILITIND,20111017,161.1,164,161,161.55,18502
PIIND,20111017,625,628,605,609.65,5758
PIONDIST,20111017,46,49,46,49,911
PIONEEREMB,20111017,11.55,11.75,10.55,11.6,750
PIPAVAVDOC,20111017,83.5,85.65,82.05,84.6,2741736
PIRGLASS,20111017,118.1,127.75,118.1,124.85,4317
PIRHEALTH,20111017,350,359.75,350,357.3,38043
PIRLIFE,20111017,93,93,86.35,90.3,25444
PITTILAM,20111017,47,48.95,46.25,48.45,9089
PLASTIBLEN,20111017,166,166,164,164,305
PLETHICO,20111017,369.5,372.95,369,371.3,50842
PNB,20111017,980,983.95,965.35,969.8,141608
PNBGILTS,20111017,23.8,24.05,23.8,23.95,5032
PNC,20111017,13.7,14.2,13.3,14.2,1871
POCHIRAJU,20111017,12.75,13.35,12.75,13.2,6960
POLARIND,20111017,3.95,4,3.95,4,334
POLARIS,20111017,142,145,141.45,143.05,932043
POLYPLEX,20111017,177.7,178.95,173.4,175,20170
PONDYOXIDE,20111017,30.7,30.7,29.3,29.45,6896
PONNIERODE,20111017,80.2,82.65,80,81.5,607
POWERGRID,20111017,98.8,99.2,97.3,97.85,903214
PPAP,20111017,81.5,82.9,79.55,80.6,64
PRADIP,20111017,66.85,78.4,64,76.7,125895
PRAENG,20111017,5.85,6,5.75,5.8,76066
PRAJIND,20111017,78.95,78.95,76.35,77.25,713258
PRAKASH,20111017,49.6,49.85,48.75,48.9,119221
PRAKASHCON,20111017,184.75,191.55,174.2,177.1,788685
PRAKASHSTL,20111017,122.8,122.8,120.1,120.1,787
PRATIBHA,20111017,45,45,43.4,43.9,8263
PRECOT,20111017,105.1,109.7,105.1,109.35,1075
PRECWIRE,20111017,86,90.5,86,89.95,553
PREMIER,20111017,80,80.9,79.15,79.35,3179
PRESTIGE,20111017,104.45,107,102.2,103.4,118638
PRETAILDVR,20111017,148,149.95,145.05,146.95,3163
PRICOL,20111017,16.1,16.1,15.65,15.75,8996
PRIMESECU,20111017,17.25,17.5,16.7,16.75,3947
PRISMCEM,20111017,42.15,42.15,41.25,41.5,146943
PRITHVI,20111017,18.7,19.5,18.7,19,2208
PROVOGUE,20111017,30.9,31.3,30.3,30.45,66338
PSB,20111017,72.4,72.9,71.7,72.25,71125
PSL,20111017,62.5,63.3,62.5,63.05,24751
PSUBNKBEES,20111017,335.9,336.45,326.84,329.29,874
PTC,20111017,71.8,72.5,70.05,70.4,323444
PTL,20111017,39.8,40.9,39.8,40.85,511
PUNJABCHEM,20111017,69.25,76,67,68.5,1483
PUNJLLOYD,20111017,57,57,54.65,54.8,2074526
PURVA,20111017,72.5,74,71.65,72.9,2319
PVP,20111017,5,5.1,4.6,4.9,19268
PVR,20111017,119,125.35,117,117.8,98247
QGOLDHALF,20111017,1286.05,1294.85,1285.1,1287.7,1242
QNIFTY,20111017,470.1,523.2,470.1,518,58
QUINTEGRA,20111017,3,3.05,3,3,452
RADAAN,20111017,2.3,2.3,2.2,2.2,9764
RADICO,20111017,121.5,121.95,120.2,121.1,126310
RAINBOWPAP,20111017,65.5,65.85,64.6,65.3,57282
RAINCOM,20111017,27.25,30.5,27.25,29.3,781062
RAJESHEXPO,20111017,140.65,144.35,140,141.5,797613
RAJOIL,20111017,22.55,22.55,21.1,21.35,11824
RAJPALAYAM,20111017,206,207.65,204,207.65,87
RAJRAYON,20111017,9.3,10,9.3,10,143
RAJSREESUG,20111017,40,44.25,39.25,42.75,30948
RAJTV,20111017,66.5,67.05,65,65.05,9906
RAJVIR,20111017,105,105.3,105,105.3,2
RALLIS,20111017,175,179,173.5,174.1,205367
RAMANEWS,20111017,13.8,14.2,13.25,13.95,27560
RAMCOIND,20111017,42.55,42.65,40.95,41,5425
RAMCOSYS,20111017,59,59.45,58.55,59.4,131
RAMKY,20111017,217.9,220.1,214,215.55,2450
RAMSARUP,20111017,9.75,9.95,8.9,9.25,62790
RANASUG,20111017,4,4.1,3.95,3.95,127434
RANBAXY,20111017,502.6,504.45,493,497.4,246160
RANEENGINE,20111017,185,187,181.05,185.15,211
RANEHOLDIN,20111017,202.1,209.9,199,201.5,684
RANKLIN,20111017,13.5,13.8,12.7,13.45,16103
RATNAMANI,20111017,103.95,104.35,102,102.6,1549
RAYMOND,20111017,338.9,338.9,331.55,333.65,94113
RBL,20111017,117.2,117.2,105.05,111.3,1466
RBN,20111017,68,69.9,65.25,66.3,53622
RCF,20111017,74.55,76.7,74.3,74.8,308513
RCOM,20111017,78.25,78.75,75.75,76.75,4783653
RECLTD,20111017,179,183,173.05,174.1,1877877
REDINGTON,20111017,92,93.5,90,90.4,158632
REFEX,20111017,12,12.45,12,12.05,600
REIAGROLTD,20111017,24.9,24.9,23.85,24.25,112971
REISIXTEN,20111017,24.3,24.3,20.5,20.8,5292
RELAXO,20111017,420.6,459,420.1,446.9,7165
RELBANK,20111017,900,918,900,906.77,94
RELCAPITAL,20111017,351.7,352.9,332,336.35,2703884
RELGOLD,20111017,2535,2535,2501.5,2516.15,33402
RELIANCE,20111017,867,868.85,831.15,833.8,5040808
RELIGARE,20111017,447,447,440,441.4,6235
RELIGAREGO,20111017,2692,2692,2646,2654.25,146
RELINFRA,20111017,426,427.4,415.1,417.8,688791
RELMEDIA,20111017,92.5,93,89.7,91.15,197368
REMSONSIND,20111017,22.95,22.95,22.95,22.95,100
RENUKA,20111017,58.45,59,57.65,58.15,2997774
REPRO,20111017,167.7,173.85,164.15,165.9,52471
RESPONIND,20111017,108,108.25,107.9,107.9,6306
RESURGERE,20111017,0.25,0.3,0.2,0.25,6170958
REVATHI,20111017,349.55,349.55,349.4,349.45,60
RICOAUTO,20111017,11.45,11.7,11.3,11.35,28255
RIIL,20111017,417,418.95,405,409.7,87763
RJL,20111017,93,93.5,88.55,89.25,2830
RKDL,20111017,16.45,16.9,16.45,16.65,9187
RKFORGE,20111017,102.5,102.5,102.15,102.15,201
RMCL,20111017,5.15,6.2,5.15,5.95,4436
RML,20111017,118,118,118,118,1761
ROHITFERRO,20111017,27.65,29.2,27.65,28.6,18578
ROHLTD,20111017,53.75,54.25,53.25,53.45,2353
ROLTA,20111017,76.4,76.7,75.35,75.7,475109
ROMAN,20111017,22,22.4,21.85,22.25,365
RPGLIFE,20111017,80.95,80.95,80,80,1337
RPOWER,20111017,86.15,87.95,85.05,87.15,2534827
RPPINFRA,20111017,70,71.85,66.7,67.45,16697
RSSOFTWARE,20111017,59,61.2,58,58.2,15191
RSWM,20111017,90.5,91.75,89.5,91.15,3418
RSYSTEMS,20111017,100.25,101,100.25,100.4,301
RUBYMILLS,20111017,856,856,830,830,55
RUCHINFRA,20111017,24,24,22.1,22.5,54976
RUCHIRA,20111017,8.5,9.2,8.5,8.55,1949
RUCHISOYA,20111017,110.5,110.8,107.05,108.65,379827
RUSHIL,20111017,165.75,169,163.65,164.4,288668
SABERORGAN,20111017,121,122.2,121,121.55,3224
SADBHAV,20111017,135,136,131.5,131.75,5621
SAGCEM,20111017,137,138,137,138,249
SAHPETRO,20111017,28.65,29.5,28.65,28.75,2411
SAIL,20111017,108.45,108.85,104.8,105.65,2094679
SAKHTISUG,20111017,27.75,27.75,26.8,27.25,67294
SAKSOFT,20111017,67,68.5,64.1,65.8,1608
SAKUMA,20111017,13.3,13.7,13.3,13.65,642
SALORAINTL,20111017,27.5,27.6,24.05,24.05,501
SALSTEEL,20111017,5.35,5.6,5.3,5.45,27358
SAMBANDAM,20111017,77,77,72,75.6,9
SAMBHAAV,20111017,1.15,1.15,1.1,1.15,1268
SANDESH,20111017,280.95,280.95,271,271.2,217
SANGAMIND,20111017,29.5,30.8,29.5,30.1,5630
SANGHIPOLY,20111017,1.4,1.4,1.35,1.35,3200
SANGHVIFOR,20111017,23.9,24.75,23.9,24.1,3690
SANGHVIMOV,20111017,119.8,119.8,116,117.5,8094
SANWARIA,20111017,13.7,15.05,13.55,15.05,212180
SARDAEN,20111017,124.05,127.9,122.55,123.25,17803
SAREGAMA,20111017,69.4,69.9,68.2,68.45,10015
SARLAPOLY,20111017,105.65,112.1,105.65,110,1808
SASKEN,20111017,110,111.4,110,110.15,14422
SATHAISPAT,20111017,36.75,36.75,35.75,35.8,1182
SATYAMCOMP,20111017,75.35,75.9,72.5,73.2,1203318
SAVERA,20111017,37.25,37.25,37.1,37.15,902
SB&TINTL,20111017,16,16.2,15.5,15.55,8132
SBBJ,20111017,397.9,397.9,390,391.75,2595
SBIGETS,20111017,2638,2646,2631,2641.75,5278
SBIN,20111017,1904,1933,1883.15,1891.7,2461262
SBT,20111017,606.9,606.95,600.1,600.75,2586
SCI,20111017,72.25,75,71.8,72,540946
SEAMECLTD,20111017,104.95,105.9,102.7,103.45,1491
SEINV,20111017,106.05,106.05,95.95,96.4,7740
SELAN,20111017,296.5,297.4,282.9,289.5,8252
SELMCL,20111017,12.35,12.75,12.35,12.45,71758
SENTINEL,20111017,14.5,15,14.5,14.95,717
SERVALL,20111017,6.3,6.45,6.3,6.3,34965
SESAGOA,20111017,221.1,222.5,216.75,220,1861348
SEZALGLASS,20111017,2.65,2.65,2.25,2.45,79655
SGFL,20111017,4.55,4.55,4.55,4.55,36
SGJHL,20111017,153.9,159.85,152,158.55,217900
SGL,20111017,3.9,4,3.7,4,11430
SHAHALLOYS,20111017,9.7,9.7,9.25,9.25,928
SHALPAINTS,20111017,522,522.85,485.3,489.5,8839
SHANTIGEAR,20111017,39.2,39.8,38.5,38.65,27906
SHARIABEES,20111017,117.85,117.85,115.9,115.9,1184
SHARRESLTD,20111017,69.9,70.95,59.55,68.1,41831
SHASUNPHAR,20111017,65,65,62.05,62.75,12023
SHILPAMED,20111017,224.45,224.45,224.4,224.45,200
SHILPI,20111017,14.85,15.75,14.5,15.1,84623
SHIV-VANI,20111017,193,195.4,190.85,192.45,3016
SHIVAMAUTO,20111017,123,123,120.05,120.05,231
SHIVTEX,20111017,23.1,26.65,23.1,25.9,15066
SHLAKSHMI,20111017,110.45,111.55,107,109.75,243202
SHOPERSTOP,20111017,360.7,365,355,356.5,1039
SHREEASHTA,20111017,5.9,6.05,5.8,5.9,3045707
SHREECEM,20111017,1833,1853,1822.35,1844.4,4337
SHREERAMA,20111017,4.1,4.35,4.1,4.15,33627
SHRENUJ,20111017,66.25,71,66.25,67.5,22665
SHREYANIND,20111017,21.5,21.5,21.5,21.5,1
SHREYAS,20111017,34.3,34.5,33.25,33.5,1215
SHRIRAMCIT,20111017,529.9,531.9,523,530.05,1696
SHRIRAMEPC,20111017,120.9,120.9,117.65,119.1,1192
SHYAMTEL,20111017,33.8,33.8,33.2,33.4,971
SICAGEN,20111017,19.15,19.95,19.15,19.6,4543
SICAL,20111017,70.1,74.7,70.1,70.95,2761
SIEMENS,20111017,841,847.7,824,825.2,89473
SILINV,20111017,81,85.05,81,83.3,1179
SIMBHSUGAR,20111017,28.2,30.85,28.2,30.35,9820
SIMPLEX,20111017,84.5,89.45,84.5,86.95,299
SIMPLEXINF,20111017,229,231,224.9,225.15,418
SINTEX,20111017,117,119.7,116.5,116.85,1156885
SIRPAPER,20111017,45.15,46.2,45.15,46.2,108
SITASHREE,20111017,7.35,7.7,6.3,6.9,31838
SIYSIL,20111017,275,279.85,270.6,273.45,421
SJVN,20111017,21.9,21.9,21.4,21.65,57282
SKFINDIA,20111017,654,665.95,644,662.8,11741
SKMEGGPROD,20111017,8,8.85,7.65,8.45,20336
SKSMICRO,20111017,215.65,215.65,210,210.8,96023
SKUMARSYNF,20111017,42.35,42.5,41.6,41.8,497850
SMARTLINK,20111017,41.3,41.3,39.1,39.25,10969
SMLISUZU,20111017,389,389,383.05,387.3,313
SMOBILITY,20111017,101,101.5,99.5,99.85,55352
SMPL,20111017,7.05,7.15,7.05,7.1,64203
SMSPHARMA,20111017,180.9,180.9,171.75,172.5,31
SOBHA,20111017,229.5,233,226.05,231.6,55897
SOFTTECHGR,20111017,4.35,5.1,4.3,4.7,1723
SOLARINDS,20111017,778.2,795,778.2,794,396
SOMANYCERA,20111017,49.45,49.7,48.05,48.5,6034
SOMATEX,20111017,6.05,6.05,6,6,250
SONASTEER,20111017,14.35,14.35,14,14.05,22683
SONATSOFTW,20111017,28.5,28.7,27.75,27.9,181020
SOTL,20111017,541.95,555,527.3,549,1887
SOUISPAT,20111017,4.9,5,4.65,4.7,32953
SOUTHBANK,20111017,22.75,23.45,22.75,23.3,5304782
SPANCO,20111017,128,133,124.1,125.9,52594
SPARC,20111017,86.3,88.6,85.5,87.35,171139
SPENTEX,20111017,8.1,10.4,8.1,9.55,1768
SPIC,20111017,26.75,27.25,26.1,26.15,122175
SPMLINFRA,20111017,123.1,123.1,119,119.9,3859
SPYL,20111017,25.65,25.65,22.55,24.45,1985
SREINFRA,20111017,35.8,36.15,35.35,35.9,420549
SRF,20111017,301.05,304,296.1,301.9,46314
SRGINFOTEC,20111017,0.5,0.5,0.45,0.5,2868
SRHHYPOLTD,20111017,39.1,40.25,38.95,39.95,127
SRSLTD,20111017,35.8,36,34.5,35.4,244650
SRTRANSFIN,20111017,619.15,622.95,606.95,608.6,189901
SSWL,20111017,220.25,234.1,220.25,228.7,5001
STAR,20111017,373.35,378.9,361.5,375.3,120017
STARPAPER,20111017,23.35,24.8,23.35,23.7,804
STCINDIA,20111017,155.8,157,152.5,153,27095
STER,20111017,120.5,122.4,119.3,120.9,3747647
STERLINBIO,20111017,68.9,68.9,64.15,66.05,352560
STERTOOLS,20111017,106,106,103.85,104.15,102
STOREONE,20111017,13.3,13.3,13,13.3,8116
STRTECH,20111017,39.5,39.5,35.4,38.2,236586
SUBEX,20111017,41.5,42.25,41.3,41.8,448067
SUDAR,20111017,65.9,65.9,64.2,64.9,24311
SUDARSCHEM,20111017,709,717,709,717,12
SUJANATOW,20111017,25.9,26.15,25.55,25.75,539680
SUJANAUNI,20111017,4.6,4.6,4.5,4.5,34200
SUMEETINDS,20111017,23.7,23.85,23.3,23.45,6094
SUMMITSEC,20111017,78.5,78.5,76.05,77.55,1635
SUNCLAYTON,20111017,143.5,144.35,138.15,140,2541
SUNDARAM,20111017,42.6,43.9,42.25,42.5,47069
SUNDARMFIN,20111017,506,514.85,499.95,507.25,1719
SUNDRMBRAK,20111017,153.4,153.4,150.5,153.4,110
SUNDRMFAST,20111017,59.1,59.65,58.4,58.65,11478
SUNFLAG,20111017,25,25.5,24.8,25.2,9293
SUNILHITEC,20111017,86,90.9,83,89.2,30238
SUNPHARMA,20111017,479.5,480.35,465.55,472.05,558969
SUNTECK,20111017,348,350.95,336.6,346.35,22729
SUNTV,20111017,274,284.9,274,279,475378
SUPER,20111017,172,172,165.3,169.2,323
SUPERSPIN,20111017,8,8.15,8,8.15,484
SUPPETRO,20111017,70.3,70.65,70,70.3,6986
SUPRAJIT,20111017,19.3,19.5,19.25,19.4,3024
SUPREMEIND,20111017,193,193.65,185,186.65,11750
SUPREMEINF,20111017,215.2,221.7,214.05,219.2,3735
SURAJDIAMN,20111017,46.3,48,46.3,46.85,14934
SURANACORP,20111017,92.25,93.1,92.25,93.1,100
SURANAIND,20111017,424,424,402.9,420.1,6331
SURANAT&P,20111017,14.5,14.5,14.25,14.5,28400
SURANAVEL,20111017,30.25,30.25,25.35,26.3,1264
SURYAJYOTI,20111017,22.1,22.95,22.1,22.45,4138
SURYALAXMI,20111017,60,61.5,59.5,60.75,539
SURYAPHARM,20111017,15.7,16,15.5,15.7,16763
SURYAROSNI,20111017,60,61,60,60.75,4409
SUTLEJTEX,20111017,177,179.7,177,178.65,482
SUVEN,20111017,16.5,16.85,15.95,16.7,57299
SUZLON,20111017,38.05,38.5,37.5,37.85,6193650
SWARAJENG,20111017,465,465,454,455,2685
SYMPHONY,20111017,1410,1434,1334.95,1347.5,2270
SYNCOM,20111017,14.25,14.6,14.05,14.15,29155
SYNDIBANK,20111017,105,105.7,102.9,103.2,111111
TAINWALCHM,20111017,23.1,24,23,23.05,320
TAJGVK,20111017,90.2,91.85,88,88.9,14369
TAKE,20111017,30.15,31.2,30.1,31.05,18725
TALBROAUTO,20111017,40.75,40.75,40.6,40.6,184
TALWALKARS,20111017,177.1,177.5,170,171.05,56109
TANFACIND,20111017,24,24.25,24,24.1,150
TANLA,20111017,7.25,7.6,7.05,7.1,183570
TANTIACONS,20111017,50.25,51.9,48.85,50.95,2088
TARAPUR,20111017,17.8,18.2,17.6,17.9,5268
TATACHEM,20111017,318.7,323,317,318.5,82329
TATACOFFEE,20111017,920.95,923.45,900.05,903.4,327522
TATACOMM,20111017,190.1,194.6,186.65,190.85,310127
TATAELXSI,20111017,202.4,205.9,202.05,203.9,15602
TATAGLOBAL,20111017,88.2,90.9,87.35,90.3,1388807
TATAINVEST,20111017,485,490.8,484,488.15,1387
TATAMETALI,20111017,78.9,78.9,75,75.95,12370
TATAMOTORS,20111017,183,191.2,183,188.1,24140815
TATAMTRDVR,20111017,99.45,104.25,99.35,102.15,4088773
TATAPOWER,20111017,101.3,101.3,99.5,100,2930676
TATASPONGE,20111017,300.5,308.5,300.5,303.85,2950
TATASTEEL,20111017,441,443.4,433.4,440.05,2791086
TCI,20111017,79.2,81.15,74,76.95,31093
TCIDEVELOP,20111017,160.2,160.3,159,159.9,208
TCIFINANCE,20111017,29,29.5,27,27.65,9491
TCS,20111017,1151.5,1154,1111.3,1120.25,2179345
TDPOWERSYS,20111017,254.2,257.1,254.2,256.5,6147
TECHM,20111017,599,599.9,579,584.35,142519
TECHNO,20111017,232.95,235.5,224.1,227.85,15658
TECHNOFAB,20111017,136,139,134,134.85,1941
TECPRO,20111017,222.05,234.5,220,221.5,9273
TELEDATAIT,20111017,0.3,0.3,0.25,0.3,70489
TELEMARINE,20111017,0.5,0.6,0.5,0.5,12969
TEXMACOLTD,20111017,30.9,30.9,30.35,30.55,50456
TEXMOPIPES,20111017,35,35.3,34.1,34.6,28719
TEXRAIL,20111017,87.5,88,84.2,86.15,32182
TFCILTD,20111017,27.05,27.9,26.9,27.05,14438
TFL,20111017,17.2,17.2,15.1,15.7,2056
THANGAMAYL,20111017,159,162.85,157.3,160.6,14267
THERMAX,20111017,428.9,437,426.95,430.3,107774
THINKSOFT,20111017,38.3,38.45,37.3,37.4,9165
THIRUSUGAR,20111017,75,75,71.05,74,808
THOMASCOOK,20111017,48.35,48.85,47.95,48.65,123669
TI,20111017,31.95,33.8,31.95,33.3,127591
TIDEWATER,20111017,6501,6690,6401,6554.75,431
TIIL,20111017,38.4,39.45,38.2,39.25,4057
TIJARIA,20111017,18.1,19,15.05,15.5,4906230
TIL,20111017,402.5,408.8,402.5,405.55,522
TIMESGTY,20111017,26.75,26.75,26.05,26.55,213
TIMETECHNO,20111017,62.05,64.8,61.3,62.5,49953
TIMKEN,20111017,218.9,230.9,216.6,224.65,565204
TINPLATE,20111017,46.65,48,46.65,47.05,37854
TIPSINDLTD,20111017,31.6,31.6,28.4,29.15,1071
TIRUMALCHM,20111017,70.5,72.8,68.1,70.75,570
TITAN,20111017,224,226.75,217.9,225.6,3577533
TNPETRO,20111017,15.25,15.9,15.25,15.55,14632
TNPL,20111017,101,104,97.35,103.45,46918
TODAYS,20111017,4.8,4.9,4.75,4.8,6125
TOKYOPLAST,20111017,13.7,14.55,13.7,14.15,302
TORNTPHARM,20111017,576,580.85,569,577.85,4133
TORNTPOWER,20111017,232,233.95,226.1,228.7,156832
TREEHOUSE,20111017,177.35,180,175.2,176.7,86499
TRENT,20111017,1068.95,1090,1063,1067.25,6031
TRF,20111017,336.5,342.9,331.5,333.7,21501
TRICOM,20111017,11.6,11.9,11.5,11.8,5982
TRIDENT,20111017,11.8,12.2,11.8,11.8,43976
TRIGYN,20111017,15.25,15.25,14.5,14.5,1006
TRIL,20111017,217.4,224.85,217.4,220.9,3097
TRIVENI,20111017,22.8,23.5,21.8,21.95,951102
TTKHEALTH,20111017,483.9,489.3,472,475.15,30168
TTKPRESTIG,20111017,2844.9,2878.8,2760.15,2781.6,64913
TTL,20111017,22.5,24.5,22.5,24.4,3552
TTML,20111017,17.35,17.45,17.05,17.15,761960
TUBEINVEST,20111017,135.4,141.1,135.4,140.05,82310
TULIP,20111017,152.65,152.65,145.1,147.05,179900
TULSI,20111017,11.45,11.9,11.45,11.6,26682
TULSYAN,20111017,38.5,38.5,37.3,38.15,523
TV18BRDCST,20111017,49.8,50.5,46.55,47.8,803020
TVSELECT,20111017,18.6,19.15,18.35,18.4,5222
TVSMOTOR,20111017,61.95,62.75,61.5,61.75,1626110
TVSSRICHAK,20111017,376.3,396,369,380.85,2002
TVTODAY,20111017,58.5,62.35,57.7,60.45,122209
TWILITAKA,20111017,38.15,39.35,36.5,37.2,60127
TWL,20111017,436,452.5,433.4,450.9,33408
UBENGG,20111017,51.6,51.65,50,50.1,20371
UBHOLDINGS,20111017,113.85,114.8,110.55,111.3,87381
UBL,20111017,420.65,438.8,420,433.95,95494
UCALFUEL,20111017,71.6,72.9,71.1,72.1,5125
UCOBANK,20111017,68.45,68.5,67.45,67.8,763017
UFLEX,20111017,155.75,157.3,153.1,156.3,333238
UGARSUGAR,20111017,13.2,13.55,13.1,13.35,10498
ULTRACEMCO,20111017,1130,1134.5,1105,1123.65,27700
UMESLTD,20111017,18.55,18.8,18.1,18.2,883
UNICHEMLAB,20111017,137.2,138.8,134.7,138.1,63965
UNIENTER,20111017,28,28.3,27.5,27.65,4193
UNIONBANK,20111017,255.9,255.9,248.8,250.5,478435
UNIPHOS,20111017,144,145.95,141.9,142.6,769504
UNIPLY,20111017,11.55,12,11.15,11.9,1527
UNITECH,20111017,27.5,27.7,27.05,27.2,8864057
UNITEDBNK,20111017,73,73.7,72.1,72.8,42994
UNITY,20111017,40.1,40.2,39.5,39.75,119813
UNIVCABLES,20111017,49,49,46.75,48.7,215
UPERGANGES,20111017,44.6,45.95,44.6,45.95,104
USHAMART,20111017,32.5,32.6,31.5,31.9,206603
USHERAGRO,20111017,127.25,127.5,124.95,125.75,235708
UTISUNDER,20111017,1049,1137,1002.4,1041.65,125
UTTAMSTL,20111017,75.8,75.8,72.4,72.95,11110
UTTAMSUGAR,20111017,30.7,31.4,30,31.3,7616
UTVSOF,20111017,960,963,950.25,951.2,54857
VADILALIND,20111017,138,141.9,137.1,140,2264
VAIBHAVGEM,20111017,32.9,32.9,30.55,31.3,4419
VAKRANSOFT,20111017,354,358,350,350.5,4023
VALECHAENG,20111017,76.5,78.8,75.55,76.3,22176
VALUEIND,20111017,18.1,18.1,16.8,17,6224
VARDHACRLC,20111017,8.9,9.05,8.9,8.95,11143
VARDMNPOLY,20111017,88.65,93,73.65,73.65,94312
VARUN,20111017,247.05,251.8,246,248.5,249535
VARUNSHIP,20111017,19,19.7,18.45,18.65,45472
VASCONEQ,20111017,48.5,49.75,48.5,48.95,3629
VENKEYS,20111017,468.7,519,465,498.5,1352962
VENUSREM,20111017,195.1,204.4,194,201.1,11388
VESUVIUS,20111017,393.05,398.7,393,395.35,651
VGUARD,20111017,215.3,218,214.5,215.45,29895
VHL,20111017,429,429,384,390,251
VICEROY,20111017,27,27.75,26.1,27.2,13274
VIDEOIND,20111017,176.05,178.6,174.2,176.55,53011
VIJAYABANK,20111017,55.95,55.95,54.5,54.8,730889
VIJSHAN,20111017,16.1,17.8,15.5,17.35,2600
VIKASHMET,20111017,9.8,9.95,9.55,9.6,42909
VIMTALABS,20111017,19.05,19.05,18.15,18.3,7506
VINATIORGA,20111017,66.75,67.45,65.6,66.35,1560
VINDHYATEL,20111017,148.8,148.8,140.75,140.8,1480
VINYLINDIA,20111017,10,11.25,10,11.25,16167
VIPIND,20111017,956.7,964.85,945,950.8,444368
VIPUL,20111017,10.5,10.75,10.05,10.75,554
VISAKAIND,20111017,90,91.4,89.15,90.75,5148
VISASTEEL,20111017,58.7,58.95,58,58.65,9072
VISESHINFO,20111017,3,3.05,2.9,2.95,8832
VISHALRET,20111017,22.55,23.25,22.55,22.7,19146
VISUINTL,20111017,1.95,2.05,1.95,2,8053
VIVIMEDLAB,20111017,248,255,247.5,248.15,10727
VLSFINANCE,20111017,11.45,12,11,11.7,24631
VOLTAMP,20111017,501,501,497.05,497.7,1843
VOLTAS,20111017,106.4,107,103.05,103.45,1495740
VSTIND,20111017,1349.95,1370,1320,1357.6,13453
VSTTILLERS,20111017,520,533.8,515.5,520.55,2683
VTL,20111017,203,203,200.65,202.05,1989
VTXIND,20111017,13.75,13.75,13,13,900
WABAG,20111017,369,371.9,361,361.55,767
WABCOINDIA,20111017,1250,1289.5,1250,1282.15,171
WALCHANNAG,20111017,88.5,89.5,87.35,88.5,26298
WANBURY,20111017,24.4,24.65,24,24.15,2203
WEBELSOLAR,20111017,39.5,39.75,38.5,39.65,530
WEIZFOREX,20111017,68.05,68.05,68.05,68.05,159
WEIZMANIND,20111017,9.35,9.35,9,9.1,1177
WELCORP,20111017,119,119.45,110,111.05,368883
WELGLOB,20111017,40,42.75,39.1,39.65,834
WELINV,20111017,45.2,45.25,44.05,44.95,69
WELPROJ,20111017,38.5,46.4,33.9,40.9,91880
WENDT,20111017,1589.9,1590,1587.15,1589.95,9
WHEELS,20111017,254.3,254.3,247,248.1,168
WHIRLPOOL,20111017,218,221.5,215.2,216.8,12413
WILLAMAGOR,20111017,51.9,52.85,50.25,50.35,1116
WINDMACHIN,20111017,21,21.45,20.75,21.4,2494
WINSOME,20111017,24.9,24.9,23.05,23.05,1025
WIPRO,20111017,364.05,366.4,354.75,356.8,1010473
WOCKPHARMA,20111017,436.7,459.9,424.65,453.15,326008
WSI,20111017,17.65,17.65,16.2,16.3,202
WSTCSTPAPR,20111017,68.1,70.25,67.55,69.6,22840
WWIL,20111017,9.45,9.65,8.65,8.9,3167747
WYETH,20111017,935.6,995,935.6,991.1,633
XLENERGY,20111017,7.2,7.35,7,7.05,12397
XPROINDIA,20111017,53.65,53.65,51.3,51.75,3050
YESBANK,20111017,285,291,284.05,289.1,1709166
ZEEL,20111017,113,116,112.4,113.15,4420728
ZEELEARN,20111017,20,20.15,19.5,19.65,281114
ZEENEWS,20111017,12.6,12.6,12.2,12.3,171642
ZENITHBIR,20111017,4.8,4.85,4.65,4.7,77777
ZENITHCOMP,20111017,14.85,14.85,14,14.3,6485
ZENITHEXPO,20111017,63.5,63.5,57.7,62.05,2508
ZENITHINFO,20111017,77.8,77.8,77.8,77.8,1833
ZENSARTECH,20111017,124.9,124.9,121.5,122.8,5717
ZICOM,20111017,39.3,41.35,39.3,40.05,24466
ZODIACLOTH,20111017,228,228,219,223.8,1660
ZODJRDMKJ,20111017,27.9,27.9,22.55,23.25,534
ZUARIAGRO,20111017,588.1,599.5,585.1,595,5217
ZYDUSWELL,20111017,589.9,609.3,576,591.25,19441
ZYLOG,20111017,419.65,419.65,409,413.25,75803
NSENIFTY,20111017,5156.20,5160.20,5084.50,5118.25,130460983,5029.13
NIFTYJUNIOR,20111017,9895.90,9966.80,9873.80,9903.75,56247425,1019.39
BANKNIFTY,20111017,9717.35,9788.20,9666.35,9721.30,13006452,1123.52
NSEMIDCAP,20111017,7136.40,7180.20,7118.15,7139.55,97452032,1193.88
NSEIT,20111017,6165.95,6172.15,6069.80,6096.50,13674746,958.42
NSE100,20111017,5041.05,5046.55,4980.60,5010.40,186708408,6048.52
NSE500,20111017,4103.75,4111.45,4063.45,4083.80,378042454,8108.27
MIDCAP50,20111017,2115.90,2123.65,2099.90,2105.70,61637254,639.27
VIX,20111017,25.98,26.53,25.00,25.43,25.98,-0.55
