20MICRONS,20110721,48.35,55.2,48.25,50.45,147105
3IINFOTECH,20110721,45.95,46.25,42.8,43.3,3017998
3MINDIA,20110721,4174,4200,4150,4178.7,523
A2ZMES,20110721,270.9,273.4,265.1,266.75,287261
AANJANEYA,20110721,382.9,393,379.1,388.8,252694
AARTIDRUGS,20110721,140,143.6,135,141.9,13558
AARTIIND,20110721,53,53.7,51.55,51.9,85604
AARVEEDEN,20110721,48.5,51.3,47.1,49.85,831
ABAN,20110721,520.1,529.5,518.6,522.2,441512
ABB,20110721,864.95,880.95,854.25,879.25,112648
ABBOTINDIA,20110721,1494.95,1503.95,1453.35,1469.05,875
ABCIL,20110721,127,128,126.75,126.75,772
ABGSHIP,20110721,373.3,378.6,367,372.35,122989
ABHISHEK,20110721,13.65,14.1,13.55,13.75,29625
ABIRLANUVO,20110721,914.8,919.65,901.3,905.8,58124
ACC,20110721,981,985,971.35,977.8,65360
ACE,20110721,45.9,46.6,45.25,45.8,64399
ACKRUTI,20110721,193.9,193.9,185.5,188.85,13192
ACROPETAL,20110721,17.05,17.25,17,17,158742
ADANIENT,20110721,731.3,732.85,715,719.6,190717
ADANIPOWER,20110721,112.25,113.5,111.2,112.8,342173
ADFFOODS,20110721,72.05,76,71.85,75,107010
ADHUNIK,20110721,76,77.95,76,76.95,23614
ADORWELD,20110721,177.9,178,172.8,173.6,4908
ADSL,20110721,44.6,45.1,44,44.65,50108
ADVANIHOTR,20110721,37.2,37.5,36.55,36.8,2200
ADVANTA,20110721,279.95,281.55,272.6,275.15,45680
AEGISCHEM,20110721,224,227.2,222.1,226.1,13432
AFL,20110721,42.9,44.45,42.9,43.8,9392
AFTEK,20110721,13.9,14.1,13.5,13.65,184935
AGCNET,20110721,168.9,184.9,161.65,164.8,426
AGRE,20110721,47.7,48.9,44,47,60679
AGRODUTCH,20110721,10.7,11.3,10.3,11.15,70539
AHLEAST,20110721,320.1,321,307.05,312.15,2173
AHLUCONT,20110721,138.9,138.9,135.3,136.85,7986
AHLWEST,20110721,214,217,175,195,917
AHMEDFORGE,20110721,123.25,126.2,123.25,124.95,5728
AIAENG,20110721,375,376,374,374.8,608
AJANTPHARM,20110721,346,359.8,340.05,356.3,121476
AJMERA,20110721,155.75,159.5,154.3,155.6,6209
AKSHOPTFBR,20110721,6.95,7.1,6.95,7,357868
AKZOINDIA,20110721,900,919,900,900.4,4844
ALBK,20110721,204.85,210.8,202.05,209.15,741405
ALCHEM,20110721,232,232,228.95,229.2,113415
ALEMBICLTD,20110721,22,22,21.15,21.25,31640
ALFALAVAL,20110721,1651,1680,1630.05,1639.6,1486
ALKALI,20110721,53.65,60,53.3,56.9,174856
ALKYLAMINE,20110721,94,94,92.55,93.5,3196
ALLCARGO,20110721,165.2,165.2,160.05,161.45,1468
ALLSEC,20110721,21.25,21.25,20,20.65,831
ALMONDZ,20110721,25,26.7,25,26.65,308
ALOKTEXT,20110721,25.2,25.2,24.7,24.75,1335180
ALPA,20110721,10.75,11.15,10.1,10.25,5563
ALPHAGEO,20110721,142,144.8,138.15,140.1,31455
ALPSINDUS,20110721,3.45,3.6,3.4,3.5,6538
AMAR,20110721,98.8,101,98.4,99,158486
AMARAJABAT,20110721,252,254.95,244.95,245.8,103082
AMARJOTHI,20110721,61.6,63.5,60.7,62.15,99
AMBIKCO,20110721,190,190,184,188.7,721
AMBUJACEM,20110721,127.3,127.9,125.95,126.3,380381
AMDIND,20110721,18.1,18.75,17.95,18.45,2023
AMLSTEEL,20110721,17,17,15.15,16,366
AMRUTANJAN,20110721,779,779.85,743.65,755.75,25357
AMTEKAUTO,20110721,151.9,158.7,147.45,154.7,1919582
AMTEKINDIA,20110721,107.3,116.9,105.05,115.1,1907344
ANANTRAJ,20110721,85.9,86.4,81.5,82.25,163948
ANDHRABANK,20110721,135.3,135.75,133.55,135.2,365410
ANDHRACEMT,20110721,10.85,11,10.85,10.85,6015
ANDHRSUGAR,20110721,100.4,100.4,98,98.4,5247
ANGIND,20110721,25.8,26.4,25.8,25.8,1700
ANIKINDS,20110721,37.8,39.45,37.5,39.35,605
ANKURDRUGS,20110721,38.65,39.35,38,38.1,22256
ANSALAPI,20110721,42.15,42.45,42,42,22524
ANSALHSG,20110721,41.55,43.95,41.55,42.65,3895
ANTGRAPHIC,20110721,0.25,0.3,0.25,0.3,111249
APARINDS,20110721,225,225,218.85,219.55,1809
APCOTEXIND,20110721,184,184.5,175.05,183.2,1546
APIL,20110721,579.85,586,573.1,578.85,128669
APOLLOHOSP,20110721,494.3,500,494.3,495.7,571310
APOLLOTYRE,20110721,79,79.35,73.7,74.6,3799237
APPAPER,20110721,371.1,374,371,371,5270
APTECHT,20110721,123.5,135.25,122.65,131.35,4968039
AQUA,20110721,15.3,15.55,14.95,15.05,64958
ARCHIDPLY,20110721,14,14.6,14,14.45,6604
ARCHIES,20110721,39,39.5,38.85,39.2,18365
AREVAT&D,20110721,251.5,254.4,244.2,252.15,250605
ARIES,20110721,116,117.9,115.1,116.45,5005
ARIHANT,20110721,55.15,57.5,54.15,54.4,284
ARL,20110721,2.25,2.35,2.25,2.3,55039
AROGRANITE,20110721,39.1,42.8,39.1,41.05,1412
ARROWTEX,20110721,11.5,11.5,10.9,11.1,4961
ARSHIYA,20110721,145,148.75,144,145.15,6843
ARSSINFRA,20110721,434.1,435.9,425.1,427.8,84047
ARVIND,20110721,87.45,87.95,85.6,86,1279090
ASAHIINDIA,20110721,85.55,86.45,84.65,84.9,11897
ASAL,20110721,65.9,67.35,65,65.3,4112
ASHAPURMIN,20110721,19.5,20,19.3,19.6,38463
ASHCONIUL,20110721,2.75,2.9,2.7,2.7,6780
ASHIANA,20110721,149.95,153,145,145.15,8103
ASHOKA,20110721,270,274.9,270,273.95,198
ASHOKLEY,20110721,49.8,51.1,49,50.3,4714610
ASIANELEC,20110721,9.95,10.1,9.9,9.95,11829
ASIANHOTNR,20110721,209,219,209,216.65,442
ASIANPAINT,20110721,3112.95,3130.5,3095.5,3112.45,23107
ASIANTILES,20110721,44.5,44.5,44.5,44.5,55
ASIL,20110721,2.65,2.65,2.65,2.65,200
ASSAMCO,20110721,15.05,16.9,14.85,16.2,2442568
ASTEC,20110721,40.5,41.5,40.5,40.6,8380
ASTERSILI,20110721,23.65,24.2,23.65,23.75,6556
ASTRAL,20110721,200,203.8,196,199.6,10811
ASTRAMICRO,20110721,28.6,29.6,28.6,29.25,27649
ASTRAZEN,20110721,1364.95,1365,1324,1345,52
ATFL,20110721,405.6,409.6,393.5,397,12589
ATLANTA,20110721,81.7,82.15,80.15,80.55,205410
ATLASCYCLE,20110721,405,417.7,394.6,410.8,1491311
ATNINTER,20110721,1.1,1.3,1.1,1.25,2938
ATUL,20110721,222.4,241.05,222.2,226.95,796627
AURIONPRO,20110721,159.9,159.9,157,157,8
AUROPHARMA,20110721,173,173,169.1,170.35,529007
AUSOMENT,20110721,39,40.4,37.5,38.6,4021
AUSTRAL,20110721,2.65,2.7,2.65,2.65,191714
AUTOAXLES,20110721,430,434,430,430,534
AUTOIND,20110721,160.55,163,158.5,161.75,18361
AUTOLITIND,20110721,20.9,22,20.9,21.5,7008
AVANTI,20110721,36.15,36.15,36.15,36.15,5
AVENTIS,20110721,2090,2119,2076.3,2093.65,274
AVTNPL,20110721,418.9,418.9,379.4,379.4,79432
AXIS-IT&T,20110721,99.85,120.9,99.85,112.15,1168985
AXISBANK,20110721,1259.3,1261.9,1232,1239.6,2440745
AXISGOLD,20110721,2285.15,2299,2280.35,2293.25,202
BAGFILMS,20110721,7.05,7.15,7,7.05,113823
BAJAJ-AUTO,20110721,1427,1433.75,1410,1419.5,213747
BAJAJCORP,20110721,115,116.4,114.25,114.65,108782
BAJAJELEC,20110721,247,247.25,238.15,239.1,110934
BAJAJFINSV,20110721,545.1,552,525,535.1,47299
BAJAJHIND,20110721,70.5,70.75,69.2,69.7,440594
BAJAJHLDNG,20110721,746.7,764.75,737.2,741.6,95828
BAJFINANCE,20110721,730,730,702,711.8,34673
BALAJITELE,20110721,33.25,33.7,33,33.15,26407
BALAMINES,20110721,43.7,43.7,42.1,42.55,7294
BALKRISIND,20110721,162.75,164.8,162,162.25,4160
BALLARPUR,20110721,32.6,33.5,32.5,33.1,277129
BALMLAWRIE,20110721,656.3,665.5,655,660.45,8415
BALPHARMA,20110721,28.15,30.25,28.1,29.85,7064
BALRAMCHIN,20110721,62,62,60.25,60.75,705371
BANARISUG,20110721,600,610,590.5,598.6,249
BANCOINDIA,20110721,81.5,83.4,79.1,79.95,9935
BANG,20110721,33,33.7,32.9,33.15,695
BANKBARODA,20110721,896,902.8,881.15,885.4,52546
BANKBEES,20110721,1136.95,1136.95,1120,1122.64,139
BANKINDIA,20110721,408,413.35,406,408,491201
BANSWRAS,20110721,129.5,131.9,128.2,131,9504
BARTRONICS,20110721,64.1,66.2,63.5,63.6,140651
BASF,20110721,660.55,667.45,657.6,661.9,5783
BASML,20110721,84.5,84.5,81,81,1366
BATAINDIA,20110721,633.9,635.95,620.55,623.2,518674
BATLIBOI,20110721,23,24.05,23,23.55,9381
BAYERCROP,20110721,881.4,889,849,880.15,1129
BBL,20110721,866.4,866.4,845.05,855.55,6092
BBTC,20110721,486,487.55,478.15,480.3,2718
BECREL,20110721,11.75,12,11.75,11.85,619
BEDMUTHA,20110721,131.4,133.6,125.65,129.15,239984
BEL,20110721,1710,1733.95,1710,1718.85,8487
BELLCERATL,20110721,15.3,15.3,14.15,15.2,715
BEML,20110721,582.6,582.6,566.05,568.9,32680
BEPL,20110721,32.5,32.5,31.85,32.1,2428
BERGEPAINT,20110721,103.5,104,102,102.45,34860
BFINVEST,20110721,66,67.75,65.2,65.85,7460
BFUTILITIE,20110721,750.1,757.85,742,745.05,148077
BGRENERGY,20110721,464,464.9,453.6,454.8,161528
BHAGWATIHO,20110721,97,97.9,95,95.55,2576
BHAGYNAGAR,20110721,18.75,19,18.6,18.7,3370
BHARATFORG,20110721,327.05,334,327.05,330.05,179571
BHARATGEAR,20110721,63.45,63.45,60.3,60.7,3763
BHARATRAS,20110721,105,119,105,110.9,3524
BHARTIARTL,20110721,393,397.3,392.25,395.1,5021942
BHARTISHIP,20110721,131.25,131.25,128.6,129,87282
BHEL,20110721,1950,1955,1920.5,1938.25,656965
BHUSANSTL,20110721,431.5,431.5,426.1,427.35,128055
BIL,20110721,58.1,60.5,58.05,58.4,4626
BILENERGY,20110721,34.75,35.2,33.7,34.35,11618
BILPOWER,20110721,91.55,92.35,91,91.85,1125
BIMETAL,20110721,329.7,329.7,321.1,326.2,1822
BINANIIND,20110721,159,159.9,157.2,157.7,25455
BINDALAGRO,20110721,90.1,90.75,90,90,231577
BIOCON,20110721,370.9,372,348.4,363.3,2181385
BIRLACORPN,20110721,333,336.4,325.5,327.6,762
BIRLACOT,20110721,0.5,0.5,0.4,0.45,423534
BIRLAERIC,20110721,17.75,17.75,16.1,16.15,7752
BIRLAMONEY,20110721,20.55,21.45,20.5,20.6,5813
BIRLAPOWER,20110721,0.85,0.85,0.8,0.8,1403161
BLBLIMITED,20110721,5.3,5.6,5.3,5.4,5569
BLISSGVS,20110721,25.45,25.75,24.75,24.95,70886
BLKASHYAP,20110721,19.35,19.75,19.35,19.5,45790
BLUECHIP,20110721,1.05,1.1,1,1.05,35041
BLUECOAST,20110721,170,186,170,186,1000
BLUEDART,20110721,1603.8,1665,1603.8,1620.1,8162
BLUESTARCO,20110721,303,303,291.8,293.35,11100
BLUESTINFO,20110721,88.5,89.75,88,88.45,3209
BOC,20110721,294.9,294.9,292.05,292.95,1619
BOMDYEING,20110721,376.95,381,371.2,372.6,168094
BOSCHLTD,20110721,7200,7274.5,7180,7212.1,4982
BPCL,20110721,660,666.65,658.1,660.7,191416
BPL,20110721,26.25,26.25,25.05,25.35,33918
BRANDHOUSE,20110721,21.3,21.4,20.5,20.8,41518
BRFL,20110721,289.6,289.6,288.25,288.6,31363
BRIGADE,20110721,72.45,72.9,70.6,71,48371
BRITANNIA,20110721,481,484.7,475.3,482.6,18937
BROADCAST,20110721,10.3,10.85,10.3,10.3,780
BSELINFRA,20110721,4.9,4.95,4.75,4.85,27730
BSL,20110721,25.5,27.35,25.5,27.25,1123
BSLGOLDETF,20110721,2345,2345,2301.1,2308.55,21
BSTRANSCOM,20110721,130.05,135.45,128.1,129,123726
BURNPUR,20110721,7.5,7.75,7.45,7.6,25878
BVCL,20110721,16.6,17.3,16.6,16.95,1460
CADILAHC,20110721,881.2,889.7,860,877,205065
CAIRN,20110721,318.8,321.5,315.7,320.8,702921
CALSOFT,20110721,35,36,34.3,35.95,695
CAMLIN,20110721,74.5,75.3,73.85,74,130059
CANBK,20110721,524.45,526.9,511.55,514.6,339550
CANDC,20110721,133.9,143.8,133.9,136.7,155386
CANFINHOME,20110721,115.3,115.3,113.1,113.35,15790
CANTABIL,20110721,32.05,32.15,31.3,31.5,4279
CARBORUNIV,20110721,298,312,298,305.25,6083
CAROLINFO,20110721,178,181.9,178,178.5,606
CASTROL,20110721,551.55,558,537,539.3,67028
CCCL,20110721,32.15,33.1,31.5,31.65,53880
CCL,20110721,208.3,211,204.1,205.15,3282
CEATLTD,20110721,110.15,111.9,108.15,108.6,87279
CEBBCO,20110721,43.7,44,42.4,42.7,19270
CELEBRITY,20110721,9,9.3,9,9.25,1861
CELESTIAL,20110721,35.1,35.75,34.5,34.9,10904
CENTENKA,20110721,184.8,185,181.25,181.85,4477
CENTEXT,20110721,3.35,3.5,3.35,3.35,7393
CENTRALBK,20110721,127,127.25,125.1,125.5,340171
CENTUM,20110721,91.1,91.5,91.1,91.5,82
CENTURYPLY,20110721,72.05,72.5,70.2,70.8,24613
CENTURYTEX,20110721,364.95,366.65,358.05,359.8,185942
CERA,20110721,230.4,230.4,214,218.3,14252
CESC,20110721,333,334,328.4,331.6,102415
CHAMBLFERT,20110721,84.35,84.75,82.8,83.15,719936
CHEMFALKAL,20110721,46.5,48,46.25,47.25,319
CHEMPLAST,20110721,7.1,7.25,7.1,7.15,20829
CHENNPETRO,20110721,226.55,229.9,225.5,225.95,33139
CHESLINTEX,20110721,15.4,15.4,14.6,14.9,2219
CHETTINAD,20110721,442,454,442,449.8,75
CHOLAFIN,20110721,180.1,184.95,173.3,175.95,44441
CILNOVA,20110721,15.4,15.4,14.8,15.25,4138
CINEMAX,20110721,39,39.4,38,38.1,87164
CINEVISTA,20110721,3.65,3.9,3.6,3.7,6731
CIPLA,20110721,316.55,317.8,312.5,316.05,1711669
CLASSIC,20110721,13.4,13.8,12.8,12.95,18370
CLNINDIA,20110721,793,793,776,785.15,1212
CMAHENDRA,20110721,233.8,234.5,227.65,233.1,7982
CMC,20110721,1190.95,1201.95,1179.15,1184.1,9540
COALINDIA,20110721,366.95,374,366.55,367.9,1786938
COLPAL,20110721,995.8,997.95,975,977.35,41534
COMPUAGE,20110721,112.5,116,108.55,109.95,3511
CONCOR,20110721,1138.95,1188,1126,1148.65,2727
CONSOFINVT,20110721,77,77,69.1,69.85,1070
CORAL-HUB,20110721,6.05,6.3,6.05,6.25,10760
CORDSCABLE,20110721,39.25,39.5,38.5,39,677
COREPROTEC,20110721,300.5,303.7,300.5,301.55,151944
COROMANDEL,20110721,330.05,337.8,314,332.1,596620
CORPBANK,20110721,526.45,529.6,520,524.15,33469
COSMOFILMS,20110721,99.55,100.2,98.2,98.45,8880
COX&KINGS,20110721,202.8,203,192.35,193.7,289009
CPIL,20110721,327.1,329.95,325.2,325.65,1612
CREATIVEYE,20110721,5.35,5.75,5.35,5.65,1150
CRESTANI,20110721,52,53.35,51.1,51.6,51952
CREWBOS,20110721,85,87.4,84.9,86.15,35494
CRISIL,20110721,7250,8450,7240.05,7970.6,21904
CROMPGREAV,20110721,177.5,185.5,171.4,181.25,33164393
CRONIMET,20110721,126.1,136.75,126.1,132.45,23277
CTE,20110721,9,9.35,9,9.1,1127
CUB,20110721,48.5,48.85,48.3,48.5,219836
CUBEXTUB,20110721,12,12,11.95,11.95,300
CUMMINSIND,20110721,670.9,672.75,665,669.4,69676
CURATECH,20110721,200,204.9,193,200,373
CYBERMEDIA,20110721,19.25,19.25,18.4,18.4,104
CYBERTECH,20110721,14.05,14.1,13.65,13.7,7338
DAAWAT,20110721,52.3,53.55,52,52.25,35169
DABUR,20110721,111.1,111.8,110,110.45,266111
DALMIABEL,20110721,154.3,155.9,150,154.9,267
DALMIASUG,20110721,18.15,18.5,18.1,18.25,9615
DATAMATICS,20110721,29,29.5,29,29.4,13978
DBCORP,20110721,229.9,230,222,223.35,786071
DBREALTY,20110721,83.3,85,82.6,83.05,247611
DCB,20110721,59.9,60.35,58.2,58.4,3887148
DCHL,20110721,66.9,68.6,66.7,67.65,628012
DCM,20110721,90,90,86.5,87.5,29328
DCMSRMCONS,20110721,45.5,46.6,45.5,46.25,24523
DCW,20110721,10.75,11,10.75,10.9,56897
DECCANCE,20110721,144.1,144.1,144.1,144.1,27
DECOLIGHT,20110721,8.1,8.25,7.65,7.7,3912
DEEPAKFERT,20110721,167.55,169.5,165.4,168.25,51530
DEEPAKNTR,20110721,210,218,205.05,217.1,2783
DEEPIND,20110721,86.75,91.2,86.5,87.05,85189
DELTACORP,20110721,110.55,111.7,108.55,109.15,2712463
DELTAMAGNT,20110721,49.55,49.55,49.55,49.55,100
DEN,20110721,82,82.5,81,81.3,36837
DENABANK,20110721,88.55,88.9,86.3,86.55,1087736
DENORA,20110721,100.8,110,100.8,105.75,36487
DENSO,20110721,68.6,70.7,67.1,69.5,3022
DEWANHOUS,20110721,217,224.45,217,220.05,31434
DHAMPURSUG,20110721,57.05,58.25,56.7,57.1,40473
DHANBANK,20110721,105.25,107.3,105.05,105.5,138357
DHANUKA,20110721,106.2,112.3,99.6,102.35,272083
DHARSUGAR,20110721,32.4,32.4,32.1,32.25,765
DHUNINV,20110721,73.8,76.9,73.8,75,711
DIAPOWER,20110721,158,158,155,157,8421
DICIND,20110721,264.8,264.8,257.1,258.05,1511
DIGJAM,20110721,12.25,12.55,12.1,12.15,55850
DISHMAN,20110721,90,101.85,89.15,94.65,1120927
DISHTV,20110721,89.05,90,84.9,85.35,5579501
DIVISLAB,20110721,821.15,828,799.05,805.35,135471
DLF,20110721,244.35,245.95,238.65,241.45,5976066
DLINKINDIA,20110721,25.9,26.4,25.55,25.9,4867
DOLPHINOFF,20110721,135.2,139.4,133.25,137,16055
DONEAR,20110721,22.3,24.5,22,23.45,4349
DPSCLTD,20110721,2000,2000,1950,1952,38
DPTL,20110721,150.8,155,150.8,152.2,1836
DQE,20110721,44.8,44.8,42.65,42.95,26211
DREDGECORP,20110721,287.9,291.8,285.2,285.7,11370
DRREDDY,20110721,1550,1564,1530.25,1539.85,321204
DSKULKARNI,20110721,64,64,62.75,63.6,10003
DUNCANSIND,20110721,14.35,14.55,14.1,14.1,65714
DWARKESH,20110721,65.3,66.3,64.4,65.1,7507
DYNAMATECH,20110721,1452,1460,1452,1460,7
DYNASYS,20110721,0.7,0.7,0.7,0.7,2821
EASTSILK,20110721,7.85,8,7.5,7.8,11235
EASUNREYRL,20110721,74,75,73.5,73.9,16231
ECEIND,20110721,121.1,126,118.2,120.5,19917
ECLERX,20110721,835.05,857.8,835,840.05,7396
EDELWEISS,20110721,32.4,32.9,32.15,32.6,88754
EDL,20110721,103,104,101.25,101.5,3335
EDSERV,20110721,135,137.9,133.55,134.65,74923
EDUCOMP,20110721,383.1,383.8,373.15,374.4,952214
EICHERMOT,20110721,1330.1,1345.65,1324,1328.3,1933
EIDPARRY,20110721,263.35,266.05,251.25,258.35,269847
EIHAHOTELS,20110721,141.95,143.55,139.05,140.05,1060
EIHOTEL,20110721,86.4,87,85.4,85.7,36980
EIMCOELECO,20110721,232,239,222,223.1,2423
EKC,20110721,87.55,87.95,85.7,86.05,111932
ELDERPHARM,20110721,390,393,385.1,388.1,54866
ELECON,20110721,85,88.5,80.5,83,152445
ELECTCAST,20110721,27.6,28.8,27.5,28.35,495894
ELECTHERM,20110721,170.1,172.9,169.6,172.05,3300
ELFORGE,20110721,10.4,11.15,10.4,10.75,3705
ELGIEQUIP,20110721,79.35,80,78.8,79.15,46772
ELNET,20110721,34.8,37.9,34.8,35.75,4121
EMAMIINFRA,20110721,45.5,46,43.25,43.4,56037
EMAMILTD,20110721,510,510,496.1,497.35,11580
EMCO,20110721,52.3,52.9,50.25,50.55,30131
EMKAY,20110721,38.3,40.9,38.3,40.35,7744
EMMBI,20110721,14.6,15.1,14.4,14.7,15031
EMPEESUG,20110721,25.5,25.5,25.25,25.25,5326
ENERGYDEV,20110721,34.25,34.95,34,34.15,5828
ENGINERSIN,20110721,278.25,282,276,281.05,36706
ENIL,20110721,264.95,271,260.05,262.35,134439
ENTEGRA,20110721,22.5,22.8,22.45,22.7,6948
ERAINFRA,20110721,169.5,169.55,169.05,169.3,212909
EROSMEDIA,20110721,198.1,208,195.15,205.9,596457
ESABINDIA,20110721,580,582,561.15,562.35,10854
ESCORTS,20110721,105.85,106.8,103.6,104.85,650195
ESL,20110721,8.4,8.75,8.4,8.5,237666
ESSAROIL,20110721,121.7,122.5,120.1,120.5,486814
ESSARPORTS,20110721,100.05,101.8,98.5,99.1,12624
ESSDEE,20110721,368,372.5,362.5,372.05,2926
ESSELPACK,20110721,45.4,46.25,45.1,45.65,44567
ESTER,20110721,44.25,44.5,42.1,42.25,38777
EUROCERA,20110721,25.4,25.85,25.4,25.4,379
EUROMULTI,20110721,10.9,10.9,9.4,10.3,11083
EUROTEXIND,20110721,27.25,27.4,25,26.2,11496
EVEREADY,20110721,43.55,44.2,42.6,42.9,141459
EVERESTIND,20110721,160.15,164,160.15,162.7,8069
EVERONN,20110721,548.25,558.7,544.1,552.25,145789
EVINIX,20110721,1,1,0.9,0.95,48102
EXCELCROP,20110721,171,176.45,168,169.7,38550
EXCELINDUS,20110721,79.8,80,76,76.6,2641
EXCELINFO,20110721,20.45,21.2,19.5,21.05,555225
EXIDEIND,20110721,163.15,164,152.05,154.35,8363545
FACT,20110721,38,38,37.2,37.5,26722
FAGBEARING,20110721,1240.05,1260,1234,1247,3262
FAME,20110721,52,56.9,52,53.05,6599
FARMAXIND,20110721,3.25,3.4,3.25,3.3,32031
FCH,20110721,155.6,159.8,154.35,156.65,63733
FCSSOFT,20110721,0.75,0.8,0.75,0.75,828385
FDC,20110721,94.4,94.5,93.25,94,29871
FEDDERLOYD,20110721,70.4,71.95,70.4,70.85,3025
FEDERALBNK,20110721,459.8,459.8,452.35,457.1,308452
FIEMIND,20110721,155.05,159.95,154,155,8589
FINANTECH,20110721,830.3,836.95,819,824.5,27374
FINCABLES,20110721,47.1,47.1,46,46.2,18585
FINPIPE,20110721,77.25,78.65,76.9,77.35,21228
FIRSTLEASE,20110721,92.95,93,89.15,89.75,32866
FIRSTWIN,20110721,18.45,19,18,18.8,2124
FKONCO,20110721,123.15,127.5,123.15,124.75,28593
FMGOETZE,20110721,293.45,297.85,287,295.7,11770
FORTIS,20110721,165,166.9,163.2,165.15,168223
FOSECOIND,20110721,566,580,562,569.25,847
FOURSOFT,20110721,13,13.4,12.8,12.9,16076
FSL,20110721,18.75,18.9,18.25,18.35,1612698
FTCSF5YDIV,20110721,11,11,11,11,4000
FTCSF5YGRO,20110721,14,14,14,14,1
FUTUREVENT,20110721,9.15,9.55,9.1,9.4,1231663
GABRIEL,20110721,50.9,51.65,50,51.1,44846
GAEL,20110721,27.3,28.2,27.3,27.8,21023
GAIL,20110721,455,460.4,453.5,457.6,445371
GAL,20110721,12.2,12.2,11.5,11.6,49583
GALLANTT,20110721,16,16.7,16,16,2095
GALLISPAT,20110721,89.7,91,88,88.95,141584
GAMMNINFRA,20110721,16.55,16.65,16.15,16.3,519213
GAMMONIND,20110721,93.8,94.7,91.25,91.85,17497
GANDHITUBE,20110721,119,119,119,119,242
GANESHHOUC,20110721,143.9,143.9,135,135.5,741
GANGOTRI,20110721,6.4,6.4,6,6,8760
GARDENSILK,20110721,98.15,99.4,95.1,95.65,23368
GARWALLROP,20110721,62.9,62.9,61.25,61.6,10379
GATI,20110721,73.75,76.25,72.6,73.6,498685
GDL,20110721,128.5,134,127.6,129.15,126535
GEECEE,20110721,37.75,38.2,37.35,37.75,837
GEINDSYS,20110721,168,168,151,154.6,29248
GEMINI,20110721,27.2,27.8,26.3,27.2,62580
GENESYS,20110721,269,270.05,264,268.3,28806
GENUSPOWER,20110721,18.8,19.25,18.8,18.95,60205
GEODESIC,20110721,68.25,68.5,66.7,66.95,130879
GEOJITBNPP,20110721,22,22.1,21.45,22,83849
GEOMETRIC,20110721,53.5,53.5,51.55,51.85,31843
GESHIP,20110721,274.05,277.75,272.45,274.95,46845
GHCL,20110721,41.9,41.9,40.6,40.9,55155
GICHSGFIN,20110721,106.7,109.05,106.55,107.75,107340
GILLANDERS,20110721,109.75,113.75,108.5,112.75,18140
GILLETTE,20110721,2162.6,2211,2153,2192.15,1690
GINNIFILA,20110721,9,9.3,8.95,9,13358
GIPCL,20110721,76.15,76.5,76,76.25,14429
GISOLUTION,20110721,14,15,13.3,14.45,2514
GITANJALI,20110721,311.45,314.8,307.6,309.75,1459042
GKWLIMITED,20110721,490.1,500,490,500,107
GLAXO,20110721,2300,2324.95,2291.05,2320.45,37003
GLENMARK,20110721,311.85,314.9,309.2,311.2,458087
GLFL,20110721,3.8,4.35,3.8,4.1,17350
GLOBALVECT,20110721,22.25,26.65,21.8,24.95,46670
GLOBOFFS,20110721,117,117,113.05,114.75,1520
GLOBUSSPR,20110721,141.15,142.75,135.1,138.35,26440
GLODYNE,20110721,310.9,314,301.2,309.95,39338
GMBREW,20110721,123.1,135.65,122.3,126.45,152658
GMDCLTD,20110721,160.35,161.9,158.6,160.55,183456
GMRINFRA,20110721,31.1,31.25,30.7,30.9,2569201
GNFC,20110721,96.6,97.75,96.6,97,45023
GOACARBON,20110721,92.95,93.3,90.9,92.5,8908
GODFRYPHLP,20110721,3199,3220,3099,3116.7,648
GODREJCP,20110721,441.55,448.4,440,444.5,92346
GODREJIND,20110721,228.6,230.55,224.25,225.1,362178
GODREJPROP,20110721,792.5,845,786.2,797.55,103139
GOENKA,20110721,57.9,57.95,56.2,56.55,10709
GOKEX,20110721,94.8,97.7,94.8,95.25,373
GOKUL,20110721,92.5,93.7,90.7,92.15,16390
GOLDBEES,20110721,2249.9,2249.9,2225.15,2228.45,98061
GOLDENTOBC,20110721,72.3,73.35,72.25,72.65,16488
GOLDIAM,20110721,36,36,33.3,35.45,4102
GOLDINFRA,20110721,17.95,18,17.8,17.8,2692
GOLDSHARE,20110721,2223.85,2229.9,2154,2170.2,42734
GOLDTECH,20110721,7.4,7.4,7.1,7.35,5006
GPIL,20110721,165,168.85,165,166.6,30778
GPPL,20110721,68,68,67,67.5,22699
GRABALALK,20110721,24,24.05,23.9,23.9,3098
GRANULES,20110721,91.7,92.75,88.3,88.75,8149
GRAPHITE,20110721,87.95,87.95,86.5,87.4,28107
GRASIM,20110721,2160,2177.7,2150,2159.7,44522
GRAVITA,20110721,341,344.95,335,338.55,28268
GREAVESCOT,20110721,92.7,92.7,87.85,88.65,30296
GREENPLY,20110721,232.2,238,220.25,227.65,39204
GREENPOWER,20110721,16.6,17.2,16.45,16.65,1099511
GRINDWELL,20110721,256.05,266,254,261.2,19967
GRUH,20110721,435,464,435,439.55,10627
GSFC,20110721,371.05,376.35,371.05,375.05,43013
GSKCONS,20110721,2370,2377.5,2342,2350.55,1068
GSLNOVA,20110721,3.45,3.45,3.4,3.45,1530
GSPL,20110721,97,99.35,96.6,98.55,4163445
GSSAMERICA,20110721,153.25,155,151.55,152.65,5001
GTL,20110721,77.9,78.1,75.05,75.35,3002673
GTLINFRA,20110721,14.1,14.35,13.8,13.95,1291480
GTNIND,20110721,15,18,15,15.55,3139
GTNTEX,20110721,14,15.3,14,14.5,2472
GTOFFSHORE,20110721,211.05,213.95,208.35,208.8,28494
GUJALKALI,20110721,148,150.85,146.7,150,36409
GUJAPOLLO,20110721,138,138,133.35,133.85,1909
GUJFLUORO,20110721,438.4,444,430,435.45,95545
GUJNRECOKE,20110721,45.8,45.8,45.1,45.2,419479
GUJNREDVR,20110721,25.8,26.75,25.35,26,18438
GUJRATGAS,20110721,411,428.65,410.55,415.35,245459
GUJSIDHCEM,20110721,9.25,9.25,8.9,9,320141
GULFOILCOR,20110721,97.9,97.9,92.5,93.2,247890
GVKPIL,20110721,19.3,19.5,19.15,19.3,3532158
HALONIX,20110721,71,71,69.25,69.95,3009
HANUNG,20110721,153,154.8,150.6,151.95,179921
HARITASEAT,20110721,81,81,81,81,42
HARRMALAYA,20110721,75.25,79.2,75.2,77.65,105252
HATHWAY,20110721,114.3,115.7,111.6,111.9,27313
HAVELLS,20110721,366,377.85,356,372.95,679872
HBLPOWER,20110721,17.5,18.6,17.5,18.15,27413
HBSTOCK,20110721,13.55,14.85,13.55,13.7,653
HCC,20110721,33.85,34,33.05,33.25,1692790
HCIL,20110721,53.2,54,51.7,51.95,76994
HCL-INSYS,20110721,87.8,88.3,87.65,87.95,19935
HCLTECH,20110721,495,507.7,493.3,503.4,519487
HDFC,20110721,693,702.35,691.05,698.55,652707
HDFCBANK,20110721,504.8,504.9,494.5,496.3,3220256
HDFCMFGETF,20110721,2279.05,2294.95,2276.5,2289.9,3177
HDIL,20110721,157.1,158.45,153.2,154,3702877
HEG,20110721,237,240,237,238,14392
HEIDELBERG,20110721,37.05,37.5,36.3,36.55,32191
HELIOSMATH,20110721,31.35,32.5,31,31.2,7351
HERCULES,20110721,334.2,338.85,321.25,324.65,830418
HERITGFOOD,20110721,215,220,215,215.8,799
HEROHONDA,20110721,1750,1798.8,1730.25,1785.25,1691160
HEXAWARE,20110721,74.7,79.7,74.7,79.35,3928725
HFCL,20110721,16,16.2,15.65,15.7,909835
HGSL,20110721,400,400,386,387.3,5895
HIKAL,20110721,326,326,305,306.3,379
HILTON,20110721,17.3,17.3,17,17,250
HIMATSEIDE,20110721,33,33.8,32.75,32.75,35720
HINDALCO,20110721,178.8,178.9,176,176.85,3079282
HINDCOPPER,20110721,267.2,269.4,262.2,264,48473
HINDDORROL,20110721,51,51.75,50.35,50.85,43588
HINDMOTORS,20110721,17.8,18.2,17.6,17.75,221526
HINDNATGLS,20110721,217,217.95,214.8,217.35,579
HINDOILEXP,20110721,181.35,184.05,177.8,178.85,501118
HINDPETRO,20110721,399.05,402.05,396.05,397.85,197735
HINDUJAFO,20110721,84,84,75.65,79.95,101558
HINDUJAVEN,20110721,324,355.8,320,349.85,54583
HINDUNILVR,20110721,332.75,336.3,331.4,333.75,1530879
HINDZINC,20110721,139.2,141.5,136.15,138.05,2496841
HIRECT,20110721,52.75,54.9,52.75,53.35,10005
HITACHIHOM,20110721,197.05,209.9,197.05,203.9,306526
HITECHGEAR,20110721,131,140,130.6,136.85,14135
HITECHPLAS,20110721,95,95,91.5,92.95,454
HMT,20110721,59.2,60.35,58.3,59.15,116463
HMVL,20110721,133.4,134.95,131,133.25,3987
HNGSNGBEES,20110721,1281,1289.95,1280,1289.84,61
HOCL,20110721,33.5,34,32.6,32.75,59135
HONAUT,20110721,2740,2823,2672,2773.9,2802
HONDAPOWER,20110721,425,432,407,411.2,2221
HOTELEELA,20110721,48.15,48.7,46.55,46.7,534629
HOTELRUGBY,20110721,12.1,12.1,11.25,11.95,53090
HOVS,20110721,88.7,91,88.7,89.45,10150
HSIL,20110721,176.95,188,176.95,187.6,101380
HTMEDIA,20110721,167,167.6,162,162.5,10008
HYDRBADIND,20110721,374.65,391.95,357.9,383.65,303238
HYDROS&S,20110721,21,21.7,21,21.7,130
IBPOW,20110721,17.1,17.85,17,17.4,247153
IBREALEST,20110721,119.55,119.95,116.7,117.25,1227880
IBSEC,20110721,13.25,13.4,13.1,13.2,338787
ICICIBANK,20110721,1042,1054.15,1037.25,1041,1396248
ICIL,20110721,14.4,14.4,11.8,11.8,630
ICRA,20110721,1134.1,1225,1134.1,1197.15,30286
ICSA,20110721,100.1,100.85,98.6,99.15,58952
IDBI,20110721,133.15,135.3,130.5,133,1027019
IDEA,20110721,79,80.4,78.15,79.7,1596045
IDFC,20110721,139.5,140.15,136.05,137.15,4505159
IFBAGRO,20110721,85.6,87,81,81.85,44529
IFBIND,20110721,136.5,137.8,132.65,133.75,15813
IFCI,20110721,46.5,46.9,46.05,46.2,3036293
IFGLREFRAC,20110721,31.75,31.75,30.65,31.1,4059
IGARASHI,20110721,53,54,52.05,52.35,4474
IGL,20110721,390.05,402.9,388.1,400.9,439286
IGPL,20110721,25,26.25,25,25.35,1466
IL&FSENGG,20110721,134.8,148.95,131.4,137.6,91283
IL&FSTRANS,20110721,225.9,227.85,210.1,217.35,26209
IMPAL,20110721,668,682,660.3,661.3,53
IMPEXFERRO,20110721,9.6,9.65,9.6,9.65,1000
INDBANK,20110721,10.6,10.6,10.05,10.15,13612
INDHOTEL,20110721,77.7,78.2,76.6,76.9,428411
INDIABULLS,20110721,173.8,185,172.95,180.5,3740537
INDIACEM,20110721,71.45,72.3,71.15,71.4,318953
INDIAGLYCO,20110721,142.1,165.95,140.1,162.45,1013773
INDIAINFO,20110721,85.9,87.8,84.7,85.35,126466
INDIANB,20110721,230,231,227.5,229.8,102366
INDIANCARD,20110721,109.05,113.5,109,109,131
INDIANHUME,20110721,125.4,129,125.25,128.95,1394
INDLMETER,20110721,96,98.5,94.1,94.1,1246
INDNIPPON,20110721,260,260,252.5,256.25,114
INDOASIFU,20110721,72,72,70.65,70.95,18502
INDOCO,20110721,458,468,455.1,456.95,5382
INDORAMA,20110721,44.9,45,42.8,43.55,92295
INDOSOLAR,20110721,14.6,14.75,14.35,14.45,154106
INDOTECH,20110721,137.95,137.95,133.8,134,2480
INDOWIND,20110721,23.2,23.95,18.7,19,12172186
INDRAMEDCO,20110721,36,36.1,35.7,35.85,19813
INDSWFTLAB,20110721,101.7,103,101.05,101.4,56197
INDSWFTLTD,20110721,32.8,32.8,32.15,32.2,3264
INDUSFILA,20110721,20.25,20.25,19.75,20.25,1621
INDUSINDBK,20110721,274.1,277.95,270,271.65,781925
INEABS,20110721,639,639,625,626.3,3931
INFINITE,20110721,122.2,123,121.65,122.25,11672
INFODRIVE,20110721,14.85,14.85,14.2,14.7,963
INFOMEDIA,20110721,15.4,15.5,15.1,15.15,4061
INFOTECENT,20110721,137,138.4,135.1,137.55,9129
INFRABEES,20110721,306.5,306.5,305,306.25,4
INFY,20110721,2745.2,2784.5,2736.8,2768.1,737136
INGERRAND,20110721,515,515,473.1,493.45,156477
INGVYSYABK,20110721,358.6,366,349.5,363.75,105095
INNOIND,20110721,102,105.5,100.4,102.85,35109
INOXLEISUR,20110721,50,51.85,49.7,50.15,454611
INSECTICID,20110721,330.5,334.4,328.15,329.5,83056
IOB,20110721,145,145,141,141.2,164143
IOC,20110721,333.9,333.9,325.85,326.75,307918
IOLCP,20110721,35.8,36.5,34.85,36.4,3167
IOLN,20110721,7.5,7.75,7.15,7.45,3357
IPCALAB,20110721,338.95,339,331,337.9,37874
IPGETF,20110721,2303,2305,2282.05,2290.4,137
IPRINGLTD,20110721,79,79,78.5,78.5,259
IRB,20110721,187.4,193.6,179.35,184.35,7305417
ISFT,20110721,59.35,60,59.1,59.95,2261
ISMTLTD,20110721,41.5,41.9,40.55,40.75,24525
ISPATIND,20110721,19.1,19.25,19,19.05,937632
ITC,20110721,204.5,207.8,204.5,207.1,4932724
ITDCEM,20110721,163.15,166.95,163.15,164,866
ITI,20110721,32.45,32.45,31.35,31.4,102938
IVC,20110721,33.2,33.2,32.15,32.55,11508
IVP,20110721,50.35,50.35,45.75,48.1,1154
IVRCLAH,20110721,46.55,46.9,45.8,46,22356
IVRCLINFRA,20110721,69.25,69.25,66.25,66.9,2323363
J&KBANK,20110721,849,863.9,849,857.9,3871
JAGRAN,20110721,110.2,113.4,109.15,110.05,56543
JAGSNPHARM,20110721,15,15.5,15,15,3012
JAIBALAJI,20110721,190,194.85,183.2,185.85,41092
JAICORPLTD,20110721,118,121,114,117.55,341363
JAINSTUDIO,20110721,12.25,12.85,12.2,12.2,1100
JAMNAAUTO,20110721,129.7,129.7,122.7,125,686
JAYAGROGN,20110721,88.95,89,85.5,86.2,6844
JAYBARMARU,20110721,73,74.8,73,73.55,934
JAYNECOIND,20110721,22.8,22.8,21.2,21.45,35995
JAYSREETEA,20110721,166,167.25,162.95,163.3,44213
JBCHEPHARM,20110721,140.2,146.5,140.2,141.8,204829
JBFIND,20110721,158.25,159.75,156.1,156.5,36008
JENSONICOL,20110721,4.5,4.8,4.4,4.5,8554
JETAIRWAYS,20110721,491.1,498.6,485.4,487.85,780067
JHS,20110721,44,44,40.3,41.15,153486
JIKIND,20110721,7.35,7.4,7.25,7.35,1821
JINDALPHOT,20110721,169.75,173.5,166.05,167.45,134892
JINDALPOLY,20110721,283.1,284.05,275.4,276.5,163221
JINDALSAW,20110721,158.8,159.85,157.7,158.5,79344
JINDALSTEL,20110721,625,633.4,625,629.2,495541
JINDALSWHL,20110721,966.8,982,958.05,961.1,20285
JINDCOT,20110721,109.15,113,109,109.55,26732
JINDRILL,20110721,455.45,458.85,446.9,447.3,6262
JINDWORLD,20110721,188.75,192.5,180.4,182.85,39144
JISLJALEQS,20110721,167.95,168.8,165.25,165.75,639074
JKCEMENT,20110721,113.5,113.5,109,110.5,74031
JKIL,20110721,136.5,139,136.5,137.95,3429
JKLAKSHMI,20110721,44,44,43.3,43.45,36161
JKPAPER,20110721,47.05,47.1,46.1,46.4,298269
JKTYRE,20110721,111,111.45,108.1,108.9,186554
JMCPROJECT,20110721,165,165,160.2,160.7,1913
JMFINANCIL,20110721,22.65,23.1,22.5,22.65,322395
JMTAUTOLTD,20110721,69.9,72.5,67,67.1,869
JOCIL,20110721,265.45,270.3,265.45,269.75,2842
JPASSOCIAT,20110721,75.75,76.3,74.25,74.65,8657471
JPINFRATEC,20110721,51.55,52.45,51.1,51.2,125854
JPPOWER,20110721,45.75,45.75,44.55,44.65,182022
JSL,20110721,107,107.9,106.65,107.4,18138
JSWENERGY,20110721,76,76.55,69.85,71,4910075
JSWSTEEL,20110721,868.05,871,854.1,856.15,478707
JUBILANT,20110721,215.3,223.9,214,215.15,260387
JUBLFOOD,20110721,880,894.4,859.25,864.55,932637
JUBLINDS,20110721,199,204.7,194.5,199.25,247080
JUMBO,20110721,20.55,21.9,20.55,21.55,2209
JUNIORBEES,20110721,111,112.88,110.5,110.58,45702
JUPITER,20110721,20.3,20.55,20,20.05,138166
JVLAGRO,20110721,20.9,21.1,20,20.5,18249
JYOTHYLAB,20110721,243,249,238.4,239.75,46788
JYOTISTRUC,20110721,90,94.2,89.05,90.25,348824
KABRAEXTRU,20110721,55.2,56.5,54.15,54.95,12399
KAJARIACER,20110721,107.5,108.95,103.55,107.4,303094
KAKATCEM,20110721,70.5,70.95,68.5,68.5,375
KALECONSUL,20110721,81.1,83,81,82.05,3853
KALINDEE,20110721,115.25,117.85,114.15,116.1,169078
KALPATPOWR,20110721,130,131,126.55,127.3,13141
KAMATHOTEL,20110721,97.1,100.05,96.1,96.75,32492
KANORICHEM,20110721,53,54.45,52.3,53.5,149545
KANSAINER,20110721,869,879.5,864,864.5,321
KARMAENG,20110721,14,14.9,13.85,14.25,8245
KARURVYSYA,20110721,421.8,424,413.1,421.75,57144
KAUSHALYA,20110721,10.9,10.9,10,10.15,10978
KAVVERITEL,20110721,156,159.95,153.5,154.15,59508
KBIL,20110721,631.1,662,631.1,660.05,75
KCP,20110721,24.85,25,24.5,24.55,29988
KCPSUGIND,20110721,15.55,15.75,15.45,15.5,11855
KEC,20110721,83.2,84.4,82.5,83.15,88026
KECL,20110721,44.65,45,43.6,43.85,2964
KEI,20110721,21.55,21.8,21.25,21.5,23641
KEMROCK,20110721,508.1,511.5,507.95,508.1,3447
KERNEX,20110721,103.5,107.4,103.25,106,76809
KESARENT,20110721,49.5,49.9,48.8,49.2,404
KESORAMIND,20110721,154.5,154.85,148.75,149.6,123147
KFA,20110721,38.2,38.6,37.75,37.9,798550
KGL,20110721,12,12,11.65,11.75,459048
KHAITANELE,20110721,112.9,112.9,108.45,109.05,282
KHAITANLTD,20110721,29.9,31.45,27.15,29.1,2570
KHANDSE,20110721,15.1,15.1,14.25,14.5,10425
KICL,20110721,655.05,663.15,655.05,661.4,335
KIL,20110721,16.8,17.5,16.8,17.05,1729
KILITCH,20110721,70.2,72.5,70.15,71.05,2436
KINETICMOT,20110721,19.1,19.75,19,19.1,6245
KIRIINDUS,20110721,197.15,198.95,191.6,192.6,14900
KIRLOSBROS,20110721,182.8,182.8,171,171.3,5030
KIRLOSENG,20110721,135.05,136.7,132.25,135.2,21785
KIRLOSIND,20110721,288,299,288,295.1,364
KITPLYIND,20110721,3.85,4,3.75,3.95,6059
KKCL,20110721,700,712,696.5,708.55,1759
KLGSYSTEL,20110721,53,53,49.55,50.1,71239
KMSUGAR,20110721,3.45,3.45,3.2,3.2,3795
KNRCON,20110721,130,134,128,129.75,2349
KOHINOOR,20110721,49.95,50.3,48.8,48.95,31697
KOLTEPATIL,20110721,49.05,49.4,47.65,47.95,36666
KOPRAN,20110721,24,26.75,23.75,25.45,199580
KOTAKBANK,20110721,489.6,492.5,473.1,475.95,1752544
KOTAKGOLD,20110721,2236.05,2250,2235,2239.75,4656
KOTAKNIFTY,20110721,538.3,567,538.3,567,269
KOTAKPSUBK,20110721,421,427,420,420,263
KOTARISUG,20110721,6.15,6.4,6.15,6.15,14527
KOTHARIPET,20110721,8.65,8.95,8.65,8.75,39224
KOTHARIPRO,20110721,620,625.95,582.85,599.85,102940
KOUTONS,20110721,29,30.3,28.75,29.05,232584
KPIT,20110721,191,191.8,182.5,184.8,246042
KPRMILL,20110721,112.05,116.8,112.05,114.05,2034
KRBL,20110721,29.9,30.4,29.25,29.45,618084
KRISHNAENG,20110721,4,4,3.5,3.85,903
KSBPUMPS,20110721,235.05,240,235,235.6,5084
KSCL,20110721,452.05,463.8,452,454.5,9919
KSE,20110721,212.05,222.5,212.05,217.1,340
KSERASERA,20110721,11,11.05,11,11,165343
KSK,20110721,111.3,112.25,111.3,111.65,32393
KSL,20110721,73.9,75,73.15,74.5,39130
KSOILS,20110721,20.3,20.3,19.5,19.6,1199739
KTIL,20110721,88.5,88.5,82,82,1726
KTKBANK,20110721,123.1,124.8,121.8,122.3,264537
KWALITY,20110721,142.6,146.85,142,146,775110
LAKPRE,20110721,45.1,51.35,45.1,51.35,687
LAKSHMIEFL,20110721,36.7,36.7,36.05,36.35,44040
LAKSHMIMIL,20110721,1810,1865,1785.5,1788.85,78
LAKSHVILAS,20110721,123.8,124.5,121.25,123.3,95987
LANCOIN,20110721,36.15,36.95,36.15,36.8,23631
LAOPALA,20110721,87.3,91.95,87.3,88.85,7986
LAXMIMACH,20110721,2232.05,2256,2230,2232.25,2014
LCCINFOTEC,20110721,0.7,0.7,0.65,0.7,81833
LGBBROSLTD,20110721,290,291.25,286.35,287.1,3706
LGBFORGE,20110721,3.35,3.35,2.9,2.95,8756
LIBERTSHOE,20110721,103,105.95,103,103.7,80384
LICHSGFIN,20110721,216,216,210.15,212.3,6669485
LIQUIDBEES,20110721,1000.01,1000.01,999.99,999.99,67753
LITL,20110721,22.4,22.45,20.8,20.95,16126433
LLOYDELENG,20110721,54.25,55,54.1,54.6,13632
LLOYDFIN,20110721,1.15,1.3,1.15,1.3,1310
LLOYDSTEEL,20110721,16.95,17.15,16.55,16.65,367903
LML,20110721,11.1,11.3,11,11,235622
LOGIXMICRO,20110721,16.8,17.4,16.75,17.25,3695
LOKESHMACH,20110721,44.1,46.45,44.1,44.85,4133
LOTUSEYE,20110721,10.95,11.35,10.55,11.15,29551
LOVABLE,20110721,438.2,451,428.85,433.75,1746735
LPDC,20110721,3,3,2.8,2.85,6343
LT,20110721,1800,1814.5,1786.35,1789.55,1401422
LUMAXAUTO,20110721,39.15,40.3,39.15,40,555
LUMAXIND,20110721,338.95,338.95,325.5,329.8,3187
LUMAXTECH,20110721,171,175.8,171,173.4,2508
LUPIN,20110721,462.7,462.7,441,446.85,1513008
LYKALABS,20110721,19.1,19.1,18.4,18.45,8794
M&M,20110721,702,710.55,697.1,702.65,589715
M&MFIN,20110721,702.95,702.95,685.1,690.9,16262
M100,20110721,8.2,8.2,7.9,7.9,60816
M50,20110721,78.8,78.8,74.5,75.01,3423
MAANALU,20110721,57.7,58.1,57.7,58.1,110
MADHAV,20110721,17.9,18.9,17.9,18.85,1986
MADHUCON,20110721,85.5,87.5,84.5,86.5,4879
MADRASCEM,20110721,84.1,84.9,83.65,83.9,12110
MADRASFERT,20110721,28.05,29.45,27.7,28.55,277955
MAGMA,20110721,75.4,76.8,75,75.75,39561
MAGNUM,20110721,5.15,5.5,5.15,5.4,1670
MAHABANK,20110721,56.25,56.25,53.85,54.1,107002
MAHINDFORG,20110721,72,72,69.5,69.6,15337
MAHINDUGIN,20110721,55,55.95,53.7,55,54485
MAHLIFE,20110721,368.1,380.25,368.1,375.9,60626
MAHSCOOTER,20110721,351,355.35,347,350.1,2453
MAHSEAMLES,20110721,375,376,372.5,374.05,5857
MAITHANALL,20110721,134.3,138,134.3,138,23
MALUPAPER,20110721,13.4,13.8,13.35,13.4,1179
MALWACOTT,20110721,32,34.2,32,33.5,548
MANAKSIA,20110721,66.5,66.9,60.5,62.55,49658
MANALIPETC,20110721,14,14.4,13.9,13.95,129421
MANAPPURAM,20110721,56,56.2,54.6,55.3,559697
MANDHANA,20110721,207.5,213,200,210.4,142848
MANGALAM,20110721,13.85,13.85,13.45,13.5,4070
MANGCHEFER,20110721,30.65,31.6,30.4,30.7,240690
MANGLMCEM,20110721,117.2,119.75,117.1,117.8,58384
MANGTIMBER,20110721,16,17,16,16.45,5730
MANINDS,20110721,141.15,143.5,141.15,142.95,21351
MANINFRA,20110721,130.75,130.95,127.05,127.55,2616
MANJEERA,20110721,90,92,87,91.9,125
MANJUSHREE,20110721,74,74.95,72.9,73.85,1753
MANUGRAPH,20110721,52,56,51.2,53.25,21403
MARALOVER,20110721,13,13,13,13,500
MARG,20110721,94.35,95,93.15,93.45,25181
MARICO,20110721,159.8,164.75,159.2,161.95,272705
MARKSANS,20110721,3,3.05,2.9,2.95,265918
MARUTI,20110721,1155.05,1170,1147.6,1156.15,172146
MASTEK,20110721,122.2,125,120.25,120.95,107138
MAWANASUG,20110721,24.05,24.1,23.7,23.7,2724
MAX,20110721,177.3,181.2,177.05,177.65,58714
MAXWELL,20110721,19.9,21,19.8,20.25,223200
MBECL,20110721,157,164.5,155.65,162,186374
MBLINFRA,20110721,151,151.9,149.7,150,4532
MCDHOLDING,20110721,84.5,85.85,82.5,82.95,6036
MCDOWELL-N,20110721,1035.05,1035.05,990.6,994.2,363335
MCLEODRUSS,20110721,281,283.7,278.15,279.85,230812
MEGASOFT,20110721,23.25,24.15,23.05,23.15,5024
MEGH,20110721,13.25,13.5,13.05,13.1,80379
MELSTAR,20110721,7.85,8.15,7.85,8.15,6
MERCK,20110721,700,705,683.15,702.35,2992
MHRIL,20110721,386,386,370.25,372.35,7828
MIC,20110721,13.25,13.25,12.85,12.95,192005
MICROSEC,20110721,36.3,36.6,35.2,35.5,45283
MICROTECH,20110721,127.9,128,123.7,124.2,44040
MINDAIND,20110721,235,241.2,232.05,235,169
MINDTREE,20110721,373.6,425.8,373.6,393.85,2237223
MIRCELECTR,20110721,23.9,23.9,23,23.25,66988
MIRZAINT,20110721,23.35,23.35,22.2,22.4,68883
MLL,20110721,38,38,37.35,37.55,383617
MMFL,20110721,108,113.35,108,111.6,11254
MMFSL,20110721,105.2,105.8,97.6,101.75,65566
MMTC,20110721,880.1,959,880.1,920.6,138858
MOIL,20110721,358.95,363.7,353.35,354.65,165494
MONNETISPA,20110721,497.9,503,496.15,500.05,21915
MONSANTO,20110721,1727,1759,1723.3,1739.35,345
MORARJETEX,20110721,16,16.45,16,16.15,3325
MOREPENLAB,20110721,4.7,4.75,4.6,4.65,74467
MOSERBAER,20110721,38.5,38.5,37.05,37.5,300504
MOTHERSUMI,20110721,240,242.5,235,241,1206832
MOTILALOFS,20110721,97.3,98.2,96.25,97.05,2787
MOTOGENFIN,20110721,46,46.45,46,46.45,524
MPHASIS,20110721,427.5,427.5,420.1,422.05,124971
MPSLTD,20110721,40,40.1,38.5,39.95,2411
MRF,20110721,7750,7809.85,7402.25,7430.8,23121
MRO-TEK,20110721,15.25,16.6,15.25,15.5,29791
MRPL,20110721,78,80.2,77.2,79.3,931488
MSPL,20110721,54.05,56.85,53,53.45,9235
MTNL,20110721,43.9,43.9,43.15,43.25,117947
MUDRA,20110721,25.4,26.25,25.1,25.6,27222
MUKANDENGG,20110721,39.45,39.45,37.2,37.6,58723
MUKANDLTD,20110721,45,45.35,43.05,43.75,7832
MUKTAARTS,20110721,38.85,40.95,38.8,39.5,2002
MUNDRAPORT,20110721,156.45,158.85,154.1,157.35,1069969
MUNJALAU,20110721,143,145.8,139.2,141.9,2270
MUNJALSHOW,20110721,60.1,60.6,57.6,59.2,52254
MURLIIND,20110721,31.25,33,31.25,32.2,8220
MURUDCERA,20110721,18.9,19.4,18.5,18.7,4388
MUTHOOTFIN,20110721,172.4,180.4,171.65,176.2,830956
MVL,20110721,24.3,24.45,23.65,24,74026
MVLIND,20110721,16.45,17,16.4,16.65,833
MYSOREBANK,20110721,644.7,665,636,639.25,4135
N100,20110721,106.86,106.86,102.29,104,321
NAGARFERT,20110721,33,33.2,32,32.15,653414
NAGREEKCAP,20110721,28.05,28.05,28.05,28.05,1
NAGREEKEXP,20110721,21.1,23.25,21.1,22.85,2317
NAHARCAP,20110721,67.5,67.5,62.55,63.95,1963
NAHARINDUS,20110721,47.35,53,47.35,53,225
NAHARPOLY,20110721,29.1,29.95,28.4,29.75,1947
NAHARSPING,20110721,83.1,84.8,81.55,81.85,15373
NANDAN,20110721,2.6,2.65,2.55,2.6,205064
NATCOPHARM,20110721,265,286,265,284.05,8073
NATIONALUM,20110721,80,81.15,79.2,80.6,580796
NATNLSTEEL,20110721,19.15,19.65,19.05,19.15,52335
NAUKRI,20110721,725,745.5,717.05,736.75,9569
NAVINFLUOR,20110721,328.9,329,321.15,322.95,13368
NAVNETPUBL,20110721,67.85,67.95,66.5,67.5,178823
NBVENTURES,20110721,218.15,218.85,215.5,216.05,12847
NCC,20110721,83.6,83.6,78.5,79.65,487508
NCLIND,20110721,36.05,37.15,36.05,36.25,8578
NDTV,20110721,63.7,63.7,61.1,61.5,113380
NECLIFE,20110721,24.9,24.9,24.3,24.35,8877
NEHAINT,20110721,173.55,179.45,172.25,173.9,20817
NELCAST,20110721,106.95,109,103,107.05,4705
NELCO,20110721,74,75.4,72.6,72.9,33733
NEOCURE,20110721,3.15,3.25,3.1,3.25,1501
NEPCMICON,20110721,4.2,4.35,4.2,4.25,17050
NESCO,20110721,653,668.7,646,653.3,207903
NESTLEIND,20110721,4291.95,4383,4212.35,4250.65,11806
NET4,20110721,115.55,116.5,113,114.3,28824
NETWORK18,20110721,124.3,128.45,123.45,124.15,1177449
NEULANDLAB,20110721,111,113.5,111,111.45,189
NEXTMEDIA,20110721,6.5,6.7,6.2,6.45,35196
NEYVELILIG,20110721,101,101,99,99.5,81409
NFL,20110721,89.9,90,88.1,88.65,34865
NHPC,20110721,24.8,25.1,24.75,25.05,3857628
NIFTYBEES,20110721,564.8,567.4,563,564.39,47364
NIITLTD,20110721,56.6,58.6,55.8,58.15,1046939
NIITTECH,20110721,221.95,226.9,216,225.5,610385
NILKAMAL,20110721,290.55,291.2,283.45,285.25,3753
NIPPOBATRY,20110721,420.1,435,409.5,423.4,5861
NISSAN,20110721,2.45,2.55,2.45,2.45,91411
NITCO,20110721,61.9,61.9,59.95,60.1,6455
NITESHEST,20110721,22.7,23,22.6,22.7,23706
NITINFIRE,20110721,104.9,105.75,102.7,104.2,150527
NITINSPIN,20110721,9,9.1,8.85,8.9,6257
NMDC,20110721,253,257,252.15,256.4,198048
NOCIL,20110721,17.7,17.7,17.1,17.2,81973
NOIDATOLL,20110721,26.55,27.15,25.95,26.1,826769
NOL,20110721,52,52,50.05,50.05,107
NORBTEAEXP,20110721,6.5,6.75,6.4,6.5,5970
NORTHGATE,20110721,11.5,11.7,11.45,11.45,9957
NOVOPANIND,20110721,42.5,42.5,42.2,42.2,270
NRBBEARING,20110721,51.2,51.85,50.3,50.5,4234
NRC,20110721,5.45,6.1,5.45,5.9,37784
NSIL,20110721,785,785,764,782.15,137
NTPC,20110721,185.3,186.6,182.1,182.85,1312857
NUCENT,20110721,1.75,1.75,1.75,1.75,30
NUCHEM,20110721,4.25,4.4,4.15,4.15,4384
NUCLEUS,20110721,79,80,78.3,78.55,11808
NUMERICPW,20110721,222,227.9,221,221.4,1158
NUTEK,20110721,4.85,4.85,4.5,4.55,1231251
OBEROIRLTY,20110721,236.7,240.6,235,237.45,7903
OCL,20110721,101.3,101.75,99.8,101.5,96866
OFSS,20110721,2155,2162.95,2133,2149.15,17626
OIL,20110721,1283.85,1365.1,1265,1269.3,67966
OILCOUNTUB,20110721,73.1,73.35,71,71.25,13954
OISL,20110721,53.9,54.5,53.5,53.85,18489
OMAXAUTO,20110721,44.85,45.95,44.75,45.7,9666
OMAXE,20110721,138.5,139.9,135.9,138.7,120527
OMKARCHEM,20110721,84,84,78.05,80.5,15906
OMMETALS,20110721,33.1,35.75,33.1,35,1689
OMNITECH,20110721,144.9,147.75,144.75,145.6,12890
ONGC,20110721,275.4,278.8,274.8,277,1881124
ONMOBILE,20110721,98.2,98.7,95.1,96.3,433082
ONWARDTEC,20110721,33.7,35.1,33.65,34.25,1929
OPTOCIRCUI,20110721,279.8,281.15,275.3,275.9,154272
ORBITCORP,20110721,43.85,44.3,41.9,42.3,718862
ORCHIDCHEM,20110721,241,241,227.8,228.8,1427892
ORIENTABRA,20110721,31.55,32.5,31.55,32.4,16265
ORIENTALTL,20110721,9.2,9.5,9,9.05,8909
ORIENTBANK,20110721,346,351.8,344.35,349.25,359635
ORIENTCERA,20110721,55.85,55.85,55,55,600
ORIENTHOT,20110721,29.25,30.35,29.25,30,5443
ORIENTPPR,20110721,55,56.7,55,56.35,19875
ORISSAMINE,20110721,54499.95,55400,53550,53928.15,1252
OUDHSUG,20110721,29.95,30,29.5,29.95,1214
PAEL,20110721,28,28.6,27,27.65,3597
PAGEIND,20110721,2150,2449,2052,2198.9,136255
PANACEABIO,20110721,167,170,163.3,164.35,5345
PANASONIC,20110721,108.5,110.95,108.2,110.95,160
PANCARBON,20110721,148.05,150,146.1,147.3,503
PANORAMUNI,20110721,14.8,14.8,14.15,14.3,8685
PANTALOONR,20110721,325,325.05,309.85,319.5,484642
PAPERPROD,20110721,78,78,74.4,74.7,35695
PARABDRUGS,20110721,39.8,40.4,39.55,39.65,12944
PARACABLES,20110721,3.65,3.75,3.65,3.75,3043
PARAL,20110721,260,265.1,260,262.25,4279
PARAPRINT,20110721,30,30.3,28.25,28.7,1375929
PARASPETRO,20110721,0.55,0.65,0.55,0.6,136615
PAREKHPLAT,20110721,4.35,4.55,4.3,4.4,14811
PARSVNATH,20110721,48.85,48.95,48.15,48.5,612091
PATELENG,20110721,142,145.55,140.15,142.9,430935
PATINTLOG,20110721,32.5,32.85,32,32.25,5226
PATNI,20110721,329.5,335.5,329.5,333,78533
PATSPINLTD,20110721,15,17,15,16.65,6179
PBAINFRA,20110721,60.55,61.9,60,60.25,9339
PDPL,20110721,112.55,114.7,112,113.55,1840
PDUMJEIND,20110721,21,21.5,21,21.05,751
PDUMJEPULP,20110721,22.35,22.35,21.2,21.4,4699
PEACOCKIND,20110721,3.05,3.35,3,3.3,4380
PENIND,20110721,41.5,41.5,39.7,40,42598
PENINLAND,20110721,52.25,53,51.1,51.45,12350
PEPL,20110721,3.1,3.1,3.1,3.1,100
PERIATEA,20110721,157.45,162.9,150,154.65,1261
PERSISTENT,20110721,365,367,357.3,359,34599
PETRONENGG,20110721,358.55,366.5,358.55,365.05,1902
PETRONET,20110721,154.1,169.25,135,168.2,18125638
PFC,20110721,210,214,205.75,208.8,2555306
PFIZER,20110721,1460.5,1474.5,1450,1463.7,2931
PFOCUS,20110721,70.95,75,70.05,72.3,3779651
PFS,20110721,18.05,18.2,17.8,17.95,62111
PGHH,20110721,1995,1995,1953,1968.15,680
PHILIPCARB,20110721,141.6,144.05,141.6,143.55,20822
PHOENIXLTD,20110721,213.1,215,210,212.9,3491
PIDILITIND,20110721,180,180.95,173.5,174.8,65788
PIIND,20110721,880,914,880,900.45,8093
PIONDIST,20110721,54,57.95,53,55.4,1977
PIONEEREMB,20110721,18.35,18.35,16.8,17,3947
PIPAVAVYD,20110721,75.55,76.5,74.7,75.15,513648
PIRGLASS,20110721,132.6,140.95,132.6,136.1,36629
PIRHEALTH,20110721,396.8,401.8,394.5,397.9,61226
PIRLIFE,20110721,93.2,94.85,93,93.9,7255
PITTILAM,20110721,39.5,40,38.75,38.9,3384
PLASTIBLEN,20110721,203,207.75,203,207.75,250
PLETHICO,20110721,369.2,381.5,369.2,378.15,107206
PNB,20110721,1158,1158,1136,1141.4,83905
PNBGILTS,20110721,24.65,24.9,24.65,24.8,29566
PNC,20110721,16,16.8,16,16.55,10296
POCHIRAJU,20110721,16.05,16.35,15.1,15.55,40262
POLARIND,20110721,5.45,5.5,5.25,5.3,14663
POLARIS,20110721,175.95,175.95,172.15,174.5,708621
POLYPLEX,20110721,195.85,197.35,191.65,192.1,60612
PONDYOXIDE,20110721,32.05,33.65,32,32.6,5431
PONNIERODE,20110721,90,90,89.05,89.05,14
POWERGRID,20110721,109,109.5,107.15,108,1692161
PPAP,20110721,110,110.9,108.8,110,4560
PRADIP,20110721,83.95,85.5,82.55,83.75,4531
PRAENG,20110721,10.8,11,10.65,10.85,14726
PRAJIND,20110721,79.3,81.4,77.1,80.75,2440631
PRAKASH,20110721,68.5,70.9,68.05,68.3,101287
PRAKASHSTL,20110721,143,143,139.35,140.05,2696
PRATIBHA,20110721,56.85,57.9,56.05,57.25,66296
PRECOT,20110721,149.75,153,149.2,151.9,11517
PRECWIRE,20110721,128.95,128.95,122.5,123.2,1062
PREMIER,20110721,92,92.85,91,91.35,3562
PRESTIGE,20110721,139.4,142.75,134.2,141.3,232473
PRETAILDVR,20110721,183.95,184,176.7,181.55,3698
PRICOL,20110721,20.85,20.9,20.4,20.65,11052
PRIMESECU,20110721,22.85,23.7,22.4,22.55,16122
PRISMCEM,20110721,45.9,46.25,45.5,46,557841
PRITHVI,20110721,29.45,29.7,28.5,28.75,1846
PROVOGUE,20110721,37.15,37.6,36.5,36.7,260159
PSB,20110721,98.1,98.4,96.9,97.05,47092
PSL,20110721,75,75.9,73.4,73.6,93726
PSUBNKBEES,20110721,413.3,414.75,411,411,139
PTC,20110721,82,83.75,82,82.35,1161095
PTL,20110721,32,33,31.5,31.75,64291
PUNJABCHEM,20110721,86,92,86,90.2,542
PUNJLLOYD,20110721,75.1,75.1,73.15,73.3,2778434
PURVA,20110721,84.4,85.4,82.6,82.85,47182
PVP,20110721,8.7,8.9,8.45,8.5,32477
PVR,20110721,118,124.5,117.95,123.4,302676
QGOLDHALF,20110721,1148,1148,1111.1,1113.8,630
QNIFTY,20110721,561.05,564.2,561.05,564.2,45
QUINTEGRA,20110721,3.5,3.75,3.4,3.75,61624
RADAAN,20110721,2.4,2.45,2.3,2.4,4444
RADICO,20110721,134.9,134.9,130.35,132.85,90342
RAINBOWPAP,20110721,59.5,60.7,59.5,60.1,70732
RAINCOM,20110721,37.15,37.15,36.4,36.55,205131
RAJESHEXPO,20110721,110,110.8,108.55,110.4,328236
RAJOIL,20110721,32.45,32.45,31.1,31.15,21967
RAJPALAYAM,20110721,278,290.95,278,280.85,731
RAJRAYON,20110721,11.35,11.95,11.35,11.9,1912
RAJSREESUG,20110721,46.2,46.9,45.2,45.7,3338
RAJTV,20110721,50.55,50.65,49.1,49.55,19691
RAJVIR,20110721,135,135.8,132.5,132.5,902
RALLIS,20110721,149.1,149.1,143.25,145.1,136652
RAMANEWS,20110721,15.25,15.25,15,15.05,8020
RAMCOIND,20110721,43.25,44,43,43.1,38934
RAMCOSYS,20110721,92.05,93.4,91.95,92,545
RAMKY,20110721,279,282,275.1,278.6,2279
RAMSARUP,20110721,15.5,16,15.5,15.75,16252
RANASUG,20110721,5.4,5.45,5.3,5.3,113614
RANBAXY,20110721,536.75,536.75,530,532.65,283429
RANEENGINE,20110721,230,230,223.4,224,334
RANEHOLDIN,20110721,249.8,249.8,244.1,246.4,63
RANKLIN,20110721,14,14.7,14,14.25,1563
RATNAMANI,20110721,107,111.35,105.6,109.65,12197
RAYMOND,20110721,401.85,405,393.1,394.4,395751
RBL,20110721,123.95,123.95,120,123,192
RBN,20110721,82.5,84.8,80.9,81.5,231903
RCF,20110721,74.95,75,72.2,73.9,358502
RCOM,20110721,94.55,94.9,89.25,90.45,3738005
RECLTD,20110721,223.4,223.4,215.05,216.5,1942102
REDINGTON,20110721,97.95,98.85,96,97.45,1757458
REFEX,20110721,22,22,21.25,21.25,9715
REIAGROLTD,20110721,28.35,28.65,27.6,28.1,164070
REISIXTEN,20110721,32,33.55,31.3,32.9,10115
RELAXO,20110721,316.05,317.45,302.2,306.65,25807
RELBANK,20110721,1002.3,1037,1002.3,1018,59
RELCAPITAL,20110721,596,597.5,585.05,586.7,553963
RELGOLD,20110721,2188.6,2195,2160,2186.9,236419
RELGRNIFTY,20110721,547,552,547,552,2724
RELIANCE,20110721,875.95,875.95,857.55,860.85,1802647
RELIGARE,20110721,459,459,455,455.55,1825
RELIGAREGO,20110721,2308,2308,2293,2293.1,85
RELINFRA,20110721,572.95,577,566.8,572.45,445741
RELMEDIA,20110721,132.45,134.05,130.2,130.7,552021
RENUKA,20110721,70.8,71.8,69.7,69.95,3339292
REPRO,20110721,157.65,159,152.65,153.3,28282
RESPONIND,20110721,106,107.35,106,106.55,27183
RESURGERE,20110721,0.45,0.5,0.4,0.5,2229521
REVATHI,20110721,402.55,414,392.1,401.45,679
RICOAUTO,20110721,14.7,14.7,13.75,13.9,153955
RIIL,20110721,541.15,546.85,532.6,534.25,80165
RKDL,20110721,22.25,22.9,22.05,22.3,67347
RKFORGE,20110721,116.15,119,116.15,118.5,150
RMCL,20110721,6.8,7.2,6.7,6.8,12126
RML,20110721,149.95,149.95,140.75,140.75,128
ROHITFERRO,20110721,34.3,35.6,34.3,34.9,72547
ROHLTD,20110721,66.2,66.45,65.35,65.9,1776
ROLTA,20110721,124.15,125,120.5,121.45,506890
ROMAN,20110721,28.05,28.05,25.8,26,3011
RPGLIFE,20110721,83.25,85,83.25,83.75,2023
RPOWER,20110721,114,114.8,112.6,113.1,751405
RPPINFRA,20110721,81,81.45,78.9,79.65,40633
RSSOFTWARE,20110721,60.7,60.7,58.5,58.5,2576
RSWM,20110721,135.1,136.5,134.1,134.7,8704
RSYSTEMS,20110721,101.5,103,101.5,102.85,14869
RUBYMILLS,20110721,1104,1177,1053.65,1076.95,69878
RUCHINFRA,20110721,19.8,20.1,19.65,19.7,8904
RUCHIRA,20110721,10.3,10.95,10.25,10.85,2549
RUCHISOYA,20110721,96.45,97.2,96,96.6,37840
RUSHIL,20110721,150.2,175,143.65,169.85,12311954
SABTN,20110721,54.3,55,53.7,54.25,2256
SADBHAV,20110721,137.95,147,137.95,145.1,158614
SAGCEM,20110721,140,140,139,140,290
SAHPETRO,20110721,34.85,34.9,34,34.05,5770
SAIL,20110721,131.7,131.8,128.6,129.15,1340983
SAKHTISUG,20110721,34.7,34.7,34.05,34.15,31931
SAKSOFT,20110721,66,67,65.5,65.75,4506
SAKUMA,20110721,17.65,18.7,17.6,17.85,8113
SALORAINTL,20110721,29,29,27.6,27.9,504
SALSTEEL,20110721,6.8,7.1,6.65,6.7,38908
SAMBHAAV,20110721,1.55,1.55,1.55,1.55,1500
SANDESH,20110721,270.6,271,265.5,269.4,72
SANGAMIND,20110721,40.65,41.45,40.1,40.75,8503
SANGHIIND,20110721,16.35,16.6,15.65,15.95,7676
SANGHIPOLY,20110721,1.8,1.8,1.65,1.75,3903
SANGHVIFOR,20110721,32.55,34,32.55,33.2,15304
SANGHVIMOV,20110721,119,120.9,119,120.05,3836
SANWARIA,20110721,20.85,21.75,20.1,20.3,81321
SARDAEN,20110721,217,218.9,212.15,213.8,1225
SAREGAMA,20110721,75,75.9,71.55,72.45,34092
SASKEN,20110721,134.35,136.45,131.85,133.15,179661
SATHAISPAT,20110721,62,62.4,55.1,55.85,265141
SATYAMCOMP,20110721,86.7,89.35,85.7,86.05,3080582
SAVERA,20110721,38.3,39.85,38.3,39.05,947
SBBJ,20110721,499.7,515,490,491,42249
SBIGETS,20110721,2275,2295,2275,2291.15,3649
SBIN,20110721,2473,2479.45,2444,2455,784267
SBT,20110721,706.2,724.9,700.5,702.95,29152
SCI,20110721,104.8,104.85,103.15,103.55,73157
SEAMECLTD,20110721,111.1,115.8,108.1,109.7,13802
SEINVEST,20110721,16.7,17,16.2,16.5,107918
SELAN,20110721,309.7,312,298.3,300.85,85549
SELMCL,20110721,16.8,16.9,16.6,16.65,107139
SENTINEL,20110721,15,16.35,15,16.25,972
SERVALL,20110721,7.8,7.85,7.6,7.65,96712
SESAGOA,20110721,281.2,282,276.2,278.05,1721858
SESHAPAPER,20110721,250,253.9,242.05,247,261
SGFL,20110721,5.7,6.05,5.7,5.9,806
SGJHL,20110721,231.05,232.9,213.05,218.25,220635
SGL,20110721,5,5.15,4.45,5.15,5531
SHAHALLOYS,20110721,12.75,12.75,12.6,12.75,1308
SHANTIGEAR,20110721,44,44.7,43.85,44,57035
SHARIABEES,20110721,122.5,122.5,122.25,122.25,15
SHARRESLTD,20110721,49.55,49.95,48.3,48.65,856
SHASUNPHAR,20110721,78,79.35,76.5,77.05,15287
SHILPAMED,20110721,265,277,265,272,45077
SHILPI,20110721,18.35,18.75,18.2,18.6,63306
SHIV-VANI,20110721,216.4,217.5,213.65,214.4,13616
SHIVAMAUTO,20110721,121.8,121.8,118,120.55,1276
SHIVTEX,20110721,28.15,33.75,28.15,32.45,2206
SHLAKSHMI,20110721,85.15,87.35,84.75,85.1,14334
SHOPERSTOP,20110721,455,460,442.6,447.95,61286
SHPRE,20110721,5.9,6.6,5.85,6.1,22289
SHREEASHTA,20110721,4.75,4.8,4.7,4.75,1304261
SHREECEM,20110721,1820,1820,1761.75,1786,54325
SHREERAMA,20110721,5.4,5.5,5.4,5.4,5903
SHRENUJ,20110721,57,58.2,56.6,56.75,31192
SHREYANIND,20110721,20.45,20.45,19.7,19.7,306
SHREYAS,20110721,32.15,35.2,32.15,33.9,2302
SHRIRAMCIT,20110721,550,555,550,550,3066
SHRIRAMEPC,20110721,142.25,144,141.6,142,2609
SHYAMTEL,20110721,41.25,41.5,41.1,41.15,352
SICAGEN,20110721,26.4,27.5,22.4,24.85,23325
SICAL,20110721,78.15,78.8,77.9,78,336215
SIEMENS,20110721,914.8,935.25,912.45,928.9,370738
SILINV,20110721,86.5,93.8,86.5,89.15,249
SIMBHSUGAR,20110721,41,41.8,40,40.75,24226
SIMPLEX,20110721,103,108,102.2,103.85,3124
SIMPLEXINF,20110721,261,311.95,261,309,35118
SINTEX,20110721,181,182.8,177.6,178.3,674602
SIRPAPER,20110721,52.75,54.7,52.75,53.25,500
SITASHREE,20110721,6.25,7.4,6.2,7.4,69569
SIYSIL,20110721,365,377,362.05,375.3,1573
SJVN,20110721,21.8,22.5,21.75,22.1,105173
SKFINDIA,20110721,639,662,625,655.75,19288
SKMEGGPROD,20110721,8.85,9.05,8.8,9,2963
SKSMICRO,20110721,500,556,499.95,549.2,1287790
SKUMARSYNF,20110721,53.35,54.45,53.2,53.55,1062953
SMARTLINK,20110721,46.7,47.3,45.8,46.45,19124
SMLISUZU,20110721,377,383,377,383,248
SMPL,20110721,9.35,9.45,9.05,9.2,75105
SMSPHARMA,20110721,196,196,192.95,193,1989
SOBHA,20110721,260.1,275.95,260.1,271.9,46334
SOLARINDS,20110721,650.1,660,649.9,649.95,2822
SOMANYCERA,20110721,46,46,44,44.75,8869
SOMATEX,20110721,7.55,7.65,7.55,7.65,1251
SONASTEER,20110721,17.2,17.35,17,17.05,230986
SONATSOFTW,20110721,39.25,39.25,38,38.1,214565
SOTL,20110721,631,634.75,610,611.7,5107
SOUISPAT,20110721,8.25,8.25,8,8.05,50753
SOUTHBANK,20110721,24,24,23.3,23.5,3915763
SPANCO,20110721,133.05,136.7,133.05,134.15,890
SPARC,20110721,94.7,95.45,93.15,93.65,145409
SPECTACLE,20110721,15.15,16.2,15.15,15.95,235744
SPENTEX,20110721,12.5,13.2,12.5,13,27501
SPIC,20110721,34.8,36.9,34.7,35.15,4001606
SPICEMOBIL,20110721,112.65,118.7,112.6,117.5,70041
SPLIL,20110721,3.5,3.9,3.4,3.9,6119
SPMLINFRA,20110721,176.5,176.5,170.1,171.65,835
SPYL,20110721,29.8,30,29.8,30,410
SREINFRA,20110721,45.9,46.55,44.6,46.1,925754
SRF,20110721,320,330.4,314.3,320.5,101737
SRGINFOTEC,20110721,0.6,0.6,0.55,0.6,3659
SRHHLINDST,20110721,3.7,3.75,3.7,3.7,310
SRHHYPOLTD,20110721,42.3,43,42.05,43,1112
SRICHAMUND,20110721,39.1,39.1,39.1,39.1,133
SRTRANSFIN,20110721,672.25,691.2,671,688.1,218631
SSWL,20110721,282.25,287.85,279,280.65,53002
STAR,20110721,364.8,364.8,354.8,355.85,41527
STARPAPER,20110721,23,23.3,22.5,22.95,2392
STCINDIA,20110721,211.65,214.9,208.25,209.6,70703
STER,20110721,165.5,167,165.15,166.3,1413970
STERLINBIO,20110721,86.8,88.35,86.5,86.85,197476
STERTOOLS,20110721,118,118,115.25,117.1,190
STRTECH,20110721,53.05,53.25,52.1,52.25,233181
SUBEX,20110721,65.85,67.4,62.8,63.55,3752621
SUDAR,20110721,108.8,113.7,104.15,105.5,260908
SUDARSCHEM,20110721,755.75,764.7,755.6,758.05,519
SUJANATOW,20110721,31.5,31.85,30.7,30.9,398519
SUJANAUNI,20110721,5.9,5.95,5.6,5.7,32540
SUMEETINDS,20110721,44,44,40.85,42.85,533211
SUMMITSEC,20110721,91.1,96.5,91.1,93.3,867
SUNCLAYTON,20110721,149.9,149.9,148.15,148.15,531
SUNDARAM,20110721,42.85,43.2,42.05,42.65,88602
SUNDARMFIN,20110721,557.1,562,545.5,549.5,4633
SUNDRMBRAK,20110721,178,178,172.1,172.1,232
SUNDRMFAST,20110721,59.1,59.5,58.2,59,48095
SUNFLAG,20110721,27.85,28.1,27.75,27.8,25853
SUNILHITEC,20110721,118,119.9,115.95,116.55,19081
SUNPHARMA,20110721,497,507,497,504.65,291527
SUNTECK,20110721,296.5,299.35,295.55,297.5,14198
SUNTV,20110721,328.1,329.25,322,323.55,641734
SUPER,20110721,230,236.9,227,231.05,3893
SUPERSPIN,20110721,10.05,11.25,10.05,11.1,130976
SUPPETRO,20110721,72.6,73.5,72.55,72.7,26233
SUPRAJIT,20110721,21.7,22,21.4,21.5,39610
SUPREMEIND,20110721,202.55,210,201,206.9,551782
SUPREMEINF,20110721,281.05,285,274.5,275.65,64052
SURAJDIAMN,20110721,49.6,51.25,49.6,49.85,29373
SURANACORP,20110721,91.2,91.2,91.1,91.1,429
SURANAIND,20110721,380,381,376,380,3060
SURANAT&P,20110721,16.05,16.05,15.65,15.65,3650
SURANAVEL,20110721,38,42,38,38.4,778
SURYAJYOTI,20110721,31,32.2,31,31.35,28190
SURYALAXMI,20110721,72,73,70.4,71,5649
SURYAPHARM,20110721,20.65,20.9,20,20.05,101387
SURYAROSNI,20110721,81.5,81.5,80.45,80.5,7382
SUTLEJTEX,20110721,200.05,207.85,200,206.65,2207
SUVEN,20110721,19.25,20,19.25,19.55,59037
SUZLON,20110721,50.55,53.35,50.15,52.6,24207786
SWARAJENG,20110721,461.6,467,460,462.25,4209
SYMPHONY,20110721,1301.95,1344.1,1290.15,1308.45,512
SYNCOM,20110721,21.85,23.85,21.4,21.85,95466
SYNDIBANK,20110721,119.7,120.9,118.15,119,138842
TAINWALCHM,20110721,36.8,36.8,33.95,34.25,9864
TAJGVK,20110721,101.85,101.85,98.8,99.2,27736
TAKE,20110721,39.75,39.8,38.7,39.1,32679
TALBROAUTO,20110721,53.55,54.95,53.5,54.1,660
TALWALKARS,20110721,239.2,241.55,235,235.65,32750
TANFACIND,20110721,29.5,29.5,29.15,29.15,501
TANLA,20110721,15.6,15.6,14.85,14.9,106873
TANTIACONS,20110721,67.05,68,66.35,67.35,6808
TARAPUR,20110721,23,23,19.35,20.15,96098
TATACHEM,20110721,383.85,383.85,378,379.85,91734
TATACOFFEE,20110721,847.45,855.8,836.05,841.35,191476
TATACOMM,20110721,213.15,219.9,213,216.25,165447
TATAELXSI,20110721,243,251,243,246.3,48077
TATAGLOBAL,20110721,100.95,102.25,98.25,99.25,756565
TATAINVEST,20110721,493.25,497.95,489,490.35,2907
TATAMETALI,20110721,100.8,101.95,100,100.45,16607
TATAMOTORS,20110721,972.9,984.95,962.75,977,1342469
TATAMTRDVR,20110721,553.1,560.9,548.55,551.25,201774
TATAPOWER,20110721,1275.2,1298.6,1275.2,1284.3,61464
TATASPONGE,20110721,342.5,344.7,337,338.2,6121
TATASTEEL,20110721,575.45,578.25,571.8,573.35,1194381
TCI,20110721,94.5,96.2,92.3,94.4,23300
TCIDEVELOP,20110721,194,203.7,194,195.85,1212
TCIFINANCE,20110721,72,72,65.15,66.45,65878
TCS,20110721,1132,1132.5,1120.05,1122.55,925312
TECHM,20110721,748.7,760,741.2,749.15,163989
TECHNO,20110721,225.3,229.4,221.5,226.3,13745
TECHNOFAB,20110721,133,133,128.15,129.8,8668
TECPRO,20110721,298,303.8,292.55,293.45,45547
TELEDATAIT,20110721,0.35,0.4,0.35,0.4,122034
TELEMARINE,20110721,1,1,0.85,0.95,135761
TEXMACOLTD,20110721,34.8,34.8,34,34.1,55566
TEXMOPIPES,20110721,47.7,47.7,43.65,44.2,115326
TEXRAIL,20110721,93,93.5,92.05,93.05,23101
TFCILTD,20110721,30.05,30.45,29.2,30,47286
TFL,20110721,19.15,19.15,17.85,18.15,3367
THANGAMAYL,20110721,155.1,169,154.4,157,75178
THEMISMED,20110721,147.5,155,145,149.6,172
THERMAX,20110721,592.6,592.6,579,583,120156
THINKSOFT,20110721,50,54.8,49.95,53.1,549293
THOMASCOOK,20110721,49.4,49.5,48.75,48.9,59602
TI,20110721,49.1,50.5,47.05,47.45,265675
TIDEWATER,20110721,7201,7438.8,7201,7315.25,2055
TIIL,20110721,54.75,55.35,52.45,53.45,10090
TIL,20110721,485,487.7,475,481.3,4853
TIMBOR,20110721,40.7,42.05,39.3,42.05,110370
TIMESGTY,20110721,40,40.1,37.1,39.55,2519
TIMETECHNO,20110721,70.75,70.75,69.5,70.2,75622
TIMKEN,20110721,246,246.9,238.15,239.75,124454
TINPLATE,20110721,59.65,60.3,58.6,58.85,53447
TIPSINDLTD,20110721,29.45,30.6,29,29.2,26757
TIRUMALCHM,20110721,98,99,97.1,97.5,1896
TITAN,20110721,232.4,233.6,223.15,224.35,3845864
TNPETRO,20110721,18.95,18.95,16.9,16.95,24124
TNPL,20110721,121.4,123.3,121,122.1,15456
TODAYS,20110721,6.9,7.2,6.85,7.15,2112
TOKYOPLAST,20110721,16.95,17.2,16.55,17.2,570
TORNTPHARM,20110721,680,687,665,665.3,166878
TORNTPOWER,20110721,250,250,240.15,244.05,15778
TRENT,20110721,1219,1261,1219,1233.4,32218
TRF,20110721,427.7,428.5,417.15,418.95,31108
TRICOM,20110721,14.75,14.95,14,14.35,81477
TRIDENT,20110721,14.25,14.35,14.2,14.2,46061
TRIGYN,20110721,18.5,18.5,18.15,18.2,252
TRIL,20110721,251,254.5,250.2,252.75,3869
TRIVENI,20110721,35.9,35.9,35.1,35.3,136899
TTKHEALTH,20110721,587.4,650.6,566.5,641.45,2435667
TTKPRESTIG,20110721,3022.3,3155.5,3022.3,3127.5,213070
TTL,20110721,27.7,28.9,27.7,28.45,3571
TTML,20110721,20.9,21.2,20.4,20.55,1175887
TUBEINVEST,20110721,162.5,167.5,160.55,162.6,139796
TULIP,20110721,156.95,157.8,155.1,155.65,22227
TULSI,20110721,16.75,17.8,16.4,16.65,173500
TV18BRDCST,20110721,72.8,75.4,71,71.7,517545
TVSELECT,20110721,22.85,23.8,22.85,23.55,1359
TVSMOTOR,20110721,50.95,51.2,49.05,50.2,1009887
TVSSRICHAK,20110721,384,387.95,376,379.05,1638
TVTODAY,20110721,65.25,66,65.15,65.25,20712
TWILITAKA,20110721,54,57,53.55,56.05,122700
TWL,20110721,426.95,433,420,424.6,23568
UBENGG,20110721,81.7,81.8,79.05,79.35,9188
UBHOLDINGS,20110721,148.8,148.8,140.1,140.95,53078
UBL,20110721,495.05,495.95,480.25,486,168970
UCALFUEL,20110721,85.8,86,84.5,84.8,8865
UCOBANK,20110721,88.25,88.7,86.5,86.75,968074
UFLEX,20110721,208,213.25,207.6,209.1,440421
UGARSUGAR,20110721,18,18,14.75,15.2,23656
ULTRACEMCO,20110721,983.05,992.7,966.6,973.1,136704
UMESLTD,20110721,23.65,25.4,23.05,25,27007
UNICHEMLAB,20110721,157.1,159,155.3,157.35,15760
UNIENTER,20110721,26.05,27.95,26.05,26.5,3987
UNIONBANK,20110721,299.8,299.9,291.25,294.05,460897
UNIPHOS,20110721,152.85,152.85,149.05,150.65,588972
UNIPLY,20110721,14.5,14.55,12,14,3638
UNITECH,20110721,36.1,36.1,35.05,35.35,13143961
UNITEDBNK,20110721,96.1,96.85,95,95.05,225943
UNITEDTEA,20110721,122.7,128.45,122,123.2,1009
UNITY,20110721,64,65.25,63,63.9,41025
UNIVCABLES,20110721,64.9,64.9,60.5,61.95,3293
UPERGANGES,20110721,55.1,57.05,54.55,56,3744
USHAMART,20110721,49.35,50.95,49.1,49.7,146354
USHERAGRO,20110721,141.95,144.75,141.05,142.1,369218
UTISUNDER,20110721,826.5,856,826.5,856,11
UTTAMSTL,20110721,107.9,108.4,105,105.75,10902
UTTAMSUGAR,20110721,36.05,36.75,36,36.25,2207
UTVSOF,20110721,841.95,869.8,835.05,864.65,377960
VADILALIND,20110721,156.25,169.95,156.25,164.15,24480
VAIBHAVGEM,20110721,44,47.25,44,45.5,1696
VAKRANSOFT,20110721,395,399.7,395,396.4,4183
VALECHAENG,20110721,94.05,94.3,92.15,93.1,18536
VALUEIND,20110721,19.85,20,19.75,19.8,1999
VARDHACRLC,20110721,10.65,10.65,10.4,10.5,30691
VARDMNPOLY,20110721,103,104.9,100.65,102.9,128493
VARUN,20110721,235,247.3,233.3,245.6,627984
VARUNSHIP,20110721,23.7,23.8,23.5,23.65,68168
VASCONEQ,20110721,75.95,76.25,73.1,74.45,5123
VENKEYS,20110721,615.25,621.9,607,608.9,25121
VENUSREM,20110721,209.15,223.9,209.1,220,22317
VESUVIUS,20110721,424.4,424.4,417.3,418.6,1235
VGUARD,20110721,227.3,240.25,227.3,234.8,749020
VHL,20110721,439.85,447,430,438.5,152
VICEROY,20110721,34.05,34.65,32.35,32.7,51136
VIDEOIND,20110721,192.45,194.9,190.65,191.5,127536
VIJAYABANK,20110721,69.5,69.9,68.35,69.3,2003243
VIJSHAN,20110721,18.5,18.75,18.45,18.7,6296
VIKASHMET,20110721,12.1,12.15,11.95,12,79253
VINATIORGA,20110721,78.4,78.4,74.15,75.15,11258
VINDHYATEL,20110721,176,182.85,176,176.1,4704
VINYLINDIA,20110721,12,12.2,11.6,12.05,1583
VIPIND,20110721,894.95,903.7,882.3,890.25,679307
VIPUL,20110721,15.8,16.1,15.05,15.55,3573
VISAKAIND,20110721,103.7,104.4,102.55,103.65,2448
VISASTEEL,20110721,59.15,59.6,58.55,59.05,19946
VISESHINFO,20110721,8,8.3,8,8.05,5212
VISHALRET,20110721,33.25,33.85,32.1,32.3,57268
VISUINTL,20110721,3,3,2.9,2.9,2814
VIVIMEDLAB,20110721,315,321,307.65,310.3,44731
VLSFINANCE,20110721,13.8,14.15,13.7,13.75,17204
VOLTAMP,20110721,514,518.45,504.5,509.2,24193
VOLTAS,20110721,155.05,155.05,148,148.65,1505273
VSTIND,20110721,1222,1273,1182.55,1258.8,45428
VSTTILLERS,20110721,568,574,568,568,2548
VTL,20110721,215,222.95,215,216.55,3594
VTXIND,20110721,16.15,17,16.15,16.45,700
WABAG,20110721,1250.05,1290,1250.05,1282.45,6906
WABCO-TVS,20110721,1182.05,1218.5,1181.2,1200.2,61528
WALCHANNAG,20110721,121.8,123.5,120.3,120.65,36452
WANBURY,20110721,29.8,30.4,29.8,30.1,2831
WEBELSOLAR,20110721,61.85,61.85,60.15,60.35,1002
WEIZFOREX,20110721,83,85.95,82.9,84.2,2906
WEIZMANIND,20110721,12,12.4,11.85,12.1,8969
WELCORP,20110721,163.15,164.7,160.35,161.65,90284
WELINV,20110721,63.05,64.95,62,62.15,325
WELPROJ,20110721,64.05,64.9,63.2,63.4,9015
WELSPUNIND,20110721,40.2,41.85,40.2,41.6,33083
WENDT,20110721,1605,1607.8,1565,1595,380
WHEELS,20110721,282,299.4,282,287.95,7760
WHIRLPOOL,20110721,243,247.4,234.25,236.1,124293
WILLAMAGOR,20110721,67.55,67.6,64.05,64.85,24368
WINSOMYARN,20110721,3.7,3.7,3.4,3.45,8327
WIPRO,20110721,398,402.8,392.95,401.1,829248
WOCKPHARMA,20110721,414.15,420.5,407.45,415.1,195483
WSI,20110721,21.9,24.25,21.9,22.85,49245
WSTCSTPAPR,20110721,83.05,84.95,83.05,84,8387
WWIL,20110721,8.85,8.95,8.65,8.85,942716
WYETH,20110721,956.55,958,940.4,943.25,1015
XLENERGY,20110721,9.3,9.65,9.2,9.5,45336
XPROINDIA,20110721,55.4,64.35,55.4,61.45,966196
YESBANK,20110721,319,323.75,313.2,317.85,5226288
ZANDUREALT,20110721,2125,2177.95,2110.4,2121.35,584
ZEEL,20110721,124,134.85,117.85,132.15,11348301
ZEELEARN,20110721,22,23.4,21.35,22.9,1967754
ZEENEWS,20110721,12.5,13.1,12.4,13,1053449
ZENITHBIR,20110721,6.6,6.6,6.5,6.5,98147
ZENITHCOMP,20110721,17.6,18.25,17.6,17.9,2138
ZENITHINFO,20110721,210,210,210,210,6
ZENSARTECH,20110721,156.7,157,144.7,150.9,138984
ZICOM,20110721,42.9,44.9,42.55,43.2,52130
ZODIACLOTH,20110721,396,396,386.85,391.05,1168
ZODJRDMKJ,20110721,23.55,24.5,23.55,24.35,65
ZUARIAGRO,20110721,680.05,690.25,673.1,679.85,9718
ZYDUSWELL,20110721,610,649.4,608.2,643.85,143801
ZYLOG,20110721,400,402.5,396.5,399.25,43723
NSENIFTY,20110721,5554.60,5578.90,5532.70,5541.60,76327640,3681.07
NIFTYJUNIOR,20110721,11245.80,11245.80,11123.20,11140.20,104572143,2048.57
BANKNIFTY,20110721,11159.10,11193.05,11021.70,11049.80,12408813,978.88
NSEMIDCAP,20110721,8107.70,8107.70,8035.05,8048.15,139582414,2022.96
NSEIT,20110721,6314.05,6368.55,6294.60,6335.90,14486023,585.26
NSE100,20110721,5478.90,5497.20,5451.40,5458.95,180899783,5729.65
NSE500,20110721,4491.35,4505.95,4469.95,4475.70,407817806,8476.43
MIDCAP50,20110721,2466.55,2468.95,2437.25,2441.65,76889846,935.57
VIX,20110721,19.11,19.16,18.64,18.75,19.11,-0.36
