20MICRONS,20110927,54.1,56.1,53.6,55.5,155201
3IINFOTECH,20110927,27,27.15,26.5,27,444253
3MINDIA,20110927,4220.05,4260.95,4202,4208.3,636
A2ZMES,20110927,217.05,228.25,217.05,224.7,135639
AANJANEYA,20110927,478.4,478.4,445.3,450.15,107864
AARTIDRUGS,20110927,107,109.5,106.15,107.05,1069
AARTIIND,20110927,46,47.5,46,46.95,11217
AARVEEDEN,20110927,35.1,37,33.95,36.95,817
ABAN,20110927,365.7,375.45,365.7,369.95,369602
ABB,20110927,734.55,758.8,717.15,752,119549
ABBOTINDIA,20110927,1448,1460,1445,1447.15,578
ABCIL,20110927,96.7,99.9,96.7,99.45,1285
ABGSHIP,20110927,405.5,405.5,395.2,400.15,495343
ABHISHEK,20110927,10.25,10.5,10,10.2,1043
ABIRLANUVO,20110927,924.9,929,910,911.75,67618
ACC,20110927,1082,1096,1072.1,1091.4,436504
ACE,20110927,45.25,46.6,45.15,45.3,87382
ACKRUTI,20110927,186.8,196.5,185.1,193.55,12601
ACROPETAL,20110927,15.65,15.7,15.1,15.35,61584
ADANIENT,20110927,550,567.9,546.5,562.05,536332
ADANIPOWER,20110927,85.6,87,85.6,86.6,183160
ADFFOODS,20110927,57.9,59.8,56.4,57.05,5985
ADHUNIK,20110927,49.35,50.85,48.55,49.35,52952
ADORWELD,20110927,147.15,152.85,147.15,151.75,11153
ADSL,20110927,26.8,27.95,26.6,27.85,135703
ADVANIHOTR,20110927,34.15,35,34,35,1120
ADVANTA,20110927,387,393.7,382.4,383.75,30794
AEGISCHEM,20110927,194,197.85,191.3,195.05,11026
AFL,20110927,37.5,38.95,37.4,37.75,2674
AFTEK,20110927,11,11.35,10.75,10.95,97252
AGCNET,20110927,137.65,146,131.25,141.3,19877
AGRE,20110927,41,42.9,40,40.95,10250
AGRODUTCH,20110927,7.35,7.8,6.7,7.1,78755
AHLEAST,20110927,292,298,291.5,295.5,2355
AHLUCONT,20110927,109.15,110,108,108.95,922
AHLWEST,20110927,163.4,163.4,154.35,155.6,608
AHMEDFORGE,20110927,104.2,104.85,102.8,103.7,8874
AIAENG,20110927,309.15,314.9,309.15,310.55,3062
AJANTPHARM,20110927,305,313,305,309.55,5785
AJMERA,20110927,120,122.9,119.1,120.55,23030
AKSHOPTFBR,20110927,6,6.45,5.9,6.15,105596
AKZOINDIA,20110927,948,955,939,942.3,2433
ALBK,20110927,163.5,164,160,160.9,1177562
ALCHEM,20110927,261.55,262,261,261.5,91780
ALEMBICLTD,20110927,19.2,19.4,19.05,19.3,30436
ALFALAVAL,20110927,2241.1,2241.1,2140,2188,3398
ALKALI,20110927,38.1,39.8,38.1,38.95,6410
ALKYLAMINE,20110927,82.5,89.8,82.5,86.65,354
ALLCARGO,20110927,144.1,146,140.1,143.5,4497
ALLSEC,20110927,12.65,13.75,12.65,13.1,838
ALMONDZ,20110927,22.95,23.15,21.6,23.15,167
ALOKTEXT,20110927,17.15,17.6,17.15,17.35,4014111
ALPA,20110927,8,8.35,8,8.1,3638
ALPHAGEO,20110927,93,96,92.6,93.6,715
AMAR,20110927,111,113.4,107.6,109.15,31589
AMARAJABAT,20110927,214.2,214.2,203.35,208.7,11887
AMARJOTHI,20110927,54,54,51.5,53.05,6
AMBIKCO,20110927,176.45,179.65,171.6,174.45,273
AMBUJACEM,20110927,148.55,149.6,146.8,148,1822274
AMDIND,20110927,19,19.6,18.5,19.45,6373
AMLSTEEL,20110927,13,13,13,13,500
AMRUTANJAN,20110927,761.8,781,760.55,768.95,44881
AMTEKAUTO,20110927,130.05,130.8,127.75,129.7,657092
AMTEKINDIA,20110927,117,120.5,115.1,119.3,615282
ANANTRAJ,20110927,58.2,59,58,58.2,135889
ANDHRABANK,20110927,120.95,123.7,120.8,123.1,242344
ANDHRSUGAR,20110927,97.05,98.9,96.05,97.95,6387
ANGIND,20110927,25,25,20.55,21.15,3088
ANIKINDS,20110927,32.7,33.5,32.7,32.7,154
ANSALAPI,20110927,32.9,34.9,32.9,34.2,101254
ANSALHSG,20110927,38,40,37,39.25,1892
APARINDS,20110927,165.85,174.5,161.1,169.95,8578
APCOTEXIND,20110927,169.9,169.9,160.1,165.8,286
APIL,20110927,519.3,527,519.1,524.3,39178
APLAB,20110927,31.8,34.35,31.8,32.3,3286
APOLLOHOSP,20110927,516.9,525,506.6,513.15,41353
APOLLOTYRE,20110927,60,60,56.2,57.15,2259313
APPAPER,20110927,270,279.95,250,256.6,15673
APTECHT,20110927,116.5,119.65,116.5,118.3,522862
AQUA,20110927,14.05,14.4,13.95,14,540978
ARCHIES,20110927,40.75,41.1,39.85,40.2,98282
AREVAT&D,20110927,221,226.5,219,224.2,48340
ARIES,20110927,100.8,100.8,95.25,95.95,15719
ARIHANT,20110927,74.75,74.75,68.15,68.15,100
ARL,20110927,2.2,2.35,2.2,2.25,446960
AROGRANITE,20110927,37,37.95,36.85,37.1,911
ARROWTEX,20110927,8.6,9.65,8.6,9.05,4926
ARSHIYA,20110927,133.5,140.85,133.5,136.85,82231
ARSSINFRA,20110927,325.3,334.7,320,327.95,294457
ARVIND,20110927,98.5,101.65,98.5,99.35,4700687
ASAHIINDIA,20110927,65.05,68.85,65.05,68,9970
ASAHISONG,20110927,92.25,96.75,88.25,91.4,1926
ASAL,20110927,53.85,53.95,50.7,52.5,3118
ASHAPURMIN,20110927,16,16.75,15.95,16.2,56589
ASHCONIUL,20110927,2.1,2.4,2.1,2.25,1432
ASHIANA,20110927,142.8,142.8,137,140,7060
ASHIMASYN,20110927,4.8,4.8,4.8,4.8,1300
ASHOKA,20110927,246.75,247,242,243.3,242
ASHOKLEY,20110927,26.25,26.45,26.05,26.25,17261088
ASIANHOTNR,20110927,181.1,193.85,179.6,185.75,1853
ASIANPAINT,20110927,3125,3125,3075,3096.9,25485
ASIANTILES,20110927,41,41,41,41,100
ASSAMCO,20110927,11.8,11.9,10.85,10.9,171510
ASTEC,20110927,36,37.8,36,36.4,3452
ASTERSILI,20110927,17.45,17.65,17.05,17.15,6128
ASTRAL,20110927,190,197.7,186.6,191.25,21599
ASTRAMICRO,20110927,26,26.7,25.4,26.1,26706
ASTRAZEN,20110927,1269.95,1270,1225,1240.95,139
ATFL,20110927,405,418,396.4,411.65,9875
ATLANTA,20110927,61.7,64.8,61.7,62.75,95493
ATLASCYCLE,20110927,344,344,330.35,333.9,22290
ATNINTER,20110927,0.85,0.95,0.85,0.9,4975
ATUL,20110927,206.2,210,203.1,206.35,26665
AURIONPRO,20110927,141.85,144.9,141.85,142.1,326
AUROPHARMA,20110927,130.7,132.4,130,130.4,670474
AUSOMENT,20110927,33.8,33.8,33.8,33.8,50
AUTOAXLES,20110927,404.1,415,390.05,393.3,131
AUTOIND,20110927,114.5,114.5,110.2,111.5,18365
AUTOLITIND,20110927,15.75,16.35,15.7,16,236
AVENTIS,20110927,2292.75,2299.95,2155.25,2236.85,4982
AVTNPL,20110927,395,396.65,370,396.65,5849
AXIS-IT&T,20110927,103.1,108.95,101.2,101.2,33702
AXISBANK,20110927,1074,1095,1065,1088,1919494
AXISGOLD,20110927,2681.2,2681.2,2600,2639.5,2363
BAGFILMS,20110927,5.45,5.65,5.45,5.55,82892
BAJAJ-AUTO,20110927,1525,1550,1509.4,1545.4,483498
BAJAJCORP,20110927,118.9,120,116.3,118.75,27713
BAJAJELEC,20110927,177.65,181.2,176.5,177.55,129500
BAJAJFINSV,20110927,528.6,544.65,502.65,535.05,70796
BAJAJHIND,20110927,41.25,46,40.05,40.3,1267958
BAJAJHLDNG,20110927,731,748.7,731,738.3,24402
BAJFINANCE,20110927,640,646,632.7,636.35,16905
BALAJITELE,20110927,31.8,31.8,30.5,31.05,14402
BALAMINES,20110927,34.9,34.9,33.1,33.85,8701
BALKRISIND,20110927,180,181.65,172.3,173.85,7994
BALLARPUR,20110927,26,26.45,25.95,26.25,801500
BALMLAWRIE,20110927,618.75,618.75,609.05,611.35,3460
BALPHARMA,20110927,22.25,22.7,22.1,22.4,4388
BALRAMCHIN,20110927,49.8,52.95,48.3,48.65,886001
BANARISUG,20110927,625,625,600,603,250
BANCOINDIA,20110927,73.9,73.9,69.45,71.25,1803
BANG,20110927,26.75,26.75,22.5,23.65,1823
BANKBARODA,20110927,801.2,814.9,799.9,811.05,273244
BANKBEES,20110927,977,986,965.84,977.15,1083
BANKINDIA,20110927,306.9,314.2,304,311.5,593218
BANSWRAS,20110927,85,94.7,82,89.2,14825
BARTRONICS,20110927,53.2,55.65,53.1,53.65,171131
BASF,20110927,615,620,601.1,604.05,2667
BASML,20110927,63.9,63.9,59.5,62.5,183
BATAINDIA,20110927,649.95,656.75,644.05,650.1,518824
BATLIBOI,20110927,16.25,20.45,16.25,19.25,10079
BAYERCROP,20110927,804,828.05,803.95,818.2,6717
BBL,20110927,702.9,710,695,698.2,2385
BBTC,20110927,417,458.8,417,439.5,61041
BEARDSELL,20110927,42,42,42,42,100
BEDMUTHA,20110927,110.25,112.4,110.2,111.35,75140
BEL,20110927,1475,1520,1475,1514.3,18123
BELLCERATL,20110927,13.35,13.35,13.35,13.35,329
BEML,20110927,452.1,479,452.1,472.25,73398
BEPL,20110927,25.1,26.5,25.1,25.2,4458
BERGEPAINT,20110927,100.55,102.2,100,100.75,184044
BFINVEST,20110927,54,54.8,53.65,53.85,52832
BFUTILITIE,20110927,481.45,501.7,481,489.45,500282
BGLOBAL,20110927,13.5,14.2,13.05,13.9,104927
BGRENERGY,20110927,335,341.95,333.1,336.5,526708
BHAGWATIHO,20110927,75,78.95,74.2,77.6,23953
BHAGYNAGAR,20110927,14.7,15.1,14.7,15.05,2550
BHARATFORG,20110927,275.05,279.7,271.25,273.75,229896
BHARATGEAR,20110927,47,48.85,47,47.1,5201
BHARATRAS,20110927,103,105,100.6,104.9,1327
BHARTIARTL,20110927,386.5,389.45,381.65,387.6,4798589
BHARTISHIP,20110927,93,97.95,92.4,95,156280
BHEL,20110927,1610.05,1671.3,1610.05,1653.2,830720
BHUSANSTL,20110927,329,332.7,323.05,330.15,162391
BIL,20110927,56.6,56.6,50.15,52.85,21059
BILPOWER,20110927,79.8,83,79.8,81.45,460
BIMETAL,20110927,248,259.4,247.55,250.1,51
BINANIIND,20110927,133.9,135.2,132.15,133.8,27619
BINDALAGRO,20110927,63.45,64.7,62.55,63.15,73998
BIOCON,20110927,335.95,343.45,333.9,341.2,130395
BIRLACORPN,20110927,294.6,335,294.6,328.45,4039
BIRLACOT,20110927,0.4,0.4,0.35,0.35,462510
BIRLAERIC,20110927,12.5,14,12.4,12.65,3214
BIRLAPOWER,20110927,0.7,0.7,0.65,0.65,1328446
BLBLIMITED,20110927,3.6,3.7,3.55,3.7,4613
BLISSGVS,20110927,19.8,20.45,19.75,20.15,6655
BLKASHYAP,20110927,10.45,10.45,10,10.15,145855
BLUECHIP,20110927,0.95,0.95,0.85,0.85,92075
BLUEDART,20110927,1655,1656.75,1635,1641.8,2160
BLUESTARCO,20110927,220.1,234.45,220.1,227.4,8169
BLUESTINFO,20110927,75,75,70.1,70.8,2496
BOC,20110927,306,314.5,305,312.65,36472
BODALCHEM,20110927,17.55,17.65,17,17.35,3084
BOMDYEING,20110927,354.4,364.6,352.1,360.4,230051
BOSCHLTD,20110927,7150,7238,7132.05,7147.15,912
BPCL,20110927,660.05,662,654,657.95,285292
BPL,20110927,21.2,21.2,20.2,20.45,26077
BRANDHOUSE,20110927,16.85,16.85,15.1,15.3,17069
BRFL,20110927,276.5,278.95,276.5,277,2213
BRIGADE,20110927,65.85,68,65.85,67.65,11590
BRITANNIA,20110927,448.4,469.9,448.4,465.4,15722
BROADCAST,20110927,8,8,7.3,7.65,1200
BROOKS,20110927,25.05,26.35,25.05,25.25,277198
BSELINFRA,20110927,3.75,3.9,3.7,3.75,22977
BSL,20110927,21.3,22.5,21.3,22.5,58
BSLGOLDETF,20110927,2658,2682.55,2581,2682.25,247
BSLNIFTY,20110927,49.1,49.45,47.85,49.25,2075
BSTRANSCOM,20110927,92,93.75,90.1,91.2,26528
BVCL,20110927,15.15,15.15,14.3,14.55,1021
CADILAHC,20110927,809.65,814.9,790.95,795.05,188691
CAIRN,20110927,274.4,281.8,272,280.25,1456107
CALSOFT,20110927,28.1,28.25,28.1,28.25,500
CAMBRIDGE,20110927,21,22.75,21,22.6,666
CAMLIN,20110927,66.95,81.5,64,68,171957
CANBK,20110927,434.9,444,429.8,442.25,761017
CANDC,20110927,116.1,119.95,113.1,115,57016
CANFINHOME,20110927,95,95.25,93.8,94.15,4698
CANTABIL,20110927,27.25,27.25,26.3,26.4,5790
CARBORUNIV,20110927,292.1,301,291.25,293.25,18207
CAROLINFO,20110927,166,172.9,165,165,966
CASTROL,20110927,499.05,501.95,490.1,491.5,52074
CCCL,20110927,20.95,21.4,20.6,21.2,361035
CCL,20110927,162,172.5,162,168.7,62717
CEATLTD,20110927,77.1,79.9,77.1,78.2,32379
CEBBCO,20110927,34.3,35.5,32.7,33,224705
CELEBRITY,20110927,6.8,6.8,5.85,6.1,6735
CELESTIAL,20110927,22.7,24.2,22.45,22.55,4623
CENTENKA,20110927,146,153,146,151.5,2721
CENTEXT,20110927,2.95,3.35,2.7,3.05,21368
CENTRALBK,20110927,103.6,105.5,103.5,105,604703
CENTUM,20110927,77.65,79.5,77,77.2,601
CENTURYPLY,20110927,60.95,60.95,59.75,59.95,9500
CENTURYTEX,20110927,293,307.9,292.1,305.4,286725
CERA,20110927,195,197.5,190,193.2,7015
CESC,20110927,279.95,280.4,277.7,279.75,33858
CHAMBLFERT,20110927,96,98.25,95.4,96.65,1918621
CHEMFALKAL,20110927,45.9,45.9,42.8,43.2,352
CHEMPLAST,20110927,6,6.05,5.6,5.75,61768
CHENNPETRO,20110927,204,206,204,204.65,15763
CHESLINTEX,20110927,12.8,12.8,12.8,12.8,1
CHETTINAD,20110927,545,545,455,461.1,307
CHOLAFIN,20110927,153.5,156,146.35,150.6,22671
CILNOVA,20110927,16,19,16,17.25,1114
CINEMAX,20110927,36.1,37.5,35,36.65,38633
CINEVISTA,20110927,3.35,3.35,3.05,3.05,7617
CIPLA,20110927,289,290,284.6,285.85,698612
CLASSIC,20110927,10.05,10.55,10.05,10.15,13785
CLNINDIA,20110927,720.55,728,720.55,725.65,3290
CLUTCHAUTO,20110927,38.8,38.8,35.3,35.6,2982
CMAHENDRA,20110927,172.05,178.95,170.5,173.35,9806
CMC,20110927,800.1,832.95,800.1,806.65,6318
COALINDIA,20110927,353.9,359.25,351.1,358.15,4671317
COLPAL,20110927,970,976.9,959,961.65,41346
COMPUAGE,20110927,113.9,113.9,108.1,108.15,187
CONCOR,20110927,935,935.3,914.75,929.9,39248
CONSOFINVT,20110927,60,60,57.1,58.65,3222
CORAL-HUB,20110927,4.8,5.15,4.75,4.8,8892
CORDSCABLE,20110927,31.3,32.7,31.15,31.95,19568
COREEDUTEC,20110927,289,298.6,287,297.25,101837
COROENGG,20110927,268.9,268.9,268.9,268.9,1
COROMANDEL,20110927,299.9,311.9,297.3,305.05,155220
CORPBANK,20110927,426.1,429.9,424.25,426.6,57964
COSMOFILMS,20110927,86.2,87.5,86.2,86.5,4498
COX&KINGS,20110927,195.7,203,195.7,199.7,184644
CPIL,20110927,266,287.5,263.1,271.1,66416
CREATIVEYE,20110927,5.2,5.35,5,5.2,48339
CRESTANI,20110927,33,33,31.35,31.6,11488
CREWBOS,20110927,35.75,36.9,34.25,35.65,143982
CRISIL,20110927,8250,8331.95,8200,8237.3,2289
CROMPGREAV,20110927,152.5,156,152.5,154.95,1476683
CRONIMET,20110927,98,103.4,98,99.8,16253
CTE,20110927,7.15,7.5,7.15,7.5,72
CUB,20110927,43.8,44.25,43.35,43.5,130740
CUBEXTUB,20110927,10.4,11.5,10.4,10.5,10250
CUMMINSIND,20110927,415.05,421.9,407.1,409.45,254721
CURATECH,20110927,144.05,159.95,141,141.05,293
CYBERTECH,20110927,11.25,11.85,11.25,11.6,2802
DAAWAT,20110927,45.55,45.95,44.45,44.95,19226
DABUR,20110927,103,103.5,101.75,102.6,928527
DALMIABEL,20110927,106,111.55,102,104.4,8043
DALMIASUG,20110927,18,18.5,17.05,17.25,17394
DATAMATICS,20110927,27.35,28.65,27.35,28.55,831
DBCORP,20110927,211.9,212,202,203.85,108235
DBREALTY,20110927,54.2,56.25,52.2,52.85,593018
DCB,20110927,47,47.7,45.5,46.7,1711562
DCHL,20110927,59.05,60.1,58.2,58.95,320593
DCM,20110927,50.5,52,50.5,51.25,12103
DCMSRMCONS,20110927,44.5,45.5,44.5,45.1,12788
DCW,20110927,8.85,9.25,8.85,9,39227
DECCANCE,20110927,145,147.9,145,145,466
DECOLIGHT,20110927,4.1,4.45,4.1,4.35,3282
DEEPAKFERT,20110927,166,167.35,164.1,165.15,17770
DEEPIND,20110927,81.5,84.5,81.2,81.75,18639
DELTACORP,20110927,102.6,104.6,101.9,102.6,5243880
DEN,20110927,62.95,74.25,62.95,72.75,1527085
DENABANK,20110927,79.25,80.5,78.95,79.75,1053610
DENORA,20110927,77,79.75,76,77.9,1999
DENSO,20110927,58.9,58.9,52.55,53.05,2002
DEWANHOUS,20110927,209,226.5,205.2,221.25,213045
DHAMPURSUG,20110927,41.9,41.9,40.7,41.3,20603
DHANBANK,20110927,77,78.4,76.8,77.2,212153
DHANUKA,20110927,102.85,102.85,100.5,101,38365
DHARSUGAR,20110927,27.1,28.5,26.55,26.75,8510
DHUNINV,20110927,84,84.5,72,76.5,2642
DIAPOWER,20110927,104,105.5,102.55,103.5,5574
DICIND,20110927,240,244.95,227.95,236.5,155
DIGJAM,20110927,8.95,9.2,8.9,8.95,55880
DISHMAN,20110927,64.25,64.25,60.45,60.9,37105
DISHTV,20110927,79,79.9,77.15,77.7,3030736
DIVISLAB,20110927,733.3,737.9,713.55,722.75,128463
DLF,20110927,205.95,218.9,205.55,217.95,7901295
DLINKINDIA,20110927,20.3,21.3,20.3,20.8,6008
DOLPHINOFF,20110927,132.45,140,132.45,138.65,24153
DONEAR,20110927,22,22,20.1,21,2348
DPSCLTD,20110927,1949.85,1950,1900,1901,51
DPTL,20110927,123,133,123,131.4,10678
DQE,20110927,35.6,38.7,35,38.4,8975
DREDGECORP,20110927,259.8,262.7,255,260.3,4869
DRREDDY,20110927,1484,1511.3,1479.05,1498.95,218229
DSKULKARNI,20110927,56.7,57.3,56.65,56.8,13365
DUNCANSIND,20110927,9.45,9.95,9.45,9.6,21824
DWARKESH,20110927,40.95,41.8,40.3,41.4,7482
DYNAMATECH,20110927,1001.1,1020,1001,1005.7,153
EASTSILK,20110927,6.1,6.2,6.05,6.1,11513
ECEIND,20110927,101.05,106.75,101.05,104.55,8346
ECLERX,20110927,701,727,701,714.9,2662
EDELWEISS,20110927,27.3,28.8,27.3,28.2,111340
EDL,20110927,90.7,93.4,90.7,92.35,3847
EDSERV,20110927,97,99.15,95.1,96.3,158185
EDUCOMP,20110927,219,226.45,219,223.8,1303091
EICHERMOT,20110927,1600,1648.9,1591,1601.15,22474
EIDPARRY,20110927,223.2,228,215.55,221.45,126550
EIHAHOTELS,20110927,163.9,164.4,150.1,152.35,4727
EIHOTEL,20110927,87.7,89.75,87.2,88.55,162299
EIMCOELECO,20110927,185,185,180,184,16
EKC,20110927,71.75,74.45,71.75,73.85,142239
ELDERPHARM,20110927,373.25,384.5,372.25,380.35,36316
ELECON,20110927,74,76.1,72.6,75.3,144769
ELECTCAST,20110927,28.75,29.1,28.6,28.7,256783
ELECTHERM,20110927,114,121.65,113.7,116.7,9269
ELFORGE,20110927,11.45,11.45,10.3,10.3,832
ELGIEQUIP,20110927,71.8,71.8,70,70,69099
ELGIRUBCO,20110927,26.9,26.9,25.35,25.55,3803
ELNET,20110927,32.8,33.1,32.2,32.6,1414
EMAMIINFRA,20110927,36.7,38.25,36.7,37.1,16536
EMAMILTD,20110927,445.55,447,422,432.35,35789
EMCO,20110927,52.4,53.65,51.5,52.45,61111
EMKAY,20110927,47,49.4,46.55,46.55,85
EMMBI,20110927,14.6,14.75,14,14.6,11406
EMPEESUG,20110927,18.05,19.25,18.05,19,957
ENERGYDEV,20110927,34.25,37.5,34.25,37.1,2117
ENGINERSIN,20110927,251.1,259.5,251.1,258.6,50152
ENIL,20110927,253.5,271.5,253.5,269.4,66465
ENTEGRA,20110927,21.9,21.9,20.05,20.5,32907
EONELECT,20110927,58.2,61.95,58.2,61.9,2530
ERAINFRA,20110927,154.6,154.7,153.9,154.25,337811
EROSMEDIA,20110927,237,242.7,231.25,235.25,239121
ESABINDIA,20110927,520,523.95,515,520.1,3974
ESCORTS,20110927,74.1,75.7,72.5,74.85,1154039
ESL,20110927,6.55,6.8,6.5,6.7,200471
ESSAROIL,20110927,86.4,87.5,85.7,86.6,462754
ESSARPORTS,20110927,60,64.2,60,62.7,20122
ESSDEE,20110927,209,209,202,204,8137
ESSELPACK,20110927,36.95,36.95,35.9,36.05,23668
ESTER,20110927,27.6,28.5,27.1,28.1,17955
EUROMULTI,20110927,7.95,7.95,6.05,7.25,36647
EUROTEXIND,20110927,18.85,19.05,18.85,19.05,165
EVEREADY,20110927,37.25,37.95,36.2,37.25,88831
EVERESTIND,20110927,143.5,147.5,143.25,144.8,8045
EVERONN,20110927,397.7,401.95,390,390.7,357812
EXCELCROP,20110927,136.4,139.5,133.55,136.9,4161
EXCELINDUS,20110927,67.35,67.35,65,65.25,55
EXCELINFO,20110927,13,13,11.85,12,21507
EXIDEIND,20110927,134.65,135.05,130.7,132.6,1611345
FACT,20110927,35.4,35.4,34,34.25,24004
FAGBEARING,20110927,1224.95,1230,1194,1222.35,740
FAME,20110927,43.35,47.95,43.35,44.85,10159
FARMAXIND,20110927,2.55,2.7,2.45,2.65,82962
FCH,20110927,142.85,145.4,142.15,143.45,35451
FCSSOFT,20110927,0.6,0.7,0.6,0.65,906838
FDC,20110927,89.05,89.4,88.6,89,56189
FEDDERLOYD,20110927,63.8,66,63.8,65.3,3100
FEDERALBNK,20110927,358,377.2,358,374.8,325224
FIEMIND,20110927,158,160.95,156,156.1,1176
FILATEX,20110927,38,42,38,41,10102
FINANTECH,20110927,822.6,839.4,812.05,829,100818
FINCABLES,20110927,38.05,38.75,37.55,37.75,26098
FINPIPE,20110927,65.5,66.15,65,65.05,16778
FIRSTLEASE,20110927,70.1,73.9,70.05,70.45,15209
FIRSTWIN,20110927,16.8,16.8,14.6,14.6,1077
FKONCO,20110927,116.4,119.45,116.4,118.15,8701
FMGOETZE,20110927,230,234.7,229.05,230.05,1392
FORTIS,20110927,129,129.3,124.2,124.6,1367983
FOSECOIND,20110927,518.15,530,517.35,517.95,51
FSL,20110927,11.6,11.7,11.4,11.65,1400496
FUTUREVENT,20110927,9.3,9.9,9.2,9.85,2743955
GABRIEL,20110927,41,41.5,40,40.95,12218
GAEL,20110927,22.95,23.3,22.5,22.65,34862
GAIL,20110927,411.35,416.8,408.9,412.9,1012710
GAL,20110927,12.4,14.55,12.4,13.5,243759
GALLANTT,20110927,17.5,17.8,16.8,17,22579
GALLISPAT,20110927,90.2,96.25,90.2,95.4,138868
GAMMNINFRA,20110927,13.6,14,13.55,13.7,129674
GAMMONIND,20110927,76,78.6,75.6,77.45,52438
GANDHITUBE,20110927,123,123,119,119.7,155
GANESHHOUC,20110927,123.2,127.85,123.2,125.65,1033
GANGOTRI,20110927,4.5,4.5,4.1,4.25,20563
GARDENSILK,20110927,73.5,74.85,72.5,73.4,4333
GARWALLROP,20110927,54.5,54.5,53.6,54.2,14098
GATI,20110927,54.6,56.5,53.75,54.2,199034
GAYAPROJ,20110927,139.5,144.95,139.5,141.9,12481
GDL,20110927,137.9,140.5,136.65,139.9,35332
GEECEE,20110927,31.6,32.8,31.6,32.75,565
GEINDSYS,20110927,133.25,135.95,133,133.7,3474
GEMINI,20110927,23.4,23.5,22.55,23.05,5317
GENESYS,20110927,207,216.5,197,214.9,22153
GENUSPOWER,20110927,15.45,15.45,14,14.05,40493
GEODESIC,20110927,50.9,52.4,50.75,51.55,164819
GEOJITBNPP,20110927,19,19.3,18.85,19.1,32988
GEOMETRIC,20110927,44.5,45.8,44,45.35,29866
GESHIP,20110927,252.1,253.8,245.25,249.05,513522
GHCL,20110927,37.1,37.9,37.1,37.7,14891
GICHSGFIN,20110927,88.85,90.65,87.25,90.15,141784
GILLANDERS,20110927,83,85.5,83,85.05,1183
GILLETTE,20110927,2028.1,2044,2000,2013.55,752
GINNIFILA,20110927,7.6,8.25,7.6,7.8,5491
GIPCL,20110927,82.45,84.45,80.55,81.65,53968
GISOLUTION,20110927,12.5,12.5,11.45,12,1383
GITANJALI,20110927,348.65,360.75,346.75,359.6,1272914
GKB,20110927,36,40.5,36,38.5,100
GKWLIMITED,20110927,463,468,463,468,2000
GLAXO,20110927,1991,2103,1991,2064.8,36336
GLENMARK,20110927,322.55,326,319.2,324.4,560143
GLFL,20110927,3.15,3.15,2.95,3.15,2699
GLOBALVECT,20110927,21.45,21.45,19.8,20.05,1068
GLOBOFFS,20110927,88.3,95.2,88.25,91.6,1933
GLOBUSSPR,20110927,109,109,104.65,105.35,5186
GLODYNE,20110927,373,390,373,386.65,213447
GLORY,20110927,3.5,3.7,3.5,3.55,30398
GMBREW,20110927,92.5,95,92.5,94.2,936
GMDCLTD,20110927,173,179.5,173,178.75,182693
GMRINFRA,20110927,27.7,28.15,26.55,26.8,6532689
GNFC,20110927,89.25,90.25,88.55,89.1,45006
GOACARBON,20110927,76.8,78.7,76.05,77.05,1115
GODFRYPHLP,20110927,3335,3590,3335,3585.45,2185
GODREJCP,20110927,402.9,409,400,400.1,492027
GODREJIND,20110927,192.7,198.5,192,197.75,325966
GODREJPROP,20110927,643,684,635,639.8,100626
GOENKA,20110927,40.3,41.8,40.3,40.75,6112
GOKEX,20110927,88.75,90.75,84.15,89.15,1841
GOKUL,20110927,86.4,92,84.05,84.9,78452
GOLDBEES,20110927,2511,2575,2511,2570.25,301830
GOLDENTOBC,20110927,60.05,63,60.05,62,3767
GOLDIAM,20110927,33.8,33.8,33,33.5,162
GOLDINFRA,20110927,13.4,13.95,12.5,13.85,37888
GOLDSHARE,20110927,2560.55,2585,2535,2578.2,13268
GOLDTECH,20110927,7.15,7.95,7.15,7.4,43221
GPIL,20110927,127.15,130.95,124,126.05,26810
GPPL,20110927,65.9,66.9,65.05,66.05,29046
GRABALALK,20110927,16.6,17.4,16.6,16.65,551
GRANULES,20110927,65.65,67.9,65.65,66.45,3830
GRAPHITE,20110927,75.15,75.75,74.7,74.95,15920
GRASIM,20110927,2304.65,2335,2301,2312.3,30953
GRAVITA,20110927,401.7,421.8,397.35,403,562741
GREAVESCOT,20110927,87,90.8,86.1,88.85,14657
GREENPLY,20110927,197,203,197,200.95,1908
GREENPOWER,20110927,15.1,15.8,15,15.4,503381
GRINDWELL,20110927,237,238,232,234.55,392
GRUH,20110927,510,519,501.05,506.1,40286
GSFC,20110927,430.1,444.95,430,433.4,101555
GSKCONS,20110927,2338.95,2338.95,2261.25,2298.85,12318
GSLNOVA,20110927,2.4,2.85,2.4,2.7,2350
GSPL,20110927,99.8,100.65,98.1,98.95,1670177
GSS,20110927,133.35,139.75,130.25,130.7,6790
GTL,20110927,61.9,63.7,60,61.15,3042246
GTLINFRA,20110927,12.2,12.5,12.05,12.1,1067059
GTNIND,20110927,13.1,13.7,13,13,1530
GTNTEX,20110927,13,13,11,11.8,772
GTOFFSHORE,20110927,126.3,132.4,126.3,129,73796
GUFICBIO,20110927,6.75,7,6.75,7,2075
GUJALKALI,20110927,140,143.45,138.5,139,55429
GUJAPOLLO,20110927,129.3,129.95,121.55,125.95,8990
GUJFLUORO,20110927,526,535.6,525.8,531.25,64736
GUJNRECOKE,20110927,25.6,25.6,24.9,25,1591451
GUJNREDVR,20110927,16.35,16.7,16.2,16.25,19223
GUJRATGAS,20110927,427.9,432,425.5,426.4,6636
GUJSIDHCEM,20110927,9.5,9.5,8.8,9.15,246098
GULFOILCOR,20110927,72.9,73.9,71.6,72.35,22269
GVKPIL,20110927,16,16.7,16,16.35,8515037
HALONIX,20110927,63.5,63.75,61.2,62.75,913
HANUNG,20110927,109.75,112.85,109.75,111.1,190626
HARITASEAT,20110927,71,71,65.5,70.25,2610
HARRMALAYA,20110927,62.1,67.9,62.1,66.6,37205
HATHWAY,20110927,90.7,106.05,90.15,102.7,1114326
HAVELLS,20110927,364.3,369,361.05,367.4,72551
HBLPOWER,20110927,18,18.4,17.7,18.25,29078
HBSTOCK,20110927,12,13.2,12,12.5,252
HCC,20110927,29.4,29.7,29.25,29.5,1046534
HCIL,20110927,48.1,49.8,48.1,48.55,8699
HCL-INSYS,20110927,64.5,65.65,63.5,63.75,116575
HCLTECH,20110927,390,396.95,390,393.35,466031
HDFC,20110927,630.15,646.95,626.35,641.15,2974782
HDFCBANK,20110927,458,461.9,454.1,457.45,4005709
HDFCMFGETF,20110927,2632.8,2679,2605.2,2643.25,6851
HDIL,20110927,102,103.45,98.7,101.7,6134727
HEG,20110927,217.5,223.15,216.45,222.7,30138
HEIDELBERG,20110927,36.6,36.8,36.15,36.25,30528
HELIOSMATH,20110927,24.2,24.3,23.6,24.05,19074
HERCULES,20110927,240,244,238,238.9,50400
HERITGFOOD,20110927,175,179.5,170.4,176.2,779
HEROMOTOCO,20110927,2000.05,2018.8,1985.05,1992.7,389532
HEXAWARE,20110927,73.6,79.45,73.6,78.4,2298074
HFCL,20110927,11.4,11.85,11.35,11.5,395823
HGSL,20110927,320.2,334.7,320.2,329.8,907
HIKAL,20110927,269.15,273.4,268,270.05,1157
HILTON,20110927,14.5,15.35,14.5,15.35,1811
HIMATSEIDE,20110927,34.25,34.25,33.5,33.7,11668
HINDALCO,20110927,133,135.85,130.7,134.45,10136107
HINDCOMPOS,20110927,481,486,481,486,2000
HINDCOPPER,20110927,218.9,222.05,215,218.35,39978
HINDDORROL,20110927,42,42.9,41.2,41.6,107289
HINDMOTORS,20110927,13.5,13.75,13.35,13.45,85578
HINDNATGLS,20110927,187.95,189.95,185.55,185.55,586
HINDOILEXP,20110927,109.1,113.5,109.1,112.95,718129
HINDPETRO,20110927,372,372.95,364.45,368,460395
HINDUJAFO,20110927,69.15,71.5,68.55,70.5,213
HINDUJAVEN,20110927,304,314,303.05,306.3,2591
HINDUNILVR,20110927,330.55,340,328.9,338.8,2548163
HINDZINC,20110927,120.25,122.9,118.1,120,1687550
HIRECT,20110927,42.25,43.9,42.1,43.15,2804
HITACHIHOM,20110927,156.9,163.5,156.5,160.75,50830
HITECHGEAR,20110927,125.1,130.25,125.1,127.15,397
HMT,20110927,42.8,43.6,41.8,41.9,145993
HMVL,20110927,130.25,132.75,125.1,131.25,728
HNGSNGBEES,20110927,1235.95,1235.95,1166.5,1166.5,36
HOCL,20110927,23.45,23.75,23.1,23.2,26976
HONAUT,20110927,2500,2599,2472,2522.95,460
HONDAPOWER,20110927,372,372.95,363.8,370.2,9837
HOPFL,20110927,54.5,55,54.5,54.6,871
HORIZONINF,20110927,299.9,299.9,285.2,295.7,861
HOTELEELA,20110927,35.5,37.15,35.5,36.9,72423
HOTELRUGBY,20110927,7.95,8.3,7.95,7.95,3829
HOVS,20110927,60,60.7,58.15,58.35,20965
HSIL,20110927,169.9,169.9,158,161.8,242033
HTMEDIA,20110927,142.9,142.9,138.55,139.35,22271
HYDRBADIND,20110927,308.7,316.25,308.7,314.45,1848
HYDROS&S,20110927,19.3,20.8,19.25,20.8,3014
IBPOW,20110927,13.9,13.9,13.6,13.7,126757
IBREALEST,20110927,75.1,77.15,75,76.65,2333029
IBSEC,20110927,8.6,8.75,8.55,8.7,194061
IBWSL,20110927,4.75,4.75,4.55,4.7,976932
ICICIBANK,20110927,874.5,897.35,873.65,886.05,3011957
ICIL,20110927,9.1,9.65,8.95,9.05,12606
ICRA,20110927,948,949.9,926.25,934.5,5288
ICSA,20110927,67.1,74.75,66.65,71.7,896188
IDBI,20110927,104.95,107.15,104.8,106.65,1140419
IDEA,20110927,97,99.7,97,98,3826946
IDFC,20110927,111,113,111,112.2,2423556
IFBIND,20110927,115.75,116.5,114.5,115.6,17663
IFCI,20110927,31,32.55,30.9,32.2,12101377
IFGLREFRAC,20110927,32,34,32,33.45,1746
IGARASHI,20110927,50.2,50.2,42.8,43.15,2210
IGL,20110927,414.4,428.25,414.4,424.95,389922
IGPL,20110927,22.2,23,22.2,23,273
IL&FSENGG,20110927,94.5,96.95,94,95,12392
IL&FSTRANS,20110927,200.1,205,200.1,204.15,269969
IMFA,20110927,330,343.05,330,339.8,2590
IMPAL,20110927,615.05,619,615,619,945
IMPEXFERRO,20110927,7.4,7.95,7,7.35,6995
INDBANK,20110927,8.2,8.4,7.6,8.05,14086
INDHOTEL,20110927,69.6,71.1,69.55,70.75,305807
INDIABULLS,20110927,160.2,163.5,159.3,161.4,198811
INDIACEM,20110927,74,75.2,70.35,71.05,1000410
INDIAGLYCO,20110927,124.05,127.7,123.7,124.05,39986
INDIAINFO,20110927,69.9,72.5,69.7,71.1,294208
INDIANB,20110927,207.7,214,207.7,212.85,120284
INDIANCARD,20110927,90,94.65,86,88.75,6754
INDIANHUME,20110927,117,123.95,115,116,549
INDLMETER,20110927,67,69.15,64.1,69.15,406
INDNIPPON,20110927,169.5,172.75,167.75,169.7,593
INDOCO,20110927,397,410.95,390,390.9,352
INDORAMA,20110927,33.25,34.45,33.25,33.85,11450
INDOSOLAR,20110927,9.4,9.7,9.15,9.25,274141
INDOTECH,20110927,111,122,111,118.3,21078
INDOWIND,20110927,13.25,13.8,12,12.4,2958581
INDRAMEDCO,20110927,33.05,33.25,32.6,32.8,86785
INDSWFTLAB,20110927,85,89.4,85,86.35,57066
INDSWFTLTD,20110927,31.25,31.6,30.6,31.35,10258
INDTERRAIN,20110927,106.9,106.9,95.2,96.15,204
INDUSFILA,20110927,14.2,15,14.2,14.9,4845
INDUSINDBK,20110927,258,266.9,257.95,264.6,224408
INEABS,20110927,579.9,595.05,575,585.05,1370
INFINITE,20110927,100,104,97,97.8,9011
INFODRIVE,20110927,11.5,11.5,9.8,9.9,3567
INFOMEDIA,20110927,11.8,12.5,11.75,12.25,9378
INFOTECENT,20110927,117,119.35,114.4,115.15,7804
INFRABEES,20110927,267.25,268.25,264.2,265.55,66
INFY,20110927,2377.2,2468.65,2377.2,2444.15,1292628
INGERRAND,20110927,500.1,515.85,500.1,503.5,3067
INGVYSYABK,20110927,284.05,299.75,284.05,294.85,63157
INNOIND,20110927,90,90,87.65,89.65,299579
INOXLEISUR,20110927,51,53.2,50.55,50.95,235865
INSECTICID,20110927,364.3,382.55,364,379,179144
INVENTURE,20110927,146.5,154,141.4,153.05,256501
IOB,20110927,94.9,95.95,94.2,94.85,384250
IOC,20110927,310.95,315.9,310.95,314.5,202643
IOLCP,20110927,30,30,27.95,28.15,935
IOLN,20110927,6.1,6.4,6.1,6.35,14317
IPCALAB,20110927,270,276.95,263.05,268.7,228638
IPGETF,20110927,2608.8,2675.6,2608.8,2656.9,1300
IPRINGLTD,20110927,66.1,66.1,66,66,210
IRB,20110927,170.05,173.5,168.5,169.55,926163
ISFT,20110927,54.7,57.85,54.7,56,2537
ISMTLTD,20110927,34.1,35.2,34.1,34.4,19155
ITC,20110927,190,193.95,189.75,193.45,6300232
ITDCEM,20110927,152.5,154.75,148.25,149.75,1060
ITI,20110927,23,23.2,22.7,22.8,92218
IVC,20110927,29.7,30.9,28.55,29.65,45037
IVP,20110927,49,49,46.05,46.05,201
IVRCLAH,20110927,29.9,30.6,29.3,30.35,19907
IVRCLINFRA,20110927,37.05,39,37.05,38.45,3849658
J&KBANK,20110927,786,792,776.9,785.35,92652
JAGRAN,20110927,104.1,107.5,104.1,106.65,9714
JAGSNPHARM,20110927,12.1,13.4,12.1,13.05,2775
JAIBALAJI,20110927,117.5,118.55,113.25,114.9,8606
JAICORPLTD,20110927,83.25,85.3,81.7,83.15,342996
JAINSTUDIO,20110927,8.2,8.7,8,8.35,1500
JAMNAAUTO,20110927,128.95,135,125,125.15,9731
JAYAGROGN,20110927,83.9,85.5,82.6,83.8,11029
JAYBARMARU,20110927,58.15,62.65,58.05,60,2238
JAYNECOIND,20110927,21.45,21.45,20.25,20.25,172968
JAYSREETEA,20110927,135.75,137.9,132,133.95,27816
JBCHEPHARM,20110927,72.5,75,71.5,72.95,250772
JBFIND,20110927,129.7,138,127.55,130.7,195691
JBMA,20110927,58,58,57.05,57.3,405
JCTEL,20110927,1.25,1.25,1.2,1.2,20395
JENSONICOL,20110927,3.5,3.8,3.5,3.75,15177
JETAIRWAYS,20110927,265,268.5,262,264.6,627216
JHS,20110927,33.6,33.9,32.75,33.15,14958
JIKIND,20110927,6.05,6.6,5.65,6.15,16381
JINDALPHOT,20110927,153.1,156.4,153.1,154.5,36333
JINDALPOLY,20110927,207.7,211.9,207.7,209.35,134185
JINDALSAW,20110927,127.95,131.95,127.25,131.2,359950
JINDALSTEL,20110927,516.05,541.7,510.1,525.75,2510872
JINDALSWHL,20110927,590,594.55,570.25,579,46534
JINDCOT,20110927,87.7,88.9,85.55,86.65,16986
JINDRILL,20110927,328.4,331,322,322.75,37269
JINDWORLD,20110927,123,124.85,120.2,122.35,3389
JISLJALEQS,20110927,148.4,151,145.55,148.65,881176
JKCEMENT,20110927,116.5,119.8,116.1,118.05,4561
JKIL,20110927,118.2,121.85,118.2,120.35,3323
JKLAKSHMI,20110927,41,42.35,41,41.9,56530
JKPAPER,20110927,40.5,40.8,40.05,40.25,16028
JKTYRE,20110927,74.85,75.75,74.1,74.6,94009
JMCPROJECT,20110927,126.05,130.95,126.05,128.6,2218
JMFINANCIL,20110927,17.3,17.5,17,17.15,143385
JMTAUTOLTD,20110927,60,64.25,60,64,255
JOCIL,20110927,140.95,152,140.95,147.8,3679
JPASSOCIAT,20110927,70.9,74.25,70.75,73.45,23455661
JPINFRATEC,20110927,46.2,48.85,46,47.25,725344
JPPOWER,20110927,31.85,33.7,31.85,33.5,479857
JSL,20110927,103.3,107.9,102.05,104.55,68583
JSWENERGY,20110927,55.6,57,55.5,56.8,305359
JSWISPAT,20110927,14.25,14.9,14.15,14.7,3968486
JSWSTEEL,20110927,620,633.15,606.4,610.4,3947806
JUBILANT,20110927,204,206,199.05,202,48526
JUBLFOOD,20110927,894.85,925,890,907.05,818992
JUBLINDS,20110927,184.05,186,181,182.75,8217
JUMBO,20110927,16.8,17.3,16.8,17.05,385
JUNIORBEES,20110927,100,101.8,99.35,101.27,22211
JUPITER,20110927,16.2,16.5,15.3,16.15,112368
JVLAGRO,20110927,15.35,16,14.25,15.15,24612
JYOTHYLAB,20110927,167,167,159,159.9,50082
JYOTISTRUC,20110927,67,67.4,66,66.35,84775
KABRAEXTRU,20110927,41,41,39.55,40.5,1236
KAJARIACER,20110927,118.9,118.9,116.15,117.25,115253
KAKATCEM,20110927,68.9,71,68,69.25,1198
KALECONSUL,20110927,79,80.85,77,77.6,16864
KALINDEE,20110927,113.05,114.9,113.05,114.2,77746
KALPATPOWR,20110927,108.25,110.9,106.5,107.9,15434
KAMATHOTEL,20110927,83.4,97.3,83.4,93.5,73674
KANORICHEM,20110927,32.05,33.8,32.05,32.7,11465
KANSAINER,20110927,834.95,842.7,834.95,837.55,361
KARMAENG,20110927,13.9,13.9,11.2,12.45,1617
KARURVYSYA,20110927,370,376,362.35,366.25,98741
KAUSHALYA,20110927,8,8.8,8,8.35,5041
KAVVERITEL,20110927,135,142.45,135,140.4,48561
KBIL,20110927,630.05,669.2,630.05,651.9,30
KCP,20110927,24.4,24.9,24.4,24.7,28104
KCPSUGIND,20110927,15,15.1,14.55,14.8,11093
KEC,20110927,57.2,60,55.95,58.1,111053
KECL,20110927,33.7,34.4,33,34.15,6113
KEI,20110927,15.65,17,15.65,16.5,77695
KEMROCK,20110927,514.95,515.5,505,507.45,2774
KERNEX,20110927,93.6,94.9,93.2,93.95,15905
KESARENT,20110927,47.55,49.95,47.55,48.35,146
KESORAMIND,20110927,126.05,144.45,126.05,133.3,526100
KEYCORPSER,20110927,43.7,48,43.7,48,5000
KFA,20110927,24.5,25.45,24.5,25.1,1358029
KGL,20110927,8.15,8.4,8.05,8.1,931801
KHAITANELE,20110927,88,98,83.5,91.4,10179
KHANDSE,20110927,18.15,19.25,18.15,18.95,900
KICL,20110927,481,510,481,504.05,2126
KIL,20110927,13.8,13.9,13.1,13.35,2814
KILITCH,20110927,68.3,72.45,68.3,72.45,12899
KINETICMOT,20110927,15.5,18.05,15.5,17.45,193631
KIRIINDUS,20110927,134.85,142,133.15,135.35,41277
KIRLOSBROS,20110927,146.1,154,145.5,150.3,2688
KIRLOSENG,20110927,145,146.8,140.1,141.1,6751
KIRLOSIND,20110927,289.8,289.8,273,275,529
KITPLYIND,20110927,3.55,3.8,3.5,3.5,8301
KKCL,20110927,841.45,854.6,829,833.15,3150
KLGSYSTEL,20110927,34.2,35.7,34,34.15,4463
KLRF,20110927,25.5,25.5,25,25,61
KMSUGAR,20110927,2.6,2.9,2.6,2.6,11316
KNRCON,20110927,106.95,106.95,102.05,104,969
KOHINOOR,20110927,47.25,48.45,46.5,46.7,20045
KOLTEPATIL,20110927,36,37.3,36,36.7,9213
KOPDRUGS,20110927,5,5,5,5,100
KOPRAN,20110927,22.35,22.4,21.6,21.75,12495
KOTAKBANK,20110927,461,470.5,460.5,468.3,583755
KOTAKGOLD,20110927,2550,2580,2533,2571.6,43076
KOTAKNIFTY,20110927,495,506,495,505.5,156
KOTAKPSUBK,20110927,338,341,337,338,1372
KOTARISUG,20110927,6.05,6.35,6,6.15,15373
KOTHARIPET,20110927,7,8.3,6.85,8.25,207589
KOTHARIPRO,20110927,513,513.1,502.5,505.95,1422
KOUTONS,20110927,21.5,21.75,21.1,21.4,37358
KPIT,20110927,152,153.45,150.1,150.8,18889
KPRMILL,20110927,99.75,102,98.55,102,370
KRBL,20110927,24.9,25.25,24.45,24.95,494879
KRISHNAENG,20110927,3.6,4,3.6,3.6,1031
KSBPUMPS,20110927,216.2,219.8,213.05,213.75,3555
KSCL,20110927,422,437.95,421.3,434.15,4297
KSE,20110927,206,213.5,206,213.5,4181
KSK,20110927,103.75,103.75,102.45,102.9,18733
KSL,20110927,51.15,53,51.05,52.15,46496
KSOILS,20110927,10.8,11.05,10.4,10.55,12310388
KTKBANK,20110927,86.5,87.9,86.1,86.5,542628
KWALITY,20110927,167.25,172,167.25,168.2,1127283
L&TFH,20110927,48.4,49.25,48.15,49.05,1077459
LAKPRE,20110927,38.2,41.85,38.2,40.55,7139
LAKSHMIEFL,20110927,24,24.8,23.7,24.25,19813
LAKSHMIMIL,20110927,1679,1699.95,1641,1695.4,29
LAKSHVILAS,20110927,100,100.35,99.2,99.35,50328
LANCOIN,20110927,35.8,35.8,33.3,33.85,6387
LAOPALA,20110927,114.5,114.9,111.05,112.65,28226
LAXMIMACH,20110927,1959.9,1964.9,1930.25,1939.35,1572
LCCINFOTEC,20110927,0.6,0.6,0.5,0.55,10661
LGBBROSLTD,20110927,286.55,294.5,286.5,292.55,3602
LIBERTSHOE,20110927,83.2,86.45,83.2,84.7,13982
LICHSGFIN,20110927,207,212.5,206.9,211.1,2416750
LIQUIDBEES,20110927,999.99,1000.01,999.99,1000,260420
LITL,20110927,16.4,16.65,16.25,16.4,5569107
LLOYDELENG,20110927,50.9,50.9,49.4,49.55,6243
LLOYDFIN,20110927,1,1.1,0.95,1,11794
LLOYDSTEEL,20110927,13.9,14,13.35,13.45,130744
LML,20110927,9,9.25,8.85,9,183260
LOGIXMICRO,20110927,17.1,19.6,17.05,19.2,55849
LOKESHMACH,20110927,41,41.85,40.05,40.55,5523
LOTUSEYE,20110927,10.05,10.05,9.75,9.8,5433
LOVABLE,20110927,472.5,482.5,454.25,462.1,796450
LPDC,20110927,2.75,2.9,2.75,2.75,3860
LT,20110927,1455.1,1462,1442,1445.65,1241010
LUMAXAUTO,20110927,26.05,26.65,25.9,26.65,431
LUMAXIND,20110927,375,375,367,370.65,8083
LUMAXTECH,20110927,167,173.45,162.05,172.45,5606
LUPIN,20110927,472.65,477.95,466.05,468.5,734023
LYKALABS,20110927,14.6,15,14.6,14.9,2325
M&M,20110927,780.1,801.55,778.65,797.8,1478169
M&MFIN,20110927,664,664,646.05,651.85,32440
M100,20110927,7.18,7.24,7.07,7.13,156051
M50,20110927,66.01,66.96,65.9,66.23,25832
MADHAV,20110927,16.95,17.3,16.5,16.55,914
MADHUCON,20110927,71.5,73.45,70.8,72.3,7913
MADRASCEM,20110927,102.5,102.5,99.5,100,48888
MADRASFERT,20110927,21,21.6,20.7,21.05,111163
MAGMA,20110927,72.9,72.9,71.2,72,10242
MAGNUM,20110927,4.25,5,4.25,4.8,9642
MAHABANK,20110927,47.4,47.55,46.5,47.3,63889
MAHINDFORG,20110927,61.1,66.4,60.8,63,5916
MAHINDUGIN,20110927,43.9,45.55,43.9,44.1,5973
MAHLIFE,20110927,294,301.45,291,297.35,2514
MAHSCOOTER,20110927,325,325,304,306.05,947
MAHSEAMLES,20110927,352.3,360.05,352.3,356.7,53361
MALUPAPER,20110927,12.6,12.6,12.3,12.3,152
MALWACOTT,20110927,26.1,31.9,26.1,29.5,732
MANAKSIA,20110927,57.8,58.5,57.8,58.05,3439
MANALIPETC,20110927,11.05,11.25,10.95,11.05,50784
MANAPPURAM,20110927,53.15,54,51.75,52,1882010
MANDHANA,20110927,216,218.6,211.05,216.4,73932
MANGALAM,20110927,14.4,14.4,13.5,13.55,745
MANGCHEFER,20110927,30.65,31.45,30.65,30.9,79728
MANGLMCEM,20110927,104.5,105.8,104.1,104.5,23523
MANGTIMBER,20110927,17.7,19.1,17.7,17.95,2495
MANINDS,20110927,134.1,141,134.1,136.05,3712
MANINFRA,20110927,135,140,127,129.15,41644
MANJEERA,20110927,91,91,90.95,90.95,2
MANJUSHREE,20110927,92.7,92.7,89.25,91.5,653
MANUGRAPH,20110927,46.55,47.65,46.55,47.25,1481
MARALOVER,20110927,12.8,13.5,12.65,13.5,5396
MARG,20110927,85.95,86,83.9,84.5,45061
MARICO,20110927,146,146,142.15,145.15,122561
MARKSANS,20110927,2.25,2.25,2.15,2.2,108501
MARUTI,20110927,1082.9,1110.9,1082.9,1106.15,290896
MASTEK,20110927,91,93.6,91,93.15,27716
MAWANASUG,20110927,18.35,18.35,17.3,17.4,1040
MAX,20110927,203.5,207.5,203.15,205.5,142554
MAXWELL,20110927,29,29.7,28.3,29.25,69993
MBECL,20110927,117.1,123.95,117.1,121.35,5106
MBLINFRA,20110927,129.05,131,128.1,128.85,2039
MCDHOLDING,20110927,58.45,58.8,56.85,57.15,6769
MCDOWELL-N,20110927,799.95,848,760,784.25,169182
MCLEODRUSS,20110927,247,247,239.25,242.1,113854
MEGASOFT,20110927,17,17,16.3,16.5,9634
MEGH,20110927,9.5,9.5,9.1,9.1,67313
MERCK,20110927,625,633.85,625,628.85,425
MHRIL,20110927,330,330,314.5,317.05,1831
MIC,20110927,12,12.25,11.75,11.8,162197
MICROSEC,20110927,29.5,30.45,29.35,29.45,3833
MICROTECH,20110927,118.2,123.1,117.8,122.3,43394
MINDAIND,20110927,177,183,176,181.1,114
MINDTREE,20110927,347.15,353.25,347.15,349.9,17691
MIRCELECTR,20110927,19.35,20.05,19.05,19.8,62626
MIRZAINT,20110927,20.2,20.9,20.1,20.35,102980
MLL,20110927,24.95,25.4,24.5,25.1,882798
MMFL,20110927,98.1,103,98.1,100.3,1073
MMFSL,20110927,93.5,101.15,93.5,98.75,11378
MMTC,20110927,665.1,685.8,660,675.55,7715
MOIL,20110927,288.8,291.95,287.5,288.1,68212
MONNETISPA,20110927,495,500.05,490.05,493.05,19759
MONSANTO,20110927,1740,1740,1710.1,1719,2566
MORARJETEX,20110927,13.35,13.55,13.15,13.25,1999
MOREPENLAB,20110927,3.85,4,3.85,3.9,89550
MOSERBAER,20110927,21.65,22.6,21.6,22.35,598831
MOTHERSUMI,20110927,181.1,187.95,180.65,182.7,79906
MOTILALOFS,20110927,82,82.95,81.2,82.25,5707
MOTOGENFIN,20110927,41.5,43,41.5,43,2705
MPHASIS,20110927,329.95,339.85,324.6,334.1,184343
MPSLTD,20110927,32.75,36.95,32.75,36.85,15
MRF,20110927,6680,6740,6620,6714.4,5224
MRO-TEK,20110927,10.5,11,10.35,10.55,23684
MRPL,20110927,62.55,64.1,62.55,63.7,339844
MSPL,20110927,47.5,47.5,44.5,45.05,37300
MTNL,20110927,33.15,33.35,32.7,33.1,393617
MUDRA,20110927,23.55,24.6,23.55,24.3,6773
MUKANDENGG,20110927,28.25,28.25,27.1,27.1,4486
MUKANDLTD,20110927,36.1,36.8,35.6,35.95,16809
MUKTAARTS,20110927,40.2,40.2,37.65,38.25,194
MUNDRAPORT,20110927,154.85,158.9,152.75,157.45,1229409
MUNJALAU,20110927,171.95,171.95,166.65,168.2,1440
MUNJALSHOW,20110927,60.05,63.9,60.05,62.45,10352
MURLIIND,20110927,22.5,23.95,22,22.5,998
MURUDCERA,20110927,17.3,17.3,16.4,16.95,330
MUTHOOTFIN,20110927,163.35,169,163.35,166.8,106890
MVL,20110927,24.25,26,23.3,24.95,612113
MVLIND,20110927,12.35,12.9,12,12.8,2746
MYSOREBANK,20110927,585,585,575.3,579.6,966
N100,20110927,105.91,108.45,104.02,106.4,754
NAGREEKCAP,20110927,23,23.5,23,23.35,360
NAGREEKEXP,20110927,24.25,25.6,24,24,264
NAHARCAP,20110927,48,55,47,50.05,1112
NAHARINDUS,20110927,42.75,44.5,42.75,42.75,360
NAHARPOLY,20110927,23.6,23.6,22.2,22.55,1025
NAHARSPING,20110927,61.4,63.4,61.4,62.3,5848
NANDAN,20110927,2.4,2.45,2.3,2.45,80381
NATCOPHARM,20110927,232.55,235.9,229,232.05,9956
NATHSEED,20110927,15,15.8,14.35,14.7,30981
NATIONALUM,20110927,62.25,64.3,62,63.15,220103
NATNLSTEEL,20110927,15.4,16.45,15.4,15.95,7727
NAUKRI,20110927,668,695,666.6,681.15,2587
NAVINFLUOR,20110927,358,364,356.3,358.5,9930
NAVNETPUBL,20110927,61.8,67.4,61.8,65.55,97670
NBVENTURES,20110927,192,195.7,189.15,190.75,5059
NCC,20110927,62.05,64.8,61.5,63.65,524588
NCLIND,20110927,36.8,38.6,36.8,37.7,18509
NDTV,20110927,51,52.5,50,51.6,91066
NECLIFE,20110927,21.85,21.85,20.85,21,29495
NELCAST,20110927,21.1,21.45,20.65,20.8,14921
NELCO,20110927,56.95,58.9,56.1,56.85,71133
NEOCURE,20110927,2.55,2.65,2.5,2.6,5589
NEPCMICON,20110927,3.75,3.8,3.55,3.7,39803
NESCO,20110927,567.4,581.9,561.6,574.65,24321
NESTLEIND,20110927,4220,4278,4192,4214.7,6888
NET4,20110927,140.05,144.65,139.6,142.75,24253
NETWORK18,20110927,91.8,96.4,90.2,95.2,43601
NEULANDLAB,20110927,90,90,90,90,604
NEXTMEDIA,20110927,4.8,5,4.8,4.95,3690
NEYVELILIG,20110927,81.2,82.3,80.85,81.3,183503
NFL,20110927,73.6,73.6,70.6,71.05,29730
NHPC,20110927,23.6,23.8,23.4,23.7,1791260
NICCO,20110927,2.75,2.75,2.65,2.65,18308
NIFTYBEES,20110927,499.9,505.5,499.9,504.02,65964
NIITLTD,20110927,43.6,45.5,43.6,45,55542
NIITTECH,20110927,209,209,202.35,203.5,49495
NILKAMAL,20110927,269.95,274.5,258,268.7,983
NISSAN,20110927,2.4,2.4,2.2,2.35,223511
NITCO,20110927,45.3,46.5,44.6,45.4,16527
NITESHEST,20110927,17.05,17.65,16.8,17.05,277088
NITINFIRE,20110927,40.75,42.4,38.05,39,677708
NITINSPIN,20110927,6.5,6.85,6.5,6.8,2992
NMDC,20110927,224,228,220.4,225.25,114582
NOCIL,20110927,16.25,16.7,16.25,16.35,123484
NOIDATOLL,20110927,22.6,22.8,22.25,22.4,109912
NORBTEAEXP,20110927,5.2,5.55,5.2,5.55,1365
NORTHGATE,20110927,12.9,13,12.7,12.9,21898
NOVOPANIND,20110927,39,44.9,39,41.55,18
NRBBEARING,20110927,44.85,44.85,42,43.4,10851
NRC,20110927,4.2,4.2,3.7,3.95,3789
NSIL,20110927,625,641,622,630.45,126
NTPC,20110927,164.6,166.35,163.8,165.65,2162201
NUCHEM,20110927,3,3.1,2.95,3,15009
NUCLEUS,20110927,65.3,66.3,64.2,65.1,6644
NUMERICPW,20110927,193.95,194.9,188.05,191.65,2958
NUTEK,20110927,2.85,2.85,2.8,2.8,296489
OBEROIRLTY,20110927,218,228.4,218,222.15,119625
OCL,20110927,89.25,94,89.25,93.3,2370
OFSS,20110927,1943.95,1944,1921.05,1927.15,16818
OIL,20110927,1300.3,1324.8,1300.3,1316.1,35203
OILCOUNTUB,20110927,62.05,64,59.55,60.05,10516
OISL,20110927,50.15,51.7,50.15,50.5,200961
OMAXAUTO,20110927,38.35,38.7,37.75,38.45,6345
OMAXE,20110927,139.3,141.6,139,141.4,180627
OMKARCHEM,20110927,66.7,68.5,66.5,66.65,5062
OMMETALS,20110927,26,27.9,26,26.85,2031
OMNITECH,20110927,143,145,142.5,143.1,65562
ONGC,20110927,259,260.4,255.65,259.1,3141290
ONMOBILE,20110927,61,63.2,60.85,62.65,384638
ONWARDTEC,20110927,38,38.35,37.05,37.95,4980
OPTOCIRCUI,20110927,225,228.4,222.1,224.95,267908
ORBITCORP,20110927,33.5,34.6,33.35,34,293689
ORCHIDCHEM,20110927,179.5,182,177.75,178.9,759235
ORIENTABRA,20110927,37.7,37.85,36.9,37,22299
ORIENTALTL,20110927,7.9,8.3,7.9,8.25,784
ORIENTBANK,20110927,282.35,291,280.45,289.15,1003197
ORIENTCERA,20110927,47.5,49.5,46.5,48.75,164
ORIENTHOT,20110927,27.5,27.5,26.1,26.55,832
ORIENTLTD,20110927,70.1,73.65,70.1,71.1,1100
ORIENTPPR,20110927,59.05,62.1,59.05,61.4,34851
ORISSAMINE,20110927,46970,47800,46500.05,46705.5,829
OSWALMIN,20110927,38,38,34.65,37.15,182
OUDHSUG,20110927,22.8,22.8,21.75,22,2804
PAEL,20110927,22.6,22.6,22.05,22.05,625
PAGEIND,20110927,2690,2690,2551,2616.05,3950
PANACEABIO,20110927,128,130.15,128,128.55,2486
PANASONIC,20110927,110,115,110,114.85,303
PANORAMUNI,20110927,11.2,11.45,10.6,10.9,10579
PANTALOONR,20110927,223.25,236,223.25,225.6,1005032
PAPERPROD,20110927,74.5,78.05,73.65,74.55,40838
PARABDRUGS,20110927,31.6,33.3,31.6,32.6,66606
PARACABLES,20110927,3.25,3.25,3.05,3.1,31053
PARAL,20110927,227,235,227,231.1,3195
PARAPRINT,20110927,21.75,23.5,21.75,23.05,85757
PARASPETRO,20110927,0.45,0.5,0.45,0.5,479
PARRYSUGAR,20110927,95,97.75,88.65,89.2,498
PARSVNATH,20110927,66.9,67.1,65.5,66.45,1033607
PATELENG,20110927,98.85,101,98.5,98.7,448984
PATINTLOG,20110927,30,31.9,30,31.9,46843
PATNI,20110927,297,298.5,289.15,295.75,124355
PATSPINLTD,20110927,12.25,14,12,12.85,1537
PBAINFRA,20110927,45,46.1,45,45.05,1756
PDPL,20110927,103.05,104.95,94,94.75,10186
PDUMJEIND,20110927,19,19,16.05,18,48
PDUMJEPULP,20110927,18,18,17.3,17.4,2154
PEACOCKIND,20110927,3.05,3.05,2.8,3.05,4711
PEARLPOLY,20110927,20.35,21.35,20.35,20.6,10181
PENIND,20110927,38.05,39.65,38.05,38.6,1796
PENINLAND,20110927,43,45.25,43,44,14934
PEPL,20110927,2.35,2.35,2.3,2.3,543
PERIATEA,20110927,138,138,134,134,618
PERSISTENT,20110927,296.15,316,295.2,313.15,26189
PETRONENGG,20110927,301,306.85,297.35,299.45,2308
PETRONET,20110927,158.2,163.7,158,161.95,2182998
PFC,20110927,152,154.7,151.55,154.05,848916
PFIZER,20110927,1340,1357,1335,1354.4,1312
PFOCUS,20110927,58.3,59.75,58,58.6,378410
PFS,20110927,15.6,16,15.6,15.65,38331
PGEL,20110927,450,498.4,375.3,483.2,12144815
PGHH,20110927,1931,1931,1910,1919.15,1112
PHILIPCARB,20110927,143,153.95,143,144.2,29192
PHOENIXLTD,20110927,214.75,220.5,210.05,211.6,4867
PIDILITIND,20110927,165.35,168.9,163.8,165.65,146717
PIIND,20110927,566,586,562.1,579.7,2641
PIONDIST,20110927,46.75,47.9,45,47.9,1218
PIONEEREMB,20110927,11.55,12,11.55,11.6,864
PIPAVAVYD,20110927,81.1,81.1,77.05,77.75,4474498
PIRGLASS,20110927,123.1,129,123.1,125.6,9103
PIRHEALTH,20110927,355.9,356.7,348,349.8,63335
PIRLIFE,20110927,87.95,88.9,87,87.55,4442
PITTILAM,20110927,46.55,47.65,46.5,46.6,2988
PLASTIBLEN,20110927,175,175,170.3,173.95,234
PLETHICO,20110927,366.2,371.95,366.2,367.65,52078
PNB,20110927,990,1002.7,985,990.9,218858
PNBGILTS,20110927,24,24.65,24,24.2,19368
PNC,20110927,13.1,13.9,13.05,13.35,4562
POCHIRAJU,20110927,13.05,13.9,13,13.4,6813
POLARIND,20110927,3.95,4.1,3.85,3.9,5721
POLARIS,20110927,128.15,132.65,128.15,131.5,227723
POLYPLEX,20110927,179.4,184.85,179.4,181.8,36768
PONDYOXIDE,20110927,30,31.9,30,30.8,6310
PONNIERODE,20110927,79,79,78.8,78.9,1550
POWERGRID,20110927,96.45,97.3,95.55,96.65,716131
PPAP,20110927,87.95,87.95,82,83.05,2616
PRADIP,20110927,68.75,68.75,65.6,67.55,1956
PRAENG,20110927,7.15,7.15,6.85,6.85,74338
PRAJIND,20110927,71.95,73.2,71.45,72.55,477243
PRAKASH,20110927,53.7,53.95,52.1,53.05,198851
PRAKASHSTL,20110927,123,124,120.8,121.1,1730
PRATIBHA,20110927,45.6,46.95,44.25,45.4,54384
PRECOT,20110927,114,119,113.05,114.8,1776
PRECWIRE,20110927,91,94.9,87.5,89.05,2012
PREMIER,20110927,84.35,85.5,82.1,83.1,1979
PRESTIGE,20110927,92,92.7,90.75,91.45,20957
PRETAILDVR,20110927,170.1,174.8,168.05,173.1,5268
PRICOL,20110927,16.15,16.25,15.8,16,25398
PRIMESECU,20110927,18.2,20,17.25,18.85,13847
PRISMCEM,20110927,41.4,42,41.25,41.45,83842
PRITHVI,20110927,21.15,21.15,19.65,19.7,4903
PROVOGUE,20110927,30.2,34.5,30.1,30.35,88456
PSB,20110927,66.45,66.9,65.5,65.8,232421
PSL,20110927,60,61.5,59.65,60.8,48234
PSUBNKBEES,20110927,333.75,343.5,333.75,340.22,877
PTC,20110927,69.25,70.25,69,69.55,369447
PTL,20110927,38,41.4,38,40.35,78032
PUNJABCHEM,20110927,71,71.95,68.95,71.7,171
PUNJLLOYD,20110927,54,55.65,53.6,55.25,2731807
PURVA,20110927,65.55,68,65.55,67.1,3163
PVP,20110927,5.55,5.55,5.3,5.4,68271
PVR,20110927,120.8,124.45,117.15,120.15,28596
QGOLDHALF,20110927,1261,1284.95,1250.1,1280.4,2328
QNIFTY,20110927,500.95,508,500.95,506.09,359
QUINTEGRA,20110927,2.75,3,2.7,3,16042
RADAAN,20110927,2.3,2.35,2.25,2.3,8751
RADICO,20110927,121.05,126.25,121.05,125.7,59871
RAINBOWPAP,20110927,67.35,67.35,66.25,67,69818
RAINCOM,20110927,27,27.4,26.9,27.05,136393
RAJESHEXPO,20110927,116.55,128.3,116,123.45,2712861
RAJOIL,20110927,24,24,22.6,22.85,44906
RAJPALAYAM,20110927,202.45,214,202.4,205.85,328
RAJRAYON,20110927,9.7,10.35,9.7,10.1,73
RAJSREESUG,20110927,34.95,36.1,34.25,35.85,15344
RAJTV,20110927,56.65,57.25,54.1,56.5,35467
RAJVIR,20110927,110.1,119.25,110.1,115.75,692
RALLIS,20110927,170.65,180,169.4,177.3,250569
RAMANEWS,20110927,11.1,11.75,11.05,11.45,8306
RAMCOIND,20110927,41.3,41.3,40.25,40.85,7123
RAMCOSYS,20110927,59,67.9,58.55,61.5,6606
RAMKY,20110927,214.9,216,210,212.45,6759
RAMSARUP,20110927,9.25,10.35,9.25,10,65425
RANASUG,20110927,3.95,4,3.95,3.95,127287
RANBAXY,20110927,484.25,491.5,482,484.4,240248
RANEENGINE,20110927,199.65,205.95,195,205.45,121
RANEHOLDIN,20110927,212.95,212.95,201.25,203.05,2431
RANKLIN,20110927,14,14.45,13.8,13.85,5710
RATNAMANI,20110927,105,105,102.6,102.95,1564
RAYMOND,20110927,340,344.7,338.1,342.65,184265
RBL,20110927,105,107.8,103.55,106.15,660
RBN,20110927,82.3,84.85,82.1,82.9,15860
RCF,20110927,73.25,74,72.5,72.8,208688
RCOM,20110927,80,81.9,79.7,81,7931559
RECLTD,20110927,173.35,177.3,173.3,174.3,700565
REDINGTON,20110927,92.25,93.85,91.75,92.1,48896
REFEX,20110927,13.25,14.3,13.25,13.45,3324
REIAGROLTD,20110927,24.8,25.85,23.95,24.8,3075963
REISIXTEN,20110927,25.5,26.4,24.35,25.2,12040
RELAXO,20110927,398,419,398,417.3,1203
RELBANK,20110927,915,919.95,900,909.54,57
RELCAPITAL,20110927,400,411.85,391,394.8,7424340
RELGOLD,20110927,2521.05,2550,2488,2524.65,26824
RELGRNIFTY,20110927,465,490,464.01,490,61
RELIANCE,20110927,774,800.7,772,797.2,5039564
RELIGARE,20110927,420,422.5,412.3,420,3424
RELIGAREGO,20110927,2673,2673,2610,2648.7,596
RELINFRA,20110927,434.5,437.7,427.7,430.35,1284944
RELMEDIA,20110927,98.8,102.05,98,98.7,336808
RENUKA,20110927,56.8,58.5,56.8,57.7,3367096
REPRO,20110927,146.9,146.9,139.2,139.6,13538
RESPONIND,20110927,108.2,108.5,107.2,107.95,8696
RESURGERE,20110927,0.25,0.35,0.25,0.3,2621895
REVATHI,20110927,351,351,351,351,28
RICOAUTO,20110927,11.7,11.7,11.05,11.35,44141
RIIL,20110927,416.75,421.9,410.05,415.9,152128
RJL,20110927,94.5,94.5,90.05,90.15,974
RKDL,20110927,18.05,18.1,17.5,17.65,8277
RKFORGE,20110927,104.7,104.7,102,102.25,298
RMCL,20110927,5.2,5.6,5.2,5.25,11327
RML,20110927,118.4,119.4,117.6,118,723
ROHITFERRO,20110927,28.55,28.6,28,28.25,21938
ROHLTD,20110927,52.25,53.25,52.25,52.8,4480
ROLTA,20110927,95.8,96.1,93.65,94.35,489443
ROMAN,20110927,23.25,23.25,22.3,22.3,2
RPGLIFE,20110927,79.2,79.85,79,79,5537
RPOWER,20110927,81.1,82.7,80.8,82.05,2987119
RPPINFRA,20110927,63,67,61.7,62.9,2093
RSSOFTWARE,20110927,51.6,54.25,51.6,53.45,5658
RSWM,20110927,86.35,89.95,86.35,87.75,4564
RSYSTEMS,20110927,101.4,102.05,100,100.45,770
RUBYMILLS,20110927,885,915.95,885,912.7,572
RUCHINFRA,20110927,17.5,18.8,17.5,18.35,22845
RUCHIRA,20110927,8.75,9.15,8.5,9,10616
RUCHISOYA,20110927,118.35,124.9,116.8,121.05,1766452
RUSHIL,20110927,186.1,201.75,184.15,186.85,2590028
SABERORGAN,20110927,122.05,123.5,122,123.1,6194
SADBHAV,20110927,132.5,142.85,129.15,131.55,105085
SAGCEM,20110927,137.5,137.5,137,137.35,30
SAHPETRO,20110927,29.6,30.2,29.6,29.9,12316
SAIL,20110927,106,109.6,105.65,108.85,2137237
SAKHTISUG,20110927,27.3,27.4,26.1,26.5,41459
SAKSOFT,20110927,70,79.9,69.7,73.9,10156
SAKUMA,20110927,13.25,14.3,13.1,13.1,1283
SALORAINTL,20110927,25.7,25.7,25.2,25.7,576
SALSTEEL,20110927,5.25,5.6,5.25,5.45,13994
SAMBANDAM,20110927,76.75,77.5,73,77.5,40
SAMBHAAV,20110927,1.15,1.2,1.1,1.2,9052
SANDESH,20110927,274,289,274,280.7,1814
SANGAMIND,20110927,30.75,31.3,30.4,30.8,5129
SANGHIPOLY,20110927,1.45,1.45,1.45,1.45,664
SANGHVIFOR,20110927,27,28.05,26.4,26.9,3168
SANGHVIMOV,20110927,124.05,126,122,123.35,2494
SANWARIA,20110927,21.5,22.75,20.5,21.05,339940
SARDAEN,20110927,135.2,145,134.15,135.65,24966
SAREGAMA,20110927,70.85,73,69.5,69.85,71301
SARLAPOLY,20110927,103.15,103.2,103.1,103.1,142
SASKEN,20110927,109.9,113,108,108.85,51808
SATHAISPAT,20110927,37.25,38.9,37.25,38.6,2642
SATYAMCOMP,20110927,71.5,72.5,70.75,71.05,2757165
SAVERA,20110927,38,38,36.55,37,14
SB&TINTL,20110927,17.25,18.25,17.15,17.5,127493
SBBJ,20110927,405,407,401.15,402.65,6596
SBIGETS,20110927,2616.05,2645,2601,2636.3,20027
SBIN,20110927,1985.05,2006.8,1977.6,1997.3,1763057
SBT,20110927,624.95,624.95,608,611.65,5487
SCI,20110927,83.45,85.1,82.7,84.5,101488
SEAMECLTD,20110927,101.65,103.8,101.6,103.4,2934
SEINVEST,20110927,10.3,10.6,10.2,10.2,125924
SELAN,20110927,283.2,293,283.15,288.2,15446
SELMCL,20110927,12.1,12.5,12.1,12.35,158307
SENTINEL,20110927,13.55,14.95,13.55,14.5,1152
SERVALL,20110927,7,7.2,6.85,6.9,26558
SESAGOA,20110927,203.65,204.75,198.05,200.1,3114671
SESHAPAPER,20110927,203,203.9,199.05,200.65,330
SEZALGLASS,20110927,2.7,2.7,2.55,2.6,75859
SGJHL,20110927,143.9,149.5,143.9,146.75,206131
SGL,20110927,3.85,4,3.85,4,60
SHAHALLOYS,20110927,9.95,10,9.35,9.8,3849
SHALPAINTS,20110927,497.95,512.25,476.05,512.25,22047
SHANTIGEAR,20110927,41,41.9,40.65,41.2,30312
SHARIABEES,20110927,111.7,113.3,110.1,113.3,115
SHARRESLTD,20110927,57.9,57.9,54,56.85,27666
SHASUNPHAR,20110927,68.65,68.9,67.15,67.5,3480
SHILPAMED,20110927,219,230,219,228.4,2286
SHILPI,20110927,13,13.85,13,13.15,27137
SHIV-VANI,20110927,205.5,206.5,197.2,200,2444301
SHIVAMAUTO,20110927,125,128,121.65,128,409
SHIVTEX,20110927,23.1,24.55,23.1,24.5,1361
SHLAKSHMI,20110927,90,92.95,90,90.35,34464
SHOPERSTOP,20110927,369.95,370,360.05,362.75,9826
SHREEASHTA,20110927,5.7,5.95,5.7,5.85,2253357
SHREECEM,20110927,1800,1829.95,1762.05,1806.35,1861
SHREERAMA,20110927,5,5.25,4.8,5.05,47866
SHRENUJ,20110927,55.5,60.95,55.5,59.95,6310
SHREYANIND,20110927,22.45,22.45,20.3,21,43
SHREYAS,20110927,37.1,40.35,36.6,39.85,20019
SHRIRAMCIT,20110927,530,532,526,530,1915
SHRIRAMEPC,20110927,118.1,121,116.1,118.5,3044
SHYAMTEL,20110927,38.8,38.8,35.5,36.55,2586
SICAGEN,20110927,18.7,19.4,18.2,18.4,13687
SICAL,20110927,70.5,73,70.5,70.6,9626
SIEMENS,20110927,847,860,847,855.1,74716
SILINV,20110927,91.95,91.95,86.1,86.1,3
SIMBHSUGAR,20110927,29.2,30.25,29.2,29.35,3477
SIMPLEX,20110927,84.9,84.9,81,81.5,649
SIMPLEXINF,20110927,232,237,225,227.2,682
SINTEX,20110927,141.1,144.4,140.05,142.55,1648787
SIRPAPER,20110927,44,50,44,49.9,1490
SITASHREE,20110927,9,9,8.4,8.75,11198
SIYSIL,20110927,276,285.05,276,279,674
SJVN,20110927,22,22,21.7,21.7,92943
SKFINDIA,20110927,675.15,694,675.15,689.35,53237
SKMEGGPROD,20110927,7.8,7.9,7.5,7.7,6352
SKSMICRO,20110927,257.55,278.8,257.55,267.15,331395
SKUMARSYNF,20110927,44.7,45.6,44.2,44.8,990880
SMARTLINK,20110927,41.4,41.4,39.75,40.2,8490
SMLISUZU,20110927,371.6,385,371.55,383.65,2582
SMOBILITY,20110927,103.95,103.95,99.15,101.25,58367
SMPL,20110927,7.4,7.65,7.4,7.45,66312
SMSPHARMA,20110927,165,169,165,168.5,80
SOBHA,20110927,220.95,235,220.95,224.5,76277
SOFTTECHGR,20110927,5.05,5.05,4.15,4.6,1707
SOLARINDS,20110927,760,770,752.05,764.65,849
SOMANYCERA,20110927,42.35,46.5,42.05,43.2,1978
SOMATEX,20110927,6.05,6.1,6.05,6.1,1906
SONASTEER,20110927,14.7,15.15,14.7,14.9,69192
SONATSOFTW,20110927,29.45,30.4,28.6,28.85,118201
SOTL,20110927,565,575,565,565.85,765
SOUISPAT,20110927,4.75,4.75,4.45,4.45,107069
SOUTHBANK,20110927,22.4,22.4,22.05,22.15,1975247
SPANCO,20110927,121,133,118.25,129.8,56571
SPARC,20110927,76,81,76,80.4,254369
SPENTEX,20110927,9.2,9.7,9.2,9.4,4485
SPIC,20110927,25.55,26.05,25.25,25.65,137072
SPMLINFRA,20110927,134.8,134.8,130,131.4,1587
SPYL,20110927,20.1,23,20.1,22.95,3289
SREINFRA,20110927,32.45,34.35,32.45,33.2,1533153
SRF,20110927,310,314,310,311.3,23989
SRGINFOTEC,20110927,0.5,0.55,0.5,0.5,50049
SRHHLINDST,20110927,4.05,4.05,3.95,3.95,504
SRHHYPOLTD,20110927,39,39,39,39,100
SRICHAMUND,20110927,37.8,37.8,37.8,37.8,20
SRSLTD,20110927,34.4,36.8,33.55,33.95,2103025
SRTRANSFIN,20110927,610,617,605.05,612.35,161889
SSWL,20110927,220.05,228.4,220.05,225.85,8895
STAR,20110927,342,349,335.1,342.65,73906
STARPAPER,20110927,25.2,25.2,23.7,24.35,6603
STCINDIA,20110927,155,161.5,155,158.35,85791
STER,20110927,121,122.7,120,122,4521641
STERLINBIO,20110927,70.05,74,70.05,71.15,668277
STERTOOLS,20110927,107,109,104.2,107.3,8113
STOREONE,20110927,13.65,13.95,13.3,13.95,6191
STRTECH,20110927,38.8,40,37.65,38.6,225811
SUBEX,20110927,43.75,44.4,43.3,43.8,318488
SUDAR,20110927,69.3,71.4,67.4,69.8,134557
SUDARSCHEM,20110927,680,700.2,680,699.95,155
SUJANATOW,20110927,26.45,27.9,26.3,26.8,7678668
SUJANAUNI,20110927,5,5.05,4.85,4.95,38892
SUMEETINDS,20110927,26,26.7,25.5,25.85,142862
SUMMITSEC,20110927,77,81.95,77,78.05,654
SUNCLAYTON,20110927,133,145,131,139.5,10598
SUNDARAM,20110927,42.25,42.4,41.95,42.05,89123
SUNDARMFIN,20110927,527,538,525,532,1601
SUNDRMBRAK,20110927,149.95,152.4,146.75,149.85,345
SUNDRMFAST,20110927,60.4,61.5,59.5,60.3,19793
SUNFLAG,20110927,27,27.5,26.75,26.85,50862
SUNILHITEC,20110927,85,86.9,84.3,85.5,8595
SUNPHARMA,20110927,472.4,475.2,465.1,467.25,1161287
SUNTECK,20110927,305.95,310,305,307.85,11710
SUNTV,20110927,280,285,272.9,275.85,890824
SUPER,20110927,178.85,178.9,174,174,250
SUPERSPIN,20110927,8.5,8.5,8.05,8.1,4286
SUPPETRO,20110927,73.8,74,73.2,73.5,21409
SUPRAJIT,20110927,18.4,18.8,17.85,18.65,29643
SUPREMEIND,20110927,190.5,192.4,187,190.25,7948
SUPREMEINF,20110927,221.9,234.4,220.05,230.8,6098
SURAJDIAMN,20110927,44,46.2,44,45.25,23904
SURANACORP,20110927,95.5,95.5,93.65,93.65,324
SURANAIND,20110927,440.5,441,439,440.65,7959
SURANAT&P,20110927,14.35,14.8,14.35,14.5,2910
SURANAVEL,20110927,32,32,30,31,23075
SURYAJYOTI,20110927,22.85,23.6,22.3,23.35,24513
SURYALAXMI,20110927,57,61.75,57,61.7,1792
SURYAPHARM,20110927,16,16.2,15.8,16,43581
SURYAROSNI,20110927,61,62.2,61,61.65,3284
SUTLEJTEX,20110927,198.95,198.95,181.1,183.6,1270
SUVEN,20110927,16.35,16.9,16.35,16.7,16560
SUZLON,20110927,38.5,38.7,38,38.15,9187775
SWARAJENG,20110927,482.45,482.8,458,460.35,14013
SYMPHONY,20110927,1350,1449,1330.05,1364.75,19670
SYNCOM,20110927,15.45,15.45,15,15.1,13175
SYNDIBANK,20110927,101,104,101,103.7,243954
TAINWALCHM,20110927,22.15,23.3,22.15,23.3,2102
TAJGVK,20110927,92,92,90,90.85,17578
TAKE,20110927,30.8,31.6,30.8,31.4,11356
TALBROAUTO,20110927,39.9,41.9,38.5,39.6,427
TALWALKARS,20110927,182.35,187,181.5,182.2,81754
TANFACIND,20110927,24,24,24,24,100
TANLA,20110927,8.9,8.9,8.35,8.45,190520
TANTIACONS,20110927,48.8,52,48.75,50.95,5474
TARAPUR,20110927,18.75,19.1,18.5,18.6,6932
TATACHEM,20110927,323.1,329.9,320.5,327.7,212766
TATACOFFEE,20110927,844.95,855.9,834.2,838.3,202489
TATACOMM,20110927,191,197,191,194.9,150842
TATAELXSI,20110927,202,208.4,202,204.8,15403
TATAGLOBAL,20110927,87.7,89,87.1,88.6,644053
TATAINVEST,20110927,487,493.85,486,488.5,4930
TATAMETALI,20110927,83.9,85,81.3,82.05,104926
TATAMOTORS,20110927,151.35,157,150.6,155.75,11579085
TATAMTRDVR,20110927,90.05,93.5,89.5,93,1394300
TATAPOWER,20110927,98.7,102,98.1,101.15,3040676
TATASPONGE,20110927,294.55,304.95,294.55,300.6,5640
TATASTEEL,20110927,441.6,445.4,435.5,438.95,3941832
TCI,20110927,93,93,80.5,87.85,12131
TCIDEVELOP,20110927,157,158,157,157.95,128
TCIFINANCE,20110927,32.85,33.8,32.5,33.45,2423
TCS,20110927,1013.8,1045,1006,1040.55,1982289
TDPOWERSYS,20110927,272.4,277,267.1,269.2,79267
TECHM,20110927,603.95,616.85,603.95,610.45,201438
TECHNO,20110927,216.05,224.75,216,221.35,19270
TECHNOFAB,20110927,131.05,138.9,128,135.25,2812
TECPRO,20110927,233,236.85,230,234.4,6964
TELEDATAIT,20110927,0.25,0.3,0.25,0.3,51101
TELEMARINE,20110927,0.55,0.6,0.55,0.55,49332
TEXMACOLTD,20110927,33.55,34.4,32.9,33.15,137058
TEXMOPIPES,20110927,37.35,37.35,36.15,36.45,225477
TEXRAIL,20110927,79,81.85,78.6,80.95,34201
TFCILTD,20110927,29.15,30.2,29,29.85,94495
TFL,20110927,15.6,15.6,13.1,13.75,1530
THANGAMAYL,20110927,144,147.85,144,147.25,7783
THEMISMED,20110927,118.95,119,110.25,111.3,279
THERMAX,20110927,493,500,483.3,486.3,51184
THINKSOFT,20110927,34.9,35.5,34.1,34.4,24902
THIRUSUGAR,20110927,79,83.9,70,71.65,54599
THOMASCOOK,20110927,47.85,48.5,47.4,47.6,162931
TI,20110927,28.4,29.7,28.25,28.75,379428
TIDEWATER,20110927,6605,6685,6580.05,6608.9,478
TIIL,20110927,42.9,42.9,39.15,40.8,1308
TIL,20110927,395,405,391,401,641
TIMESGTY,20110927,31.05,31.95,29.7,29.9,6587
TIMETECHNO,20110927,67.6,67.6,65.1,65.95,17082
TIMKEN,20110927,209.75,218,209.75,215.25,129441
TINPLATE,20110927,46.3,48.4,46.3,46.85,134568
TIPSINDLTD,20110927,28.25,28.95,28.25,28.6,8703
TIRUMALCHM,20110927,71.75,72,71,71.6,520
TITAN,20110927,210,214,210,212.65,3740693
TNPETRO,20110927,16.9,16.9,15.05,16.05,57911
TNPL,20110927,99.7,101.45,99.7,100.95,60328
TODAYS,20110927,5.05,5.5,5.05,5.3,1711
TOKYOPLAST,20110927,14.3,16.75,14.3,16.75,75
TORNTPHARM,20110927,556,560,546.05,548.2,28935
TORNTPOWER,20110927,217.3,221.7,216.3,218.5,26485
TREEHOUSE,20110927,174.4,180,166.05,174.05,1120924
TRENT,20110927,1079.95,1094.85,1070.05,1079.9,67345
TRF,20110927,336.5,339,328.5,333.45,10503
TRICOM,20110927,12,12,11.55,11.65,980
TRIDENT,20110927,12.15,12.25,11.95,12,34207
TRIGYN,20110927,12.65,13.35,12.65,13.25,656
TRIL,20110927,223.85,223.85,214.65,219.05,3826
TRIVENI,20110927,22.6,23.85,22.6,23,347889
TTKHEALTH,20110927,492,524.8,480.05,491.5,140331
TTKPRESTIG,20110927,2608.7,2658.4,2600,2624.65,65990
TTL,20110927,23.1,24.3,23.1,23.95,2202
TTML,20110927,17.9,18.2,17.5,17.95,2312426
TUBEINVEST,20110927,141.75,144,139.5,140.3,11681
TULIP,20110927,153.45,158.5,153.1,157.25,210110
TULSI,20110927,11.6,11.9,11.6,11.8,37090
TULSYAN,20110927,38.5,39.7,38,38,418
TV18BRDCST,20110927,43.5,43.5,39.35,41.75,99389
TVSELECT,20110927,19.8,20.1,19.25,19.45,775
TVSMOTOR,20110927,63,63,58.9,60.7,1259607
TVSSRICHAK,20110927,375.8,382,365.5,374.5,1151
TVTODAY,20110927,52.85,54,52.3,52.95,18070
TWILITAKA,20110927,37.5,38.6,36,36.15,44515
TWL,20110927,402,411.95,402,410.15,14105
UBENGG,20110927,53.75,54.05,52.45,52.9,19249
UBHOLDINGS,20110927,114.7,116.35,111.75,114.25,57984
UBL,20110927,394.95,396,388.8,393.75,16559
UCALFUEL,20110927,72,74,72,72.9,5433
UCOBANK,20110927,66.25,67.9,65.8,66.85,1046303
UFLEX,20110927,142.4,147.2,142.4,145.3,426197
UGARSUGAR,20110927,14.35,14.35,13.1,13.2,4889
ULTRACEMCO,20110927,1142,1144,1128.1,1134.65,112105
UMESLTD,20110927,17,17.9,17,17,1110
UNICHEMLAB,20110927,141.05,143.8,141.05,143,5823
UNIENTER,20110927,28.9,28.95,27.95,28,9929
UNIONBANK,20110927,252.3,259.8,251.5,252.95,1237202
UNIPHOS,20110927,142.25,144.25,138.25,139.6,2061383
UNIPLY,20110927,12.35,12.95,11.45,11.8,9134
UNITECH,20110927,25.3,28,25.3,27.85,16766789
UNITEDBNK,20110927,75.5,76.5,75.2,75.55,33364
UNITEDTEA,20110927,134,140,129.1,132.65,418
UNITY,20110927,47,49.4,45.9,46.35,224993
UNIVCABLES,20110927,52.45,58.35,50.55,50.8,16696
UPERGANGES,20110927,47.8,47.8,45.5,46,548
USHAMART,20110927,34,34.8,33.1,33.55,111877
USHERAGRO,20110927,122.25,126.85,122.15,125.95,325002
UTISUNDER,20110927,970,970,861.1,882.9,73
UTTAMSTL,20110927,73.7,75.35,73,73.6,19290
UTTAMSUGAR,20110927,29,31,28.75,28.85,4899
UTVSOF,20110927,965,965,955.1,956.55,28365
VADILALIND,20110927,128.3,134.7,128.3,132,1670
VAIBHAVGEM,20110927,33.2,37.9,33,35.75,6565
VAKRANSOFT,20110927,356.4,361.9,352,353.35,38197
VALECHAENG,20110927,75.9,78,74.85,76.3,45935
VALUEIND,20110927,17.65,17.65,17.2,17.4,4079
VARDHACRLC,20110927,9.15,9.4,9.1,9.2,71498
VARDMNPOLY,20110927,106.95,107.2,98,104.6,81259
VARUN,20110927,255.55,261,254,256.15,142770
VARUNSHIP,20110927,19.95,20.15,19.5,19.9,41476
VASCONEQ,20110927,45.9,45.9,44.55,44.85,4549
VENKEYS,20110927,407,409.7,396.25,397.9,24987
VENUSREM,20110927,203.5,205.85,199.15,200.35,6441
VESUVIUS,20110927,394.9,395,388,391.4,3009
VGUARD,20110927,212.75,215.9,210.1,210.85,65434
VHL,20110927,377.15,392.9,364.1,372.25,715
VICEROY,20110927,24.25,25.7,24.25,25.05,21912
VIDEOIND,20110927,173,175.9,172.25,172.95,254777
VIJAYABANK,20110927,55.3,57.1,55.05,56.25,1745093
VIJSHAN,20110927,16.15,17.55,16.15,17.5,650
VIKASHMET,20110927,10.25,10.45,10.2,10.3,12183
VIMTALABS,20110927,21.95,22.9,21,21.9,60364
VINATIORGA,20110927,68.8,68.8,67,67.55,1817
VINDHYATEL,20110927,155,160,155,159.8,2840
VINYLINDIA,20110927,10.25,10.25,9.4,9.55,1939
VIPIND,20110927,964.4,990,961.2,968.8,622856
VIPUL,20110927,11,11,10.05,10.4,38858
VISAKAIND,20110927,89.95,89.95,87.2,87.8,2707
VISASTEEL,20110927,58.5,59,58.5,58.55,5539
VISESHINFO,20110927,3.45,3.45,3.3,3.35,32683
VISHALRET,20110927,23.8,24.2,23.2,23.3,54980
VISUINTL,20110927,2,2.3,2,2.1,14425
VIVIMEDLAB,20110927,238.9,241.45,233.05,235.85,31153
VLSFINANCE,20110927,11.4,11.4,11,11.05,4157
VOLTAMP,20110927,498.2,509.95,498.2,505.5,5950
VOLTAS,20110927,119.9,120.5,118.15,119.75,322888
VSTIND,20110927,1378,1429.95,1378,1400.1,14189
VSTTILLERS,20110927,511,535,511,529.15,934
VTL,20110927,193,194,190,192.25,5757
VTXIND,20110927,14.55,14.55,14.55,14.55,90
WABAG,20110927,379,381,377,377.45,4899
WABCOINDIA,20110927,1320,1324.65,1315,1318.3,618
WALCHANNAG,20110927,93,94.25,92.1,92.65,66500
WANBURY,20110927,24.9,24.9,23.8,24,4419
WEBELSOLAR,20110927,38.7,39.9,38.1,38.7,1824
WEIZFOREX,20110927,75.15,77,70.55,75.05,1819
WEIZMANIND,20110927,8.95,9.2,8.95,9.2,5103
WELCORP,20110927,115.75,116.2,113,115.05,364082
WELGLOB,20110927,45.5,47,41.25,47,74
WELINV,20110927,48.5,50.9,44.5,50.15,387
WELPROJ,20110927,42,43.9,42,42.25,7602
WENDT,20110927,1649.8,1649.8,1605,1623.8,239
WHEELS,20110927,253.8,259.9,247.85,249.1,38
WHIRLPOOL,20110927,218,225.2,214.95,223.45,18039
WILLAMAGOR,20110927,50,51,46.8,47.3,3071
WINDMACHIN,20110927,22.5,23.85,22.5,23.85,2630
WINSOME,20110927,27,27.3,26.35,26.45,2001
WIPRO,20110927,343.3,353.8,343,348.2,1847884
WOCKPHARMA,20110927,394.7,400,390.55,392.15,61806
WSI,20110927,16.85,17,16.5,16.7,938
WSTCSTPAPR,20110927,70.2,71.95,70,70.4,16702
WWIL,20110927,6.9,7.3,6.9,7.15,1167548
WYETH,20110927,972.55,989.85,968,980.1,657
XLENERGY,20110927,7.2,7.45,7.2,7.4,18607
XPROINDIA,20110927,54.7,54.7,52.3,53,2308
YESBANK,20110927,265.9,273.65,265.3,271.8,2122335
ZANDUREALT,20110927,1950,2114,1935,1984.1,22553
ZEEL,20110927,114.95,115.7,113.5,114.45,1028353
ZEELEARN,20110927,19,19.3,18.75,18.8,254263
ZEENEWS,20110927,12.8,12.8,12.3,12.5,280652
ZENITHBIR,20110927,4.85,4.95,4.85,4.85,58269
ZENITHCOMP,20110927,14.65,14.75,14.25,14.35,1503
ZENITHINFO,20110927,181.35,184,170,172.5,1079
ZENSARTECH,20110927,130,130,115.35,122.05,3665
ZICOM,20110927,35,35.85,34.05,35.1,9740
ZODIACLOTH,20110927,250,257.75,246.5,249.3,7434
ZODJRDMKJ,20110927,24.75,24.75,23.1,24.25,527
ZUARIAGRO,20110927,572,574.9,555.55,562.35,7926
ZYDUSWELL,20110927,550.5,559.95,550.5,552.7,5110
ZYLOG,20110927,416,423.65,410.1,419.95,145973
NSENIFTY,20110927,4905.15,4982.95,4905.15,4971.25,151313966,5284.66
NIFTYJUNIOR,20110927,9763.95,9953.85,9763.95,9935.55,80691772,1273.61
BANKNIFTY,20110927,9528.30,9661.50,9528.30,9619.95,16511127,1204.77
NSEMIDCAP,20110927,7074.00,7189.10,7074.00,7169.90,109032558,1109.75
NSEIT,20110927,5444.10,5617.25,5444.10,5579.70,12560529,701.85
NSE100,20110927,4824.10,4903.25,4824.10,4892.35,232005738,6558.26
NSE500,20110927,3953.35,4017.85,3953.35,4010.05,425813964,8320.26
MIDCAP50,20110927,2119.65,2141.00,2119.65,2133.50,77638111,837.48
VIX,20110927,35.43,35.43,31.24,32.01,35.43,-3.42
