20MICRONS,20110928,55.95,55.95,53.5,53.85,59167
3IINFOTECH,20110928,27,27.85,26.6,26.75,572077
3MINDIA,20110928,4250,4250,4210.05,4210.05,27
A2ZMES,20110928,225.8,226,217.1,220.1,72149
AANJANEYA,20110928,451.1,470.9,433.15,439.75,114640
AARTIDRUGS,20110928,107,107,104.5,105.45,1767
AARTIIND,20110928,46.5,47.45,45.25,46,23822
AARVEEDEN,20110928,38.45,38.95,34.3,34.7,1227
ABAN,20110928,373,374.35,357.3,359.95,593179
ABB,20110928,752.05,757,727.45,738.05,81029
ABBOTINDIA,20110928,1446.5,1449,1424.1,1426.4,351
ABCIL,20110928,100,100.5,97.5,98.6,3062
ABGSHIP,20110928,396.1,405.7,396.1,399.25,220855
ABHISHEK,20110928,10.05,10.45,9.9,9.9,1606
ABIRLANUVO,20110928,914.7,933.65,905.85,919.55,95563
ACC,20110928,1095.1,1102.5,1083.4,1088.15,314859
ACE,20110928,44.8,46.1,44.8,45.25,20345
ACKRUTI,20110928,197,197,190.05,190.7,2690
ACROPETAL,20110928,15.6,15.7,14.8,15,85590
ADANIENT,20110928,568.35,568.35,533,541.85,222175
ADANIPOWER,20110928,87.05,87.15,83,83.45,350147
ADFFOODS,20110928,56.6,56.8,55.15,56.3,2539
ADHUNIK,20110928,49.05,49.05,46.95,48.4,241183
ADORWELD,20110928,151,151.85,150.2,150.7,2782
ADSL,20110928,28,29.2,27.6,28.85,98541
ADVANTA,20110928,386,389,371.5,373.2,22887
AEGISCHEM,20110928,193.1,194.8,190,193.05,22989
AFL,20110928,38,38.4,37.4,37.9,2555
AFTEK,20110928,11.5,11.5,10.7,10.7,82042
AGCNET,20110928,141,149.95,141,148.8,3644
AGRE,20110928,40.05,41.25,40,40.25,5372
AGRODUTCH,20110928,7.3,7.5,7,7.25,26603
AHLEAST,20110928,293.15,300,290.1,295.3,2384
AHLUCONT,20110928,111.95,111.95,106.4,107.15,522
AHLWEST,20110928,162,162.9,153.05,154.1,1034
AHMEDFORGE,20110928,103.5,104.7,102.15,102.8,4402
AIAENG,20110928,310.55,314.85,310.2,310.25,1743
AJANTPHARM,20110928,312.65,316,301.5,304.4,4311
AJMERA,20110928,120.95,122.9,117.1,118.25,9575
AKSHOPTFBR,20110928,6.4,6.4,6.1,6.1,28389
AKZOINDIA,20110928,953.75,954,925.15,937.1,5594
ALBK,20110928,161.9,162.45,158,158.6,405732
ALCHEM,20110928,261.6,261.75,259,259.45,103907
ALEMBICLTD,20110928,19.15,19.5,19,19,14378
ALFALAVAL,20110928,2175.25,2230,2175.25,2202.65,5633
ALKALI,20110928,40.8,40.8,38.3,38.65,3496
ALKYLAMINE,20110928,89,89,84.25,88.55,1614
ALLCARGO,20110928,143.95,144.5,142,143.15,1942
ALLSEC,20110928,13.25,13.6,13.05,13.35,1423
ALMONDZ,20110928,24,24,22.15,22.6,497
ALOKTEXT,20110928,17.6,17.65,17,17.1,4955242
ALPA,20110928,8,9,7.95,8.2,4848
ALPHAGEO,20110928,95,98.5,93.5,93.7,950
AMAR,20110928,108.25,108.35,105,106.9,49193
AMARAJABAT,20110928,210,213.35,205,205.8,13064
AMARJOTHI,20110928,53,56.95,53,54,233
AMBIKCO,20110928,173.3,178.6,171.55,174.2,197
AMBUJACEM,20110928,148.1,149.75,146.05,146.85,1653241
AMDIND,20110928,19.45,19.65,19.2,19.25,1307
AMLSTEEL,20110928,13.7,13.7,13.55,13.55,26
AMRUTANJAN,20110928,774.95,777.8,750,761.9,37433
AMTEKAUTO,20110928,129,131,120.05,128,872476
AMTEKINDIA,20110928,119.6,132.4,119.35,130.9,1095772
ANANTRAJ,20110928,59,59,57.5,58,94832
ANDHRABANK,20110928,124,124.45,122,123.1,404370
ANDHRSUGAR,20110928,98.05,98.5,97.45,97.75,4057
ANGIND,20110928,22,22.4,20.5,21,256
ANIKINDS,20110928,32.55,32.8,32,32.35,538
ANSALAPI,20110928,35.5,35.9,33.1,33.4,267602
ANSALHSG,20110928,39,40,38.3,38.75,2138
APARINDS,20110928,169.9,170,167,169.2,1684
APCOTEXIND,20110928,161.5,168.8,161.5,166.1,231
APIL,20110928,523.95,529.5,506.5,511.95,45039
APLAB,20110928,34.6,34.6,34.6,34.6,100
APOLLOHOSP,20110928,515.8,528.25,513.8,519.35,125550
APOLLOTYRE,20110928,57.55,58.45,55.3,55.65,1274185
APPAPER,20110928,257,260,241.05,246,17080
APTECHT,20110928,119.8,122.45,116.2,117.7,1013043
AQUA,20110928,14.3,14.3,13.9,13.95,71099
ARCHIES,20110928,40.9,40.9,39.5,40,12255
AREVAT&D,20110928,225.05,226.95,218.3,219.8,22791
ARIES,20110928,96.6,97.95,91.1,92.4,14900
ARL,20110928,2.25,2.3,2.15,2.15,144340
AROGRANITE,20110928,37,38.15,36.8,37.5,2012
ARROWTEX,20110928,8.9,9.6,8.1,9.1,2671
ARSHIYA,20110928,136.3,138.45,132.5,134.55,61354
ARSSINFRA,20110928,330,335,322.1,327.5,247827
ARVIND,20110928,99.3,101.95,96.75,98.9,4530289
ASAHIINDIA,20110928,67,69.9,66.4,67.95,10749
ASAHISONG,20110928,89.9,92.5,87.25,87.55,1422
ASAL,20110928,51,53.5,51,52.9,584
ASHAPURMIN,20110928,15.65,16.7,15.6,15.8,18187
ASHCONIUL,20110928,2.25,2.25,2.1,2.1,1217
ASHIANA,20110928,138.05,142,138.05,141.7,3140
ASHIMASYN,20110928,4.85,4.85,4.85,4.85,500
ASHOKA,20110928,245,248,241.05,245.2,236
ASHOKLEY,20110928,26.55,27.05,25.9,26.7,9248419
ASIANHOTNR,20110928,182.35,185.6,182.35,185.1,2350
ASIANPAINT,20110928,3119.8,3145,3091.2,3134.1,41672
ASIL,20110928,2.6,2.6,2.6,2.6,2
ASSAMCO,20110928,10.9,11.1,10.7,10.8,68856
ASTEC,20110928,36,37.45,36,36.45,5250
ASTERSILI,20110928,18.7,18.7,17.1,17.4,10578
ASTRAL,20110928,198,198,186.65,187.65,9334
ASTRAMICRO,20110928,26,26,25.05,25.65,17973
ASTRAZEN,20110928,1230,1264.35,1230,1242.25,60
ATFL,20110928,411,411,397,405.8,6465
ATLANTA,20110928,63.1,63.1,61,61.45,50558
ATLASCYCLE,20110928,336.1,362.5,331,343.05,156482
ATNINTER,20110928,0.85,1,0.85,1,3420
ATUL,20110928,208,213.8,206.85,209.9,32082
AURIONPRO,20110928,144.9,145,140,140.5,39
AUROPHARMA,20110928,131.1,131.95,125.25,126.35,818402
AUSOMENT,20110928,32.5,34.7,32.15,34.7,710
AUTOAXLES,20110928,400,407.5,393,395.3,130
AUTOIND,20110928,112.05,116,112.05,113.35,48286
AUTOLITIND,20110928,16,16.55,15.45,15.95,2954
AVENTIS,20110928,2255,2424,2250.2,2306.2,5859
AVTNPL,20110928,394,414,381.35,390.75,7006
AXIS-IT&T,20110928,96.15,101.2,96.15,96.2,68460
AXISBANK,20110928,1091,1096,1065.45,1072.7,2016743
AXISGOLD,20110928,2624,2624,2585,2593.15,1392
BAGFILMS,20110928,5.5,5.6,5.3,5.35,92579
BAJAJ-AUTO,20110928,1545.85,1545.85,1502.3,1515.4,821979
BAJAJCORP,20110928,117.5,124,117.5,122.95,114275
BAJAJELEC,20110928,178,183.5,176,180.7,199582
BAJAJFINSV,20110928,536.15,546.8,527,531.9,49702
BAJAJHIND,20110928,40.3,40.75,38.15,38.6,1914009
BAJAJHLDNG,20110928,738.3,740.05,722.25,724.55,62310
BAJFINANCE,20110928,642,645.85,626.05,633.2,6667
BALAJITELE,20110928,31.95,31.95,30.35,30.55,9237
BALAMINES,20110928,34.1,34.55,33.4,33.7,6169
BALKRISIND,20110928,175,176.95,173.8,174.9,8928
BALLARPUR,20110928,26.15,26.5,25.6,26,339082
BALMLAWRIE,20110928,610,615.85,600,602.45,4855
BALPHARMA,20110928,22.1,22.2,21.75,21.75,433
BALRAMCHIN,20110928,49,49.05,45.8,46.05,1740118
BANARISUG,20110928,603,603,600,600.85,120
BANCOINDIA,20110928,71.4,72.25,71.4,71.45,3162
BANG,20110928,24.4,24.4,23.1,23.1,646
BANKBARODA,20110928,811.9,814,782.25,793.75,252504
BANKBEES,20110928,969.65,970,960.05,969.98,602
BANKINDIA,20110928,312.1,318.25,310.7,317.05,710577
BANSWRAS,20110928,99.5,99.5,86.65,87.9,23939
BARTRONICS,20110928,54,54,52.1,52.25,48470
BASF,20110928,605,609.9,594,595.85,1524
BASML,20110928,61,62.85,61,62.85,269
BATAINDIA,20110928,647.35,652.7,634,638.9,437955
BATLIBOI,20110928,16,21,16,17.55,6644
BAYERCROP,20110928,810,820,807.5,810.1,4052
BBL,20110928,700.05,709,695.3,700.1,1666
BBTC,20110928,442,442,416.25,418.35,2159
BEDMUTHA,20110928,110.4,111.65,107.45,109.95,66227
BEL,20110928,1565.55,1565.55,1515,1524,21626
BELLCERATL,20110928,13.25,13.45,13.25,13.45,186
BEML,20110928,475,478.85,458.9,463.65,48711
BEPL,20110928,25.2,25.65,24.75,25.5,2489
BERGEPAINT,20110928,100.9,100.9,99,100.4,219416
BFINVEST,20110928,54.9,54.9,53.5,53.55,3177
BFUTILITIE,20110928,492,492,468.75,471.05,323675
BGLOBAL,20110928,13.65,13.85,13.2,13.2,47466
BGRENERGY,20110928,337.9,337.9,324.05,326,311596
BHAGWATIHO,20110928,76.5,80,73.2,78.35,20825
BHAGYNAGAR,20110928,15.35,15.35,14.45,14.65,5010
BHARATFORG,20110928,275,275.45,268.15,269.4,330836
BHARATGEAR,20110928,48.4,48.4,46.05,46.75,2240
BHARATRAS,20110928,100.6,105.9,100.6,105.9,727
BHARTIARTL,20110928,389.8,389.8,376.95,379.25,1838156
BHARTISHIP,20110928,93.3,96.9,92.4,93.35,74338
BHEL,20110928,1663.7,1664.85,1632,1640.4,502296
BHUSANSTL,20110928,334.85,335.05,320.1,328.7,272679
BIL,20110928,51.6,51.8,50.25,50.6,11813
BILPOWER,20110928,80.5,81.4,78.3,79.8,1621
BIMETAL,20110928,248.1,262,248.1,261.3,663
BINANIIND,20110928,133.8,133.8,130.1,130.9,16313
BINDALAGRO,20110928,63.35,63.6,61.1,61.6,36897
BIOCON,20110928,343.1,348,337.2,346.35,351993
BIRLACORPN,20110928,329.85,338.8,320.7,330.4,1494
BIRLACOT,20110928,0.35,0.4,0.35,0.35,303464
BIRLAERIC,20110928,12.5,13.25,12.5,13,1759
BIRLAPOWER,20110928,0.65,0.7,0.65,0.7,890748
BLBLIMITED,20110928,3.7,3.7,3.45,3.7,403
BLISSGVS,20110928,20.25,20.25,19.5,19.8,8939
BLKASHYAP,20110928,10.15,10.15,9.8,9.9,154239
BLUECHIP,20110928,0.9,0.9,0.85,0.85,33314
BLUEDART,20110928,1630.15,1649,1611.1,1624.25,665
BLUESTARCO,20110928,225,230.4,220.55,223.7,13813
BLUESTINFO,20110928,70.65,72.05,70.65,72,2187
BOC,20110928,310.05,314,301,301.85,12530
BODALCHEM,20110928,17,17.5,16.75,16.85,8002
BOMDYEING,20110928,363,369.6,355.15,358.7,370576
BOSCHLTD,20110928,7150,7217.9,7110,7128.1,1087
BPCL,20110928,658.6,658.6,637.55,639.85,257313
BPL,20110928,20.5,20.85,20.1,20.3,8764
BRANDHOUSE,20110928,15.25,15.9,15.1,15.15,31852
BRFL,20110928,268.05,279.8,268,277.65,3267
BRIGADE,20110928,67.95,68.45,65.2,66.1,8607
BRITANNIA,20110928,473.7,473.7,455,455.85,9120
BROADCAST,20110928,7.1,7.95,7.1,7.5,2211
BROOKS,20110928,25,26.25,25,25.7,218904
BSELINFRA,20110928,3.75,3.8,3.6,3.65,29715
BSL,20110928,20.65,22.8,20.65,22.1,206
BSLGOLDETF,20110928,2612.1,2682.65,2612.05,2660.45,115
BSLNIFTY,20110928,49.5,49.5,49.5,49.5,22
BSTRANSCOM,20110928,90.7,92,89.15,90.05,26894
BVCL,20110928,14.9,14.9,13.25,13.65,4619
CADILAHC,20110928,796,807,775,778.9,177256
CAIRN,20110928,288.8,290.4,277,279.9,2133900
CALSOFT,20110928,27.5,28.85,27.5,27.5,790
CAMBRIDGE,20110928,22.1,23.55,22.1,22.25,72
CAMLIN,20110928,68,69.7,65.55,68.95,114692
CANBK,20110928,445,455.9,444.5,451.9,1237095
CANDC,20110928,116,116,114.1,115.1,4046
CANFINHOME,20110928,94.9,95.4,94.5,94.65,2353
CANTABIL,20110928,26.5,27.2,26.35,26.75,6461
CARBORUNIV,20110928,289,309.9,289,295.1,72608
CAROLINFO,20110928,165,165,163.15,165,934
CASTROL,20110928,497.2,497.2,485,485.5,56901
CCCL,20110928,21,21.25,20.1,20.3,7209
CCL,20110928,168,169.55,161.6,164.2,12149
CEATLTD,20110928,78.35,79,77.65,78.15,18982
CEBBCO,20110928,33.75,33.75,32.5,32.85,28279
CELEBRITY,20110928,7,7,5.95,5.95,2775
CELESTIAL,20110928,23.7,23.8,22.55,23,3317
CENTENKA,20110928,152.8,152.8,147.5,148.7,4253
CENTEXT,20110928,3,3.1,2.9,3.05,6066
CENTRALBK,20110928,104.15,105.7,100.65,101.5,445963
CENTUM,20110928,76.6,77.05,76.6,77.05,10
CENTURYPLY,20110928,59.6,60.35,59.05,59.95,4353
CENTURYTEX,20110928,303.9,308.8,295.1,297.55,441471
CERA,20110928,190,196.85,189.05,192.3,1704
CESC,20110928,280,286.5,275.05,277.05,135669
CHAMBLFERT,20110928,97,98,92.25,93.7,2798219
CHEMPLAST,20110928,5.8,5.95,5.6,5.7,67131
CHENNPETRO,20110928,204.5,206.75,204.2,204.75,7965
CHESLINTEX,20110928,12,12.35,10.45,11.25,8789
CHETTINAD,20110928,461.1,465,427.7,454,180
CHOLAFIN,20110928,148,154.75,148,152.2,3890
CILNOVA,20110928,17.3,17.5,17.2,17.5,660
CINEMAX,20110928,36.15,38.95,36.15,37.15,114119
CINEVISTA,20110928,3.05,3.2,2.9,3.2,6989
CIPLA,20110928,289.4,289.4,282.9,287.65,990180
CLASSIC,20110928,10,10.5,9.75,10.05,6297
CLNINDIA,20110928,729.95,744.9,716,734.25,3958
CLUTCHAUTO,20110928,35.5,35.8,34.5,35.35,6513
CMAHENDRA,20110928,171.1,176.9,171.1,175.1,55251
CMC,20110928,820.95,820.95,792,795.55,4280
COALINDIA,20110928,361.8,362.6,351,355.65,2221187
COLPAL,20110928,965.95,970.7,958,965.7,101929
COMPUAGE,20110928,110.5,115,110.5,114,226
CONCOR,20110928,940,940,892.5,914.9,258274
CONSOFINVT,20110928,58,59,57.1,57.45,1909
CORAL-HUB,20110928,5,5,4.75,4.85,910
CORDSCABLE,20110928,32.2,32.2,31.4,31.4,10876
COREEDUTEC,20110928,298.85,299.75,292.1,294.9,522216
COROMANDEL,20110928,305.5,319.9,305.5,315.8,389854
CORPBANK,20110928,427.15,430,422.3,423.65,26017
COSMOFILMS,20110928,87,87.5,86.5,87,3954
COX&KINGS,20110928,200.8,207,200,205,415702
CPIL,20110928,272,274,261.3,262.25,14684
CREATIVEYE,20110928,5.15,5.4,5.1,5.4,2200
CRESTANI,20110928,31.15,31.8,30.9,31.3,7529
CREWBOS,20110928,37,37,34.7,35,43060
CRISIL,20110928,847.6,874.3,800.1,843.15,45481
CROMPGREAV,20110928,153.2,155.8,150.4,151.85,581659
CRONIMET,20110928,98,100.95,97.15,99.8,18088
CTE,20110928,7,7.6,7,7.55,253
CUB,20110928,43.4,44.7,43.4,44.45,151504
CUBEXTUB,20110928,10.1,10.1,10.05,10.05,1125
CUMMINSIND,20110928,411.1,425.45,406.05,413.3,153775
CURATECH,20110928,145,152.45,140,145.5,71
CYBERTECH,20110928,11.9,11.9,11,11.1,4471
DAAWAT,20110928,44.45,45.8,44.15,44.3,25549
DABUR,20110928,103.8,104.4,101.7,102.35,1113421
DALMIABEL,20110928,104,110.05,104,105.7,2030
DALMIASUG,20110928,17.5,17.5,16.85,17.35,5849
DATAMATICS,20110928,27.8,28.5,27,27.95,2653
DBCORP,20110928,203.95,205.95,203.1,204,29330
DBREALTY,20110928,53.6,56,52.05,52.45,260521
DCB,20110928,46.4,46.8,44.65,44.9,2894072
DCHL,20110928,59.55,59.55,56.05,56.5,239989
DCM,20110928,50.6,61.45,50.6,59.1,161670
DCMSRMCONS,20110928,45,46.5,45,46.1,23133
DCW,20110928,9,9.15,8.8,8.85,33246
DECCANCE,20110928,148,148,145,145.15,21
DECOLIGHT,20110928,4.35,4.6,4.2,4.25,5613
DEEPAKFERT,20110928,164.25,166.1,161.15,162.1,9174
DEEPAKNTR,20110928,160.4,169.05,160.4,168.95,249
DEEPIND,20110928,81.8,82.8,80.05,80.7,12467
DELTACORP,20110928,103.5,103.9,98.25,98.9,4441822
DEN,20110928,73.6,74.85,65.5,66.8,715989
DENABANK,20110928,79.75,80,77.35,77.65,792965
DENORA,20110928,76.3,81.35,76.3,77.5,882
DENSO,20110928,52.25,54,51.05,52.75,1780
DEWANHOUS,20110928,224.9,224.9,209.5,211.95,60089
DHAMPURSUG,20110928,41.75,41.75,39,39.4,62558
DHANBANK,20110928,78.5,78.5,75,75.5,230357
DHANUKA,20110928,99.5,104,99.5,102,45405
DHARSUGAR,20110928,26.05,27.9,25.8,27.25,9752
DHUNINV,20110928,78.5,84.95,76,81.15,2366
DIAPOWER,20110928,105.5,108.9,104.15,104.6,33350
DICIND,20110928,236.1,241.95,227,228.95,225
DIGJAM,20110928,8.95,9,8.6,8.7,35021
DISHMAN,20110928,61.45,62,59.25,59.5,24339
DISHTV,20110928,78.6,79.85,76.75,78.9,2145509
DIVISLAB,20110928,723.05,739,720.3,732.55,145540
DLF,20110928,217.8,225.45,213.1,224.45,13609864
DLINKINDIA,20110928,21.4,21.4,20.5,20.6,4437
DOLPHINOFF,20110928,137,144.65,133.1,140.25,16870
DONEAR,20110928,20.6,21.45,19.25,19.9,1507
DPSCLTD,20110928,1985,1985,1936,1941.8,329
DPTL,20110928,139.85,139.85,125,127.65,6825
DQE,20110928,37.6,37.6,35.2,36.1,4825
DREDGECORP,20110928,257.95,259.95,248.2,249.95,3480
DRREDDY,20110928,1510,1510,1473.6,1489.2,239752
DSKULKARNI,20110928,60,60,54.15,55.25,9020
DUNCANSIND,20110928,9.75,9.8,9.55,9.55,11786
DWARKESH,20110928,41.8,42,39.65,40.3,39166
DYNAMATECH,20110928,1002.1,1024,995,1018,128
DYNASYS,20110928,0.65,0.65,0.65,0.65,1938
EASTSILK,20110928,6.05,6.25,5.95,6,17601
ECEIND,20110928,102,103.9,101.3,102.1,1078
ECLERX,20110928,708,749,708,737.5,6974
EDELWEISS,20110928,28.8,29,27.75,28.35,22927
EDL,20110928,92,92.7,90.6,91.1,2997
EDSERV,20110928,96.4,102.45,95.2,97.05,390226
EDUCOMP,20110928,225.5,232.9,220.3,227.7,2713994
EICHERMOT,20110928,1595,1618.95,1585,1597.6,7602
EIDPARRY,20110928,222.05,224.35,218.55,222.35,17068
EIHAHOTELS,20110928,156,157.8,146.9,148.3,2654
EIHOTEL,20110928,87.2,89.85,87.2,89.35,102786
EIMCOELECO,20110928,180,182.9,173.15,177.95,102
EKC,20110928,74.15,74.7,72.1,72.65,192492
ELDERPHARM,20110928,384.35,384.55,375.35,377.2,34922
ELECON,20110928,75.9,76.9,73.5,75.85,57495
ELECTCAST,20110928,28.55,29,28.55,28.75,160923
ELECTHERM,20110928,116,117.5,112.6,113.85,6015
ELGIEQUIP,20110928,70.85,70.85,69.25,69.55,59256
ELGIRUBCO,20110928,25.2,26.05,25.2,25.65,3462
ELNET,20110928,33.05,33.4,32.65,33,5271
EMAMIINFRA,20110928,37,38,35.55,36,8066
EMAMILTD,20110928,429.85,444.8,428.95,430.5,18578
EMCO,20110928,53.05,53.45,51.3,51.75,9693
EMKAY,20110928,46.65,48,46.5,48,5388
EMMBI,20110928,14.35,14.75,14.35,14.55,6618
EMPEESUG,20110928,18.35,19,18.35,19,136
ENERGYDEV,20110928,36,37.9,36,37.25,3472
ENGINERSIN,20110928,260,265.95,252,253.3,59150
ENIL,20110928,268.2,284,268.2,270.4,126003
ENTEGRA,20110928,20.05,20.5,19.4,19.7,29584
EONELECT,20110928,62.25,68.85,62.25,65.6,73880
ERAINFRA,20110928,154.6,154.8,154.1,154.3,262162
EROSMEDIA,20110928,236.5,243.5,233.05,234.9,372376
ESABINDIA,20110928,520,522.95,512.7,514.35,2082
ESCORTS,20110928,75,77.5,74.2,75.5,1688673
ESL,20110928,6.7,6.8,6.55,6.6,152545
ESSAROIL,20110928,86.6,87.4,82,83.25,1567187
ESSARPORTS,20110928,60.15,63.8,60.05,61.75,15772
ESSDEE,20110928,205.85,206,201.4,202.55,4147
ESSELPACK,20110928,36.2,36.5,35.5,35.7,8517
ESTER,20110928,28,28.5,27.5,27.65,5751
EUROMULTI,20110928,7.65,7.65,7.3,7.55,1198
EUROTEXIND,20110928,18.5,18.95,18.25,18.45,1175
EVEREADY,20110928,38,38.1,36.45,36.7,135315
EVERESTIND,20110928,145.9,146,142.65,143.25,3912
EVERONN,20110928,392.55,398.9,386.1,389,352910
EXCELCROP,20110928,136,164.3,136,159.8,605176
EXCELINDUS,20110928,66.5,70,66.5,68,2436
EXCELINFO,20110928,12.1,12.25,11.65,12,149469
EXIDEIND,20110928,132.85,133.5,127.65,129.6,1237848
FACT,20110928,34.6,34.75,33.9,33.95,10448
FAGBEARING,20110928,1238.25,1238.25,1183,1188,893
FAME,20110928,45.95,48.6,43.2,44.9,8696
FARMAXIND,20110928,2.55,2.65,2.5,2.5,31772
FCH,20110928,144,145.4,141.55,142.7,24808
FCSSOFT,20110928,0.6,0.65,0.6,0.65,469661
FDC,20110928,89,89.25,89,89,5407
FEDDERLOYD,20110928,64.5,66.35,63.2,64.3,2188
FEDERALBNK,20110928,374.8,377.2,365.5,369.45,609319
FIEMIND,20110928,158,159.95,158,158.95,455
FILATEX,20110928,39,42,39,42,72019
FINANTECH,20110928,834,836,803,806.6,76126
FINCABLES,20110928,38,38,33,37.7,27705
FINPIPE,20110928,65,66,64.1,64.65,7812
FIRSTLEASE,20110928,71,71,69,69.05,8281
FIRSTWIN,20110928,14.95,14.95,14.9,14.9,505
FKONCO,20110928,118,118.95,116,116,5026
FMGOETZE,20110928,226.5,241,226.5,237.2,5118
FORTIS,20110928,125.2,126.75,123,124.85,873265
FOSECOIND,20110928,514,536.65,513.55,521.55,309
FSL,20110928,11.7,11.9,11.4,11.5,2230487
FUTUREVENT,20110928,9.85,9.95,9.75,9.8,589711
GABRIEL,20110928,40.35,40.95,40,40.2,5369
GAEL,20110928,22.55,23.05,22.35,22.45,31749
GAIL,20110928,418.5,425,410.1,423.6,1480562
GAL,20110928,13.5,14.5,13.15,13.9,179783
GALLANTT,20110928,16.05,17.2,16.05,17,1624
GALLISPAT,20110928,94.7,96.1,94.7,95.65,107072
GAMMNINFRA,20110928,13.7,13.85,13.4,13.65,27995
GAMMONIND,20110928,79.8,79.8,70.05,71.1,79227
GANDHITUBE,20110928,118.05,126.75,118,123.95,35
GANESHHOUC,20110928,124,127,124,124.8,1924
GANGOTRI,20110928,4.1,4.4,4.1,4.3,1460
GARDENSILK,20110928,73.5,73.5,70.4,71.35,7811
GARWALLROP,20110928,54.5,54.5,52.5,53.35,4697
GATI,20110928,54.3,54.65,52.55,52.9,72079
GAYAPROJ,20110928,143.5,145.45,140,141.15,12626
GDL,20110928,138.55,140.9,137.05,138.45,14955
GEECEE,20110928,33.1,33.1,31.85,32.25,1632
GEINDSYS,20110928,133.65,134.95,133,134.2,772
GEMINI,20110928,25,26.5,24.6,25.05,362353
GENESYS,20110928,220,220,207.55,207.95,902
GENUSPOWER,20110928,14.1,14.15,13.8,13.9,20121
GEODESIC,20110928,52,52,50.4,50.75,84581
GEOJITBNPP,20110928,19.2,19.2,18.8,19.05,53249
GEOMETRIC,20110928,45.2,46.05,44.5,45.05,14423
GESHIP,20110928,237,249.7,237,242.1,29224
GHCL,20110928,37.3,37.85,36.75,36.85,32818
GICHSGFIN,20110928,90.9,91.4,88.7,89.75,205564
GILLANDERS,20110928,84.6,84.6,83.3,83.75,852
GILLETTE,20110928,2013.55,2054.15,2001,2045.05,1282
GINNIFILA,20110928,7.8,7.8,7.5,7.75,7713
GIPCL,20110928,81.65,82.3,80.2,80.6,18193
GISOLUTION,20110928,12.5,13,11.8,11.8,909
GITANJALI,20110928,360,360.75,345.1,348.6,398460
GKB,20110928,40.25,40.25,36.65,36.75,32
GKWLIMITED,20110928,462.1,462.1,455,455,50
GLAXO,20110928,2072,2104.95,2055,2093.95,18410
GLENMARK,20110928,325.5,328.9,320.45,322.95,184551
GLFL,20110928,3,3.15,3,3.05,1235
GLOBALVECT,20110928,20.4,20.45,19.75,19.75,233
GLOBOFFS,20110928,92.95,92.95,83.5,85.5,9227
GLOBUSSPR,20110928,106,106,101,102.15,8560
GLODYNE,20110928,389.4,394,372.2,377,160966
GLORY,20110928,3.5,3.6,3.4,3.4,24076
GMBREW,20110928,93.5,93.5,92,92.65,394
GMDCLTD,20110928,180,183,174.1,175.9,208174
GMRINFRA,20110928,27,27.3,26.45,26.55,3292538
GNFC,20110928,90.25,91.65,88.4,91.2,39537
GOACARBON,20110928,77.7,78.3,76.55,77.85,790
GODFRYPHLP,20110928,3611.5,3611.55,3465,3523.45,15232
GODREJCP,20110928,401.05,413.3,399.1,402.4,139679
GODREJIND,20110928,200,200.5,190.05,192.5,514404
GODREJPROP,20110928,641,670,636.1,660.85,19950
GOENKA,20110928,41.75,41.75,39.55,39.7,9450
GOKEX,20110928,89.15,104,89.15,102,332605
GOKUL,20110928,86.7,86.7,84.1,85.15,9274
GOLDBEES,20110928,2571,2571,2506.25,2534.3,197994
GOLDENTOBC,20110928,62.75,63.85,62.3,62.65,1324
GOLDIAM,20110928,34.9,35.1,31.25,32,895
GOLDINFRA,20110928,13.4,13.95,13.4,13.55,557
GOLDSHARE,20110928,2559.8,2585,2539.85,2563.3,9320
GOLDTECH,20110928,7.25,7.5,7.2,7.35,10757
GPIL,20110928,129.85,129.85,124,124.2,27329
GPPL,20110928,66.95,69.9,65.15,66.85,50913
GRANULES,20110928,67.5,67.5,64.55,65.8,3245
GRAPHITE,20110928,75,75.85,74,74.8,5113
GRASIM,20110928,2314,2325,2267.55,2276.75,35481
GRAVITA,20110928,405,427.75,393.85,411.75,1746112
GREAVESCOT,20110928,92.4,92.4,88.05,88.35,13450
GREENPLY,20110928,198.1,203,198.1,201,425
GREENPOWER,20110928,15.95,16.1,15.2,15.55,364908
GRINDWELL,20110928,232.65,235.95,231.5,232.55,1358
GRUH,20110928,500,509,491.9,500.3,2604
GSFC,20110928,436.9,443,420.5,424.7,81672
GSKCONS,20110928,2309,2316.5,2250,2276.1,2118
GSLNOVA,20110928,2.75,2.85,2.55,2.65,2137
GSPL,20110928,99.25,103.75,99.25,102.3,1556692
GSS,20110928,131.1,131.7,130,130.35,1453
GTL,20110928,61.85,62.65,59.25,59.5,2165479
GTLINFRA,20110928,12.2,12.3,11.8,11.85,626987
GTNIND,20110928,12.5,13.75,12.15,13.15,1837
GTNTEX,20110928,11.55,13.3,11.55,12.75,510
GTOFFSHORE,20110928,129,129.5,125.2,126.2,46766
GUFICBIO,20110928,6.75,7.1,6.65,6.7,14552
GUJALKALI,20110928,139.5,144.6,138.4,142.1,46897
GUJAPOLLO,20110928,125,129.5,121.4,124,3124
GUJFLUORO,20110928,534.55,538,525.5,530.5,48229
GUJNRECOKE,20110928,25,25.6,20.5,24.55,1978656
GUJNREDVR,20110928,16.3,16.65,16.1,16.25,28069
GUJRATGAS,20110928,425.6,431.9,421.3,424.3,32831
GUJSIDHCEM,20110928,9,9.2,8.9,8.9,242141
GULFOILCOR,20110928,72,73.8,71.6,72.25,16589
GVKPIL,20110928,16.4,16.5,15.95,16.05,9714494
HALONIX,20110928,62.55,62.55,62.55,62.55,100
HANUNG,20110928,112.25,113.6,108,108.75,143880
HARITASEAT,20110928,65.05,70,65.05,70,39
HARRMALAYA,20110928,67,68,64.65,65,14443
HATHWAY,20110928,103.4,105.9,93,94.4,617540
HAVELLS,20110928,369,374,358,361.65,186962
HBLPOWER,20110928,17.25,18.15,17.2,17.4,17450
HBSTOCK,20110928,12.05,12.5,12.05,12.5,348
HCC,20110928,29.6,29.9,28,28.25,2226575
HCIL,20110928,48.2,49.15,47.75,48,2833
HCL-INSYS,20110928,65.4,65.4,63.1,63.65,114651
HCLTECH,20110928,397,409.7,397,407,1993761
HDFC,20110928,646.7,646.7,631.55,636.95,3877365
HDFCBANK,20110928,462.4,465.35,451.75,458,3805938
HDFCMFGETF,20110928,2615,2660,2582,2637.55,4565
HDIL,20110928,102.25,103.7,99.45,100.15,9815185
HEG,20110928,223,223.95,221.4,222.15,22006
HEIDELBERG,20110928,35.65,37.25,35.65,36,54919
HELIOSMATH,20110928,24,24.25,23.8,23.9,1803
HERCULES,20110928,239.8,255,237.45,243.65,318087
HERITGFOOD,20110928,172,179,170,170.6,260
HEROMOTOCO,20110928,2006,2006.05,1950.35,1957.95,263193
HEXAWARE,20110928,79.4,84.9,79.35,83.9,6740425
HFCL,20110928,11.5,11.6,11.15,11.25,314091
HGSL,20110928,331.75,331.75,325,328.35,1767
HIKAL,20110928,271.9,284,270,274.95,1072
HILTON,20110928,14.45,14.5,14.45,14.5,785
HIMATSEIDE,20110928,34.25,34.25,33.2,33.3,10289
HINDALCO,20110928,136,136,129.25,131.8,6477277
HINDCOMPOS,20110928,480,488,480,480,333
HINDCOPPER,20110928,220,221,213.8,214.45,25479
HINDDORROL,20110928,41.05,41.95,40.3,41.2,79112
HINDMOTORS,20110928,13.45,13.7,13.45,13.55,85439
HINDNATGLS,20110928,186.05,190,181,182.7,993
HINDOILEXP,20110928,113.55,114.4,109.1,109.9,548150
HINDPETRO,20110928,368.7,369.8,358.5,360.05,495619
HINDUJAFO,20110928,70.2,70.25,68.5,68.75,173
HINDUJAVEN,20110928,306.1,306.5,300.15,302.7,423
HINDUNILVR,20110928,339.9,339.9,332.8,334.75,2396557
HINDZINC,20110928,121,122.25,119.15,121,509244
HIRECT,20110928,43,43,42.55,43,374
HITACHIHOM,20110928,165.4,165.4,160.5,162.55,33741
HITECHGEAR,20110928,116.1,134.7,116.1,127.05,3027
HITECHPLAS,20110928,77.3,79,77.25,78.95,402
HMT,20110928,42.6,42.6,41.2,41.3,23092
HMVL,20110928,132.75,132.75,128.5,129.65,4003
HNGSNGBEES,20110928,1247.95,1247.95,1180.01,1182.2,20
HOCL,20110928,23.2,23.4,21.9,22.2,30104
HONAUT,20110928,2579.9,2579.9,2505.05,2518.5,101
HONDAPOWER,20110928,372.65,373.6,355.6,357.6,5041
HOPFL,20110928,54,55.25,53.95,54.7,1030
HORIZONINF,20110928,294.75,307,290,290.25,1782
HOTELEELA,20110928,37.1,37.65,36.3,36.4,115664
HOTELRUGBY,20110928,8,8.35,7.55,8.35,28546
HOVS,20110928,58.1,59.8,55.25,56.15,10718
HSIL,20110928,161,165.45,160.75,163.8,1276268
HTMEDIA,20110928,141,141,138.6,139.1,1268
HYDRBADIND,20110928,312.05,317.45,308,309.4,4377
HYDROS&S,20110928,21,21,19.55,19.65,145
IBPOW,20110928,13.6,14,13,13.1,376883
IBREALEST,20110928,77.5,77.5,73.6,74.65,3052849
IBSEC,20110928,8.7,8.8,8.4,8.65,279715
IBWSL,20110928,4.75,4.8,4.5,4.5,503230
ICICIBANK,20110928,890.5,892,857.6,868.75,3193051
ICIL,20110928,9.1,9.1,9.1,9.1,4
ICRA,20110928,941,941,915.05,921.05,2529
ICSA,20110928,72.5,73.35,69.05,69.45,210295
IDBI,20110928,107.05,107.45,104.25,104.6,997449
IDEA,20110928,98.5,98.75,95.5,98.3,4402938
IDFC,20110928,113.45,113.45,109.9,111.6,3376033
IFBIND,20110928,116,116.1,113.45,114.95,15561
IFCI,20110928,32.2,32.75,30.9,31.15,8258173
IFGLREFRAC,20110928,33,35,32.5,33.55,1044
IGARASHI,20110928,42.2,43.75,42.1,42.55,1501
IGL,20110928,434,434.35,418,424.9,321077
IGPL,20110928,22.3,23,21.85,22.15,1118
IL&FSENGG,20110928,95,98,91.5,92.15,23096
IL&FSTRANS,20110928,202,204.55,200,200.7,84894
IMFA,20110928,344,345,332.1,332.2,502
IMPAL,20110928,615.1,630,615,630,1620
IMPEXFERRO,20110928,7.1,7.2,7.1,7.2,104
INDBANK,20110928,8.1,8.5,8.05,8.1,11405
INDHOTEL,20110928,70,72,69.8,70.1,371533
INDIABULLS,20110928,164.9,164.9,159.6,162.2,314028
INDIACEM,20110928,71.9,71.9,68.9,69.3,947175
INDIAGLYCO,20110928,124.15,126.35,122.5,123.15,10446
INDIAINFO,20110928,72,72,69.05,69.85,1089572
INDIANB,20110928,214,219.9,212.1,217.4,414227
INDIANCARD,20110928,88.35,89.85,85.4,85.75,1295
INDIANHUME,20110928,117,119.9,115,116.75,590
INDLMETER,20110928,74.7,74.7,70.5,73.35,586
INDNIPPON,20110928,170.55,170.55,168.2,168.25,202
INDOCO,20110928,387.6,394.5,382,385.05,1245
INDORAMA,20110928,35,37.5,33.4,33.5,17817
INDOSOLAR,20110928,9.6,9.6,8.5,8.9,334863
INDOTECH,20110928,120.5,120.5,114.1,114.8,987
INDOWIND,20110928,12.4,12.8,11.2,11.6,2348678
INDRAMEDCO,20110928,33,33.4,32.75,33.15,12386
INDSWFTLAB,20110928,86.3,87.9,85.3,86.6,123580
INDSWFTLTD,20110928,31.4,32.1,31.25,31.9,25540
INDTERRAIN,20110928,102,102.7,95,99.95,1150
INDUSFILA,20110928,14.9,15.35,14.9,15,1545
INDUSINDBK,20110928,267,268.9,262.4,264.1,237946
INEABS,20110928,594,594,581.6,585,1200
INFINITE,20110928,98.05,101.8,92.95,93.1,17163
INFODRIVE,20110928,10.45,10.65,9.8,10.3,520
INFOMEDIA,20110928,12.25,12.55,12,12.15,12878
INFOTECENT,20110928,118.5,118.5,115.1,116.45,3024
INFRABEES,20110928,267,267,260.1,261.92,55
INFY,20110928,2480,2540,2452.5,2470.25,2507720
INGERRAND,20110928,502.3,509.95,492.2,497.9,1220
INGVYSYABK,20110928,294.85,304.9,288.6,301.65,52176
INNOIND,20110928,89.65,91.4,88.45,89.9,353313
INOXLEISUR,20110928,52,56.2,51,53.7,1216347
INSECTICID,20110928,382.8,382.8,368.5,370.7,114290
INVENTURE,20110928,152.25,153.1,145.1,148.9,71698
IOB,20110928,95.5,96,94.05,94.75,478538
IOC,20110928,314.45,314.45,311.55,312.5,210630
IOLCP,20110928,29.6,29.6,27.35,28.5,502
IOLN,20110928,6.25,6.45,6.05,6.05,3160
IPCALAB,20110928,267.3,269.95,261.4,266.35,103568
IPGETF,20110928,2638.2,2670,2590.5,2649.05,1126
IPRINGLTD,20110928,68,68,68,68,10
IRB,20110928,170.95,170.95,161.05,162.9,1206430
ISFT,20110928,55.1,56.6,53.6,54.3,1497
ISMTLTD,20110928,35.9,35.9,33.55,33.7,23782
ITC,20110928,193.9,197.5,192.75,197.1,13051348
ITDCEM,20110928,149,150,146.2,148.45,2493
ITI,20110928,23.1,23.3,22.4,22.5,41950
IVC,20110928,29.75,30.3,29.1,29.65,51120
IVP,20110928,49,49.7,45.8,47.9,2717
IVRCLAH,20110928,30.5,30.5,29.25,29.7,8754
IVRCLINFRA,20110928,39,39.1,36.05,36.3,4122912
J&KBANK,20110928,786,794.85,783,788.4,9094
JAGRAN,20110928,108.75,114.3,106.1,106.6,64369
JAGSNPHARM,20110928,13,13,12.75,12.9,1455
JAIBALAJI,20110928,114.1,118,112.6,113.15,6583
JAICORPLTD,20110928,84.15,84.15,80.75,81.1,226816
JAINSTUDIO,20110928,8.15,8.65,8.15,8.2,245
JAMNAAUTO,20110928,125,133,125,132.45,1160
JAYAGROGN,20110928,84.9,84.9,81.5,81.95,2669
JAYBARMARU,20110928,58.05,67,58.05,59.85,1761
JAYNECOIND,20110928,20.75,20.8,19.4,19.6,61296
JAYSREETEA,20110928,135.4,135.4,132.1,133.1,6638
JBCHEPHARM,20110928,70.2,73.7,70.2,72,44504
JBFIND,20110928,131.05,132.35,129.1,129.35,26659
JBMA,20110928,57.45,57.5,57.45,57.45,200
JCTEL,20110928,1.2,1.2,1.15,1.15,49541
JENSONICOL,20110928,3.65,3.95,3.65,3.7,3235
JETAIRWAYS,20110928,264,265.5,245.8,248.45,1273899
JHS,20110928,33.4,33.7,32.35,32.9,17785
JIKIND,20110928,6.05,6.15,5.8,6.05,4126
JINDALPHOT,20110928,152.4,155,151.7,152.45,21951
JINDALPOLY,20110928,210.65,210.7,205.3,206.15,122492
JINDALSAW,20110928,133.9,137,132.4,134.9,676905
JINDALSTEL,20110928,533,534,515.35,519.2,1464818
JINDALSWHL,20110928,578.95,582.95,535,539.95,73711
JINDCOT,20110928,87,88,85.1,86.1,19310
JINDRILL,20110928,322.25,326.5,320.5,321.9,41507
JINDWORLD,20110928,124,125.9,118.05,120.6,3469
JISLJALEQS,20110928,150.1,155.35,149.6,154.2,1524314
JKCEMENT,20110928,117,120,116.5,119.35,5861
JKIL,20110928,118.5,130.9,118.5,126.15,11013
JKLAKSHMI,20110928,41.2,42.4,41,41.15,27735
JKPAPER,20110928,40.05,41,40,40.1,30894
JKTYRE,20110928,76.6,77,74.65,75.4,137687
JMCPROJECT,20110928,127.55,129.9,126.3,127.55,2159
JMFINANCIL,20110928,17.25,17.25,16.75,16.8,131828
JMTAUTOLTD,20110928,67.65,67.75,60,60.45,3335
JOCIL,20110928,147.8,149.95,144.1,145.9,1366
JPASSOCIAT,20110928,73.5,73.85,69.35,70,21549368
JPINFRATEC,20110928,49,49,46.3,46.55,363438
JPPOWER,20110928,33.95,33.95,32.45,32.95,813818
JSL,20110928,104.15,105,102,102.4,14480
JSWENERGY,20110928,57.05,57.1,53.7,54.1,638749
JSWISPAT,20110928,14.65,14.95,13.9,14,3004370
JSWSTEEL,20110928,605,608.85,566.55,570.65,3336394
JUBILANT,20110928,201.05,205,196.95,198.1,42830
JUBLFOOD,20110928,911.9,918.4,867.05,869.65,530673
JUBLINDS,20110928,185.5,186,182.4,183.35,44318
JUMBO,20110928,17.25,17.25,16.75,17,2968
JUNIORBEES,20110928,100.8,100.99,99.8,100.12,16132
JUPITER,20110928,16,16.15,15.4,15.8,113597
JVLAGRO,20110928,15.95,15.95,15,15,6317
JYOTHYLAB,20110928,161.95,162.8,153,154.2,54386
JYOTISTRUC,20110928,67,67.4,65,65.25,73258
KABRAEXTRU,20110928,39.7,40.9,39.65,40,4831
KAJARIACER,20110928,117,118.7,115.1,116.1,39836
KAKATCEM,20110928,70.5,70.95,68.75,69,1121
KALECONSUL,20110928,79.9,79.9,73.25,74.2,19041
KALINDEE,20110928,115,115,111.15,112,61750
KALPATPOWR,20110928,108.15,110.15,107.4,109.6,178126
KAMATHOTEL,20110928,94.15,98.9,90.5,95.85,71128
KANORICHEM,20110928,32.05,33.15,32.05,32.5,3003
KANSAINER,20110928,830,833.9,820.1,822.55,310
KARMAENG,20110928,11.25,13,11.25,12.55,7628
KARURKCP,20110928,27.5,33.45,27.5,29.35,1458
KARURVYSYA,20110928,366.5,369.7,365.3,366.5,21760
KAUSHALYA,20110928,8.2,8.4,8.1,8.1,2085
KAVVERITEL,20110928,139,144,135.95,139.9,34797
KBIL,20110928,642,659.95,632.15,640.45,401
KCP,20110928,24.9,24.95,24.2,24.5,27510
KCPSUGIND,20110928,14.7,14.95,14.3,14.5,5521
KEC,20110928,58.1,59.5,57.3,58.25,54021
KECL,20110928,35.2,35.2,33,33.5,1190
KEI,20110928,16.5,16.9,16.05,16.1,34425
KEMROCK,20110928,510,513.95,508,509.8,9708
KERNEX,20110928,92.4,94.9,92.4,92.85,10077
KESARENT,20110928,52.95,52.95,47.7,51,48
KESORAMIND,20110928,134.95,134.95,130.4,132.85,46608
KEYCORPSER,20110928,47.9,47.9,45.6,45.9,2300
KFA,20110928,25,25.8,24.05,24.7,3936623
KGL,20110928,8.2,8.3,7.8,7.9,947627
KHAITANELE,20110928,91,94.6,91,91.3,381
KHAITANLTD,20110928,24.75,24.75,24.75,24.75,19
KICL,20110928,494,494,487.5,490.55,28
KIL,20110928,13.8,13.85,13.15,13.2,2770
KILITCH,20110928,76.1,76.1,76.1,76.1,2283
KINETICMOT,20110928,18.3,19,17.5,17.95,139312
KIRIINDUS,20110928,137.5,137.7,132.55,134.2,13296
KIRLOSBROS,20110928,148,153,142.5,145,10429
KIRLOSENG,20110928,143.35,143.35,137.5,138.1,1189
KIRLOSIND,20110928,289.5,289.5,273.2,274.05,23
KITPLYIND,20110928,3.35,3.6,3.35,3.45,1736
KKCL,20110928,830,842,816.25,830,731
KLGSYSTEL,20110928,35.05,35.05,33.8,33.9,7673
KLRF,20110928,25.05,25.05,25.05,25.05,100
KMSUGAR,20110928,2.6,2.8,2.6,2.8,664
KNRCON,20110928,102.15,104.95,102.1,103.3,506
KOHINOOR,20110928,46.35,47.3,45.65,45.85,18021
KOLTEPATIL,20110928,36.25,37,35.8,36.25,11072
KOPDRUGS,20110928,5.1,5.1,5.1,5.1,700
KOPRAN,20110928,21.75,22,21.15,21.4,13362
KOTAKBANK,20110928,465.25,466.85,454.7,461.75,556193
KOTAKGOLD,20110928,2549,2555,2514.5,2535.8,24835
KOTAKNIFTY,20110928,505,505,503,503.5,325
KOTAKPSUBK,20110928,340.5,340.5,337,339,643
KOTARISUG,20110928,6.1,6.3,6,6,9702
KOTHARIPET,20110928,8.25,8.3,7.35,7.55,10857
KOTHARIPRO,20110928,503,509,496,498.2,2484
KOUTONS,20110928,21.95,22,20.5,20.6,65435
KPIT,20110928,152.3,156.5,151,152,111595
KPRMILL,20110928,101,101.5,98,99.1,806
KRBL,20110928,25.05,25.75,24.5,24.75,623451
KRISHNAENG,20110928,3.5,3.9,3.25,3.4,3762
KSBPUMPS,20110928,216.9,216.9,210,210.15,1423
KSCL,20110928,438,444,425,428.35,10431
KSK,20110928,103.9,106.65,103.05,104.15,288349
KSL,20110928,52.95,52.95,50.55,51.05,19249
KSOILS,20110928,10.65,10.7,9.75,9.85,18427164
KTIL,20110928,70.05,70.05,70,70.05,607
KTKBANK,20110928,87,87.5,84.5,85,440416
KWALITY,20110928,168,169.25,168,168.75,799275
L&TFH,20110928,49.3,49.45,48.8,49.05,620212
LAKPRE,20110928,39.2,41.55,39.2,40.1,103
LAKSHMIEFL,20110928,24.9,24.9,23.4,23.55,45179
LAKSHMIMIL,20110928,1720,1720,1641,1642.5,43
LAKSHVILAS,20110928,99.7,99.7,98.05,98.55,10629
LANCOIN,20110928,34.9,34.9,33.25,33.65,6150
LAOPALA,20110928,114,114,109.35,110.35,15939
LAXMIMACH,20110928,1945.1,1964.95,1915,1939.9,6346
LCCINFOTEC,20110928,0.6,0.6,0.5,0.6,3180
LGBBROSLTD,20110928,290,296.85,290,292,917
LIBERTSHOE,20110928,84.9,86.5,83.5,84,17491
LICHSGFIN,20110928,212,213.25,206.9,208.5,1466177
LIQUIDBEES,20110928,1000,1000.01,999.99,1000,172176
LITL,20110928,16.5,16.55,15.8,15.9,8125580
LLOYDELENG,20110928,49.5,50.5,48.8,48.95,3318
LLOYDFIN,20110928,0.95,1.05,0.95,1,1351
LLOYDSTEEL,20110928,13.65,13.65,13.25,13.3,86388
LML,20110928,9,9.1,8.8,8.8,131804
LOGIXMICRO,20110928,19,20.4,18.3,18.55,13302
LOKESHMACH,20110928,41,44,40.5,41.1,7738
LOTUSEYE,20110928,10.05,10.25,9.75,10,7365
LOVABLE,20110928,467.9,479.8,456.25,462.55,792974
LPDC,20110928,2.75,2.75,2.7,2.7,3001
LT,20110928,1453.8,1454.35,1400.05,1403.7,1804389
LUMAXAUTO,20110928,26.3,26.35,26.3,26.35,65
LUMAXIND,20110928,374.95,374.95,362,366.85,14420
LUMAXTECH,20110928,192,192,173,174.45,8217
LUPIN,20110928,477,478.9,469.65,477,576265
LYKALABS,20110928,15.3,15.3,14.3,14.65,10475
M&M,20110928,803.8,804,777.3,790.95,1162819
M&MFIN,20110928,664.25,667.95,636,644.4,52638
M100,20110928,7,7.22,7,7.07,33884
M50,20110928,66,66.89,65.95,65.97,14741
MAANALU,20110928,53.7,53.7,50,50,56
MADHAV,20110928,16.8,17.95,16.8,16.95,674
MADHUCON,20110928,71.5,73.75,70.5,70.8,10287
MADRASCEM,20110928,100,101.55,98.8,100,88894
MADRASFERT,20110928,20.9,21.6,20.9,21.25,105572
MAGMA,20110928,71.6,71.9,70.25,71.1,2787
MAGNUM,20110928,5.05,5.05,4.7,4.95,1560
MAHABANK,20110928,47.7,48,46.65,46.8,56099
MAHINDFORG,20110928,65.35,65.35,61.8,62.55,6890
MAHINDUGIN,20110928,43.4,45.3,42.15,43.2,5203
MAHLIFE,20110928,298.1,298.1,293.4,294.3,935
MAHSCOOTER,20110928,315,323.95,311.15,313.45,2393
MAHSEAMLES,20110928,357,359.95,355.05,355.95,35407
MALUPAPER,20110928,12.3,12.55,11.9,12.05,1465
MALWACOTT,20110928,26.5,30.5,26.5,29.35,487
MANAKSIA,20110928,58.1,59.4,58.05,58.1,1441
MANALIPETC,20110928,10.9,11.15,10.6,10.75,114151
MANAPPURAM,20110928,52.5,54.5,52.5,52.95,1277342
MANDHANA,20110928,217.45,218.8,213.05,216.65,69821
MANGALAM,20110928,14.2,14.5,13.8,13.85,4021
MANGCHEFER,20110928,31,31.25,30.1,30.3,132188
MANGLMCEM,20110928,104.5,105.35,103.15,104.75,12555
MANGTIMBER,20110928,17.5,18.5,17.5,17.7,562
MANINDS,20110928,132.35,136,130.25,131.85,8265
MANINFRA,20110928,130,130,118,120.1,27724
MANJUSHREE,20110928,89.75,92.95,89.75,91.8,2720
MANUGRAPH,20110928,46.5,49.9,46.2,48.5,56647
MARALOVER,20110928,12,13.75,12,13.45,1346
MARG,20110928,89,89,83.15,84.55,20133
MARICO,20110928,142.6,145.75,142.6,145.1,60850
MARKSANS,20110928,2.2,2.25,2.15,2.2,161575
MARUTI,20110928,1110,1110.65,1067,1078.25,282421
MASTEK,20110928,92.15,94,92.1,92.9,14958
MAWANASUG,20110928,18.5,18.5,17.35,17.55,1192
MAX,20110928,206.45,206.45,190.4,191.55,347178
MAXWELL,20110928,29.95,29.95,28.25,28.5,43870
MBECL,20110928,122.75,123,117,117.65,3313
MBLINFRA,20110928,130.15,130.15,128.15,128.5,13396
MCDHOLDING,20110928,57.05,59.5,57,57.25,8800
MCDOWELL-N,20110928,789.85,811.35,786,806.25,312986
MCLEODRUSS,20110928,240.2,244,230.4,231.75,170322
MEGASOFT,20110928,16.4,16.85,16,16.05,6810
MEGH,20110928,9.3,9.3,8.9,8.95,85964
MELSTAR,20110928,7.1,7.65,7.1,7.65,26
MERCK,20110928,630,632.7,623.5,627.75,919
MHRIL,20110928,324.7,326.95,317,325.2,5769
MIC,20110928,11.8,11.95,11.5,11.75,132370
MICROSEC,20110928,29.2,29.8,29.2,29.6,6001
MICROTECH,20110928,124,124,120.35,122,15944
MINDAIND,20110928,182.7,185,175.05,175.05,612
MINDTREE,20110928,350.05,353.5,344,346,48922
MIRCELECTR,20110928,19.75,19.75,19.2,19.45,53494
MIRZAINT,20110928,20.35,20.5,19,19.55,97083
MLL,20110928,25.35,25.4,24.05,24.2,830733
MMFL,20110928,98.1,101.5,98.1,100.45,667
MMFSL,20110928,96.1,101.1,95,98.5,8681
MMTC,20110928,675,680,665.25,667.15,5033
MOIL,20110928,289.75,289.8,281.5,283.4,44546
MONNETISPA,20110928,494,497.5,490,492.45,4554
MONSANTO,20110928,1713,1733,1713,1722.3,5225
MORARJETEX,20110928,12.65,13.05,12.65,12.8,518
MOREPENLAB,20110928,3.85,3.95,3.8,3.8,101167
MOSERBAER,20110928,22.5,22.65,21.8,22.25,741545
MOTHERSUMI,20110928,183.5,185,178.15,180.1,35671
MOTILALOFS,20110928,84.8,84.8,81.2,82.75,4299
MOTOGENFIN,20110928,47.95,48,41,41.95,4686
MPHASIS,20110928,334.85,343.9,327.5,340.85,360443
MPSLTD,20110928,35,35.35,34.8,35.35,330
MRF,20110928,6726.05,6787,6600,6641.8,4974
MRO-TEK,20110928,10.45,10.75,10.1,10.7,3511
MRPL,20110928,64,64,61.9,62.45,252383
MSPL,20110928,44.2,45.4,43.9,44.15,9344
MTNL,20110928,33.4,33.5,32.05,32.15,568797
MUDRA,20110928,23.9,24.35,23.9,23.95,4655
MUKANDENGG,20110928,27.4,27.4,26.7,26.95,797
MUKANDLTD,20110928,35.8,36.6,34.65,34.8,7229
MUKTAARTS,20110928,39,39,38,38.1,355
MUNDRAPORT,20110928,159,161.2,156,160.3,2377196
MUNJALAU,20110928,168.5,170,167.05,169.7,2360
MUNJALSHOW,20110928,60.6,65.25,60.6,61.15,3822
MURLIIND,20110928,22.5,24.7,22.15,24,22922
MURUDCERA,20110928,16.25,17.5,16.25,17,5385
MUTHOOTFIN,20110928,168.1,168.5,161.7,162.65,100163
MVL,20110928,25.35,26.45,24.25,26.05,765847
MVLIND,20110928,12.9,12.9,11.15,12.35,6602
MYSOREBANK,20110928,582,589,572.3,579.65,1114
N100,20110928,106.25,108,103.75,105.92,1400
NAGREEKEXP,20110928,23,25.45,23,24,630
NAHARCAP,20110928,49,50,48,49.45,2758
NAHARINDUS,20110928,44.4,44.4,41,41.85,978
NAHARPOLY,20110928,24.95,24.95,22.5,22.6,454
NAHARSPING,20110928,61.5,63.2,61.5,62.25,5969
NANDAN,20110928,2.4,2.4,2.35,2.4,80527
NATCOPHARM,20110928,231.2,234.3,226.05,232.7,13296
NATHSEED,20110928,14.8,14.85,14.1,14.45,33035
NATIONALUM,20110928,63,63.5,62,62.15,119313
NATNLSTEEL,20110928,15.4,16.35,15.4,16.15,20129
NAUKRI,20110928,682,699,670.6,696.65,3313
NAVINFLUOR,20110928,360,362.2,355.1,355.65,2143
NAVNETPUBL,20110928,65.6,65.65,63.8,64.25,52095
NBVENTURES,20110928,190.75,191.9,180.3,183.3,7703
NCC,20110928,64.1,64.4,60.2,62.65,671159
NCLIND,20110928,37.35,38.1,37,37.1,16017
NDTV,20110928,52.4,54.3,51.1,51.65,136644
NECLIFE,20110928,21,21.5,20.85,21.1,19390
NELCAST,20110928,20.5,21.35,20.5,20.95,12791
NELCO,20110928,57.4,57.4,55.95,56.05,16926
NEOCURE,20110928,2.5,2.5,2.5,2.5,10100
NEPCMICON,20110928,3.95,3.95,3.7,3.75,15507
NESCO,20110928,576.4,579.8,567,571.75,12831
NESTLEIND,20110928,4250,4278,4180.05,4256.7,19716
NET4,20110928,146,147.2,141.8,145.8,28113
NETWORK18,20110928,94,95.45,92.3,93.75,46071
NEULANDLAB,20110928,90,91.85,90,90,306
NEXTMEDIA,20110928,4.5,4.9,4.5,4.7,6968
NEYVELILIG,20110928,81.7,82.5,80.25,80.45,102796
NFL,20110928,71.25,71.45,69.5,70,36516
NHPC,20110928,23.7,23.8,23.4,23.45,1055248
NICCO,20110928,2.65,2.65,2.55,2.65,20911
NIFTYBEES,20110928,502.25,506,499.25,501.87,67725
NIITLTD,20110928,45.2,45.7,44.5,44.8,41278
NIITTECH,20110928,205.05,208.4,201.1,202.3,151967
NILKAMAL,20110928,268.95,268.95,257.2,262.4,1697
NIPPOBATRY,20110928,397.9,397.9,397.9,397.9,100
NISSAN,20110928,2.35,2.35,2.25,2.25,94762
NITCO,20110928,45,45.9,44.45,45.2,2849
NITESHEST,20110928,17.5,18,16.65,16.95,200647
NITINFIRE,20110928,39,39.7,37.75,38.25,367176
NITINSPIN,20110928,6.15,7.25,6.15,6.95,21062
NMDC,20110928,225,232.6,225,228.05,159471
NOCIL,20110928,16.55,16.55,16.05,16.15,85260
NOIDATOLL,20110928,22.7,23.35,22.55,22.95,235896
NORBTEAEXP,20110928,5.7,5.75,5.3,5.3,3070
NORTHGATE,20110928,13.2,13.55,12.7,13.45,39142
NOVOPANIND,20110928,42.5,42.5,41.2,41.65,737
NRBBEARING,20110928,43.3,43.75,43.1,43.65,4126
NRC,20110928,3.75,4.1,3.65,3.8,6318
NSIL,20110928,625,643.8,625,625.2,21
NTPC,20110928,166.45,169.55,164.6,168.6,2353438
NUCHEM,20110928,3,3.2,2.95,3.15,1755
NUCLEUS,20110928,66.5,66.6,63.3,63.9,8916
NUMERICPW,20110928,191.1,196,191.1,191.8,466
NUTEK,20110928,2.8,2.8,2.75,2.75,506694
OBEROIRLTY,20110928,224,226.2,220.2,222.55,11055
OCL,20110928,92.5,94.25,90.65,91.2,2083
OFSS,20110928,1883.25,1940,1883.25,1912.6,24388
OIL,20110928,1301.4,1342.9,1301.4,1339.3,160439
OILCOUNTUB,20110928,59.5,64.9,59.5,63.7,72286
OISL,20110928,51.5,51.5,50.3,50.65,6394
OMAXAUTO,20110928,39,39.15,37.75,38.2,2457
OMAXE,20110928,141.5,143.5,138.4,141.75,97467
OMKARCHEM,20110928,66.6,67.85,64.5,65.45,1677
OMMETALS,20110928,26.4,26.4,26.4,26.4,95
OMNITECH,20110928,141.2,146.45,141,142.3,125879
ONGC,20110928,261.7,263.25,259.1,262.55,5811592
ONMOBILE,20110928,63.8,64.2,61,62.4,412513
ONWARDTEC,20110928,37.2,38,37.2,37.75,1010
OPTOCIRCUI,20110928,226.2,232,224.5,230,432213
ORBITCORP,20110928,34.2,35.4,32.95,33.2,161404
ORCHIDCHEM,20110928,179.9,180.4,171.65,172.85,928744
ORIENTABRA,20110928,36.5,37.5,36.5,36.9,21726
ORIENTALTL,20110928,7.95,7.95,7.75,7.8,900
ORIENTBANK,20110928,288.05,294,282.1,292.9,300442
ORIENTCERA,20110928,48,48,45.7,48,24
ORIENTHOT,20110928,26.85,26.85,26.3,26.3,2513
ORIENTLTD,20110928,70.05,75.85,70.05,72.15,526
ORIENTPPR,20110928,61.05,62.75,59.85,60.05,107374
ORISSAMINE,20110928,46943,47343.25,45999.95,46168.85,474
OSWALMIN,20110928,37,38,36.5,38,307
OUDHSUG,20110928,22.15,22.6,21.05,21.65,13719
PAEL,20110928,22.5,22.8,22,22.2,928
PAGEIND,20110928,2665,2665,2503.25,2515.35,1997
PANACEABIO,20110928,128,133.9,127,129.15,2096
PANASONIC,20110928,114,114,110,111,136
PANCARBON,20110928,126.35,127.5,126.35,126.9,52
PANORAMUNI,20110928,11.2,11.3,10.6,10.6,5291
PANTALOONR,20110928,228,228.8,213.05,215.25,780211
PAPERPROD,20110928,74.7,76.6,74.6,75.25,12709
PARABDRUGS,20110928,33.1,33.1,31.7,31.95,19538
PARACABLES,20110928,3.3,3.3,2.95,3,15279
PARAL,20110928,233.35,233.95,222,226.15,1953
PARAPRINT,20110928,23.75,23.75,22.5,23.05,38476
PARASPETRO,20110928,0.5,0.5,0.45,0.45,15920
PARRYSUGAR,20110928,84.3,91.7,84.3,91.5,5030
PARSVNATH,20110928,66.45,68.95,65.6,66.35,725826
PATELENG,20110928,99.5,99.8,93.95,94.55,351059
PATINTLOG,20110928,33.4,33.4,31.1,32.8,93179
PATNI,20110928,294,299.85,287.55,291.95,127760
PATSPINLTD,20110928,11.4,13.7,11.4,12.7,964
PBAINFRA,20110928,45.8,45.8,43.65,44.55,3986
PDPL,20110928,97.65,97.7,93.1,96.2,8604
PDUMJEIND,20110928,16.8,17,16.8,17,50
PDUMJEPULP,20110928,17.7,17.7,17.55,17.7,406
PEACOCKIND,20110928,3,3.1,2.85,2.85,1179
PEARLPOLY,20110928,19.85,21.65,19.75,21.65,9709
PENIND,20110928,38.45,38.75,37.85,38,9211
PENINLAND,20110928,44,45,42.9,44.75,10624
PEPL,20110928,2.25,2.25,2.25,2.25,80
PERIATEA,20110928,139,139,133,133.05,258
PERSISTENT,20110928,316.8,316.8,304,305,22931
PETRONENGG,20110928,314.8,314.8,295,298.1,4442
PETRONET,20110928,163.7,163.75,153.7,156,2733900
PFC,20110928,154.9,156.4,151.1,152.4,1327933
PFIZER,20110928,1355,1357.7,1337.95,1340.65,374
PFOCUS,20110928,58.9,60.85,57.85,58.55,419821
PFS,20110928,15.8,15.8,15.4,15.45,28740
PGEL,20110928,475,537,386.6,386.6,8595905
PGHH,20110928,1911.15,1927.7,1890,1907.85,3502
PHILIPCARB,20110928,140.25,147.5,140.25,142.65,7141
PHOENIXLTD,20110928,199,214.95,199,211,10933
PIDILITIND,20110928,166.7,168.9,163.75,165.7,66182
PIIND,20110928,575.3,581.85,570,571.1,702
PIONDIST,20110928,47,49.45,45,49.3,1545
PIONEEREMB,20110928,11,12.6,11,11.9,370
PIPAVAVYD,20110928,78.25,81.65,77.5,79.8,3212653
PIRGLASS,20110928,125.6,129.75,125.6,128.2,13535
PIRHEALTH,20110928,353.3,354.3,348.05,352.2,42087
PIRLIFE,20110928,88,88.4,87.2,87.6,2868
PITTILAM,20110928,49.9,49.9,46.1,46.5,6595
PLASTIBLEN,20110928,178.2,178.2,173,174.35,232
PLETHICO,20110928,366,369.9,366,366.8,44980
PNB,20110928,995,996,958,967,349823
PNBGILTS,20110928,23.65,24.5,23.65,24.25,14650
PNC,20110928,13.35,13.55,13.1,13.15,2556
POCHIRAJU,20110928,13.4,13.45,13,13.15,1062
POLARIND,20110928,3.9,3.9,3.8,3.85,1250
POLARIS,20110928,132.15,135.8,131.3,133.45,600645
POLYPLEX,20110928,182.55,183.9,177.05,177.75,34312
PONDYOXIDE,20110928,30.7,30.8,29.1,29.55,5223
PONNIERODE,20110928,79,79,78,78,186
POWERGRID,20110928,96.8,97.6,95.9,97.35,2474022
PPAP,20110928,83,93,78.25,81.65,2575
PRADIP,20110928,67.55,67.55,63.5,64.75,92724
PRAENG,20110928,6.8,7,6.6,6.7,20137
PRAJIND,20110928,73.05,76.95,70,70.55,512993
PRAKASH,20110928,55,55,52.05,52.35,143296
PRAKASHSTL,20110928,123,123.8,120.55,121,1828
PRATIBHA,20110928,45.5,46.3,44.25,44.5,36886
PRECOT,20110928,114,118,111.25,114.05,1748
PRECWIRE,20110928,91,92.95,89,91.1,492
PREMIER,20110928,83.55,83.55,82,82.25,1638
PRESTIGE,20110928,91.9,91.95,88.65,91.2,36451
PRETAILDVR,20110928,170,174.95,166.2,171.9,7615
PRICOL,20110928,15.7,16.1,15.7,15.95,16193
PRIMESECU,20110928,18.5,19.2,18.3,18.95,4989
PRISMCEM,20110928,41,43,40.55,42.15,179762
PRITHVI,20110928,19.6,20.5,19.5,20.35,2833
PRITHVISOF,20110928,15.25,15.45,15.25,15.45,400
PROVOGUE,20110928,29.75,31.1,29.75,30.7,91055
PSB,20110928,66,67,65.25,65.55,524581
PSL,20110928,61,61.5,59.75,59.9,40165
PSUBNKBEES,20110928,343,343,337,337.27,479
PTC,20110928,70.15,70.15,68.3,68.65,299421
PTL,20110928,39.9,42.1,39.85,40.35,39995
PUNJABCHEM,20110928,70.5,71,68.2,68.9,945
PUNJLLOYD,20110928,55.5,56.1,53.55,54.8,3283816
PURVA,20110928,67,67.95,65.6,66.7,9011
PVP,20110928,5.4,5.4,5.1,5.2,44239
PVR,20110928,120.35,123.5,118.75,119.45,27258
QGOLDHALF,20110928,1262.85,1277.8,1251.6,1265.15,1563
QNIFTY,20110928,505.6,505.6,503.9,504.9,22
QUINTEGRA,20110928,2.9,3,2.85,2.9,2742
RADAAN,20110928,2.35,2.35,2.25,2.35,2777
RADICO,20110928,125.75,125.75,123,123.75,38516
RAINBOWPAP,20110928,66.25,67.35,66,66.3,225952
RAINCOM,20110928,27.1,27.6,27,27.1,94952
RAJESHEXPO,20110928,123.5,127.3,121.3,122.95,1030824
RAJOIL,20110928,22.05,23.75,22.05,22.8,164316
RAJPALAYAM,20110928,210.6,213.95,204.75,204.9,922
RAJRAYON,20110928,9.7,10.45,9.7,10.1,1117
RAJSREESUG,20110928,35.35,35.85,34.4,34.95,18404
RAJTV,20110928,56.5,61,56.25,60,152673
RAJVIR,20110928,122,122,115,119,287
RALLIS,20110928,178.75,181.95,170.6,171.65,260526
RAMANEWS,20110928,11.5,11.8,11.2,11.45,4823
RAMCOIND,20110928,40.7,41,40,40.5,6382
RAMCOSYS,20110928,61,61,58.55,59.55,1079
RAMKY,20110928,215.9,217.85,208.5,209.7,4267
RAMSARUP,20110928,9.75,10.45,9.75,10.2,30554
RANASUG,20110928,4,4,3.85,3.9,181440
RANBAXY,20110928,486.5,498.45,480.15,493.8,639709
RANEENGINE,20110928,201.2,201.2,195.2,199.35,43
RANEHOLDIN,20110928,207,209.9,201,204.7,144
RANKLIN,20110928,14.25,14.25,13.4,13.55,6042
RATNAMANI,20110928,103.7,105.3,102.5,102.9,512
RAYMOND,20110928,343.2,347.35,332.65,335.3,154106
RBL,20110928,108,108,108,108,120
RBN,20110928,83.1,88,82.55,85.15,101286
RCF,20110928,73.1,73.65,71.8,72,202265
RCOM,20110928,82.15,82.15,77.65,78.5,6862084
RECLTD,20110928,175,175.8,171,172.65,845329
REDINGTON,20110928,92.75,93.8,90.3,91,208191
REFEX,20110928,13.05,13.3,12.8,12.95,12316
REIAGROLTD,20110928,24.8,25.45,24.45,24.7,434789
REISIXTEN,20110928,26.2,26.2,23.3,24.45,2875
RELAXO,20110928,420,428,410,422.15,5065
RELBANK,20110928,875,919,875,887.12,56
RELCAPITAL,20110928,398,400,366.3,368.95,5883292
RELGOLD,20110928,2502,2520,2481,2505.15,9335
RELGRNIFTY,20110928,468,472,468,470.09,69
RELIANCE,20110928,799.75,806.3,789.1,797.2,5722488
RELIGARE,20110928,420,426.05,420,420.2,2409
RELIGAREGO,20110928,2566,2655,2566,2618.3,684
RELINFRA,20110928,436.9,436.9,408.15,410.1,1826804
RELMEDIA,20110928,99.2,101,95,96,326828
REMSONSIND,20110928,21.6,23,21.6,21.65,151
RENUKA,20110928,57.5,57.9,54.9,55.45,6290772
REPRO,20110928,140,142.4,138.05,139.9,3450
RESPONIND,20110928,108.4,108.4,105.7,106.25,5616
RESURGERE,20110928,0.35,0.35,0.25,0.3,2457543
REVATHI,20110928,345.35,360,345.3,358.25,288
RICOAUTO,20110928,11.7,11.7,11.1,11.3,39699
RIIL,20110928,420,424.4,406,410.85,160199
RJL,20110928,92.3,96.5,91.25,93.1,3404
RKDL,20110928,17.2,17.8,16.75,17,16536
RKFORGE,20110928,105.5,105.5,101.55,102,211
RMCL,20110928,5.25,5.3,5.25,5.3,625
RML,20110928,123.75,123.75,120,120,21
ROHITFERRO,20110928,28.25,28.75,27.5,27.9,21647
ROHLTD,20110928,52.45,53.5,52.2,52.75,6252
ROLTA,20110928,95.05,98.9,87.5,88.65,602332
ROMAN,20110928,20.5,24.5,20.5,24.15,8150
RPGLIFE,20110928,83.9,83.9,78,80.7,5181
RPOWER,20110928,82.45,82.45,79,79.5,2824889
RPPINFRA,20110928,65,65,63.5,63.9,722
RSSOFTWARE,20110928,51.7,54,51.7,53.45,6869
RSWM,20110928,86.7,89.5,86.65,88.05,6721
RSYSTEMS,20110928,100,101.35,99.5,100,485
RUBYMILLS,20110928,900,921,890.15,902.5,297
RUCHINFRA,20110928,18.75,19.3,18.05,18.55,41125
RUCHIRA,20110928,8.8,8.85,8.35,8.75,10180
RUCHISOYA,20110928,122,126.15,120.95,124.95,1020777
RUSHIL,20110928,190,198,188.5,196,1205750
SABERORGAN,20110928,122.75,124,122.75,123.05,6770
SADBHAV,20110928,130.1,134.9,130.1,133.05,1107
SAGCEM,20110928,137,143,128.75,130.15,1650
SAHPETRO,20110928,29.65,29.65,28.7,28.8,421
SAIL,20110928,109.9,109.9,104.6,107.25,2870756
SAKHTISUG,20110928,26.5,27.2,25.2,26.1,73232
SAKSOFT,20110928,76,83,74.5,80.45,10121
SAKUMA,20110928,13.4,13.75,12.9,13.05,2104
SALONACOT,20110928,15.75,16.7,15.7,15.7,9550
SALSTEEL,20110928,5.35,5.55,5.3,5.5,11937
SAMBANDAM,20110928,84,84,77,77.1,146
SAMBHAAV,20110928,1.15,1.25,1.15,1.15,3076
SANDESH,20110928,277.05,281,276,277.6,60
SANGAMIND,20110928,30,30.95,29.7,29.95,1187
SANGHIPOLY,20110928,1.4,1.45,1.35,1.4,5722
SANGHVIFOR,20110928,26.4,27.5,25.65,26,4807
SANGHVIMOV,20110928,125.95,125.95,121.5,123,1497
SANWARIA,20110928,21.5,21.75,17.35,17.7,852043
SARDAEN,20110928,136.9,136.9,131.5,131.95,13035
SAREGAMA,20110928,70.05,72.4,67.55,68.1,57473
SARLAPOLY,20110928,99.15,106.8,99.15,106.8,100
SASKEN,20110928,108.5,110.75,107,107.3,15906
SATHAISPAT,20110928,38.45,38.45,36.4,38.1,3409
SATYAMCOMP,20110928,71.5,72.8,69,70.25,5808437
SAVERA,20110928,39,39,37.8,37.8,6
SB&TINTL,20110928,17.45,17.5,16.65,16.65,24131
SBBJ,20110928,402,405.35,398,398.7,5226
SBIGETS,20110928,2627,2700,2605,2631.75,11406
SBIN,20110928,2010,2012.7,1961,1969.35,2232019
SBT,20110928,614.95,615,608.2,612.4,5117
SCI,20110928,84.75,85.5,82.55,82.9,60683
SEAMECLTD,20110928,101,106,101,102.05,10766
SEINVEST,20110928,9.9,9.9,9.7,9.7,31174
SELAN,20110928,307,307,283,285.3,10836
SELMCL,20110928,12.5,12.5,12.05,12.1,182348
SENTINEL,20110928,14.1,14.9,13.55,13.95,2138
SERVALL,20110928,7,7.1,6.35,6.5,68058
SESAGOA,20110928,200.8,201.15,192.3,195.85,3316611
SESHAPAPER,20110928,198,199.4,187,198,342
SEZALGLASS,20110928,2.6,2.6,2.6,2.6,2122
SGFL,20110928,4.8,4.85,4.8,4.8,1400
SGJHL,20110928,148.7,149,141.1,143.95,453066
SGL,20110928,4.2,4.2,4.2,4.2,454
SHAHALLOYS,20110928,9.35,9.75,9,9.75,1306
SHALPAINTS,20110928,524.3,532,486.65,486.65,18541
SHANTIGEAR,20110928,40.85,41.4,39.65,40.1,29882
SHARRESLTD,20110928,55.6,59.45,55.6,59.05,28151
SHASUNPHAR,20110928,69.5,70,67.25,67.75,19400
SHILPAMED,20110928,225.45,225.45,219,219,815
SHILPI,20110928,13.05,13.6,13,13.05,32265
SHIV-VANI,20110928,203.1,203.1,195.1,196.3,11010
SHIVAMAUTO,20110928,125.25,125.5,120.1,124.95,2810
SHIVTEX,20110928,23.5,24.05,23.2,23.9,1015
SHLAKSHMI,20110928,89.75,91.8,87.6,89.55,21504
SHOPERSTOP,20110928,365.05,365.05,351.25,355.45,12974
SHREEASHTA,20110928,5.9,5.9,5.6,5.65,2933750
SHREECEM,20110928,1804.95,1820,1760,1777.65,789
SHREERAMA,20110928,5.2,5.3,5.05,5.15,42672
SHRENUJ,20110928,59,60.85,58.2,60.05,4394
SHREYANIND,20110928,20,21.2,20,20.6,2000
SHREYAS,20110928,39,40,37.55,38.1,4810
SHRIRAMCIT,20110928,534.7,534.7,529,530,3477
SHRIRAMEPC,20110928,118,119.8,116.5,117.85,2250
SHYAMTEL,20110928,36.5,36.5,35.5,35.65,1068
SICAGEN,20110928,18.8,18.8,17.95,18.8,7048
SICAL,20110928,70.5,71.5,70.5,70.85,5623
SIEMENS,20110928,867,867,812.4,833.4,182054
SILINV,20110928,93.1,93.1,83.65,89.3,152
SIMBHSUGAR,20110928,28.85,30.95,28.5,28.9,6662
SIMPLEX,20110928,83.5,86.4,80,85.65,2714
SIMPLEXINF,20110928,231,238,230,233.8,1129
SINTEX,20110928,144.1,148,137.35,139.85,2111883
SIRPAPER,20110928,47,50.85,47,49,2503
SITASHREE,20110928,8.5,8.5,8.2,8.25,1778
SIYSIL,20110928,276,285,275.95,276,561
SJVN,20110928,21.75,21.9,21.6,21.75,58293
SKFINDIA,20110928,689.35,699,670,674,5559
SKMEGGPROD,20110928,7.9,8.15,7.4,7.5,8721
SKSMICRO,20110928,266.4,279.9,257,271.75,222962
SKUMARSYNF,20110928,44.85,45.8,43.8,44.35,761258
SMARTLINK,20110928,39.65,40.25,39.55,39.75,5509
SMLISUZU,20110928,386,389,384.1,385,515
SMOBILITY,20110928,102.7,102.95,99,99.8,59019
SMPL,20110928,7.35,7.5,7.2,7.25,37139
SMSPHARMA,20110928,171,173.7,165.1,173.7,280
SOBHA,20110928,225,227.35,217.55,220.7,50652
SOFTTECHGR,20110928,5.4,5.5,4.7,4.9,3322
SOLARINDS,20110928,757.2,775,754.2,767.65,3510
SOMANYCERA,20110928,42,43.9,42,42.05,4768
SOMATEX,20110928,6,6,6,6,1295
SONASTEER,20110928,14.95,15.05,14.75,14.95,32050
SONATSOFTW,20110928,29,29.45,27.1,27.15,240030
SOTL,20110928,555,579.8,555,565.3,891
SOUISPAT,20110928,4.25,4.25,4.25,4.25,30699
SOUTHBANK,20110928,22.25,22.3,21.85,22,1726903
SPANCO,20110928,125.1,144.7,125.1,139.3,48691
SPARC,20110928,81.75,81.9,77.15,77.6,44079
SPENTEX,20110928,9.2,9.5,8.85,9.05,3022
SPIC,20110928,25.8,25.8,24.6,24.75,139130
SPMLINFRA,20110928,135.6,135.75,124,125.9,1524
SPYL,20110928,21.65,23.45,21.6,22.2,505036
SREINFRA,20110928,33.7,33.7,32.6,33,925138
SRF,20110928,314,320.95,305.4,307.55,103858
SRGINFOTEC,20110928,0.5,0.5,0.45,0.45,27311
SRHHLINDST,20110928,4.1,4.1,3.95,3.95,538
SRHHYPOLTD,20110928,38.2,38.4,38.2,38.3,41
SRICHAMUND,20110928,36.05,36.05,36,36,100
SRSLTD,20110928,34.4,34.65,33.35,33.9,904014
SRTRANSFIN,20110928,606.25,623.5,603.4,615.05,360670
SSWL,20110928,224.65,225.95,215.15,219.75,11344
STAR,20110928,353,353,334.2,342.65,115450
STARPAPER,20110928,23.1,23.9,23.1,23.2,1883
STCINDIA,20110928,160.05,160.05,155,155.85,25905
STER,20110928,122.1,122.7,117.5,120.2,4797810
STERLINBIO,20110928,71.85,73.25,69,71.45,939734
STERTOOLS,20110928,110,111,110,111,21
STOREONE,20110928,14.2,14.65,13.75,14.65,23529
STRTECH,20110928,38.8,39,37.75,37.85,175679
SUBEX,20110928,44,45.25,42.75,43,534055
SUDAR,20110928,70.95,75.65,62.95,70.3,189640
SUDARSCHEM,20110928,687,698.95,687,687,220
SUJANATOW,20110928,27,27.4,25.5,26.15,1747173
SUJANAUNI,20110928,4.7,5.1,4.7,4.7,73024
SUMEETINDS,20110928,25.15,26.5,24.65,24.95,9926
SUMMITSEC,20110928,80,80,77,77.5,2040
SUNCLAYTON,20110928,138.7,138.9,135.05,135.75,2287
SUNDARAM,20110928,42.5,42.9,41.95,42,32974
SUNDARMFIN,20110928,522.1,532,520,521.05,879
SUNDRMBRAK,20110928,149.95,152.8,148,148.15,128
SUNDRMFAST,20110928,60.3,61,59.65,60.85,24512
SUNFLAG,20110928,26.85,26.85,25.6,25.7,40829
SUNILHITEC,20110928,86,86.5,84.5,85.05,4089
SUNPHARMA,20110928,472.85,473,460.5,471,1263539
SUNTECK,20110928,307.9,309.9,307,307.65,8648
SUNTV,20110928,285,285,254.4,262.55,1273643
SUPER,20110928,170.6,187.35,170.6,172.75,66
SUPERSPIN,20110928,8,8,8,8,1209
SUPPETRO,20110928,73,73.35,72,72.15,6702
SUPRAJIT,20110928,18.5,19,18.45,18.6,2520
SUPREMEIND,20110928,190.25,190.4,182.3,186.75,12254
SUPREMEINF,20110928,227,232.7,225.55,231.05,2895
SURAJDIAMN,20110928,44.25,46,44.1,44.5,30658
SURANACORP,20110928,93,100,89.5,96.6,1627
SURANAIND,20110928,441,441,437,437.75,7898
SURANAT&P,20110928,14.8,14.85,14.5,14.5,1013
SURANAVEL,20110928,31.1,31.1,28.7,29.2,12921
SURYAJYOTI,20110928,23.85,23.85,22.6,22.95,4284
SURYALAXMI,20110928,60,69,59.5,59.65,6036
SURYAPHARM,20110928,16.5,16.5,15.75,15.8,22840
SURYAROSNI,20110928,60.65,62.65,60.65,61.35,2930
SUTLEJTEX,20110928,198,198,179,180.7,739
SUVEN,20110928,16.75,16.95,16.3,16.7,17258
SUZLON,20110928,38.6,38.6,36.75,37,10232424
SWARAJENG,20110928,458,465.95,458,458,331
SYMPHONY,20110928,1377,1378,1290,1309.5,2574
SYNCOM,20110928,15.4,15.45,14.4,14.6,29630
SYNDIBANK,20110928,100.3,104.55,100.15,101.5,291144
TAINWALCHM,20110928,22.35,23.7,22.35,23.15,26
TAJGVK,20110928,91.5,92.9,90.1,90.75,14361
TAKE,20110928,31.95,32,31.2,31.75,6965
TALBROAUTO,20110928,39.75,40,38.05,38.1,6559
TALWALKARS,20110928,183.5,184.4,179.15,180.5,69299
TANFACIND,20110928,24.55,24.55,24,24,27
TANLA,20110928,8.1,8.45,8.1,8.3,100132
TANTIACONS,20110928,50.05,51.35,50,50.1,1957
TARAPUR,20110928,18.75,19.1,18.2,18.45,4524
TATACHEM,20110928,325.3,329.8,316.8,320.55,169713
TATACOFFEE,20110928,844.25,847,821.3,823.7,181680
TATACOMM,20110928,197.95,197.95,188.1,189.55,140140
TATAELXSI,20110928,204.3,215.4,202,205.9,100967
TATAGLOBAL,20110928,89.15,89.15,85.75,86.45,1016187
TATAINVEST,20110928,489.5,492,481.55,487.3,3163
TATAMETALI,20110928,81.15,84.8,80.35,82.15,18958
TATAMOTORS,20110928,156.9,159.7,153.2,156.05,12869324
TATAMTRDVR,20110928,93.5,94.4,88.55,89.5,1199999
TATAPOWER,20110928,102.2,102.2,100,100.85,3382648
TATASPONGE,20110928,296,308,296,302.45,5825
TATASTEEL,20110928,442,444,425.6,427.4,3487291
TCI,20110928,87,87.3,85.55,86.5,3295
TCIDEVELOP,20110928,152.1,165,152.1,165,29
TCIFINANCE,20110928,33.8,33.8,32.1,32.15,2716
TCS,20110928,1048.5,1064.7,1037,1047.9,2212595
TDPOWERSYS,20110928,271.7,271.95,256.8,260.75,42766
TECHM,20110928,619,648.55,576.1,581.6,499782
TECHNO,20110928,224.2,225.8,221,222.3,20770
TECHNOFAB,20110928,139,140,133,136,153735
TECPRO,20110928,232.5,235.7,229,230.6,3505
TELEDATAIT,20110928,0.35,0.35,0.3,0.3,364649
TELEMARINE,20110928,0.5,0.6,0.5,0.55,20369
TEXMACOLTD,20110928,33.8,33.9,32.5,33.15,56494
TEXMOPIPES,20110928,37,39.2,35.8,36.7,143916
TEXRAIL,20110928,80,81.45,79.55,80.05,6703
TFCILTD,20110928,29.8,30.3,29.05,29.3,52394
TFL,20110928,15.1,15.1,13.75,14.95,103
THANGAMAYL,20110928,148.45,148.5,146.1,147.4,7599
THEMISMED,20110928,109.15,109.15,108,108,97
THERMAX,20110928,488,491.95,483,484.05,19148
THINKSOFT,20110928,35.25,35.25,34.05,34.15,16825
THIRUSUGAR,20110928,70.1,73.7,70.1,71.15,19268
THOMASCOOK,20110928,48.15,48.15,46.75,46.95,104131
TI,20110928,29,30.7,28.65,29.5,232191
TIDEWATER,20110928,6601,6649.9,6515,6533.8,271
TIIL,20110928,40,41,38.25,41,663
TIL,20110928,396,404,396,398.05,324
TIMESGTY,20110928,29.5,30,28.05,28.25,1311
TIMETECHNO,20110928,66.25,66.9,65.1,65.6,15538
TIMKEN,20110928,216.3,217.7,210.4,212.2,46236
TINPLATE,20110928,47.15,47.35,46.45,46.65,19359
TIPSINDLTD,20110928,28.6,28.75,28,28.05,634
TIRUMALCHM,20110928,71.15,75,70.05,71.75,243
TITAN,20110928,214,216.4,205.1,207.2,4727947
TNPETRO,20110928,16.85,16.85,15.5,15.8,19836
TNPL,20110928,103,103,100,100.7,23987
TODAYS,20110928,5.55,5.6,5.3,5.4,1009
TOKYOPLAST,20110928,15.2,15.2,15.15,15.15,500
TORNTPHARM,20110928,548,554.15,540.15,545.35,2999
TORNTPOWER,20110928,220.85,220.85,215,216.3,15201
TREEHOUSE,20110928,174,176.2,166.2,169.8,560572
TRENT,20110928,1084,1109.8,1075,1095.85,11663
TRF,20110928,332.15,340.8,328.55,330,5187
TRICOM,20110928,12.15,12.15,11.45,11.5,2707
TRIDENT,20110928,12.05,12.05,11.7,11.85,18725
TRIGYN,20110928,12.75,13.1,12.5,12.7,10540
TRIL,20110928,218.15,222.9,215.1,217.7,1487
TRIVENI,20110928,22.8,23.4,21.8,21.95,412345
TTKHEALTH,20110928,495.95,497.5,471.2,477.6,63114
TTKPRESTIG,20110928,2647.3,2688,2552,2573.7,80553
TTL,20110928,23.05,23.8,23.05,23.35,10321
TTML,20110928,18,18.1,17.55,17.7,1668109
TUBEINVEST,20110928,139,141.7,135.5,137.65,19103
TULIP,20110928,157,159,155.05,157.5,155369
TULSI,20110928,11.65,11.9,11.6,11.7,27385
TULSYAN,20110928,37.9,38.2,37.8,37.8,455
TV18BRDCST,20110928,42.4,42.4,41.05,41.5,111702
TVSELECT,20110928,19,20.1,19,19.25,2753
TVSMOTOR,20110928,61.85,62,59.35,60.65,920266
TVSSRICHAK,20110928,367.25,384.8,367.1,380,1398
TVTODAY,20110928,52.05,54.4,51.8,52.9,15069
TWILITAKA,20110928,37.4,37.4,35.5,35.9,10449
TWL,20110928,485.35,485.35,401.5,405.9,6749
UBENGG,20110928,52.3,53.65,51.15,51.4,17339
UBHOLDINGS,20110928,115,124,112.6,115.85,578178
UBL,20110928,397.9,403,390.25,394.45,60236
UCALFUEL,20110928,72.05,74,72,73.4,3307
UCOBANK,20110928,67,67.9,65,65.55,975497
UFLEX,20110928,149.9,149.95,143.15,144.15,454658
UGARSUGAR,20110928,12.9,13.35,12.9,12.9,5993
ULTRACEMCO,20110928,1125.45,1158.7,1125.45,1148.7,289662
UMESLTD,20110928,17,17.9,17,17.15,1695
UNICHEMLAB,20110928,145.95,145.95,138.35,139.4,11382
UNIENTER,20110928,28.45,28.45,27.6,27.9,1750
UNIONBANK,20110928,253.2,257.8,247.65,249.15,962923
UNIPHOS,20110928,140,141.7,136.5,138.4,1267876
UNIPLY,20110928,11.8,12,11.5,11.75,3306
UNITECH,20110928,27.8,28,26.85,27.1,18852961
UNITEDBNK,20110928,75,75.75,73.8,75.15,25823
UNITY,20110928,47.5,47.5,45.1,46.4,94361
UNIVCABLES,20110928,51,51.5,51,51.2,2232
UPERGANGES,20110928,45.5,45.6,44.1,44.95,1920
USHAMART,20110928,33.9,34,33.25,33.4,51408
USHERAGRO,20110928,127.45,127.45,123.1,123.8,314685
UTTAMSTL,20110928,73.3,74.9,72.2,72.95,11752
UTTAMSUGAR,20110928,28.3,29.5,28.3,29.2,3591
UTVSOF,20110928,958.05,963.5,948.1,952.5,68156
VADILALIND,20110928,128,133.75,124.15,125.05,765
VAIBHAVGEM,20110928,35.5,36.2,34.55,35.2,1190
VAKRANSOFT,20110928,352.55,353.95,350.1,350.7,1868
VALECHAENG,20110928,75.7,77.25,75.4,75.75,36465
VALUEIND,20110928,17.2,17.55,17.2,17.5,2008
VARDHACRLC,20110928,9.2,9.25,9.1,9.2,54637
VARDMNPOLY,20110928,105,105.4,98,103.6,43218
VARUN,20110928,260,260,250,252.55,156816
VARUNSHIP,20110928,20,20.15,19.7,19.75,27854
VASCONEQ,20110928,44.6,45.65,44,44.3,3580
VENKEYS,20110928,404.4,409.9,392.65,394.75,49618
VENUSREM,20110928,201.05,203,200.2,200.75,1976
VESUVIUS,20110928,395,397.9,385,391.4,1970
VGUARD,20110928,211.75,213.65,208.15,208.85,112125
VHL,20110928,364,364,364,364,41
VICEROY,20110928,25.05,25.5,25,25.35,10760
VIDEOIND,20110928,172.6,174,170.1,171.65,311035
VIJAYABANK,20110928,57,57,54.45,54.95,1694657
VIJSHAN,20110928,16.1,17.8,16.1,17.2,3417
VIKASHMET,20110928,10.3,10.4,10.05,10.05,17352
VIMTALABS,20110928,22.85,22.85,20.05,20.3,104399
VINATIORGA,20110928,67.05,67.65,66.3,66.65,6676
VINDHYATEL,20110928,160.05,160.05,156,156,260
VINYLINDIA,20110928,9.5,9.7,9.4,9.7,1505
VIPIND,20110928,970,977.9,942.4,949.1,651523
VIPUL,20110928,10.75,10.75,10.55,10.75,1500
VISAKAIND,20110928,87,89.8,85.15,85.55,3455
VISASTEEL,20110928,58.5,58.9,58.5,58.55,3564
VISESHINFO,20110928,3.3,3.45,3.05,3.1,167191
VISHALRET,20110928,23.45,23.9,23.2,23.45,19823
VISUINTL,20110928,2.1,2.2,2,2.1,1392
VIVIMEDLAB,20110928,242,248.7,238,241.55,66440
VLSFINANCE,20110928,11.65,11.65,11.1,11.15,5708
VOLTAMP,20110928,506.1,512,503.35,505,2769
VOLTAS,20110928,120.85,122,119.25,119.9,755617
VSTIND,20110928,1409,1409,1372,1376.95,4769
VSTTILLERS,20110928,520,534.5,515.15,516.2,493
VTL,20110928,191.35,195.75,189.45,193.1,13018
VTXIND,20110928,14.65,14.65,13.55,13.55,203
WABAG,20110928,380,380,362.15,366.55,2635
WABCOINDIA,20110928,1319.95,1319.95,1252.25,1269.25,924
WALCHANNAG,20110928,92,93.65,90,90.4,30646
WANBURY,20110928,24.25,24.35,24,24.3,2159
WEBELSOLAR,20110928,39.4,39.9,38.6,39.05,2033
WEIZFOREX,20110928,74.1,74.1,74.1,74.1,100
WEIZMANIND,20110928,9.15,9.65,8.75,8.9,1822
WELCORP,20110928,115.35,116.5,110.25,111.25,326646
WELGLOB,20110928,45,47,43,45,623
WELINV,20110928,48,50,46.6,48,532
WELPROJ,20110928,42.9,42.95,41.2,41.95,3577
WENDT,20110928,1640,1649.8,1590.5,1613.45,91
WHEELS,20110928,263.45,263.45,250,250.45,30
WHIRLPOOL,20110928,220.4,227,219.05,225.15,14110
WILLAMAGOR,20110928,49.2,51.15,47.3,47.9,2628
WINDMACHIN,20110928,24.8,24.85,23.4,23.7,6972
WINSOME,20110928,26,26,26,26,211
WIPRO,20110928,351.4,358.4,345.15,347.55,1853049
WOCKPHARMA,20110928,394,403.35,392.05,397.2,81960
WSI,20110928,16.55,16.9,16.3,16.3,304
WSTCSTPAPR,20110928,70,72.5,70,70.2,7679
WWIL,20110928,7.15,7.15,6.85,6.9,381707
WYETH,20110928,989,990,975,980.15,672
XLENERGY,20110928,7.25,7.5,7,7.05,16061
XPROINDIA,20110928,53,53,52.5,52.55,1847
YESBANK,20110928,272,275,267.1,272.25,1747063
ZANDUREALT,20110928,1979,2034,1910,1925.85,7447
ZEEL,20110928,114.5,117.85,114.15,116.25,1486223
ZEELEARN,20110928,19.4,19.4,18.4,18.55,239869
ZEENEWS,20110928,12.5,12.65,12.2,12.6,129145
ZENITHBIR,20110928,4.9,4.9,4.8,4.8,46065
ZENITHCOMP,20110928,14,14.5,13.6,13.65,4105
ZENITHINFO,20110928,189.9,189.9,165,177.35,464
ZENSARTECH,20110928,126.45,126.45,121.25,122.7,7553
ZICOM,20110928,35.1,35.45,34.8,34.9,5422
ZODIACLOTH,20110928,258.9,258.9,249.5,249.65,928
ZODJRDMKJ,20110928,24.85,24.85,23.5,23.5,2
ZUARIAGRO,20110928,557,566.7,549,556.1,5306
ZYDUSWELL,20110928,560,560,530.5,531.85,22159
ZYLOG,20110928,421,421,411.1,416.75,104154
NSENIFTY,20110928,5005.50,5006.05,4918.45,4945.90,166872414,6078.49
NIFTYJUNIOR,20110928,9943.25,9989.55,9861.20,9885.20,68087654,1227.20
BANKNIFTY,20110928,9670.45,9675.65,9449.00,9512.15,16614757,1312.50
NSEMIDCAP,20110928,7170.80,7196.30,7100.65,7109.20,110352907,1187.32
NSEIT,20110928,5640.95,5749.60,5592.10,5623.90,17568102,1173.60
NSE100,20110928,4921.05,4921.05,4843.75,4867.45,234960068,7305.69
NSE500,20110928,4028.95,4028.95,3972.15,3987.45,448364108,9112.45
MIDCAP50,20110928,2138.90,2141.80,2101.60,2106.80,82279745,907.18
VIX,20110928,32.01,34.11,31.03,32.00,32.01,-0.01
