20MICRONS,20111228,62.65,63.8,61.5,62,73151
3IINFOTECH,20111228,12.3,12.45,11.9,11.95,1909418
3MINDIA,20111228,3659,3670,3650,3670,24
A2ZMES,20111228,90.1,90.55,86.05,86.95,159589
AANJANEYA,20111228,503.45,509,487,505.6,29394
AARTIDRUGS,20111228,76,78,76,76.95,399
AARTIIND,20111228,47.45,47.8,46,47.3,43284
AARVEEDEN,20111228,30,30,28.2,28.2,133
ABAN,20111228,336.9,343.45,331.1,340.95,490981
ABB,20111228,587.55,587.55,575,581.15,32171
ABBOTINDIA,20111228,1411.25,1457,1411.25,1451.55,2064
ABCIL,20111228,74,76.4,72,72.9,208
ABGSHIP,20111228,392,393,384,390.7,51705
ABHISHEK,20111228,8.7,8.7,7.7,7.9,4840
ABIRLANUVO,20111228,762.7,763,740.5,757.05,38609
ACC,20111228,1175,1186,1160,1168.3,202978
ACE,20111228,28.75,28.95,28.2,28.5,26176
ACROPETAL,20111228,11.7,11.7,11.3,11.35,34535
ADANIENT,20111228,316.85,327.5,314,325.15,358537
ADANIPOWER,20111228,66.5,66.5,61.5,62.1,2230243
ADFFOODS,20111228,52.6,54.8,51.1,53.2,19455
ADHUNIK,20111228,38.45,39,37.3,38.1,34503
ADORWELD,20111228,115,117,112.1,114.9,648
ADSL,20111228,20.75,20.75,19.75,20.3,32914
ADVANIHOTR,20111228,34,34,32,32,221
ADVANTA,20111228,251.9,252.5,231.05,232.9,110538
AEGISCHEM,20111228,106.5,108.5,104.1,106.15,9057
AFL,20111228,36.2,37,36.2,36.5,3915
AFTEK,20111228,9.75,9.8,9.35,9.75,33389
AGCNET,20111228,136,136,125.5,128,1892
AGRE,20111228,30.1,33,30.1,32.05,952
AGRODUTCH,20111228,5.4,5.4,5.2,5.3,3664
AHLEAST,20111228,305.05,322,305.05,319.95,983
AHLUCONT,20111228,54,55.45,54,54.1,1242
AHLWEST,20111228,119.95,122,117.25,120.35,238
AHMEDFORGE,20111228,85,86.5,85,85.55,7272
AIAENG,20111228,275,275.9,270.5,274.1,17845
AJANTPHARM,20111228,306,308.85,300,302.35,5590
AJMERA,20111228,99.2,101.85,98.5,99.25,7419
AKSHOPTFBR,20111228,7,7.1,6.9,7,124285
AKZOINDIA,20111228,770,784,760.9,777.5,6451
ALBK,20111228,121.95,121.95,116.4,117.5,1257657
ALCHEM,20111228,112.55,112.55,112.55,112.55,60
ALEMBICLTD,20111228,14.45,14.6,14.25,14.35,9792
ALFALAVAL,20111228,2234.9,2240,2211,2221.05,1367
ALKALI,20111228,29.15,29.9,29.1,29.2,2229
ALKYLAMINE,20111228,84.9,84.9,82.1,84.9,461
ALLCARGO,20111228,125.5,125.6,118.15,119.05,1319
ALLSEC,20111228,12.3,13.7,11.5,12.1,7643
ALMONDZ,20111228,12.3,12.3,11.7,11.75,6703
ALOKTEXT,20111228,17.45,17.85,17.25,17.75,4026433
ALPA,20111228,6.85,7,6.5,6.8,6301
ALPHAGEO,20111228,60.2,63,60.2,61.3,2715
ALPSINDUS,20111228,2,2.1,2,2,6612
AMAR,20111228,130,132.9,129.1,129.55,52782
AMARAJABAT,20111228,197,203.95,194.75,202.5,621738
AMARJOTHI,20111228,47,48,46,46,326
AMBIKCO,20111228,141.3,159.9,140,155.9,16020
AMBUJACEM,20111228,163,164.75,161.15,162.5,2642949
AMDIND,20111228,14,14,13.45,13.6,812
AMRUTANJAN,20111228,663.3,669,650.15,654,19217
AMTEKAUTO,20111228,98.25,98.25,96.15,97.05,70448
AMTEKINDIA,20111228,94.5,94.5,92.5,92.95,67346
ANANTRAJ,20111228,44.9,46.1,41.55,42.5,1073732
ANDHRABANK,20111228,81,81.45,79.75,80.85,344771
ANDHRSUGAR,20111228,103.35,106,103.35,104.95,1338
ANGIND,20111228,15.25,16.45,15.25,15.35,670
ANIKINDS,20111228,29.5,29.5,27.1,28,1162
ANKURDRUGS,20111228,17.6,17.95,16.75,17.1,8910
ANSALAPI,20111228,26.1,26.45,25.2,25.4,47380
ANSALHSG,20111228,32.25,33,32.1,32.55,11330
ANTGRAPHIC,20111228,0.15,0.25,0.15,0.2,122678
APARINDS,20111228,104.2,108.95,104.2,107.45,2098
APCOTEXIND,20111228,128.6,128.6,127.4,127.95,60
APIL,20111228,301.6,301.6,285.4,290,87530
APLAB,20111228,28,28,24.4,24.75,4403
APLAPOLLO,20111228,139.8,139.8,134.35,134.8,9
APLLTD,20111228,36.05,36.95,36.05,36.6,5639
APOLLOHOSP,20111228,600.2,605,560,566.1,667206
APOLLOTYRE,20111228,60.7,62.45,59.55,60.2,1103340
APPAPER,20111228,149,154.7,149,152.15,371
APTECHT,20111228,74.7,74.9,71.1,71.65,195796
AQUA,20111228,8.95,9.25,8.6,8.95,313308
ARCHIES,20111228,25.5,26,25.25,25.6,215180
AREVAT&D,20111228,161.1,163,155.65,161.15,94735
ARIES,20111228,68.75,68.75,67,67.25,1086
ARIHANT,20111228,45,47.2,45,45,115
ARL,20111228,2.4,2.4,2.1,2.2,211337
AROGRANITE,20111228,32.55,35.35,32.35,33,1847
ARROWTEX,20111228,6.05,6.15,6.05,6.15,928
ARSHIYA,20111228,126.1,127.75,123.25,125.3,9110
ARSSINFRA,20111228,127.1,127.1,118,121.85,457986
ARVIND,20111228,69.5,69.6,66.05,67.25,1119883
ASAHIINDIA,20111228,54.05,54.65,53.1,53.9,21449
ASAHISONG,20111228,77.3,77.3,74,75.3,3132
ASAL,20111228,40.3,42.8,40.15,42.8,534
ASHAPURMIN,20111228,13.5,14.8,13.5,13.55,10725
ASHIANA,20111228,142.9,142.9,136.5,139.75,831
ASHIMASYN,20111228,3.6,3.8,3.6,3.8,2699
ASHOKA,20111228,185.05,188,185,185,355
ASHOKLEY,20111228,22.35,23.2,22.35,22.7,3229292
ASIANELEC,20111228,5.45,5.6,5.45,5.55,9427
ASIANHOTNR,20111228,163.85,163.85,161.1,162.65,237
ASIANPAINT,20111228,2670,2718.1,2550,2599.2,89134
ASIANTILES,20111228,35,35,31.5,31.5,655
ASSAMCO,20111228,7,7.1,6.9,7,106766
ASTEC,20111228,23,23.85,22.1,22.25,3530
ASTERSILI,20111228,8.3,8.5,8,8.1,12410
ASTRAL,20111228,132,133.25,130.05,130.8,3181
ASTRAMICRO,20111228,34.95,35.75,34.35,34.6,26654
ASTRAZEN,20111228,1242.05,1242.05,1230.5,1230.5,41
ATFL,20111228,357,359,354,355.7,3016
ATLANTA,20111228,58,58,57.25,57.5,34398
ATLASCYCLE,20111228,281.95,286.45,275.05,276.8,25521
ATNINTER,20111228,0.75,0.75,0.75,0.75,1003
ATUL,20111228,142,144.2,137.5,138.5,4721
AURIONPRO,20111228,121,134.9,121,124.6,645
AUROPHARMA,20111228,88.75,88.8,86.7,87.35,257910
AUSTRAL,20111228,1.25,1.35,1.25,1.25,145646
AUTOAXLES,20111228,336.1,346.45,336,337.95,128
AUTOIND,20111228,94,95.05,92.1,94.7,20323
AUTOLITIND,20111228,14,14.05,13.9,14,306
AVENTIS,20111228,2300,2338,2289.95,2323.45,1842
AVTNPL,20111228,291,298,283.6,285.95,1090
AXIS-IT&T,20111228,66.05,68.5,66,66.3,1278
AXISBANK,20111228,841,841,820.1,832.6,1947165
AXISGOLD,20111228,2690,2703.95,2681.05,2700.4,320
BAGFILMS,20111228,3.95,4,3.8,3.9,21204
BAJAJ-AUTO,20111228,1626,1642.7,1596,1609.85,270036
BAJAJCORP,20111228,101.9,101.9,97.25,98.9,12482
BAJAJELEC,20111228,140.1,143.85,139,141.2,38857
BAJAJFINSV,20111228,438.5,444,430.1,438.25,56213
BAJAJHIND,20111228,25,25,24.45,24.6,1487642
BAJAJHLDNG,20111228,680,686.8,655,660.6,28214
BAJFINANCE,20111228,630.1,650,612,612.75,15733
BALAJITELE,20111228,32.9,33.7,32.2,32.8,48114
BALAMINES,20111228,35,35,34.1,35,728
BALKRISIND,20111228,158,162.85,155.9,155.95,1342
BALLARPUR,20111228,18.15,18.35,17.9,18.1,66583
BALMLAWRIE,20111228,492,493.45,478.9,480.5,3177
BALPHARMA,20111228,16.85,16.9,16.1,16.5,411
BALRAMCHIN,20111228,35.95,36.15,34.45,34.7,476682
BANARISUG,20111228,502,520,502,514.2,865
BANCOINDIA,20111228,62.05,62.05,60.3,60.55,604
BANG,20111228,15.6,16.8,14.95,15.05,1239
BANKBARODA,20111228,676,676.95,654.55,659,288936
BANKBEES,20111228,824,824,808.8,815.49,893
BANKINDIA,20111228,286,286.5,273.85,275.7,520263
BANSWRAS,20111228,72.25,78.95,71.3,77.65,13353
BARTRONICS,20111228,25.8,26.2,24.05,24.25,104284
BASF,20111228,454,454,443.05,445.3,2576
BATAINDIA,20111228,548,550.7,540.55,545.5,194452
BATLIBOI,20111228,14.9,14.9,14.45,14.7,1316
BAYERCROP,20111228,707.1,718.95,707.1,711.1,367
BBL,20111228,528,537.9,522.1,523.05,682
BBTC,20111228,347.55,354.6,346.8,348,258
BEARDSELL,20111228,38.2,38.2,38.2,38.2,552
BEDMUTHA,20111228,30,30,28.7,28.7,39947
BEL,20111228,1372.95,1390,1342.55,1355.95,20990
BELLCERATL,20111228,10.1,10.9,10.1,10.9,725
BEML,20111228,467.35,478,457,469.3,27529
BEPL,20111228,21.5,21.5,21,21,13
BERGEPAINT,20111228,86,87.2,84,86.35,31836
BFINVEST,20111228,44,45.7,43,43.7,953
BFUTILITIE,20111228,300.85,300.85,287.1,289.75,250603
BGLOBAL,20111228,9.05,9.75,9.05,9.4,21484
BGRENERGY,20111228,184,185,176.1,178.6,437416
BHAGWATIHO,20111228,62.75,62.75,57,61.55,29398
BHAGYNAGAR,20111228,18,18,17.9,18,24950
BHARATFORG,20111228,259.6,264.35,248.25,250.2,281951
BHARATGEAR,20111228,42,42,41.1,41.8,223
BHARATRAS,20111228,129.8,130.05,114.05,125.1,3704
BHARTIARTL,20111228,342.7,345.95,339.6,343.7,1943231
BHARTISHIP,20111228,73,74.85,71.15,72,492157
BHEL,20111228,239.3,248.3,237,247.1,3204742
BHUSANSTL,20111228,313.65,318,310.05,311.9,202783
BIL,20111228,54.45,54.45,51.65,52.5,1180
BILENERGY,20111228,54.05,58.5,53.75,56.3,1558
BILPOWER,20111228,61.05,61.5,58.4,60.1,3698
BIMETAL,20111228,231.1,231.1,230.05,230.1,60
BINANIIND,20111228,91,91,89,90.35,3034
BINDALAGRO,20111228,48.4,48.75,44.5,45.4,95127
BIOCON,20111228,264,269.85,255.1,266.55,380516
BIRLACORPN,20111228,270,274.35,265.15,271.7,1264
BIRLACOT,20111228,0.2,0.25,0.2,0.25,1461930
BIRLAERIC,20111228,9.25,9.8,8.85,9,22717
BIRLAMONEY,20111228,11.15,11.15,10.7,11,2859
BIRLAPOWER,20111228,0.55,0.55,0.5,0.55,657539
BLBLIMITED,20111228,3.1,3.2,3.1,3.15,120
BLISSGVS,20111228,23.2,23.2,21.4,21.8,14231
BLKASHYAP,20111228,9.15,9.45,9.15,9.35,24878
BLUECHIP,20111228,0.9,1,0.9,0.9,12037
BLUECOAST,20111228,137.85,140.9,127.8,139.95,269
BLUEDART,20111228,1499.9,1506,1491.1,1497.15,1822
BLUESTARCO,20111228,155.5,155.9,152.55,154,37951
BLUESTINFO,20111228,68,68,65.05,65.6,1562
BOC,20111228,277.7,277.7,270.05,272.1,2001
BODALCHEM,20111228,11,11.55,11,11.5,219
BOMDYEING,20111228,372.7,372.95,354,356.45,98621
BOSCHLTD,20111228,6710,6749.95,6525,6551.5,40866
BPCL,20111228,504,504,491.7,495,392041
BPL,20111228,16.7,16.95,16.2,16.35,19319
BRANDHOUSE,20111228,10,10,9.3,9.45,31713
BRFL,20111228,278,280.65,266,278.2,349644
BRIGADE,20111228,43.15,43.8,42,42.25,7145
BRITANNIA,20111228,451,452,441.05,450.35,12554
BROADCAST,20111228,5.45,5.6,5.1,5.5,3918
BROOKS,20111228,15,15.25,14.7,14.9,20320
BSELINFRA,20111228,2.9,2.9,2.75,2.75,17642
BSL,20111228,17.05,18,17,17.05,2400
BSLGOLDETF,20111228,2750.1,2787.5,2750.1,2760,12
BSLNIFTY,20111228,45.01,55.8,44.3,47.71,2423
BSTRANSCOM,20111228,126,127.95,124,124.4,22745
BURNPUR,20111228,6.1,6.35,6.1,6.3,3111
BVCL,20111228,11.85,12.4,11.85,12.2,62
CADILAHC,20111228,648,672.5,648,664.15,132601
CAIRN,20111228,325,325,312.6,314.15,1212072
CALSOFT,20111228,21,21,19.95,20.95,197
CAMBRIDGE,20111228,16.2,16.2,14.6,15.5,4362
CAMLIN,20111228,33.2,33.9,32,32.75,27216
CANBK,20111228,355,359.4,349.55,353.8,470678
CANDC,20111228,77,77,75.05,75.05,1171
CANFINHOME,20111228,89.65,91,88.2,88.4,4822
CANTABIL,20111228,14.55,15,14.55,14.85,1789
CARBORUNIV,20111228,136.35,144.45,136.35,138.4,3209
CAREERP,20111228,210.25,211.9,202,203.05,5303
CAROLINFO,20111228,146,150,146,147,850
CASTROL,20111228,402.15,412.5,398.55,405.95,20466
CCCL,20111228,16,16.25,16,16.05,3088
CCL,20111228,119.6,121.95,118.15,119,1069
CEATLTD,20111228,73,74.45,71.55,73.45,46190
CEBBCO,20111228,59,60,53.7,54.85,91667
CELEBRITY,20111228,5,5.45,5,5.05,474
CELESTIAL,20111228,17.5,17.5,16.1,16.45,1964
CENTENKA,20111228,98.5,100.75,96,96.7,23618
CENTEXT,20111228,2.05,2.3,2.05,2.15,3738
CENTRALBK,20111228,69.3,71.5,67.8,68.15,431378
CENTUM,20111228,41.35,47,41.35,44,115
CENTURYPLY,20111228,47,47.35,46,47,14886
CENTURYTEX,20111228,229.1,229.8,221.4,224.4,222109
CERA,20111228,175,175,167,167.4,1461
CESC,20111228,199.7,201.95,192.5,195.3,197115
CHAMBLFERT,20111228,75.2,75.3,73.75,74.75,478731
CHEMFALKAL,20111228,43,44.7,40.8,44.7,113
CHEMPLAST,20111228,3.85,4,3.8,3.9,14938
CHENNPETRO,20111228,158.45,158.45,154,156.6,7789
CHESLINTEX,20111228,8.75,9.2,8.2,8.25,741
CHETTINAD,20111228,490.05,540,490.05,537.95,22213
CHOLAFIN,20111228,114,115,112.5,113.05,5807
CILNOVA,20111228,15.5,17.95,15.5,15.5,1260
CIMMCO,20111228,54.15,64,54.15,64,13
CINEMAX,20111228,31.05,32.4,30.15,30.6,34143
CINEVISTA,20111228,2.75,2.75,2.4,2.65,1044
CIPLA,20111228,317.35,324.4,315,322.35,1122107
CLASSIC,20111228,6.65,6.9,6.15,6.45,7063
CLNINDIA,20111228,583,586.8,570,573,1114
CLUTCHAUTO,20111228,26.75,26.8,25.6,26.75,10958
CMAHENDRA,20111228,139,139,134.2,136.2,5851
CMC,20111228,800,815,790.05,807.55,38491
COALINDIA,20111228,296.5,301.8,295.75,299.55,1957155
COLPAL,20111228,1020.2,1028,1008.55,1010.8,39501
COMPUAGE,20111228,68,69.45,65,66.05,864
CONCOR,20111228,826,829,802.25,816.9,7857
CONSOFINVT,20111228,47,49.6,46,49.35,979
CORAL-HUB,20111228,3.7,3.7,3.25,3.25,124558
CORDSCABLE,20111228,25.75,25.75,24.4,25.3,2179
COREEDUTEC,20111228,257.25,259.75,250,252.85,179641
COROENGG,20111228,209.5,209.5,209.5,209.5,40
COROMANDEL,20111228,281.75,281.75,270.2,271.95,128260
CORPBANK,20111228,365.8,369,354.4,356.5,21238
COSMOFILMS,20111228,72.8,73.4,71.8,72.25,6348
COX&KINGS,20111228,162.65,163,157.5,158.95,55335
CREATIVEYE,20111228,3.85,3.85,3.7,3.8,151
CRESTANI,20111228,28.45,28.45,27.1,28.4,68169
CREWBOS,20111228,24.85,24.85,23.3,23.65,28654
CRISIL,20111228,850.3,866,850.3,864.25,18770
CROMPGREAV,20111228,122.2,126,121.2,124.55,950915
CRONIMET,20111228,17.5,18.7,17.5,18.2,34922
CTE,20111228,8.15,8.15,8.15,8.15,120
CUB,20111228,43.5,43.5,41.7,42.25,159259
CUBEXTUB,20111228,8.05,9.2,8.05,8.8,3
CUMMINSIND,20111228,336.35,349.35,331.2,342.8,268259
CURATECH,20111228,46.3,46.3,46.3,46.3,75
CYBERMEDIA,20111228,11.45,12,9.9,9.95,258
CYBERTECH,20111228,10.3,10.3,10,10,98
DAAWAT,20111228,44.9,46.6,40.3,40.65,101500
DABUR,20111228,103,105.5,102,104.6,1414185
DALMIABEL,20111228,117.9,118.45,116.7,117.85,6818
DALMIASUG,20111228,13.05,13.7,13,13.1,6767
DATAMATICS,20111228,24.25,25.55,23.55,23.55,6743
DBCORP,20111228,190.45,196.45,190.45,193.3,6423
DBREALTY,20111228,48,48.4,46.8,48.15,75578
DCB,20111228,33.8,34.3,32.85,33.15,1683544
DCHL,20111228,38.75,38.75,36.05,36.3,347533
DCM,20111228,42.2,45.85,42.2,44,16818
DCMSRMCONS,20111228,40,40,39.7,40,6505
DCW,20111228,7.9,7.9,7.6,7.65,40972
DECCANCE,20111228,132.1,139.5,132.1,139,256
DEEPAKFERT,20111228,126.05,126.05,121,121.3,11392
DEEPAKNTR,20111228,159,159,158.9,158.95,2
DEEPIND,20111228,56,60.5,56,59.05,65267
DELTACORP,20111228,58.95,59.5,57.8,58.55,4696075
DEN,20111228,49.2,50.1,48.6,49.4,32793
DENABANK,20111228,52.8,53,50.6,51.3,756627
DENORA,20111228,88.9,92,85,91.7,5749
DENSO,20111228,49,50.9,47.5,50.15,910
DEWANHOUS,20111228,197.65,197.65,191.55,192.9,247478
DHAMPURSUG,20111228,30.1,30.15,29.15,29.95,180861
DHANBANK,20111228,48.95,48.95,46,46.45,446414
DHANUKA,20111228,88.35,92,88.35,92,3683
DHARSUGAR,20111228,20,22.1,18.5,20.45,1520
DIAPOWER,20111228,82,83.45,79.5,80.25,7727
DICIND,20111228,198,198,186.5,191,245
DIGJAM,20111228,6.85,6.85,6.6,6.65,13297
DISHMAN,20111228,38,38,36.5,36.6,27272
DISHTV,20111228,62.5,62.5,60.15,60.65,1009508
DIVISLAB,20111228,767,784.5,766.95,781.8,289619
DLF,20111228,190.5,194.9,186.6,192.6,5126088
DLINKINDIA,20111228,16,16,15.35,15.65,9645
DOLPHINOFF,20111228,64,64.8,62,63.05,1215
DONEAR,20111228,19.4,19.4,16.75,18.75,1363
DPSCLTD,20111228,19.1,20.85,19.1,19.1,43242
DPTL,20111228,110.45,110.45,105,105.35,990
DQE,20111228,23.95,23.95,22.55,23.05,2968
DREDGECORP,20111228,205,205,200,201.25,3667
DRREDDY,20111228,1581.95,1588.9,1556,1566.8,101094
DSKULKARNI,20111228,52.1,52.2,50.45,51.85,6827
DUNCANSIND,20111228,9.05,9.15,8.8,9.15,3069
DWARKESH,20111228,31,32,31,31.45,5073
DYNAMATECH,20111228,953,1015,953,1007,60
EASTSILK,20111228,4.05,4.1,4,4.1,2355
EASUNREYRL,20111228,51,53.4,50,50.1,3564
ECEIND,20111228,75.05,76.95,71,71.55,3199
ECLERX,20111228,692.1,714,692.1,700.35,2036
EDELWEISS,20111228,27.05,27.8,26.5,27.65,121039
EDL,20111228,53.15,55.25,53.15,54.85,7050
EDSERV,20111228,48.55,48.55,43.95,43.95,161054
EDUCOMP,20111228,196.6,196.8,188.9,192.3,1254360
EICHERMOT,20111228,1500,1504,1463.05,1499.55,11105
EIDPARRY,20111228,195,195,190.1,191.35,51925
EIHAHOTELS,20111228,141.9,143.95,140,140,752
EIHOTEL,20111228,84,84.65,83,84.15,29717
EIMCOELECO,20111228,152,160,152,160,153
EKC,20111228,30,30,26.7,26.95,852028
ELDERPHARM,20111228,353,359.9,347.65,350.8,36105
ELECON,20111228,53.65,54.5,53,53.5,33955
ELECTCAST,20111228,17.7,18.35,17.65,18.05,89434
ELECTHERM,20111228,91.1,91.1,91.1,91.1,1623
ELFORGE,20111228,7.8,8.7,7.75,7.75,1060
ELGIEQUIP,20111228,67.6,69,67.5,67.7,1983
ELGIRUBCO,20111228,20,20,19,19,636
ELNET,20111228,29.9,29.9,26.05,26.45,166
EMAMIINFRA,20111228,18.45,18.45,17.05,17.3,7477
EMAMILTD,20111228,350.05,354.05,345.1,350.95,95406
EMCO,20111228,29,29,28.15,28.65,6243
EMKAY,20111228,40,41,39.5,40.5,800
EMMBI,20111228,13.6,13.6,12.25,12.4,6907
EMPEESUG,20111228,11.5,11.7,11.35,11.7,531
ENERGYDEV,20111228,32,32.5,30.55,30.65,890
ENGINERSIN,20111228,202.95,202.95,199.55,201.4,28497
ENIL,20111228,218.1,224.9,214.6,215.55,3955
ENTEGRA,20111228,11.4,12,11.4,11.7,3354
EONELECT,20111228,35.2,35.2,33,33.85,6238
ERAINFRA,20111228,139.15,140.6,136.3,139.55,225060
EROSMEDIA,20111228,202.7,204.6,199.25,200.05,36299
ESABINDIA,20111228,455.85,464.2,447.2,458.2,4363
ESCORTS,20111228,68.9,70.1,67.15,68.1,862368
ESL,20111228,5.35,5.75,5.15,5.2,2205505
ESSAROIL,20111228,48.95,49.3,48.1,48.75,575570
ESSARPORTS,20111228,54.8,54.8,51.5,52.3,10222
ESSARSHPNG,20111228,17.7,18.45,16.8,18.25,9640
ESSDEE,20111228,131,134.2,128.3,131,34721
ESSELPACK,20111228,26.3,27.2,26.3,26.95,7680
ESTER,20111228,20.7,21.6,20.25,20.35,4834
EUROCERA,20111228,10.2,10.2,10.2,10.2,20
EUROMULTI,20111228,5.05,5.55,5.05,5.55,1100
EUROTEXIND,20111228,19.05,19.9,19.05,19.9,11
EVEREADY,20111228,24.2,24.2,23.1,23.25,22392
EVERESTIND,20111228,112,112,104.55,107.95,6939
EVERONN,20111228,346,347,340.7,342.2,204705
EXCELCROP,20111228,124.95,124.95,120.95,121.75,2604
EXCELINDUS,20111228,56,56,55.85,55.85,80
EXCELINFO,20111228,16.2,16.2,15,15.8,59808
EXIDEIND,20111228,104.05,104.45,100.5,101.85,1042175
FACT,20111228,22.35,22.6,22,22.25,2741
FAGBEARING,20111228,1010,1030,1002.5,1025.3,590
FAME,20111228,43.2,50.6,41.3,49.85,521735
FARMAXIND,20111228,1.3,1.3,1.3,1.3,13409
FCH,20111228,136,136,128,129,86531
FCSSOFT,20111228,0.4,0.45,0.4,0.45,442050
FDC,20111228,81.6,82.15,79.1,81.3,7844
FEDDERLOYD,20111228,53.05,53.9,52.55,52.85,443
FEDERALBNK,20111228,337.5,337.5,322.25,327,863035
FIEMIND,20111228,138,149.75,138,147.2,8796
FILATEX,20111228,28.1,30.45,25.1,26.9,4306
FINANTECH,20111228,546.35,548,525.2,531.05,62723
FINCABLES,20111228,31,31.3,30,30.1,34408
FINPIPE,20111228,48.9,48.9,46,46.6,9275
FIRSTLEASE,20111228,53,54.8,51,53.4,94025
FIRSTWIN,20111228,13.55,13.55,13.55,13.55,350
FKONCO,20111228,88,89,87,87.3,6279
FLEXITUFF,20111228,252.95,258.9,248.15,254.2,135994
FMGOETZE,20111228,206,219.3,202,208.65,2154
FORTIS,20111228,81.15,82.95,76,82,1218941
FOSECOIND,20111228,535.35,539.95,525.1,529,130
FOURSOFT,20111228,7.55,8.05,7.55,7.9,2319
FSL,20111228,6.9,6.9,6.35,6.45,2873948
FUTUREVENT,20111228,9,9.2,9,9.15,321848
GABRIEL,20111228,40.45,40.9,39.5,39.6,11113
GAEL,20111228,19,19.3,17.05,19.05,19110
GAIL,20111228,396.8,398,388.9,395,937795
GAL,20111228,10.95,11.5,10.95,11.5,6605
GALLANTT,20111228,19.65,19.65,17.85,18.15,133315
GALLISPAT,20111228,78.75,78.75,78.75,78.75,910
GAMMNINFRA,20111228,10,10.25,9.9,10,29531
GAMMONIND,20111228,44,44.85,43.2,43.95,11203
GANDHITUBE,20111228,122.05,122.05,122.05,122.05,114
GANESHHOUC,20111228,86,88.9,85.65,87.75,6223
GARDENSILK,20111228,54.6,54.6,51.75,52.05,24755
GARWALLROP,20111228,47.8,48.3,45.95,47.4,2273
GATI,20111228,29.5,29.7,28.85,29.2,54439
GAYAPROJ,20111228,103.85,103.9,98,100.5,992
GDL,20111228,127.9,130.25,124.8,125.75,29567
GEECEE,20111228,30,30.5,29.3,30,2425
GEINDSYS,20111228,127.7,129.5,118.3,120.95,2829
GEMINI,20111228,20.65,21,20.3,20.45,13777
GENESYS,20111228,132.05,138,130.35,133.65,142
GENUSPOWER,20111228,8.6,8.6,7.95,8.1,25475
GEODESIC,20111228,44,44.65,43.75,44.1,110846
GEOJITBNPP,20111228,15.35,16.45,15.2,15.35,32688
GEOMETRIC,20111228,46.75,46.75,44.8,45.35,17956
GESHIP,20111228,196.5,196.5,187.35,188.4,54458
GHCL,20111228,28.85,28.95,28.25,28.35,22983
GICHSGFIN,20111228,72,72,70.25,71.35,21195
GILLANDERS,20111228,62.5,62.5,60.5,62.1,1613
GILLETTE,20111228,1944,1944,1880.15,1934.75,627
GINNIFILA,20111228,5.1,5.25,4.9,5.2,6202
GIPCL,20111228,68.3,68.3,65.5,65.65,4199
GITANJALI,20111228,308.8,312.05,308.8,310.55,265833
GKWLIMITED,20111228,423,434.95,420.85,434.95,32
GLAXO,20111228,1929.85,1936,1881,1927.8,7072
GLENMARK,20111228,281.55,283.3,279.15,281.1,144671
GLOBALVECT,20111228,14.5,14.5,13.3,14.25,452
GLOBOFFS,20111228,68,69,64.4,66.8,2271
GLOBUSSPR,20111228,97.3,100,97.3,99.15,7645
GLODYNE,20111228,249.55,251.7,240.25,243.9,130842
GLORY,20111228,2.6,2.7,2.55,2.6,20287
GMBREW,20111228,60,62,59.4,61.9,537
GMDCLTD,20111228,161.9,163.4,157.55,161.5,136807
GMRINFRA,20111228,19.5,20.35,19.25,19.9,4176142
GNFC,20111228,74.15,75.3,73.8,74.75,17198
GOACARBON,20111228,70,70,67.75,68.25,1030
GODFRYPHLP,20111228,2626,2626,2575,2580.8,130
GODREJCP,20111228,386.55,395,386.55,392.05,698293
GODREJIND,20111228,172.85,173.5,169.05,170.3,182788
GODREJPROP,20111228,618,629.9,613.2,618.65,2767
GOENKA,20111228,33.3,33.4,32.6,32.85,4386
GOKEX,20111228,78.85,78.85,72.3,76.75,310
GOKUL,20111228,79,83.6,77,79.9,30529
GOLDBEES,20111228,2635,2640.5,2625.2,2632.7,37114
GOLDENTOBC,20111228,31.95,32.65,30.7,30.9,1686
GOLDIAM,20111228,25,27.85,24.5,25.5,386
GOLDINFRA,20111228,9.15,9.6,9.15,9.25,2865
GOLDSHARE,20111228,2630,2630,2619,2620.9,2946
GOLDTECH,20111228,6.8,6.8,6.35,6.45,6031
GPIL,20111228,70.55,73,70.55,71.3,14471
GPPL,20111228,54,54.7,51.8,54,29356
GRABALALK,20111228,17.55,17.55,16.25,17,11
GRANULES,20111228,61.05,62.35,61,61,472
GRAPHITE,20111228,69,69,67.5,67.55,3788
GRASIM,20111228,2470,2479.9,2445,2459.35,29954
GRAVITA,20111228,373.1,383.95,365.6,368.2,152049
GREAVESCOT,20111228,76.6,79.85,75.3,76,14877
GREENPLY,20111228,154.95,155,145.1,145.65,2341
GREENPOWER,20111228,8.3,8.5,8.05,8.1,476624
GRINDWELL,20111228,212.45,212.45,211.1,211.5,431
GRUH,20111228,528,538.65,522.3,526.8,11520
GSFC,20111228,353.95,353.95,342.5,347.45,45418
GSKCONS,20111228,2506,2526,2506,2518.25,24667
GSLNOVA,20111228,2.5,2.5,2.2,2.25,1586
GSPL,20111228,83.2,83.4,80.85,81,441502
GSS,20111228,47.3,47.3,47.3,47.3,3438
GTL,20111228,39.8,39.8,36.5,38.85,4465519
GTLINFRA,20111228,9,9.55,9,9.35,1972047
GTNIND,20111228,9.7,9.7,9.5,9.5,206
GTNTEX,20111228,8.7,8.7,8.7,8.7,3
GTOFFSHORE,20111228,80,80.4,76.8,78.7,229331
GUFICBIO,20111228,4.75,5,4.75,4.75,678
GUJALKALI,20111228,130,131.45,129.05,130.65,15637
GUJAPOLLO,20111228,128,129.7,125.35,128.7,8701
GUJFLUORO,20111228,374.5,374.5,339.65,347.15,329670
GUJNRECOKE,20111228,16.3,16.4,16,16.2,801552
GUJNREDVR,20111228,11.5,11.8,11.5,11.6,5453
GUJRATGAS,20111228,348,357.9,343.5,353.5,38532
GUJSIDHCEM,20111228,7.3,7.3,7.05,7.1,23527
GULFOILCOR,20111228,59,60.2,56.8,57.1,54552
GVKPIL,20111228,11.3,11.55,11.1,11.35,11080642
HALONIX,20111228,53,53,49.5,49.65,441
HANUNG,20111228,105,105.5,100.25,102.5,1399025
HARRMALAYA,20111228,55.2,62.7,55.2,57.9,318069
HATHWAY,20111228,112.3,113.95,111.75,113.55,53130
HAVELLS,20111228,390.85,390.9,383.05,385.7,141161
HBLPOWER,20111228,15.5,15.65,15.15,15.55,39797
HBSTOCK,20111228,9.3,9.3,9.3,9.3,27
HCC,20111228,17.5,17.6,17,17.25,1286230
HCIL,20111228,48.4,48.5,47.05,47.9,4103
HCL-INSYS,20111228,41.7,41.9,41.1,41.15,60171
HCLTECH,20111228,392.5,393.9,383.6,391.85,600387
HDFC,20111228,675,675.8,658.3,660.85,1422488
HDFCBANK,20111228,442.5,443,433.05,439.8,1917085
HDFCMFGETF,20111228,2694,2700,2685,2696.9,1270
HDIL,20111228,58.1,59.15,56.3,56.9,3683349
HEG,20111228,159.45,159.45,151.1,154.9,2196
HEIDELBERG,20111228,27.8,27.8,26,26.1,10759
HELIOSMATH,20111228,20.15,20.15,19.5,19.65,5661
HERCULES,20111228,212.2,220.5,212.2,213.8,24189
HERITGFOOD,20111228,150,152.95,147,152.95,546
HEROMOTOCO,20111228,1906,1919.9,1886.95,1910.65,422058
HEXAWARE,20111228,76.05,76.65,73.35,73.95,1420215
HFCL,20111228,11.25,11.35,10.75,10.85,630244
HGS,20111228,298.5,301.55,293.5,293.65,1813
HIKAL,20111228,235.95,235.95,230,230,221
HILTON,20111228,10.95,11.05,10.95,11.05,730
HIMATSEIDE,20111228,23.4,24.4,23.35,23.75,327
HINDALCO,20111228,119,120.1,115.75,116.6,7637676
HINDCOPPER,20111228,170.95,170.95,164.25,165.65,14900
HINDDORROL,20111228,23.75,24.1,23.7,23.8,33465
HINDMOTORS,20111228,8.3,8.5,8.25,8.25,54495
HINDNATGLS,20111228,145,145,142.5,144,139
HINDOILEXP,20111228,91.6,92.85,89.6,91.05,684311
HINDPETRO,20111228,258.25,260.05,251.3,254.1,181930
HINDUJAFO,20111228,63.2,63.25,59,59.35,422
HINDUJAVEN,20111228,313,324.65,307.95,309.3,329
HINDUNILVR,20111228,416.95,418,410.7,411.65,2100950
HINDZINC,20111228,123.75,123.8,118.5,119.15,457883
HIRAFERRO,20111228,23.1,26,23,25.5,1850
HIRECT,20111228,40.05,40.8,39.8,39.8,2671
HITACHIHOM,20111228,96.1,98.95,96.1,97.55,1633
HITECHGEAR,20111228,121,121,120,120.25,21
HITECHPLAS,20111228,54.2,59,52.05,56.15,228
HMT,20111228,29.7,29.9,28.3,29,38171
HMVL,20111228,130,130,123.05,123.9,992
HNGSNGBEES,20111228,1324.99,1324.99,1316,1316,86
HOCL,20111228,16.35,16.35,15.65,15.75,31193
HONAUT,20111228,1725.05,1747.9,1725,1739.9,253
HONDAPOWER,20111228,275,279.8,275,275.55,543
HOPFL,20111228,46.5,49.9,46.2,46.65,331
HORIZONINF,20111228,220.9,225,205,222.7,1314
HOTELEELA,20111228,29.5,30,28.85,29.5,399709
HOTELRUGBY,20111228,5.05,5.05,5.05,5.05,100
HOVS,20111228,37.55,38,35.3,36.05,8400
HSIL,20111228,123.15,125.6,123.15,123.85,18547
HTMEDIA,20111228,119.95,130.5,117,125.05,31705
HUBTOWN,20111228,180.55,183,178,178.75,2689
HYDRBADIND,20111228,270.1,273.75,269,270.55,6237
HYDROS&S,20111228,13.9,14.6,13.9,14.5,58
IBPOW,20111228,8.5,8.75,8.4,8.5,237389
IBREALEST,20111228,45.5,46.95,43.6,46.45,9590026
IBSEC,20111228,5.7,5.8,5.6,5.75,196759
IBWSL,20111228,4.4,4.75,4.4,4.65,62667
ICICIBANK,20111228,720.7,720.8,694.35,697.35,3731427
ICIL,20111228,8.1,8.1,7,8,190
ICRA,20111228,800,812,800,804.15,2985
ICSA,20111228,21.4,21.5,19.8,21,972955
IDBI,20111228,82.3,82.3,80.2,81.25,893749
IDBIGOLD,20111228,2781.95,2781.95,2746,2760.5,85
IDEA,20111228,79.15,81.65,78.75,81.2,7378582
IDFC,20111228,96.5,96.9,93.65,95.05,4414935
IFBAGRO,20111228,139,145.4,139,140.8,2291
IFBIND,20111228,60.4,60.9,59,59.25,7181
IFCI,20111228,23.7,25.45,23.25,25.35,27096962
IFGLREFRAC,20111228,33,34.9,32.6,33.7,3351
IGARASHI,20111228,32.2,34,32.2,34,1118
IGL,20111228,375.6,375.6,362,365,56147
IGPL,20111228,16.8,16.85,15.5,15.5,101
IIFLNIFTY,20111228,474.5,474.5,468.1,470.17,5889
IL&FSENGG,20111228,56.95,57,54.15,54.55,8397
IL&FSTRANS,20111228,148,150,146.55,147.35,14447
IMFA,20111228,232.1,235.75,225,234.3,291
IMPEXFERRO,20111228,5.85,5.85,5.85,5.85,101
INDBANK,20111228,7.05,7.8,6.55,6.8,24047
INDHOTEL,20111228,54.15,54.75,52.65,53.85,551381
INDIABULLS,20111228,131.55,133.55,130.5,132.2,327760
INDIACEM,20111228,69.65,70.3,69.05,69.7,372705
INDIAGLYCO,20111228,114.85,114.85,112.1,113.5,11748
INDIAINFO,20111228,49.3,49.3,45.8,46.8,203641
INDIANB,20111228,184.95,186.9,181,182.3,265269
INDIANCARD,20111228,78.6,84.55,78.6,83.6,102
INDIANHUME,20111228,87.05,91,85,85.05,1313
INDLMETER,20111228,51,53,45,52.45,1576
INDNIPPON,20111228,154.2,154.2,150.95,151.8,115
INDOCO,20111228,415,429.95,415,422.35,2381
INDORAMA,20111228,24.15,26,24.15,25.4,34220
INDOSOLAR,20111228,5.3,5.35,5.1,5.25,66424
INDOTECH,20111228,77.1,79,75,76.25,1327
INDOTHAI,20111228,10.65,10.9,10.55,10.65,44462
INDOWIND,20111228,6,6.15,5.7,5.75,689409
INDRAMEDCO,20111228,42,42,40.3,41.35,71971
INDSWFTLAB,20111228,89,94.9,84.6,92.5,151653
INDSWFTLTD,20111228,24,24.9,23.75,24.6,11908
INDTERRAIN,20111228,80,83.5,77.2,83.5,1423
INDUSFILA,20111228,10.5,11,10.1,10.65,1344
INDUSINDBK,20111228,236.05,238.85,231,232.6,217291
INEABS,20111228,586,592,586,589.4,881
INFINITE,20111228,59.8,61.25,59.8,59.95,2235
INFODRIVE,20111228,7.45,7.5,7.1,7.5,31
INFOMEDIA,20111228,9.55,9.85,8.75,9.05,22581
INFOTECENT,20111228,109.95,110.5,108.3,110.15,2587
INFRABEES,20111228,214,217.4,211.8,217.4,150
INFY,20111228,2769,2804,2751.55,2782,856406
INGERRAND,20111228,382.5,384,376,381.5,4123
INGVYSYABK,20111228,290.75,293.75,290.75,292.6,8086
INNOIND,20111228,81.8,85,81.8,84.25,2057
INOXLEISUR,20111228,44.1,44.5,40.6,41.45,419926
INSECTICID,20111228,402,406,397,401.05,37950
INVENTURE,20111228,154,154,149.1,149.85,837
IOB,20111228,79,79,75.5,76.05,355691
IOC,20111228,257.85,259.4,252.1,253.05,437676
IOLCP,20111228,19.45,20,19.45,19.55,7940
IOLN,20111228,6.8,7,6.8,6.85,1696
IPCALAB,20111228,271,278.5,271,276.95,22198
IPGETF,20111228,2712,2718,2695,2715.75,309
IPRINGLTD,20111228,44,45.95,44,45.95,31
IRB,20111228,139.75,140.8,134,136.7,697583
ISFT,20111228,50,51.5,50,51,438
ISMTLTD,20111228,24.5,24.5,23.8,23.8,28809
ITC,20111228,205.6,205.7,201.5,202.05,3133062
ITDCEM,20111228,118.5,118.5,112,114.8,832
ITI,20111228,18.1,18.55,17.5,17.65,58369
IVC,20111228,26.8,27.4,25.1,25.8,29169
IVP,20111228,41,41,41,41,20
IVRCLAH,20111228,22.3,22.8,21.65,22,7350
IVRCLINFRA,20111228,29,29,28.1,28.4,2809773
J&KBANK,20111228,686.6,686.6,661,670.2,4506
JAGRAN,20111228,92,93.4,91,93.05,4756
JAGSNPHARM,20111228,10.65,10.65,10.35,10.4,428
JAIBALAJI,20111228,35,35,32.85,33.4,108801
JAICORPLTD,20111228,53.6,54.65,52.4,52.8,210438
JAINSTUDIO,20111228,6.75,7.35,6.75,6.75,1166
JAMNAAUTO,20111228,84,89.95,84,89.95,101
JAYAGROGN,20111228,81.5,81.5,80.05,80.05,1004
JAYBARMARU,20111228,39.9,42.4,39.75,41.4,493
JAYNECOIND,20111228,12.2,12.6,11.85,11.9,44749
JAYSREETEA,20111228,89.45,90.85,85.5,86,168443
JBCHEPHARM,20111228,65.35,66,64.1,64.3,15767
JBFIND,20111228,96.1,97.2,92.85,94.1,13881
JCTEL,20111228,0.85,0.85,0.8,0.85,10069
JENSONICOL,20111228,3,3,2.85,2.9,5082
JETAIRWAYS,20111228,176.5,176.5,171.1,173.25,824312
JHS,20111228,33.5,34.9,31.3,32.6,19158
JIKIND,20111228,4.45,4.45,3.85,4.05,553
JINDALPHOT,20111228,121,123.85,116.85,118.1,10110
JINDALPOLY,20111228,173.6,173.75,166.2,167.25,59366
JINDALSAW,20111228,125.95,126.2,119.85,124.4,188453
JINDALSTEL,20111228,489.4,491.15,445.2,454.95,4667061
JINDALSWHL,20111228,400,400,377.6,380.65,69734
JINDCOT,20111228,58.4,60,56.4,57.85,137660
JINDRILL,20111228,292.5,300.5,290.05,291.9,1091
JINDWORLD,20111228,79.95,80,77,77,292
JISLDVREQS,20111228,33.85,36.7,33.85,36.5,269384
JISLJALEQS,20111228,85,95,84.6,93.85,7636721
JKCEMENT,20111228,101,102.45,99.5,99.9,237450
JKIL,20111228,161,167,157.55,164.75,12801
JKLAKSHMI,20111228,39.25,39.25,36.6,37.85,149814
JKPAPER,20111228,35.9,39,33.7,34,230034
JKTYRE,20111228,62.25,62.9,59.15,59.9,47920
JMCPROJECT,20111228,94.35,94.35,89.55,90.9,494
JMFINANCIL,20111228,12.2,12.4,11.8,12.1,164649
JMTAUTOLTD,20111228,53,53,52,52,4001
JOCIL,20111228,92.2,94.9,92.2,93.5,475
JPASSOCIAT,20111228,53.8,54.35,52.35,53.6,13192322
JPINFRATEC,20111228,35.1,35.4,34.1,34.4,359900
JPPOWER,20111228,35.6,36.3,34.75,35.9,1244358
JSL,20111228,74,74.2,72.3,73.9,433549
JSWENERGY,20111228,38,38.6,37.1,37.75,466681
JSWISPAT,20111228,9.9,10,9.45,9.5,4669009
JSWSTEEL,20111228,503,519.9,493.15,513.8,2541179
JUBILANT,20111228,170,176,168,174.8,172439
JUBLFOOD,20111228,759.1,763.95,740.65,749.55,882495
JUBLINDS,20111228,178,178,171.1,173,1051
JUMBO,20111228,12.65,12.65,12.6,12.6,1200
JUNIORBEES,20111228,84.95,85.05,83.03,83.59,19828
JUPITER,20111228,8.85,9.1,8.8,8.9,48563
JVLAGRO,20111228,14.1,14.7,13.85,14.65,21082
JYOTHYLAB,20111228,160,160,155.1,156.85,56946
JYOTISTRUC,20111228,38.75,38.75,37.5,37.9,25255
KABRAEXTRU,20111228,32.7,33.9,32.7,33.35,3192
KAJARIACER,20111228,100.1,103.2,100.1,101.35,29221
KAKATCEM,20111228,63,63,63,63,30
KALECONSUL,20111228,103.45,103.45,99.55,100.2,2027
KALINDEE,20111228,101.45,101.45,96.25,97.45,125021
KALPATPOWR,20111228,92,92.6,90.9,92.3,3947
KAMATHOTEL,20111228,107,108.95,106,107.4,6116
KANANIIND,20111228,142,142.1,139.05,139.05,100
KANDAGIRI,20111228,47,47,47,47,25
KANORICHEM,20111228,25.3,25.75,24.7,25.45,14596
KANSAINER,20111228,851.95,858.85,841.8,848,403
KARURKCP,20111228,16.45,18.6,15.5,17.35,466
KARURVYSYA,20111228,347,350,345.65,349,27230
KAUSHALYA,20111228,6,6.2,5.75,5.8,3156
KAVVERITEL,20111228,127,130.6,127,129.45,106880
KBIL,20111228,697.5,697.5,675,675,359
KCP,20111228,23.9,23.9,23.1,23.35,1499
KCPSUGIND,20111228,14.15,14.4,13.8,14.3,12075
KEC,20111228,38,38,36.35,36.55,57182
KECL,20111228,35.7,35.7,32.25,33.05,1680
KEI,20111228,12.85,13.15,12.75,13.1,7858
KEMROCK,20111228,515,521,504.9,517.4,19664
KERNEX,20111228,64.3,65.45,61,61.45,37287
KESARENT,20111228,41,41,40.5,40.55,60
KESORAMIND,20111228,85.5,87.5,83.35,86.65,7034
KFA,20111228,21.25,21.25,20.25,20.55,1784628
KGL,20111228,4.85,5,4.6,4.6,1450848
KHAITANELE,20111228,79,79,71.05,71.65,43
KHAITANLTD,20111228,17,17,17,17,4
KICL,20111228,384,384.9,355.05,358.2,72
KIL,20111228,11.05,12,11.05,11.95,6577
KILITCH,20111228,48,48,44.1,44.2,303
KINETICMOT,20111228,10.9,11,10.5,10.75,3682
KIRIINDUS,20111228,56.5,58.9,55.45,56.2,2712
KIRLOSBROS,20111228,121,126.6,118,122.75,6716
KIRLOSENG,20111228,113.1,116.9,112.05,112.9,1100
KIRLOSIND,20111228,255,255,234.1,234.25,142
KITPLYIND,20111228,2.7,2.8,2.55,2.6,960
KKCL,20111228,625,670,620,657.5,550
KLGSYSTEL,20111228,20.05,20.4,19.55,19.85,11618
KLRF,20111228,25.55,25.55,24,24.2,211
KMSUGAR,20111228,2,2,2,2,140
KNRCON,20111228,95.4,100.95,95.35,99.5,3854
KOHINOOR,20111228,32.5,32.85,30.2,30.55,27803
KOLTEPATIL,20111228,31.4,31.5,30.05,30.45,5492
KOPRAN,20111228,13.55,13.8,13.05,13.15,17657
KOTAKBANK,20111228,449.95,457.8,442,454.3,1026880
KOTAKGOLD,20111228,2646.05,2661.75,2640,2644.5,1973
KOTAKNIFTY,20111228,484.5,484.5,475,476.5,436
KOTAKPSUBK,20111228,285,285,276,278.55,165
KOTARISUG,20111228,5.8,6.9,5.65,5.65,12837
KOTHARIPET,20111228,5.75,6.1,5.75,6.1,745
KOTHARIPRO,20111228,370,370,366.9,366.9,108
KOUTONS,20111228,15.4,15.45,15.15,15.35,15222
KPIT,20111228,149.25,151.4,143.35,145.1,39105
KPRMILL,20111228,80.15,83,80.15,82.8,1715
KRBL,20111228,14.55,14.6,14.05,14.15,179242
KRISHNAENG,20111228,2.05,2.35,2,2.35,2425
KSBPUMPS,20111228,154.9,154.9,147.25,147.95,2728
KSCL,20111228,470,472,455.25,460.05,16311
KSE,20111228,205.55,219.95,205.55,219.95,200
KSERASERA,20111228,2.3,2.3,2.25,2.25,39767
KSK,20111228,36.15,37.95,34.5,37.3,651523
KSL,20111228,36.3,36.55,34.6,35.05,11666
KSOILS,20111228,6.55,6.6,6.05,6.1,4246839
KTKBANK,20111228,67,67.7,65.65,66.15,513123
KWALITY,20111228,34.1,34.1,34.1,34.1,24375
L&TFH,20111228,43.65,44,43.2,43.6,128220
LAKPRE,20111228,27.15,34.4,27.15,33.6,241
LAKSHMIEFL,20111228,15.95,15.95,15.15,15.35,10123
LAKSHMIMIL,20111228,1528,1528,1470,1470,18
LAKSHVILAS,20111228,83.4,83.6,82.8,83.3,20361
LANCOIN,20111228,21,22,19.5,21.15,9356
LAOPALA,20111228,98.15,100,96.3,97.3,4236
LAXMIMACH,20111228,1450.2,1474,1450.2,1469.05,1083
LCCINFOTEC,20111228,0.35,0.45,0.35,0.45,13684
LGBBROSLTD,20111228,291,291,283.65,284.2,1288
LGBFORGE,20111228,2.65,2.85,2.65,2.75,17689
LIBERTSHOE,20111228,61.45,61.45,59,59.15,3335
LICHSGFIN,20111228,222.1,227.35,221.9,226.15,1345957
LIQUIDBEES,20111228,1000,1000.01,999.99,999.99,387274
LITL,20111228,10,10,9.45,9.55,6541258
LLOYDELENG,20111228,37.5,38.2,37,37.2,3902
LLOYDFIN,20111228,0.8,0.9,0.8,0.85,5024
LLOYDSTEEL,20111228,8.8,9,8.3,8.4,111866
LML,20111228,7.5,7.5,7.25,7.25,123428
LOGIXMICRO,20111228,17.3,18.45,17.2,18,15497
LOKESHMACH,20111228,39,40.35,38.3,39.75,5553
LOTUSEYE,20111228,7,7.25,6.8,7.15,6302
LOVABLE,20111228,327.75,329.2,311.3,313.45,445374
LPDC,20111228,1.95,2.1,1.95,2.1,345
LT,20111228,1024,1034.3,1007.1,1029.35,1431232
LUMAXAUTO,20111228,25.1,26.9,25.1,26.3,599
LUMAXIND,20111228,370.25,376.8,368,371.2,6852
LUMAXTECH,20111228,141,150.1,135.7,144.65,37630
LUPIN,20111228,432.4,438,419.55,436.7,634394
LYKALABS,20111228,9.25,9.25,8.95,9,1112
M&M,20111228,704.8,708,683.35,687.4,1129466
M&MFIN,20111228,600.35,616.95,597,601.4,12211
M100,20111228,6.17,6.17,6.02,6.08,14414
M50,20111228,59.3,62.4,59.3,60.6,9778
MAANALU,20111228,37.95,39.25,37.95,38.45,216
MADHUCON,20111228,53.35,53.35,50.8,51.3,3977
MADRASCEM,20111228,102.5,104.85,102.5,104.05,8202
MADRASFERT,20111228,16.3,16.9,16.3,16.6,12377
MAGMA,20111228,53.85,54.5,52,54.5,43776
MAGNUM,20111228,2.7,3.05,2.65,3,8990
MAHABANK,20111228,41,41.45,38.25,38.45,213068
MAHINDFORG,20111228,52.4,52.4,46.7,47.1,13688
MAHINDUGIN,20111228,44.1,44.1,43.3,43.3,1219
MAHLIFE,20111228,246.05,249.95,246,247.1,1821
MAHSCOOTER,20111228,288,295,288,291.5,11
MAHSEAMLES,20111228,327,330.35,323,323.2,3672
MAITHANALL,20111228,82.5,82.75,82.5,82.75,1015
MALUPAPER,20111228,9.9,10.25,9.9,10,164
MALWACOTT,20111228,18.75,19.8,18.7,19.75,769
MANAKSIA,20111228,44.4,44.5,43.5,43.9,2373
MANALIPETC,20111228,8.2,8.4,8.15,8.2,38898
MANAPPURAM,20111228,46.2,47.9,46.1,46.85,377678
MANDHANA,20111228,218.55,219.95,215.3,217.95,106860
MANGALAM,20111228,10.3,10.85,10.25,10.3,10354
MANGCHEFER,20111228,35,35.25,35,35,111346
MANGLMCEM,20111228,87,88,79.4,81.6,27139
MANGTIMBER,20111228,20.55,24,20.4,23.55,40792
MANINDS,20111228,105.85,108.5,102.4,103.5,3320
MANINFRA,20111228,96.5,96.5,94,94.6,1922
MANJUSHREE,20111228,76,76.5,73.7,75.8,24961
MANUGRAPH,20111228,45.05,48,45.05,47.05,223
MARALOVER,20111228,9,9,9,9,500
MARG,20111228,82.7,82.7,79.6,80.4,62294
MARICO,20111228,146.35,147.9,144.15,146.75,187406
MARKSANS,20111228,1.75,1.8,1.7,1.75,32847
MARUTI,20111228,964.9,972.2,950.25,959.3,232279
MASTEK,20111228,78,79,77.25,77.75,4277
MAWANASUG,20111228,16.5,16.5,13.6,14.65,3532
MAX,20111228,149.95,150,143,145.75,128088
MAXWELL,20111228,21.65,22,21.5,21.6,1687
MBECL,20111228,84,84,81.65,82.2,1861
MBLINFRA,20111228,106.3,115.95,105,114.4,7277
MBSWITCH,20111228,64,68,64,65.8,24691
MCDHOLDING,20111228,37.5,38.6,36.3,36.8,5966
MCDOWELL-N,20111228,574,574,543.2,548.65,484504
MCLEODRUSS,20111228,186.1,187.3,180.15,181.9,171810
MEGASOFT,20111228,10.35,10.35,10,10.2,92
MEGH,20111228,8.5,8.6,8.3,8.35,9076
MELSTAR,20111228,5.65,5.65,5.65,5.65,19
MERCATOR,20111228,17,17.2,15.6,16.3,1075387
MERCK,20111228,593.1,602,588,596.1,1343
MHRIL,20111228,312,312,290.15,296.45,6275
MIC,20111228,6.05,6.2,6,6.1,79594
MICROSEC,20111228,27,27.3,27,27,2662
MICROTECH,20111228,157.5,157.9,153,155.55,49616
MINDAIND,20111228,151,151,148.05,148.05,10
MINDTREE,20111228,396,402,396,397.7,9292
MIRCELECTR,20111228,16,16.6,16,16.15,8583
MIRZAINT,20111228,16.45,16.6,16.1,16.55,33195
MMFL,20111228,81.1,85.35,81.1,81.7,579
MMFSL,20111228,84,84,82.35,82.55,3593
MMTC,20111228,489.15,492.5,478.65,480.45,2569
MOIL,20111228,229.2,230.5,220.5,229.15,32420
MONNETISPA,20111228,364.7,365,355,360.3,12450
MONSANTO,20111228,660.3,668,657.3,660.6,705
MORARJETEX,20111228,9.8,10.1,9.15,10,1808
MOREPENLAB,20111228,2.75,2.9,2.7,2.85,96204
MOSERBAER,20111228,14.65,14.7,14.05,14.45,246426
MOTHERSUMI,20111228,138,138,134.05,135.65,8361
MOTILALOFS,20111228,81.05,81.95,78.55,78.95,836
MOTOGENFIN,20111228,35.05,38,35.05,36.25,2151
MPHASIS,20111228,303.35,308,298.7,300.15,131249
MPSLTD,20111228,36.15,36.3,36.15,36.3,46091
MRF,20111228,6847.9,6860,6590.05,6613.2,6095
MRO-TEK,20111228,8,8.4,8,8.3,7032
MRPL,20111228,54,54.05,50.25,50.7,359952
MSPL,20111228,31.5,31.5,29.7,29.95,4380
MTNL,20111228,24.3,24.35,22.35,23,535593
MUDRA,20111228,15.55,15.55,15.2,15.3,2963
MUKANDENGG,20111228,22,22.25,20.55,21.75,1590
MUKANDLTD,20111228,28.1,28.1,27,27.25,17877
MUKTAARTS,20111228,30,30,30,30,7
MUNDRAPORT,20111228,126.65,126.65,119.25,120.6,581843
MUNJALAU,20111228,187,187,179.05,181.3,1584
MUNJALSHOW,20111228,62.05,64.15,62.05,63.7,2517
MURUDCERA,20111228,14.5,14.55,13.7,13.8,433
MUTHOOTFIN,20111228,156.6,156.6,155.1,155.4,26315
MVL,20111228,20,20.3,18.55,19.8,257937
MVLIND,20111228,10,10,9.7,9.7,2
MYSOREBANK,20111228,433.55,435,420.95,424.15,1067
N100,20111228,120.5,120.75,117,120.74,2323
NAGREEKCAP,20111228,16.55,16.55,15.5,15.55,201
NAGREEKEXP,20111228,14.1,14.1,13.2,13.75,2902
NAHARCAP,20111228,42.55,42.55,40.05,40.05,13
NAHARINDUS,20111228,33.9,33.9,31.35,33.5,351
NAHARPOLY,20111228,19,19.4,18.8,19,196
NAHARSPING,20111228,47.2,56,45.9,54,220644
NANDAN,20111228,1.8,1.8,1.75,1.75,26985
NATCOPHARM,20111228,235.75,235.8,230.05,230.5,3280
NATHSEED,20111228,8,8.4,7.8,8,1687
NATIONALUM,20111228,50.3,50.3,48,48.3,128302
NATNLSTEEL,20111228,13.15,13.6,13.15,13.35,1172
NAUKRI,20111228,572.25,582.95,559.35,561.85,1430
NAVINFLUOR,20111228,305,305,278,282,5367
NAVNETPUBL,20111228,53.25,53.7,52.5,52.5,12961
NBVENTURES,20111228,181.45,183,179.05,180.15,5058
NCC,20111228,34.5,34.5,32.25,32.5,1638497
NCLIND,20111228,32.5,32.5,31.7,31.8,11855
NCOPPER,20111228,17.35,18.3,15.35,17.55,32839
NDTV,20111228,30.2,32,28.4,29.75,84140
NECLIFE,20111228,16.3,16.5,16.2,16.2,8148
NEHAINT,20111228,26,26,26,26,45327
NELCAST,20111228,22.5,22.9,22,22.55,12100
NELCO,20111228,40.2,40.4,38.7,38.95,5478
NEPCMICON,20111228,2.7,2.8,2.65,2.65,7903
NESCO,20111228,539,539,522.25,527.8,8919
NESTLEIND,20111228,4210.15,4239,4145,4207.65,135687
NET4,20111228,147.5,149,135.1,147.65,25846
NETWORK18,20111228,38,38.45,37.05,37.45,95147
NEULANDLAB,20111228,82.15,83.25,74.05,75.7,1809
NEXTMEDIA,20111228,3.75,4,3.75,4,1069
NEYVELILIG,20111228,73,73,70.65,71.45,44503
NFL,20111228,52.1,52.75,49.15,49.5,18928
NHPC,20111228,18.7,18.7,18.35,18.5,2867294
NICCO,20111228,1.6,1.6,1.6,1.6,8500
NIFTYBEES,20111228,482,484.36,477,479.84,41353
NIITLTD,20111228,36.75,36.95,35.85,36.05,39882
NIITTECH,20111228,176.05,179.7,173.25,176.2,18143
NILKAMAL,20111228,189.95,190,184,186.05,1302
NIPPOBATRY,20111228,370,370,366,366,119
NITCO,20111228,34.05,34.95,32.75,32.8,4079
NITESHEST,20111228,17.2,17.2,16.4,16.7,8438
NITINFIRE,20111228,26.7,27.4,26.5,27,51878
NITINSPIN,20111228,6,6.15,5.95,6,2891
NMDC,20111228,159.5,160,154.55,157.4,199627
NOCIL,20111228,15.85,15.9,15.35,15.55,46141
NOIDATOLL,20111228,20.05,20.35,19.9,19.95,111973
NORBTEAEXP,20111228,4.95,5.05,4.9,4.9,28
NORTHGATE,20111228,7.45,7.5,7.2,7.35,6543
NOVOPANIND,20111228,33,33,30.8,30.85,311
NRBBEARING,20111228,35.8,38.9,35.6,38.35,12800
NRC,20111228,2.95,3.3,2.95,3.25,2815
NSIL,20111228,545.95,545.95,521,523,32
NTPC,20111228,158,162.4,157.15,161.35,2118610
NUCHEM,20111228,2.1,2.2,2.1,2.1,17916
NUCLEUS,20111228,65,65,61.4,63,14153
NUMERICPW,20111228,159.75,163,159.75,161,2790
NUTEK,20111228,1.45,1.45,1.45,1.45,186460
OBEROIRLTY,20111228,212.45,213.8,204.1,210.25,132964
OCL,20111228,90.65,90.65,87.6,87.95,37
OFSS,20111228,1826,1848,1817,1835.95,16972
OIL,20111228,1156.95,1187.4,1154.5,1158.35,37914
OILCOUNTUB,20111228,48,48.55,48,48.5,1219
OISL,20111228,43,43.5,42.05,42.65,4060
OMAXAUTO,20111228,32.5,33.3,32.4,33.15,943
OMAXE,20111228,136.05,136.05,135.5,135.95,68404
OMKARCHEM,20111228,55.75,57.5,54,56.9,810
OMMETALS,20111228,31.7,31.7,27.35,29.35,9361
OMNITECH,20111228,130,131.4,129,129.8,2214
ONELIFECAP,20111228,234.65,246,232.25,243.4,439075
ONGC,20111228,262.8,263.4,259.7,261.2,703368
ONMOBILE,20111228,65.9,66.5,63.2,63.8,339280
ONWARDTEC,20111228,38,38,36.05,36.05,204
OPTOCIRCUI,20111228,204.05,207,195,199.15,311245
ORBITCORP,20111228,29.55,29.55,27.35,28.1,127058
ORCHIDCHEM,20111228,137.8,139.5,132.1,133.3,979562
ORIENTABRA,20111228,9.6,9.8,9.5,9.65,6531
ORIENTALTL,20111228,7.55,7.55,6.8,6.95,2112
ORIENTBANK,20111228,215,216.4,199.35,200.65,723042
ORIENTCERA,20111228,49.95,49.95,46.15,48.5,2166
ORIENTHOT,20111228,24.65,25.5,24,24.25,5571
ORIENTLTD,20111228,85.4,89,85.4,89,2
ORIENTPPR,20111228,49,49.5,47.85,48.95,41054
ORISSAMINE,20111228,28885.95,29177.95,28351,28882.7,565
OUDHSUG,20111228,22.6,23.6,22.45,23,5295
PAEL,20111228,16.65,16.7,15.85,15.85,150
PAGEIND,20111228,2444,2460,2370.05,2389.45,1659
PANACEABIO,20111228,80,80,74,75.75,5807
PANAMAPET,20111228,216.5,238,216.5,231,365
PANASONIC,20111228,78.3,78.3,75.1,75.1,52
PANORAMUNI,20111228,7.95,7.95,7.15,7.25,5501
PANTALOONR,20111228,136,136.8,131.6,132.9,1544692
PAPERPROD,20111228,60,61.65,60,60.75,9476
PARABDRUGS,20111228,30.9,31.3,30.35,31.05,2979
PARACABLES,20111228,2.2,2.2,2,2.05,4192
PARAL,20111228,172.2,174.05,170.75,173.2,2190
PARAPRINT,20111228,5.65,5.95,5.45,5.75,119715
PARASPETRO,20111228,0.35,0.4,0.35,0.35,10285
PARRYSUGAR,20111228,86,89.9,86,87.65,112
PARSVNATH,20111228,43,43.8,43,43.4,168774
PATELENG,20111228,77.4,78.45,74.9,75.45,157987
PATINTLOG,20111228,20.45,20.5,19.5,19.5,300
PATNI,20111228,444.05,446.5,440.4,444.65,71618
PATSPINLTD,20111228,8.45,8.45,8,8.15,640
PBAINFRA,20111228,27.7,28.95,27.1,27.4,3168
PDUMJEPULP,20111228,15.45,15.45,15,15.2,3
PEACOCKIND,20111228,3.45,3.45,3,3.2,151
PENIND,20111228,35,35.9,34.5,34.65,9326
PENINLAND,20111228,30.6,30.75,29.7,30.3,4070
PERIATEA,20111228,178.05,187,164.1,164.1,761
PERSISTENT,20111228,319,325.25,313.3,320.2,7257
PETRONENGG,20111228,234,247.45,230.45,237.05,451
PETRONET,20111228,160.25,161.8,158.5,160,863110
PFC,20111228,135.5,136.5,131.4,135.6,2147338
PFIZER,20111228,1105.05,1115,1100,1104.55,912
PFOCUS,20111228,45.75,46.65,44.4,45.55,88597
PFS,20111228,9.9,10,9.75,10,54497
PGEL,20111228,197.95,198.55,177.1,188,5107
PGHH,20111228,1715.1,1720.95,1701.2,1705.5,22
PHILIPCARB,20111228,88.25,88.85,82.5,83.85,23219
PHOENIXLTD,20111228,165,165,162,162.35,393
PIDILITIND,20111228,140.55,140.8,139,140,28995
PIIND,20111228,510,519.9,497.8,506.6,7952
PIONDIST,20111228,44,44,37.3,38.95,486
PIONEEREMB,20111228,10.15,10.15,10.15,10.15,100
PIPAVAVDOC,20111228,66.1,66.95,65.1,66.5,526926
PIRGLASS,20111228,91.1,93.8,91.1,91.65,1051
PIRHEALTH,20111228,375.05,378,370.1,373.5,66533
PITTILAM,20111228,51.5,52.5,51.1,52.25,3095
PLETHICO,20111228,355,358.75,353,356.55,21598
PNB,20111228,809.9,809.9,771,774.35,412914
PNBGILTS,20111228,24.8,25.05,23.5,23.6,17173
PNC,20111228,10.85,10.85,10.3,10.55,2
POCHIRAJU,20111228,10.8,10.8,10.25,10.25,1784
POLARIND,20111228,2.85,2.85,2.75,2.75,1460
POLARIS,20111228,115,118.35,112,117.45,306517
POLYMED,20111228,195,198.6,195,198.6,23
POLYPLEX,20111228,160.2,164.4,158,158.9,5377
PONDYOXIDE,20111228,22.65,23.25,21.6,21.85,1488
PONNIERODE,20111228,80.9,80.9,73,78,574
POWERGRID,20111228,99.2,100.95,98.4,100.2,1898837
PPAP,20111228,63,63.9,59.55,60.9,875
PRADIP,20111228,100,100.9,94.6,96,129788
PRAENG,20111228,3.9,3.9,3.9,3.9,21938
PRAJIND,20111228,74,75.4,73.5,74.95,532070
PRAKASH,20111228,33.55,33.6,31.75,32.05,545449
PRAKASHCON,20111228,239.5,255,225,251.25,452656
PRAKASHSTL,20111228,116.5,117.5,116.05,116.1,10611
PRATIBHA,20111228,32.5,33.4,32.05,32.6,25628
PRECOT,20111228,78.1,78.1,78.1,78.1,50
PRECWIRE,20111228,76.95,76.95,68.2,71.85,926
PREMIER,20111228,60.1,62.75,60,61.5,1393
PRESTIGE,20111228,74.7,74.7,69.05,70.2,21995
PRETAILDVR,20111228,82,84.8,82,84.5,326
PRICOL,20111228,13.05,13.1,12.9,13,5076
PRIMESECU,20111228,11.5,11.9,11.5,11.6,5157
PRISMCEM,20111228,38.8,39.2,37.8,38.25,10325
PRITHVI,20111228,11.1,12.9,11.1,12.5,83658
PROVOGUE,20111228,20.2,20.35,19.2,19.6,68900
PSB,20111228,61.5,61.95,60.3,60.35,35696
PSL,20111228,51.95,52.65,51,51.1,14795
PSUBNKBEES,20111228,274,285,267.3,268.51,995
PTC,20111228,41,41,39.8,40.1,749728
PTL,20111228,31.9,32.35,31.9,32.2,306
PUNJABCHEM,20111228,51.5,53.9,48.8,49.6,2490
PUNJLLOYD,20111228,41.05,41.4,39.8,40.85,2825336
PURVA,20111228,57.5,58.45,56.05,56.2,1430
PVP,20111228,4.7,4.7,4.3,4.5,20712
PVR,20111228,135.85,136.7,130.4,132.45,26370
QGOLDHALF,20111228,1311,1320,1311,1318.55,257
QNIFTY,20111228,480.5,481.6,480.5,481.6,19
QUINTEGRA,20111228,2.3,2.3,2.05,2.1,3006
RADAAN,20111228,1.9,1.9,1.75,1.9,1303
RADICO,20111228,112.75,113.8,109.8,112.15,309731
RAINBOWPAP,20111228,60.05,60.7,59.7,60.25,172871
RAINCOM,20111228,29.9,29.9,29.1,29.6,95556
RAJESHEXPO,20111228,136.7,138,132.1,132.75,98811
RAJOIL,20111228,10.4,10.4,10.05,10.15,22677
RAJPALAYAM,20111228,181,181,173.55,173.9,409
RAJRAYON,20111228,7.7,8.5,7.7,7.75,750
RAJSREESUG,20111228,32.6,33.6,32.6,33.25,1210
RAJTV,20111228,76.5,76.5,75.5,76,14427
RAJVIR,20111228,86.95,95,81.2,85,467
RALLIS,20111228,124,125.9,121.5,122.85,145235
RAMANEWS,20111228,7.95,8,7.65,7.8,7819
RAMCOIND,20111228,38.5,39,38.35,38.9,740
RAMKY,20111228,203,208.9,200,204.35,8456
RAMSARUP,20111228,7.55,7.85,7.45,7.5,5222
RANASUG,20111228,2.9,2.95,2.8,2.85,61087
RANBAXY,20111228,409.5,411.85,402.35,405.3,547182
RANEHOLDIN,20111228,171,178,167.3,171.45,35
RANKLIN,20111228,11.05,14,11.05,13.55,12366
RASOYPR,20111228,36.4,37.7,34.1,35,3083
RATNAMANI,20111228,98.8,98.8,93.1,93.5,1283
RAYMOND,20111228,322.85,323.05,303,305.8,400157
RBL,20111228,101.9,107.9,101,102.55,674
RBN,20111228,52.4,52.4,50,50,12250
RCF,20111228,46,46.8,45.25,45.4,145816
RCOM,20111228,73.2,73.55,71.25,71.9,6245474
RECLTD,20111228,148,149.2,143.5,148.2,1952147
REDINGTON,20111228,75.2,77.9,72.55,77.25,2054960
REFEX,20111228,9,9.35,9,9.05,383
REIAGROLTD,20111228,15.6,15.6,14.9,15.2,1740561
REISIXTEN,20111228,15.55,16,14.1,15.65,9847
RELAXO,20111228,255,255,241,244.8,231
RELBANK,20111228,742,742,742,742,10
RELCAPITAL,20111228,251.6,251.6,244.1,247.2,1638714
RELGOLD,20111228,2575,2585,2570.1,2579.45,2475
RELGRNIFTY,20111228,449.5,467.8,436.05,464.17,2822
RELIANCE,20111228,757.7,758.5,735.35,739.05,2829068
RELIGARE,20111228,401,403.5,400,400.75,11646
RELIGAREGO,20111228,2720.05,2728.9,2715,2718.15,65
RELINFRA,20111228,367.7,369.6,356.95,358.6,802679
RELMEDIA,20111228,75,75.4,71.65,72.2,113023
RENUKA,20111228,27,27,24.45,25.15,7363895
REPRO,20111228,161,165,161,162,8390
RESPONIND,20111228,99.75,100.5,99,99.75,6731
RESURGERE,20111228,0.25,0.25,0.2,0.2,639701
REVATHI,20111228,312.05,328,312.05,327.05,175
RICOAUTO,20111228,7.8,8.25,7.7,7.8,80137
RIIL,20111228,318.85,318.9,288.4,306.1,91422
RJL,20111228,70,74,70,71.95,1609
RKDL,20111228,13.75,13.75,13.75,13.75,11824
RKFORGE,20111228,83,87.9,82.65,83,6008
RMCL,20111228,4.6,6.5,4.6,5.7,4491
RML,20111228,95.8,97.5,95.8,97.5,1073
ROHITFERRO,20111228,23.8,24.15,23.15,23.8,19650
ROHLTD,20111228,45.05,45.5,44.25,45.45,803
ROLTA,20111228,53.55,56.2,51.65,55.75,429808
ROMAN,20111228,15.05,17.9,15.05,16,93
RPGLIFE,20111228,73,73.05,73,73,362
RPOWER,20111228,72.8,73.1,71.45,71.9,3121435
RPPINFRA,20111228,53.7,53.75,52.25,52.55,5298
RSSOFTWARE,20111228,44.4,46,43.4,44.5,5286
RSWM,20111228,68.85,68.85,65.3,65.95,4230
RUBYMILLS,20111228,618,621,605,610.35,28
RUCHINFRA,20111228,14.45,14.75,14,14.55,542
RUCHIRA,20111228,9,9.05,9,9.05,3734
RUCHISOYA,20111228,93.4,98.4,92,97.45,1105744
RUPA,20111228,145.25,145.25,142,142,103
RUSHIL,20111228,133.7,135.5,124.1,125.5,444896
SABERORGAN,20111228,64.4,64.4,59.6,60.6,124678
SABTN,20111228,61.6,61.95,60,60.2,31938
SADBHAV,20111228,97.1,100.4,97.1,99.5,304
SAGCEM,20111228,136,136.5,136,136,331
SAHPETRO,20111228,24,25,24,24.25,1181
SAIL,20111228,80.35,80.7,79,80,2131230
SAKHTISUG,20111228,20.1,20.8,19.8,20.1,29631
SAKSOFT,20111228,46.1,46.1,46.1,46.1,600
SAKUMA,20111228,12.5,12.6,12.5,12.6,189
SALORAINTL,20111228,24.5,24.5,24.5,24.5,2
SALSTEEL,20111228,4.5,4.7,4.5,4.6,4425
SAMBANDAM,20111228,60,70.9,56.1,64.4,256
SANGAMIND,20111228,35.7,35.95,35,35.25,32777
SANGHVIFOR,20111228,23.05,25,23.05,24.35,135487
SANGHVIMOV,20111228,89,90,86.05,87.55,652
SANWARIA,20111228,10.1,10.1,9.85,9.9,33215
SARDAEN,20111228,75.1,77.8,75.1,76.25,4250
SAREGAMA,20111228,56.15,59.85,55.2,57.35,6414
SARLAPOLY,20111228,89,89,84,84,2
SARTHAKIND,20111228,26,26,26,26,100
SASKEN,20111228,97.25,97.25,93.75,94.55,3579
SATHAISPAT,20111228,25.25,25.5,25.2,25.5,420
SATYAMCOMP,20111228,63.8,64.8,63.1,64.15,1447488
SAVERA,20111228,31,33,31,31.65,536
SB&TINTL,20111228,10.3,10.5,9.9,9.9,14433
SBBJ,20111228,309.5,311.8,307,307.7,2477
SBIGETS,20111228,2618,2708.5,2618,2701.6,4227
SBIN,20111228,1629.1,1635,1602.5,1610.2,1780192
SBT,20111228,462,465,460,461.4,3434
SCI,20111228,51.2,51.3,48.55,49,500653
SEAMECLTD,20111228,78,79.95,77.6,79.3,582
SEINV,20111228,200,200,191.7,194.45,7205
SELAN,20111228,234.95,234.95,229,233.2,4011
SELMCL,20111228,10.5,10.5,9.55,9.8,116450
SERVALL,20111228,4.65,4.85,4.5,4.65,18732
SESAGOA,20111228,161.85,162.6,158.5,159.5,1430800
SESHAPAPER,20111228,170,178,170,170.05,389
SEZAL,20111228,14,15,13.15,15,811
SGJHL,20111228,93.5,94.5,90.7,91.1,10065
SHAHALLOYS,20111228,5.95,6.45,5.95,6.05,1270
SHAKTIPUMP,20111228,41,41,39,39,1400
SHALPAINTS,20111228,310,316.85,297.3,299.8,1687
SHANTIGEAR,20111228,33.75,33.8,32.55,32.6,3646
SHARIABEES,20111228,114.1,114.25,111.85,111.85,369
SHARONBIO,20111228,294.95,298,292.8,295.7,11393
SHARRESLTD,20111228,50,52.8,48.1,49.35,27220
SHASUNPHAR,20111228,47.8,50.3,45.6,47.9,32776
SHILPAMED,20111228,157.9,158.2,143.1,154.45,1733
SHILPI,20111228,9.4,9.95,8.1,9.45,10085
SHIV-VANI,20111228,183,187.95,181.5,183.55,4081
SHIVAMAUTO,20111228,87.25,90,85.15,90,175
SHIVTEX,20111228,18.9,18.9,17.5,18.5,1172
SHLAKSHMI,20111228,102.5,109.4,102,108.4,227237
SHOPERSTOP,20111228,259,263.45,252,260.05,135464
SHPRE,20111228,3.8,3.9,3.8,3.85,1139
SHREEASHTA,20111228,4,4,3.85,3.9,1458185
SHREECEM,20111228,2100,2120,2076,2095.1,22293
SHREERAMA,20111228,3.65,3.65,3.3,3.5,2980
SHRENUJ,20111228,58.95,64.4,57.45,58.3,2070
SHREYAS,20111228,21.9,21.9,21,21.5,644
SHRIRAMCIT,20111228,479.9,482,476,480.2,1420
SHRIRAMEPC,20111228,83.45,83.45,80.1,81.45,1099
SHYAMTEL,20111228,24.3,25.65,24.05,24.75,1504
SICAGEN,20111228,14.75,14.75,14.2,14.3,534
SICAL,20111228,69.05,70,68.35,69.05,41274
SIEMENS,20111228,669.5,675,654.55,656.85,132742
SILINV,20111228,69.9,70,69.9,70,11
SIMBHSUGAR,20111228,28.15,29.9,27.45,28.95,14819
SIMPLEX,20111228,73.35,73.35,64,65.1,1447
SIMPLEXINF,20111228,172.15,178.9,170,172.15,268
SINTEX,20111228,68.75,68.75,63.35,63.65,3836567
SIRPAPER,20111228,35,35,33.45,34.2,1142
SITASHREE,20111228,5.55,6,5.55,5.75,3404
SIYSIL,20111228,230,238,230,234,360
SJVN,20111228,18.85,19.05,18.85,18.95,113732
SKFINDIA,20111228,550,571,538.25,561.55,6439
SKMEGGPROD,20111228,6.8,6.8,6.35,6.65,3008
SKSMICRO,20111228,98.55,99,94.6,95.4,147960
SKUMARSYNF,20111228,26.5,26.95,25.75,26.7,729131
SMLISUZU,20111228,381.8,399.5,380.05,395.3,181
SMOBILITY,20111228,77,80.9,73.4,76.1,6483
SMPL,20111228,3.5,3.5,3.45,3.5,200080
SMSPHARMA,20111228,145.1,153,145,153,185
SOBHA,20111228,194.75,195.6,185,189.4,111127
SOLARINDS,20111228,765,765,750,761.65,11
SOMANYCERA,20111228,36,36,28.8,32.3,1993
SONASTEER,20111228,10.9,11.1,10.4,10.75,7353
SONATSOFTW,20111228,21.7,21.8,21.15,21.35,31107
SOTL,20111228,386,396,384,384.05,887
SOUISPAT,20111228,3.2,3.25,3.1,3.2,38456
SOUTHBANK,20111228,20.2,20.35,20,20.05,1358258
SPANCO,20111228,67.25,68,65.3,66.65,25344
SPARC,20111228,71.8,75,71.2,74.05,75846
SPECTACLE,20111228,5.35,5.35,5.35,5.35,11
SPENTEX,20111228,6.5,6.5,6.25,6.25,5863
SPIC,20111228,14.6,15.3,14.35,14.7,140006
SPLIL,20111228,2.1,2.2,2.1,2.2,3553
SPMLINFRA,20111228,87.8,87.8,79,79.7,3390
SPYL,20111228,25.95,26.55,25.15,25.45,1746
SREINFRA,20111228,25.45,25.45,23.8,24.4,248702
SRF,20111228,240,241,236.9,239.9,14363
SRGINFOTEC,20111228,0.4,0.45,0.4,0.4,15203
SRHHLINDST,20111228,3.55,3.55,3.55,3.55,50
SRHHYPOLTD,20111228,34.45,35,34.45,35,447
SRSLTD,20111228,35,35.95,34.3,34.65,61079
SRTRANSFIN,20111228,441.85,441.85,426.3,427.65,544399
SSWL,20111228,184.25,187.95,180,181.95,15617
STAR,20111228,385.8,393.95,383,389.2,53357
STARPAPER,20111228,14,17,14,14.3,2694
STCINDIA,20111228,127.9,129.9,124.1,124.85,46487
STEL,20111228,9.8,9.85,9.3,9.65,1858
STER,20111228,92.2,92.2,88.85,89.75,3889690
STERLINBIO,20111228,23.65,23.65,23.65,23.65,11990
STERTOOLS,20111228,101.9,101.9,101.8,101.8,2
STINDIA,20111228,25.95,25.95,24.25,24.25,100
STOREONE,20111228,9.85,10.45,9.5,9.5,20204
STRTECH,20111228,28.9,28.9,27.4,28,332692
SUBEX,20111228,24.1,29,23.35,28.65,3782115
SUBROS,20111228,21.1,21.75,21.1,21.4,2583
SUDAR,20111228,50.7,52.5,48,48.8,63862
SUDARSCHEM,20111228,560,570,560,570,22
SUJANATOW,20111228,6.5,6.5,6.5,6.5,73840
SUJANAUNI,20111228,2.9,3.05,2.9,2.9,14585
SUMEETINDS,20111228,23.4,24.15,23.25,23.6,3926
SUMMITSEC,20111228,56.05,62,56.05,61,726
SUNCLAYTON,20111228,144.5,165,144.5,158.95,15944
SUNDARAM,20111228,46.8,46.8,45.9,46.05,66468
SUNDARMFIN,20111228,500.2,508,500.2,504.2,884
SUNDRMBRAK,20111228,155.6,155.9,149.5,153.45,538
SUNDRMFAST,20111228,49,49,48.1,48.55,2760
SUNFLAG,20111228,23,25.2,22.7,24.8,51147
SUNILHITEC,20111228,57.5,58.25,57.5,57.65,2241
SUNPHARMA,20111228,502.95,502.95,495,499.25,494221
SUNTECK,20111228,308.3,312.7,308,309.95,13704
SUNTV,20111228,285,287.75,277.2,281.55,155786
SUPER,20111228,130.1,131.15,130.1,131.15,103
SUPERSPIN,20111228,6.1,7.3,6.1,6.7,4061
SUPPETRO,20111228,45.5,45.5,44.15,44.65,1457
SUPRAJIT,20111228,17,17.45,16.6,17.4,9570
SUPREMEIND,20111228,163.75,167,163.75,166,5635
SUPREMEINF,20111228,164,169.9,164,164.05,4413
SURAJDIAMN,20111228,37.2,38.45,37.2,37.6,11950
SURANAIND,20111228,403,414,400,405.6,10218
SURANAT&P,20111228,14.5,14.5,14.5,14.5,149
SURANAVEL,20111228,17.55,18.05,17.55,17.55,1333
SURYAJYOTI,20111228,12.2,12.2,11.4,11.9,822
SURYALAXMI,20111228,50,50,48.85,48.9,109
SURYAPHARM,20111228,10.7,10.7,10.25,10.3,14979
SURYAROSNI,20111228,43.7,44.9,43.65,44.2,4257
SUTLEJTEX,20111228,131.25,132.5,131.25,132.5,55
SUVEN,20111228,12.3,12.3,11.7,11.85,28683
SUZLON,20111228,18.9,19.4,18.45,19.2,17184938
SWARAJENG,20111228,402.6,417,402.55,413.75,2204
SYMPHONY,20111228,1145,1174,1145,1150.45,155
SYNCOM,20111228,11.75,11.75,10.25,10.5,20768
SYNDIBANK,20111228,74.75,75.5,70.75,71.4,652675
TAINWALCHM,20111228,15.1,15.5,15.1,15.2,2100
TAJGVK,20111228,70,72,67.25,67.95,11408
TAKE,20111228,22.45,22.45,20.3,21.5,35657
TAKSHEEL,20111228,14.25,14.95,14.25,14.95,106063
TALBROAUTO,20111228,36.25,36.25,35.4,35.4,7352
TALWALKARS,20111228,120.65,122.5,116.6,118.05,49452
TANFACIND,20111228,21,22,19.65,19.65,275
TANLA,20111228,6.2,6.2,5.9,6.05,50833
TANTIACONS,20111228,36.75,36.75,36.15,36.7,258
TARAPUR,20111228,14.55,15.4,14.55,14.7,1892
TATACHEM,20111228,311,314.15,301.5,307.5,237288
TATACOFFEE,20111228,782.1,784.7,761.05,765.25,47533
TATACOMM,20111228,212,212.95,210,211.25,93572
TATAELXSI,20111228,180.2,183.85,176.7,178.15,13031
TATAGLOBAL,20111228,88,89.5,86.9,87.45,460774
TATAINVEST,20111228,419.55,421.8,416,418.05,893
TATAMETALI,20111228,53.25,53.25,52.25,52.9,7793
TATAMOTORS,20111228,181,183.5,178.85,180.2,8777190
TATAMTRDVR,20111228,85.35,86.8,84.15,85.5,1341359
TATAPOWER,20111228,93.4,94.2,91.15,92,5649736
TATASPONGE,20111228,255.55,262,255.55,256.2,6293
TATASTEEL,20111228,347.65,350.7,343,346.85,3236326
TCI,20111228,56.15,57.9,55,56.1,1932
TCIDEVELOP,20111228,130,131,117.25,131,34
TCIFINANCE,20111228,19.85,20.3,19.1,20,348
TCS,20111228,1178.7,1183.55,1165.9,1169.2,598955
TDPOWERSYS,20111228,202,237.95,202,233.9,2278
TECHM,20111228,570.8,573.95,563.1,570.7,53146
TECHNO,20111228,193,199,183.55,187.45,40680
TECHNOFAB,20111228,122.05,137,120.05,129.55,1889
TECPRO,20111228,164.5,171.8,161.55,164.95,8779
TEXMACOLTD,20111228,24.2,25.05,23.65,24.45,49285
TEXMOPIPES,20111228,15.95,16.9,15.95,16.2,15406
TEXRAIL,20111228,58.6,59,56.25,56.5,14636
TFCILTD,20111228,19.9,19.9,19.25,19.65,19360
THANGAMAYL,20111228,148.8,149.4,143.5,147.05,9897
THERMAX,20111228,415,415,400,402.1,70122
THINKSOFT,20111228,40.3,40.3,38.5,39.1,11731
THIRUSUGAR,20111228,70,71.5,70,70,102
THOMASCOOK,20111228,34,34.3,33.4,33.55,42654
TI,20111228,33.2,35,32,32.95,327166
TIDEWATER,20111228,5825,5879,5700,5729.6,253
TIIL,20111228,30.55,32.45,30.5,31.25,3131
TIJARIA,20111228,10.05,10.5,10.05,10.25,29757
TIL,20111228,221,224,216.1,217.35,625
TIMBOR,20111228,21.75,22.2,21.25,22.2,10974
TIMESGTY,20111228,17.5,18.85,17.5,17.95,689
TIMETECHNO,20111228,45.2,45.75,42.55,43.85,24871
TIMKEN,20111228,175.35,175.65,171.6,172.9,6363
TINPLATE,20111228,35,35.6,34.75,35,16902
TIPSINDLTD,20111228,40.05,41.45,40,41.05,5141
TIRUMALCHM,20111228,51.6,51.85,50.75,51.65,8660
TITAN,20111228,174,175.9,170.55,173.75,2762884
TNPETRO,20111228,12.85,13.45,12.85,13.1,4550
TNPL,20111228,81.15,81.15,79.6,80.2,7992
TODAYS,20111228,4.25,4.25,3.75,3.9,12799
TORNTPHARM,20111228,515.5,523.3,512,516.5,2678
TORNTPOWER,20111228,194.5,198.4,194.5,196.9,17340
TREEHOUSE,20111228,169,172,167.2,168.15,18571
TRENT,20111228,878.95,878.95,827,838.65,3448
TRF,20111228,209.5,216,208,210.1,16377
TRICOM,20111228,12.15,12.45,11.6,11.6,25757
TRIDENT,20111228,10.2,10.2,9.85,9.95,7616
TRIGYN,20111228,10.85,11,10.8,11,1672
TRIL,20111228,140,141.5,129.35,131.45,3467
TRITURBINE,20111228,34,34.9,34,34,9218
TRIVENI,20111228,14.1,14.1,13.55,13.65,504876
TTKHEALTH,20111228,409.5,414.95,397.2,403.1,48309
TTKPRESTIG,20111228,2459.15,2546,2459.15,2537.4,35730
TTL,20111228,18.95,19.4,18.8,19.15,2312
TTML,20111228,13,13.1,12.75,12.9,816119
TUBEINVEST,20111228,113.05,114.45,106,107.35,15580
TULIP,20111228,116.3,116.35,112,115.05,123300
TULSI,20111228,8.2,8.25,7.95,8,20761
TULSYAN,20111228,32.95,32.95,31.05,31.05,440
TV18BRDCST,20111228,29.85,30,28.3,28.9,84041
TVSELECT,20111228,18.4,18.4,17.4,17.75,6342
TVSMOTOR,20111228,51.75,52.85,50.15,50.7,678545
TVSSRICHAK,20111228,280,280,268.15,271.1,3588
TVTODAY,20111228,45.6,46.8,45.15,46.3,9405
TWILITAKA,20111228,22,22.45,21.35,21.4,47922
TWL,20111228,387,392,387,390.4,2662
UBENGG,20111228,34,34,31.5,31.95,4777
UBHOLDINGS,20111228,63.8,64.2,61,61.55,36829
UBL,20111228,386,397.05,377.05,387.7,112207
UCALFUEL,20111228,60,60.65,59.1,59.65,1628
UCOBANK,20111228,48.5,49.2,48,48.45,1463651
UFLEX,20111228,105.55,107.9,103.1,103.9,170697
UGARSUGAR,20111228,11.05,11.05,10.15,10.8,2100
ULTRACEMCO,20111228,1194,1206.55,1168.75,1175.6,65347
UMESLTD,20111228,12.05,13.3,12,12.25,910
UNICHEMLAB,20111228,132.6,132.6,126.5,127.85,134527
UNIENTER,20111228,23,23.25,23,23.25,550
UNIONBANK,20111228,162.7,163.45,158.5,159.65,777557
UNIPHOS,20111228,130.65,133.9,128.6,129.1,534000
UNIPLY,20111228,6.95,7,6.55,6.75,4985
UNITECH,20111228,19.75,19.9,19,19.4,16757106
UNITEDBNK,20111228,49.45,49.45,47.1,47.3,64583
UNITEDTEA,20111228,154.95,154.95,154.95,154.95,1
UNITY,20111228,30.2,33.15,30.2,32.1,149443
UNIVCABLES,20111228,34.45,34.45,31.55,32.5,202
UPERGANGES,20111228,38,39.95,36.1,39.2,16
USHAMART,20111228,23,23.25,22.65,22.85,15572
USHERAGRO,20111228,61.45,61.45,61.45,61.45,1309
UTISUNDER,20111228,1045,1090,1044.95,1065.5,21
UTTAMSTL,20111228,52.95,53.25,48.25,50.25,17962
UTTAMSUGAR,20111228,22.85,24.85,22.35,23,400
UTVSOF,20111228,1018,1018,987,991.8,103304
VADILALIND,20111228,97.05,97.05,94.35,95.9,139
VAIBHAVGEM,20111228,27,29.85,25.6,29,3107
VAKRANSOFT,20111228,325,333.5,325,329.05,1672
VALECHAENG,20111228,45.25,47.7,43.25,44.95,8026
VALUEIND,20111228,13.5,14.4,13.5,13.65,2255
VARDHACRLC,20111228,7.2,7.2,6.85,6.95,128831
VARDMNPOLY,20111228,80,80,74.65,75.3,3884
VARUN,20111228,235.5,240.65,226.35,231.55,583178
VARUNSHIP,20111228,15.55,15.7,15.25,15.3,31980
VASCONEQ,20111228,39.5,39.5,38.2,38.75,161
VASWANI,20111228,10.2,10.75,9.95,10.2,345306
VENKEYS,20111228,381,383.95,371.25,376.9,10827
VENUSREM,20111228,155,159.7,151.3,153.15,1848
VESUVIUS,20111228,314,320,311.55,313.9,121
VGUARD,20111228,154.9,154.95,150.1,152.6,18747
VHL,20111228,409,415,409,414.3,1035
VICEROY,20111228,19.15,19.25,17.5,18.25,25462
VIDEOIND,20111228,177,178.85,173.2,173.65,598662
VIJAYABANK,20111228,47.75,47.9,45.25,45.8,1609215
VIJSHAN,20111228,14.1,14.8,14.1,14.15,114
VIKASHMET,20111228,7.6,7.6,6.8,6.9,33914
VIMTALABS,20111228,14.25,14.9,14.1,14.2,2369
VINATIORGA,20111228,67.1,69.4,67.1,68.75,5256
VINDHYATEL,20111228,149,149,138,145.05,302
VINYLINDIA,20111228,8.9,9.25,7.55,7.95,171
VIPIND,20111228,86,86.5,82,83.3,5146610
VIPUL,20111228,9.7,9.7,8.55,8.7,559
VISAKAIND,20111228,60.7,60.9,60.25,60.4,1270
VISASTEEL,20111228,57.75,57.8,57.75,57.8,2717
VISESHINFO,20111228,2.6,3,2.6,2.7,3515
VISUINTL,20111228,1.6,1.6,1.35,1.4,10673
VIVIMEDLAB,20111228,236.9,239.5,226,228.45,25406
VLSFINANCE,20111228,9.7,9.95,9.7,9.85,5931
VOLTAMP,20111228,455,465,454.95,461.7,1301
VOLTAS,20111228,87.25,87.25,74.1,76.1,612539
VSTIND,20111228,1200,1200,1055,1075.7,3524
VSTTILLERS,20111228,412.9,415,405.1,409.95,521
VTL,20111228,162,164,158.7,160.05,2862
VTXIND,20111228,12.9,12.9,12.7,12.7,209
WABAG,20111228,321.95,330.2,313,315.3,33715
WABCOINDIA,20111228,1189,1193.75,1175,1185.85,236
WALCHANNAG,20111228,64.05,65.25,63.2,63.8,9444
WANBURY,20111228,22.3,22.7,20.75,20.8,2500
WEBELSOLAR,20111228,19.6,20.35,18.75,19.6,1557
WEIZFOREX,20111228,53,53,52.55,52.7,100
WEIZMANIND,20111228,7,7.6,7,7,32
WELCORP,20111228,83.05,87.6,83.05,86.9,2540259
WELGLOB,20111228,36.65,40.35,36.65,40.1,519
WELINV,20111228,37.45,37.45,32.65,33.45,51
WELPROJ,20111228,28.65,29.3,26.75,27.6,5816
WELSPUNIND,20111228,25.5,25.85,24.6,25,8382
WENDT,20111228,1390,1390,1303,1330,206
WHEELS,20111228,266.2,274,262,269.95,1872
WHIRLPOOL,20111228,158.8,159.05,155,155.9,15719
WILLAMAGOR,20111228,36.5,38.15,34.75,35.25,137
WINDMACHIN,20111228,14,15.35,13.4,14.8,6501
WINSOME,20111228,18.1,19.5,17.8,19.3,4811
WIPRO,20111228,405.35,410.75,394.25,397.05,1657719
WOCKPHARMA,20111228,285.25,289.65,272.35,273.8,101178
WSI,20111228,13.5,13.5,12.65,13.45,1202
WSTCSTPAPR,20111228,46,47,45.2,45.45,36233
WWIL,20111228,6,6.3,6,6.1,187726
WYETH,20111228,836.1,836.1,806.25,809.1,26584
XLENERGY,20111228,4.8,5.15,4.8,4.95,4928
XPROINDIA,20111228,47.85,47.85,46.1,46.7,1900
YESBANK,20111228,250.5,251.45,241.05,241.6,2392378
ZANDUREALT,20111228,1290,1290,1250,1258,354
ZEEL,20111228,117.35,117.35,115.55,116.9,675655
ZEELEARN,20111228,12.8,12.85,12.3,12.4,94482
ZEENEWS,20111228,9.45,9.45,9.05,9.1,75778
ZENITHBIR,20111228,3.55,3.65,3.45,3.45,39362
ZENITHCOMP,20111228,12,12.7,12,12.1,887
ZENITHINFO,20111228,38.95,39.55,38.05,38.95,1742
ZENSARTECH,20111228,136,139.5,134.15,136.55,6331
ZICOM,20111228,28.35,28.35,27,27.3,5612
ZODIACLOTH,20111228,209.9,209.95,199.5,199.7,73
ZUARIAGRO,20111228,462,463.45,449,452.4,2146
ZYDUSWELL,20111228,379,384.5,374.4,375.35,28157
ZYLOG,20111228,404,406.5,401.2,402.95,32304
NSENIFTY,20111228,4756.20,4756.20,4685.65,4705.80,117463489,3657.52
NIFTYJUNIOR,20111228,8448.50,8448.50,8315.30,8366.35,74871581,907.55
BANKNIFTY,20111228,8256.10,8256.10,8053.15,8111.40,13984137,948.72
NSEMIDCAP,20111228,6188.25,6188.25,6105.20,6127.75,146521627,918.76
NSEIT,20111228,6177.95,6210.75,6138.50,6167.20,12675769,484.51
NSE100,20111228,4595.25,4595.25,4527.70,4547.10,192335070,4565.07
NSE500,20111228,3683.30,3683.30,3630.70,3644.10,388352803,5819.80
MIDCAP50,20111228,1784.15,1784.15,1754.50,1766.85,87966028,608.14
VIX,20111228,26.29,27.24,25.94,26.74,26.29,0.45
