20MICRONS,20111028,71,71.85,67,67.45,121477
3IINFOTECH,20111028,25.5,26.15,25.2,25.8,1114401
3MINDIA,20111028,4341.9,4341.9,4240,4262.8,783
A2ZMES,20111028,184.8,188.8,181.1,183.15,183550
AANJANEYA,20111028,432.15,442.7,414.15,422.35,75521
AARTIDRUGS,20111028,109,109,98.8,98.95,5802
AARTIIND,20111028,48.2,48.55,47.4,48,6299
AARVEEDEN,20111028,35.05,35.75,35,35.55,485
ABAN,20111028,410,431.35,407,425.8,1143118
ABB,20111028,715,757.3,710,714.3,68714
ABBOTINDIA,20111028,1470,1470,1438,1440.7,1407
ABCIL,20111028,92,92.4,89.25,89.65,7308
ABGSHIP,20111028,425,429,420.2,426.4,166949
ABHISHEK,20111028,9.05,10,9.05,9.3,2372
ABIRLANUVO,20111028,904.45,960,904.45,916.5,54417
ACC,20111028,1207,1237.4,1207,1224,325130
ACE,20111028,41.5,42.7,40.55,40.9,141496
ACKRUTI,20111028,188,199,187,198,17569
ACROPETAL,20111028,14.75,14.8,13.95,14.3,539684
ADANIENT,20111028,473.9,485.4,470,479.65,556576
ADANIPOWER,20111028,85.8,88.75,85.65,87.55,538010
ADFFOODS,20111028,56.1,58.9,56.05,58.25,6945
ADHUNIK,20111028,50.4,51.9,49.9,50.15,76156
ADORWELD,20111028,146,146,142.15,143.75,3251
ADSL,20111028,29.55,30.4,29.5,29.7,68386
ADVANIHOTR,20111028,33,33.55,31.2,32.5,1795
ADVANTA,20111028,409,409,397.2,399.85,19955
AEGISCHEM,20111028,183,188.7,180.05,181.2,12852
AFL,20111028,41.25,41.95,40.6,41.15,13247
AFTEK,20111028,12.45,12.7,12.15,12.25,178282
AGCNET,20111028,147.05,159,147.05,149.5,611
AGRE,20111028,39.4,42.95,39.4,40.25,3469
AGRODUTCH,20111028,7,7.55,6.85,7.45,18995
AHLEAST,20111028,301,310.5,301,306,152
AHLUCONT,20111028,110,110,105.05,108.25,880
AHLWEST,20111028,149.8,151.9,146.6,149.15,329
AHMEDFORGE,20111028,104,104,101.05,102.85,8254
AIAENG,20111028,307.15,309,301.15,304.4,33015
AJANTPHARM,20111028,328,330.5,321.1,326.85,11032
AJMERA,20111028,119,119.45,117,118.1,13379
AKSHOPTFBR,20111028,6.5,6.6,6.2,6.3,36065
AKZOINDIA,20111028,817,829,805,819.75,27438
ALBK,20111028,145,146.9,144,144.6,1050506
ALCHEM,20111028,258.5,259.65,255.1,258,103481
ALEMBICLTD,20111028,18,19,18,18.45,45965
ALFALAVAL,20111028,2309,2320,2282.55,2293.85,3627
ALKALI,20111028,38.1,41,38.1,38.75,4683
ALKYLAMINE,20111028,100,102,95,95.4,3304
ALLCARGO,20111028,148.5,156.5,147.15,151.6,13021
ALLSEC,20111028,14,14,13,13.6,892
ALMONDZ,20111028,24.5,25,23.1,24.45,188
ALOKTEXT,20111028,20.6,21.3,20.55,21.15,8890836
ALPA,20111028,8.2,8.25,8.1,8.25,10073
ALPHAGEO,20111028,85,89,84.25,86.75,3053
AMAR,20111028,122,122.4,117.5,119.2,34847
AMARAJABAT,20111028,209.5,209.8,205.25,206.45,40132
AMARJOTHI,20111028,56.5,56.5,53.05,53.05,119
AMBIKCO,20111028,181.8,189,181.3,185.9,1219
AMBUJACEM,20111028,155.3,161.25,155.3,160.45,4477260
AMDIND,20111028,18.85,18.95,18.85,18.95,1220
AMLSTEEL,20111028,16,16.95,15.45,16,1381
AMRUTANJAN,20111028,739,752.1,735.55,739,27456
AMTEKAUTO,20111028,126.1,128.9,123.6,124.35,371295
AMTEKINDIA,20111028,136.05,140,135.1,137.5,216702
ANANTRAJ,20111028,52,54.8,51.55,54.55,491051
ANDHRABANK,20111028,116.95,119.3,116.95,117.9,677841
ANDHRSUGAR,20111028,108,109.45,107.25,108.35,12948
ANGIND,20111028,20.5,20.5,19.5,19.6,1988
ANIKINDS,20111028,33.1,34.05,32.8,33.5,2372
ANSALAPI,20111028,36.9,37.1,35.85,36.8,168102
ANSALHSG,20111028,38.5,41.15,38.15,40.05,5584
APARINDS,20111028,150.85,156,149.2,154.35,5696
APCOTEXIND,20111028,152.1,174,152.1,161,213
APIL,20111028,535,544.2,528.5,533.75,84395
APLAB,20111028,30.65,31.95,30.15,30.7,434
APLLTD,20111028,45.75,47.25,44.8,45.35,102095
APOLLOHOSP,20111028,516.3,522,506.95,509.25,33173
APOLLOTYRE,20111028,56.5,58.25,56,57.05,2723615
APPAPER,20111028,179.4,180.6,172.5,180.6,138385
APTECHT,20111028,119.1,120.5,118.1,118.85,360748
AQUA,20111028,14.6,14.8,14,14.2,19570
ARCHIES,20111028,37.4,37.8,36.7,37.05,51525
AREVAT&D,20111028,225.5,226.7,217,218.35,344919
ARIES,20111028,89.45,89.5,84.5,86.1,6773
ARL,20111028,2.2,2.25,2.15,2.2,62097
AROGRANITE,20111028,42,42,37.45,38.4,611
ARROWTEX,20111028,9.35,9.35,8.7,9,2124
ARSHIYA,20111028,174.2,178.5,170.3,172.65,201324
ARSSINFRA,20111028,323.8,335,321,330.05,284921
ARVIND,20111028,109.35,109.9,106.7,107.45,1212557
ASAHIINDIA,20111028,61.75,63,61.35,62.3,3673
ASAHISONG,20111028,94.9,95,93.05,95,5556
ASAL,20111028,50,52.3,50,50.6,6508
ASHAPURMIN,20111028,16.95,16.95,16.5,16.65,16630
ASHCONIUL,20111028,2,2.1,2,2,18538
ASHIANA,20111028,146.5,147.2,141.6,145.9,1724
ASHIMASYN,20111028,4.25,4.9,4.25,4.9,20749
ASHOKA,20111028,239,245,238,244.75,2674
ASHOKLEY,20111028,26.25,27.1,25.8,26.9,6013848
ASIANHOTNR,20111028,177.85,180.9,176,177.75,1209
ASIANPAINT,20111028,3030.05,3199,3030.05,3061.2,207594
ASIANTILES,20111028,45,45,42,42.1,559
ASIL,20111028,2,2,2,2,2
ASSAMCO,20111028,11.2,11.45,10.85,11,130168
ASTEC,20111028,33.55,35.45,33.55,34,3778
ASTERSILI,20111028,13.85,14.7,13.85,14.45,8231
ASTRAL,20111028,199.35,199.35,189.6,190.95,4892
ASTRAMICRO,20111028,31.5,34.5,31.5,34.2,341017
ASTRAZEN,20111028,1220,1250,1220,1242.45,120
ATFL,20111028,398.15,398.15,381,388.3,12856
ATLANTA,20111028,65,68.8,64.55,66.9,208082
ATLASCYCLE,20111028,345,353.8,341,342.25,25670
ATNINTER,20111028,0.9,0.95,0.9,0.9,11100
ATUL,20111028,196,197,191,192.25,38602
AURIONPRO,20111028,136,137,130,130,157
AUROPHARMA,20111028,125.05,129.8,125.05,128.55,934399
AUTOAXLES,20111028,420,420,369.55,386.25,439
AUTOIND,20111028,111.25,113.45,105,108.5,34418
AUTOLITIND,20111028,14.8,15.8,14.75,15.2,625
AVENTIS,20111028,2253,2357.95,2253,2328.5,6840
AVTNPL,20111028,480.95,481.55,435.7,435.7,20903
AXIS-IT&T,20111028,99,102.4,96.55,102.4,45395
AXISBANK,20111028,1161,1182.8,1145.55,1150.5,4092836
AXISGOLD,20111028,2702,2705,2671.25,2681.75,2781
BAGFILMS,20111028,5.6,5.65,5.35,5.55,175925
BAJAJ-AUTO,20111028,1799.7,1823.55,1751,1756.7,487888
BAJAJCORP,20111028,100.3,101.9,99,99.5,45523
BAJAJELEC,20111028,200,205,197.2,199,44474
BAJAJFINSV,20111028,549.8,557.8,538.5,541.25,75586
BAJAJHIND,20111028,37.25,37.25,35.95,37.1,1958308
BAJAJHLDNG,20111028,739.95,752.5,737,743.55,93108
BAJFINANCE,20111028,679.9,714.8,679.1,696.5,45839
BALAJITELE,20111028,31.05,31.7,30.65,31.55,65461
BALAMINES,20111028,35.2,35.5,35.2,35.4,930
BALKRISIND,20111028,179.9,180,170,177.3,6583
BALLARPUR,20111028,27.4,28.4,26.8,27.9,536756
BALMLAWRIE,20111028,591,598,583,585.15,6273
BALPHARMA,20111028,20.6,22.35,20.6,22.2,3720
BALRAMCHIN,20111028,55.6,55.6,53.55,54.8,2800948
BANARISUG,20111028,587,593.45,580,583.95,158
BANCOINDIA,20111028,75,83,71.2,71.35,7173
BANG,20111028,22.1,22.1,21.15,21.65,694
BANKBARODA,20111028,729.2,758.2,729.2,739.55,633113
BANKBEES,20111028,999.84,1000,988.2,996.35,1433
BANKINDIA,20111028,324.5,328.65,321.2,325.5,607092
BANSWRAS,20111028,88.1,88.7,87.25,88.6,13776
BARTRONICS,20111028,51,52.95,51,51.7,51703
BASF,20111028,607.8,607.85,586.5,592.45,10271
BASML,20111028,64,66,62.75,62.75,490
BATAINDIA,20111028,707.05,726.95,704.25,709.8,377428
BATLIBOI,20111028,16.05,18.25,15.1,16.45,11310
BAYERCROP,20111028,860,860.2,841.5,850,2118
BBL,20111028,717,721,708.1,710.55,1346
BBTC,20111028,454.95,460.9,445,447.5,5381
BEARDSELL,20111028,37,37,37,37,31
BEDMUTHA,20111028,103.85,106.05,102.75,103.9,27017
BEL,20111028,1554.3,1586.95,1554.3,1572,9610
BELLCERATL,20111028,12.25,12.5,11.8,12,11170
BEML,20111028,501,530,498,525.8,242549
BEPL,20111028,22.6,23.95,22.6,23.6,1462
BERGEPAINT,20111028,101.4,102.05,100.35,101.2,99271
BFINVEST,20111028,50.8,53.4,50.8,51.95,730
BFUTILITIE,20111028,466.95,502,463.1,486.05,898954
BGLOBAL,20111028,12,12.55,11.6,12.1,64154
BGRENERGY,20111028,328,338.8,316.05,327.05,794458
BHAGWATIHO,20111028,79.6,80.5,78.55,79.95,7162
BHAGYNAGAR,20111028,15.9,15.9,15.25,15.55,7090
BHARATFORG,20111028,283.6,305,283.6,301.25,473184
BHARATGEAR,20111028,47.8,48,46.6,47.25,2766
BHARATRAS,20111028,106,109.6,104,105,1261
BHARTIARTL,20111028,399.2,409.3,389.1,391.95,4265585
BHARTISHIP,20111028,92,96.1,91.6,94.55,320544
BHEL,20111028,325,329.25,319.75,327.45,7092093
BHUSANSTL,20111028,335,343.8,332,342.35,447127
BIL,20111028,53,58,53,53.45,21402
BILPOWER,20111028,80.5,81.5,78.05,78.8,3531
BIMETAL,20111028,274,274.9,258,260.8,605
BINANIIND,20111028,131.7,137.5,131.5,136.3,52332
BINDALAGRO,20111028,60.9,61.45,59.95,60.35,76744
BIOCON,20111028,356,360.6,353.85,356.1,273998
BIRLACORPN,20111028,322.9,324.95,316,316.55,3076
BIRLACOT,20111028,0.4,0.4,0.35,0.4,619012
BIRLAERIC,20111028,12.65,12.9,12.65,12.9,856
BIRLAPOWER,20111028,0.7,0.7,0.65,0.7,1169732
BLBLIMITED,20111028,3.25,3.45,3.2,3.35,2666
BLISSGVS,20111028,21.8,22.8,21.5,22,36351
BLKASHYAP,20111028,11.85,12.25,11.7,12.05,136194
BLUECHIP,20111028,0.95,0.95,0.9,0.9,16187
BLUEDART,20111028,1630,1630,1583,1587.9,2361
BLUESTARCO,20111028,204,216,201,213.15,24399
BLUESTINFO,20111028,72,72,70.2,71.65,1384
BOC,20111028,310,320.95,310,312,14855
BODALCHEM,20111028,20.15,21.2,19.7,20.35,2702
BOMDYEING,20111028,428.8,438.8,422,435.35,283435
BOSCHLTD,20111028,7025,7097,6903,6935.25,5784
BPCL,20111028,661.45,669.1,635.1,637.1,889861
BPL,20111028,20.25,20.25,19.55,19.75,23055
BRANDHOUSE,20111028,15.4,15.4,14.75,15.05,24644
BRFL,20111028,290,292,287.55,289,98015
BRIGADE,20111028,63.2,65.6,63.2,65.05,26811
BRITANNIA,20111028,465,473.5,462,470.05,75542
BROADCAST,20111028,7.05,7.6,7,7.05,630
BROOKS,20111028,22.3,22.3,21.5,22.3,77189
BSELINFRA,20111028,3.35,3.65,3.3,3.5,38733
BSL,20111028,20.5,23,20.5,22.7,1031
BSLGOLDETF,20111028,2700,2780,2700,2735.55,775
BSLNIFTY,20111028,53.5,53.5,51,52.2,2219
BSTRANSCOM,20111028,102.95,103,99.2,100.9,13821
BVCL,20111028,13.5,13.5,13.3,13.5,3530
CADILAHC,20111028,768,788.5,761.2,772.5,49201
CAIRN,20111028,306.9,312.5,302.15,304.8,4327332
CALSOFT,20111028,25.5,25.5,25.5,25.5,1
CAMBRIDGE,20111028,22.5,23,22.5,22.6,679
CAMLIN,20111028,46.65,47.6,45.65,46.25,340561
CANBK,20111028,450.1,472.9,450.1,463,776476
CANDC,20111028,107.1,118.9,107.1,109.95,1372
CANFINHOME,20111028,100.5,106,100.1,103.9,104859
CANTABIL,20111028,23.8,24.3,23.4,23.7,5882
CARBORUNIV,20111028,155,161.5,154,159.85,16528
CAROLINFO,20111028,149.5,150,149,150,131
CASTROL,20111028,488,497,483.8,494.5,112390
CCCL,20111028,19.35,19.9,19.05,19.7,15702
CCL,20111028,169,173.95,167.5,168,4438
CEATLTD,20111028,75,75,73.4,73.65,79198
CEBBCO,20111028,40.8,41.35,38.05,39.45,88335
CELEBRITY,20111028,6.85,6.85,5.3,5.4,34001
CELESTIAL,20111028,23.8,25,23.25,23.85,10338
CENTENKA,20111028,151,152,149.5,150.55,7419
CENTEXT,20111028,2.65,2.8,2.65,2.8,12456
CENTRALBK,20111028,103,105.8,103,104.5,449317
CENTUM,20111028,67.25,70.8,67.1,68.2,342
CENTURYPLY,20111028,59.8,61.2,58.6,60.05,13647
CENTURYTEX,20111028,318.8,328.9,316.6,325.55,748132
CERA,20111028,200,208.85,193.15,203.35,2000
CESC,20111028,263,270,263,269.55,77001
CHAMBLFERT,20111028,91.3,92.65,90.4,90.95,1194115
CHEMFALKAL,20111028,44,44.95,43.7,44.95,149
CHEMPLAST,20111028,5.75,5.75,5.5,5.7,41566
CHENNPETRO,20111028,198,198.9,192.5,195.1,104087
CHESLINTEX,20111028,10.65,10.65,10.65,10.65,100
CHETTINAD,20111028,500,500,467,472,100
CHOLAFIN,20111028,156,162,156,161.15,32172
CILNOVA,20111028,17.5,17.5,17.5,17.5,250
CIMMCO,20111028,75,76.8,75,76.8,409
CINEMAX,20111028,37,37.75,34.65,35.05,7812
CINEVISTA,20111028,3.5,3.55,3.35,3.55,3465
CIPLA,20111028,298.9,300,294.05,297.6,1146804
CLASSIC,20111028,10,10.1,9.6,9.9,26787
CLNINDIA,20111028,687.75,687.75,665,674.6,5124
CLUTCHAUTO,20111028,35,35.9,34.15,34.9,16493
CMAHENDRA,20111028,178,178.25,169.6,172.8,6991
CMC,20111028,760,800,754.1,789.3,29523
COALINDIA,20111028,342,342.8,334.85,338.2,8671739
COLPAL,20111028,1014,1015,990.25,996.75,43521
COMPUAGE,20111028,86.55,96.95,83.1,89.55,465
CONCOR,20111028,989,1057.1,978.2,997.4,225091
CONSOFINVT,20111028,60.2,64,59.2,62.15,1874
CORAL-HUB,20111028,4.45,4.45,4.15,4.4,1637
CORDSCABLE,20111028,30.65,31.15,30,30.6,133
COREEDUTEC,20111028,288.9,288.9,284,286.25,20142
COROENGG,20111028,240.05,241.35,240.05,241.35,142
COROMANDEL,20111028,338.5,340,332,334.55,42582
CORPBANK,20111028,415,421.9,413,415.05,61809
COSMOFILMS,20111028,86.45,90,86.45,89.1,10768
COX&KINGS,20111028,212.35,213.9,209.25,210.15,37140
CPIL,20111028,275,280.7,270,271,8898
CREATIVEYE,20111028,5.05,5.2,5,5.15,1303
CRESTANI,20111028,39.7,40.55,39.3,39.45,12355
CREWBOS,20111028,36,36,34.85,35.35,46317
CRISIL,20111028,884,884,863,878.85,26871
CROMPGREAV,20111028,142.05,143,140,141.1,1435748
CRONIMET,20111028,173.5,180,166.05,169.65,29146
CTE,20111028,9.6,10.3,8.7,10.1,38524
CUB,20111028,44.05,45.55,43.3,45.25,396743
CUBEXTUB,20111028,11.8,11.8,11.05,11.1,954
CUMMINSIND,20111028,389,392.25,378.1,385.05,368114
CURATECH,20111028,100.05,109,98,104,1031
CYBERMEDIA,20111028,13.2,13.2,13.2,13.2,1
CYBERTECH,20111028,10.45,10.85,10.35,10.7,8893
DAAWAT,20111028,45.1,45.15,44.3,44.75,10997
DABUR,20111028,98,100.85,98,100.55,1234917
DALMIABEL,20111028,110,110,107.35,109.05,13617
DALMIASUG,20111028,16.6,17.7,16.2,17.05,26261
DATAMATICS,20111028,26.6,28.1,26.6,27.05,1755
DBCORP,20111028,221.85,226,215.15,223.4,37023
DBREALTY,20111028,74.3,74.3,68.05,70.85,747929
DCB,20111028,44.5,44.9,43.9,44.15,2398317
DCHL,20111028,49.5,50.7,48.2,49.9,649674
DCM,20111028,54,57.9,52.05,54.3,73545
DCMSRMCONS,20111028,48.4,48.4,45.95,46.75,32673
DCW,20111028,9.65,9.65,9.4,9.5,94435
DECCANCE,20111028,149.95,149.95,146.15,147.7,206
DECOLIGHT,20111028,3.6,3.65,3.5,3.55,4767
DEEPAKFERT,20111028,169,169,166,166.6,39052
DEEPAKNTR,20111028,183,183,178,178,125
DEEPIND,20111028,75,79.2,75,76.7,17035
DELTACORP,20111028,99.8,101.4,99.05,99.55,4043526
DEN,20111028,82.35,82.35,79.05,79.75,98159
DENABANK,20111028,75,76.85,75,76.2,1132263
DENORA,20111028,82.05,86.85,82.05,84.25,1112
DENSO,20111028,55.4,56.25,55,55.05,6537
DEWANHOUS,20111028,223,226.9,221.1,223.9,85939
DHAMPURSUG,20111028,40.65,41.6,39.15,39.8,205745
DHANBANK,20111028,66.6,66.95,64.25,65.05,486856
DHANUKA,20111028,108.85,108.85,101.05,102.45,4422
DHARSUGAR,20111028,36.1,37,35.75,35.95,4574
DIAPOWER,20111028,109.6,111,108,110,13802
DICIND,20111028,225.95,226,222.75,222.95,1750
DIGJAM,20111028,9.15,9.25,8.9,9,24845
DISHMAN,20111028,54.3,55.5,51.8,52.2,247173
DISHTV,20111028,76,77.05,75,75.35,1543339
DIVISLAB,20111028,749.9,764,735,761.15,165939
DLF,20111028,235.65,251,235.65,248.8,6577630
DLINKINDIA,20111028,21.95,22,21.05,21.3,9386
DOLPHINOFF,20111028,108,108.8,103.55,104.1,18525
DONEAR,20111028,21.8,21.95,21.4,21.8,1175
DPSCLTD,20111028,2025,2025,1892,1899.4,148
DPTL,20111028,125.95,125.95,119.75,120.5,2960
DQE,20111028,33.6,33.6,32.5,33.15,15362
DREDGECORP,20111028,242,242,233.5,234.7,19437
DRREDDY,20111028,1612.25,1684.7,1612.25,1671.2,494866
DSKULKARNI,20111028,54.4,56.9,54.3,55.65,11799
DWARKESH,20111028,41.1,42.25,40.2,40.95,18371
DYNAMATECH,20111028,1135,1230,1135,1200,23443
DYNASYS,20111028,0.7,0.75,0.7,0.7,2329
EASTSILK,20111028,5.7,5.95,5.7,5.8,21074
ECEIND,20111028,118,123.95,115,122.3,4334
ECLERX,20111028,731,741.95,715.4,735.55,3268
EDELWEISS,20111028,26.95,30.9,26.85,27.55,30260189
EDL,20111028,75,76.95,74.6,75.9,13472
EDSERV,20111028,101.5,101.95,99.2,100.25,207056
EDUCOMP,20111028,263,272.9,262,266.8,1319848
EICHERMOT,20111028,1665,1674.8,1650.45,1658.6,2514
EIDPARRY,20111028,227,228.5,220.05,222.85,37797
EIHAHOTELS,20111028,151.1,158,151.1,152.1,1208
EIHOTEL,20111028,91.5,92.4,90.1,91.15,209594
EIMCOELECO,20111028,177.1,186.95,175,177,156
EKC,20111028,63,64.4,62.2,62.9,537995
ELDERPHARM,20111028,383.05,393,382.5,383.2,52607
ELECON,20111028,71.5,71.5,70.55,70.75,36125
ELECTCAST,20111028,28.1,28.8,27.85,28.1,96701
ELFORGE,20111028,9.45,9.8,9.45,9.8,649
ELGIEQUIP,20111028,71,71,67.5,68.2,25651
ELGIRUBCO,20111028,23.5,24.9,23,23.55,4259
ELNET,20111028,32.75,32.75,31.7,31.7,763
EMAMIINFRA,20111028,32.5,33.2,32.3,32.55,11552
EMAMILTD,20111028,413.95,413.95,405.5,409.25,13200
EMCO,20111028,52,56,50.75,50.95,76545
EMKAY,20111028,48,49,48,48,2337
EMMBI,20111028,14.7,14.8,14.4,14.55,2272
EMPEESUG,20111028,17.75,17.75,16.9,16.9,6132
ENERGYDEV,20111028,39.1,42.95,39.1,41.15,9035
ENGINERSIN,20111028,245.1,248.9,240,240.8,127587
ENIL,20111028,254.9,261.45,248,258.75,36812
EONELECT,20111028,55,56,52.5,52.55,8902
ERAINFRA,20111028,153.1,154,149.9,150.3,230484
EROSMEDIA,20111028,268,272.4,245,261.4,1323876
ESABINDIA,20111028,509.1,512.95,502.4,507.4,1908
ESCORTS,20111028,85.8,86.95,84.9,85.7,2331205
ESL,20111028,6.2,6.35,5.95,6,350258
ESSAROIL,20111028,83.6,85.8,83.6,85.15,768854
ESSARPORTS,20111028,63,68.85,61.35,67,211427
ESSDEE,20111028,182,187.4,180,185.6,26222
ESSELPACK,20111028,37,37.75,36.65,37.55,23206
ESTER,20111028,29.1,29.9,28.7,29.2,21433
EUROMULTI,20111028,6.6,6.6,6.5,6.5,88
EUROTEXIND,20111028,18,19.7,18,18.85,3094
EVEREADY,20111028,35.45,35.5,34.75,34.85,49647
EVERESTIND,20111028,150.15,156.1,150.15,155.05,18614
EVERONN,20111028,382,384,379,380.05,63565
EXCELCROP,20111028,148.25,149,146.65,147.25,7722
EXCELINDUS,20111028,69.5,71,66.8,68,1208
EXCELINFO,20111028,13.1,13.15,12.8,12.95,25660
EXIDEIND,20111028,115,121.4,114.9,119.85,4499533
FACT,20111028,34.1,35.9,33.8,34.95,27680
FAGBEARING,20111028,1337.95,1340,1282,1323.45,7517
FAME,20111028,48.55,49.4,48.5,49.05,10428
FARMAXIND,20111028,3.45,3.5,3.25,3.35,199204
FCH,20111028,138.75,143,138,139.95,31353
FCSSOFT,20111028,0.55,0.65,0.55,0.6,1315584
FDC,20111028,93.15,93.75,91.5,92.25,16056
FEDDERLOYD,20111028,62.95,64.45,62.75,63.6,2264
FEDERALBNK,20111028,397.35,414.95,397.35,411.65,516836
FIEMIND,20111028,180,180,175,176.3,21142
FILATEX,20111028,40.25,41.3,39.5,40.75,5428
FINANTECH,20111028,712.05,741,711.1,732.95,126753
FINCABLES,20111028,38,39.8,38,38.15,110625
FINPIPE,20111028,63,64.4,62.5,64,24303
FIRSTLEASE,20111028,71.4,72.4,70.7,71.65,9340
FIRSTWIN,20111028,17.05,18.15,16.65,16.85,3491
FKONCO,20111028,115,117.7,114,116.45,9869
FLEXITUFF,20111028,215,240.45,207.5,223.25,3057216
FMGOETZE,20111028,229,230.95,225.1,225.8,2513
FORTIS,20111028,125,126.9,123.55,124.85,250359
FOSECOIND,20111028,542,584,542,575.5,1316
FSL,20111028,11.5,11.5,10.85,11.1,1746536
FTCSF5YGRO,20111028,13.4,13.55,13.4,13.55,11800
FUTUREVENT,20111028,8.95,9.2,8.85,8.9,370828
GABRIEL,20111028,42.65,49.95,41.5,48.65,672527
GAEL,20111028,23.05,23.75,23.05,23.55,12452
GAIL,20111028,444.8,449,423.1,429,1280587
GAL,20111028,19.3,19.3,19.3,19.3,8577
GALLANTT,20111028,27.3,29.95,27.2,29,261897
GAMMNINFRA,20111028,13.9,14.45,13.9,14,40386
GAMMONIND,20111028,65.8,67.1,65.65,66.6,24338
GANDHITUBE,20111028,129,129,120.3,123.85,688
GANESHHOUC,20111028,120.45,121.7,119,119.9,2976
GANGOTRI,20111028,4,4.2,3.75,4.1,15214
GARDENSILK,20111028,75.3,78.8,72.55,74.35,40114
GARWALLROP,20111028,54.5,54.5,53.5,53.6,1789
GATI,20111028,55,55.7,53.55,54.1,110597
GAYAPROJ,20111028,153,153.8,147.45,148.75,16729
GDL,20111028,145.4,151.7,144.5,149.3,118000
GEECEE,20111028,31,31.4,30.1,30.8,2118
GEINDSYS,20111028,132,144.4,130,142.05,12385
GEMINI,20111028,20.9,22.5,20.3,21.8,37153
GENESYS,20111028,197,198.65,195.2,198.55,219
GENUSPOWER,20111028,14,14,13.7,13.85,22973
GEODESIC,20111028,60.85,62.4,60.1,60.5,251820
GEOJITBNPP,20111028,18.4,20.6,18.4,18.6,117571
GEOMETRIC,20111028,47.45,47.45,46.3,46.7,33996
GESHIP,20111028,237,245,236,237.25,179518
GHCL,20111028,38,38,36.1,36.35,94475
GICHSGFIN,20111028,90.9,91,89.35,90,96156
GILLANDERS,20111028,85,88.05,85,87.85,430
GILLETTE,20111028,2120,2120,2040,2080.6,2099
GINNIFILA,20111028,7.75,8.7,7.15,7.7,22855
GIPCL,20111028,84,85.3,80.55,81.4,36904
GISOLUTION,20111028,13.8,14.15,13.2,14,1034
GITANJALI,20111028,379.7,383,362,366.85,1577183
GKB,20111028,38,38,36.2,37.95,2788
GKWLIMITED,20111028,479,479,452,457,19
GLAXO,20111028,2142,2199.9,2114,2120.65,9742
GLENMARK,20111028,306.1,306.85,299.2,303.45,594671
GLFL,20111028,3,3,2.9,2.95,629
GLOBALVECT,20111028,19,19.7,18.55,18.95,2191
GLOBOFFS,20111028,84.75,84.75,78.1,79.5,3038
GLOBUSSPR,20111028,112,119.5,111,117.75,93508
GLODYNE,20111028,354.5,394,346.2,347.75,81309
GLORY,20111028,3.4,3.55,3.3,3.4,92764
GMBREW,20111028,83.25,92.9,83.25,84.4,10844
GMDCLTD,20111028,178.2,180.8,176,177.15,231626
GMRINFRA,20111028,26.6,28.35,25.9,27.8,8760564
GNFC,20111028,93.35,94.55,92.35,92.65,49806
GOACARBON,20111028,81.6,81.6,78.1,78.9,3861
GODFRYPHLP,20111028,3450,3600,3450,3585.1,705
GODREJCP,20111028,430,438,418,432.3,176699
GODREJIND,20111028,200.15,204.05,199.4,202.35,252158
GODREJPROP,20111028,680,697.7,666.1,687.4,19613
GOENKA,20111028,37.5,38,37,37.4,12078
GOKEX,20111028,90.05,99,90.05,97.15,37753
GOKUL,20111028,96,99.9,94.1,95.4,8198
GOLDBEES,20111028,2629.9,2659.5,2625.1,2627.8,188097
GOLDENTOBC,20111028,54.3,57,54.3,56.2,891
GOLDIAM,20111028,33.65,35.25,33,33.7,1709
GOLDINFRA,20111028,12.55,12.75,12.05,12.2,3122
GOLDSHARE,20111028,2641.05,2650,2625.5,2627.45,9214
GOLDTECH,20111028,7,7.45,6.95,7.05,4542
GPIL,20111028,122,124,118.25,120.35,46110
GPPL,20111028,70.5,71.5,69.1,70.65,41249
GRABALALK,20111028,19.95,20.85,19.6,20.75,8177
GRANULES,20111028,66.45,66.9,64.1,65.5,6546
GRAPHITE,20111028,73.05,74.6,72.85,73.5,31461
GRASIM,20111028,2502,2612.15,2502,2557.1,107009
GRAVITA,20111028,509,516,505.15,508.95,139644
GREAVESCOT,20111028,91.6,91.6,89.15,89.7,132308
GREENPLY,20111028,203.7,203.7,200,201.05,334
GREENPOWER,20111028,15.5,15.55,15.1,15.15,127304
GRINDWELL,20111028,251,256,251,255,12876
GRUH,20111028,545,552,535.35,539.25,4846
GSFC,20111028,469.8,471.8,463.2,468.25,52706
GSKCONS,20111028,2349,2404.95,2301.2,2381.55,4080
GSLNOVA,20111028,2.8,2.8,2.5,2.5,420
GSPL,20111028,99,100.85,98.4,100.1,848035
GSS,20111028,130,130,128.3,128.8,1261
GTL,20111028,50.5,51.9,50.3,50.6,1287670
GTLINFRA,20111028,10.5,10.5,10.1,10.25,976581
GTNIND,20111028,15.5,15.5,14.05,14.15,2669
GTNTEX,20111028,13.5,13.5,12.3,12.3,726
GTOFFSHORE,20111028,117.8,124.3,117.5,123.25,364177
GUFICBIO,20111028,7,7.3,6.85,7.25,19024
GUJALKALI,20111028,143.7,144,140.05,141.4,195578
GUJAPOLLO,20111028,130,131.95,130,130.55,707
GUJFLUORO,20111028,540,545.4,533.85,539.2,42280
GUJNRECOKE,20111028,24.95,25.2,24.5,24.85,1086143
GUJNREDVR,20111028,17.2,17.3,16.85,17,82718
GUJRATGAS,20111028,427,430,421.1,428.45,14423
GUJSIDHCEM,20111028,8.95,9.05,8.85,9,87598
GULFOILCOR,20111028,72.35,75.35,71.6,74.45,67952
GVKPIL,20111028,14.5,14.75,14.35,14.5,20568967
HALONIX,20111028,60,61,58.5,60.6,2697
HANUNG,20111028,111,114.4,111,113.25,186349
HARITASEAT,20111028,70.9,70.9,67.6,68.6,201
HARRMALAYA,20111028,83.85,84.35,80.35,82.1,20124
HATHWAY,20111028,123.6,125.5,116,116.65,506448
HAVELLS,20111028,365,371.95,362.2,364.15,67036
HBLPOWER,20111028,17.65,18.75,17.65,18.5,32795
HBSTOCK,20111028,12.05,12.7,12.05,12.7,1800
HCC,20111028,28,29.5,28,29.2,4270122
HCIL,20111028,50.05,50.75,49,49.35,11063
HCL-INSYS,20111028,63,64.7,63,63.95,128879
HCLTECH,20111028,437.55,455,437.55,451.75,1338537
HDFC,20111028,685,699.5,681,688.7,2589264
HDFCBANK,20111028,486,494.5,479.75,482.65,4509612
HDFCMFGETF,20111028,2692,2750,2681,2690.25,5380
HDIL,20111028,95.3,100,95.15,99.5,8723240
HEG,20111028,211.9,211.9,206,206.75,8879
HEIDELBERG,20111028,36.05,36.75,35,35.3,58518
HELIOSMATH,20111028,24.5,25,24.4,24.55,7614
HERCULES,20111028,254.35,256,253.05,254.55,25121
HERITGFOOD,20111028,167.95,185,167.95,183.15,27647
HEROMOTOCO,20111028,2160,2231.45,2140,2157.4,527873
HEXAWARE,20111028,91.2,92.5,88.65,89.95,1381364
HFCL,20111028,13.6,13.65,13.1,13.2,436486
HGSL,20111028,315,321.8,311.25,318.7,2545
HIKAL,20111028,281,305.95,281,293.5,9193
HILTON,20111028,13.75,14.85,13.75,14.25,40
HIMATSEIDE,20111028,32.65,33.4,32.55,32.95,10801
HINDALCO,20111028,135.1,144.15,135,142.3,31867922
HINDCOPPER,20111028,220.25,224.7,220.1,222.85,56825
HINDDORROL,20111028,37.5,38.25,36.65,37.3,128672
HINDMOTORS,20111028,13.3,13.4,13.05,13.2,123139
HINDNATGLS,20111028,175,178,163.95,168.25,1827
HINDOILEXP,20111028,111.95,119,111.55,117.1,1181429
HINDPETRO,20111028,345,347.9,335.6,338.1,1520040
HINDSYNTEX,20111028,2.65,2.7,2.55,2.7,8282
HINDUJAFO,20111028,64.45,69,64.35,69,352
HINDUJAVEN,20111028,340,340,330,334.3,856
HINDUNILVR,20111028,347,360,346.2,351.05,3480175
HINDZINC,20111028,124.65,129,124,127.9,1225426
HIRECT,20111028,44.9,45.9,44.15,44.15,7811
HITACHIHOM,20111028,166.85,170,163.6,163.9,19849
HITECHGEAR,20111028,131.3,142,131.3,141.1,4000
HITECHPLAS,20111028,82,82,77,77.8,19
HMT,20111028,42.5,42.5,41.7,42.1,67676
HMVL,20111028,138.5,138.6,129,130.3,68521
HNGSNGBEES,20111028,1250,1310,1225.01,1301,10267
HOCL,20111028,23.6,24.15,23.5,23.75,30225
HONAUT,20111028,2399.95,2399.95,2329,2341.65,671
HONDAPOWER,20111028,371.95,374.95,354.3,356.3,22749
HOPFL,20111028,53.15,56.5,53.15,54,1613
HORIZONINF,20111028,305,306.7,294.95,295.6,1642
HOTELEELA,20111028,40.8,40.8,38.8,39.4,300180
HOTELRUGBY,20111028,5.85,5.85,5.3,5.85,19976
HOVS,20111028,55,56.45,55,55.9,4859
HSIL,20111028,183.15,190.65,183.15,184.1,92257
HTMEDIA,20111028,145,146,141,142.85,11692
HYDRBADIND,20111028,346,349,342,345.45,2768
HYDROS&S,20111028,20.15,20.9,19.35,20,2096
IBPOW,20111028,12.1,12.1,11.2,11.35,1467578
IBREALEST,20111028,72.85,74.45,71.5,74.05,4472313
IBSEC,20111028,7.8,8,7.45,7.55,1375806
IBWSL,20111028,5.3,5.4,4.85,5.2,644046
ICICIBANK,20111028,911.65,935,911.5,933.35,6815316
ICIL,20111028,9.25,9.25,9.15,9.2,3
ICRA,20111028,912.9,937.9,893.4,905.25,3219
ICSA,20111028,55.25,58,55.05,55.75,198901
IDBI,20111028,108,114.3,108,113.7,3791363
IDEA,20111028,95.4,96.45,91.1,92.45,4895017
IDFC,20111028,131.85,134.5,130.9,132.05,8322605
IFBIND,20111028,114,114,106.55,107.4,43136
IFCI,20111028,31.8,32.75,31.5,32.4,12769893
IFGLREFRAC,20111028,33,34.2,32,33.55,7175
IGARASHI,20111028,42.5,45.5,39.5,42.65,3634
IGL,20111028,406,411.25,401.3,409.9,103601
IGPL,20111028,22.75,22.75,21.65,22,509
IIFLNIFTY,20111028,535,535.3,522.85,528.65,33729
IL&FSENGG,20111028,88.2,93.7,88.2,92.7,43724
IL&FSTRANS,20111028,202.9,204.5,200,203.4,46675
IMFA,20111028,303.3,331.95,303.3,329.3,347
IMPAL,20111028,659.8,659.8,621.1,630,54
IMPEXFERRO,20111028,7.25,7.6,7.05,7.6,1055
INDBANK,20111028,8.2,8.4,7.9,8,14712
INDHOTEL,20111028,70.1,71.35,69.4,69.85,4439139
INDIABULLS,20111028,166.8,170.65,151.05,153.35,9261631
INDIACEM,20111028,84.75,84.75,80,82.4,2034117
INDIAGLYCO,20111028,138,143.7,136.3,137.9,168435
INDIAINFO,20111028,74.6,76.2,73.05,73.65,237946
INDIANB,20111028,204.1,208.8,199.2,204.85,567974
INDIANCARD,20111028,82.05,89,82.05,85,503
INDIANHUME,20111028,115,115,111.6,113.7,1844
INDLMETER,20111028,69.95,69.95,66.55,69.2,410
INDNIPPON,20111028,162.2,165,161.8,164.1,684
INDOCO,20111028,390,390,368,369.5,1771
INDORAMA,20111028,34,34,32.3,32.45,9926
INDOSOLAR,20111028,8.8,9,8.65,8.8,192910
INDOTECH,20111028,130.5,131,126.3,130.3,8824
INDOWIND,20111028,9,9.2,8.4,8.4,2397248
INDRAMEDCO,20111028,37.1,37.1,36.25,36.6,19816
INDSWFTLAB,20111028,87,88.25,86.75,87.15,20531
INDSWFTLTD,20111028,30.4,31,29.9,30.2,14133
INDTERRAIN,20111028,115,115,113.6,113.6,150
INDUSFILA,20111028,13.95,13.95,13.95,13.95,200
INDUSINDBK,20111028,273,284.95,273,281.9,407582
INEABS,20111028,624,635,622.35,629.7,1447
INFINITE,20111028,96.25,99.95,96.25,97.55,14822
INFODRIVE,20111028,9.95,10,8.8,8.9,4667
INFOMEDIA,20111028,10.75,11.3,10.6,10.65,9625
INFOTECENT,20111028,116.8,119.5,115.2,117.35,13993
INFRABEES,20111028,270.3,270.3,265.6,266.7,114
INFY,20111028,2921,2971.35,2845.05,2858.65,3108598
INGERRAND,20111028,495,503,490,492.15,30953
INGVYSYABK,20111028,342.95,350.85,338.5,348.3,71558
INNOIND,20111028,95.85,95.85,92,93.3,13947
INOXLEISUR,20111028,52.6,53.6,52,52.5,118179
INSECTICID,20111028,372,374.5,369,370.75,13011
INVENTURE,20111028,161.85,166.85,158.45,160.15,8940
IOB,20111028,95.9,98.6,95.9,97.95,491500
IOC,20111028,296.8,304,294,294.95,994876
IOLCP,20111028,32,32.3,31,31.85,2205
IOLN,20111028,7.75,8,7.6,7.8,1959
IPCALAB,20111028,254.9,254.9,239,240.85,165249
IPGETF,20111028,2698,2720,2691.25,2706.25,1245
IPRINGLTD,20111028,58.2,59,58.2,59,163
IRB,20111028,164,172.35,164,169.25,2969881
ISFT,20111028,50.5,50.55,50.1,50.4,310
ISMTLTD,20111028,33.85,34.35,33.75,34,41335
ITC,20111028,214.7,216.2,212.9,215.5,12172416
ITDCEM,20111028,155.05,159.9,155.05,157.75,1300
ITI,20111028,23.5,23.75,23,23.35,111117
IVC,20111028,33,33,28.05,29.25,84369
IVP,20111028,51,53.05,51,52,3198
IVRCLAH,20111028,31.9,31.9,29.35,30.6,50720
IVRCLINFRA,20111028,37.9,41.25,37.9,40.8,7661892
J&KBANK,20111028,820.1,829.9,810,818.6,12806
JAGRAN,20111028,107,107.95,105.45,107.55,17432
JAGSNPHARM,20111028,13.05,13.05,12.15,12.25,6288
JAIBALAJI,20111028,94.5,94.5,90.75,92.05,32988
JAICORPLTD,20111028,81,87.8,80.35,85.3,927647
JAINSTUDIO,20111028,8.2,8.7,8.2,8.35,638
JAMNAAUTO,20111028,123,125,119.5,120.75,481
JAYAGROGN,20111028,85.2,86.2,83.65,84,1759
JAYBARMARU,20111028,52,57.5,52,53,3614
JAYNECOIND,20111028,18.65,19.25,18.65,18.75,49801
JAYSREETEA,20111028,141.35,142.4,139.5,140.15,16419
JBCHEPHARM,20111028,77.1,78,76.05,76.65,72378
JBFIND,20111028,125.5,126.2,122.05,124.3,63326
JBMA,20111028,60,62.4,60,60.05,635
JCTEL,20111028,1.35,1.4,1.35,1.4,42557
JENSONICOL,20111028,4.4,4.4,3.85,3.9,13446
JETAIRWAYS,20111028,240,253.9,236.75,251.35,1276044
JHS,20111028,31.5,32,30.5,31.05,16147
JIKIND,20111028,5.75,6.25,5.75,6.1,4197
JINDALPHOT,20111028,165.1,173,165.1,169.8,174386
JINDALPOLY,20111028,219.7,242.75,217,232.65,1563130
JINDALSAW,20111028,144.1,151.9,143.3,150.3,313232
JINDALSTEL,20111028,562.95,602.5,551.15,578.55,6948247
JINDALSWHL,20111028,570,591.8,545.5,577,108962
JINDCOT,20111028,70.5,83,70.15,79.7,101422
JINDRILL,20111028,309,328.75,307,316.7,19360
JINDWORLD,20111028,106,113,105.4,109.95,19473
JISLJALEQS,20111028,124.45,129.8,123.9,126,3804627
JKCEMENT,20111028,110,110,108.6,108.8,5277
JKIL,20111028,160,160.8,156.1,156.75,5244
JKLAKSHMI,20111028,42.1,43.6,42,42.8,191027
JKPAPER,20111028,39.5,40.9,38.9,39.7,934388
JKTYRE,20111028,70.95,71.75,70.25,71.4,54056
JMCPROJECT,20111028,130.1,131.95,129.15,131.15,2921
JMFINANCIL,20111028,15.7,16.7,15.7,16.6,429873
JOCIL,20111028,132,133.4,128.9,129.75,2562
JPASSOCIAT,20111028,75.8,79.4,75.25,78.65,21422007
JPINFRATEC,20111028,63.95,64.4,61.85,62.5,2054673
JPPOWER,20111028,39.8,39.8,38.2,39.2,612431
JSL,20111028,91.1,95.9,91.1,94.45,68924
JSWENERGY,20111028,51.45,52.45,50.7,51.85,1027358
JSWISPAT,20111028,13.5,13.8,13.2,13.55,6098105
JSWSTEEL,20111028,611.25,671.9,611.25,665.75,2636540
JUBILANT,20111028,199,202.45,196.1,197.35,41352
JUBLFOOD,20111028,872,878.8,830.5,838.65,981079
JUBLINDS,20111028,185.25,186.95,183.5,185.5,1944
JUMBO,20111028,16,16.4,15.2,16.2,1134
JUNIORBEES,20111028,99.6,100.49,99,100.19,31257
JUPITER,20111028,14.35,14.7,14.3,14.45,98547
JVLAGRO,20111028,15.3,15.75,15.2,15.4,18910
JYOTHYLAB,20111028,140,145,140,140.6,71768
JYOTISTRUC,20111028,60,61.9,60,61.15,83688
KABRAEXTRU,20111028,39,41.3,38.2,40.95,2900
KAJARIACER,20111028,118,120,118,118.55,101096
KAKATCEM,20111028,68.5,69.4,67.7,68,1140
KALECONSUL,20111028,89.2,89.9,86.05,87.05,10923
KALINDEE,20111028,113.5,114.5,112.6,113.35,104251
KALPATPOWR,20111028,105,110,105,108.5,362309
KAMATHOTEL,20111028,92.2,94.8,92.05,92.95,1636
KANORICHEM,20111028,33.9,33.95,32.1,32.35,34336
KANSAINER,20111028,840.05,848.7,840.05,846.7,463
KARMAENG,20111028,12.75,14.25,12.75,13.5,201
KARURVYSYA,20111028,380.5,389,379.35,387.8,64377
KAUSHALYA,20111028,7.4,7.8,7.4,7.55,3744
KAVVERITEL,20111028,144.8,148,140,141,50309
KBIL,20111028,644,644,616.05,620.35,325
KCP,20111028,26,26,25.1,25.35,22244
KCPSUGIND,20111028,17.2,17.2,16.5,16.85,25587
KEC,20111028,57.6,58,56.1,56.95,123487
KECL,20111028,31.1,32.45,30.85,32.25,7368
KEI,20111028,17.1,17.35,16.55,16.8,69511
KEMROCK,20111028,512,519.6,512,512.25,14476
KERNEX,20111028,96.5,96.6,94.25,95.1,29275
KESARENT,20111028,55.4,56,53,55,3156
KESORAMIND,20111028,125.5,135.6,124,125.8,150585
KFA,20111028,24,24.65,23.8,24.4,2679357
KGL,20111028,4.9,4.9,4.9,4.9,295387
KHAITANELE,20111028,92.2,95,91.6,93.2,1045
KHAITANLTD,20111028,20.95,20.95,20.95,20.95,2
KHANDSE,20111028,18.6,22.85,18.6,21.75,300
KICL,20111028,499,522,494.5,515.7,369
KIL,20111028,13.3,14.3,13.3,14.2,1139
KILITCH,20111028,68.75,68.75,62.2,62.9,2182
KINETICMOT,20111028,18.2,18.2,16.2,16.9,7590
KIRIINDUS,20111028,126,128.9,121.65,122.25,28692
KIRLOSBROS,20111028,130,130,126.5,128.95,2263
KIRLOSENG,20111028,128,132.5,127.25,132,4094
KIRLOSIND,20111028,272.6,280,272.1,275.25,699
KITPLYIND,20111028,3.6,3.75,3.6,3.65,2922
KKCL,20111028,765,802.9,765,780.85,575
KLGSYSTEL,20111028,32.05,33.8,31.4,32.7,20259
KLRF,20111028,24.5,24.5,24.5,24.5,4
KMSUGAR,20111028,2.6,2.75,2.6,2.75,2630
KNRCON,20111028,105.1,106,103,104.05,246
KOHINOOR,20111028,44.15,44.9,43.8,44.35,38114
KOLTEPATIL,20111028,36.8,38.15,36.8,37.9,22815
KOPDRUGS,20111028,4.35,4.35,4.35,4.35,751
KOPRAN,20111028,20.75,21.15,20.5,20.65,20161
KOTAKBANK,20111028,505.05,520,499.05,510.4,1433622
KOTAKGOLD,20111028,2655,2661.65,2635.05,2639.4,52735
KOTAKNIFTY,20111028,542,542,538,538,337
KOTAKPSUBK,20111028,345,345,333,335.4,1409
KOTARISUG,20111028,6.25,6.25,6.1,6.25,9112
KOTHARIPET,20111028,7.1,7.5,7.1,7.45,1669
KOTHARIPRO,20111028,496,500,487.1,490.4,315
KOUTONS,20111028,21.55,22.85,21.35,21.45,74405
KPIT,20111028,164,166.85,162,162.5,42281
KPRMILL,20111028,102.5,102.5,99.45,99.55,1297
KRBL,20111028,25.1,25.4,24.8,25.1,469564
KRISHNAENG,20111028,3,3.5,3,3,3380
KRITIIND,20111028,7,8.5,7,7.2,324
KSBPUMPS,20111028,201.55,209,201.55,206.15,1255
KSCL,20111028,488,497,474.15,479.1,11682
KSE,20111028,219.9,240,215.75,238.65,1474
KSK,20111028,107,107,103.9,104.55,23003
KSL,20111028,48,50.9,45.25,50.15,62624
KSOILS,20111028,10.1,10.2,9.9,10.05,4989742
KTIL,20111028,66.5,68,66.5,68,126
KTKBANK,20111028,87.6,88.95,86.55,87.9,591252
KWALITY,20111028,185.1,189.2,178,179.95,1093205
L&TFH,20111028,52,52.4,51.4,51.85,902363
LAKPRE,20111028,38.35,40.95,38.35,40.8,1784
LAKSHMIEFL,20111028,20.35,22,19.85,20.1,100369
LAKSHMIMIL,20111028,1601.5,1775,1601.05,1750.8,36
LAKSHVILAS,20111028,98.75,99.2,97.5,98.8,161256
LANCOIN,20111028,30.05,30.5,30,30.1,21304
LAOPALA,20111028,117.2,119.85,116.2,117.35,9275
LAXMIMACH,20111028,1969,1969,1926.05,1936.45,1580
LCCINFOTEC,20111028,0.55,0.55,0.5,0.5,8432
LGBBROSLTD,20111028,323.9,324,303.1,308.4,3541
LIBERTSHOE,20111028,83.15,85.4,82.6,83.9,41001
LICHSGFIN,20111028,222.2,230,221.5,229.15,7053409
LIQUIDBEES,20111028,999.99,1000.01,999.99,999.99,120524
LITL,20111028,15.25,15.8,15.05,15.65,9000097
LLOYDELENG,20111028,49.5,50,48.6,49.05,9483
LLOYDFIN,20111028,1.05,1.05,0.95,1,10822
LLOYDSTEEL,20111028,12.3,12.8,11.9,12.05,349674
LML,20111028,8.8,9.1,8.7,8.9,124838
LOGIXMICRO,20111028,21.2,21.2,20.25,20.6,5735
LOKESHMACH,20111028,40.5,41.35,39.55,40.75,3843
LOTUSEYE,20111028,10.2,10.8,10.2,10.3,1246
LOVABLE,20111028,484.15,499.6,477.1,496,675505
LPDC,20111028,2.55,2.85,2.55,2.7,4718
LT,20111028,1384.9,1422,1381.15,1417,2769452
LUMAXAUTO,20111028,30,30.95,28.3,30,3038
LUMAXIND,20111028,399.3,399.3,390.5,393.65,5873
LUMAXTECH,20111028,176,182,175.05,178.05,51049
LUPIN,20111028,486.55,494,468.35,474.65,1527669
LYKALABS,20111028,13.9,14.4,13.6,13.7,21534
M&M,20111028,868.25,877.3,858.55,870.5,1721598
M&MFIN,20111028,665,689.9,661.65,683.45,32071
M100,20111028,7.25,7.25,7.12,7.15,46998
M50,20111028,69.1,70.95,68.75,70.3,8671
MAANALU,20111028,53.8,53.8,50.1,51.2,263
MADHAV,20111028,18.5,19.9,18.5,19.2,2759
MADHUCON,20111028,69.5,70.9,68.15,70.3,42038
MADRASCEM,20111028,102,107,101,105.05,208436
MADRASFERT,20111028,24,24.65,23.55,24.2,92726
MAGMA,20111028,64.45,65.45,63.1,63.7,9167
MAGNUM,20111028,4.65,4.8,4.4,4.8,6765
MAHABANK,20111028,51,51.05,49.5,50,239234
MAHINDFORG,20111028,63,64.5,62.5,63.25,34979
MAHINDUGIN,20111028,47,47.5,45.4,46.4,3702
MAHLIFE,20111028,300,309.65,300,304.9,4905
MAHSCOOTER,20111028,325.05,326.05,325.05,326,79
MAHSEAMLES,20111028,325.4,334.85,325.4,329.95,230894
MAITHANALL,20111028,108.1,108.1,108.1,108.1,40
MALUPAPER,20111028,10.55,11.4,10.5,11.2,2072
MALWACOTT,20111028,26.05,28.85,26.05,28.25,2465
MANAKSIA,20111028,57.45,58.65,57.05,57.85,2358
MANALIPETC,20111028,10.95,11.4,10.8,10.9,212662
MANAPPURAM,20111028,59.1,59.1,58,58.8,636123
MANDHANA,20111028,234.2,242,220,225.15,248074
MANGALAM,20111028,15,15,13.15,13.85,6229
MANGCHEFER,20111028,32,33.55,32,33.05,336452
MANGLMCEM,20111028,102.5,105.5,102.1,103.85,18773
MANGTIMBER,20111028,18.2,20.25,18.2,20,5421
MANINDS,20111028,124.5,127,122,124.7,3445
MANINFRA,20111028,128.5,130,128,128.75,6019
MANJEERA,20111028,93,93.5,85.05,85.8,280
MANJUSHREE,20111028,94.5,94.5,91,92.8,8205
MANUGRAPH,20111028,46.95,49,46,47,262
MARALOVER,20111028,12.15,13.35,12.1,13.25,1939
MARG,20111028,85,86.5,84.25,85.45,39170
MARICO,20111028,155.8,157.85,153.15,153.85,259536
MARKSANS,20111028,2.2,2.4,2.15,2.15,306383
MARUTI,20111028,1167,1185,1111.15,1126,1538204
MASTEK,20111028,90.3,91.95,89.1,89.5,41754
MAWANASUG,20111028,17.6,17.85,17.45,17.65,2792
MAX,20111028,181.6,185.8,181,183.9,590034
MAXWELL,20111028,29,29,28.35,28.65,39212
MBECL,20111028,120,124.75,120,120.65,6017
MBLINFRA,20111028,131,133.6,127.9,131,7923
MBSWITCH,20111028,330.05,330.1,255.6,255.6,1946137
MCDHOLDING,20111028,57,57,53.4,54,7755
MCDOWELL-N,20111028,854,866.8,850.2,860.45,304453
MCLEODRUSS,20111028,253.8,261.9,253,260.15,259566
MEGASOFT,20111028,14.9,15.25,14.6,15.1,9065
MEGH,20111028,9.75,9.75,9.4,9.55,40314
MELSTAR,20111028,7.05,7.6,7.05,7.2,180
MERCK,20111028,642,659,642,652.95,2461
MHRIL,20111028,335,347,328.5,344.85,5512
MIC,20111028,9.4,9.55,8.8,9,492530
MICROSEC,20111028,31.35,31.35,30.05,30.35,3797
MICROTECH,20111028,132.9,132.9,129.4,131.15,17246
MINDAIND,20111028,198,198,182.5,188.3,920
MINDTREE,20111028,397,405,395.1,400.15,52470
MIRCELECTR,20111028,17.8,18.15,17.75,17.85,269905
MIRZAINT,20111028,21,21,19,19.55,192777
MLL,20111028,26.25,26.9,25.75,26.4,902064
MMFL,20111028,104,104.8,102,102.75,905
MMFSL,20111028,97.75,104.2,93.65,104.2,20359
MMTC,20111028,649.9,708,649.9,671.55,24126
MOIL,20111028,252,256.5,251.3,252.3,300573
MONNETISPA,20111028,473,473,454,457.8,22607
MONSANTO,20111028,805,805,793,798.65,3353
MORARJETEX,20111028,13,13.05,12.75,12.8,205
MOREPENLAB,20111028,3.9,3.9,3.65,3.7,178491
MOSERBAER,20111028,26.2,28.15,26.05,27.75,1552230
MOTHERSUMI,20111028,184.5,187,181,185,122243
MOTILALOFS,20111028,85,86.5,81.65,83.7,10381
MOTOGENFIN,20111028,37.4,39.85,37.4,39.1,217
MPHASIS,20111028,328,344.45,328,336.85,138210
MPSLTD,20111028,34.3,35.35,34.2,34.35,517
MRF,20111028,6655,6950,6655,6760.75,6554
MRO-TEK,20111028,10.35,10.75,10.25,10.4,2844
MRPL,20111028,64,66.5,63.4,65.25,415048
MSPL,20111028,39.5,42,39.5,40.65,9282
MTNL,20111028,30.8,31.2,30.65,31,514958
MUDRA,20111028,22.55,23.5,22,23.45,1747
MUKANDENGG,20111028,25.1,26.45,25.1,26.1,926
MUKANDLTD,20111028,33,33.5,32.1,33.35,24595
MUKTAARTS,20111028,34.05,39.85,33.3,36.7,6791
MUNDRAPORT,20111028,162.4,170.45,162.4,163.4,1051878
MUNJALAU,20111028,183,183,179.55,182.6,5175
MUNJALSHOW,20111028,74.8,75.95,72.5,73.1,170902
MURLIIND,20111028,20,23.3,20,22.55,2016
MURUDCERA,20111028,17.7,18.15,16.7,18,9024
MUTHOOTFIN,20111028,170.85,183.75,170.85,179.85,695384
MVL,20111028,26.85,26.85,25.1,25.8,267783
MVLIND,20111028,14,14.45,13.1,13.6,1625
MYSOREBANK,20111028,570,575.2,560.05,568.55,2201
N100,20111028,114,117,112.2,114.1,901
NAGREEKEXP,20111028,23.75,23.75,23.05,23.35,2407
NAHARCAP,20111028,51.5,52,50,51.25,4854
NAHARINDUS,20111028,41.6,43.45,41.4,43.45,960
NAHARPOLY,20111028,23.2,23.2,21.95,22.05,885
NAHARSPING,20111028,63.4,63.4,62.2,62.4,6011
NANDAN,20111028,2.35,2.5,2.3,2.4,161420
NATCOPHARM,20111028,223.5,228,220.15,222.05,13630
NATHSEED,20111028,10.55,12.25,10.25,12.25,21906
NATIONALUM,20111028,63.5,67,63.5,64.65,302838
NATNLSTEEL,20111028,16.2,17.15,16.2,16.5,4971
NAUKRI,20111028,700,701,690.2,695.05,35715
NAVINFLUOR,20111028,391,396.5,387,391.2,26149
NAVNETPUBL,20111028,67.95,68,66.4,66.7,101314
NBVENTURES,20111028,178.3,186.75,153,176.15,9605
NCC,20111028,54,55.9,54,54.45,1712709
NCLIND,20111028,35.75,36.9,35.75,36.65,9865
NCOPPER,20111028,18.2,20.45,18.2,20.05,10613
NDTV,20111028,46,48,45.6,47.25,65395
NECLIFE,20111028,22,22.9,21.7,21.85,40464
NELCAST,20111028,25,25.05,24,24.15,78380
NELCO,20111028,52.4,53.95,52.4,53.15,26414
NEPCMICON,20111028,3.2,3.6,3.2,3.35,40355
NESCO,20111028,579,586.9,576.05,581.65,13778
NESTLEIND,20111028,4315,4339.95,4236,4256.3,14264
NET4,20111028,165,165,155.5,157.05,29115
NETWORK18,20111028,65,65.85,63.55,63.85,25015
NEULANDLAB,20111028,87,87,85,85,8
NEXTMEDIA,20111028,5.1,5.15,4.85,5,11835
NEYVELILIG,20111028,82,83.9,81,82.2,162090
NFL,20111028,69.8,69.8,66.25,68.25,81113
NHPC,20111028,23.65,25.1,23.65,24.85,10030425
NICCO,20111028,2.4,2.5,2.3,2.4,55282
NIFTYBEES,20111028,535,547.5,535,545.06,442234
NIITLTD,20111028,48.2,48.3,47.05,48,302525
NIITTECH,20111028,227,234.75,226.3,230.65,62972
NILKAMAL,20111028,264,264,257,258.6,6795
NIPPOBATRY,20111028,398.6,398.75,398.6,398.7,89
NITCO,20111028,47.2,50,47.2,48,5827
NITESHEST,20111028,17.4,18.5,17.4,17.85,44524
NITINFIRE,20111028,41.1,41.55,39.25,39.55,625565
NITINSPIN,20111028,6.4,6.5,6.35,6.4,3985
NMDC,20111028,240,244.4,240,241.8,173808
NOCIL,20111028,16.5,16.7,16.35,16.45,97220
NOIDATOLL,20111028,23.5,23.8,23.1,23.3,171735
NOL,20111028,40.4,40.4,40.4,40.4,100
NORBTEAEXP,20111028,5.45,5.55,4.95,5.3,21625
NORTHGATE,20111028,12,12.1,11.45,11.95,20637
NOVOPANIND,20111028,43,43,39.2,43,149
NRBBEARING,20111028,45.9,46.7,45.1,45.85,11939
NRC,20111028,4.2,4.6,4.1,4.25,3305
NSIL,20111028,629.9,642,615,629.7,142
NTPC,20111028,180,183,175.6,178.55,3816480
NUCENT,20111028,1.75,1.75,1.75,1.75,79
NUCHEM,20111028,2.95,3,2.8,2.95,3017
NUCLEUS,20111028,73.5,73.75,71,71.2,10954
NUMERICPW,20111028,210,210,199,204.05,1907
NUTEK,20111028,1.6,1.65,1.6,1.6,3868687
OBEROIRLTY,20111028,235,239.7,230.6,234.75,39418
OCL,20111028,93.5,96,92.7,94.7,12050
OFSS,20111028,2140,2187.65,2080,2090.05,122373
OIL,20111028,1301.75,1336,1300,1305,27799
OILCOUNTUB,20111028,59.25,60.35,59,59.25,4974
OISL,20111028,50,50,47.8,47.95,8186
OMAXAUTO,20111028,39.15,40,38.95,39.25,16476
OMAXE,20111028,143.2,146.4,142.5,146.15,229252
OMKARCHEM,20111028,66.15,68,66.15,67.4,3743
OMMETALS,20111028,33.95,38,32.4,33.05,29223
OMNITECH,20111028,147.5,150.05,144.65,146.95,7723
ONELIFECAP,20111028,197.4,227,195.1,223.55,3064410
ONGC,20111028,281,294.8,280.25,284.8,3971671
ONMOBILE,20111028,61.25,61.8,58.5,59.3,652284
ONWARDTEC,20111028,36,37.5,36,37.1,1061
OPTOCIRCUI,20111028,238,250,234.75,248.9,442161
ORBITCORP,20111028,33.9,34.6,33.9,34.25,145261
ORCHIDCHEM,20111028,160.8,164.95,160.6,162.25,829070
ORIENTABRA,20111028,35.5,35.65,34.75,35.3,19258
ORIENTALTL,20111028,8.05,8.55,7.7,7.85,2937
ORIENTBANK,20111028,292.25,308.4,292.25,305.05,762697
ORIENTCERA,20111028,47.1,49.05,47.1,49,71
ORIENTHOT,20111028,27.2,27.2,26.2,26.3,4965
ORIENTLTD,20111028,71,75.6,71,73.5,9
ORIENTPPR,20111028,59,60.15,58.45,59,25419
ORISSAMINE,20111028,43500,44289.8,43006.05,43725,573
OSWALMIN,20111028,51.5,51.5,46.8,50,758
OUDHSUG,20111028,20,20.2,19,19.1,36985
PAEL,20111028,22.25,22.85,21.55,22.6,3118
PAGEIND,20111028,2548.9,2548.9,2500,2518.15,1815
PANACEABIO,20111028,96.7,99.8,96.4,97.15,19085
PANAMAPET,20111028,232,235,230,230.15,259
PANASONIC,20111028,108,109,102.6,108.45,237
PANCARBON,20111028,129.45,129.45,128.5,128.6,120
PANORAMUNI,20111028,10,10,9.5,9.9,12815
PANTALOONR,20111028,188,192,186.55,190.95,854158
PAPERPROD,20111028,75,76.95,72.55,73,52144
PARABDRUGS,20111028,38.5,40,37.5,37.8,21956
PARACABLES,20111028,2.9,2.9,2.75,2.8,18211
PARAL,20111028,241,249,241,245.75,3672
PARAPRINT,20111028,27.05,27.05,24.8,25.15,297098
PARASPETRO,20111028,0.45,0.5,0.45,0.5,4927
PARRYSUGAR,20111028,75,75,75,75,87
PARSVNATH,20111028,77.5,80,76.35,78.15,410330
PATELENG,20111028,95.75,100.95,95.4,99.5,616707
PATINTLOG,20111028,32.55,33.85,32.5,33.2,55529
PATNI,20111028,348,355.4,342.3,344.35,94755
PATSPINLTD,20111028,12.5,12.5,11.5,11.5,1833
PBAINFRA,20111028,47.45,48.5,46,46.3,10684
PDPL,20111028,104.6,110.9,101.05,102.25,2134
PDUMJEIND,20111028,19,19,16.05,16.05,100
PDUMJEPULP,20111028,17.2,18,16.85,17.4,727
PEACOCKIND,20111028,2.75,3.1,2.75,3,904
PEARLPOLY,20111028,18.2,18.4,17.35,18.05,16694
PENIND,20111028,39.3,40.2,39.1,39.65,11191
PENINLAND,20111028,41.1,42.8,41.1,42,79109
PERIATEA,20111028,180,180,167,176,471
PERSISTENT,20111028,314,316.65,310,311.3,8200
PETRONENGG,20111028,300.1,305,300.1,301.9,365
PETRONET,20111028,164.35,166.2,163,164.55,1094851
PFC,20111028,150,156.25,150,155.35,2534793
PFIZER,20111028,1350.55,1371.75,1333.05,1351.6,3099
PFOCUS,20111028,57.3,57.4,54.6,54.9,269043
PFS,20111028,15.2,15.9,15,15.2,69191
PGEL,20111028,223,224,215.1,217.15,67633
PGHH,20111028,1945,2007.9,1914,1990.25,3528
PHILIPCARB,20111028,140.2,145,139,140.2,10078
PHOENIXLTD,20111028,193.35,201.85,193.3,199.55,50196
PIDILITIND,20111028,162,163.95,159.45,160.35,77068
PIIND,20111028,605.05,617.95,576,580.3,2455
PIONDIST,20111028,46,48.45,44.35,44.65,3550
PIONEEREMB,20111028,11.6,12.1,11.5,11.95,2583
PIPAVAVDOC,20111028,86.9,87.5,86,86.9,2359276
PIRGLASS,20111028,120.4,125,120.4,122.95,6043
PIRHEALTH,20111028,360,364.85,359.15,360.45,153428
PIRLIFE,20111028,91,93,90.2,92.05,17561
PITTILAM,20111028,49.5,51,47.55,49.9,23932
PLASTIBLEN,20111028,160.05,168.4,159.55,159.8,843
PLETHICO,20111028,392.5,392.5,383.25,388.9,46063
PNB,20111028,960,1001,955,962.4,175926
PNBGILTS,20111028,25,25,24.3,24.55,139232
PNC,20111028,15,15,13.65,14,2812
POCHIRAJU,20111028,13,13.4,12.75,13,10186
POLARIND,20111028,3.9,3.95,3.75,3.85,8379
POLARIS,20111028,141.5,148.6,141.5,147.8,680391
POLYPLEX,20111028,185.75,191,185.05,187.95,67054
PONDYOXIDE,20111028,29,30.45,29,29.35,3411
PONNIERODE,20111028,83.4,83.4,80.1,80.25,185
POWERGRID,20111028,105.5,108,103.25,105,4783829
PPAP,20111028,88,88,78.1,79.95,725
PRADIP,20111028,93.4,96.05,89.15,94.7,89661
PRAENG,20111028,5.95,6.15,5.85,6,43484
PRAJIND,20111028,81.75,85.2,81.75,84.95,2449602
PRAKASH,20111028,45,46.8,45,46.2,204561
PRAKASHCON,20111028,216,244.2,187,226.35,3683881
PRAKASHSTL,20111028,120.2,123,120.15,121.1,1353
PRATIBHA,20111028,44.5,45.25,43.8,44.5,21724
PRECOT,20111028,110,110,107.9,109.15,522
PRECWIRE,20111028,93,94.95,90.05,94,1151
PREMIER,20111028,79.75,80.2,78.95,79.1,2168
PRESTIGE,20111028,98,100.5,96,98.5,179308
PRETAILDVR,20111028,135,135,130.1,130.7,1284
PRICOL,20111028,15.25,15.85,15,15.65,22672
PRIMESECU,20111028,18.25,18.7,17.75,18.2,8577
PRISMCEM,20111028,42.9,43.75,41.9,43.5,228148
PRITHVI,20111028,18.6,18.6,18.1,18.35,10922
PROVOGUE,20111028,30.5,30.5,28.6,28.9,282945
PSB,20111028,72.85,74.95,72.75,73.95,143152
PSL,20111028,63.5,64.1,62.7,63.7,70237
PSUBNKBEES,20111028,332.84,356.48,332.84,348.06,397
PTC,20111028,70.5,72.45,70.3,71.9,1268960
PTL,20111028,39.2,39.9,39.1,39.65,3665
PUNJABCHEM,20111028,67,70.9,66.8,69.45,1020
PUNJLLOYD,20111028,55.75,58.85,55.75,58.4,4396006
PURVA,20111028,74.5,78.4,73.5,77.6,15902
PVP,20111028,4.9,5.25,4.9,5.05,67708
PVR,20111028,130,132,124.9,126.3,26064
QGOLDHALF,20111028,1310.65,1319.95,1302.8,1314,3596
QNIFTY,20111028,544.9,544.9,537,540,429
QUINTEGRA,20111028,2.85,2.95,2.7,2.85,12927
RADAAN,20111028,2.15,2.25,2.15,2.15,3455
RADICO,20111028,126.2,126.2,122.1,124.2,40171
RAINBOWPAP,20111028,65.2,65.2,64.1,64.4,35993
RAINCOM,20111028,31.4,32.45,31.25,31.55,768610
RAJESHEXPO,20111028,147.9,149.1,145.6,146.85,218090
RAJOIL,20111028,21.85,21.85,20.9,21.2,27716
RAJPALAYAM,20111028,210,220,206.05,209.65,76
RAJRAYON,20111028,10.1,10.1,9.7,10.1,286
RAJSREESUG,20111028,44,44.4,42.25,43,2755
RAJTV,20111028,62.1,70.95,62,70.05,233997
RAJVIR,20111028,110,114.1,106.55,106.65,1333
RALLIS,20111028,166,168.3,157,161.4,272690
RAMANEWS,20111028,13.45,13.45,12.2,12.6,10830
RAMCOIND,20111028,43.3,44.25,42.25,43.8,22904
RAMCOSYS,20111028,59,59.4,57.85,58.05,9447
RAMKY,20111028,241.1,246,235.1,237.25,4303
RAMSARUP,20111028,9.25,9.35,9.15,9.2,8711
RANASUG,20111028,3.95,4.05,3.95,4,129484
RANBAXY,20111028,526.05,526.05,512.75,514.65,542995
RANEENGINE,20111028,186,204.7,185.1,191.9,225
RANEHOLDIN,20111028,204,210,202,207.95,860
RANKLIN,20111028,13,13.7,12.75,13.5,11256
RATNAMANI,20111028,105,105,102,102.45,3506
RAYMOND,20111028,401.1,404,390,392.85,284574
RBL,20111028,112.65,114.45,112.5,114.35,160
RBN,20111028,64.9,67.6,64.4,66.6,102430
RCF,20111028,74.4,75.4,73.1,73.85,192493
RCOM,20111028,77.7,81.4,77.15,79.85,8573922
RECLTD,20111028,177,186.3,177,184.7,3473716
REDINGTON,20111028,94,94.5,91.6,93,566913
REFEX,20111028,15.7,15.7,14.6,14.8,5154
REIAGROLTD,20111028,23.2,23.95,23.15,23.55,307015
REISIXTEN,20111028,22.9,22.9,21.25,21.45,1002
RELAXO,20111028,423.95,435,420,428.25,1694
RELBANK,20111028,950,1075,867,943.36,528
RELCAPITAL,20111028,357,376,355,372.05,3177728
RELGOLD,20111028,2581.05,2589.8,2570,2575.15,36607
RELGRNIFTY,20111028,497,497,480,481,57
RELIANCE,20111028,899.7,904,884.1,900,5606883
RELIGARE,20111028,422.05,443.1,422.05,440.15,5383
RELIGAREGO,20111028,2695.65,2720,2686,2712.85,11135
RELINFRA,20111028,437.85,481.9,432.5,464.45,2161067
RELMEDIA,20111028,90.35,96.75,90.1,93.45,667735
REMSONSIND,20111028,23.1,23.1,23.1,23.1,185
RENUKA,20111028,55.9,58.1,55.8,57.95,7010405
REPRO,20111028,184,184,175,179.1,17045
RESPONIND,20111028,107.6,108,107.6,108,4075
RESURGERE,20111028,0.3,0.3,0.25,0.3,4300786
REVATHI,20111028,360,360,350,359.9,149
RICOAUTO,20111028,11.35,11.35,11,11.25,66862
RIIL,20111028,408.8,424.5,405.3,419.95,307560
RJL,20111028,92,93.5,91.05,91.45,6737
RKDL,20111028,16.7,17,16.2,16.4,7338
RKFORGE,20111028,102.2,111.8,102.05,102.65,837
RMCL,20111028,6.1,7.15,6.1,6.5,2121
RML,20111028,118,118.45,116,116.5,2171
ROHITFERRO,20111028,28.4,28.75,28.05,28.35,38664
ROHLTD,20111028,57.8,58.5,55.65,56.1,14160
ROLTA,20111028,79,80,78.15,79.1,448823
ROMAN,20111028,21.2,23.85,21.05,22.2,672
RPGLIFE,20111028,82,82.55,78.25,79.2,661
RPOWER,20111028,94,95.45,92.4,94.8,2513768
RPPINFRA,20111028,67.9,68.7,63.5,63.7,7111
RSSOFTWARE,20111028,54.2,56.9,54.2,55.2,4123
RSWM,20111028,91.55,92.5,90.7,91.9,4389
RSYSTEMS,20111028,112.65,117,109,111.35,72549
RUBYMILLS,20111028,820,834.95,815.25,824.05,124
RUCHINFRA,20111028,22.9,23.85,22.65,22.75,19761
RUCHIRA,20111028,8.1,8.75,8.1,8.6,4846
RUCHISOYA,20111028,108,110.45,106.2,109.9,123651
RUSHIL,20111028,167,168.7,136.85,164.75,334743
SABERORGAN,20111028,122,122.5,122,122.25,4920
SADBHAV,20111028,135,138,130.35,133,5830
SAGCEM,20111028,139,139.9,134,135.55,813
SAHPETRO,20111028,30.45,30.45,29.5,29.5,4284
SAIL,20111028,112.1,117,111.1,116.05,3734257
SAKHTISUG,20111028,27.05,27.65,26.95,27.15,34736
SAKSOFT,20111028,67.5,67.8,64,64.3,1986
SAKUMA,20111028,12.9,13.35,12.6,13.05,3811
SALONACOT,20111028,16.2,19.45,16.15,16.55,730
SALORAINTL,20111028,27,27,26.5,26.5,2105
SALSTEEL,20111028,5.9,6.2,5.6,6.15,37219
SAMBANDAM,20111028,82.95,82.95,82.95,82.95,1
SAMBHAAV,20111028,1.2,1.2,1.2,1.2,799
SANDESH,20111028,270.65,279,270.6,274.9,232
SANGAMIND,20111028,31.3,32,31.3,31.8,2083
SANGHIPOLY,20111028,1.3,1.45,1.2,1.35,91710
SANGHVIFOR,20111028,25.1,25.5,24,24.25,6821
SANGHVIMOV,20111028,120,121.9,117.5,118.5,9423
SANWARIA,20111028,13.95,14.4,13.6,14.15,196370
SARDAEN,20111028,119.85,123.5,112.15,116.95,23534
SAREGAMA,20111028,69.15,69.75,68.5,68.7,12482
SARLAPOLY,20111028,109,112,109,112,1275
SASKEN,20111028,110,112.9,110,111.25,37159
SATHAISPAT,20111028,35.55,36.9,35.55,36.85,6495
SATYAMCOMP,20111028,71.5,73.45,71.4,72.45,3359315
SAVERA,20111028,36.55,38.3,36.45,38.05,1329
SB&TINTL,20111028,16.5,16.85,16.1,16.35,24042
SBBJ,20111028,400,405,392,400.45,8205
SBIGETS,20111028,2702,2720,2679,2688.35,14603
SBIN,20111028,1925,1929.15,1890.25,1909.8,2831439
SBT,20111028,606,606,597,602.05,8715
SCI,20111028,71.5,73.2,71,72.65,501674
SEAMECLTD,20111028,113.5,115.75,110.1,111.75,19582
SEINV,20111028,106.3,113.7,106.3,112.95,9158
SELAN,20111028,304,304,293.65,295.35,23972
SELMCL,20111028,12.5,12.8,12.25,12.35,171590
SENTINEL,20111028,14.6,15.85,14.6,15,5079
SERVALL,20111028,6.4,6.4,6.05,6.1,84764
SESAGOA,20111028,212.65,212.65,203.3,205.6,4401905
SESHAPAPER,20111028,194,194.95,187.05,193.4,478
SEZALGLASS,20111028,2.6,2.8,2.5,2.5,41780
SGFL,20111028,4.15,4.4,4.05,4.1,1898
SGJHL,20111028,159,159.75,153.5,154.8,172956
SGL,20111028,2.85,3.7,2.85,3.5,5901
SHAHALLOYS,20111028,9.5,9.6,9.5,9.6,952
SHAKTIPUMP,20111028,49.4,49.4,44.15,44.9,44324
SHALPAINTS,20111028,499,508.5,496,504.1,5759
SHANTIGEAR,20111028,39,39.6,38.6,39.25,23709
SHARIABEES,20111028,125,125,122.5,123.5,1011
SHARRESLTD,20111028,68.1,70,65.05,65.15,61139
SHASUNPHAR,20111028,62,63.9,61.3,62.8,43511
SHILPAMED,20111028,220.05,224.6,219,223.6,213
SHILPI,20111028,13.8,14.6,13.8,14.3,40900
SHIV-VANI,20111028,203,214.3,199,203.65,1310933
SHIVAMAUTO,20111028,125,125,120.25,120.5,229
SHIVTEX,20111028,24.5,24.8,24.1,24.25,2854
SHLAKSHMI,20111028,113.3,114.4,112,112.5,178631
SHOPERSTOP,20111028,362,362,356,357.5,6755
SHREEASHTA,20111028,6.05,6.1,5.85,5.95,6114215
SHREECEM,20111028,1864,1925,1843.65,1869.75,3111
SHREERAMA,20111028,4.25,4.25,4.1,4.1,110
SHRENUJ,20111028,69.5,74.25,69.5,70.7,10694
SHREYAS,20111028,33.65,33.65,32.65,33.4,3391
SHRIRAMCIT,20111028,528,528,509.95,520,2474
SHRIRAMEPC,20111028,120,120.5,116.4,117.7,130287
SHYAMTEL,20111028,33.6,34.2,33.1,33.65,6134
SICAGEN,20111028,19.35,19.6,19.1,19.3,6581
SICAL,20111028,72,73.25,71.25,71.65,110860
SIEMENS,20111028,849.95,877.4,847.95,851.85,130716
SILINV,20111028,76.05,81.75,76.05,81.55,1247
SIMBHSUGAR,20111028,33.4,33.4,31.5,31.65,839
SIMPLEX,20111028,88.4,89,85,88.05,70
SIMPLEXINF,20111028,220.15,220.15,202.05,208.05,2567
SINTEX,20111028,115.5,117,114.2,115.35,1437120
SIRPAPER,20111028,48.5,48.5,48.25,48.5,166
SITASHREE,20111028,7.15,7.15,6.6,7.1,5020
SIYSIL,20111028,285.3,296.45,285.3,294.8,1029
SJVN,20111028,22.1,22.5,21.95,22.35,111533
SKFINDIA,20111028,660,668.75,653.25,665.8,8932
SKMEGGPROD,20111028,8.6,8.7,8.05,8.2,6179
SKSMICRO,20111028,212,212,201.15,203.3,393335
SKUMARSYNF,20111028,40,40.4,39.3,39.75,2105925
SMARTLINK,20111028,40.05,40.1,39,39.45,10658
SMLISUZU,20111028,391.35,404.8,386.1,389.85,796
SMOBILITY,20111028,99.45,101.4,98.75,100.75,6999
SMPL,20111028,7,7.1,6.9,7,86341
SMSPHARMA,20111028,169,172.9,164,167.55,818
SOBHA,20111028,250,267.9,246.3,256.3,110685
SOFTTECHGR,20111028,4.8,4.9,4.55,4.75,2018
SOLARINDS,20111028,824.4,824.4,810.35,822.85,2493
SOMANYCERA,20111028,49.75,49.75,43.6,46.1,3584
SOMATEX,20111028,4.4,4.5,4.05,4.35,13037
SONASTEER,20111028,14.8,14.8,14.3,14.35,45209
SONATSOFTW,20111028,28.7,29,28.15,28.2,198826
SOTL,20111028,525,539,515,523.45,2947
SOUISPAT,20111028,4.1,4.45,4.1,4.15,36436
SOUTHBANK,20111028,23.6,23.85,23.35,23.5,1889859
SPANCO,20111028,122.5,126.45,122.5,123.25,56312
SPARC,20111028,85,85.8,82.15,83.15,46318
SPENTEX,20111028,8.65,9.3,8.6,9.15,3250
SPIC,20111028,26,26.45,25.75,26.05,153114
SPMLINFRA,20111028,119,126.85,119,120.1,3185
SPYL,20111028,26.25,32,26.25,30.8,16762
SREINFRA,20111028,36.75,37.45,35,35.65,709843
SRF,20111028,301.1,304.95,300,300.5,23021
SRGINFOTEC,20111028,0.45,0.5,0.45,0.45,2107
SRHHLINDST,20111028,3.85,3.95,3.85,3.95,1250
SRHHYPOLTD,20111028,39.25,44.95,39.25,42.5,2630
SRSLTD,20111028,34.4,34.4,33.1,33.95,69919
SRTRANSFIN,20111028,606,619.85,600.9,617.35,846891
SSWL,20111028,228,236.8,225,228.9,55433
STAR,20111028,398.8,399.5,390,397.4,291416
STARPAPER,20111028,25.5,26,22.65,23.45,9839
STCINDIA,20111028,155.8,158.95,155.1,156.15,59983
STER,20111028,126,136.75,125.5,132.8,14336884
STERLINBIO,20111028,69.95,74.75,61.75,67.55,648108
STERTOOLS,20111028,122.75,122.75,105.2,112.2,1528
STOREONE,20111028,14,14.2,14,14.05,4348
STRTECH,20111028,39.4,40.65,39.3,40.35,595823
SUBEX,20111028,43,43.7,42.4,42.85,512754
SUDAR,20111028,77.4,78.4,68.2,69.65,224069
SUDARSCHEM,20111028,686.05,686.05,686.05,686.05,1
SUJANATOW,20111028,24.9,25.1,24.45,24.85,1285554
SUJANAUNI,20111028,4.6,4.6,4.4,4.45,40399
SUMEETINDS,20111028,24.3,24.3,23.4,23.65,32492
SUMMITSEC,20111028,76.4,81.95,76.4,78.3,456
SUNCLAYTON,20111028,145,145,141,144.7,3906
SUNDARAM,20111028,51,51,46,46.45,50588
SUNDARMFIN,20111028,509.9,522,505.55,519.7,103863
SUNDRMBRAK,20111028,155,155,150,155,214
SUNDRMFAST,20111028,58.9,59.3,58,58.3,23707
SUNFLAG,20111028,25.8,25.8,25.55,25.6,14538
SUNILHITEC,20111028,89.5,92,89,90.6,10200
SUNPHARMA,20111028,512,603,503.1,509.5,1293889
SUNTECK,20111028,362,366,361.25,364.85,3736
SUNTV,20111028,257.85,258.65,250,253.75,1249052
SUPER,20111028,152,152,145,145,1182
SUPERSPIN,20111028,7.8,7.8,7.55,7.55,250
SUPPETRO,20111028,65.85,66,64.5,65.4,12268
SUPRAJIT,20111028,21.3,21.6,19.85,19.95,55857
SUPREMEIND,20111028,191,194.8,187.2,191.5,22793
SUPREMEINF,20111028,223.1,229.9,220,224.15,5418
SURAJDIAMN,20111028,47.5,47.9,46.15,46.35,31506
SURANACORP,20111028,90.1,94.8,90.1,94.8,150
SURANAIND,20111028,401,414.25,401,410.85,2497
SURANAT&P,20111028,14.55,14.55,14.25,14.5,8151
SURANAVEL,20111028,28,28,24,24.4,3053
SURYAJYOTI,20111028,23.45,23.45,22.2,22.35,4416
SURYALAXMI,20111028,62,65,62,64,2998
SURYAPHARM,20111028,16.2,16.8,15.5,15.6,134963
SURYAROSNI,20111028,60.5,63,60.5,62.25,13653
SUTLEJTEX,20111028,161.05,166.9,161.05,164.3,1334
SUVEN,20111028,16.25,16.9,16.25,16.7,34631
SUZLON,20111028,37.7,38.7,37.5,38.5,11258988
SWARAJENG,20111028,469.1,475,461.5,465.75,12174
SYMPHONY,20111028,1395,1395,1335.05,1350.35,869
SYNCOM,20111028,14,14,13.3,13.6,6064
SYNDIBANK,20111028,105.55,110.2,105.05,109.5,842551
TAINWALCHM,20111028,21.8,22.75,21.7,21.75,755
TAJGVK,20111028,92.9,93.5,90,90.3,19517
TAKE,20111028,30.8,31.9,28.8,29.8,210864
TAKSHEEL,20111028,29.45,29.5,27,28.5,1142739
TALBROAUTO,20111028,40.5,41.85,38.7,39.05,3113
TALWALKARS,20111028,172.35,176,171.5,175,56874
TANFACIND,20111028,24,24,23.9,24,421
TANLA,20111028,7.7,7.7,7.1,7.3,210730
TANTIACONS,20111028,55,55,51,53.1,1639
TARAPUR,20111028,17.15,17.85,17,17.25,4780
TATACHEM,20111028,326,341,325,337.5,519625
TATACOFFEE,20111028,895,948.8,883.05,892.25,295030
TATACOMM,20111028,188,189.45,184.1,188.65,210368
TATAELXSI,20111028,209.95,226.2,207.2,220.8,338240
TATAGLOBAL,20111028,89,91,89,89.75,1990456
TATAINVEST,20111028,490,494,482.6,486.2,4106
TATAMETALI,20111028,75.55,76.65,75.05,75.45,38734
TATAMOTORS,20111028,197.75,208,197.25,206.8,17870744
TATAMTRDVR,20111028,109,112.5,108.15,111.05,3899446
TATAPOWER,20111028,106,106.2,100.7,101.95,5763494
TATASPONGE,20111028,310,311,306,309,10120
TATASTEEL,20111028,468,491.65,467.1,483.7,5438156
TCI,20111028,79.8,81,77.1,78.05,10378
TCIDEVELOP,20111028,155,165,155,160,523
TCIFINANCE,20111028,28.75,28.8,27.3,28.45,10428
TCS,20111028,1129,1139.1,1111,1121.5,1629558
TDPOWERSYS,20111028,265,265,255,257.45,1197
TECHM,20111028,571,596.5,571,587.5,244140
TECHNO,20111028,229.9,233.25,225.2,228.6,34384
TECHNOFAB,20111028,136,136,133.5,135.65,835
TECPRO,20111028,223.5,223.5,216.55,219,5000
TELEDATAIT,20111028,0.3,0.3,0.25,0.3,173488
TELEMARINE,20111028,0.5,0.55,0.5,0.5,17538
TEXMACOLTD,20111028,31,35,30.7,31,1306628
TEXMOPIPES,20111028,34.5,34.5,33.2,33.6,246732
TEXRAIL,20111028,83.5,84.3,83.25,84,14516
TFCILTD,20111028,26.15,26.9,26.15,26.5,16785
TFL,20111028,15,15.05,15,15.05,700
THANGAMAYL,20111028,179.95,179.95,170.2,171.05,11533
THEMISMED,20111028,109.55,112.8,108,108,122
THERMAX,20111028,448,466.55,448,460.6,95464
THINKSOFT,20111028,47.1,47.9,44.15,44.65,90342
THIRUSUGAR,20111028,75.4,79.2,75,78.85,1074
THOMASCOOK,20111028,49.75,49.85,48.6,48.9,115008
TI,20111028,32.5,33.35,32.35,32.85,79486
TIDEWATER,20111028,6880,6920,6750,6782.5,943
TIIL,20111028,38.5,38.7,37.3,38,2274
TIJARIA,20111028,13.55,14.25,13.35,13.55,400702
TIL,20111028,419.9,419.9,406,410.25,2798
TIMESGTY,20111028,25.25,25.75,23.3,24.65,2953
TIMETECHNO,20111028,62.5,64,61.55,62.15,17660
TIMKEN,20111028,224.9,225.55,219.75,220.9,31198
TINPLATE,20111028,44.1,44.85,44.1,44.65,53580
TIPSINDLTD,20111028,31.8,33.1,31,32.55,17254
TIRUMALCHM,20111028,72.9,72.9,70.2,71.15,2191
TITAN,20111028,219.9,223.15,216.25,217.35,3530742
TNPETRO,20111028,15.6,15.7,15.45,15.55,12951
TNPL,20111028,102,103.9,101.3,102.6,14155
TODAYS,20111028,4.25,5.5,4.25,5.45,15044
TOKYOPLAST,20111028,14.95,14.95,13.4,13.85,102
TORNTPHARM,20111028,585,586,562.35,576,23500
TORNTPOWER,20111028,234.75,236.95,230.2,232.95,25827
TREEHOUSE,20111028,200,205,196.15,198.8,204374
TRENT,20111028,1084,1111,1055,1105.7,9483
TRF,20111028,348,348,330.1,337.65,5666
TRICOM,20111028,11.9,11.9,11.35,11.4,19716
TRIDENT,20111028,12,12.45,11.8,12.05,30828
TRIGYN,20111028,13.3,13.7,13,13.4,3905
TRIL,20111028,220,225.9,220,222.85,2724
TRIVENI,20111028,22.6,23.5,22.6,23.05,955438
TTKHEALTH,20111028,488,488.05,471,478.4,25596
TTKPRESTIG,20111028,2794.85,2814.95,2676.05,2690.4,68899
TTL,20111028,25,25.2,24.1,24.5,3641
TTML,20111028,17.9,18.1,17.6,17.8,1426847
TUBEINVEST,20111028,142,144.9,137.6,139.35,232191
TULIP,20111028,150,152.8,147,148.4,68445
TULSI,20111028,11.1,11.25,10.75,11.05,45749
TULSYAN,20111028,38.25,38.9,38.25,38.5,172
TV18BRDCST,20111028,47.5,47.9,46.1,46.2,98837
TVSELECT,20111028,18.7,19.6,18,19,3572
TVSMOTOR,20111028,69.4,69.8,68.05,68.6,1878216
TVSSRICHAK,20111028,375,380,375,378,3047
TVTODAY,20111028,61.55,62.25,59.6,60.25,58725
TWILITAKA,20111028,37.75,38.35,37,38.35,34455
TWL,20111028,436.5,442,432.6,434.55,8081
UBENGG,20111028,51.95,53.65,51.05,51.45,29913
UBHOLDINGS,20111028,106.5,107.65,104.05,104.6,93833
UBL,20111028,425,433.6,418.05,419.6,21044
UCALFUEL,20111028,82.2,82.2,73.1,73.55,7353
UCOBANK,20111028,69,71.6,68.95,71.05,1915535
UFLEX,20111028,173.3,174.95,171,171.4,485006
UGARSUGAR,20111028,12.8,13.1,12.8,12.95,12073
ULTRACEMCO,20111028,1138.25,1194.1,1117.7,1164.4,215918
UMESLTD,20111028,17.95,19.8,17.35,18,6560
UNICHEMLAB,20111028,133.5,133.5,130.35,130.8,11143
UNIENTER,20111028,27.8,27.8,26.7,27.1,3288
UNIONBANK,20111028,217.85,223,215,222.1,1655706
UNIPHOS,20111028,147.8,151.9,147.8,148.55,767114
UNIPLY,20111028,11.25,11.3,11.2,11.3,1207
UNITECH,20111028,28.6,29.2,28.3,29.05,14670642
UNITEDBNK,20111028,73.2,74,72.85,73.9,63852
UNITY,20111028,40.8,41.7,39.6,39.85,131204
UNIVCABLES,20111028,48.5,50.95,48.5,50.5,1295
UPERGANGES,20111028,43.5,45,42.05,43.45,1084
USHAMART,20111028,33.7,34.2,32.7,33,91358
USHERAGRO,20111028,130.25,130.7,127,127.75,220565
UTISUNDER,20111028,2999.3,3019.6,2164.1,2725.57,2045
UTTAMSTL,20111028,74.9,83.85,73.9,79.7,315817
UTTAMSUGAR,20111028,31,31.5,30.55,31,1782
UTVSOF,20111028,960,960,900,953.9,189016
VADILALIND,20111028,134.5,140,134.5,136.4,2085
VAIBHAVGEM,20111028,33.4,33.4,30.35,31.45,1571
VAKRANSOFT,20111028,365.1,365.1,354.4,357.25,1250
VALECHAENG,20111028,76,78.1,75.35,76.55,17729
VALUEIND,20111028,17.9,17.9,17.4,17.55,2441
VARDHACRLC,20111028,8.9,9.1,8.9,8.95,14630
VARDMNPOLY,20111028,92.9,93.95,90.2,91.85,90801
VARUN,20111028,257,258.7,253.55,255.25,218036
VARUNSHIP,20111028,19.5,19.5,18.85,18.95,93486
VASCONEQ,20111028,48.7,50.4,48.3,49.8,4200
VASWANI,20111028,15.5,15.5,13.75,14.3,1567445
VENKEYS,20111028,475,504.6,472.7,493.7,163633
VENUSREM,20111028,216.25,224,216,218.95,8064
VESUVIUS,20111028,388.55,396.45,388.5,395.25,3143
VGUARD,20111028,217,218,214.2,215.5,88057
VICEROY,20111028,27.05,30,26.4,27.55,14978
VIDEOIND,20111028,176.1,177.45,174.55,175.65,593528
VIJAYABANK,20111028,55,56.3,55,55.8,1616140
VIJSHAN,20111028,16.9,17.45,16.35,16.65,1297
VIKASHMET,20111028,9.75,10.4,9.45,9.55,435134
VIMTALABS,20111028,18.7,20.3,18.7,20.2,32457
VINATIORGA,20111028,64.4,66.4,63,64,12907
VINDHYATEL,20111028,151.4,159.45,151.4,159.05,630
VINYLINDIA,20111028,11.5,11.5,10.4,10.65,4250
VIPIND,20111028,863.3,863.3,815,855,1089175
VIPUL,20111028,10.4,10.4,10.15,10.3,1031
VISAKAIND,20111028,92.55,97.9,90.55,90.95,6612
VISASTEEL,20111028,58.5,58.9,58.5,58.5,7896
VISESHINFO,20111028,3,3.1,2.95,3,21242
VISHALRET,20111028,21.05,22.75,21.05,21.55,18192
VISUINTL,20111028,1.85,2.2,1.85,2.05,31286
VIVIMEDLAB,20111028,272.9,275,266.55,272.9,15212
VLSFINANCE,20111028,11.95,11.95,11.25,11.55,8032
VOLTAMP,20111028,499,499,485,486.05,5433
VOLTAS,20111028,101,102.75,98.7,100.55,2257946
VSTIND,20111028,1319.95,1319.95,1295.05,1301.95,1447
VSTTILLERS,20111028,531,531,510,511.1,251
VTL,20111028,207.75,207.75,204.15,206.3,2123
VTXIND,20111028,13.3,13.3,13.2,13.2,9
WABAG,20111028,364,364,351.5,358.2,4537
WABCOINDIA,20111028,1369,1372,1345,1349.15,600
WALCHANNAG,20111028,85.8,90.55,85.8,87.25,105382
WANBURY,20111028,23.4,24.4,23.4,23.85,3048
WEBELSOLAR,20111028,38,38.7,37.15,37.5,3579
WEIZFOREX,20111028,67,72.95,65.25,67.1,433
WEIZMANIND,20111028,8.55,9,8.5,8.7,1997
WELCORP,20111028,106.5,110.55,105.25,108.8,296668
WELGLOB,20111028,35.15,37.85,34.25,37.85,2743
WELINV,20111028,45.5,49.85,42.3,46.9,913
WELPROJ,20111028,39,40,38.6,39.6,5095
WENDT,20111028,1618,1619.85,1555,1597.8,589
WHEELS,20111028,275,293.5,253,293.5,37579
WHIRLPOOL,20111028,219.85,224.9,215.6,221.1,22011
WILLAMAGOR,20111028,51,52,49.45,51.65,2171
WINDMACHIN,20111028,19,19.05,18.5,18.5,2260
WINSOME,20111028,21.7,22,21.3,21.3,1405
WIPRO,20111028,376.55,390,365.65,374.05,1698761
WOCKPHARMA,20111028,455,455.7,439,442.2,104398
WSI,20111028,16.1,16.5,16.1,16.5,247
WSTCSTPAPR,20111028,69,70,68.55,69.85,6632
WWIL,20111028,8.5,9,8.15,8.35,1104374
WYETH,20111028,981.3,994,980,990.2,1142
XLENERGY,20111028,7.25,7.4,7,7.05,23724
XPROINDIA,20111028,56.6,63.25,56.6,60.4,472336
YESBANK,20111028,312,323.85,312,315.7,3766898
ZEEL,20111028,115.15,118.4,114,117.7,769945
ZEELEARN,20111028,18.9,19.2,18.5,18.95,242660
ZEENEWS,20111028,12.35,12.6,12.35,12.4,335264
ZENITHBIR,20111028,4.8,4.95,4.75,4.85,102594
ZENITHCOMP,20111028,14.05,14.5,14.05,14.1,4913
ZENITHEXPO,20111028,67.5,70.4,67.5,70.4,3
ZENITHINFO,20111028,51.75,57.2,51.75,52.2,729080
ZENSARTECH,20111028,131,132,129.35,130.5,7004
ZICOM,20111028,38.6,39.2,38.25,38.45,4343
ZODIACLOTH,20111028,232,232,213.9,217.4,928
ZODJRDMKJ,20111028,20.5,25.8,20.5,25.45,3
ZUARIAGRO,20111028,587,597,583,594.4,5309
ZYDUSWELL,20111028,575,577,555,559.1,5013
ZYLOG,20111028,414.75,421.85,411,419.35,106035
NSENIFTY,20111028,5341.90,5399.70,5322.80,5360.70,246078412,9151.20
NIFTYJUNIOR,20111028,9772.85,10007.25,9772.85,9997.80,99379619,1816.78
BANKNIFTY,20111028,9837.95,9932.40,9837.35,9917.05,27730083,2148.04
NSEMIDCAP,20111028,7075.55,7249.45,7075.55,7239.80,186784830,1836.73
NSEIT,20111028,6346.45,6432.65,6246.60,6273.95,14571524,1338.85
NSE100,20111028,5183.85,5231.45,5181.50,5217.50,345458031,10967.98
NSE500,20111028,4195.25,4235.15,4195.25,4229.75,641516536,13431.67
MIDCAP50,20111028,2108.05,2155.45,2108.05,2148.75,123846968,1051.45
VIX,20111028,22.69,22.69,20.57,20.89,22.69,-1.80
