20MICRONS,20110630,46,47.9,46,46.75,2707
3IINFOTECH,20110630,45.55,46.65,45,46.3,1590117
3MINDIA,20110630,4005,4369.95,4000,4187.3,1231
A2ZMES,20110630,254.5,259.7,251,252,289842
AANJANEYA,20110630,371.65,379.85,368.2,369.9,650697
AARTIDRUGS,20110630,129,131,128,129.65,1659
AARTIIND,20110630,48,48.6,47.4,48.25,8688
AARVEEDEN,20110630,51.8,52,51.8,51.8,1101
ABAN,20110630,527,530.7,521.3,524.6,534496
ABB,20110630,879.35,880,860.6,875.55,81896
ABBOTINDIA,20110630,1461,1495,1460,1482.15,2907
ABCIL,20110630,125,126,122.3,123.05,3481
ABGSHIP,20110630,362.85,363.75,350.8,352.25,498529
ABHISHEK,20110630,13.6,14.75,13.6,13.85,3374
ABIRLANUVO,20110630,899.9,916.35,892.6,903.15,167336
ACC,20110630,965,979.7,943.1,950.45,351945
ACE,20110630,46.5,50.2,46.5,48.7,342709
ACKRUTI,20110630,196,230,191.65,194.45,465116
ACROPETAL,20110630,17.5,17.6,17,17,351027
ADANIENT,20110630,696.75,720,696,714.9,632595
ADANIPOWER,20110630,110.3,110.3,109.5,109.95,661892
ADFFOODS,20110630,67.95,69.45,66.05,66.85,13230
ADHUNIK,20110630,82.55,85.25,82.5,83.65,167212
ADORWELD,20110630,171.9,177,170.4,175.05,2920
ADSL,20110630,41,41.9,40.5,41.1,108003
ADVANIHOTR,20110630,35.8,36.9,35.8,36,4539
ADVANTA,20110630,252.8,264,252.75,255.95,393129
AEGISCHEM,20110630,225.3,226.95,220.5,223.05,12817
AFL,20110630,42,43.35,42,42.1,2096
AFTEK,20110630,14.15,14.4,13.65,13.7,180346
AGCNET,20110630,165,174.5,165,165.6,1131
AGRE,20110630,48.25,48.25,46.6,47.45,8940
AGRODUTCH,20110630,10.2,11.2,10.2,11.05,30444
AHLEAST,20110630,296.95,329.5,296.95,325.45,16774
AHLUCONT,20110630,108.3,112.9,108.3,110.45,20089
AHLWEST,20110630,195,199,187,189.2,1387
AHMEDFORGE,20110630,118.4,118.4,115.65,116.45,11168
AIAENG,20110630,375,383,371.2,372.6,18623
AJANTPHARM,20110630,305,305,297.25,303,13828
AJMERA,20110630,148,152,147,148,11848
AKSHOPTFBR,20110630,7,7,6.75,6.8,37835
AKZOINDIA,20110630,897,900,886.5,890.7,38369
ALBK,20110630,195,198,193.7,197.15,738478
ALCHEM,20110630,233,233,227.05,229.1,120602
ALEMBICLTD,20110630,19,19.45,18.75,19.15,29834
ALFALAVAL,20110630,1500,1500,1475,1485.3,1199
ALKALI,20110630,51,52.9,50.7,51.05,24938
ALKYLAMINE,20110630,82,83.3,82,83.3,4
ALLCARGO,20110630,161.5,175,159,171.45,18094
ALLSEC,20110630,19.75,19.75,18.2,18.5,833
ALMONDZ,20110630,27.85,27.85,27.05,27.1,351
ALOKTEXT,20110630,25.25,25.3,24.8,25.25,4770945
ALPA,20110630,10.15,10.3,10.15,10.2,1100
ALPHAGEO,20110630,101.5,105.5,99.55,100.1,7297
ALPSINDUS,20110630,3.5,3.65,3.5,3.6,9233
AMAR,20110630,104.9,104.9,101,101.4,182154
AMARAJABAT,20110630,227,231.8,225,225.85,68051
AMARJOTHI,20110630,70,70,63,63.5,504
AMBIKCO,20110630,175.3,179.7,174.1,176.45,3383
AMBUJACEM,20110630,132,134.9,130.3,133.65,2155279
AMDIND,20110630,16.7,17.7,16.7,17.2,9012
AMLSTEEL,20110630,15.65,15.65,15.1,15.15,1042
AMRUTANJAN,20110630,729.95,746,728.05,730.2,44916
AMTEKAUTO,20110630,161.1,163,159.7,162.5,224066
AMTEKINDIA,20110630,84.5,85.8,83.6,85.45,1387812
ANANTRAJ,20110630,62.75,64.8,62.05,63.65,600406
ANDHRABANK,20110630,132.9,135.65,131.55,134.2,1172548
ANDHRACEMT,20110630,11.35,11.35,11.1,11.2,11345
ANDHRSUGAR,20110630,94.95,95.5,94.15,94.7,5932
ANGIND,20110630,22.6,22.6,21,21.4,5003
ANIKINDS,20110630,37.75,40.5,37.75,38.85,1225
ANKURDRUGS,20110630,43.4,43.9,42,42.25,51453
ANSALAPI,20110630,41.9,44.1,41.6,42.6,582162
ANSALHSG,20110630,42.5,42.65,41,42.25,3231
ANTGRAPHIC,20110630,0.3,0.3,0.25,0.25,78411
APARINDS,20110630,232,232.5,230.1,232,8446
APCOTEXIND,20110630,175.9,178.7,173.25,178.15,1450
APIL,20110630,528,529.8,509.05,512.15,316617
APOLLOHOSP,20110630,485.5,486.7,475.15,478,54804
APOLLOTYRE,20110630,77,79.4,76.1,78.25,5874182
APPAPER,20110630,374,374,368.25,369.2,6516
APTECHT,20110630,96.05,100,94.1,95.9,983758
AQUA,20110630,15.75,16.15,15.75,16,71257
ARCHIDPLY,20110630,13.5,13.65,13.25,13.35,2085
ARCHIES,20110630,39.95,40.25,38.5,40,53185
AREVAT&D,20110630,253.5,258.9,251.5,257.35,86337
ARIES,20110630,102,107,100.7,104.75,26998
ARIHANT,20110630,56.8,57.65,56.8,57.65,200
ARL,20110630,2.35,2.4,2.3,2.35,83839
AROGRANITE,20110630,40.25,40.95,40.25,40.3,452
ARROWTEX,20110630,13.5,13.8,12.85,12.95,10638
ARSHIYA,20110630,151.1,152.95,147.4,149,24592
ARSSINFRA,20110630,440.5,459.5,437,446.65,440762
ARVIND,20110630,78.2,79.1,77.1,78,747731
ASAHIINDIA,20110630,78.05,81.2,78.05,80.75,17535
ASAL,20110630,64,68.95,64,64.65,4110
ASHAPURMIN,20110630,19.8,20.25,18.6,18.85,33035
ASHCONIUL,20110630,2.7,2.75,2.7,2.75,1201
ASHIANA,20110630,139,141.65,132,139.1,6807
ASHOKA,20110630,251.1,271,251.1,268.05,14479
ASHOKLEY,20110630,48.8,49.1,47.8,48.6,3541738
ASIANELEC,20110630,10.6,10.6,10,10.15,33082
ASIANHOTNR,20110630,205.5,209,203.75,206.95,3835
ASIANPAINT,20110630,3152,3227,3132.1,3185.1,146943
ASIANTILES,20110630,45,46,44.5,45.95,60801
ASSAMCO,20110630,14.8,15.05,14.8,14.95,159006
ASTEC,20110630,41.8,41.8,40.5,40.75,5764
ASTERSILI,20110630,21.75,22.75,21.75,22.4,11264
ASTRAL,20110630,197.4,198.75,192.8,193.8,9936
ASTRAMICRO,20110630,27,27.8,26.1,27,78656
ASTRAZEN,20110630,1280.1,1313,1278,1279.85,448
ATFL,20110630,386.95,389,374.95,383.9,4025
ATLANTA,20110630,79.95,83,79,82.95,556097
ATLASCYCLE,20110630,257.3,265.5,257.3,259.45,11694
ATNINTER,20110630,1.05,1.2,1.05,1.15,6311
ATUL,20110630,181.35,181.95,176.5,177.95,25494
AURIONPRO,20110630,163,165.5,155.25,163.3,769
AUROPHARMA,20110630,174.8,174.8,171.1,172.15,1472480
AUSTRAL,20110630,2.8,2.8,2.7,2.7,295347
AUTOAXLES,20110630,423.6,430.95,423.45,425,241
AUTOIND,20110630,164,167.7,161,161.65,56808
AUTOLITIND,20110630,22.1,22.65,21.95,22.1,1592
AVANTI,20110630,39.9,39.9,33.55,35.25,2781
AVENTIS,20110630,2026,2123.95,2026,2068.55,879
AVTNPL,20110630,273.5,277.3,265,266.45,23041
AXIS-IT&T,20110630,88.45,89.15,85.7,86.8,51636
AXISBANK,20110630,1295.7,1306,1281.1,1289.55,1511499
AXISGOLD,20110630,2200,2207,2185,2187,214
BAGFILMS,20110630,6.95,6.95,6.85,6.9,57638
BAJAJ-AUTO,20110630,1414.8,1420.75,1396,1407.1,621078
BAJAJCORP,20110630,117.95,117.95,112.4,116.05,13743
BAJAJELEC,20110630,247.4,248,237.1,240.6,250451
BAJAJFINSV,20110630,520.3,520.95,508,514.25,135255
BAJAJHIND,20110630,70,71.7,70,71.1,1534498
BAJAJHLDNG,20110630,725.05,741.8,721,725.35,85974
BAJFINANCE,20110630,602,619,602,609.9,11013
BALAJITELE,20110630,32.75,32.75,31.45,31.95,65155
BALAMINES,20110630,37.55,39,37.55,38.05,2101
BALKRISIND,20110630,154.9,157,154.1,156.55,9410
BALLARPUR,20110630,32.6,33.15,31.65,33,312084
BALMLAWRIE,20110630,612,616,602.25,606.45,10996
BALPHARMA,20110630,27.7,28.3,26.2,27.4,7057
BALRAMCHIN,20110630,62.85,64.6,61.05,62.4,8154981
BANARISUG,20110630,574.9,579,555,556.75,447
BANCOINDIA,20110630,72.1,72.65,70.5,71.8,1997
BANG,20110630,33,34,32.5,33.1,11059
BANKBARODA,20110630,864.25,877.9,864.25,873.35,194635
BANKBEES,20110630,1127,1135,1121.5,1127.82,3780
BANKINDIA,20110630,414,417.4,411.5,413.8,1181357
BANSWRAS,20110630,131,131,130,130,103
BARTRONICS,20110630,61.75,64.4,61.15,62.65,282832
BASF,20110630,604,613.95,597,598.35,6955
BASML,20110630,84.6,85.4,80.6,82,1138
BATAINDIA,20110630,587.8,619,585,612,4023719
BATLIBOI,20110630,19.15,22,19.15,21,490
BAYERCROP,20110630,865,870,848,851.7,2525
BBL,20110630,879.9,889,870,880.5,2041
BBTC,20110630,393,404,393,402.05,1072
BECREL,20110630,11.35,11.75,11.15,11.75,341
BEDMUTHA,20110630,116.55,117.6,115.05,115.35,26283
BEL,20110630,1619.95,1625,1581,1607.65,17310
BELLCERATL,20110630,15.95,15.95,14,14,425
BEML,20110630,596.7,599,578,580.2,61080
BEPL,20110630,30.5,31.7,29.5,30.45,15122
BERGEPAINT,20110630,100.55,102.6,99.15,99.7,143730
BFINVEST,20110630,64.3,65.7,63.1,63.15,1154
BFUTILITIE,20110630,715,717.4,697.55,702.2,154009
BGRENERGY,20110630,461.75,463.15,445.15,447.95,473029
BHAGWATIHO,20110630,103.55,107.8,99.05,101.05,153626
BHAGYNAGAR,20110630,17.65,20.95,17.4,20.95,765339
BHARATFORG,20110630,304.2,318.9,304.05,307.75,2027898
BHARATGEAR,20110630,56.5,56.5,55,55.75,927
BHARATRAS,20110630,98.2,107.1,98.2,107.1,1206
BHARTIARTL,20110630,402,403.8,389.75,394.9,11829151
BHARTISHIP,20110630,128,128.05,126.8,127.3,42691
BHEL,20110630,2038.1,2061.75,2017.5,2050.55,739694
BHUSANSTL,20110630,441.3,449.5,437,438.35,317135
BIL,20110630,55.6,57.65,54.5,56.2,15279
BILENERGY,20110630,23.9,24.95,23.9,24.55,1090
BILPOWER,20110630,94,94.55,91.85,92.05,5503
BIMETAL,20110630,287.5,312.5,287.5,305.6,1667
BINANIIND,20110630,170.15,171,166.6,167.95,36300
BINDALAGRO,20110630,91.75,93.65,90.7,91.45,287952
BIOCON,20110630,358,362,353.2,354.8,345709
BIRLACORPN,20110630,339.6,339.6,325.5,329.6,5007
BIRLACOT,20110630,0.4,0.45,0.4,0.4,3911997
BIRLAERIC,20110630,15.4,15.45,14.9,15.3,2703
BIRLAMONEY,20110630,21.9,21.9,19.8,20.05,14872
BIRLAPOWER,20110630,0.85,0.9,0.85,0.85,3345591
BLBLIMITED,20110630,5,5,5,5,3052
BLISSGVS,20110630,22.2,22.2,21.05,21.2,8016
BLKASHYAP,20110630,19.1,19.4,18.9,19,61575
BLUECHIP,20110630,1.05,1.15,1.05,1.15,29715
BLUECOAST,20110630,145,155,145,152.3,200
BLUEDART,20110630,1367.95,1468,1346.35,1423,18534
BLUESTARCO,20110630,298,302,296,297.5,6752
BLUESTINFO,20110630,89,90,87.5,89.3,2035
BOC,20110630,275.45,281.45,273.15,278.4,14509
BOMDYEING,20110630,355,364.4,354.95,358.2,434237
BOSCHLTD,20110630,6914,6950,6850.1,6882.9,2819
BPCL,20110630,640,657.05,630.55,650.25,1067250
BPL,20110630,23.55,24.55,23.1,24.3,46854
BRANDHOUSE,20110630,20.2,20.8,19.75,19.95,85434
BRFL,20110630,281,285.9,281,284,858372
BRIGADE,20110630,72.8,72.9,71.2,72.6,38569
BRITANNIA,20110630,478,483.8,475.05,479.2,74300
BROADCAST,20110630,10,10.55,10,10,400
BSELINFRA,20110630,4.7,4.7,4.55,4.65,55296
BSL,20110630,22.05,25.25,22.05,24.7,9276
BSLGOLDETF,20110630,2236,2236,2236,2236,1
BSTRANSCOM,20110630,132.55,138.4,131.05,132.15,66079
BURNPUR,20110630,7.75,7.85,7.5,7.65,21159
BVCL,20110630,17.2,17.3,16.8,16.8,3109
CADILAHC,20110630,915,941.9,901.05,918.25,337291
CAIRN,20110630,307.4,313.7,305.6,311.75,5378838
CALSOFT,20110630,29,31.2,29,31.2,123
CAMLIN,20110630,73.4,73.45,72,72.15,69184
CANBK,20110630,524.8,528.9,523,525,767784
CANDC,20110630,109.7,109.9,100.1,102.15,59298
CANFINHOME,20110630,108.85,109.75,108.15,108.8,11395
CANTABIL,20110630,30,32.15,30,31.1,8277
CARBORUNIV,20110630,281,287.65,280.1,285.3,5637
CAROLINFO,20110630,176,177,170.75,171.5,5825
CASTROL,20110630,508.3,534.7,508,528.25,278332
CCCL,20110630,32,32,30.35,30.85,42447
CCL,20110630,210.7,210.7,204,205.65,6054
CEATLTD,20110630,107.5,109.35,105.25,106.2,178163
CEBBCO,20110630,34,35.75,34,35.25,17253
CELEBRITY,20110630,9.7,9.7,9.35,9.6,261
CELESTIAL,20110630,30.5,31.9,29.8,30.6,24001
CENTENKA,20110630,181,183,179.05,180.25,7146
CENTEXT,20110630,3.35,3.4,3.3,3.35,48095
CENTRALBK,20110630,119.55,125.5,119.55,124.15,3107391
CENTUM,20110630,90,91,86.05,90.55,933
CENTURYPLY,20110630,65.55,66,65.1,65.25,5147
CENTURYTEX,20110630,353.5,354.55,348.15,352.5,516984
CERA,20110630,213,214.8,206,207.35,6396
CESC,20110630,301,310.1,294.1,298.5,1350575
CHAMBLFERT,20110630,77.8,81,77.5,80.7,4416239
CHEMFALKAL,20110630,48,48,47.05,47.1,775
CHEMPLAST,20110630,6.95,6.95,6.7,6.85,25658
CHENNPETRO,20110630,228,230.7,220.05,225.05,67397
CHESLINTEX,20110630,12.5,13,12.5,12.5,1674
CHETTINAD,20110630,439,447,422.3,446.95,15608
CHOLAFIN,20110630,158.25,161.45,158.25,160.8,4728
CILNOVA,20110630,16.15,18,16.15,16.5,26712
CINEMAX,20110630,34,34.4,33.75,33.9,23556
CINEVISTA,20110630,3.4,3.55,3.4,3.5,3285
CIPLA,20110630,331.6,335.8,324.5,331.05,2509477
CLASSIC,20110630,11.8,11.8,11.2,11.3,6355
CLNINDIA,20110630,743,755,742,750.85,2084
CMAHENDRA,20110630,245,245.8,241,241.75,42615
CMC,20110630,1142,1145,1116,1123.95,5093
COALINDIA,20110630,390,393.8,389.25,392.85,1614539
COLPAL,20110630,994.65,996.35,966.95,982.35,235174
COMPUAGE,20110630,99.05,100.25,99.05,100.25,257
CONCOR,20110630,1088.95,1089,1018,1039.75,17608
CONSOFINVT,20110630,69.9,71.5,68,68.9,5367
CORAL-HUB,20110630,5.9,6,5.8,5.85,8426
CORDSCABLE,20110630,39,39,34.6,34.95,4025
COREPROTEC,20110630,302.5,302.5,295,295.2,107149
COROMANDEL,20110630,346.25,356.35,345,351.3,470475
CORPBANK,20110630,522.2,535,519.4,526.05,46968
COSMOFILMS,20110630,108.5,110.85,108.4,109.7,43999
COX&KINGS,20110630,183.7,187.65,179.55,181.8,163030
CPIL,20110630,332,339.4,332,334.05,14329
CREATIVEYE,20110630,5.65,6.25,5.65,6.1,32600
CRESTANI,20110630,53.5,53.5,51.35,51.65,23225
CREWBOS,20110630,94.4,95.5,92.5,92.95,62643
CRISIL,20110630,6956.75,6993,6925.3,6947.05,6431
CROMPGREAV,20110630,261,263.25,258.05,259.05,577646
CRONIMET,20110630,122.1,138,122.1,125.8,24150
CTE,20110630,9.5,9.5,9.2,9.45,6346
CUB,20110630,44.95,45,44.5,44.6,444059
CUBEXTUB,20110630,12.35,12.35,12.35,12.35,500
CUMMINSIND,20110630,684.15,684.2,668.2,677.95,137501
CURATECH,20110630,195,203,195,195.65,259
CYBERMEDIA,20110630,19.3,20.95,19.3,20.8,191
CYBERTECH,20110630,13.5,13.8,13.5,13.6,1296
DAAWAT,20110630,49.9,51.65,49.2,49.95,298672
DABUR,20110630,114.65,115.5,113.5,114,4164850
DALMIABEL,20110630,165.1,167.9,165,167.7,729
DALMIASUG,20110630,17,17,16.85,16.85,9112
DATAMATICS,20110630,29.1,30.2,29.1,29.7,800
DBCORP,20110630,237,237.95,228.2,231.7,72098
DBREALTY,20110630,70,71.35,69.15,70.55,370620
DCB,20110630,58.6,60.6,58.6,59.85,3338783
DCHL,20110630,68.8,69.85,68.05,69.35,1750831
DCM,20110630,80.15,82.75,79.25,81.05,105447
DCMSRMCONS,20110630,45,45.75,44.8,44.85,117075
DCW,20110630,10.85,10.9,10.7,10.75,105202
DECCANCE,20110630,148.6,148.6,141,141,102
DECOLIGHT,20110630,6.65,6.65,6.55,6.55,3790
DEEPAKFERT,20110630,166.65,172,165.1,166.4,343948
DEEPAKNTR,20110630,185,188,176,185,474
DEEPIND,20110630,55.25,67.9,54.45,67.9,1622291
DELTACORP,20110630,103.6,103.75,99.5,100.15,5415177
DEN,20110630,87.4,88.45,86.25,87.3,365013
DENABANK,20110630,88,91.7,88,90.5,2738204
DENORA,20110630,88.5,88.5,88.5,88.5,790
DENSO,20110630,64.25,65.45,64.25,64.55,242
DEWANHOUS,20110630,225.55,225.55,215.4,222.25,190445
DHAMPURSUG,20110630,55.95,57.2,55.5,56.8,152941
DHANBANK,20110630,115.85,119.4,114.3,117.3,716645
DHANUKA,20110630,90.7,90.7,87,88.6,37830
DHARSUGAR,20110630,34.35,34.35,33.05,33.5,3881
DHUNINV,20110630,72,74.9,72,74.9,170
DIAPOWER,20110630,159.7,165.05,157.15,158.4,11315
DICIND,20110630,247.45,257.8,247,252.55,1528
DIGJAM,20110630,11.55,11.75,11.3,11.35,51157
DISHMAN,20110630,90.15,93,89.5,90.35,95539
DISHTV,20110630,89.7,89.9,87.45,87.8,3294031
DIVISLAB,20110630,782,801.75,779.2,787.5,678507
DLF,20110630,211.5,212.4,210,210.45,11032815
DLINKINDIA,20110630,27,27.6,27,27.3,14624
DOLPHINOFF,20110630,122.2,131,121,123.35,9987
DONEAR,20110630,24,25,24,24,743
DPSCLTD,20110630,2000.05,2000.05,1974,1980.35,43
DPTL,20110630,153.5,153.6,150,150.2,5470
DQE,20110630,37,37.3,36.1,36.8,60370
DREDGECORP,20110630,300,311.9,300,306.35,26844
DRREDDY,20110630,1544.9,1544.9,1511.2,1531.9,796837
DSKULKARNI,20110630,58.45,59.3,57.55,58.95,15026
DUNCANSIND,20110630,14.35,14.8,14.35,14.5,19200
DWARKESH,20110630,68.1,69.9,68.1,69.25,16762
DYNAMATECH,20110630,1512,1525,1500,1500,2047
DYNASYS,20110630,0.65,0.7,0.65,0.7,9559
EASTSILK,20110630,7.8,7.8,7.35,7.6,17427
EASUNREYRL,20110630,78.5,78.75,76.55,77.4,27428
ECEIND,20110630,113.6,124.4,113.6,122.75,39817
ECLERX,20110630,839,859.9,832.2,844.25,56084
EDELWEISS,20110630,33.05,34,32.5,33.4,412720
EDL,20110630,97.5,100.5,96,96.65,12053
EDSERV,20110630,130,136.4,130,133.15,338150
EDUCOMP,20110630,399,400.85,391,391.9,887854
EICHERMOT,20110630,1319.95,1325.4,1295.05,1300.45,1789
EIDPARRY,20110630,243.85,254.5,243.85,251.5,208047
EIHAHOTELS,20110630,143,143,135.05,137.4,2422
EIHOTEL,20110630,86,86.9,85.6,86.55,117208
EIMCOELECO,20110630,225,228.7,218.5,226.75,408
EKC,20110630,90,93.5,86.5,91.55,1170555
ELDERPHARM,20110630,366,393.95,366,385.5,117041
ELECON,20110630,66,66.7,65.35,65.55,86090
ELECTCAST,20110630,30.05,30.05,29.1,29.35,169175
ELECTHERM,20110630,163.5,163.5,162,163.45,492
ELFORGE,20110630,13.75,13.8,13.05,13.2,13277
ELGIEQUIP,20110630,80.3,81.4,80.05,81.2,15447
ELNET,20110630,34.7,34.7,34.7,34.7,10
EMAMIINFRA,20110630,31.25,34.5,31.25,34.5,133158
EMAMILTD,20110630,473.05,484.9,473.05,476.05,9980
EMCO,20110630,49,49.6,49,49.35,23208
EMKAY,20110630,46,46,42.2,42.85,3470
EMMBI,20110630,12.25,13.5,11.8,12.15,22612
EMPEESUG,20110630,25.7,25.75,25.7,25.75,1454
ENERGYDEV,20110630,35,36.3,34.75,35.2,6227
ENGINERSIN,20110630,275,276.7,273.05,274.2,68487
ENIL,20110630,260.05,262.95,255.5,257.35,26330
ENTEGRA,20110630,22.6,23.45,22.55,23.3,62744
ERAINFRA,20110630,171.8,171.8,170.55,170.85,139363
EROSMEDIA,20110630,173,181.7,172.5,179.55,419007
ESABINDIA,20110630,490,494,481.25,483.7,5439
ESCORTS,20110630,115.3,115.55,112.05,113,831397
ESL,20110630,8.3,8.4,8.1,8.25,147817
ESSAROIL,20110630,122.95,125,121.1,124.6,949951
ESSARPORTS,20110630,99,104.85,95.6,99.2,24196
ESSDEE,20110630,354.9,359.8,351,356.05,7483
ESSELPACK,20110630,46.75,46.8,45.5,45.7,76051
ESTER,20110630,44.1,45.9,44.1,45.9,73379
EUROCERA,20110630,24.35,24.55,23.8,23.9,1729
EUROMULTI,20110630,10.75,10.75,10.3,10.45,2432
EUROTEXIND,20110630,22.5,22.5,21.8,22.2,2457
EVEREADY,20110630,38.8,39.2,38,38.3,330777
EVERESTIND,20110630,159.95,162.4,150,158.95,48470
EVERONN,20110630,534.6,534.7,520.35,527.85,100190
EVINIX,20110630,0.95,1,0.95,0.95,23363
EXCELCROP,20110630,158.7,158.7,153.05,155.9,13554
EXCELINDUS,20110630,75.5,79.9,75.3,78.95,2179
EXCELINFO,20110630,30,32.3,28.75,30.05,646066
EXIDEIND,20110630,165.4,167.2,160.65,161.65,1337237
FACT,20110630,38.8,39.6,38.7,39.1,125464
FAGBEARING,20110630,1180,1199.9,1170,1191.3,2429
FAME,20110630,49.95,50,47.3,49,3213
FARMAXIND,20110630,4.05,4.15,3.9,4.15,310771
FCH,20110630,135.75,139.5,135.1,137.1,88970
FCSSOFT,20110630,0.8,0.85,0.8,0.85,1238585
FDC,20110630,92.25,93.9,91,92.1,98238
FEDDERLOYD,20110630,73.95,74.05,72.5,72.95,3562
FEDERALBNK,20110630,447.9,454.6,445.1,452.65,280239
FIEMIND,20110630,152,152,150,150.95,1257
FINANTECH,20110630,879,891.95,870.05,874.6,170248
FINCABLES,20110630,47,47.15,46.05,46.5,43475
FINPIPE,20110630,75.15,77.9,74.7,74.95,36413
FIRSTLEASE,20110630,86.45,98.7,86,97.45,1477661
FIRSTWIN,20110630,15.95,15.95,14.65,14.75,1811
FKONCO,20110630,131.85,137.2,130.85,134.75,80705
FMGOETZE,20110630,264.1,271.95,263.75,266.95,29383
FORTIS,20110630,157.15,164,156.65,162.75,461834
FOSECOIND,20110630,540,545,539,542.1,424
FOURSOFT,20110630,13.35,13.55,13.15,13.25,21419
FSL,20110630,17.65,18.05,17.45,17.8,1960910
FTCSF5YGRO,20110630,12.95,12.95,12.95,12.95,54050
FUTUREVENT,20110630,9.15,9.15,8.9,8.95,438693
GABRIEL,20110630,49.65,51.25,48.5,49.1,122862
GAEL,20110630,27.7,28.6,27.7,28.3,14065
GAIL,20110630,439.65,446.5,439.05,441.2,1293988
GAL,20110630,13.1,16.35,13.1,16.35,349377
GALLANTT,20110630,16.35,16.35,15.7,15.85,6958
GALLISPAT,20110630,91.05,98,89,95.35,144395
GAMMNINFRA,20110630,14.2,14.2,13.6,13.65,107543
GAMMONIND,20110630,94.5,94.5,91.6,92.1,15095
GANDHITUBE,20110630,119,128.6,115,125.1,668
GANESHHOUC,20110630,139.8,139.8,132,136,9403
GANGOTRI,20110630,6.25,6.3,5.9,6.2,6367
GARDENSILK,20110630,93.05,94.3,91.6,92.25,6967
GARWALLROP,20110630,60.7,63,60.7,61.65,7866
GATI,20110630,62.75,62.75,61.5,61.65,57829
GDL,20110630,125.15,127.7,124.15,126.5,25116
GEECEE,20110630,39.1,39.65,37.9,38,4856
GEINDSYS,20110630,177.5,177.9,173.55,174.7,7546
GEMINI,20110630,25.85,25.85,22,22.8,9839
GENESYS,20110630,252,259.95,248,257.6,105992
GENUSPOWER,20110630,17.6,17.6,16.9,17,108640
GEODESIC,20110630,70.4,71.7,69.8,70.3,230586
GEOJITBNPP,20110630,24,24,23.35,23.5,44568
GEOMETRIC,20110630,51,51.45,50,50.9,29337
GESHIP,20110630,286.9,293.5,278.6,287.6,167136
GHCL,20110630,37.8,38.3,37.8,38.15,29287
GICHSGFIN,20110630,110.5,111.25,109.5,109.9,173677
GILLANDERS,20110630,102.5,103.7,102.1,103.15,1556
GILLETTE,20110630,2026,2169.7,2022.25,2121.5,16087
GINNIFILA,20110630,9.5,9.5,8.9,9.05,11034
GIPCL,20110630,75.95,76.4,74.3,75.75,42565
GISOLUTION,20110630,11,12.4,11,12.25,3011
GITANJALI,20110630,295.1,304.3,294,302.95,1713016
GKWLIMITED,20110630,488,509,482.3,482.55,358
GLAXO,20110630,2350,2391,2341.2,2350.15,8037
GLENMARK,20110630,315,325,312.4,317.25,658049
GLFL,20110630,3.4,3.5,3.4,3.5,6228
GLOBALVECT,20110630,22.4,24.9,21.55,22.3,3081
GLOBOFFS,20110630,112.05,113.15,111.95,112.35,409
GLOBUSSPR,20110630,146.45,146.5,143.25,144.3,55247
GLODYNE,20110630,348.65,354.7,342.6,346,138711
GMBREW,20110630,102.05,104.5,102.05,103.4,1491
GMDCLTD,20110630,155,155,149,149.95,494914
GMRINFRA,20110630,32.95,33.1,32.4,32.65,2691257
GNFC,20110630,98.2,101.45,97.3,99.4,102936
GOACARBON,20110630,84,86,83.6,85.85,3733
GODFRYPHLP,20110630,2775,2940,2700,2837,5875
GODREJCP,20110630,425.05,442,425,431.65,369545
GODREJIND,20110630,207.6,210,205.2,206.65,831517
GODREJPROP,20110630,740,747,731.15,737.2,7992
GOENKA,20110630,56.6,57.45,56.6,57.2,2144
GOKEX,20110630,95.05,97,95,96.95,889
GOKUL,20110630,90.5,91.8,88.55,90.95,20914
GOLDBEES,20110630,2150,2150,2131,2133.75,51763
GOLDENTOBC,20110630,72.5,75.5,71,71.55,61431
GOLDIAM,20110630,35.3,36.4,35.3,36.3,385
GOLDINFRA,20110630,18.1,18.35,18,18.1,168042
GOLDSHARE,20110630,2142.95,2149.65,2133.2,2138.65,4546
GOLDTECH,20110630,7,7.25,6.95,7.2,9342
GPIL,20110630,158,158.5,155,155.7,10039
GPPL,20110630,65.6,65.6,64.5,65,20763
GRANULES,20110630,83.5,83.5,81.55,82.5,6693
GRAPHITE,20110630,90,92.45,89.85,90.5,114275
GRASIM,20110630,2115,2124.5,2080,2095.85,85300
GRAVITA,20110630,343.85,347.95,341.15,342.8,121511
GREAVESCOT,20110630,84,89.3,84,87.6,79003
GREENPLY,20110630,183,193,182.8,191.45,7804
GREENPOWER,20110630,17.2,17.95,17.1,17.5,145016
GRINDWELL,20110630,244,244,239.3,240,3221
GRUH,20110630,433,438.8,427.1,431.35,33094
GSFC,20110630,356.4,361.4,354.5,356.1,74050
GSKCONS,20110630,2449.95,2449.95,2351,2403.4,10094
GSLNOVA,20110630,3.4,3.5,3.35,3.4,17827
GSPL,20110630,88.1,89.45,88,88.9,2201183
GSSAMERICA,20110630,161.9,162.65,158.3,159.55,3392
GTL,20110630,97,97.8,89.75,90.8,14902820
GTLINFRA,20110630,15.5,15.7,14.85,15,12104036
GTNIND,20110630,13.1,15.45,13.1,15.05,3795
GTNTEX,20110630,12.1,15.4,12.1,14.05,2506
GTOFFSHORE,20110630,211,212.5,205.25,210.9,282841
GUJALKALI,20110630,133.75,147.8,132.2,144.3,677091
GUJAPOLLO,20110630,133.95,136.95,133.95,136.35,1468
GUJFLUORO,20110630,394.2,396.95,384.5,390.2,52925
GUJNRECOKE,20110630,48,49,47.45,48.4,435485
GUJNREDVR,20110630,24,27.45,24,26.6,116058
GUJRATGAS,20110630,394,397.95,387.2,390.2,25382
GUJSIDHCEM,20110630,9.7,9.75,9.5,9.6,550595
GULFOILCOR,20110630,85.5,86.5,85.05,85.5,26753
GVKPIL,20110630,19.75,19.85,19.2,19.3,8112210
HALONIX,20110630,78,80,75.25,78.9,3032
HANUNG,20110630,145,154.6,145,151.1,2745873
HARITASEAT,20110630,68,72.5,67.1,70.3,1050
HARRMALAYA,20110630,72.8,72.9,71.6,71.95,14052
HATHWAY,20110630,121,126.5,121,123.1,416227
HAVELLS,20110630,392.8,392.8,381.1,384.5,632172
HBLPOWER,20110630,18.4,19.1,18.35,18.6,52418
HBSTOCK,20110630,13,14.5,13,13.05,2435
HCC,20110630,32.2,32.45,31.65,31.9,4801635
HCIL,20110630,38,42.5,36.35,40.7,166855
HCL-INSYS,20110630,89.25,89.9,88.35,88.65,43309
HCLTECH,20110630,490,499.9,489.5,494.75,1132095
HDFC,20110630,696.2,709.9,696.2,706.3,4189494
HDFCBANK,20110630,2499,2524.95,2476.15,2515.55,1342060
HDFCMFGETF,20110630,2195,2199,2181,2183.2,2132
HDIL,20110630,159.3,161.4,158.35,159.7,4895103
HEG,20110630,233.1,236.5,233,235.6,6120
HEIDELBERG,20110630,38.05,38.45,37.15,37.55,36084
HELIOSMATH,20110630,30.95,31.1,30.4,30.5,2392
HERCULES,20110630,241,245.5,240.4,241.65,13699
HERITGFOOD,20110630,184.15,193,184.15,187.8,420
HEROHONDA,20110630,1847,1887.5,1842,1877.2,596638
HEXAWARE,20110630,69.5,70.4,67.6,69.6,1002029
HFCL,20110630,16.5,16.8,16.25,16.35,1486223
HGSL,20110630,399.25,404.85,395.05,401.05,1074
HIKAL,20110630,295,295,282,290.65,2342
HILTON,20110630,17.4,17.65,17.35,17.35,1626
HIMATSEIDE,20110630,33,33,32.5,32.55,11098
HINDALCO,20110630,183.8,183.8,178.85,180.55,6070224
HINDCOMPOS,20110630,497.95,498.85,481.6,482,300
HINDCOPPER,20110630,266.4,270.55,264.25,266,98688
HINDDORROL,20110630,51.5,51.5,48.5,50.5,107430
HINDMOTORS,20110630,16.55,16.55,16.05,16.15,130949
HINDNATGLS,20110630,199,200,196.5,199.05,903
HINDOILEXP,20110630,178,182,175.7,178.45,1660933
HINDPETRO,20110630,400.2,400.9,389.5,397.5,1968713
HINDUJAFO,20110630,73.95,73.95,72,72,249
HINDUJAVEN,20110630,299.5,300,292.6,294.9,2951
HINDUNILVR,20110630,334,348,333.5,343.65,4476231
HINDZINC,20110630,136.85,137.7,134.4,136.5,975832
HIRECT,20110630,48.45,49.5,48.45,48.9,2197
HITACHIHOM,20110630,192.95,197.4,190.35,196.1,38714
HITECHGEAR,20110630,105.1,111.7,105.1,111.65,669
HITECHPLAS,20110630,83.65,94.7,83.65,86,875
HMT,20110630,60.2,61.2,59.5,59.75,99898
HMVL,20110630,141.7,141.7,138.7,139.25,996
HNGSNGBEES,20110630,1320,1339.5,1315,1325,135
HOCL,20110630,32.95,33.25,32.3,32.75,54598
HONAUT,20110630,2489,2625,2440,2560.35,2568
HONDAPOWER,20110630,395,409.9,395,404.5,6284
HOTELEELA,20110630,40.4,41.75,39.75,41.45,587944
HOTELRUGBY,20110630,9.05,9.05,8.85,8.85,410
HOVS,20110630,86.6,89.45,86.6,87.35,4443
HSIL,20110630,188,189.05,183.7,186.35,127940
HTMEDIA,20110630,169.55,170.8,167.6,170,24352
HYDRBADIND,20110630,384,386.5,382.5,383.9,4023
HYDROS&S,20110630,21.05,21.4,20.9,21,2670
IBN18,20110630,79.95,79.95,75,77.25,655576
IBPOW,20110630,18,18.1,17.75,18.05,151765
IBREALEST,20110630,109.45,113.6,109.45,112.55,2335831
IBSEC,20110630,13.25,13.65,13.15,13.3,273526
ICICIBANK,20110630,1091,1099.5,1077,1094.65,5501188
ICIL,20110630,11.05,11.95,11,11.2,848
ICRA,20110630,1064,1148,1053.5,1133.55,4377
ICSA,20110630,101.9,102.45,99.1,99.5,140438
IDBI,20110630,132.8,137.4,132.2,136.35,5764654
IDEA,20110630,79.15,80.7,78.75,79.85,8691508
IDFC,20110630,130.75,132.6,129.55,131.2,10543885
IFBAGRO,20110630,75,75.8,74.25,75.55,4368
IFBIND,20110630,117.5,117.75,114,114.7,4332
IFCI,20110630,45.15,46,44.7,45.8,7446592
IFGLREFRAC,20110630,33.15,33.15,31.75,31.95,14853
IGARASHI,20110630,46.3,46.95,45.6,46.65,9137
IGL,20110630,376.5,385,376,381.1,398481
IGPL,20110630,24,26.35,24,25.2,232
IL&FSENGG,20110630,148.8,149.4,145.2,147,11373
IL&FSTRANS,20110630,210.05,211.75,207,208.75,38054
IMPAL,20110630,668.05,675,668.05,671.25,495
IMPEXFERRO,20110630,9.85,10.1,9.8,9.8,731
INDBANK,20110630,10.6,10.75,10.35,10.4,23955
INDHOTEL,20110630,77.6,78.6,77,77.5,1878141
INDIABULLS,20110630,159.1,162.55,156.9,161.15,524517
INDIACEM,20110630,71.75,71.75,70.3,71,806026
INDIAGLYCO,20110630,121,132,121,129.75,255123
INDIAINFO,20110630,87,89,85.25,88.2,913199
INDIANB,20110630,213.5,216.5,212.15,212.85,552904
INDIANCARD,20110630,99.9,103.8,99.4,99.55,780
INDIANHUME,20110630,129.45,129.45,125.75,126.5,1516
INDLMETER,20110630,90,96,90,95.35,3132
INDNIPPON,20110630,222.6,249.15,222.6,244.4,323
INDOASIFU,20110630,80.5,82.3,78,80.2,10665
INDOCO,20110630,438.95,438.95,430,430.65,2349
INDORAMA,20110630,41.45,41.8,41.05,41.1,14734
INDOSOLAR,20110630,14.5,14.65,14.2,14.3,140948
INDOTECH,20110630,135.9,139.6,135.9,136.25,18451
INDOWIND,20110630,25.1,25.15,23.6,24.35,569664
INDRAMEDCO,20110630,35.1,35.85,35.1,35.5,1266
INDSWFTLAB,20110630,94.15,95.35,92.8,93.35,13565
INDSWFTLTD,20110630,30,30.45,29.8,29.85,10891
INDUSFILA,20110630,17.6,20.45,17.45,20.15,36428
INDUSINDBK,20110630,275.05,275.05,270.35,272,819328
INEABS,20110630,639,647.5,616.25,617.75,3981
INFINITE,20110630,124.35,125.7,120.5,123.55,25695
INFODRIVE,20110630,13.9,13.9,13.1,13.25,2604
INFOMEDIA,20110630,17.5,17.7,15.45,15.5,339754
INFOTECENT,20110630,147.5,148,143.55,144.55,1771
INFRABEES,20110630,306.25,308.2,306,307.98,296
INFY,20110630,2886.05,2919,2881.5,2910.45,1417730
INGERRAND,20110630,452.25,472.45,452.25,464.2,1582
INGVYSYABK,20110630,345.45,348,340.05,342.75,341732
INNOIND,20110630,88.3,96.35,88.3,92.85,19426
INOXLEISUR,20110630,42.95,43,41.85,42.15,43002
INSECTICID,20110630,337.65,341.7,334.5,335.65,64882
IOB,20110630,146.9,148.45,146.2,146.8,720032
IOC,20110630,337.85,343.9,333.8,336.85,1331595
IOLCP,20110630,35.45,35.75,34,34.55,1803
IOLN,20110630,6.45,6.45,6.4,6.45,43102
IPCALAB,20110630,345.55,347,338.65,344.3,69649
IPGETF,20110630,2213,2213,2191.2,2199.65,121
IPRINGLTD,20110630,76,79.9,76,79,309
IRB,20110630,176,176.15,169.45,172.15,1611731
ISFT,20110630,61.7,62.75,61.05,61.65,7763
ISMTLTD,20110630,41.55,41.85,40.6,40.75,32026
ISPATIND,20110630,19.8,19.9,19.05,19.2,11722173
ITC,20110630,199.65,204,199.55,202.95,11635720
ITDCEM,20110630,158,160,158,158.65,544
ITI,20110630,31.4,31.8,31.2,31.35,102718
IVC,20110630,34.4,34.4,33.1,33.15,29276
IVP,20110630,45.7,45.7,43.1,45.7,1742
IVRCLAH,20110630,46.85,47.75,45.75,46.05,67331
IVRCLINFRA,20110630,61.25,70.6,61.25,69.95,2722990
J&KBANK,20110630,851,875,830.2,840.15,29492
JAGRAN,20110630,125,127.3,123.8,126.6,30753
JAGSNPHARM,20110630,14.65,14.65,14.15,14.15,3952
JAIBALAJI,20110630,174.1,185,173.1,181.9,46936
JAICORPLTD,20110630,121.5,123.7,121.4,121.75,445614
JAINSTUDIO,20110630,10.2,10.2,9.6,9.7,196
JAMNAAUTO,20110630,125.1,125.1,120.1,120.1,353
JAYAGROGN,20110630,80.5,80.5,79,79.55,2093
JAYBARMARU,20110630,75.5,76.75,74.5,75.05,2996
JAYNECOIND,20110630,21.8,22.15,21.45,21.65,41916
JAYSREETEA,20110630,162.5,163.9,160.1,160.55,24081
JBCHEPHARM,20110630,129.4,137.7,127,133.55,752726
JBFIND,20110630,164.5,164.5,162,163.45,262964
JCTEL,20110630,1.15,1.2,1.05,1.15,75191
JENSONICOL,20110630,5,5,4.8,4.85,20006
JETAIRWAYS,20110630,487.05,493,475,479.35,1384927
JHS,20110630,52.6,56,52.1,53.35,74896
JIKIND,20110630,7.65,7.95,7.15,7.45,6227
JINDALPHOT,20110630,159.05,164.65,159.05,160.45,130744
JINDALPOLY,20110630,290.8,299.5,290.2,292.65,208793
JINDALSAW,20110630,159.55,159.8,155,158.25,727547
JINDALSTEL,20110630,633.05,659.9,633.05,652.25,1302756
JINDALSWHL,20110630,989,993.4,964.95,974,44049
JINDCOT,20110630,108.8,110.85,106,106.95,46203
JINDRILL,20110630,445.1,450.55,443,443.65,3323
JINDWORLD,20110630,169.8,174,166.75,168.25,16219
JISLJALEQS,20110630,177,177.9,169,170.35,2814508
JKCEMENT,20110630,111,111.25,107.55,108.35,5197
JKIL,20110630,135,141,133.15,139.65,32220
JKLAKSHMI,20110630,44.9,45.5,43.85,44,67304
JKPAPER,20110630,47.4,47.9,47.25,47.65,45482
JKTYRE,20110630,99.5,99.5,95.4,95.8,232400
JMCPROJECT,20110630,150,157.9,147,156.25,4418
JMFINANCIL,20110630,23.15,23.5,22.75,22.9,393220
JMTAUTOLTD,20110630,70.1,70.1,67.5,68.4,1927
JOCIL,20110630,255,258.75,254.95,256.95,279
JPASSOCIAT,20110630,78.2,81.3,78.15,80.95,14119197
JPINFRATEC,20110630,52.8,59.4,50.95,57.2,1519007
JPPOWER,20110630,45.9,48.5,45.2,47.85,1516130
JSL,20110630,98.95,99,97,97.3,15146
JSWENERGY,20110630,64.95,67.5,64.95,66.85,228620
JSWSTEEL,20110630,880.2,890.2,868.1,883.35,1005199
JUBILANT,20110630,194.7,196.9,191,193.65,95085
JUBLFOOD,20110630,903,961,900,953,3339438
JUBLINDS,20110630,172,182,171.1,178.7,60115
JUMBO,20110630,18.35,18.35,17.7,17.8,810
JUNIORBEES,20110630,111,111.9,110,111.44,41752
JUPITER,20110630,19.75,19.9,19.4,19.5,131149
JVLAGRO,20110630,19.6,20.8,19.6,20.5,16536
JYOTHYLAB,20110630,209.8,220.9,207,217.65,147957
JYOTISTRUC,20110630,85.35,86,84.45,85,96070
KABRAEXTRU,20110630,54.5,55.85,54.5,55.4,3036
KAJARIACER,20110630,93.75,95.25,93.75,94.3,116207
KAKATCEM,20110630,68.1,69.45,68,68.15,436
KALECONSUL,20110630,86.5,86.5,82,82.1,12416
KALINDEE,20110630,104.65,106.7,104.5,105.8,105278
KALPATPOWR,20110630,125,125.9,124.3,125,17507
KAMATHOTEL,20110630,97.1,100.25,95.55,98.25,66801
KANDAGIRI,20110630,96,96,81.05,88.1,48
KANORICHEM,20110630,50,50.35,49.7,50.05,26490
KANSAINER,20110630,881.25,914,881,901.35,2313
KARURKCP,20110630,37.5,39.15,37.5,37.6,28
KARURVYSYA,20110630,406,407.5,404.9,405.1,35553
KAUSHALYA,20110630,9.25,9.95,9.25,9.8,7372
KAVVERITEL,20110630,153.55,158,153.5,157.3,65044
KBIL,20110630,600,644.95,600,617.85,297
KCP,20110630,25.5,25.5,24.6,24.8,35596
KCPSUGIND,20110630,16.25,16.25,15.2,15.4,42954
KEC,20110630,79.9,80.7,78.7,79.35,91296
KECL,20110630,40.75,42.45,40.75,41.65,6370
KEI,20110630,22,22.85,21.1,21.3,66550
KEMROCK,20110630,523,523,514.2,516.8,170313
KERNEX,20110630,94.3,98.75,94.3,98,32587
KESARENT,20110630,48,48,46.5,46.6,1005
KESORAMIND,20110630,170.1,172,166.1,167,183929
KFA,20110630,39.6,40.5,38.75,40.1,3375314
KGL,20110630,11.5,11.6,11.4,11.5,1117145
KHAITANELE,20110630,112.95,112.95,107.85,110,2073
KHAITANLTD,20110630,28.05,28.05,28,28,10
KHANDSE,20110630,17.85,18.3,17.85,17.9,4143
KICL,20110630,650,682.8,642,650.1,226
KIL,20110630,17.15,17.65,17,17.15,8869
KILITCH,20110630,52,52,52,52,453
KINETICMOT,20110630,19.2,19.65,18.6,19.65,44257
KIRIINDUS,20110630,223,223.95,213.5,214.55,25457
KIRLOSBROS,20110630,160,162.8,157.2,160.2,3338
KIRLOSENG,20110630,124.6,124.95,122.05,124.55,1261
KIRLOSIND,20110630,299,299,282.75,286.6,511
KITPLYIND,20110630,3.7,3.8,3.5,3.6,15653
KKCL,20110630,700,724.75,690.55,698.2,5655
KLGSYSTEL,20110630,54.6,55.45,54,54.55,25811
KLRF,20110630,26,27.5,26,26.05,1134
KMSUGAR,20110630,3.5,3.6,3.2,3.3,11097
KNRCON,20110630,129,129.4,124,125.35,2969
KOHINOOR,20110630,50.4,51.8,49.6,50,262678
KOLTEPATIL,20110630,46,46.5,45.35,46.05,43722
KOPRAN,20110630,22.3,22.6,21.45,21.6,61190
KOTAKBANK,20110630,463,483.5,462.05,479.35,1545736
KOTAKGOLD,20110630,2149.9,2149.9,2132,2133.6,4205
KOTAKNIFTY,20110630,570,572.99,567,568.01,213134
KOTAKPSUBK,20110630,401,415,401,414,172
KOTARISUG,20110630,6.35,6.45,6.1,6.15,8997
KOTHARIPET,20110630,7.35,7.75,7.35,7.5,3058
KOTHARIPRO,20110630,431.55,440.85,431.55,437.35,549
KOUTONS,20110630,26.5,27.4,26.5,26.75,83321
KPIT,20110630,173.5,175.95,170.7,173.4,56476
KPRMILL,20110630,117,124.5,117,119.05,5207
KRBL,20110630,26.25,29.5,26.25,28.45,5067353
KRISHNAENG,20110630,3.95,3.95,3.7,3.95,12490
KSBPUMPS,20110630,222.15,235,222.15,230.8,1967
KSCL,20110630,420,428.7,411,420.05,43010
KSE,20110630,196,204,194.4,201.6,1334
KSERASERA,20110630,11.15,11.15,11,11,319658
KSK,20110630,111.05,111.05,109.6,110.05,82354
KSL,20110630,73.35,75.8,72.65,73.45,44519
KSOILS,20110630,22.5,22.8,21.85,22.1,15476299
KTIL,20110630,71.25,83,71.25,82.95,4844
KTKBANK,20110630,131.4,133.75,129.45,130.75,3280403
KWALITY,20110630,133.25,137.7,133.25,137.1,551726
LAKPRE,20110630,44.45,44.45,43.7,43.7,146
LAKSHMIEFL,20110630,38.8,41.2,38.5,39.35,122904
LAKSHMIMIL,20110630,1724,1780,1720.1,1769.95,49
LAKSHVILAS,20110630,122.7,122.7,119.55,120.05,202875
LANCOIN,20110630,37.8,37.8,36.2,36.35,18329
LAOPALA,20110630,73.25,78.5,73.25,76.2,2433
LAXMIMACH,20110630,2109,2119,2070,2095.6,4010
LCCINFOTEC,20110630,0.7,0.7,0.65,0.7,26287
LGBBROSLTD,20110630,279.5,287,279.5,285.3,8283
LGBFORGE,20110630,2.85,2.85,2.8,2.8,500
LIBERTSHOE,20110630,103.9,106.5,101.5,103.55,1089710
LICHSGFIN,20110630,241,244,237.5,243.15,6171956
LIQUIDBEES,20110630,1000,1000.01,999.99,1000,182063
LITL,20110630,24.9,24.9,23.25,23.5,27295085
LLOYDELENG,20110630,50.6,51.2,50.1,50.4,10111
LLOYDFIN,20110630,1.2,1.2,1.2,1.2,900
LLOYDSTEEL,20110630,16.15,17.05,16.15,16.3,572304
LML,20110630,9.1,9.25,9,9.1,58697
LOGIXMICRO,20110630,17.8,17.8,16.55,16.95,4045
LOKESHMACH,20110630,41.2,43,41.2,42.65,3267
LOTUSEYE,20110630,10.5,10.85,10.45,10.6,5810
LOVABLE,20110630,403.5,427.8,403.05,418.4,3288782
LPDC,20110630,2.7,2.8,2.6,2.75,4348
LT,20110630,1819,1834.85,1797.1,1823.75,1938356
LUMAXAUTO,20110630,39.35,39.35,37.15,37.9,685
LUMAXIND,20110630,341,341,320.3,324.9,20145
LUMAXTECH,20110630,177.05,178.95,176.5,178,3600
LUPIN,20110630,449.75,454.8,444.45,449.2,1539038
LYKALABS,20110630,18.8,19.4,18.8,19.1,8674
M&M,20110630,693.1,705,691.2,701.9,1899913
M&MFIN,20110630,632,730,616.05,626.95,38770
M100,20110630,8.05,8.05,7.71,7.78,82746
M50,20110630,77,77,73.46,75.41,37680
MAANALU,20110630,58.5,58.5,58.5,58.5,28
MADHAV,20110630,17.8,17.8,16.6,17.05,2372
MADHUCON,20110630,87,89.5,85.5,88.35,20276
MADRASCEM,20110630,81.95,82,81.5,81.55,12544
MADRASFERT,20110630,26.4,27.35,26.3,26.7,187471
MAGMA,20110630,74.45,74.45,72.15,72.95,12659
MAGNUM,20110630,5.2,5.3,5.2,5.2,1971
MAHABANK,20110630,56.45,56.6,55.6,56.4,111255
MAHINDFORG,20110630,65.8,65.8,63.65,64,15206
MAHINDUGIN,20110630,49.7,51.45,49.05,49.25,5990
MAHLIFE,20110630,362.5,367,357.35,360.2,4063
MAHSCOOTER,20110630,350,350,345,349,1296
MAHSEAMLES,20110630,376,378,372,376.35,3214
MALUPAPER,20110630,13.05,13.1,12.75,12.8,1382
MALWACOTT,20110630,35.5,36.5,35.1,35.7,6614
MANAKSIA,20110630,68.25,69.5,67.3,67.5,5620
MANALIPETC,20110630,13.6,13.7,13.25,13.3,162300
MANAPPURAM,20110630,56.8,57.3,55.85,56.3,1396638
MANDHANA,20110630,192.8,192.8,186.35,188.3,61219
MANGALAM,20110630,13.4,13.55,13.25,13.25,1548
MANGCHEFER,20110630,29.5,30.3,29.45,30,377510
MANGLMCEM,20110630,111.6,112.55,107,107.7,15222
MANGTIMBER,20110630,16.1,16.45,16.05,16.3,889
MANINDS,20110630,144.8,146.3,141,142.6,63859
MANINFRA,20110630,120,124.55,119.5,122.5,11869
MANJEERA,20110630,89,93.1,87.85,89.35,1150
MANJUSHREE,20110630,73.95,73.95,72.5,73.05,1344
MANUGRAPH,20110630,50,50.35,49.55,50.2,16268
MARALOVER,20110630,12.25,13.5,12.25,13.45,11110
MARG,20110630,93,93.35,90.1,90.65,39345
MARICO,20110630,157,159.5,154,155.55,440743
MARKSANS,20110630,2.7,2.7,2.5,2.55,226864
MARUTI,20110630,1185,1186.75,1154.05,1159.9,416028
MASTEK,20110630,114.2,117.25,112.1,116.35,97287
MAWANASUG,20110630,24,24.5,23.25,23.6,6984
MAX,20110630,183.2,186.8,181.3,183.35,465997
MAXWELL,20110630,18.8,19.25,18.4,18.8,15898
MBECL,20110630,144.75,144.8,142.4,143.55,5212
MBLINFRA,20110630,145.5,151,145.05,146.2,12422
MCDHOLDING,20110630,84.95,85.5,83.6,85.1,6278
MCDOWELL-N,20110630,963.75,991.8,960.2,980.15,491411
MCLEODRUSS,20110630,273,273,266.2,269.7,185969
MEGASOFT,20110630,23.1,23.5,23.1,23.2,30293
MEGH,20110630,11.65,12.25,11.5,11.95,103616
MELSTAR,20110630,7.1,8,7.1,7.6,3257
MERCK,20110630,615,646.95,612.1,630.25,18443
MHRIL,20110630,348.55,349.9,345.05,348.55,15219
MIC,20110630,14.15,14.4,13.8,13.95,468836
MICROSEC,20110630,37,38.3,36.95,37.2,5348
MICROTECH,20110630,130.25,133.4,130.15,131.3,145842
MINDAIND,20110630,243,247.95,237.05,239.9,430
MINDTREE,20110630,375,430,361,396.6,3986108
MIRCELECTR,20110630,25.6,26.6,25,26.05,207283
MIRZAINT,20110630,22.3,22.4,21.6,21.95,113065
MLL,20110630,40.1,40.65,39.5,40.05,2052982
MMFL,20110630,110,111.5,109.05,110.05,288
MMFSL,20110630,76,76.8,72.6,75.25,11712
MMTC,20110630,914.95,930.05,905.25,912.65,15298
MOIL,20110630,335.05,338,332.7,334.35,88337
MONNETISPA,20110630,499.15,504,495.15,498.45,3460
MONSANTO,20110630,1729.95,1769,1710.05,1730.1,3445
MORARJETEX,20110630,14,15.8,14,15.8,665
MOREPENLAB,20110630,4.75,4.75,4.55,4.6,119373
MOSERBAER,20110630,39.4,39.45,38.3,39.1,422490
MOTHERSUMI,20110630,222.8,228,218.5,225.45,46583
MOTILALOFS,20110630,95.5,95.5,93.55,94.25,25567
MOTOGENFIN,20110630,44,45.55,44,45,1242
MPHASIS,20110630,442,445,433,434.5,88989
MPSLTD,20110630,34.6,36.5,34.6,34.7,1583
MRF,20110630,6775.05,6873.75,6660,6697.5,14375
MRO-TEK,20110630,15.8,15.8,15.05,15.15,6961
MRPL,20110630,76,78,75.7,77.7,744664
MSPL,20110630,45.5,45.5,43.5,43.95,12706
MTNL,20110630,43.25,43.55,42.65,42.95,1505287
MUDRA,20110630,46.7,47.1,45,45.1,11364
MUKANDENGG,20110630,36,36,30.6,31.4,6364
MUKANDLTD,20110630,42.5,42.5,40.85,41.25,5587
MUKTAARTS,20110630,36.8,38.85,36.25,37.1,3486
MUNDRAPORT,20110630,158.85,163.25,157.05,161.95,2743578
MUNJALAU,20110630,130.55,131,129.75,130.75,2035
MUNJALSHOW,20110630,56.8,57.75,56.8,57.15,7218
MURLIIND,20110630,24.4,24.95,24.25,24.6,3944
MURUDCERA,20110630,17.85,17.95,17.6,17.65,4154
MUTHOOTFIN,20110630,160.15,161.35,155,157,316850
MVL,20110630,25.2,25.5,23.2,25.1,73895
MVLIND,20110630,15.5,16.1,15.5,16.1,523
MYSOREBANK,20110630,635,638,630.75,636.35,1314
N100,20110630,100.95,101.5,100.95,101.1,477
NAGARFERT,20110630,34.25,36,34.25,35.8,4114733
NAGREEKCAP,20110630,27.45,27.45,27.45,27.45,50
NAGREEKEXP,20110630,22,22.75,22,22.4,3622
NAHARCAP,20110630,60.45,60.5,59,60.05,319
NAHARINDUS,20110630,52.5,52.5,51.1,51.55,2687
NAHARPOLY,20110630,28.25,28.5,28.2,28.35,1065
NAHARSPING,20110630,88.9,88.9,78.15,81.2,22459
NANDAN,20110630,2.5,2.55,2.5,2.5,191812
NATCOPHARM,20110630,267.05,269.65,264.1,265.6,3587
NATIONALUM,20110630,84.7,85,82.2,82.75,255697
NATNLSTEEL,20110630,18.1,19.4,18.1,18.8,48452
NAUKRI,20110630,730,730,721,722.15,26906
NAVINFLUOR,20110630,289,291,285,288.2,6845
NAVNETPUBL,20110630,64.7,64.7,62.5,63.1,103529
NBVENTURES,20110630,214.9,214.9,209,210.15,6218
NCC,20110630,81.3,82.2,79.8,81.2,1193756
NCLIND,20110630,37.2,37.2,35.8,36.25,4605
NDTV,20110630,63.5,68.8,62.4,67.9,228768
NECLIFE,20110630,25.75,26.1,25.4,25.95,83785
NEHAINT,20110630,157.1,170,157.1,169.35,87654
NELCAST,20110630,99,101.45,97.4,101.1,11481
NELCO,20110630,71.95,72.5,70.55,71.15,26472
NEOCURE,20110630,2.5,2.65,2.5,2.65,2097
NEPCMICON,20110630,4.3,4.55,4.3,4.3,20001
NESCO,20110630,572.65,584,567,569.6,91335
NESTLEIND,20110630,4009,4140,4009,4108.1,17843
NET4,20110630,127.25,128.5,119.05,120.55,22697
NETWORK18,20110630,138.15,143.95,131,133.6,78927
NEULANDLAB,20110630,125,125,125,125,500
NEXTMEDIA,20110630,5.95,6.5,5.5,5.7,49502
NEYVELILIG,20110630,98.95,99.95,96.2,97.1,359453
NFL,20110630,92.8,96.2,92.8,94.55,488842
NHPC,20110630,24,24.1,23.9,24,4721670
NIFTYBEES,20110630,569,571.5,568.5,569.94,157149
NIITLTD,20110630,55.65,56,54.7,55.4,236015
NIITTECH,20110630,175.5,180,174.6,179.75,138225
NILKAMAL,20110630,249,254,249,251.15,1264
NIPPOBATRY,20110630,443.6,456,443.6,448.9,725
NISSAN,20110630,2.55,2.75,2.55,2.7,140645
NITCO,20110630,58.05,58.25,57.7,57.9,9073
NITESHEST,20110630,22.5,23.2,22.2,22.85,90139
NITINFIRE,20110630,97.4,100.15,96.05,97.9,430784
NITINSPIN,20110630,8.3,10,8.3,8.5,23682
NMDC,20110630,259.5,261.1,254,254.75,212391
NOCIL,20110630,16.55,17.15,16.55,16.75,206170
NOIDATOLL,20110630,25.45,25.75,25.4,25.55,126229
NORBTEAEXP,20110630,6.7,6.8,6.6,6.75,4200
NORTHGATE,20110630,12.25,12.25,11.95,11.95,7747
NOVOPANIND,20110630,41.25,42,41.25,42,408
NRBBEARING,20110630,48.5,49.5,48.5,49,5714
NRC,20110630,5.8,6,5.4,5.4,11692
NSIL,20110630,746.25,773,746.25,758.45,212
NTPC,20110630,185.2,188.6,183.65,186.9,3965410
NUCHEM,20110630,5.3,5.55,5.05,5.15,65823
NUCLEUS,20110630,82.45,83.85,82.45,82.9,7367
NUMERICPW,20110630,221.8,221.9,218,220.55,3599
NUTEK,20110630,5,5.7,4.7,5.4,4328172
OBEROIRLTY,20110630,244,246,234.15,240.15,21563
OCL,20110630,101.9,103,100.75,102.05,4226
OFSS,20110630,2303,2320,2261.25,2288.6,42124
OIL,20110630,1345,1345,1289.9,1297.8,58040
OILCOUNTUB,20110630,72.05,72.05,70.05,70.8,13148
OISL,20110630,40.5,40.9,40.4,40.4,4834
OMAXAUTO,20110630,40.9,41.45,40.2,40.3,3360
OMAXE,20110630,130.5,131.6,128.5,129.25,192145
OMKARCHEM,20110630,60,65.9,60,65.9,68639
OMMETALS,20110630,35,37.95,35,35.6,1001
OMNITECH,20110630,145.5,150,145.5,148.75,5549
ONGC,20110630,278,278.6,273.3,274.25,6773851
ONMOBILE,20110630,107.8,111.4,106.1,108.35,736840
ONWARDTEC,20110630,36.45,36.45,35.05,35.2,32757
OPTOCIRCUI,20110630,293.15,300.85,293.15,298.7,562635
ORBITCORP,20110630,39.15,42.75,39.15,42.25,2700550
ORCHIDCHEM,20110630,266.6,274.4,264.45,271.75,993307
ORIENTABRA,20110630,32,32.2,31.3,31.45,52948
ORIENTALTL,20110630,8.35,8.75,8.3,8.65,848
ORIENTBANK,20110630,326.95,332,326.95,329.7,1102806
ORIENTCERA,20110630,52,53,52,52.9,245
ORIENTHOT,20110630,31.75,31.75,30,30.5,9977
ORIENTLTD,20110630,88,88,78.15,80.05,1006
ORIENTPPR,20110630,56.15,58.8,56,56.45,56899
ORISSAMINE,20110630,60799.95,60799.95,58050.5,59198.5,3613
OUDHSUG,20110630,32,32,30.2,30.9,48236
PAEL,20110630,26.9,26.9,26.1,26.25,6845
PAGEIND,20110630,1955.55,1955.55,1875.25,1910.05,2008
PANACEABIO,20110630,165.05,168.35,164.55,165.55,6487
PANASONIC,20110630,112,112,106.25,110,146
PANCARBON,20110630,153,153,149.25,150.7,3029
PANORAMUNI,20110630,14,14.55,13.85,13.95,4914
PANTALOONR,20110630,308,310.9,303,306.85,1202082
PAPERPROD,20110630,72.75,74.15,71.6,73.65,42007
PARABDRUGS,20110630,39.8,40.5,39.75,40.05,10338
PARACABLES,20110630,3.8,3.9,3.75,3.8,7492
PARAL,20110630,301.25,308.8,292,293.15,124994
PARAPRINT,20110630,23.3,23.3,21.45,21.7,405529
PARASPETRO,20110630,0.55,0.6,0.55,0.6,24098
PAREKHPLAT,20110630,4.45,4.5,4.35,4.4,9604
PARRYSUGAR,20110630,134.95,135.45,131.05,135.45,1044
PARSVNATH,20110630,47,47.5,46.75,47.4,644915
PATELENG,20110630,150.45,152.1,146.2,148.3,774841
PATINTLOG,20110630,29,30.25,28.2,29.3,37596
PATNI,20110630,332.6,332.6,319.25,324.3,753181
PATSPINLTD,20110630,15.8,18.5,15.8,16.9,54616
PBAINFRA,20110630,62.15,62.15,60.7,61.5,12510
PDPL,20110630,88,90.95,86.95,88.3,9900
PDUMJEPULP,20110630,19.55,19.85,19.5,19.55,1140
PEACOCKIND,20110630,3,3.2,2.8,3.2,10299
PENIND,20110630,40.4,40.65,39,39.8,34450
PENINLAND,20110630,46.25,46.75,46.15,46.25,12741
PEPL,20110630,3.25,3.25,3.15,3.15,2100
PERIATEA,20110630,175,175,175,175,100
PERSISTENT,20110630,368.2,376.8,363,365.3,10921
PETRONENGG,20110630,347.05,354.95,347.05,351.05,19498
PETRONET,20110630,138.45,139,135,135.9,2278031
PFC,20110630,183.05,186.5,181.5,183.85,4808618
PFIZER,20110630,1519.9,1531.9,1453.2,1488.8,33830
PFOCUS,20110630,51.95,53.9,51.1,52.15,457597
PFS,20110630,17.55,17.8,17.3,17.55,71443
PGHH,20110630,1961,2029,1950,1968.05,2096
PHILIPCARB,20110630,136.25,142.8,136.25,139.2,26332
PHOENIXLTD,20110630,191,191.15,189,190,27230
PIDILITIND,20110630,166.95,168.5,164.65,165.4,206159
PIIND,20110630,702.5,702.5,700,702,25
PIONDIST,20110630,49.85,49.85,47.5,49.75,102
PIONEEREMB,20110630,17.35,18,17.35,17.4,122
PIPAVAVYD,20110630,76.5,76.95,75.75,76.65,1342119
PIRGLASS,20110630,129,130.95,125.2,126.25,35782
PIRHEALTH,20110630,387.65,404.7,386,397.3,200760
PIRLIFE,20110630,92,92.4,90.15,92,19830
PITTILAM,20110630,36.7,38.45,36.7,38,1801
PLASTIBLEN,20110630,208.5,208.5,202.3,202.3,680
PLETHICO,20110630,349,351,347.2,349.1,105785
PNB,20110630,1087,1099,1078.25,1089.25,287072
PNBGILTS,20110630,24.85,24.85,24.25,24.45,9721
PNC,20110630,15.05,15.2,14.6,14.6,809
POCHIRAJU,20110630,15.7,16.3,15.7,16.1,5185
POLARIND,20110630,4.25,5.05,4.05,5.05,61345
POLARIS,20110630,183.1,185.5,179.05,179.9,335795
POLYPLEX,20110630,185.85,188.45,185.85,186.4,66340
PONDYOXIDE,20110630,30.05,31.5,29.3,30.05,8113
PONNIERODE,20110630,92,92,91.3,91.95,815
POWERGRID,20110630,110,111.5,108.05,109.5,17118433
PPAP,20110630,103.1,105.95,102.1,104.75,3705
PRADIP,20110630,85.65,91.95,85.2,88.9,51371
PRAENG,20110630,10.7,11.3,10.7,11.2,45028
PRAJIND,20110630,75,78,74.25,76.95,904311
PRAKASH,20110630,67.15,68,65.3,65.65,208981
PRAKASHSTL,20110630,142,148.95,138.05,143.75,3104
PRATIBHA,20110630,54.5,59.85,53.15,53.85,176889
PRECOT,20110630,131.6,140.95,131.6,138.6,2737
PRECWIRE,20110630,121,121.5,119.5,119.6,170
PREMIER,20110630,92,93,90.4,91.25,19583
PRESTIGE,20110630,124.95,126.1,119.95,120.25,472301
PRETAILDVR,20110630,180,180,175.1,179.45,1938
PRICOL,20110630,19.9,20.25,19.4,19.65,38807
PRIMESECU,20110630,24.1,24.5,23.75,23.75,6681
PRISMCEM,20110630,46.55,47,45.15,46.25,57473
PRITHVI,20110630,28.9,28.9,28.2,28.6,7772
PROVOGUE,20110630,35.3,35.4,34.35,34.9,145377
PSB,20110630,101.5,101.5,99.9,100.15,117616
PSL,20110630,71.3,73.75,71.2,71.5,450397
PSUBNKBEES,20110630,401,405,396.6,400.83,319
PTC,20110630,81.1,81.35,78.85,79.45,783139
PTL,20110630,26.5,27.4,26.5,26.75,621
PUNJABCHEM,20110630,78.5,79,77.9,77.95,378
PUNJLLOYD,20110630,73.75,76.2,72.4,75.9,11946298
PURVA,20110630,86.7,88.5,86,87.25,7303
PVP,20110630,9.1,9.25,9,9.05,30032
PVR,20110630,103,104,101.4,102.35,41036
QGOLDHALF,20110630,1067,1069.5,1061,1061.9,744
QNIFTY,20110630,564.75,564.75,564.75,564.75,1
QUINTEGRA,20110630,3.7,3.9,3.6,3.9,29163
RADAAN,20110630,2.35,2.35,2.3,2.3,2319
RADICO,20110630,130,130,127.1,128.2,31884
RAINBOWPAP,20110630,61.15,61.7,60.3,60.6,472317
RAINCOM,20110630,32.5,33.8,32.5,33.3,118061
RAJESHEXPO,20110630,100.4,102.75,99,100.4,362391
RAJOIL,20110630,31.6,32,31,31.2,66265
RAJPALAYAM,20110630,563.05,577.65,563.05,569.7,2233
RAJRAYON,20110630,11.2,11.25,11.2,11.25,1001
RAJSREESUG,20110630,47.2,48.4,46.2,46.95,12731
RAJTV,20110630,50.6,51.5,50.6,51,20485
RAJVIR,20110630,155.25,155.25,150,152.05,2121
RALLIS,20110630,1539.95,1544.7,1519.95,1533.4,3991
RAMANEWS,20110630,15.15,15.65,15.1,15.55,13176
RAMCOIND,20110630,40.5,40.5,39.8,40.1,9544
RAMCOSYS,20110630,99,99,92.75,93.85,2523
RAMKY,20110630,281.95,289.2,275,284.35,16310
RAMSARUP,20110630,15.8,15.95,14.85,15.05,52855
RANASUG,20110630,5.7,5.7,5.35,5.4,497349
RANBAXY,20110630,551,556.4,534.55,541.35,1448468
RANEENGINE,20110630,245,256.8,220.5,243.85,14917
RANEHOLDIN,20110630,242,248.9,240.05,246.35,690
RANKLIN,20110630,14.85,15.25,14.2,15.25,56178
RATNAMANI,20110630,99.5,101,97.3,98.95,25848
RAYMOND,20110630,373,373.75,363.4,365.5,322828
RBL,20110630,118,123,113.2,116.35,2720
RBN,20110630,80.5,81.9,80,80.25,30221
RCF,20110630,85,85,76,79.4,1830292
RCOM,20110630,95.35,96.15,94.2,95.7,4881029
RECLTD,20110630,194.75,198.25,191.55,195.9,3587518
REDINGTON,20110630,85.9,87.6,85.3,86.6,218637
REFEX,20110630,26.5,26.9,25.2,25.2,18050
REIAGROLTD,20110630,25.25,25.7,25.05,25.45,564184
REISIXTEN,20110630,31.25,31.25,29.25,29.75,3820
RELAXO,20110630,288.8,302,257,299.75,111829
RELBANK,20110630,1065,1065,1020.2,1049,76
RELCAPITAL,20110630,571.9,581.45,559.6,578.45,1327191
RELGOLD,20110630,2081,2090.1,2075.05,2077.05,2474
RELGRNIFTY,20110630,550,555,546,553.53,1592
RELIANCE,20110630,888.7,902,887,898.5,4970476
RELIGARE,20110630,444.75,462,440.3,459.85,25965
RELIGAREGO,20110630,2200,2200,2185.3,2196.2,79
RELINFRA,20110630,539.2,550.6,531.25,535.05,3041400
RELMEDIA,20110630,123.95,124.45,121.05,122.25,575414
RENUKA,20110630,66,67.35,64.85,66.75,12723660
REPRO,20110630,141.95,148.2,139.9,144.05,64969
RESPONIND,20110630,91.45,94.6,91.05,93,256
RESURGERE,20110630,0.6,0.65,0.6,0.65,3059282
REVATHI,20110630,400,415,399.95,401,204
RICOAUTO,20110630,15.35,15.35,15,15.1,46093
RIIL,20110630,534,546,533.1,536.1,174831
RKDL,20110630,21.5,21.75,21.25,21.6,38472
RKFORGE,20110630,110,115,110,112,806
RMCL,20110630,7,7.1,6.9,6.9,13148
RML,20110630,131,132.85,126,131.45,2290
ROHITFERRO,20110630,36,36.45,35.7,35.9,35748
ROHLTD,20110630,69,71.45,65.2,66,45024
ROLTA,20110630,129.5,131,127,128.8,401180
ROMAN,20110630,24.85,26.05,24.85,25.2,2940
RPGLIFE,20110630,82.15,82.9,81,81.35,4102
RPOWER,20110630,114.5,116.5,113.85,115.9,1446390
RPPINFRA,20110630,82.7,82.75,79,79.45,53496
RSSOFTWARE,20110630,55.25,56.9,55.25,56.15,1230
RSWM,20110630,140,141.25,138.85,139.25,30760
RSYSTEMS,20110630,106.2,107.85,105.1,105.65,651
RUBYMILLS,20110630,718.8,718.8,710,717.9,79
RUCHINFRA,20110630,21.85,21.85,20.2,20.35,27869
RUCHIRA,20110630,9.85,9.95,9.05,9.85,12529
RUCHISOYA,20110630,100,100,97.75,98.55,737441
SABTN,20110630,54.7,55.25,53.5,54.1,8789
SADBHAV,20110630,135,135.5,132,133.55,18961
SAGCEM,20110630,140,140,137,137.5,12
SAHPETRO,20110630,35.9,37,34.55,36.45,9739
SAIL,20110630,137,140.2,136.75,137.5,3750916
SAKHTISUG,20110630,35.5,36.15,35,35.1,110586
SAKSOFT,20110630,58,59.5,57.65,58.85,2586
SAKUMA,20110630,14.75,15,14.5,15,1918
SALONACOT,20110630,23.25,23.25,22.55,23,1128
SALORAINTL,20110630,30.45,31.25,28.2,28.2,107
SALSTEEL,20110630,6.8,7.45,6.7,6.95,57949
SAMBANDAM,20110630,86.45,90,86.45,90,204
SAMBHAAV,20110630,1.4,1.65,1.4,1.55,11604
SANDESH,20110630,279,281,278,278,134
SANGAMIND,20110630,38,42.5,38,40.35,71185
SANGHIIND,20110630,19.2,19.2,18.6,18.6,337
SANGHIPOLY,20110630,1.7,1.75,1.65,1.7,10714
SANGHVIFOR,20110630,50.9,52,47.9,48.25,69949
SANGHVIMOV,20110630,119,125.5,116.05,116.9,14952
SANWARIA,20110630,32.65,35,32.55,32.55,41244
SARDAEN,20110630,216.2,221.3,212.2,213.5,18627
SAREGAMA,20110630,64.15,68,64.15,65.8,60518
SASKEN,20110630,131.5,133.9,130.25,130.8,30853
SATHAISPAT,20110630,46.7,50.45,46.7,49.9,10444
SATYAMCOMP,20110630,84.25,85.15,83.1,84,2981683
SAVERA,20110630,37.95,37.95,36.5,37.3,585
SBBJ,20110630,497.15,505,497.15,501.9,3534
SBIGETS,20110630,2194.8,2194.8,2172.5,2175.25,4295
SBIN,20110630,2388,2433,2388,2404.65,2786590
SBT,20110630,707.95,707.95,699.95,705.65,9055
SCI,20110630,103.45,103.5,101.75,102.4,563501
SEAMECLTD,20110630,90.95,91.7,88.2,90.2,1560
SEINVEST,20110630,11.45,12.35,11.15,12.35,2348174
SELAN,20110630,280.15,284.4,280,281.05,36597
SELMCL,20110630,16.3,16.3,16.15,16.25,219393
SENTINEL,20110630,15,15.45,14.95,14.95,2240
SERVALL,20110630,8.2,8.35,8,8.05,82617
SESAGOA,20110630,290,290.3,280.2,282.05,1584697
SESHAPAPER,20110630,228.5,239.75,224.25,229.5,363
SGJHL,20110630,275.65,285.95,275,277.45,191324
SGL,20110630,4.25,4.35,4.2,4.25,6448
SHAHALLOYS,20110630,12.4,12.4,12,12.05,4792
SHANTIGEAR,20110630,41.6,43,41.05,42.4,98620
SHARIABEES,20110630,123,124.7,122.65,122.7,139
SHASUNPHAR,20110630,75.5,77.4,74,76.1,43006
SHILPAMED,20110630,262,287.1,256,282.65,19209
SHILPI,20110630,17.1,17.15,17.05,17.15,21196
SHIV-VANI,20110630,226,226,220.1,221.55,17405
SHIVAMAUTO,20110630,115,115,108.05,110.35,856
SHIVTEX,20110630,29.1,30.65,29,29.6,10456
SHLAKSHMI,20110630,84,86.35,81.5,81.85,23689
SHOPERSTOP,20110630,456.9,460,451,453,17482
SHPRE,20110630,6.5,6.75,6.2,6.25,9521
SHREEASHTA,20110630,5.3,5.3,4.7,4.9,6988441
SHREECEM,20110630,1799.5,1810,1740,1766.4,3831
SHREERAMA,20110630,5.55,5.85,5.55,5.6,1454
SHRENUJ,20110630,57.2,57.95,56,57.3,75126
SHREYANIND,20110630,22.45,22.45,20.25,20.45,312
SHREYAS,20110630,29.25,31.05,29.25,30.95,7543
SHRIRAMCIT,20110630,540,548.9,536.15,540.05,3119
SHRIRAMEPC,20110630,155.4,161,154.5,159.5,12178
SHYAMTEL,20110630,42.45,42.45,40.8,41.25,1715
SICAGEN,20110630,25.85,25.85,24.5,24.5,35422
SICAL,20110630,72,73.25,72,73,14270
SIEMENS,20110630,893.5,897.9,877.05,890,316138
SIMBHSUGAR,20110630,40.25,40.8,39.1,39.7,51724
SIMPLEX,20110630,98,98,95.25,96.85,244
SIMPLEXINF,20110630,269,272.45,265,268.15,12997
SINTEX,20110630,178.8,184,177.4,181.4,1344088
SIRPAPER,20110630,54.25,57,54.25,54.85,2571
SITASHREE,20110630,6,6.1,5.95,6,3340
SIYSIL,20110630,420,420,412.5,414.15,4037
SJVN,20110630,21.2,21.5,21.2,21.45,121803
SKFINDIA,20110630,668,688.5,653,681.7,167237
SKMEGGPROD,20110630,8.55,9.05,8.55,8.8,3646
SKSMICRO,20110630,352.45,354.4,342.55,344.45,88191
SKUMARSYNF,20110630,53.25,54.5,51.7,54.1,3582377
SMARTLINK,20110630,48.5,48.7,47,48,21873
SMLISUZU,20110630,360,365,359.9,364.95,7703
SMPL,20110630,10.1,10.2,9.85,9.95,114142
SMSPHARMA,20110630,193,197.9,193,194.15,1496
SOBHA,20110630,260.55,262.85,255.3,259.05,184323
SOFTTECHGR,20110630,5,5,5,5,2
SOLARINDS,20110630,621,625,620,625,215
SOMANYCERA,20110630,40.7,41,40.05,40.1,1898
SOMATEX,20110630,7.1,7.5,7.1,7.1,667
SONASTEER,20110630,16,16.2,15.8,15.85,20561
SONATSOFTW,20110630,41,41.5,40,40.5,105687
SOTL,20110630,568,574.9,555,565.6,3400
SOUISPAT,20110630,8.15,8.3,8.05,8.05,84124
SOUTHBANK,20110630,23.75,24.4,23.75,24,1631982
SPANCO,20110630,130,133.5,128.05,132.85,15798
SPARC,20110630,90.7,90.7,88.4,88.8,73406
SPECTACLE,20110630,17.75,18,17.3,17.5,8879
SPENTEX,20110630,12.65,13.5,12.65,13.2,3066
SPIC,20110630,30,30.25,28.95,29.5,717673
SPICEMOBIL,20110630,104,108,101.05,104.8,52181
SPLIL,20110630,4.15,5.25,3.9,4,144522
SPMLINFRA,20110630,158,162,157,157.8,16004
SPYL,20110630,31.05,31.8,31.05,31.15,55101
SREINFRA,20110630,44.1,44.4,42.35,43,795834
SRF,20110630,289.1,294.1,283.2,285.65,61918
SRGINFOTEC,20110630,0.55,0.6,0.55,0.6,18758
SRHHLINDST,20110630,3.9,3.9,3.55,3.85,1822
SRHHYPOLTD,20110630,41.6,42.85,40.8,42.6,1238
SRICHAMUND,20110630,38.2,38.45,38.2,38.45,110
SRTRANSFIN,20110630,610,624.7,610,616.65,873142
SSWL,20110630,268.3,271.7,263.05,266.65,3573
STAR,20110630,339.7,339.7,335.65,337.05,56738
STARPAPER,20110630,22.3,22.3,21.15,21.65,2794
STCINDIA,20110630,208,213.5,208,210.2,167652
STER,20110630,168.25,170,166.75,168.25,5670892
STERLINBIO,20110630,86.5,88.5,80.1,85.9,434070
STERTOOLS,20110630,120.5,122.5,116.55,119.75,4277
STRTECH,20110630,52.05,53.45,51.05,51.65,1544158
SUBEX,20110630,57.9,58.3,56.5,57.2,537218
SUDAR,20110630,101.6,106.5,101.5,103.3,93603
SUDARSCHEM,20110630,754,754,750,754,165
SUJANATOW,20110630,31.1,33.1,30.8,32.4,1870355
SUJANAUNI,20110630,5.7,6.05,5.5,5.8,101813
SUMEETINDS,20110630,38.4,39.8,37.5,39.8,300038
SUMMITSEC,20110630,83.95,84,81.55,82.75,1186
SUNCLAYTON,20110630,157,157,145,146,1477
SUNDARAM,20110630,42.95,42.95,42.7,42.75,176519
SUNDARMFIN,20110630,539,552.3,528.3,542.6,10917
SUNDRMBRAK,20110630,154.4,154.4,149.1,150.75,2911
SUNDRMFAST,20110630,58.9,59.2,58.15,58.95,32620
SUNFLAG,20110630,25.8,25.8,24.7,24.75,60009
SUNILHITEC,20110630,116.55,123.95,116.55,120.95,154035
SUNPHARMA,20110630,498,506.25,489.6,497.9,1692294
SUNTECK,20110630,298.95,308.9,298.3,300.15,65765
SUNTV,20110630,342,356.9,323.6,347.1,3964299
SUPER,20110630,239,243.95,237.4,240,311
SUPERSPIN,20110630,8.7,8.8,8.35,8.55,8143
SUPPETRO,20110630,62.1,63.5,62.1,63,18162
SUPRAJIT,20110630,19.85,19.85,19.3,19.5,17019
SUPREMEIND,20110630,179.55,186.9,177.1,181,100054
SUPREMEINF,20110630,247.75,279,240.6,265.8,564844
SURAJDIAMN,20110630,47,47.4,46.25,46.9,26915
SURANACORP,20110630,92,96,92,92.2,318
SURANAIND,20110630,325,328,323,324,8131
SURANAT&P,20110630,15.95,18.5,15.9,16.5,17311
SURANAVEL,20110630,42,43,42,42.9,32820
SURYAJYOTI,20110630,30.15,30.7,29.15,30.1,17813
SURYALAXMI,20110630,70,72.5,68,71.55,6455
SURYAPHARM,20110630,20.45,20.7,20.15,20.55,77179
SURYAROSNI,20110630,80.65,85.5,80.65,83.9,67952
SUTLEJTEX,20110630,185.7,201.6,185.7,198.65,6221
SUVEN,20110630,20.1,20.5,19.85,20.35,34987
SUZLON,20110630,49,49,47.7,47.95,10174467
SWARAJENG,20110630,425,425,417.15,419.2,1056
SYMPHONY,20110630,1100,1100.15,1080,1080,72
SYNCOM,20110630,23,23,21.2,21.95,17402
SYNDIBANK,20110630,117.5,118,115.8,117.6,462097
TAINWALCHM,20110630,38.95,39,37.3,37.6,10586
TAJGVK,20110630,104.7,106.9,104,104.75,21781
TAKE,20110630,38.35,40.1,38.3,39.45,69822
TALBROAUTO,20110630,52,52,51,52,3518
TALWALKARS,20110630,257.25,266.45,248,251,1037483
TANFACIND,20110630,27.65,28.9,27.65,28.45,351
TANLA,20110630,14.8,14.8,13.65,13.75,67129
TANTIACONS,20110630,65.2,67.85,65.2,67.45,7030
TARAPUR,20110630,20,20.25,19.7,20.1,9561
TATACHEM,20110630,370.5,374.95,369,372.8,417233
TATACOFFEE,20110630,856,863,840,844.8,581599
TATACOMM,20110630,194.8,198,193.4,197.1,348661
TATAELXSI,20110630,245.3,246,241.5,244.4,28749
TATAGLOBAL,20110630,93.4,97,92.2,96.55,2423639
TATAINVEST,20110630,492,496.9,491.1,494.35,3505
TATAMETALI,20110630,98.1,100.9,98.1,98.75,24861
TATAMOTORS,20110630,998,1003.9,981.35,994.2,2413313
TATAMTRDVR,20110630,540,549,535.1,542.2,853534
TATAPOWER,20110630,1283.6,1322,1271.4,1308.25,406393
TATASPONGE,20110630,340.5,344.45,338,341.5,7721
TATASTEEL,20110630,605,612.45,603,610.25,3701140
TCI,20110630,89.9,89.9,86.95,87.35,6860
TCIDEVELOP,20110630,186.05,193,186.05,190.65,379
TCIFINANCE,20110630,53.2,56.8,53.2,54,3036
TCS,20110630,1169.8,1192,1167,1184.2,2586458
TECHM,20110630,712.3,728.8,712,723.25,277376
TECHNO,20110630,228.95,229,225,227,10873
TECHNOFAB,20110630,140.1,146.4,140.1,140.9,12015
TECPRO,20110630,236,252.15,233,251.15,12817
TELEDATAIT,20110630,0.4,0.4,0.35,0.35,114144
TEXMACOLTD,20110630,32,33.15,32,32.45,49894
TEXMOPIPES,20110630,34.1,34.95,33.55,33.9,17273
TEXRAIL,20110630,84.05,88.65,83.7,86.65,37931
TFCILTD,20110630,27,27.45,26.75,27.05,59247
TFL,20110630,14.6,15.25,14.5,15,1920
THANGAMAYL,20110630,158,158,154.25,155.5,7077
THEMISMED,20110630,160.5,162,160,162,308
THERMAX,20110630,593,603.7,586.05,595.65,82518
THINKSOFT,20110630,49.65,51.1,49.1,49.65,82085
THIRUSUGAR,20110630,95.5,98.8,95,98.5,6512
THOMASCOOK,20110630,48.65,49.35,48.2,48.5,50294
TI,20110630,43.45,43.85,42.5,42.7,148291
TIDEWATER,20110630,6870,7029,6865,6920.6,1185
TIIL,20110630,53.45,53.45,51.65,52,3091
TIL,20110630,445,445,430.25,432.55,1433
TIMBOR,20110630,86,87,68.05,68.6,9630667
TIMESGTY,20110630,36.5,36.5,35,35.25,55
TIMETECHNO,20110630,70.15,71.9,69.8,70.6,185461
TIMKEN,20110630,223.45,231.2,223.1,225,353208
TINPLATE,20110630,58.7,59.9,58.15,58.85,56015
TIPSINDLTD,20110630,26.6,27.25,26.6,27.1,28247
TIRUMALCHM,20110630,98.75,98.75,95.85,95.85,825
TITAN,20110630,214,220.85,212.65,214.3,15008952
TNPETRO,20110630,16.7,16.9,16.55,16.65,33959
TNPL,20110630,116.9,120,115.1,118.35,26920
TODAYS,20110630,7,7.25,7,7.05,4322
TOKYOPLAST,20110630,14.2,14.2,13.9,13.9,394
TORNTPHARM,20110630,625.85,643.7,625,639.25,24810
TORNTPOWER,20110630,238.05,241.7,238.05,239.5,18114
TRENT,20110630,1170,1186.8,1126.65,1145.6,19943
TRF,20110630,380.9,383,368,368.65,13594
TRICOM,20110630,15,15.35,14.9,15.25,3092
TRIDENT,20110630,14,14.2,13.65,13.85,31919
TRIGYN,20110630,17.75,18,17.55,17.65,12277
TRIL,20110630,250.95,261,249.1,254.5,27380
TRIVENI,20110630,41,42.25,38.4,39.55,2309334
TTKHEALTH,20110630,415.8,415.8,408.65,411.25,3674
TTKPRESTIG,20110630,2943,2975,2922.2,2943.2,92481
TTL,20110630,28.05,29.05,27.8,28.3,6380
TTML,20110630,18,19.6,17.55,19.3,12723393
TUBEINVEST,20110630,138.2,138.5,135.75,136.85,35480
TULIP,20110630,156.05,162.25,156.05,161.85,218026
TULSI,20110630,14,14.2,14,14.1,71007
TULSYAN,20110630,46,46.9,44,46.7,1414
TVSELECT,20110630,23.5,23.9,23.5,23.5,1569
TVSMOTOR,20110630,53.75,54.25,53,53.7,1369783
TVSSRICHAK,20110630,316,318,314,316.35,476
TVTODAY,20110630,64,66.4,63.25,65.2,127130
TWILITAKA,20110630,53.1,54.3,52.8,53.95,35779
TWL,20110630,392.5,410.95,392.5,401.55,72757
UBENGG,20110630,73.5,74.5,72.1,73.4,29163
UBHOLDINGS,20110630,153.2,153.5,150,150.8,48095
UBL,20110630,537.8,539,522.35,530.2,58007
UCALFUEL,20110630,82.5,83.6,82.15,82.85,14385
UCOBANK,20110630,94.7,96.6,94,95.75,2194645
UFLEX,20110630,205.75,208.35,204,205.95,454258
UGARSUGAR,20110630,16.35,16.35,14.75,14.95,31200
ULTRACEMCO,20110630,959,964.85,915.55,929.9,164882
UMESLTD,20110630,23.15,23.5,22.9,22.95,5463
UNICHEMLAB,20110630,153.75,154,149.1,150.7,9688
UNIENTER,20110630,25.25,25.95,25.15,25.9,920
UNIONBANK,20110630,300,300.9,290,292.9,1088832
UNIPHOS,20110630,157.15,158.8,151.15,152.7,2064838
UNIPLY,20110630,13.4,13.5,13.05,13.45,1779
UNITECH,20110630,31,32.2,30.85,31.95,21654655
UNITEDBNK,20110630,96,97.25,95.35,95.95,112945
UNITEDTEA,20110630,125,125,125,125,82
UNITY,20110630,64,65.45,63.7,63.95,44676
UNIVCABLES,20110630,61,61,59.35,60.5,3314
UPERGANGES,20110630,56.4,56.4,55.25,55.25,195
USHAMART,20110630,54.55,54.55,53.5,53.85,60716
USHERAGRO,20110630,125,125.8,120.9,122.25,742369
UTISUNDER,20110630,845,878,842,843.41,137
UTTAMSTL,20110630,106.5,106.65,105,105.55,20137
UTTAMSUGAR,20110630,38,39,37.6,38.45,8657
UTVSOF,20110630,815.05,843.5,814.25,826.05,342846
VADILALIND,20110630,157.05,166,151.7,160.55,12417
VAIBHAVGEM,20110630,40.4,42.4,40.4,41.95,3037
VAKRANSOFT,20110630,370.05,378,370.05,372.8,15850
VALECHAENG,20110630,96.45,102,96.45,98.45,71947
VALUEIND,20110630,20,20.5,19.95,20.2,3650
VARDHACRLC,20110630,10.35,10.45,10.15,10.2,73776
VARDMNPOLY,20110630,79.9,82,77.55,80.85,25453
VARUN,20110630,219,231.95,219,224,1566614
VARUNSHIP,20110630,24.45,24.45,24.05,24.3,62764
VASCONEQ,20110630,73.55,77.9,73.55,74.9,5293
VENKEYS,20110630,568.35,568.35,552.25,561.35,94614
VENUSREM,20110630,187.6,189.5,187.05,188.3,4843
VESUVIUS,20110630,360,367.7,360,363.3,1419
VGUARD,20110630,222.7,226.8,221.15,223.45,263331
VHL,20110630,455,465,455,465,155
VICEROY,20110630,31,31,29.2,29.5,10070
VIDEOIND,20110630,212.2,219.5,210,217.15,8511251
VIJAYABANK,20110630,68.25,70.5,68.05,69.55,3503740
VIJSHAN,20110630,19,19.65,19,19.4,952
VIKASHMET,20110630,13.65,14,13,13.4,515708
VINATIORGA,20110630,72.5,74,72.25,73.3,12259
VINDHYATEL,20110630,170,177.95,170,170.45,545
VINYLINDIA,20110630,11.7,12.25,11.65,12.1,795
VIPIND,20110630,766,779.8,763.1,766.5,455131
VIPUL,20110630,11.4,11.85,11.1,11.75,3047
VISAKAIND,20110630,97.85,100.25,97.6,98.45,10384
VISASTEEL,20110630,59.15,59.3,59,59,15981
VISESHINFO,20110630,8.75,9.2,8.75,9,10621
VISHALRET,20110630,33.8,34.85,33,33.6,390309
VISUINTL,20110630,2.9,2.9,2.9,2.9,4767
VIVIMEDLAB,20110630,271,280,271,276.2,26730
VLSFINANCE,20110630,14.25,14.8,14,14.1,18694
VOLTAMP,20110630,524.4,529,480.45,514.3,52518
VOLTAS,20110630,161.05,161.6,157.25,159.6,1662822
VSTIND,20110630,994.95,1034,990.1,1003.85,46566
VSTTILLERS,20110630,482,486,480,480,519
VTL,20110630,216,219.5,216,217.25,5930
VTXIND,20110630,16.8,16.8,16.1,16.1,8201
WABAG,20110630,1291,1306.1,1280,1285.6,3876
WABCO-TVS,20110630,1041.65,1098,1041.65,1062.05,1692
WALCHANNAG,20110630,120.95,122.05,119.8,120.3,51482
WANBURY,20110630,29.25,30.1,29.25,29.4,8269
WEBELSOLAR,20110630,61.9,61.9,57.65,57.65,1471
WEIZMANIND,20110630,11.45,11.45,11,11.05,5106
WELCORP,20110630,175.9,176.9,171,172.9,889287
WELINV,20110630,65,69,63,63.75,244
WELPROJ,20110630,69.5,71.75,66.5,68.85,120164
WELSPUNIND,20110630,44.95,44.95,41.4,41.8,78041
WENDT,20110630,1425,1461.95,1410,1442.8,438
WHEELS,20110630,259,259,259,259,14
WHIRLPOOL,20110630,254.55,257.9,251.8,256.55,165014
WILLAMAGOR,20110630,46.05,47.4,45.4,46.15,6895
WINSOMYARN,20110630,3.45,3.45,3.35,3.4,22282
WIPRO,20110630,422.45,424.05,411.6,417.6,1555322
WOCKPHARMA,20110630,366.7,373.25,363.5,366.45,79474
WSI,20110630,21.65,21.65,17.65,17.9,9612
WSTCSTPAPR,20110630,85,85,84.6,85,14260
WWIL,20110630,8.8,8.8,8.6,8.6,436843
WYETH,20110630,943.8,969,923.15,960.3,9796
XLENERGY,20110630,8,9,8,8.85,82076
XPROINDIA,20110630,52.5,54.75,52.1,52.8,5752
YESBANK,20110630,315.7,317.8,309.5,312.05,2671604
ZANDUREALT,20110630,1921,1977.5,1921,1948,902
ZEEL,20110630,141,141.95,134,134.9,3812829
ZEELEARN,20110630,20.6,20.8,19.75,20.05,421287
ZEENEWS,20110630,11.5,12.35,11.45,12,1599817
ZENITHBIR,20110630,6.5,6.7,6.5,6.5,643386
ZENITHCOMP,20110630,17.2,17.5,17,17.05,4058
ZENITHINFO,20110630,203,203,200,200.95,94
ZENSARTECH,20110630,163.8,164.75,161.35,161.8,2906
ZICOM,20110630,39.5,40.05,39.25,39.35,12578
ZODIACLOTH,20110630,360,368.9,351.2,352.9,278
ZODJRDMKJ,20110630,22.95,22.95,22.95,22.95,24
ZUARIAGRO,20110630,640,656,632,639.25,228311
ZYDUSWELL,20110630,617.45,625,608,621.2,11850
ZYLOG,20110630,400,403.45,395.3,399.25,54470
NSENIFTY,20110630,5614.50,5657.90,5606.10,5647.40,179224275,8133.27
NIFTYJUNIOR,20110630,11209.10,11269.70,11205.85,11234.90,101283512,2137.82
BANKNIFTY,20110630,11183.25,11271.35,11149.20,11244.65,23074213,2161.82
NSEMIDCAP,20110630,7967.05,8001.95,7954.90,7971.50,177950436,2551.02
NSEIT,20110630,6579.05,6640.50,6558.95,6624.70,31237814,1283.83
NSE100,20110630,5523.70,5562.30,5518.10,5553.50,280507787,10271.09
NSE500,20110630,4499.90,4528.00,4496.90,4522.95,637886031,14360.81
MIDCAP50,20110630,2412.80,2426.45,2412.15,2419.05,135379151,1513.60
VIX,20110630,19.46,19.46,18.41,18.41,19.46,-1.05
