20MICRONS,20111230,62,65,61.3,62.25,74259
3IINFOTECH,20111230,12.1,12.3,11.6,11.65,2075312
3MINDIA,20111230,3640,3643,3456.05,3544.05,141
A2ZMES,20111230,91,91.7,87.1,88,191174
AANJANEYA,20111230,500.1,500.1,487,495.55,64602
AARTIDRUGS,20111230,75,77.8,73.35,74.25,2575
AARTIIND,20111230,47,48,46.5,47,13447
AARVEEDEN,20111230,30,30,28,28,508
ABAN,20111230,353,355.9,340.1,342.75,740222
ABB,20111230,576,588,573.6,583.3,37900
ABBOTINDIA,20111230,1440.55,1465,1405,1460.9,2376
ABCIL,20111230,74,77,70,71.95,10750
ABGSHIP,20111230,388.3,393.4,382,391.5,561474
ABHISHEK,20111230,7.2,7.95,7,7.1,4442
ABIRLANUVO,20111230,748.25,754.5,725,740.15,46039
ACC,20111230,1151.35,1158.9,1132.05,1136.9,111857
ACE,20111230,28.7,28.9,28.1,28.35,23501
ACROPETAL,20111230,11.05,11.25,10.55,10.95,33535
ADANIENT,20111230,310.5,316,288.15,293.6,845931
ADANIPOWER,20111230,63.5,64.25,62,62.45,320581
ADFFOODS,20111230,52,54.7,51.45,53.35,7535
ADHUNIK,20111230,37.5,38.45,37.2,37.3,23292
ADORWELD,20111230,114,114,112.05,112.8,411
ADSL,20111230,19.55,20.1,19.5,19.8,35936
ADVANIHOTR,20111230,32.05,32.85,32.05,32.55,143
ADVANTA,20111230,236.1,241.9,231.2,232.55,64649
AEGISCHEM,20111230,104,106.9,104,105.65,7569
AFL,20111230,36,37,36,37,2060
AFTEK,20111230,9.65,10.1,9.6,9.8,79672
AGCNET,20111230,122,134.9,122,125.4,267
AGRE,20111230,30.15,30.15,28.2,28.6,8424
AGRODUTCH,20111230,5,5.45,5,5.2,4733
AHLEAST,20111230,306,325.5,302,323.8,9729
AHLUCONT,20111230,54,58,52.15,53.3,2105
AHLWEST,20111230,113.55,115.6,113.2,114.5,723
AHMEDFORGE,20111230,86,87.9,86,86.85,6854
AIAENG,20111230,274.95,275,267.15,271.05,950
AJANTPHARM,20111230,305.9,305.9,297.3,298.65,1843
AJMERA,20111230,103.6,103.6,98.25,99.45,3320
AKSHOPTFBR,20111230,7,7.05,6.8,7,87700
AKZOINDIA,20111230,770.05,794.9,770,789.15,3927
ALBK,20111230,116.45,117.9,114.1,114.9,607261
ALCHEM,20111230,101.6,101.6,101.6,101.6,131
ALEMBICLTD,20111230,14.5,14.5,14.1,14.25,13331
ALFALAVAL,20111230,2192.25,2224.95,2192,2202.3,700
ALKALI,20111230,28.1,29.6,28.1,28.55,1730
ALKYLAMINE,20111230,87.8,87.8,81,81,22
ALLCARGO,20111230,125,129.9,122,128.55,4215
ALLSEC,20111230,12.2,12.95,11.9,11.95,850
ALMONDZ,20111230,12.4,12.4,11.5,11.55,7081
ALOKTEXT,20111230,18.1,18.15,17.8,18,4297855
ALPA,20111230,6.15,7,6.15,6.45,2362
ALPHAGEO,20111230,60,60,55,56.2,1922
ALPINEHOU,20111230,15.5,15.5,15.5,15.5,200
ALPSINDUS,20111230,1.9,2,1.9,2,19852
AMAR,20111230,131.45,131.45,127.5,129.6,38397
AMARAJABAT,20111230,203.7,206,198,204,16767
AMARJOTHI,20111230,46.1,46.1,46,46,1000
AMBIKCO,20111230,155,157,150.1,156.9,447
AMBUJACEM,20111230,157.95,159,154.35,155.35,1094764
AMDIND,20111230,13.25,13.8,13,13.5,3097
AMRUTANJAN,20111230,651,661,635,639.1,21091
AMTEKAUTO,20111230,96.5,99.75,94.1,94.8,84090
AMTEKINDIA,20111230,97,97,94.4,95.2,35068
ANANTRAJ,20111230,41,41.55,39,39.65,197120
ANDHRABANK,20111230,80.4,81.5,79.4,79.95,287744
ANDHRSUGAR,20111230,105,106,105,105.3,4006
ANGIND,20111230,15,17.35,15,16.05,1722
ANIKINDS,20111230,25.5,29.25,25.5,29.25,1713
ANKURDRUGS,20111230,16.2,17,16,16,14687
ANSALAPI,20111230,25.6,25.65,24.5,24.7,23226
ANSALHSG,20111230,32.1,32.65,31.5,32.05,12232
ANTGRAPHIC,20111230,0.2,0.25,0.2,0.2,64796
APARINDS,20111230,114,115,108.2,110.85,3492
APCOTEXIND,20111230,131.35,141.65,131.35,134.3,4741
APIL,20111230,294,299.4,285,296.3,72991
APLAB,20111230,23.95,24.25,23.95,24.25,1100
APLAPOLLO,20111230,136,144,136,140.45,10885
APLLTD,20111230,31,36,31,35.45,10342
APOLLOHOSP,20111230,543.55,571.8,543.55,565.2,513219
APOLLOTYRE,20111230,60.05,60.7,58.7,59.1,784626
APPAPER,20111230,140.6,147.9,129.4,132.95,75267
APTECHT,20111230,71.7,72.9,64.8,65.95,351663
AQUA,20111230,9.2,9.25,8.35,8.9,109498
ARCHIES,20111230,25.2,25.75,23.5,23.75,92713
AREVAT&D,20111230,165.95,166.5,156.1,163.5,153839
ARIES,20111230,65,74,64.2,65.35,3861
ARL,20111230,2.05,2.1,2.05,2.05,25754
AROGRANITE,20111230,33,35.95,32.8,33.1,112
ARROWTEX,20111230,6,6,6,6,144
ARSHIYA,20111230,123,129.8,122.55,127,30998
ARSSINFRA,20111230,110.05,115.95,110.05,110.05,129594
ARVIND,20111230,67.4,68.9,66,66.75,1191645
ASAHIINDIA,20111230,54.95,54.95,54,54,5049
ASAHISONG,20111230,75.15,77.7,75.15,75.35,13751
ASAL,20111230,41,41.5,38.75,40.25,2882
ASHAPURMIN,20111230,13.1,13.55,13.1,13.2,10814
ASHIANA,20111230,137,138.5,135,136.8,75
ASHIMASYN,20111230,3.7,3.85,3.65,3.8,6938
ASHOKA,20111230,184,195.05,184,190.95,15506
ASHOKLEY,20111230,23,23.4,22.45,22.8,1978710
ASIANELEC,20111230,5.55,5.7,5.35,5.45,34272
ASIANHOTNR,20111230,165.2,165.2,157,158.25,1530
ASIANPAINT,20111230,2605,2634.55,2577.1,2592.35,22531
ASIANTILES,20111230,31.95,31.95,29.05,29.05,50
ASSAMCO,20111230,7,7.4,7,7.15,120415
ASTEC,20111230,21.5,23.1,21.5,22.6,14777
ASTERSILI,20111230,8,8.55,8,8.35,2443
ASTRAL,20111230,128.05,137.45,126.2,129.85,1737
ASTRAMICRO,20111230,34.35,34.75,33.5,34.5,53622
ASTRAZEN,20111230,1240,1240,1222,1222,38
ATFL,20111230,359,393.95,359,386.65,6815
ATLANTA,20111230,58.15,58.8,55.6,56.7,25635
ATLASCYCLE,20111230,275.7,281,264.1,267.15,30404
ATNINTER,20111230,0.8,0.8,0.75,0.8,4900
ATUL,20111230,136.05,140,132.25,134.4,3969
AURIONPRO,20111230,121,133.55,121,125,247910
AUROPHARMA,20111230,84.45,86.05,84.45,85.15,622199
AUSOMENT,20111230,31.5,31.5,31.5,31.5,100
AUSTRAL,20111230,1.3,1.3,1.25,1.25,84858
AUTOAXLES,20111230,334,338.9,333,337,230
AUTOIND,20111230,91.55,96.8,91.55,93.4,13745
AUTOLITIND,20111230,13.05,14.3,13.05,13.8,594
AVENTIS,20111230,2280,2350,2270,2334.6,2935
AVTNPL,20111230,275,291.95,275,281.05,1936
AXIS-IT&T,20111230,65.15,69.7,62,65.5,2812
AXISBANK,20111230,816,827.45,803.3,808.1,2032545
AXISGOLD,20111230,2688,2688,2642,2653.8,1038
BAGFILMS,20111230,3.85,3.9,3.8,3.9,21027
BAJAJ-AUTO,20111230,1612,1616.4,1581.2,1591.4,253010
BAJAJCORP,20111230,98.9,100.7,98.5,98.7,4153
BAJAJELEC,20111230,144.1,156,144.1,152.15,74524
BAJAJFINSV,20111230,445,450,423,429.25,49541
BAJAJHIND,20111230,23.95,24.35,23.1,23.8,1177758
BAJAJHLDNG,20111230,677.5,690,675.05,681.65,28504
BAJFINANCE,20111230,560,626,560,606.15,8311
BALAJITELE,20111230,34.05,34.45,32.65,33,233420
BALAMINES,20111230,33.1,35,32.2,32.5,6569
BALKRISIND,20111230,161.05,161.1,155,156.6,4353
BALLARPUR,20111230,18,18.65,17.6,18.5,339366
BALMLAWRIE,20111230,478,490,472,473,11099
BALPHARMA,20111230,16.1,16.9,15,16.1,2567
BALRAMCHIN,20111230,34,34.65,33.35,33.75,660009
BANARISUG,20111230,539.95,540,500,505.05,349
BANCOINDIA,20111230,60,61.2,60,60.1,2274
BANG,20111230,15.5,17,15,16.65,1338
BANKBARODA,20111230,683.95,689.9,650.65,665.35,435004
BANKBEES,20111230,806,822.7,798,802.12,2044
BANKINDIA,20111230,271.5,274.35,264,266.35,381626
BANSWRAS,20111230,78,78.8,77.05,77.8,9270
BARTRONICS,20111230,24.2,24.45,23.1,23.6,96927
BASF,20111230,443.55,453.9,441.55,447.85,2461
BASML,20111230,58,62.5,58,59.8,843
BATAINDIA,20111230,535,540.5,525.1,530.05,429763
BATLIBOI,20111230,13.1,14.5,13,13.85,1649
BAYERCROP,20111230,702.4,721,653.5,713.95,17945
BBL,20111230,535,535,514.25,524.7,2171
BBTC,20111230,345.3,357.95,340,340.6,836
BEDMUTHA,20111230,25.95,25.95,25.95,25.95,2682
BEL,20111230,1327,1396.95,1290,1350.3,61446
BEML,20111230,455.05,463,450,455.15,48838
BEPL,20111230,20.5,20.5,20.5,20.5,102
BERGEPAINT,20111230,87.1,94,86,86.35,22573
BFINVEST,20111230,43,46,42,44.25,5107
BFUTILITIE,20111230,287,292.8,274,278.7,268694
BGLOBAL,20111230,7.65,9.25,7.65,8.15,103891
BGRENERGY,20111230,181,183.8,177.6,179.15,390575
BHAGWATIHO,20111230,62.4,62.4,57.2,60.8,47742
BHAGYNAGAR,20111230,17.8,19.25,17.7,18.55,99742
BHARATFORG,20111230,252,254.25,244.05,252.1,210353
BHARATGEAR,20111230,42.45,42.45,41.15,41.6,1433
BHARATRAS,20111230,136,140,126.1,139.15,1645
BHARTIARTL,20111230,342.1,346.2,338.15,343.5,3435770
BHARTISHIP,20111230,70.45,70.9,67.05,67.75,101977
BHEL,20111230,240,240.7,236.5,238.85,1837529
BHUSANSTL,20111230,312,313.95,307.15,310.9,187341
BIL,20111230,53.5,53.5,50.25,52.05,1058
BILENERGY,20111230,56.05,59,56.05,59,424
BILPOWER,20111230,55.5,60.45,55.5,59.75,859
BIMETAL,20111230,228,231,227.55,230.7,36
BINANIIND,20111230,89.5,91.9,89.25,89.4,3493
BINDALAGRO,20111230,44.3,45.4,42.25,43.2,37780
BIOCON,20111230,266.8,276.6,265.05,273.85,305465
BIRLACORPN,20111230,269,270,267.35,268.65,1142
BIRLACOT,20111230,0.25,0.3,0.25,0.3,444547
BIRLAERIC,20111230,9.2,9.4,9.05,9.1,823
BIRLAMONEY,20111230,11,11.05,10.7,10.85,6384
BIRLAPOWER,20111230,0.55,0.55,0.5,0.55,974334
BLBLIMITED,20111230,3.15,3.15,3.15,3.15,500
BLISSGVS,20111230,22,22.3,20.55,21.2,69681
BLKASHYAP,20111230,9,9.45,9,9.1,22128
BLUECHIP,20111230,0.85,1,0.85,0.9,30588
BLUECOAST,20111230,144.9,144.9,137.6,143.95,80
BLUEDART,20111230,1560,1602.95,1529.9,1583.05,2929
BLUESTARCO,20111230,155.15,174.5,151,170.85,63242
BLUESTINFO,20111230,70.9,70.9,65,65.25,22
BOC,20111230,272.5,273.9,268,269.45,1478
BODALCHEM,20111230,11,11.85,11,11.6,452
BOMDYEING,20111230,353.8,361.05,340,345.7,131182
BOSCHLTD,20111230,6640,6800,6625,6775.6,1687
BPCL,20111230,481,484.65,468.75,477.8,662093
BPL,20111230,15.8,16.45,15.75,16,18552
BRANDHOUSE,20111230,9.6,10.05,9.5,9.55,13890
BRFL,20111230,275.55,279.5,270,271.45,106815
BRIGADE,20111230,42,42.75,41.5,41.9,5644
BRITANNIA,20111230,447.65,450.9,443.3,448.6,12553
BROADCAST,20111230,6,6,6,6,1077
BROOKS,20111230,12.6,14.3,12.5,12.65,135891
BSELINFRA,20111230,2.9,2.9,2.75,2.85,27720
BSL,20111230,17.2,17.2,16.25,16.3,547
BSLGOLDETF,20111230,2720.65,2770,2686,2705.05,153
BSLNIFTY,20111230,49.5,49.7,45.8,46.02,1107
BSTRANSCOM,20111230,125,139,125,133.05,25967
BURNPUR,20111230,6.1,6.4,6,6.15,13193
BVCL,20111230,11.8,12.2,11.1,11.7,1777
CADILAHC,20111230,681.45,707,670,704.35,48696
CAIRN,20111230,308,315,304.6,314.25,1336735
CALSOFT,20111230,20.5,20.5,19.55,19.55,101
CAMBRIDGE,20111230,15.15,16.4,14.85,14.95,3085
CAMLIN,20111230,31.85,33.4,31.65,31.8,24152
CANBK,20111230,359.05,371.9,359.05,364.5,985929
CANDC,20111230,77,77.95,75.15,75.2,1025
CANFINHOME,20111230,87.7,92,87.7,88.25,2766
CANTABIL,20111230,14.95,14.95,14.55,14.75,4164
CARBORUNIV,20111230,136,145,136,138.15,10866
CAREERP,20111230,210,214,198,203.3,19752
CAROLINFO,20111230,150,150,150,150,6
CASTROL,20111230,405.95,421.25,403,416.85,75497
CCCL,20111230,16.1,16.1,15.7,15.9,9248
CCL,20111230,118.6,120.35,115,116.1,7740
CEATLTD,20111230,72,77.4,71.7,73.75,107129
CEBBCO,20111230,55.4,57.45,54,56.3,29594
CELEBRITY,20111230,5.15,5.6,5.15,5.45,5339
CELESTIAL,20111230,17.7,17.7,16,16.5,2207
CENTENKA,20111230,97,99,96,96.35,10283
CENTEXT,20111230,2,2.3,2,2.25,8193
CENTRALBK,20111230,67.5,68.15,65.4,65.8,419177
CENTUM,20111230,36.25,52.55,36.25,47.85,754
CENTURYPLY,20111230,46,47.25,45.55,47,6192
CENTURYTEX,20111230,223.3,230,221.3,226.95,430543
CERA,20111230,170.8,172,169.7,170.8,755
CESC,20111230,197,204.65,197,201.4,167722
CHAMBLFERT,20111230,76.4,77.8,75.2,75.75,854642
CHEMFALKAL,20111230,42,44.9,40.5,42.7,913
CHEMPLAST,20111230,3.85,4,3.85,3.95,9809
CHENNPETRO,20111230,158.6,160.9,155,155.35,17737
CHESLINTEX,20111230,8.05,9.75,8.05,9.55,253
CHETTINAD,20111230,545,545,521.1,530,320
CHOLAFIN,20111230,110,114,110,113.1,551
CILNOVA,20111230,15.65,15.65,15.65,15.65,101
CIMMCO,20111230,58,67,58,67,32
CINEMAX,20111230,30.1,31.45,30.05,30.5,10214
CINEVISTA,20111230,2.75,2.75,2.5,2.5,4806
CIPLA,20111230,322.3,325.55,318,319.9,1210890
CLASSIC,20111230,6.05,6.65,6.05,6.45,5955
CLNINDIA,20111230,573,587.95,564.95,565.15,1570
CLUTCHAUTO,20111230,25.8,26.9,25.8,26,4733
CMAHENDRA,20111230,110,154,110,133.1,44576
CMC,20111230,792.95,814,790,793.7,3906
COALINDIA,20111230,301,302.3,296.95,300.65,1723569
COLPAL,20111230,982,1009.9,976,990.55,47526
COMPUAGE,20111230,70.35,72,67.1,68.25,1011
CONCOR,20111230,808.15,905,800.55,839,17989
CONSOFINVT,20111230,51.6,51.6,45.65,46.95,9071
CORAL-HUB,20111230,3.35,3.7,3.15,3.55,9273
CORDSCABLE,20111230,27.2,29.45,27.2,28.55,9182
COREEDUTEC,20111230,249.55,259.5,248.6,258.25,86302
COROENGG,20111230,219.95,219.95,219.95,219.95,25
COROMANDEL,20111230,276.5,278.3,274.05,276.95,223971
CORPBANK,20111230,356,356,346,350.05,25266
COSMOFILMS,20111230,71.35,73.4,71.35,73.05,2355
COX&KINGS,20111230,155.35,158.9,153.35,154.15,44212
CREATIVEYE,20111230,3.6,3.95,3.55,3.7,2877
CRESTANI,20111230,28.55,29.5,27.65,27.95,13527
CREWBOS,20111230,23.05,23.65,22.65,22.95,15255
CRISIL,20111230,875.75,894,863.15,885.9,21472
CROMPGREAV,20111230,126.7,126.9,123.25,126.1,742783
CRONIMET,20111230,18,18.7,17.2,17.95,30029
CTE,20111230,7.8,7.8,7.5,7.5,3423
CUB,20111230,42.9,43.5,42.25,43.35,162548
CUBEXTUB,20111230,9.15,9.15,9.15,9.15,200
CUMMINSIND,20111230,346.7,352.8,341.6,350.25,235381
CURATECH,20111230,51,51,51,51,120
CYBERMEDIA,20111230,11.95,11.95,10.15,11.8,8
CYBERTECH,20111230,9.8,10,9.8,10,654
DAAWAT,20111230,38.8,40.4,38.25,38.65,11210
DABUR,20111230,102,102.75,98.3,99.45,916163
DALMIABEL,20111230,118,122,115.5,119.25,12803
DALMIASUG,20111230,13,13.8,12.6,12.95,8565
DATAMATICS,20111230,23.25,25,23.1,23.65,1038
DBCORP,20111230,180,199.95,180,188.4,1693
DBREALTY,20111230,46.2,49.45,46,49.45,818758
DCB,20111230,32,32.75,31.2,31.8,1887343
DCHL,20111230,36.05,37.55,36,36.45,222342
DCM,20111230,42.65,44.9,42.1,43.05,43482
DCMSRMCONS,20111230,39.5,40.05,39.5,40,8217
DCW,20111230,7.7,7.9,7.6,7.7,38497
DECCANCE,20111230,130,131,127.1,127.15,201
DEEPAKFERT,20111230,123.5,123.55,120,120.75,5747
DEEPAKNTR,20111230,151,154,151,153,967
DEEPIND,20111230,56.4,58.55,55.9,57,12533
DELTACORP,20111230,58,59,54.75,55.65,4699123
DEN,20111230,48.1,50.45,47.3,48.45,13694
DENABANK,20111230,50,50.45,48.25,48.85,1311638
DENORA,20111230,89,89,85,85,3
DENSO,20111230,47.3,51.75,47.3,47.5,1694
DEWANHOUS,20111230,185.65,188.65,175.7,180.55,183673
DHAMPURSUG,20111230,30.15,31,28.7,29.35,77279
DHANBANK,20111230,43.6,46.1,43.1,44.7,1108834
DHANUKA,20111230,93.8,93.8,90,92.55,4036
DHARSUGAR,20111230,19.8,21.95,19.8,20.45,2029
DIAPOWER,20111230,81,82.7,79,81.2,12015
DICIND,20111230,195,199.9,192,192.7,1040
DIGJAM,20111230,6.4,6.9,6.4,6.6,20521
DISHMAN,20111230,36.1,38.45,35.45,37.15,48685
DISHTV,20111230,60.3,60.4,58.05,58.8,1013102
DIVISLAB,20111230,764.5,783.8,755.2,776.65,223015
DLF,20111230,187.5,189.4,181.55,183.1,6179192
DLINKINDIA,20111230,15.3,16.45,15.25,15.85,11427
DOLPHINOFF,20111230,63.05,65,61.15,62.45,2122
DONEAR,20111230,17,18.9,17,18.75,176
DPSCLTD,20111230,17.25,17.25,17.25,17.25,4595
DPTL,20111230,100,104.25,100,101.1,2945
DQE,20111230,21.4,23.8,21.4,22.05,14646
DREDGECORP,20111230,213,233,195.1,224.7,400955
DRREDDY,20111230,1576.8,1588.85,1565,1577.95,116049
DSKULKARNI,20111230,51.1,51.8,48.35,50.95,27868
DUNCANSIND,20111230,8.9,9.1,8.7,8.8,6024
DWARKESH,20111230,31.1,31.7,30.6,31.25,3227
DYNAMATECH,20111230,1009.9,1009.9,990.05,992.35,212
EASTSILK,20111230,4,4.1,3.85,3.95,22172
EASUNREYRL,20111230,50,51.85,50,50,1534
ECEIND,20111230,60.15,81,60.15,73.2,12418
ECLERX,20111230,697.05,705.9,681,690.05,4819
EDELWEISS,20111230,26.35,26.85,25.8,25.9,27031
EDL,20111230,57,57,51.5,54.1,5099
EDSERV,20111230,42.75,42.9,39.75,40.25,141618
EDUCOMP,20111230,192.5,199,189.25,191.9,1848224
EICHERMOT,20111230,1475.05,1505.05,1470,1488,16683
EIDPARRY,20111230,188.1,190,185.1,188.75,10112
EIHAHOTELS,20111230,137.25,147,131.2,134.8,2584
EIHOTEL,20111230,83.95,84.25,82.85,84,127415
EIMCOELECO,20111230,150.1,152,145.55,148.2,1212
EKC,20111230,26.2,27.2,25.1,25.3,552943
ELDERPHARM,20111230,352.65,363.75,345.6,358.25,50340
ELECON,20111230,53.5,54.65,52.3,54.45,15688
ELECTCAST,20111230,17.5,17.5,17,17.05,56094
ELECTHERM,20111230,82.25,90.85,82.25,84,46443
ELFORGE,20111230,9.3,9.3,9.3,9.3,100
ELGIEQUIP,20111230,66.55,69,65.5,65.55,2735
ELGIRUBCO,20111230,18.1,20,18.1,18.85,1804
ELNET,20111230,25,29,25,26.4,298
EMAMIINFRA,20111230,18.8,18.8,17.35,17.6,3363
EMAMILTD,20111230,350,350.95,330.5,341.1,52435
EMCO,20111230,28.1,29.3,28.1,28.75,6478
EMKAY,20111230,37.8,41.25,37.6,40.35,708
EMMBI,20111230,12.35,12.7,12.3,12.4,1319
EMPEESUG,20111230,11,11.9,11,11.3,1943
ENERGYDEV,20111230,32.5,33.9,30.1,30.6,1433
ENGINERSIN,20111230,201.85,213.65,200.15,205.95,143419
ENIL,20111230,211.55,225.5,211.55,220.7,38190
ENTEGRA,20111230,11.25,11.95,11.25,11.6,8320
EONELECT,20111230,33.1,34.5,33.1,33.8,2100
ERAINFRA,20111230,138.35,138.4,136,136.75,317031
EROSMEDIA,20111230,202.3,206.35,201,203.3,116587
ESABINDIA,20111230,442.5,450,442.5,447.3,3794
ESCORTS,20111230,68,68.75,65.25,66.1,620990
ESL,20111230,5.25,5.4,4.75,5,252371
ESSAROIL,20111230,49.75,51,49.5,50.3,1563001
ESSARPORTS,20111230,50.6,51.8,50.6,50.9,11468
ESSARSHPNG,20111230,17.5,18.8,17.5,18.7,10339
ESSDEE,20111230,128.55,133,127,130.6,9898
ESSELPACK,20111230,26.1,27.15,24.7,25.4,29709
ESTER,20111230,20.7,21,20.1,20.65,5727
EUROMULTI,20111230,5.65,6.1,5.6,5.65,1027
EUROTEXIND,20111230,19.1,19.1,19.1,19.1,311
EVEREADY,20111230,22.7,23.1,22.05,22.95,18753
EVERESTIND,20111230,109,115,105.15,108.15,1794
EVERONN,20111230,334.95,337.8,326.8,331.55,52666
EXCELCROP,20111230,130,130,121.1,122.25,2138
EXCELINDUS,20111230,54,58.95,52.1,55.55,419
EXCELINFO,20111230,16.4,17.4,15.5,17,102952
EXIDEIND,20111230,108.9,109.45,104.25,105.05,978598
FACT,20111230,24.2,24.2,22.3,22.9,50438
FAGBEARING,20111230,1049,1054.95,1025.05,1044.2,713
FAME,20111230,57.8,61.9,54,60.25,944054
FARMAXIND,20111230,1.2,1.2,1.2,1.2,22675
FCH,20111230,126.95,129.75,122,123.55,26758
FCSSOFT,20111230,0.4,0.45,0.4,0.4,326898
FDC,20111230,78.5,85.05,78.3,83.75,55397
FEDDERLOYD,20111230,52.6,54.95,52.1,53.15,4489
FEDERALBNK,20111230,334.95,340.95,331.05,336.8,354647
FIEMIND,20111230,132.35,149.9,132.35,146.25,43
FILATEX,20111230,29.7,29.7,29.7,29.7,200
FINANTECH,20111230,533.25,536.5,522.3,530.7,104253
FINCABLES,20111230,33.8,33.8,30.2,30.55,46476
FINPIPE,20111230,46.05,47,45.2,45.8,17264
FIRSTLEASE,20111230,49,51.75,49,51,7169
FIRSTWIN,20111230,12.55,12.55,12.55,12.55,50
FKONCO,20111230,84,86.25,83,85.25,8061
FLEXITUFF,20111230,258.6,258.6,251.1,255.9,68571
FMGOETZE,20111230,205,209,196,207.05,6490
FORTIS,20111230,85,85,82.35,84.2,1896371
FOSECOIND,20111230,536,536,525.6,530.05,134
FOURSOFT,20111230,7.7,8.15,7.5,7.7,5163
FSL,20111230,6,6.25,5.9,6.1,2657701
FUTUREVENT,20111230,9,9.1,8.95,9,3156337
GABRIEL,20111230,38.5,39.9,38.4,39.05,8770
GAEL,20111230,18.2,19.5,18.2,18.45,5137
GAIL,20111230,382.7,385.5,376.2,383.65,999818
GAL,20111230,12.65,12.65,12.65,12.65,10532
GALLANTT,20111230,18.3,18.8,17.5,18.4,30236
GAMMNINFRA,20111230,11.1,12.7,11,12.5,185408
GAMMONIND,20111230,43.1,46,42.25,43.25,9166
GANDHITUBE,20111230,124.45,125.45,122.8,125.45,140
GANESHHOUC,20111230,88,95.9,87,91.55,6912
GARDENSILK,20111230,52,53.4,51,51.45,3798
GARWALLROP,20111230,45,47.1,45,45.5,596
GATI,20111230,28.25,30,27.5,28.6,113910
GAYAPROJ,20111230,99.5,99.5,93.65,94.45,4273
GDL,20111230,130,134.4,128,132.3,187462
GEECEE,20111230,29.05,31.65,29.05,29.75,817
GEINDSYS,20111230,118,120.5,115.55,118.2,8935
GEMINI,20111230,19.3,20.4,19.1,19.95,7332
GENESYS,20111230,127,140.95,123.15,124.9,838
GENUSPOWER,20111230,7.6,8.2,7.5,7.9,55439
GEODESIC,20111230,42.65,43.35,41.55,42.3,40262
GEOJITBNPP,20111230,15.15,15.6,15.1,15.25,31906
GEOMETRIC,20111230,46,46.7,44,46.2,231988
GESHIP,20111230,185.9,194.35,185.9,189.5,46469
GHCL,20111230,28.6,30.2,28.15,29.75,204870
GICHSGFIN,20111230,70.5,71.45,70.1,70.25,21863
GILLANDERS,20111230,63.9,63.9,60.1,60.7,2387
GILLETTE,20111230,1916.1,2000,1916.1,1972.9,982
GINNIFILA,20111230,5,5.15,5,5.05,2058
GIPCL,20111230,65,66.8,64.15,65.1,4178
GISOLUTION,20111230,8.9,8.9,8.8,8.8,1075
GITANJALI,20111230,303,306.5,287,301.75,1721981
GKB,20111230,27,30.4,27,28.3,6023
GLAXO,20111230,1940.1,2004.15,1891.05,1945.15,20327
GLENMARK,20111230,281.95,302.7,279.2,293.55,488847
GLOBALVECT,20111230,14.65,14.7,13.7,14.6,554
GLOBOFFS,20111230,75.5,77,70.35,71.05,7355
GLOBUSSPR,20111230,97,99,96.3,98.15,1474
GLODYNE,20111230,240,243.9,234.5,239.15,139117
GLORY,20111230,2.5,2.7,2.5,2.55,30985
GMBREW,20111230,61.8,63.5,61,63.25,955
GMDCLTD,20111230,161.2,168.9,159,161.7,243013
GMRINFRA,20111230,20.25,22.25,19.6,21,5679995
GNFC,20111230,74.1,75.35,74.1,74.8,11580
GOACARBON,20111230,67.15,68.35,65.65,67.65,1636
GODFRYPHLP,20111230,2501,2590,2451,2518.05,351
GODREJCP,20111230,387.1,390.95,382.25,385.6,50120
GODREJIND,20111230,176,180,168.2,171.15,158405
GODREJPROP,20111230,629,638,606,609.85,19203
GOENKA,20111230,32.95,33,30.45,30.55,95775
GOKEX,20111230,71.3,77,71.3,75.6,607
GOKUL,20111230,77.2,82.5,77.2,81.6,37080
GOLDBEES,20111230,2584.05,2613,2563,2610.25,129870
GOLDENTOBC,20111230,31,31.8,29.1,30.55,3446
GOLDIAM,20111230,25,28.95,24.1,24.65,1021
GOLDINFRA,20111230,9.3,9.5,9.2,9.25,2157
GOLDSHARE,20111230,2590,2619.9,2578.1,2608.35,5840
GOLDTECH,20111230,6.1,6.4,6.1,6.3,12970
GPIL,20111230,70.5,73.6,70.5,72.2,14640
GPPL,20111230,53,55,52.25,53.4,9933
GRABALALK,20111230,17,17,16.25,16.95,2321
GRANULES,20111230,61.95,61.95,61,61,176
GRAPHITE,20111230,66.1,71.5,66.1,69.6,20945
GRASIM,20111230,2499.7,2504.85,2451.35,2488.75,60951
GRAVITA,20111230,367.95,376.7,360.1,364.95,149472
GREAVESCOT,20111230,78,82.9,75.5,81,41894
GREENPLY,20111230,147,153.9,144.3,150.95,1207
GREENPOWER,20111230,8.55,8.6,8.05,8.45,402919
GRINDWELL,20111230,215,219.45,212,217.5,3703
GRUH,20111230,533,600,503.5,558.55,26486
GSFC,20111230,332.05,341.7,322.15,332.75,77885
GSKCONS,20111230,2534,2605.45,2439.95,2540.55,17937
GSLNOVA,20111230,2.25,2.5,2.25,2.4,786
GSPL,20111230,81.75,82.45,76.2,77.7,1326207
GSS,20111230,42.7,42.7,42.7,42.7,2933
GTL,20111230,38,39.15,36.45,36.7,1641524
GTLINFRA,20111230,8.9,9.4,8.9,9,825649
GTNIND,20111230,8,10.7,8,10.35,645
GTNTEX,20111230,8.2,9.3,7.85,9.25,146
GTOFFSHORE,20111230,75,76,70.1,70.75,152867
GUFICBIO,20111230,4.8,4.9,4.7,4.9,5152
GUJALKALI,20111230,129.55,130.9,129.5,129.5,57009
GUJAPOLLO,20111230,130,131.9,129,130.55,29252
GUJFLUORO,20111230,349,359.9,341.05,345.45,116081
GUJNRECOKE,20111230,16.1,16.3,16,16.1,740121
GUJNREDVR,20111230,11.7,12,11.1,11.75,9698
GUJRATGAS,20111230,351,361.75,348.1,357.05,25959
GUJSIDHCEM,20111230,7.1,7.35,7,7.1,38997
GULFOILCOR,20111230,56.65,57.75,55.3,55.95,28687
GVKPIL,20111230,11.3,11.85,11.3,11.55,10952636
HALONIX,20111230,50.5,52.7,49.6,51.9,1562
HANUNG,20111230,96,103.25,93.15,99.6,1353069
HARRMALAYA,20111230,56,66.15,54,65.25,306541
HATHWAY,20111230,111.15,114.9,108.5,110.45,50185
HAVELLS,20111230,385.4,390.7,384.55,385.2,45754
HBLPOWER,20111230,15.2,15.55,15,15.05,6569
HBSTOCK,20111230,9.15,9.5,9.1,9.3,615
HCC,20111230,16.55,17.3,16.55,16.8,1960076
HCIL,20111230,46.55,47.95,46.55,47.75,23921
HCL-INSYS,20111230,40.4,40.4,38.5,38.85,266488
HCLTECH,20111230,389,391.55,385,387.95,756035
HDFC,20111230,655,668.9,648,652.05,1841165
HDFCBANK,20111230,433.8,434,422.1,426.85,1919104
HDFCMFGETF,20111230,2662,2669.9,2647.1,2666.3,2933
HDIL,20111230,54.2,55.2,52.2,53.35,8713812
HEG,20111230,158.2,159.45,148,154.8,5872
HEIDELBERG,20111230,25.3,26.45,25.15,25.4,16138
HELIOSMATH,20111230,18.7,19,17.5,18.6,3603
HERCULES,20111230,214.05,219.7,212.15,213.1,23194
HERITGFOOD,20111230,153.95,153.95,146.15,148.05,611
HEROMOTOCO,20111230,1895,1932.5,1895,1905.15,273562
HEXAWARE,20111230,74.6,75.9,73.75,75.1,988157
HFCL,20111230,10.65,10.9,10.55,10.6,476980
HGS,20111230,301.8,301.8,287,295.45,1182
HIKAL,20111230,243,258.9,230.1,236.8,2216
HILTON,20111230,10.8,10.85,10.25,10.55,477
HIMATSEIDE,20111230,23,24.5,22.3,23.1,6553
HINDALCO,20111230,118.6,119.4,115.1,115.85,6098382
HINDCOMPOS,20111230,440.15,440.15,440,440,55
HINDCOPPER,20111230,163,188.7,161.15,186.15,2411336
HINDDORROL,20111230,23.6,23.95,22.8,23.1,73204
HINDMOTORS,20111230,8.25,8.4,8.2,8.25,63027
HINDNATGLS,20111230,143,150,142.5,143.85,3323
HINDOILEXP,20111230,90.6,93.35,89,89.7,971972
HINDPETRO,20111230,250.05,256.8,245.2,252.95,560973
HINDUJAFO,20111230,62,65,57.15,57.5,274
HINDUJAVEN,20111230,302,310,295.8,298.6,3500
HINDUNILVR,20111230,414.9,414.95,405.35,407.4,1008710
HINDZINC,20111230,119.45,122.05,116.4,119.7,897464
HIRAFERRO,20111230,24.3,26.2,24.3,25.3,616
HIRECT,20111230,38.15,40,38,38.1,1831
HITACHIHOM,20111230,96.8,100,96.6,97.35,13301
HITECHGEAR,20111230,120,124.9,120,120.05,2643
HITECHPLAS,20111230,55.55,59.25,55.55,56.3,1425
HMT,20111230,28.75,31.95,28.7,30.7,558716
HMVL,20111230,119.25,120,119,119.05,431
HNGSNGBEES,20111230,1323.99,1325.99,1310,1314,508
HOCL,20111230,15.6,16.35,15.6,15.85,52648
HONAUT,20111230,1715.25,1730,1711,1722.7,771
HONDAPOWER,20111230,279.85,282.5,275,278.2,519
HOPFL,20111230,46,49.95,45,46.5,733
HORIZONINF,20111230,225.8,225.8,213.2,215,361
HOTELEELA,20111230,29.05,31.4,28.8,29.25,149769
HOTELRUGBY,20111230,4.85,5.15,4.85,5.15,166
HOVS,20111230,35.8,40.7,35.8,38.7,19478
HSIL,20111230,123,124.5,118,123.3,17978
HTMEDIA,20111230,125,132.7,113.8,122.75,93886
HUBTOWN,20111230,174.05,184,174,178.95,17327
HYDRBADIND,20111230,273,273.85,268.1,270.3,2574
HYDROS&S,20111230,14,15,14,15,109
IBPOW,20111230,8.8,8.8,8.4,8.5,106113
IBREALEST,20111230,47.2,48.25,46.2,46.75,2961616
IBSEC,20111230,5.85,5.9,5,5.8,561030
IBWSL,20111230,4.5,4.5,4.25,4.25,104835
ICICIBANK,20111230,690.35,699.8,680.6,684.65,2546166
ICIL,20111230,7,7.1,7,7.05,27
ICRA,20111230,809.4,809.9,800.85,801.9,1134
ICSA,20111230,20.2,20.45,19.6,20,298808
IDBI,20111230,80.75,81.4,77.65,77.95,2042468
IDBIGOLD,20111230,2700.05,2752.85,2700.05,2716.05,137
IDEA,20111230,80.35,83.25,79.8,82.3,3636820
IDFC,20111230,95.5,95.75,90.9,91.65,6397124
IFBAGRO,20111230,139.25,142.9,136.5,138.15,500
IFBIND,20111230,57.5,59.5,57,58.95,5279
IFCI,20111230,23.4,23.45,21.6,21.85,30754576
IFGLREFRAC,20111230,32.5,34.4,31.45,32,6096
IGARASHI,20111230,31.55,35.8,31.15,34.1,504
IGL,20111230,370.05,382.7,367.75,375.65,171178
IGPL,20111230,15,16.8,14.6,16.8,6957
IIFLNIFTY,20111230,465.25,470.4,460,462.54,119869
IL&FSENGG,20111230,53,53.2,50.5,50.9,15250
IL&FSTRANS,20111230,156.4,156.4,144.5,145.25,10952
IMFA,20111230,223,238.65,221.2,229.35,580
IMPAL,20111230,610,620,607.6,612.35,347
IMPEXFERRO,20111230,5.75,6.25,5.75,6.25,215
INDBANK,20111230,7,7.05,6.5,6.6,9789
INDHOTEL,20111230,53.1,54.85,52.5,54.35,619659
INDIABULLS,20111230,134.4,140.25,133.55,137.8,904596
INDIACEM,20111230,67.15,68.85,65.5,65.95,669009
INDIAGLYCO,20111230,113.4,114.95,112.5,113.3,8574
INDIAINFO,20111230,45.25,46.4,43.3,43.55,131371
INDIANB,20111230,184.4,185.6,181.1,184.95,472964
INDIANCARD,20111230,79.7,79.7,79.7,79.7,1
INDIANHUME,20111230,92,92,85,89.5,266
INDLMETER,20111230,53.8,53.8,45,45.65,504
INDNIPPON,20111230,146.4,149.85,146.4,149.85,256
INDOCO,20111230,415.5,435,410,428.05,1916
INDORAMA,20111230,25,25.9,25,25.3,12389
INDOSOLAR,20111230,5.2,5.35,4.9,5.05,235806
INDOTECH,20111230,74.1,78.75,74.1,75.95,1715
INDOTHAI,20111230,10.35,10.7,10.1,10.45,59098
INDOWIND,20111230,5.65,5.75,5.3,5.65,167272
INDRAMEDCO,20111230,38.8,40.1,37.7,38.05,23026
INDSWFTLAB,20111230,89.15,91.9,87.35,88.3,18878
INDSWFTLTD,20111230,23.6,24.4,22.7,23.45,17833
INDTERRAIN,20111230,75.4,84.95,75.4,84.95,138
INDUSFILA,20111230,11,11.8,10.55,11.15,1065
INDUSINDBK,20111230,232.2,234.1,224,225.85,415559
INEABS,20111230,585.5,592.9,585,586.1,3138
INFINITE,20111230,58.55,62,58.55,59.95,4662
INFODRIVE,20111230,7,7.4,7,7,1069
INFOMEDIA,20111230,9.05,9.6,9.05,9.4,9498
INFOTECENT,20111230,114.75,114.75,109.15,110.05,1280
INFRABEES,20111230,212.3,212.3,210,211,60
INFY,20111230,2744,2775,2741.5,2767.65,663602
INGERRAND,20111230,388,388,375.2,379.8,1527
INGVYSYABK,20111230,293.5,293.5,286,290.5,36001
INNOIND,20111230,83,97,81.55,89.8,43340
INOXLEISUR,20111230,38.85,42.3,38.85,39.95,96421
INSECTICID,20111230,401.5,403.5,393,394.7,43361
INVENTURE,20111230,149.1,150.85,149,149.15,18349
IOB,20111230,74,75.2,73.05,73.35,301591
IOC,20111230,253,257.1,251.05,253.75,389482
IOLCP,20111230,19.05,22.7,19.05,20.85,539
IOLN,20111230,6.65,7.35,6.65,7.1,5409
IPCALAB,20111230,279.1,284.8,268,275.85,64561
IPGETF,20111230,2665,2678.95,2660,2674.15,275
IPRINGLTD,20111230,44.05,44.05,44.05,44.05,50
IRB,20111230,133.2,134.9,126.75,130.2,743783
ISFT,20111230,51,51,49.05,50,648
ISMTLTD,20111230,22.55,23.35,22.55,22.6,33081
ITC,20111230,200.65,203,200.25,201.3,2311607
ITDCEM,20111230,106,118.95,106,118.9,1395
ITI,20111230,17.75,18.9,17.05,17.85,329384
IVC,20111230,25.1,25.85,24.8,25.05,11359
IVP,20111230,40,40,39.25,40,730
IVRCLAH,20111230,21.1,22.45,21.1,21.85,14015
IVRCLINFRA,20111230,27.4,28.55,27.2,28.25,7270808
J&KBANK,20111230,670,681.5,660.15,675.6,21419
JAGRAN,20111230,92.6,101.8,92.5,97.3,102526
JAGSNPHARM,20111230,10.95,11.05,10.6,10.75,1516
JAIBALAJI,20111230,33.1,34.75,33,34.25,34130
JAICORPLTD,20111230,52,52.8,50.35,51.25,223747
JAINSTUDIO,20111230,6.25,7,6.25,7,203
JAMNAAUTO,20111230,83.05,83.05,83.05,83.05,100
JAYAGROGN,20111230,82,83.15,79.05,81.5,2294
JAYBARMARU,20111230,42.7,42.7,40.1,40.5,240
JAYNECOIND,20111230,11.55,12.15,11.5,11.6,9917
JAYSREETEA,20111230,85,87.5,82.1,83.35,61093
JBCHEPHARM,20111230,64,66.5,63.05,63.65,60008
JBFIND,20111230,93.05,97.4,90.5,91.75,33865
JBMA,20111230,46,52.5,46,51.25,21
JCTEL,20111230,0.8,0.85,0.8,0.85,12413
JENSONICOL,20111230,2.85,3,2.85,2.95,5350
JETAIRWAYS,20111230,174.05,176.7,168.4,170.05,1095221
JHS,20111230,33,34.1,32.9,33.15,4418
JIKIND,20111230,4,4.4,3.8,4.05,1211
JINDALPHOT,20111230,119.05,123.9,118.1,119.15,15989
JINDALPOLY,20111230,163.3,170.5,163.2,165.5,111270
JINDALSAW,20111230,127,132.5,124,131.5,341981
JINDALSTEL,20111230,462,466,446.7,453.15,1575057
JINDALSWHL,20111230,387,390,376.1,378.4,24500
JINDCOT,20111230,58.65,59.55,55.05,58.5,45471
JINDRILL,20111230,296.7,307,285,286.4,2017
JINDWORLD,20111230,78.8,78.8,73,73.05,962
JISLDVREQS,20111230,34.6,35.9,33.85,35.25,273885
JISLJALEQS,20111230,88.2,90,83.5,86.55,1346446
JKCEMENT,20111230,100.5,101.25,100,101,216051
JKIL,20111230,165,174,161,172.55,38146
JKLAKSHMI,20111230,37.15,38.1,36.75,37.2,19292
JKPAPER,20111230,33.15,34.4,33.15,33.7,99617
JKTYRE,20111230,61.5,63.35,59.8,60.75,82319
JMCPROJECT,20111230,88.15,92,84.5,85.2,1785
JMFINANCIL,20111230,12.25,12.7,11.75,11.9,289360
JMTAUTOLTD,20111230,53,53,51.2,51.2,56
JOCIL,20111230,92.5,93,88,92.5,2590
JPASSOCIAT,20111230,54.1,54.25,52.1,52.4,8928366
JPINFRATEC,20111230,39.45,40.8,37.7,39.7,3092795
JPPOWER,20111230,36.9,37.4,34.8,35.05,893468
JSL,20111230,71.5,74.55,71.5,71.75,68064
JSWENERGY,20111230,37.6,38.1,37.4,37.75,346417
JSWISPAT,20111230,9.35,9.65,9.2,9.35,1930519
JSWSTEEL,20111230,527,532.8,501.35,507.2,2421266
JUBILANT,20111230,185,189.5,175.2,180.3,265913
JUBLFOOD,20111230,775,780.75,750,754.4,745350
JUBLINDS,20111230,171,172,168.1,169.05,2964
JUMBO,20111230,13.15,13.15,13.1,13.15,710
JUNIORBEES,20111230,84.39,84.39,82.9,83.42,15584
JUPITER,20111230,8.7,9.05,8.65,8.7,94846
JVLAGRO,20111230,14.25,14.25,13.85,13.9,16308
JYOTHYLAB,20111230,159.95,186,159,161.3,26710
JYOTISTRUC,20111230,39,40.7,38,39,128511
KABRAEXTRU,20111230,33,35,31,31.75,8379
KAJARIACER,20111230,99.5,103.9,98.1,100.25,66076
KAKATCEM,20111230,62,62,60.35,60.9,117
KALECONSUL,20111230,102.95,102.95,98.6,99.6,3833
KALINDEE,20111230,96,102.45,96,97.7,398686
KALPATPOWR,20111230,93.9,97.95,90.7,93.6,64398
KAMATHOTEL,20111230,106,111.4,106,110.6,20889
KANANIIND,20111230,140,140,135,137.35,60
KANORICHEM,20111230,25.6,25.85,25.1,25.4,11316
KANSAINER,20111230,839,864.95,839,850,8111
KARURKCP,20111230,15,18.45,15,15.75,940
KARURVYSYA,20111230,346.15,349.8,343.05,346.6,41888
KAUSHALYA,20111230,5.6,6.25,5.55,5.85,6716
KAVVERITEL,20111230,126.2,129.55,126.2,128.2,86305
KBIL,20111230,676,676,670,674.65,475
KCP,20111230,23.5,23.95,23.1,23.45,17061
KCPSUGIND,20111230,13.5,14.5,13.5,14.05,20517
KEC,20111230,35.25,36.7,34,35.1,125031
KECL,20111230,34,36.45,33.9,34.45,8361
KEI,20111230,13,13.5,12.95,13.05,15579
KEMROCK,20111230,514,523.45,500.9,516.8,8937
KERNEX,20111230,61.5,65.05,61.1,61.4,145997
KESARENT,20111230,40,40,40,40,2
KESORAMIND,20111230,84.55,86.3,82.8,83.75,22051
KFA,20111230,21.5,21.95,20.85,21.05,1339319
KGL,20111230,4.25,4.55,4.2,4.4,618051
KHAITANELE,20111230,72.35,72.35,70,70,263
KHAITANLTD,20111230,18.3,18.65,18.3,18.65,101
KIL,20111230,11,12.25,11,11.35,1924
KILITCH,20111230,44,44,41,41,500
KINETICMOT,20111230,10,10.7,9.2,10.3,2502
KIRIINDUS,20111230,53,57.15,51.25,57.1,45989
KIRLOSBROS,20111230,117,127,115.05,118,3597
KIRLOSENG,20111230,114,120.5,111.05,118.9,9221
KIRLOSIND,20111230,222.25,252.95,222.2,246.4,218
KITPLYIND,20111230,2.8,2.9,2.8,2.8,1204
KKCL,20111230,660.25,700,660.25,698.5,2679
KLGSYSTEL,20111230,19.05,21,19,20.4,16061
KLRF,20111230,24,24,22.75,22.85,180
KMSUGAR,20111230,2,2.2,1.9,2.2,1311
KNRCON,20111230,95,101,93.25,99.9,3749
KOHINOOR,20111230,31.25,31.25,30.1,30.3,14647
KOLTEPATIL,20111230,29.7,31,29.7,30.55,10362
KOPRAN,20111230,13,13.6,13,13.1,19785
KOTAKBANK,20111230,448,448,426.95,430.55,647341
KOTAKGOLD,20111230,2609,2639.45,2589,2620.9,33946
KOTAKNIFTY,20111230,476.5,505,473,501.23,908
KOTAKPSUBK,20111230,276,283,276,283,467
KOTARISUG,20111230,5.55,5.75,5.5,5.5,48827
KOTHARIPET,20111230,5.8,6,5.8,6,972
KOTHARIPRO,20111230,361.65,380,361.65,362.7,1170
KOUTONS,20111230,15.3,15.4,14.6,14.75,43564
KPIT,20111230,148.2,148.85,143.1,146.45,31889
KPRMILL,20111230,80.05,83,79.05,79.95,2955
KRBL,20111230,14.2,14.6,13.95,14.1,176357
KRISHNAENG,20111230,2.25,2.25,2.25,2.25,539
KRITIIND,20111230,6,6.5,6,6.5,100
KSBPUMPS,20111230,143,148.9,142.15,145.25,231
KSCL,20111230,459,461,441.45,447.9,8364
KSE,20111230,210.55,220.9,210.55,220.9,40
KSERASERA,20111230,2.2,2.4,2.2,2.25,30820
KSK,20111230,37,38.6,36.4,37.25,104307
KSL,20111230,35,37.65,35,35.5,5186
KSOILS,20111230,5.95,5.95,5.8,5.9,3156651
KTKBANK,20111230,65,66.3,64.4,65.2,541640
KWALITY,20111230,37.55,37.55,37.05,37.55,36899
L&TFH,20111230,43.1,43.5,42.75,42.85,196784
LAKPRE,20111230,32.1,36.5,32.1,35.45,3837
LAKSHMIEFL,20111230,14.8,15.15,14.35,14.45,10602
LAKSHMIMIL,20111230,1515,1520,1470,1475.1,45
LAKSHVILAS,20111230,92,93.8,88.1,92.45,120533
LANCOIN,20111230,22,22,20.15,21.45,6044
LAOPALA,20111230,94,98.9,94,96,5297
LAXMIMACH,20111230,1475.05,1495,1475,1475.4,6941
LCCINFOTEC,20111230,0.35,0.45,0.35,0.35,18352
LGBBROSLTD,20111230,291.5,291.5,283.1,284.05,1160
LGBFORGE,20111230,2.75,2.75,2.75,2.75,565
LIBERTSHOE,20111230,59.15,61.6,59.15,60.35,2700
LICHSGFIN,20111230,225.35,226.5,220.5,221.35,1133285
LIQUIDBEES,20111230,1000,1000.01,999.99,1000,372114
LITL,20111230,9.5,9.7,9.4,9.5,4604119
LLOYDELENG,20111230,36.95,38.4,36.8,37.2,2670
LLOYDFIN,20111230,0.75,0.9,0.75,0.9,10586
LLOYDSTEEL,20111230,8.45,8.55,7.7,7.85,191916
LML,20111230,7.15,7.3,7.05,7.1,160392
LOGIXMICRO,20111230,17,18.4,17,17.4,18856
LOKESHMACH,20111230,38.15,39.7,38.1,39.2,6371
LOTUSEYE,20111230,6.9,7.95,6.9,7.65,26082
LOVABLE,20111230,315,324.45,307.85,311.5,514664
LPDC,20111230,2,2,1.8,1.9,2997
LT,20111230,1005,1012,990.5,994.65,2467620
LUMAXAUTO,20111230,26,27.55,26,26.65,1429
LUMAXIND,20111230,365,375.9,365,371.9,1723
LUMAXTECH,20111230,146.9,147.5,143,145,7782
LUPIN,20111230,442.9,454,439.55,447.85,765338
LYKALABS,20111230,8.75,10.3,8.75,9.45,35286
M&M,20111230,686.7,694.5,675.35,681.8,1313271
M&MFIN,20111230,597.55,613,592,610.25,118501
M100,20111230,6,6.1,6,6.05,13999
M50,20111230,60.07,61.48,59.7,60.24,2324
MAANALU,20111230,37,37,34,34,265
MADHAV,20111230,16,16.75,15.1,16.75,332
MADHUCON,20111230,50.05,51.25,48.6,50,3989
MADRASCEM,20111230,103,105,102.5,102.7,14511
MADRASFERT,20111230,16.5,17.8,16.5,17.45,25943
MAGMA,20111230,53.05,54.45,53.05,54,4048
MAGNUM,20111230,3.35,3.35,3,3.3,2022
MAHABANK,20111230,38.95,39.95,38,38.45,64278
MAHINDFORG,20111230,46.15,48,46.15,46.7,3422
MAHINDUGIN,20111230,44.4,44.4,42.8,42.95,4005
MAHLIFE,20111230,244.05,255,236.4,237.6,5189
MAHSCOOTER,20111230,294,300.05,294,300,329
MAHSEAMLES,20111230,323,326.85,316.05,318.5,7555
MAITHANALL,20111230,78,83,78,83,257
MALUPAPER,20111230,10.1,10.3,10,10.25,210
MALWACOTT,20111230,18,19.55,18,19.3,5
MANAKSIA,20111230,43.5,45,43.5,43.55,2963
MANALIPETC,20111230,8.3,8.4,8.25,8.3,27283
MANAPPURAM,20111230,47.2,47.5,45.8,46.1,1388276
MANDHANA,20111230,219,220,216.05,217.8,60474
MANGALAM,20111230,9.8,10.9,9.35,10.05,1079
MANGCHEFER,20111230,35.05,35.5,35,35,123475
MANGLMCEM,20111230,82,83.4,78.15,80.8,6745
MANGTIMBER,20111230,24.75,24.75,20.25,22.2,7195
MANINDS,20111230,104,110,103,105.65,84495
MANINFRA,20111230,92,99.85,92,97.2,2425
MANJEERA,20111230,87,87,78.1,78.55,73
MANJUSHREE,20111230,79.45,79.45,74.95,77.35,91070
MANUGRAPH,20111230,45.5,47.95,45.25,46.15,1222
MARALOVER,20111230,9,9,8.45,8.7,3252
MARG,20111230,80.25,80.95,80.25,80.8,19132
MARICO,20111230,147.3,147.5,144.5,145.35,28372
MARKSANS,20111230,1.7,1.75,1.7,1.7,41294
MARUTI,20111230,935,939.9,911,918.3,390624
MASTEK,20111230,85.8,88,82.25,85.1,91134
MAWANASUG,20111230,15.2,15.2,14.25,14.4,4338
MAX,20111230,142,150,140.4,146.15,664802
MAXWELL,20111230,20.65,21.8,20.65,21.15,2261
MBECL,20111230,82,82.75,81.1,81.2,2528
MBLINFRA,20111230,110.05,116.9,110,114.8,14143
MBSWITCH,20111230,60,63,59.45,61.15,40458
MCDHOLDING,20111230,36.15,37.65,35.1,35.55,6646
MCDOWELL-N,20111230,511,521.9,479.1,491.9,1113192
MCLEODRUSS,20111230,189.4,194.9,185.45,188.55,504378
MEGASOFT,20111230,10,10.8,9.75,9.75,6248
MEGH,20111230,8.25,8.45,7.8,8.05,63972
MELSTAR,20111230,5.4,5.65,5.35,5.35,1006
MERCATOR,20111230,16.5,16.5,15.9,16.1,604788
MERCK,20111230,614.05,614.05,591.9,598.05,2269
MHRIL,20111230,299,312.7,294,303.8,86470
MIC,20111230,6,6.15,5.95,6,124267
MICROSEC,20111230,26.1,27,26.1,26.75,4124
MICROTECH,20111230,153.2,158.25,153,156.6,48950
MINDAIND,20111230,160,160,148,149.35,1645
MINDTREE,20111230,394.3,403.75,394.3,397.65,3933
MIRCELECTR,20111230,16,16.3,15.9,16.1,25557
MIRZAINT,20111230,17.4,17.4,16.15,16.55,110251
MMFL,20111230,79,84.1,79,83.1,786
MMFSL,20111230,82.5,84.2,81.4,82.4,5425
MMTC,20111230,475,549.95,468,539.2,930953
MOIL,20111230,231.05,234.2,225.85,227.15,184780
MONNETISPA,20111230,369.95,369.95,358.05,363.55,9064
MONSANTO,20111230,644,657.7,644,650.7,842
MORARJETEX,20111230,9.5,10.25,9,10.25,525
MOREPENLAB,20111230,2.8,2.9,2.65,2.7,200314
MOSERBAER,20111230,14.1,14.5,13.85,14,248206
MOTHERSUMI,20111230,137,139.2,132,136.25,41878
MOTILALOFS,20111230,81.9,81.9,77.55,77.75,1513
MOTOGENFIN,20111230,36,36,31.6,32.75,5992
MPHASIS,20111230,297.05,303,296.4,300.75,401547
MPSLTD,20111230,35.55,35.65,35.5,35.5,1154
MRF,20111230,6900,7104,6811.3,6979.2,14736
MRO-TEK,20111230,8,8.4,8,8.2,898
MRPL,20111230,51.5,52.45,51.3,51.7,169885
MSPL,20111230,27.5,28.25,26.5,27.35,15421
MTNL,20111230,23.25,23.35,22.45,22.8,303338
MUDRA,20111230,15,16.45,14.75,15.5,4578
MUKANDENGG,20111230,20.5,22.35,20.1,21.65,2116
MUKANDLTD,20111230,26.5,28.5,26.05,27.6,7540
MUKTAARTS,20111230,29,30,29,30,2224
MUNDRAPORT,20111230,123.6,123.6,119.65,120.05,1280686
MUNJALAU,20111230,35,37.45,35,36.65,7405
MUNJALSHOW,20111230,60.05,63,60.05,61.75,4069
MURUDCERA,20111230,13.5,14.2,13.5,13.65,2922
MUTHOOTFIN,20111230,154,157,152.85,155.4,75346
MVL,20111230,18.2,19.65,18.2,19.1,223173
MVLIND,20111230,8.95,10.45,8.65,9.25,5231
MYSOREBANK,20111230,414,426.95,414,420.65,722
N100,20111230,119,120,119,119.59,4393
NAGREEKCAP,20111230,17.1,17.1,16.4,17,501
NAGREEKEXP,20111230,13,14.95,13,13.15,1058
NAHARCAP,20111230,40,42,38.55,40.4,2110
NAHARINDUS,20111230,32,34.7,29,33.05,298
NAHARPOLY,20111230,16,21.85,16,19.15,474
NAHARSPING,20111230,51.6,51.65,49.6,50.15,9834
NANDAN,20111230,1.65,1.7,1.6,1.6,15790
NATCOPHARM,20111230,233.35,238,230.45,232.2,18684
NATHSEED,20111230,8,8,7.6,7.65,4719
NATIONALUM,20111230,50.75,51.2,50.25,50.9,232499
NATNLSTEEL,20111230,13.1,13.7,12.7,12.9,12642
NAUKRI,20111230,566.6,575,554.95,567.35,1977
NAVINFLUOR,20111230,282,288,279.05,282.1,4985
NAVNETPUBL,20111230,52.35,52.8,51.3,51.6,10245
NBVENTURES,20111230,182,188,182,185.05,13266
NCC,20111230,33,34.05,31.15,33.45,327406
NCLIND,20111230,31.8,32.3,31.65,32.25,3840
NCOPPER,20111230,17.5,18.95,17.1,18,12701
NDTV,20111230,31.6,31.95,30.05,30.6,88573
NECLIFE,20111230,16.45,17.2,16.45,16.55,7964
NEHAINT,20111230,27.4,28.65,25.95,28.65,347196
NELCAST,20111230,24.85,25.9,23.8,24,66380
NELCO,20111230,38.2,44.5,38.1,42.35,147698
NEPCMICON,20111230,2.55,2.7,2.55,2.65,10016
NESCO,20111230,528,528,516.9,519.35,4756
NESTLEIND,20111230,4135,4135,4016,4094.85,19746
NET4,20111230,148.65,148.65,145.85,147.8,28814
NETWORK18,20111230,37.35,42.4,36.6,36.85,146037
NEULANDLAB,20111230,74,74,70.15,70.4,26
NEXTMEDIA,20111230,4,4.15,3.7,3.9,3414
NEYVELILIG,20111230,73.95,74,71.5,72.85,74283
NFL,20111230,49.1,54.8,48.75,53.7,190215
NHPC,20111230,18.2,18.2,17.9,18.05,4557338
NICCO,20111230,1.65,1.65,1.55,1.6,3686
NIFTYBEES,20111230,476.01,477.7,468.75,470.05,50989
NIITLTD,20111230,35,37.15,35,36.65,80778
NIITTECH,20111230,184,185.7,177.55,184.15,17264
NILKAMAL,20111230,180.05,186.25,180.05,183.35,1513
NIPPOBATRY,20111230,354.4,374.75,354.4,365,99
NITCO,20111230,31.85,33,31.65,32.05,5180
NITESHEST,20111230,15.2,15.2,13.5,14.3,173379
NITINFIRE,20111230,26.75,27.7,25.65,27.15,215586
NITINSPIN,20111230,5.25,6.1,5.25,6.05,683
NMDC,20111230,157.75,164.5,155.75,160.9,637769
NOCIL,20111230,15.35,15.4,15.05,15.1,66505
NOIDATOLL,20111230,19.85,20,19.55,19.65,93569
NOL,20111230,38.1,41.3,37.5,41.3,1050
NORBTEAEXP,20111230,5.15,5.15,5.15,5.15,9
NORTHGATE,20111230,9,9,7.8,7.95,33382
NOVOPANIND,20111230,30,35.85,28.5,33.25,17
NRBBEARING,20111230,38.05,38.95,37.2,37.35,5072
NRC,20111230,2.8,3.1,2.8,2.95,2526
NSIL,20111230,515.2,540,512,526.7,75
NTPC,20111230,161,162.45,159.2,160.85,1601076
NUCHEM,20111230,2.25,2.3,2.1,2.2,2409
NUCLEUS,20111230,61,62.9,60.25,61.25,8434
NUMERICPW,20111230,165,165,154,162.65,715
NUTEK,20111230,1.5,1.5,1.4,1.4,858288
OBEROIRLTY,20111230,213,213,207,209.8,8706
OCL,20111230,92,92,86.9,87,758
OFSS,20111230,1828,1869,1828,1857.45,10955
OIL,20111230,1174.95,1200,1162.25,1188.7,86441
OILCOUNTUB,20111230,47.1,48,46.45,47.05,1161
OISL,20111230,43,44,43,43.95,14392
OMAXAUTO,20111230,33,34.25,32.6,33.65,1303
OMAXE,20111230,136.05,136.85,135.45,136.55,102367
OMKARCHEM,20111230,55.05,58,54.3,56.85,12617
OMMETALS,20111230,32.3,32.4,29.2,29.9,8127
OMNITECH,20111230,128.55,131.85,128.55,130.05,45720
ONELIFECAP,20111230,220.1,234.5,218.05,232.4,839837
ONGC,20111230,256.7,262.8,255,256.6,1837303
ONMOBILE,20111230,64.25,65.2,62.65,63.5,265614
ONWARDTEC,20111230,36.25,39.35,35.5,36.45,262
OPTOCIRCUI,20111230,204.75,205.9,198,199.3,253406
ORBITCORP,20111230,28.15,28.5,26.55,27.1,110885
ORCHIDCHEM,20111230,132.35,133.1,125.5,126.65,955612
ORIENTABRA,20111230,9.75,10,9.2,9.25,17048
ORIENTALTL,20111230,6.55,7,6.55,6.85,612
ORIENTBANK,20111230,196.05,197.65,195,196.3,259027
ORIENTCERA,20111230,48.9,48.9,45.15,47.5,179
ORIENTHOT,20111230,25,25,24,24.4,560
ORIENTLTD,20111230,83,87.05,83,87.05,49
ORIENTPPR,20111230,49.35,51.15,48,50.05,39482
ORISSAMINE,20111230,28997.95,30500,28810,29225.25,1500
OUDHSUG,20111230,23.05,23.9,22.55,23.05,2724
PAEL,20111230,19,19,15.15,15.6,2695
PAGEIND,20111230,2414,2450,2250,2393.9,5346
PANACEABIO,20111230,76,77,74.25,74.9,4156
PANAMAPET,20111230,223.1,234.2,223.1,234.2,120
PANCARBON,20111230,110,113,110,111.05,13
PANORAMUNI,20111230,7,7.35,7,7.2,8783
PANTALOONR,20111230,129.25,132,126.75,128.7,1888722
PAPERPROD,20111230,58.6,60.4,58.1,59.35,7972
PARABDRUGS,20111230,30.85,31.7,30.45,31,10253
PARACABLES,20111230,2,2.15,1.9,1.95,20114
PARAL,20111230,165.7,175.3,165.65,168.75,2471
PARAPRINT,20111230,5.5,5.75,5.3,5.3,148169
PARASPETRO,20111230,0.4,0.4,0.35,0.4,38813
PARRYSUGAR,20111230,82,82,82,82,49
PARSVNATH,20111230,43.35,43.95,43.35,43.6,64740
PATELENG,20111230,77.5,78.9,76.3,77.4,182337
PATINTLOG,20111230,20.6,20.6,18.75,19.75,1640
PATNI,20111230,437.65,452,435.3,446.35,109907
PATSPINLTD,20111230,7.9,8.9,7.9,7.9,5340
PBAINFRA,20111230,27.6,27.95,27.05,27.15,2638
PDUMJEIND,20111230,13.55,15.7,13.55,14.85,2614
PDUMJEPULP,20111230,14.25,14.3,14.2,14.2,1509
PEACOCKIND,20111230,3.35,3.35,2.9,3,4506
PEARLPOLY,20111230,12.05,13.8,12.05,12.05,1008
PENIND,20111230,35.5,35.5,34,34.65,9506
PENINLAND,20111230,29.9,30.8,29.9,30.55,40070
PEPL,20111230,1.55,1.55,1.55,1.55,1
PERIATEA,20111230,138.35,146.05,138.35,142.4,62
PERSISTENT,20111230,329.5,329.5,322.1,328.45,4806
PETRONENGG,20111230,225.15,257.9,225.15,245.2,2071
PETRONET,20111230,160,160.9,153.55,155.8,3130767
PFC,20111230,133.1,139.75,133.1,138.15,5857499
PFIZER,20111230,1084.4,1129.4,1076.2,1101,1423
PFOCUS,20111230,45.25,46.1,45.05,45.8,54748
PFS,20111230,9.9,10.2,9.9,10.1,76075
PGEL,20111230,155,155,137,144.4,58507
PGHH,20111230,1860,1909,1751,1883.95,3243
PHILIPCARB,20111230,83.5,88,83.5,87.2,8923
PHOENIXLTD,20111230,161.5,167.5,157.9,166.35,14838
PIDILITIND,20111230,139.6,146.5,139.6,144.25,38879
PIIND,20111230,502.1,510.05,484.9,509,5713
PIONDIST,20111230,44,44.95,41.15,44,365
PIONEEREMB,20111230,10,10.4,10,10.4,525
PIPAVAVDOC,20111230,66.05,66.6,65.5,66.2,1660304
PIRGLASS,20111230,87,94.5,87,90.6,3576
PIRHEALTH,20111230,387,389.3,376,378.2,69742
PITTILAM,20111230,51.2,54.2,51.1,53.95,6235
PLASTIBLEN,20111230,144.4,145,144.4,145,40
PLETHICO,20111230,353.8,355.3,352,352.55,22942
PNB,20111230,783,789.85,775.5,780.8,218400
PNBGILTS,20111230,23.8,24,23.55,23.65,16578
PNC,20111230,10.15,10.6,10.15,10.55,9332
POCHIRAJU,20111230,10,10,9.85,9.85,1000
POLARIND,20111230,2.7,2.75,2.65,2.7,1105
POLARIS,20111230,121.5,125.1,120.85,123.8,506684
POLYMED,20111230,211.7,229,206,217.75,308
POLYPLEX,20111230,160,161,155,156.15,34790
PONDYOXIDE,20111230,21,23.9,20.8,21.75,3831
PONNIERODE,20111230,73.1,80.5,73.1,77.6,560
POWERGRID,20111230,100,100.8,99.35,100.1,1174376
PPAP,20111230,60,62,60,61.45,4
PRADIP,20111230,93.5,95,89.7,93.75,156564
PRAENG,20111230,4.3,4.3,4.2,4.3,60161
PRAJIND,20111230,75,76.05,74,75,586925
PRAKASH,20111230,31.2,31.4,30,30.25,138118
PRAKASHCON,20111230,245.05,253.9,240,240.5,125583
PRAKASHSTL,20111230,116.5,118.7,116.15,116.2,10963
PRATIBHA,20111230,32,33.5,30.45,33.2,479251
PRECOT,20111230,74,79.95,74,79.6,163
PRECWIRE,20111230,68.05,73.7,68,69.5,869
PREMIER,20111230,63.95,63.95,61.1,62.55,184
PRESTIGE,20111230,69.85,72.75,68.2,71.3,37314
PRETAILDVR,20111230,85,86.95,78.3,82.7,54505
PRICOL,20111230,12.7,13,12.55,12.9,5914
PRIMESECU,20111230,13,13,11,11.45,3909
PRISMCEM,20111230,37.3,38.4,36.9,37.45,32631
PRITHVI,20111230,13,13.8,11.65,12,228354
PROVOGUE,20111230,19.5,20,18.6,19.55,94674
PSB,20111230,62.9,62.9,59.6,60.2,47424
PSL,20111230,51,52.35,50.35,51.15,30176
PSUBNKBEES,20111230,271.8,273.3,268.95,269.4,427
PTC,20111230,39.7,40.15,38.35,38.85,941426
PTL,20111230,32.7,32.7,30.25,31.3,266
PUNJABCHEM,20111230,45,48,44,46.25,286
PUNJLLOYD,20111230,41.45,41.45,39,39.55,2436690
PURVA,20111230,56,58,55.45,56.05,1352
PVP,20111230,4.35,4.65,4.35,4.45,24109
PVR,20111230,133,133,128,129.6,8714
QGOLDHALF,20111230,1288,1300.1,1285,1299.6,758
QUINTEGRA,20111230,2.4,2.4,1.95,2,5343
RADAAN,20111230,1.9,1.9,1.75,1.75,5864
RADICO,20111230,115,115,109.85,111.55,241938
RAINBOWPAP,20111230,60,61.3,59.45,60.25,54611
RAINCOM,20111230,30.55,30.55,29.1,29.3,25501
RAJESHEXPO,20111230,129.95,131.05,124.1,125.3,90046
RAJOIL,20111230,9.3,10.15,9.3,9.9,24429
RAJPALAYAM,20111230,173.05,180,164.5,175,58
RAJRAYON,20111230,7.5,8,7.5,8,385
RAJSREESUG,20111230,32.6,33.55,32.15,32.9,1127
RAJTV,20111230,74,78.35,74,76.45,48412
RALLIS,20111230,123.5,123.9,119.5,120.5,263678
RAMANEWS,20111230,7.5,7.8,7.1,7.65,7797
RAMCOIND,20111230,38.3,38.95,38.3,38.5,1010
RAMKY,20111230,204,204.9,198,201.95,7127
RAMSARUP,20111230,7,8,7,7,8988
RANASUG,20111230,2.95,3.05,2.65,2.75,95046
RANBAXY,20111230,408.15,413,400.1,404.9,869934
RANEENGINE,20111230,166,191,165.1,175.95,266
RANEHOLDIN,20111230,175,175,175,175,280
RANKLIN,20111230,13.7,13.7,11.65,11.9,10101
RASOYPR,20111230,37,37.95,36.05,37.5,149
RATNAMANI,20111230,95,99,91.5,91.75,2689
RAYMOND,20111230,305.65,312.35,305.45,309.9,238729
RBL,20111230,105,106.85,101.25,106.85,311
RBN,20111230,50,50.75,49.8,50.05,17040
RCF,20111230,45.95,47.8,45.45,46.15,478207
RCOM,20111230,68.7,70.75,68.15,70.05,7850303
RECLTD,20111230,149,155.6,149,153.75,4385533
REDINGTON,20111230,79,82.15,79,81.65,141358
REFEX,20111230,9.3,9.3,8.8,8.95,1071
REIAGROLTD,20111230,15.3,17.95,15.2,16.5,1387873
REISIXTEN,20111230,15.6,16.5,15.1,15.7,152556
RELAXO,20111230,273.95,273.95,230.05,241.2,295
RELBANK,20111230,755,765,755,755.2,36
RELCAPITAL,20111230,240,242.9,232.8,235,1710828
RELGOLD,20111230,2525,2559.9,2515,2549.3,9736
RELIANCE,20111230,713,720.55,689,692.95,6662330
RELIGARE,20111230,403.5,407.5,395,396.55,27719
RELIGAREGO,20111230,2680,2695,2663.05,2675.6,298
RELINFRA,20111230,348.8,351.9,338,340.8,1079291
RELMEDIA,20111230,70.2,71,66.15,68.2,123492
REMSONSIND,20111230,21.2,21.2,21.1,21.15,300
RENUKA,20111230,24.9,26,24.75,25.1,6240191
REPRO,20111230,161.25,168.25,160.55,161.8,5948
RESPONIND,20111230,100.25,100.3,100,100,11545
RESURGERE,20111230,0.2,0.25,0.2,0.2,752510
REVATHI,20111230,330,330,305.45,313.9,326
RICOAUTO,20111230,7.55,8.65,7.55,8,83446
RIIL,20111230,296.45,301.95,288,290.7,75385
RJL,20111230,72.45,75.95,71,73.6,9222
RKDL,20111230,15.1,15.1,15.1,15.1,9318
RKFORGE,20111230,87.9,87.9,83,83.1,47
RMCL,20111230,5.65,5.65,5.5,5.6,13004
RML,20111230,95,99.7,91.8,97.25,289
ROHITFERRO,20111230,23.5,23.9,23.15,23.45,22366
ROHLTD,20111230,44.7,45.35,44.55,44.75,2800
ROLTA,20111230,55.2,57.6,54.05,56.4,483677
ROMAN,20111230,16.5,17.4,15.6,17.35,203
RPGLIFE,20111230,73.95,73.95,71.05,71.45,3482
RPOWER,20111230,72.55,72.95,70.5,70.95,2075876
RPPINFRA,20111230,55.55,55.55,51.1,51.9,5205
RSSOFTWARE,20111230,43.2,45.4,40.05,43.8,2891
RSWM,20111230,66,67,66,66.8,1642
RUBYMILLS,20111230,604,631.55,602.6,613.5,306
RUCHINFRA,20111230,14.15,14.55,14.15,14.35,2700
RUCHIRA,20111230,9.05,9.05,9,9,501
RUCHISOYA,20111230,95.75,95.8,93.1,93.55,205869
RUPA,20111230,145.25,145.25,142,142,102
RUSHIL,20111230,122,124.7,100.85,118.15,223352
SABERORGAN,20111230,61.15,61.2,57.25,57.6,5492
SABTN,20111230,61.15,62.55,61,61.3,8721
SADBHAV,20111230,98.5,105,86.35,101.15,363856
SAGCEM,20111230,160,160,145.05,147.45,739
SAHPETRO,20111230,24.05,25,23.85,24.4,324
SAIL,20111230,80.9,82.25,80.25,81.5,3942384
SAKHTISUG,20111230,19.9,20.3,19.55,19.75,37635
SAKSOFT,20111230,42,48,42,46.25,5249
SAKUMA,20111230,12.45,12.5,12.05,12.35,880
SALORAINTL,20111230,23,23,23,23,500
SALSTEEL,20111230,4.5,4.8,4.4,4.7,24688
SAMBANDAM,20111230,60,60,57,58,3
SAMBHAAV,20111230,0.75,0.75,0.75,0.75,2625
SANDESH,20111230,266.35,266.4,246.9,252.05,3636
SANGAMIND,20111230,34.3,34.65,32.65,33.15,7692
SANGHVIFOR,20111230,23.15,23.5,22,22.45,70167
SANGHVIMOV,20111230,90.5,90.5,86.1,87.2,2378
SANWARIA,20111230,11.45,11.45,9.95,10.1,47692
SARDAEN,20111230,75.1,78.9,75.1,76.9,4442
SAREGAMA,20111230,60.5,62.9,58.1,58.5,11413
SARTHAKIND,20111230,26,26.25,26,26,589
SASKEN,20111230,93,94.85,92.95,93.4,7619
SATHAISPAT,20111230,25,26.75,25,26,4222
SATYAMCOMP,20111230,65,65.45,64,65.2,2594823
SAVERA,20111230,30.05,32,30.05,31.25,304
SB&TINTL,20111230,10.3,10.35,9.9,9.9,10397
SBBJ,20111230,314,314,303,304,3236
SBIGETS,20111230,2679,2697,2644.2,2668.3,7323
SBIN,20111230,1637.9,1649.95,1605.55,1619.05,2077922
SBT,20111230,453,459.75,453,457.1,2006
SCI,20111230,48.7,50.2,47.85,48.15,354325
SEAMECLTD,20111230,77,79.75,75.5,78.2,6018
SEINV,20111230,204,204,192,195.25,12485
SELAN,20111230,229,237,228,228.4,4500
SELMCL,20111230,9.75,10.4,9.75,9.95,129117
SERVALL,20111230,4.2,4.6,4.15,4.4,26486
SESAGOA,20111230,159.25,166.4,159.25,163.4,2524892
SESHAPAPER,20111230,158,179.9,158,162,349
SEZAL,20111230,13,16,13,14.45,4914
SGJHL,20111230,91.55,92.35,89,89.4,13097
SHAKTIPUMP,20111230,43.5,46.45,42.2,43.85,83377
SHALPAINTS,20111230,305.1,320,305.1,315.95,4079
SHANTIGEAR,20111230,33,34.45,32.5,32.8,6808
SHARIABEES,20111230,112.15,112.15,112.15,112.15,1
SHARONBIO,20111230,296,301,293.1,296.65,11156
SHARRESLTD,20111230,54.6,54.6,46.5,50.45,19490
SHASUNPHAR,20111230,46.15,47.65,45.6,47.45,25309
SHILPAMED,20111230,164,169,156,164.5,5337
SHILPI,20111230,9.2,10,9.2,9.75,10795
SHIV-VANI,20111230,182.5,189.9,181.3,186.95,8295
SHIVAMAUTO,20111230,88.05,97.75,85.05,88.75,502
SHIVTEX,20111230,16.75,17.5,16.75,17.5,176
SHLAKSHMI,20111230,112.65,112.65,106.65,110.75,216420
SHOPERSTOP,20111230,263,267.9,255.95,262.95,143015
SHPRE,20111230,4.2,4.2,3.85,3.9,2378
SHREEASHTA,20111230,3.9,4,3.8,3.85,1794717
SHREECEM,20111230,2059,2239.95,2054,2110.25,47442
SHREERAMA,20111230,3.05,3.4,2.9,3.1,75639
SHRENUJ,20111230,55,58.45,54.8,57.7,3846
SHREYANIND,20111230,16.65,16.65,16.65,16.65,50
SHREYAS,20111230,21.6,21.9,21.05,21.35,1021
SHRIRAMCIT,20111230,480.1,489,475,483.7,1361
SHRIRAMEPC,20111230,80.1,82,78.2,80.3,1026
SHYAMTEL,20111230,23.5,26,23.25,23.75,3122
SICAGEN,20111230,14.6,14.65,13.85,13.9,3791
SICAL,20111230,69,69.5,68.5,68.55,2435
SIEMENS,20111230,640,651.9,639,642,153162
SIMBHSUGAR,20111230,28,29.5,28,29,10737
SIMPLEX,20111230,63,67,63,63.9,869
SIMPLEXINF,20111230,165,184,161.35,179.05,7377
SINTEX,20111230,62.5,64.45,62,63,2586503
SIRPAPER,20111230,32.25,35,32.25,34.9,448
SITASHREE,20111230,5.95,6.4,5.6,5.85,7596
SIYSIL,20111230,230,237.95,230,232,236
SJVN,20111230,19,19.15,18.9,19,324580
SKFINDIA,20111230,573,588.85,571,582.4,11334
SKMEGGPROD,20111230,6.5,6.65,6.2,6.45,1119
SKSMICRO,20111230,95.4,97.8,93.1,93.65,119820
SKUMARSYNF,20111230,24.35,24.5,22.25,23.65,4618424
SMLISUZU,20111230,387.6,402,387.6,401.9,1257
SMOBILITY,20111230,79,85.95,77.05,83.7,14449
SMPL,20111230,3.4,3.5,3.3,3.3,519939
SMSPHARMA,20111230,150,150,150,150,25
SOBHA,20111230,198,202.25,188.55,191.3,109857
SOFTTECHGR,20111230,4.25,4.35,3.75,4.1,333
SOLARINDS,20111230,746.05,770.05,746.05,763.9,886
SOMANYCERA,20111230,32,37,30.5,32,928
SONASTEER,20111230,10.9,11,10.55,10.8,12327
SONATSOFTW,20111230,21.3,21.6,21,21.15,49489
SOTL,20111230,395.85,396,390,391.4,569
SOUISPAT,20111230,3,3.3,3,3.2,35210
SOUTHBANK,20111230,20.3,20.6,20.05,20.1,874894
SPANCO,20111230,65,66.8,61.55,63.8,16572
SPARC,20111230,74.5,75.9,73.5,75.1,43441
SPECTACLE,20111230,5.3,5.35,5,5.25,36406
SPENTEX,20111230,5.55,6.7,5.55,6.55,231
SPIC,20111230,14.5,14.95,14.4,14.5,95770
SPLIL,20111230,2.1,2.2,2.1,2.2,201
SPMLINFRA,20111230,77,82,70.55,74.5,2388
SPYL,20111230,23.05,23.2,23,23,1668
SREINFRA,20111230,24.75,25.4,24.15,24.45,273435
SRF,20111230,237.5,241.95,237,239,33047
SRGINFOTEC,20111230,0.4,0.45,0.4,0.4,11556
SRHHLINDST,20111230,3.9,3.9,3.55,3.65,190
SRHHYPOLTD,20111230,32.2,35.4,31.25,34.05,64
SRSLTD,20111230,35.95,36,33.85,35.55,140943
SRTRANSFIN,20111230,418.2,435.35,416.65,420.85,1639321
SSWL,20111230,175,194,175,190.35,183402
STAR,20111230,397,408.9,388.35,401.15,176363
STARPAPER,20111230,14.1,15.15,13.8,14.2,4829
STCINDIA,20111230,121.9,142.8,121,140.05,1752013
STEL,20111230,9.45,10.2,9.45,10.15,8758
STER,20111230,89,91.6,87.3,89.7,4396669
STERLINBIO,20111230,21.4,21.4,21.4,21.4,6573
STERTOOLS,20111230,100,101,100,101,2192
STINDIA,20111230,24.25,25,24.25,24.65,202
STOREONE,20111230,8.8,9.3,8.6,9.1,3129
STRTECH,20111230,28.3,29.3,28,28.35,204622
SUBEX,20111230,26.8,27.9,25.5,25.9,735223
SUBROS,20111230,21.15,22.2,20.75,21.25,27113
SUDAR,20111230,47.35,51.55,47.35,48,57780
SUDARSCHEM,20111230,560,574.9,560,563.65,205
SUJANATOW,20111230,7.1,7.1,6.7,7.1,8480409
SUJANAUNI,20111230,3,3,2.65,2.95,36817
SUMEETINDS,20111230,23.05,23.8,23.05,23.35,3622
SUMMITSEC,20111230,65,65.3,63,63.7,720
SUNCLAYTON,20111230,154.95,160.95,154.95,155.25,139
SUNDARAM,20111230,47.4,47.4,45.5,45.95,54059
SUNDARMFIN,20111230,509,509,498.05,503.25,3000
SUNDRMBRAK,20111230,147.4,149.4,147.4,149.4,124
SUNDRMFAST,20111230,48,49.9,47.9,48.2,4895
SUNFLAG,20111230,23.15,23.5,22.85,22.95,10507
SUNILHITEC,20111230,56.6,59,56.5,57.75,2625
SUNPHARMA,20111230,492.3,500,491.95,497.65,417023
SUNTECK,20111230,308.5,308.5,298.8,302,7701
SUNTV,20111230,265.5,275.55,264.75,274.25,394456
SUPER,20111230,134,138.95,126.3,126.35,2098
SUPERSPIN,20111230,7,7.2,6.35,6.35,3741
SUPPETRO,20111230,44,45.5,43,44.75,6765
SUPRAJIT,20111230,17.5,18.25,17.5,18,7622
SUPREMEIND,20111230,178.9,178.9,173,176.1,19424
SUPREMEINF,20111230,164,165.95,160,162.35,5148
SURAJDIAMN,20111230,37.1,38.25,37.1,37.5,9395
SURANACORP,20111230,81.45,81.45,81.45,81.45,17
SURANAIND,20111230,407,420,405,411.6,16884
SURANAT&P,20111230,14.15,15.7,14.15,15.5,7951
SURANAVEL,20111230,17,18.5,17,17.35,22124
SURYAJYOTI,20111230,12.8,12.8,11.9,12.05,2388
SURYALAXMI,20111230,47.5,49,47.1,48.1,1362
SURYAPHARM,20111230,10.15,10.75,10.1,10.15,45337
SURYAROSNI,20111230,43.25,44.5,42.55,43.4,1340
SUTLEJTEX,20111230,130.1,132.95,128.5,130.9,361
SUVEN,20111230,11.7,12,11.35,11.8,31776
SUZLON,20111230,17.9,18.15,17.65,18,17682744
SWARAJENG,20111230,401.55,409.45,397,401.3,4171
SYMPHONY,20111230,1100.1,1340.4,1072.7,1288.4,7306
SYNCOM,20111230,11,11.5,10.7,11,4407
SYNDIBANK,20111230,68.1,69.85,67.4,68.4,606662
TAJGVK,20111230,69.8,69.8,64.1,65,20807
TAKE,20111230,20.6,21.5,20.6,21.3,1689
TAKSHEEL,20111230,13.5,13.7,13.5,13.5,42454
TALBROAUTO,20111230,34.85,34.85,33.85,34,673
TALWALKARS,20111230,119.85,132,115.35,119.6,47435
TANFACIND,20111230,20,20,19.5,20,233
TANLA,20111230,5.65,5.95,5.65,5.9,35609
TANTIACONS,20111230,36.25,37.5,35.7,36.55,1807
TARAPUR,20111230,14.2,15.3,14.2,15.2,13010
TATACHEM,20111230,308.1,315.15,304.75,312.55,135067
TATACOFFEE,20111230,770.1,780.55,754.1,760.4,69660
TATACOMM,20111230,215,216,211.85,212.5,162577
TATAELXSI,20111230,182,183.5,173.2,175.35,38699
TATAGLOBAL,20111230,91,91.65,89.6,90.1,687835
TATAINVEST,20111230,419,425,415.35,420.35,4705
TATAMETALI,20111230,52.3,53.5,51.1,52.2,6847
TATAMOTORS,20111230,180.5,183.8,176.8,178.7,9288032
TATAMTRDVR,20111230,86.15,88.8,85.6,86.85,1185657
TATAPOWER,20111230,89.05,89.9,86.55,87.25,1437486
TATASPONGE,20111230,245.05,251,239,240.4,12254
TATASTEEL,20111230,344.55,346.9,334,335.35,4128724
TCI,20111230,54,55.95,53.25,53.7,2425
TCIDEVELOP,20111230,125.35,134.7,125.35,134.7,177
TCIFINANCE,20111230,19.65,19.75,19.05,19.25,1158
TCS,20111230,1178,1182.5,1156.5,1160.65,772705
TDPOWERSYS,20111230,227,230,221,222.05,2276
TECHM,20111230,576.9,579.8,570.1,573.7,56772
TECHNO,20111230,188,188.75,180.5,184.4,2529
TECHNOFAB,20111230,127,137.85,123,135.75,22772
TECPRO,20111230,165,168.3,165,165.3,1758
TEXMACOLTD,20111230,24.5,25.4,24.1,24.9,59277
TEXMOPIPES,20111230,15.55,15.95,15,15.35,22617
TEXRAIL,20111230,55.1,57.75,53.65,55.15,68364
TFCILTD,20111230,19.2,19.8,19.15,19.35,6408
TFL,20111230,10.1,10.1,9.2,9.35,1264
THANGAMAYL,20111230,147.8,147.8,144,144.9,2280
THEBYKE,20111230,108.45,111,106,107.8,13393
THEMISMED,20111230,76.9,76.9,69.5,69.5,264
THERMAX,20111230,408.5,408.5,387,393.4,50664
THINKSOFT,20111230,38.65,41.35,38.65,39.3,38955
THIRUSUGAR,20111230,77,77,68.35,70,52735
THOMASCOOK,20111230,33.15,34.3,33.15,33.5,142976
TI,20111230,33.15,33.7,32.2,32.8,95962
TIDEWATER,20111230,5705,5910,5651.55,5720.2,565
TIIL,20111230,29.15,32,29.15,31,1297
TIJARIA,20111230,9.3,10,9.3,9.3,106631
TIL,20111230,212.1,229.9,208.5,222.45,1177
TIMBOR,20111230,24,24.45,23.65,24.45,12638
TIMESGTY,20111230,18.65,18.65,17.6,17.6,770
TIMETECHNO,20111230,45.3,45.3,40.6,42.5,35026
TIMKEN,20111230,170.8,173.95,168,169.75,21886
TINPLATE,20111230,35.45,35.45,32.6,32.95,66951
TIPSINDLTD,20111230,40.5,40.95,39.9,40.8,4087
TIRUMALCHM,20111230,50.25,51.5,50.25,50.45,3009
TITAN,20111230,172.05,174.5,168,171,2037386
TNPETRO,20111230,13,14.25,13,14.05,291299
TNPL,20111230,80.25,81.7,80.25,80.75,19492
TODAYS,20111230,4,4.05,3.8,3.95,9356
TORNTPHARM,20111230,512.4,548.5,512.4,540.1,19855
TORNTPOWER,20111230,197.5,199,193.1,197.05,37322
TREEHOUSE,20111230,163.6,165,159.85,163.25,21454
TRENT,20111230,847.95,859.8,831.4,850.6,26482
TRF,20111230,212.9,217.15,209,210.65,17647
TRICOM,20111230,11.45,12,11.45,11.85,133110
TRIDENT,20111230,9.15,10.05,9.15,9.8,11397
TRIGYN,20111230,10.3,11.35,10.3,10.95,436
TRIL,20111230,132.95,135,129,131.5,2253
TRITURBINE,20111230,34,35.7,34,35,1636368
TRIVENI,20111230,13,13.35,12.7,12.75,490172
TTKHEALTH,20111230,404,412.7,386.45,390.15,66841
TTKPRESTIG,20111230,2486.15,2531,2460.45,2513.05,31571
TTL,20111230,18,19.15,18,19,2489
TTML,20111230,12.2,12.4,11.6,11.9,2279445
TUBEINVEST,20111230,107.85,109.95,105.4,107.25,7097
TULIP,20111230,107.5,108.05,98.3,102.4,267249
TULSI,20111230,8.1,8.4,8.05,8.3,38483
TULSYAN,20111230,29,30.05,29,29.9,166
TV18BRDCST,20111230,27.5,28.45,26.4,26.9,151312
TVSELECT,20111230,17.05,18.2,17.05,17.35,2429
TVSMOTOR,20111230,52.8,53.45,51.1,52,751805
TVSSRICHAK,20111230,280,280,271.05,275.1,2987
TVTODAY,20111230,45,45.75,43.5,44.75,6751
TWILITAKA,20111230,20.05,21.75,20.05,21.35,16551
TWL,20111230,391,406.8,380.2,381.3,30753
UBENGG,20111230,31.5,34.35,31.5,32,7564
UBHOLDINGS,20111230,60,61.25,57.5,59.1,29725
UBL,20111230,393,396,380,383.9,40263
UCALFUEL,20111230,61.15,61.2,59.05,59.55,3785
UCOBANK,20111230,47,47.95,45.25,45.55,2170903
UFLEX,20111230,103.95,106.55,101.55,103.2,225997
UGARSUGAR,20111230,10.05,10.6,10.05,10.25,3099
ULTRACEMCO,20111230,1152.05,1180,1152.05,1166.5,44396
UMESLTD,20111230,12,12.5,11.5,11.75,315
UNICHEMLAB,20111230,117.95,122,111.35,118.35,104488
UNIENTER,20111230,22.5,23,22.3,22.55,522
UNIONBANK,20111230,166.85,172.5,164.15,169.85,939997
UNIPHOS,20111230,124.1,128,124.1,126.9,376624
UNIPLY,20111230,6.95,6.95,6.95,6.95,155
UNITECH,20111230,19.6,20.05,19,19.35,11032576
UNITEDBNK,20111230,46.95,47.35,45.6,46.5,74883
UNITEDTEA,20111230,154.9,154.9,147.2,147.25,158
UNITY,20111230,30.85,32.15,30.85,31.35,281544
UNIVCABLES,20111230,34.75,34.8,30.25,30.45,2948
UPERGANGES,20111230,36,38.3,35.05,36.85,310
USHAMART,20111230,23.1,24,22.4,23.45,94855
USHERAGRO,20111230,55.5,55.5,55.5,55.5,2935
UTISUNDER,20111230,1010,1015,1010,1015,12
UTTAMSTL,20111230,50.3,52.25,48.85,49.85,47832
UTTAMSUGAR,20111230,24.45,24.45,22.05,22.5,2671
UTVSOF,20111230,987,988,977,979.15,54707
VADILALIND,20111230,94,94.35,93.05,93.95,114
VAIBHAVGEM,20111230,28,29.4,27.55,29,1690
VAKRANSOFT,20111230,325,332.6,320.5,324.95,29603
VALECHAENG,20111230,44.15,45.5,43,43.6,8357
VALUEIND,20111230,13.15,14,13.15,13.8,753
VARDHACRLC,20111230,6.95,7.1,6.9,6.95,13269
VARDMNPOLY,20111230,68.35,73.45,68.35,68.45,16354
VARUN,20111230,228,230.75,203.05,216.95,267375
VARUNSHIP,20111230,15.1,15.8,15.1,15.6,33964
VASCONEQ,20111230,37.1,39.9,35.9,36.65,3573
VASWANI,20111230,10.25,10.3,9.75,10.05,63074
VENKEYS,20111230,372.1,382.5,370.2,373.5,9449
VENUSREM,20111230,152,155.2,151.35,152.85,955
VESUVIUS,20111230,333.9,333.9,306.05,311,127
VGUARD,20111230,154.5,157,152.9,154.9,19890
VHL,20111230,415,415,385,401,495
VICEROY,20111230,18.45,18.9,17.5,17.8,22983
VIDEOIND,20111230,173.25,176.5,171.5,174.35,261317
VIJAYABANK,20111230,45.5,46.45,44.8,45.2,1259816
VIJSHAN,20111230,13.25,14.65,13.25,13.85,2544
VIKASHMET,20111230,7.7,7.7,7,7.05,15127
VIMTALABS,20111230,14,14.55,14,14.3,661
VINATIORGA,20111230,68.95,68.95,67.25,67.8,4287
VINDHYATEL,20111230,140.15,153,140.15,151.3,468
VINYLINDIA,20111230,7.5,8.4,7.05,8.2,1268
VIPIND,20111230,81.5,83.45,76.5,77.2,5339791
VIPUL,20111230,8,9.35,8,8.65,607
VISAKAIND,20111230,59,60.9,59,60.35,4403
VISASTEEL,20111230,57.75,57.85,57.75,57.75,5364
VISESHINFO,20111230,3,3,2.7,2.85,13398
VISUINTL,20111230,1.6,1.6,1.3,1.35,15805
VIVIMEDLAB,20111230,230,232.95,226,229.05,81421
VLSFINANCE,20111230,9.8,10.15,9.8,10,3790
VOLTAMP,20111230,460.55,467.45,456,460.65,1236
VOLTAS,20111230,73.95,73.95,71.65,73.45,629913
VSTIND,20111230,1083.85,1100,1080.6,1083.25,2683
VSTTILLERS,20111230,410.05,410.5,405.05,409,183
VTL,20111230,166.1,179.6,160.55,174.75,58189
VTMLTD,20111230,94,94,94,94,1
VTXIND,20111230,12.8,13.4,12.35,13,6106
WABAG,20111230,324.7,348.2,311,335.15,5338
WABCOINDIA,20111230,1194.35,1194.35,1150,1169.5,940
WALCHANNAG,20111230,63.4,65.3,61,61.8,17356
WANBURY,20111230,20.35,21,19.65,19.9,4776
WEBELSOLAR,20111230,19.85,20.7,19.85,20.7,145
WEIZFOREX,20111230,55.3,57.9,55.3,56.9,234
WEIZMANIND,20111230,7.15,7.5,7.05,7.2,506
WELCORP,20111230,88.2,88.75,82.65,84.1,1189019
WELINV,20111230,33.9,35.15,33.05,34.5,25
WELPROJ,20111230,27.8,28.85,27.05,27.45,5432
WELSPUNIND,20111230,24,25.9,23.8,24.7,11994
WENDT,20111230,1302,1371.85,1302,1345.1,58
WHEELS,20111230,280,280,270.05,271.35,1074
WHIRLPOOL,20111230,151.25,157.5,151,156.9,369874
WILLAMAGOR,20111230,34.1,38.85,34.1,35.5,703
WINDMACHIN,20111230,14.5,15.85,13.4,15.2,4021
WINSOME,20111230,19.2,19.9,19.2,19.8,4810
WIPRO,20111230,395.2,402.5,395.2,398.7,1200331
WOCKPHARMA,20111230,283,285,275.05,276.45,102799
WSI,20111230,14.45,14.5,13.05,13.05,326
WSTCSTPAPR,20111230,45,47.4,45,45.9,10696
WWIL,20111230,6.25,6.25,5.9,5.95,403344
WYETH,20111230,826.4,836.4,821.55,828.4,1698
XLENERGY,20111230,5,5.25,4.9,5.1,14739
XPROINDIA,20111230,45.5,47,45.1,45.35,3304
YESBANK,20111230,241,245.4,236.75,238.8,1826979
ZANDUREALT,20111230,1250,1322,1232,1259.2,532
ZEEL,20111230,117.2,120.1,116.55,117.85,953717
ZEELEARN,20111230,13,13,11.8,11.9,273822
ZEENEWS,20111230,9.05,9.3,9,9.15,150722
ZENITHBIR,20111230,3.35,3.45,3.3,3.35,72700
ZENITHCOMP,20111230,12,12.4,12,12.05,2393
ZENITHINFO,20111230,39.85,39.9,38.1,38.45,2524
ZENSARTECH,20111230,142,144.85,138,142.5,6959
ZICOM,20111230,26.6,27,26,26.15,7516
ZODIACLOTH,20111230,209.95,212.95,199.25,207.9,846
ZODJRDMKJ,20111230,22.3,22.3,22.3,22.3,50
ZUARIAGRO,20111230,452,467.8,445,455.3,2615
ZYDUSWELL,20111230,375,391,374.25,385.4,2429
ZYLOG,20111230,409.95,409.95,395.05,400.9,46891
NSENIFTY,20111230,4659.95,4690.45,4608.90,4624.30,113900727,3785.33
NIFTYJUNIOR,20111230,8335.40,8399.10,8258.50,8333.10,89217889,1068.49
BANKNIFTY,20111230,8073.20,8120.15,7925.15,7968.65,14642061,925.25
NSEMIDCAP,20111230,6078.90,6128.15,6053.25,6111.85,153078337,970.54
NSEIT,20111230,6126.55,6171.55,6115.85,6139.00,10437865,445.45
NSE100,20111230,4506.90,4536.45,4459.05,4477.35,203118616,4853.82
NSE500,20111230,3615.10,3637.50,3582.45,3597.75,405565991,6198.80
MIDCAP50,20111230,1758.00,1770.80,1739.30,1753.40,80280001,568.31
VIX,20111230,26.62,27.79,26.25,27.11,26.62,0.49
