20MICRONS,20111101,67.7,68.95,66,66.5,165939
3IINFOTECH,20111101,25.1,25.6,25.05,25.15,395197
3MINDIA,20111101,4200,4201,3949.75,4129.85,2124
A2ZMES,20111101,176.7,176.7,166.4,166.85,172550
AANJANEYA,20111101,418.4,432,389.1,422.65,366259
AARTIDRUGS,20111101,99,100.5,98.5,99.65,312
AARTIIND,20111101,48.1,48.2,47.55,47.7,14006
AARVEEDEN,20111101,34.4,36.75,34.3,35.85,317
ABAN,20111101,430,431.95,419,426.8,610040
ABB,20111101,705.15,711.85,684.05,687.85,74128
ABBOTINDIA,20111101,1459.1,1459.1,1436,1451.6,1713
ABCIL,20111101,90.1,92.35,90,91.95,7338
ABGSHIP,20111101,440,440,426.65,430.6,69305
ABHISHEK,20111101,9,9.9,9,9.6,1568
ABIRLANUVO,20111101,900.1,954.95,900.1,948.95,154759
ACC,20111101,1199,1209.25,1166,1184.15,792811
ACE,20111101,41,41.9,40.05,40.55,52411
ACKRUTI,20111101,193,196.45,188.3,189.35,5078
ACROPETAL,20111101,14,14.3,14,14.15,84371
ADANIENT,20111101,472,474.95,460,463.6,512364
ADANIPOWER,20111101,88,90,86.25,86.75,451361
ADFFOODS,20111101,58,59,55.65,57.7,4136
ADHUNIK,20111101,49.1,49.5,46.6,47.05,159576
ADORWELD,20111101,142,142,141,141.4,1317
ADSL,20111101,29.1,30.95,28.6,30.95,188608
ADVANIHOTR,20111101,34.5,34.5,32.1,32.4,1113
ADVANTA,20111101,399.3,404,396.15,398.05,9824
AEGISCHEM,20111101,178.55,183.7,178.55,180.85,3014
AFL,20111101,40.9,41.4,40.7,40.9,5966
AFTEK,20111101,12.45,13.35,12.25,13.05,445726
AGCNET,20111101,153.9,157.6,151.15,153.9,1831
AGRE,20111101,42.6,42.6,39,40.25,178
AGRODUTCH,20111101,7.2,7.5,7.2,7.35,6330
AHLEAST,20111101,295.25,302,295.25,302,48
AHLUCONT,20111101,105.2,107.15,102.35,103.35,2556
AHLWEST,20111101,152.9,152.9,145.5,150.45,53
AHMEDFORGE,20111101,103,107.7,102.55,106,34760
AIAENG,20111101,311,317,309.5,314.7,19142
AJANTPHARM,20111101,329.1,343.95,329.1,334.05,21748
AJMERA,20111101,115.55,118,115,115.65,8496
AKSHOPTFBR,20111101,6.25,6.35,6.15,6.2,37396
AKZOINDIA,20111101,812.1,827.65,812.1,821.35,11358
ALBK,20111101,144.4,150.9,142.25,148.95,778826
ALCHEM,20111101,258.4,258.9,257.45,258.25,117101
ALEMBICLTD,20111101,18.4,18.4,18.15,18.25,17648
ALFALAVAL,20111101,2291,2320,2291,2313.25,2885
ALKALI,20111101,39.5,39.5,38.75,38.95,1566
ALKYLAMINE,20111101,92.5,94,92.5,93.6,1258
ALLCARGO,20111101,152,155.1,142.1,143.8,18208
ALLSEC,20111101,13.65,14.8,13.65,14.7,800
ALMONDZ,20111101,23,23.25,22.35,23.05,1167
ALOKTEXT,20111101,20.95,21.3,20.2,20.6,6623728
ALPA,20111101,8,8.45,8,8,1844
ALPHAGEO,20111101,90.35,96.35,84.9,85.6,70765
AMAR,20111101,119,126,118,123.9,115251
AMARAJABAT,20111101,203,215.05,203,208.65,45507
AMBIKCO,20111101,181.4,186.85,181.4,186.65,1035
AMBUJACEM,20111101,156,157.6,150.6,154.85,3839235
AMDIND,20111101,18.7,19.9,18.55,19.5,4759
AMRUTANJAN,20111101,805,819,781,792.95,258455
AMTEKAUTO,20111101,127,129.7,126.15,127.45,668277
AMTEKINDIA,20111101,145,148.85,142.2,143.3,343832
ANANTRAJ,20111101,54,54.9,52.4,53.7,99547
ANDHRABANK,20111101,117.35,121.1,117.35,120.55,815016
ANDHRSUGAR,20111101,125,128,119,121.1,77001
ANGIND,20111101,18.9,21.8,18.9,19.5,1081
ANIKINDS,20111101,34.85,34.85,33.1,34.15,2232
ANSALAPI,20111101,36.4,36.8,35.15,35.65,50452
ANSALHSG,20111101,40.9,40.9,39.7,40.05,1377
APARINDS,20111101,153.95,153.95,142.45,146.85,28644
APCOTEXIND,20111101,156.5,162,156.5,161,819
APIL,20111101,533,533,519,521.9,26293
APLLTD,20111101,44.3,45.2,43.9,44.05,39206
APOLLOHOSP,20111101,521.95,529.5,515.3,525.15,88139
APOLLOTYRE,20111101,57.5,57.5,56.2,56.5,760588
APPAPER,20111101,187.95,187.95,171.05,171.25,139031
APTECHT,20111101,122.6,125.45,120.65,122.85,518258
AQUA,20111101,13.85,14.1,13.65,14,44738
ARCHIES,20111101,37.25,37.85,37.1,37.6,17973
AREVAT&D,20111101,212.95,213.55,204.65,207.75,311829
ARIES,20111101,93.3,94.25,92,93.8,5394
ARL,20111101,2.15,2.25,2.15,2.2,171993
AROGRANITE,20111101,37.8,37.8,37.8,37.8,42
ARROWTEX,20111101,9,9.45,8.65,9.4,1474
ARSHIYA,20111101,169.05,172.4,165.55,167.55,77730
ARSSINFRA,20111101,332,335.5,323.2,326.1,113634
ARVIND,20111101,109,111.15,105.65,106.95,2515630
ASAHIINDIA,20111101,62.55,63.5,61.05,61.5,4688
ASAHISONG,20111101,95,99.5,95,98.8,2222
ASAL,20111101,51.85,52,50.25,51,899
ASHAPURMIN,20111101,15.75,16.7,15.75,16.4,11854
ASHCONIUL,20111101,1.95,2.2,1.95,2.1,27923
ASHIANA,20111101,141.1,145.5,140,144.35,1665
ASHIMASYN,20111101,5.45,5.45,5.05,5.05,2641
ASHOKA,20111101,239,244,239,239.7,79
ASHOKLEY,20111101,27,27.3,26.05,26.2,5225239
ASIANHOTNR,20111101,179.9,184,176,179.85,1223
ASIANPAINT,20111101,3120,3164,3120,3133.15,34350
ASIANTILES,20111101,43,44.1,41.45,42,524
ASSAMCO,20111101,11.05,11.15,10.85,11,68704
ASTEC,20111101,34.1,35,34.1,34.65,392
ASTERSILI,20111101,14.1,14.1,13.85,13.9,7908
ASTRAL,20111101,191,193.2,190.25,190.85,7390
ASTRAMICRO,20111101,36,37.7,36,37.5,76286
ASTRAZEN,20111101,1259,1259,1221.5,1221.5,39
ATFL,20111101,396,396.95,387.3,393.45,12102
ATLANTA,20111101,65.5,66.6,63.65,64.7,42831
ATLASCYCLE,20111101,338,362,337.45,346.4,128209
ATNINTER,20111101,0.9,1,0.9,0.9,9550
ATUL,20111101,194.4,196,193.35,194.3,11709
AURIONPRO,20111101,136,137,130.4,133.15,289
AUROPHARMA,20111101,128.2,132.8,127,130.1,897520
AUSOMENT,20111101,31,31,31,31,105
AUTOAXLES,20111101,385,386.35,378,382.35,132
AUTOIND,20111101,107.95,107.95,104.1,104.9,10264
AUTOLITIND,20111101,15.8,16.3,15,15,1049
AVENTIS,20111101,2348.9,2370,2330.25,2348,6386
AVTNPL,20111101,411,438.8,411,418,2431
AXIS-IT&T,20111101,95,99.6,95,97.05,6393
AXISBANK,20111101,1150,1156.3,1130.1,1135.95,1140433
AXISGOLD,20111101,2684,2694.85,2659.15,2683.6,379
BAGFILMS,20111101,5.55,6,5.4,5.7,304881
BAJAJ-AUTO,20111101,1728.4,1750,1691,1713.5,317896
BAJAJCORP,20111101,100,100.3,99,99.75,131266
BAJAJELEC,20111101,195.5,199,194,195.45,280023
BAJAJFINSV,20111101,536.8,552,536.1,539.35,57402
BAJAJHIND,20111101,38.3,38.6,37,37.3,2361532
BAJAJHLDNG,20111101,735,750,735,744.45,30749
BAJFINANCE,20111101,680.1,694,680.1,691,5502
BALAJITELE,20111101,31,32.1,30.65,31.2,41616
BALAMINES,20111101,36,37.65,36,36.95,5718
BALKRISIND,20111101,180,184,176,183,17255
BALLARPUR,20111101,28,29,27.55,27.7,518413
BALMLAWRIE,20111101,595,596.8,582.8,584.95,5474
BALPHARMA,20111101,21.45,21.95,21.25,21.3,1746
BALRAMCHIN,20111101,52.1,54.25,51.75,53.5,681946
BANARISUG,20111101,593,594,576.05,576.1,64
BANCOINDIA,20111101,73.9,73.9,72.4,72.45,1562
BANG,20111101,21.9,21.9,21.2,21.2,758
BANKBARODA,20111101,771,811.4,770,798.35,1168999
BANKBEES,20111101,1010.84,1014.95,985.65,991.31,1545
BANKINDIA,20111101,330,339.5,327.9,336.85,472674
BANSWRAS,20111101,88,90.4,88,89.05,12960
BARTRONICS,20111101,51.6,52.5,51.6,51.75,48409
BASF,20111101,593,602,593,596.6,2437
BASML,20111101,62.5,67.9,62.5,67.7,401
BATAINDIA,20111101,724,733.2,720.1,730.3,570257
BATLIBOI,20111101,18.25,18.25,16.65,16.9,1409
BAYERCROP,20111101,838.5,840,828,835,4021
BBL,20111101,698,715,698,710.75,746
BBTC,20111101,448,464,441.95,450.85,5397
BEDMUTHA,20111101,103.15,106,102.25,104.1,12945
BEL,20111101,1570,1595,1554.3,1588.95,10288
BELLCERATL,20111101,12.25,12.25,11.6,11.8,376
BEML,20111101,519.6,528.85,514,523.05,36609
BEPL,20111101,23.3,23.35,23.3,23.35,458
BERGEPAINT,20111101,99.5,104.9,99.3,103.7,206585
BFINVEST,20111101,52.25,52.25,48.7,49,1789
BFUTILITIE,20111101,495.7,509.5,486,489.55,514622
BGLOBAL,20111101,11.95,11.95,11.6,11.7,19850
BGRENERGY,20111101,329.45,332.4,322,324.85,157221
BHAGWATIHO,20111101,78,78,75.35,75.35,1134
BHAGYNAGAR,20111101,18.7,19.5,18.25,18.8,301222
BHARATFORG,20111101,297.5,298.45,288.15,290.55,102464
BHARATGEAR,20111101,50.5,52.95,50.5,52.25,6296
BHARATRAS,20111101,108.4,117.9,108.4,114.55,264
BHARTIARTL,20111101,386.8,396,386.8,394.55,1640827
BHARTISHIP,20111101,98.9,100.8,96.3,97.15,174746
BHEL,20111101,317.75,321.9,316.05,319.45,2990532
BHUSANSTL,20111101,341.55,341.55,331.25,332.85,198280
BIL,20111101,55.5,55.8,54,54.25,2169
BILPOWER,20111101,80.95,80.95,77,78.7,2690
BIMETAL,20111101,253,278.95,253,269,344
BINANIIND,20111101,132.5,136.5,132,133,14700
BINDALAGRO,20111101,60.05,60.95,60,60.05,78655
BIOCON,20111101,351.15,355,346.6,347.9,160554
BIRLACORPN,20111101,316.25,327,316,326.45,3992
BIRLACOT,20111101,0.4,0.4,0.3,0.35,2338350
BIRLAERIC,20111101,12.6,12.6,12.6,12.6,600
BIRLAPOWER,20111101,0.7,0.7,0.65,0.7,863768
BLBLIMITED,20111101,3.7,3.7,3.55,3.7,4215
BLISSGVS,20111101,22.75,23,22.15,22.9,15103
BLKASHYAP,20111101,11.55,11.85,10.1,11.45,66183
BLUECHIP,20111101,0.9,0.9,0.85,0.9,1561
BLUEDART,20111101,1628,1676,1569.9,1580.25,3996
BLUESTARCO,20111101,207.55,209,201.25,203.5,107974
BLUESTINFO,20111101,71.5,72,69.2,70.5,893
BOC,20111101,309.05,313.05,309.05,312.15,2711
BODALCHEM,20111101,21.5,22.25,20.55,22,6551
BOMDYEING,20111101,428,436.9,422.5,429.15,246196
BOSCHLTD,20111101,6919,6950,6904,6921.75,3490
BPCL,20111101,620,631.5,614.8,629,445130
BPL,20111101,19.5,20.3,19.4,19.85,22386
BRANDHOUSE,20111101,15.05,15.15,14.9,15,7517
BRFL,20111101,289,290,288.5,289.55,65358
BRIGADE,20111101,64,65.5,63.5,63.85,10687
BRITANNIA,20111101,470,481,470,474.7,20588
BROADCAST,20111101,7,7.6,7,7.4,4008
BROOKS,20111101,22.5,23.5,22.5,22.75,80455
BSELINFRA,20111101,3.4,3.7,3.4,3.55,29356
BSL,20111101,20.8,23.3,20.8,22.95,573
BSLGOLDETF,20111101,2681.05,2750,2681.05,2743.05,193
BSLNIFTY,20111101,50,52.9,50,51.55,99
BSTRANSCOM,20111101,100,102,99.5,101.35,32616
BVCL,20111101,13.5,13.9,13.5,13.5,721
CADILAHC,20111101,765.5,768,750,752.55,39875
CAIRN,20111101,297.55,304.9,295,299.9,1636012
CALSOFT,20111101,25.95,25.95,22.85,23.05,4159
CAMBRIDGE,20111101,23.9,23.9,22.45,22.95,572
CAMLIN,20111101,46.75,48.5,45.7,45.95,208931
CANBK,20111101,463,484.75,457.05,476.5,1388931
CANDC,20111101,110,113.9,107.2,108.75,2282
CANFINHOME,20111101,103.6,104.75,102.4,103.1,12640
CANTABIL,20111101,23.35,24.05,23.35,23.85,1392
CARBORUNIV,20111101,144.5,159.45,144.5,155.4,3504
CAROLINFO,20111101,147,156.95,147,153,1065
CASTROL,20111101,480,502,468.95,481.7,299248
CCCL,20111101,19,19.8,18.5,19.7,11165
CCL,20111101,167.1,175.8,166.95,169.75,17204
CEATLTD,20111101,73,73.75,72.1,72.5,72625
CEBBCO,20111101,41.6,48.4,40.5,46.15,327012
CELEBRITY,20111101,5.4,5.75,5.4,5.55,981
CELESTIAL,20111101,23.8,24.55,22.8,23.3,36633
CENTENKA,20111101,152,152,145.1,145.45,21556
CENTEXT,20111101,2.75,2.85,2.7,2.7,13960
CENTRALBK,20111101,107.85,109.85,100.15,101.95,2623590
CENTUM,20111101,69.9,69.95,60.6,62.65,38930
CENTURYPLY,20111101,59.3,60.05,56.65,58.55,7417
CENTURYTEX,20111101,319,321.8,313.7,318.15,289522
CERA,20111101,199.9,206.9,198.05,202.9,1206
CESC,20111101,276.2,281.9,272,275.2,283102
CHAMBLFERT,20111101,89.8,91.4,89.55,90.65,1247541
CHEMFALKAL,20111101,46,46,44.25,44.35,1402
CHEMPLAST,20111101,5.7,5.85,5.55,5.7,40192
CHENNPETRO,20111101,199,199.95,197.05,198.05,16315
CHESLINTEX,20111101,10.55,10.95,10.55,10.65,240
CHETTINAD,20111101,474.5,484,470.05,470.85,292
CHOLAFIN,20111101,159,163.9,155.3,156.1,17611
CILNOVA,20111101,17.3,17.6,16.6,16.6,3529
CINEMAX,20111101,35,36.2,33.5,34.3,18946
CINEVISTA,20111101,3.35,3.55,3.35,3.35,932
CIPLA,20111101,292.35,295.75,287.3,289,2449813
CLASSIC,20111101,9.65,10.1,9.65,10,3411
CLNINDIA,20111101,665,665,656,657.35,3405
CLUTCHAUTO,20111101,35,35.25,34.3,34.85,8819
CMAHENDRA,20111101,170.05,174,170.05,172.2,9637
CMC,20111101,791.5,823,791.5,820.35,10146
COALINDIA,20111101,330.7,332.45,328.85,329.5,1928657
COLPAL,20111101,1005.95,1068.8,994,1041.35,354220
COMPUAGE,20111101,90.1,91.95,88,90.95,377
CONCOR,20111101,980,999,971.05,981.6,66874
CONSOFINVT,20111101,61.65,61.65,58.1,59.85,929
CORAL-HUB,20111101,4.55,4.85,4.5,4.8,13276
CORDSCABLE,20111101,30.85,30.95,29.7,30.7,885
COREEDUTEC,20111101,285,285,280,280.45,10744
COROMANDEL,20111101,330,333.45,326.25,328.05,15228
CORPBANK,20111101,423.7,432,423.7,428.8,98632
COSMOFILMS,20111101,88.8,89,87.7,88.1,5122
COX&KINGS,20111101,216.85,226.4,215.15,220.4,679583
CPIL,20111101,275.95,279.95,269.1,272.25,9368
CREATIVEYE,20111101,5,5.2,5,5.05,885
CRESTANI,20111101,38.65,38.65,37.55,37.8,8081
CREWBOS,20111101,35,36.8,34.75,35.4,15342
CRISIL,20111101,885,968,878.9,935.75,299794
CROMPGREAV,20111101,139.1,140,138.25,138.75,556514
CRONIMET,20111101,167,172.6,161.1,164.55,30346
CTE,20111101,9.75,11.3,9.75,10.7,27121
CUB,20111101,45.3,46,44.4,45,141975
CUBEXTUB,20111101,11,11.25,11,11.15,140
CUMMINSIND,20111101,398,401.2,389.35,392.75,262042
CYBERTECH,20111101,10.25,10.65,10.25,10.3,5374
DAAWAT,20111101,49.65,51.4,47.8,49.2,87168
DABUR,20111101,102,102.45,99.3,99.75,1050129
DALMIABEL,20111101,108.9,108.9,105.5,106,1303
DALMIASUG,20111101,17.05,17.2,16.85,17.2,4114
DATAMATICS,20111101,27.25,27.5,27.05,27.3,1412
DBCORP,20111101,217.05,228.7,216.4,224.1,14106
DBREALTY,20111101,71,72.85,70.45,71.25,314252
DCB,20111101,45,45.9,44.3,44.65,3086856
DCHL,20111101,51.5,52.5,48.15,49.25,862858
DCM,20111101,55,55.4,53.05,53.9,12230
DCMSRMCONS,20111101,46.25,47,45.7,45.9,6700
DCW,20111101,9.8,10.15,9.75,9.85,169888
DECCANCE,20111101,149.9,149.9,147.5,147.5,300
DECOLIGHT,20111101,3.45,3.5,3.3,3.3,15283
DEEPAKFERT,20111101,168,169.4,166.75,167.5,22989
DEEPIND,20111101,75.1,76.95,74.55,76.1,2126
DELTACORP,20111101,98.1,98.45,96.1,96.55,2566013
DEN,20111101,77.05,78.75,74.55,76.2,137620
DENABANK,20111101,80.2,82.5,80,80.8,2481115
DENORA,20111101,92.25,98,91,95.6,16344
DENSO,20111101,54.2,56,52.55,54,7139
DEWANHOUS,20111101,225,226,218.6,219.5,47919
DHAMPURSUG,20111101,39.9,40.25,39.25,39.45,55592
DHANBANK,20111101,65,65.9,64.4,64.75,284167
DHANUKA,20111101,101.3,103.85,100.7,101.2,40719
DHARSUGAR,20111101,35.15,36.5,34.1,36.35,13965
DIAPOWER,20111101,110.4,112.9,108.05,110,16037
DICIND,20111101,222,226.5,221.2,223.85,734
DIGJAM,20111101,9,9.6,9,9.25,44309
DISHMAN,20111101,52,52.5,51.4,51.7,74010
DISHTV,20111101,75.85,76.5,75.15,75.4,1251940
DIVISLAB,20111101,771.5,775.9,757.3,760.6,113241
DLF,20111101,238.65,242,234.7,236.9,3722491
DLINKINDIA,20111101,21.2,21.8,21.2,21.7,3780
DOLPHINOFF,20111101,111,113.5,107.05,108.1,100352
DONEAR,20111101,23.25,23.25,22.1,22.45,560
DPSCLTD,20111101,1950,1950,1891,1902.35,51
DPTL,20111101,121.55,123.95,121.55,123.05,484
DQE,20111101,32.5,33.3,32.25,32.5,65923
DREDGECORP,20111101,230,232,224.05,225.7,13518
DRREDDY,20111101,1645.1,1657.45,1600,1610,257896
DSKULKARNI,20111101,55.65,57.6,54.5,56.85,9540
DWARKESH,20111101,41.5,42.65,40.55,41.6,12202
DYNAMATECH,20111101,1230,1270,1230,1265.45,168
DYNASYS,20111101,0.75,0.85,0.7,0.85,110944
EASTSILK,20111101,5.85,5.95,5.7,5.75,9189
ECEIND,20111101,121,123.5,117,117,1224
ECLERX,20111101,748.7,749.8,740.15,743.95,2016
EDELWEISS,20111101,26.6,27.2,26,26.95,192582
EDL,20111101,77,77,74,75.25,4582
EDSERV,20111101,94.2,95.4,92.5,94.5,259183
EDUCOMP,20111101,270,277.8,266.3,271.05,1386435
EICHERMOT,20111101,1698.5,1698.5,1675.1,1688,2808
EIDPARRY,20111101,222.75,223.9,218,220.7,34449
EIHAHOTELS,20111101,164,171.2,157.25,158.7,44581
EIHOTEL,20111101,97,98.65,94.9,95.85,798985
EIMCOELECO,20111101,183.75,183.75,183.75,183.75,10
EKC,20111101,61.45,62.45,60.1,60.4,200054
ELDERPHARM,20111101,401.9,408,390.5,393.05,43470
ELECON,20111101,69.5,70.8,68.5,68.8,34290
ELECTCAST,20111101,26.95,27.15,25.85,25.95,124840
ELFORGE,20111101,9.85,9.85,9.5,9.5,200
ELGIEQUIP,20111101,72.5,72.95,69.65,70.25,19351
ELGIRUBCO,20111101,24.1,24.25,22.15,23,24854
ELNET,20111101,32.7,33.65,31.85,32.35,7749
EMAMIINFRA,20111101,32.5,33.45,32.4,32.55,6119
EMAMILTD,20111101,400,409.45,399.95,403.65,32456
EMCO,20111101,49.5,49.95,48.5,48.75,16451
EMKAY,20111101,46.65,47,46.55,47,4168
EMMBI,20111101,15,15.85,14.8,15.35,11950
EMPEESUG,20111101,17.1,17.95,17.05,17.95,1400
ENERGYDEV,20111101,41,41.5,39.05,40.15,715
ENGINERSIN,20111101,242,244.5,240.5,243.5,205692
ENIL,20111101,254,265.4,254,260.45,60736
EONELECT,20111101,52,54.75,48.6,49.95,12793
ERAINFRA,20111101,151.5,151.75,151.05,151.45,231344
EROSMEDIA,20111101,254.7,260.7,250.25,253.35,334232
ESABINDIA,20111101,508.9,517,505.25,508.5,6140
ESCORTS,20111101,85.9,86.35,84.25,85.15,1181244
ESL,20111101,5.95,6.05,5.9,5.9,499560
ESSAROIL,20111101,87,87.7,82.9,83.75,2205049
ESSARPORTS,20111101,83.3,93.7,82,91.9,3971606
ESSDEE,20111101,184.5,188.45,183.95,186.75,8308
ESSELPACK,20111101,36.6,38.2,36.6,37.75,24358
ESTER,20111101,34.7,35.4,33.65,35.4,186445
EUROMULTI,20111101,6.6,6.75,6.5,6.75,3015
EUROTEXIND,20111101,17.55,19,17.55,18,871
EVEREADY,20111101,34.55,35.35,34.15,34.8,22384
EVERESTIND,20111101,156,156.05,151.75,154.85,9487
EVERONN,20111101,379.7,381.25,377.25,378.3,33318
EXCELCROP,20111101,145.25,146.75,144,145,9525
EXCELINDUS,20111101,69.9,70,67.5,68.45,1740
EXCELINFO,20111101,13.2,13.2,12.6,12.65,28788
EXIDEIND,20111101,123,127,120,121.7,1735755
FACT,20111101,34.5,34.7,33.9,34.05,13169
FAGBEARING,20111101,1285.5,1320,1285.5,1300.5,1429
FAME,20111101,48.45,49.5,48.4,49.25,2735
FARMAXIND,20111101,3.3,3.3,3.05,3.05,52748
FCH,20111101,140.65,144,139.25,140.65,30699
FCSSOFT,20111101,0.55,0.6,0.55,0.6,547638
FDC,20111101,92.75,96.25,91.75,95.35,63346
FEDDERLOYD,20111101,63.05,64.4,61.4,62.1,4383
FEDERALBNK,20111101,412,418,409.15,414.85,377575
FIEMIND,20111101,174,176.95,173.25,173.9,17826
FILATEX,20111101,41.3,41.3,40.5,40.55,73
FINANTECH,20111101,729.8,740.9,717.6,722.1,74690
FINCABLES,20111101,37,37.5,36.65,37.25,27089
FINPIPE,20111101,64,64.55,62.8,63.95,39090
FIRSTLEASE,20111101,70.2,71,69.8,70,5851
FIRSTWIN,20111101,16,16.35,15.7,15.7,1699
FKONCO,20111101,114.05,114.6,113.1,113.45,6287
FLEXITUFF,20111101,216.1,223.95,207.3,221.1,789182
FMGOETZE,20111101,228.1,230.85,225.05,226.4,496
FORTIS,20111101,126,130.2,124.55,129.55,1848079
FOSECOIND,20111101,585,594.95,574,579.5,652
FSL,20111101,11.05,11.15,10.75,10.8,692876
FTCPOF5YGR,20111101,13,13,13,13,1
FTCSF5YGRO,20111101,14,14,14,14,1
FUTUREVENT,20111101,8.85,8.9,8.75,8.8,124659
GABRIEL,20111101,45.1,48.85,45.05,46.8,391121
GAEL,20111101,22.15,23.5,22.15,22.8,9838
GAIL,20111101,420,427.05,420,423.1,558960
GAL,20111101,20.6,21.35,20.6,21.35,23710
GALLANTT,20111101,30.45,32,30.4,32,219862
GAMMNINFRA,20111101,14.1,14.1,13.65,13.75,26123
GAMMONIND,20111101,64.5,65.3,64,64.85,19169
GANDHITUBE,20111101,124.5,131.85,124,125.15,78
GANESHHOUC,20111101,117.3,119,115.1,117.6,1201
GANGOTRI,20111101,4.15,4.2,4,4.05,940
GARDENSILK,20111101,73.75,73.9,70.4,70.75,26346
GARWALLROP,20111101,56.75,56.75,53.55,53.95,3560
GATI,20111101,55.3,56,54.5,54.85,79260
GAYAPROJ,20111101,159.8,188,154.05,155.3,18023
GDL,20111101,148.75,149.5,147,147.65,59348
GEECEE,20111101,30.6,31.45,30.6,31.3,1266
GEINDSYS,20111101,146.15,151.95,144.5,147.25,6208
GEMINI,20111101,23.45,23.6,22,22.55,16675
GENESYS,20111101,196,197.95,193.25,194.2,296
GENUSPOWER,20111101,13.5,13.8,13.5,13.7,19433
GEODESIC,20111101,58.8,62.7,58.2,60.2,252148
GEOJITBNPP,20111101,18.6,18.6,17.95,18.05,75895
GEOMETRIC,20111101,46.9,46.9,45.55,45.65,11427
GESHIP,20111101,236,236,230.2,231.8,23906
GHCL,20111101,36.25,36.8,36,36.15,32576
GICHSGFIN,20111101,89,89.85,88.75,89.2,37217
GILLANDERS,20111101,89,89,85.5,86.1,8773
GILLETTE,20111101,2210,2225,2118.95,2146.2,3368
GINNIFILA,20111101,7.3,7.9,7.3,7.5,4259
GIPCL,20111101,80,81.45,79.05,80.55,10313
GISOLUTION,20111101,13.15,13.15,13.15,13.15,266
GITANJALI,20111101,343.95,364.4,339,354.35,2193422
GKB,20111101,36.2,36.2,36.05,36.05,20
GKWLIMITED,20111101,450,450,450,450,5
GLAXO,20111101,2054.1,2127.5,2054.1,2103.5,38098
GLENMARK,20111101,310.05,315.9,306,310.75,487278
GLFL,20111101,3.1,3.1,2.85,3,1150
GLOBALVECT,20111101,19,19,18.55,18.75,1516
GLOBOFFS,20111101,80,80,78.15,78.7,1605
GLOBUSSPR,20111101,119,121.85,118.2,121.1,34318
GLODYNE,20111101,346,352,340.25,341.2,83567
GLORY,20111101,3.35,3.55,3.35,3.4,67991
GMBREW,20111101,82.85,86.5,81,81.85,10069
GMDCLTD,20111101,176,189.9,173.65,187.65,1195151
GMRINFRA,20111101,28.3,28.8,25.75,26.25,3340809
GNFC,20111101,93,93,91.15,91.55,55002
GOACARBON,20111101,78.4,78.95,77.9,78.1,3469
GODFRYPHLP,20111101,3451,3465,3375.55,3412.75,886
GODREJCP,20111101,436.8,437.5,420.6,422.1,216974
GODREJIND,20111101,202.6,205.75,196.6,199.35,851291
GODREJPROP,20111101,676.55,690,676.55,684.5,4621
GOENKA,20111101,29.7,37,29.7,36.55,3185
GOKEX,20111101,99,99,96,97.7,735
GOKUL,20111101,93.65,98,93,93.4,40097
GOLDBEES,20111101,2600,2630,2600,2616.25,112312
GOLDENTOBC,20111101,56.25,57.6,56.15,57,1646
GOLDIAM,20111101,32.1,32.65,32.05,32.1,263
GOLDINFRA,20111101,12.3,12.6,12.3,12.4,150
GOLDSHARE,20111101,2586.05,2623.95,2586.05,2611.7,6373
GOLDTECH,20111101,6.65,7.4,6.65,7.1,6216
GPIL,20111101,119.55,119.55,117.05,118.15,19653
GPPL,20111101,72,72.9,70.35,71.35,107485
GRABALALK,20111101,20.35,20.35,19.55,19.85,1259
GRANULES,20111101,66,71.8,65.35,67.05,8498
GRAPHITE,20111101,73.5,74.8,71.55,73.3,89339
GRASIM,20111101,2479.7,2514.4,2455,2491.05,38794
GRAVITA,20111101,510.1,518.45,501.15,503.9,124060
GREAVESCOT,20111101,89.85,89.85,86.6,86.85,48844
GREENPLY,20111101,205,211.9,204,210.9,105711
GREENPOWER,20111101,14.9,14.9,14.3,14.35,340630
GRINDWELL,20111101,255,259.6,252.1,257.65,11196
GRUH,20111101,549,549,530.5,533.15,8646
GSFC,20111101,472.6,484.9,467,482.6,71754
GSKCONS,20111101,2384,2384,2310,2316.65,4272
GSLNOVA,20111101,2.55,2.75,2.45,2.7,3506
GSPL,20111101,99.1,99.7,97.8,98.5,234936
GSS,20111101,129.5,129.5,123.2,124.4,7790
GTL,20111101,51.5,53.1,51,51.35,1553069
GTLINFRA,20111101,10.45,10.75,10.3,10.4,726886
GTNIND,20111101,13.55,13.6,13.55,13.55,664
GTNTEX,20111101,12.15,12.35,12.15,12.35,128
GTOFFSHORE,20111101,127.95,130.25,124,125.25,88367
GUFICBIO,20111101,6.85,6.85,6.6,6.6,4322
GUJALKALI,20111101,141,145.7,139.1,144.2,343963
GUJAPOLLO,20111101,132.4,134,131,133.35,2924
GUJFLUORO,20111101,530.3,539,530.3,531.85,26129
GUJNRECOKE,20111101,24.95,25,24.35,24.55,731228
GUJNREDVR,20111101,17,18.1,17,17.35,48746
GUJRATGAS,20111101,426.55,434.95,426.55,430.95,14184
GUJSIDHCEM,20111101,9,9.7,8.95,9.15,179548
GULFOILCOR,20111101,74.9,79.35,74.9,76.6,159398
GVKPIL,20111101,14.25,14.45,13.75,13.9,11828158
HALONIX,20111101,62,68,60.7,66.05,2439
HANUNG,20111101,115,117.9,112,113.2,89039
HARRMALAYA,20111101,84.1,85.05,81.85,84.5,17723
HATHWAY,20111101,117,119.7,113,116.35,189390
HAVELLS,20111101,354,384.8,354,380.7,1421671
HBLPOWER,20111101,18.9,19.1,18.6,19,56665
HBSTOCK,20111101,12.8,12.8,12.75,12.8,326
HCC,20111101,28.7,28.8,27.15,27.75,4846160
HCIL,20111101,52.95,57.7,51.75,57.2,293538
HCL-INSYS,20111101,65,66.35,64.5,65.9,102283
HCLTECH,20111101,437,449,427.15,429.9,649015
HDFC,20111101,683,686.7,679.5,684.35,1697276
HDFCBANK,20111101,485.1,493,480,482.3,3324879
HDFCMFGETF,20111101,2642,2684.5,2642,2665.9,2938
HDIL,20111101,99,100.95,96.25,97.25,4893372
HEG,20111101,207,209.8,206,206.85,7733
HEIDELBERG,20111101,34,34.6,33.65,34.25,43510
HELIOSMATH,20111101,24.5,24.5,24.2,24.45,8503
HERCULES,20111101,254,268.7,253.5,260.8,265949
HERITGFOOD,20111101,174.55,182.2,172.2,178.15,321
HEROMOTOCO,20111101,2159,2175.55,2122.3,2137.35,334932
HEXAWARE,20111101,89.5,90,87,87.5,841267
HFCL,20111101,13.1,14.6,13.1,14.35,4166756
HGSL,20111101,309.1,318.2,308,314.4,2025
HIKAL,20111101,307,307,289,293.15,576
HILTON,20111101,13.8,14.35,13.8,14,941
HIMATSEIDE,20111101,33.55,34.15,33.2,33.25,5878
HINDALCO,20111101,135.35,137.9,134.1,135.85,8754763
HINDCOMPOS,20111101,485.5,486,485.5,486,35
HINDCOPPER,20111101,220.1,225.9,219.2,221.3,34813
HINDDORROL,20111101,38.9,39.2,37.25,37.4,79705
HINDMOTORS,20111101,14.05,14.85,13.8,14.05,398631
HINDNATGLS,20111101,172.45,176,171.1,175.25,348
HINDOILEXP,20111101,117.05,119.5,113.3,114.55,560614
HINDPETRO,20111101,332,340.65,326.55,335.6,2325372
HINDUJAFO,20111101,69,73.9,67.2,73.9,12546
HINDUJAVEN,20111101,340,340,325,331.35,2106
HINDUNILVR,20111101,371.4,393.25,371.2,388.1,9174039
HINDZINC,20111101,124.2,124.2,119.5,120.3,1058182
HIRAFERRO,20111101,38.5,38.5,34,35.8,604
HIRECT,20111101,45,45.2,44.25,44.95,3121
HITACHIHOM,20111101,163.7,163.7,157.2,158.85,15614
HITECHGEAR,20111101,125.6,139.3,125.6,134.9,61
HITECHPLAS,20111101,78.4,78.4,77.8,78.25,150
HMT,20111101,41.95,42.6,41.45,41.75,24019
HMVL,20111101,133.5,138,132,135.25,8326
HNGSNGBEES,20111101,1290,1290,1261,1267.74,82
HOCL,20111101,24,24.25,23.1,23.25,31040
HONAUT,20111101,2250,2308.7,2250,2267.95,1053
HONDAPOWER,20111101,353.1,366.95,353.05,355.05,427
HOPFL,20111101,53.25,56.5,53.15,53.2,190
HORIZONINF,20111101,292.9,292.9,275.7,284.25,528
HOTELEELA,20111101,39.1,39.75,38.3,38.55,93847
HOTELRUGBY,20111101,6.45,6.45,6,6.15,19911
HOVS,20111101,56.35,56.35,55.2,55.5,2398
HSIL,20111101,182.5,183.5,174.5,177,73757
HTMEDIA,20111101,144.7,144.75,141,141.9,2952
HYDRBADIND,20111101,342,344,338,340.55,2817
HYDROS&S,20111101,24.5,24.5,19.55,20.4,300
IBPOW,20111101,11.5,11.6,11.1,11.15,441240
IBREALEST,20111101,73.15,75.5,70.6,71.5,2876206
IBSEC,20111101,7.45,7.45,7.05,7.3,2061881
IBWSL,20111101,5.7,5.7,5.25,5.3,924859
ICICIBANK,20111101,917.95,923.5,892.5,895,5452385
ICRA,20111101,901,924,895,904.25,11764
ICSA,20111101,57.25,58.95,56,56.3,55640
IDBI,20111101,115.95,117.4,112.75,113.6,1679368
IDEA,20111101,94.2,95.5,93.5,94.95,3472262
IDFC,20111101,131.2,133.2,130.15,131.7,3636170
IFBIND,20111101,106.5,106.5,101.05,102.55,27091
IFCI,20111101,29.85,33,29.85,31.7,7471177
IFGLREFRAC,20111101,31.5,33.95,31.5,33,2351
IGARASHI,20111101,43,43,41.5,41.55,990
IGL,20111101,422,422,414.95,417.6,149357
IGPL,20111101,22.2,23.75,22,22.7,4466
IIFLNIFTY,20111101,522.15,528,519,521.9,12686
IL&FSENGG,20111101,91.95,92.75,90.1,90.45,8329
IL&FSTRANS,20111101,206,208.5,204.8,205.8,13120
IMFA,20111101,325,328,316.55,318.95,351
IMPAL,20111101,620,647,620,647,2
IMPEXFERRO,20111101,7.1,7.9,7.1,7.9,3
INDBANK,20111101,8,8.1,7.9,8.1,8276
INDHOTEL,20111101,70,70.1,68.6,69.5,984503
INDIABULLS,20111101,154,158.6,149.6,157.2,9247368
INDIACEM,20111101,80.5,81.6,78.15,78.8,707759
INDIAGLYCO,20111101,139,142.7,138.6,139.15,58750
INDIAINFO,20111101,74,74.1,71,71.15,248342
INDIANB,20111101,217,218.9,214.3,216.55,86709
INDIANCARD,20111101,87.35,88.1,87.35,88.1,857
INDIANHUME,20111101,116.85,116.85,113.5,114,332
INDLMETER,20111101,67.05,71.5,67.05,70.95,39
INDNIPPON,20111101,160,165,160,162.65,341
INDOCO,20111101,409,409,370.1,374.7,3828
INDORAMA,20111101,33.5,33.5,32.45,32.65,5242
INDOSOLAR,20111101,8.8,9.1,8.75,8.8,103199
INDOTECH,20111101,131.2,138,131.2,135.1,5731
INDOWIND,20111101,8,8,7.6,7.85,1204635
INDRAMEDCO,20111101,36.9,36.9,35.6,35.95,24548
INDSWFTLAB,20111101,88,88,87.05,87.85,9461
INDSWFTLTD,20111101,30.1,30.75,29.1,29.15,8342
INDTERRAIN,20111101,110.4,113.9,110.35,110.35,796
INDUSFILA,20111101,14.5,14.5,14.5,14.5,195
INDUSINDBK,20111101,283,287.9,275.3,279.5,737970
INEABS,20111101,620,645,613.05,620.6,2228
INFINITE,20111101,96.75,97.85,94.75,95.1,5566
INFODRIVE,20111101,8.9,8.95,8.5,8.95,1044
INFOMEDIA,20111101,10.5,12.75,10.5,12.65,148002
INFOTECENT,20111101,117,118.9,115.55,118.2,2150
INFRABEES,20111101,279.8,279.8,265,267.99,10091
INFY,20111101,2840,2874.1,2818,2836.6,988274
INGERRAND,20111101,476,497.65,475,486.05,1703
INGVYSYABK,20111101,330.2,338,326.8,330.8,110428
INNOIND,20111101,94.4,94.4,91.5,92,1556
INOXLEISUR,20111101,52.55,53.9,51.25,51.95,43788
INSECTICID,20111101,380.05,390.65,376.1,378.75,85880
INVENTURE,20111101,161.95,161.95,157.5,159.15,9831
IOB,20111101,100.7,103.2,99.05,99.5,616558
IOC,20111101,291.9,296,290.5,295,430575
IOLCP,20111101,31,32.7,31,31,341
IOLN,20111101,7.75,8.35,7.75,8.35,15477
IPCALAB,20111101,256,277.25,256,273.5,1952972
IPGETF,20111101,2676.3,2700,2675,2682.2,208
IPRINGLTD,20111101,62.75,62.75,59.1,59.55,655
IRB,20111101,164.35,165.75,160.8,163,707809
ISFT,20111101,49.35,49.35,49.35,49.35,20
ISMTLTD,20111101,33.4,36.6,33.4,35.3,398792
ITC,20111101,211.5,212.5,207.7,208.3,10632810
ITDCEM,20111101,157,157,155,155.7,157
ITI,20111101,23.05,23.55,22.65,22.95,31787
IVC,20111101,29.75,29.85,29.55,29.7,14035
IVP,20111101,51.5,51.5,51.5,51.5,25
IVRCLAH,20111101,39.75,41,35.6,36.75,779368
IVRCLINFRA,20111101,41.5,43.7,38.5,38.8,11691862
J&KBANK,20111101,830.15,845,819,821.75,30357
JAGRAN,20111101,108,109.8,107,109.6,8092
JAGSNPHARM,20111101,12.75,12.9,12.6,12.9,500
JAIBALAJI,20111101,88.35,90.05,88.3,88.55,5406
JAICORPLTD,20111101,83.1,84.75,81.5,82.35,221682
JAINSTUDIO,20111101,7.6,8.3,7.6,8,738
JAMNAAUTO,20111101,121,126,120,120,1004
JAYAGROGN,20111101,84.05,84.55,83,83,486
JAYBARMARU,20111101,52,53.95,52,53.2,510
JAYNECOIND,20111101,19.4,19.85,19.1,19.25,43417
JAYSREETEA,20111101,141,142.75,140,140.9,12965
JBCHEPHARM,20111101,74.6,75.25,73.5,74.3,30169
JBFIND,20111101,125,125.25,122.15,123.1,13590
JBMA,20111101,60,63,59.3,61.05,317
JCTEL,20111101,1.35,1.45,1.35,1.4,17437
JENSONICOL,20111101,3.8,4.05,3.8,3.95,4052
JETAIRWAYS,20111101,252.3,262.9,250.7,252.6,1455529
JHS,20111101,30.9,37.45,30.2,35.25,128406
JIKIND,20111101,5.7,6.25,5.7,6.2,3173
JINDALPHOT,20111101,170,171.25,167.1,167.9,23780
JINDALPOLY,20111101,229.8,233.9,225.1,226.55,293967
JINDALSAW,20111101,150.15,152.2,146.3,149.55,104487
JINDALSTEL,20111101,557.2,564.05,545.55,555.95,1109330
JINDALSWHL,20111101,550.5,575,550.5,559.45,22461
JINDCOT,20111101,78,85.4,76.55,82.2,77702
JINDRILL,20111101,311.05,320.85,311.05,320.2,1780
JINDWORLD,20111101,106.2,107.8,103,103.7,3922
JISLJALEQS,20111101,124.3,125.5,121.9,122.7,956908
JKCEMENT,20111101,110.5,110.5,107.7,108.35,4963
JKIL,20111101,161.5,161.5,153.1,154.55,8325
JKLAKSHMI,20111101,43.5,43.8,42.85,43.15,83843
JKPAPER,20111101,39.3,39.45,38.65,38.7,329207
JKTYRE,20111101,72.5,72.9,71.1,72.35,23488
JMCPROJECT,20111101,127,133,126.2,127.6,712
JMFINANCIL,20111101,18.85,19.5,18.25,18.35,639237
JMTAUTOLTD,20111101,58.45,62,58.05,61.7,1339
JOCIL,20111101,132.5,139,130.05,136.55,2971
JPASSOCIAT,20111101,76.2,77.55,74.45,76,10601126
JPINFRATEC,20111101,59.9,60,56.3,56.65,1083760
JPPOWER,20111101,38,38.5,36.85,37.05,402318
JSL,20111101,92.5,94.85,92.1,93.2,21451
JSWENERGY,20111101,51.9,52.55,51.45,52.15,378247
JSWISPAT,20111101,13.45,13.45,13.2,13.3,1529243
JSWSTEEL,20111101,649,652.6,631,636.75,910106
JUBILANT,20111101,196.4,204.8,195.7,200.8,230857
JUBLFOOD,20111101,800,829,793,825.2,1060266
JUBLINDS,20111101,188.95,189.65,186.2,189.25,1713
JUMBO,20111101,15,16,15,15.5,1909
JUNIORBEES,20111101,100.48,100.48,99.42,99.79,39828
JUPITER,20111101,14.25,14.5,14.2,14.35,100632
JVLAGRO,20111101,15.35,15.4,14.95,15,5501
JYOTHYLAB,20111101,145.55,145.55,137.1,138.45,60487
JYOTISTRUC,20111101,62.6,64.4,62.6,62.75,104274
KABRAEXTRU,20111101,41.45,41.45,39.05,39.95,2303
KAJARIACER,20111101,117,118.9,116.8,118.1,37951
KAKATCEM,20111101,69.25,69.45,68,69.35,3139
KALECONSUL,20111101,86.1,87.1,80.4,84.7,21239
KALINDEE,20111101,114.45,114.9,113.5,113.6,56071
KALPATPOWR,20111101,120,120,106.25,109.4,32738
KAMATHOTEL,20111101,92.5,94,92.5,93.3,871
KANORICHEM,20111101,33,33.5,32.7,33.2,8343
KANSAINER,20111101,833,845,825.05,832.15,887
KARMAENG,20111101,13.45,13.45,13.05,13.05,536
KARURKCP,20111101,26.9,29.95,26.9,29,102
KARURVYSYA,20111101,398,401.95,380,388.95,365261
KAUSHALYA,20111101,7.85,7.85,7.5,7.55,3102
KAVVERITEL,20111101,141.5,143.35,139.9,141.25,41484
KBIL,20111101,626.1,650,626.1,627.55,60
KCP,20111101,26.4,26.4,25.4,25.55,19887
KCPSUGIND,20111101,17.2,17.7,16.9,17.05,16682
KEC,20111101,57.3,58,55.65,56.15,63064
KECL,20111101,30.7,30.8,30.2,30.5,2268
KEI,20111101,17.2,17.25,16.45,16.9,26053
KEMROCK,20111101,510.55,516.95,510.55,513.65,2515
KERNEX,20111101,94.8,95.4,93.5,93.95,17957
KESARENT,20111101,61.2,63,58,59.5,806
KESORAMIND,20111101,126,126.7,124.1,125.2,10835
KEYCORPSER,20111101,42.65,42.65,42.65,42.65,170
KFA,20111101,24,24.7,23.7,24.1,1643209
KGL,20111101,5.45,5.45,5.3,5.45,4677201
KHAITANELE,20111101,93.35,97.85,91.85,97.25,112
KHAITANLTD,20111101,20.05,21.75,20,21.7,350
KHANDSE,20111101,18.5,20.9,18.5,20.9,751
KICL,20111101,514,514,480.7,500.95,319
KIL,20111101,14,14.1,13.3,13.85,6393
KILITCH,20111101,64.05,65,63.8,64.2,1720
KINETICMOT,20111101,18,19.4,17.15,18.45,44713
KIRIINDUS,20111101,124,126.6,121.05,121.55,12482
KIRLOSBROS,20111101,127.65,129.8,121.75,122.7,8992
KIRLOSENG,20111101,130.25,134.45,125.6,129.8,4045
KIRLOSIND,20111101,271,279,271,272.5,207
KITPLYIND,20111101,3.55,3.85,3.5,3.8,9963
KKCL,20111101,789.1,812,789.1,801.55,1888
KLGSYSTEL,20111101,33,34.9,32.5,33.05,9304
KLRF,20111101,23,23,22.6,22.6,250
KMSUGAR,20111101,2.5,2.8,2.5,2.7,1626
KNRCON,20111101,104.2,111,101.25,107.55,1978
KOHINOOR,20111101,46.1,46.8,44.15,45.1,34964
KOLTEPATIL,20111101,36.7,37.95,36.7,37.45,5238
KOPDRUGS,20111101,4.3,4.5,4.3,4.5,250
KOPRAN,20111101,20.6,21.3,20.45,20.6,6040
KOTAKBANK,20111101,506.65,515.1,497.15,504.65,591003
KOTAKGOLD,20111101,2615,2639.85,2615,2628.85,16765
KOTAKNIFTY,20111101,536,537,536,536.93,205
KOTAKPSUBK,20111101,335,345,334,337.45,3517
KOTARISUG,20111101,6.15,6.35,6.15,6.3,14761
KOTHARIPET,20111101,7.5,7.6,7.25,7.5,5974
KOTHARIPRO,20111101,492,503.7,486.15,489.3,566
KOUTONS,20111101,22.15,22.4,21.6,21.75,45196
KPIT,20111101,160.3,163.85,159.15,161,39363
KPRMILL,20111101,106,108,103.15,103.7,1720
KRBL,20111101,25.5,25.9,24.8,24.85,564190
KRISHNAENG,20111101,3.1,3.1,2.95,3.05,8467
KSBPUMPS,20111101,204,204,193,196.4,4868
KSCL,20111101,468.5,479,462.5,463.55,8712
KSE,20111101,249,250,235,239.15,3171
KSK,20111101,101.35,102.35,100.25,101.55,10056
KSL,20111101,48.8,48.8,47.85,48.3,11728
KSOILS,20111101,9.9,10,9.7,9.8,3282396
KTKBANK,20111101,91.05,92,88.8,89.2,1167340
KWALITY,20111101,179.45,181.65,177.3,179.1,685175
L&TFH,20111101,51.1,51.25,50.5,50.75,276862
LAKPRE,20111101,40,40.8,39.4,40.8,6
LAKSHMIEFL,20111101,20,20.55,20,20.05,44936
LAKSHMIMIL,20111101,1749.95,1750,1700.05,1749.9,26
LAKSHVILAS,20111101,99,115.1,98.4,102.15,158232
LANCOIN,20111101,29.5,30.5,29.5,29.95,6251
LAOPALA,20111101,117,118.1,113.75,115.2,7761
LAXMIMACH,20111101,1949,1965,1926,1943.5,2017
LCCINFOTEC,20111101,0.55,0.55,0.45,0.5,203034
LGBBROSLTD,20111101,320,329.7,318.1,321.8,2811
LIBERTSHOE,20111101,83.5,84.45,82.95,83.1,10781
LICHSGFIN,20111101,232.45,235.9,230.45,234.6,3461162
LIQUIDBEES,20111101,1000,1000.01,999.99,999.99,69543
LITL,20111101,16.4,16.7,15.6,15.7,11802552
LLOYDELENG,20111101,50.95,52.6,50.8,51.9,23816
LLOYDFIN,20111101,1,1,0.8,0.95,53427
LLOYDSTEEL,20111101,11.8,12.3,11.5,11.75,168575
LML,20111101,10.9,11.65,10.3,10.65,4178780
LOGIXMICRO,20111101,22,22.75,22,22.75,28709
LOKESHMACH,20111101,40.5,42.5,39.7,41.45,5418
LOTUSEYE,20111101,10.75,10.75,10.1,10.2,1770
LOVABLE,20111101,485.55,489.75,476,482,236018
LPDC,20111101,2.6,2.75,2.55,2.6,1800
LT,20111101,1395,1396,1378,1390.05,1842430
LUMAXAUTO,20111101,31.95,33.5,31.95,33.4,7300
LUMAXIND,20111101,400.5,400.5,393.6,398.85,3940
LUMAXTECH,20111101,182,182,177.1,177.95,2723
LUPIN,20111101,470,477,468.3,475.35,249099
LYKALABS,20111101,13.9,14.1,13.8,13.8,10059
M&M,20111101,859.2,863,831.8,834.05,2051894
M&MFIN,20111101,686.2,686.2,649,659.75,14543
M100,20111101,7.29,7.29,7.11,7.12,71071
M50,20111101,69.7,71.5,69.6,71.02,34479
MAANALU,20111101,53.8,53.8,49,49.5,289
MADHAV,20111101,18.6,18.9,18.5,18.5,1974
MADHUCON,20111101,68.5,69.5,67.55,68.25,5206
MADRASCEM,20111101,101,105,101,103.95,75279
MADRASFERT,20111101,24,24.4,23.85,23.95,42773
MAGMA,20111101,62.5,63.5,62.15,62.5,1066
MAGNUM,20111101,4.45,4.95,4.45,4.8,7986
MAHABANK,20111101,50.75,51.5,50,50.5,177039
MAHINDFORG,20111101,64.2,64.5,63.55,64.05,10292
MAHINDUGIN,20111101,47,47.3,46.1,46.55,3000
MAHLIFE,20111101,303,310.05,303,307.25,2131
MAHSCOOTER,20111101,324,324,320,320,1317
MAHSEAMLES,20111101,332.5,343.7,332.5,340.5,39820
MAITHANALL,20111101,99.5,100,99.5,100,152
MALWACOTT,20111101,25.3,29.35,25.3,28,523
MANAKSIA,20111101,58,58.9,57.55,57.9,519
MANALIPETC,20111101,11.2,11.2,10.85,10.9,91611
MANAPPURAM,20111101,59.55,60.5,59,59.6,633796
MANDHANA,20111101,232.05,238,231.5,233.9,212402
MANGALAM,20111101,13.45,14,13.45,14,620
MANGCHEFER,20111101,32,32.6,31.8,32.05,77625
MANGLMCEM,20111101,104.5,104.5,102.2,102.95,4558
MANGTIMBER,20111101,18.55,18.55,17.6,17.9,1141
MANINDS,20111101,124,125,122.6,123.9,2497
MANINFRA,20111101,128.6,128.95,121.55,123.25,16542
MANJEERA,20111101,84.05,89.95,82.7,82.95,2317
MANJUSHREE,20111101,96.6,108.7,96,97.8,470351
MANUGRAPH,20111101,47.4,47.4,46.6,46.95,113
MARALOVER,20111101,13.5,13.5,13.1,13.1,500
MARG,20111101,84.3,86.2,84,85.9,37431
MARICO,20111101,154,156.75,154,155.95,571313
MARKSANS,20111101,2.2,2.2,2.1,2.2,77475
MARUTI,20111101,1122,1140,1112.65,1133.5,860761
MASTEK,20111101,86.25,89.25,86.25,86.95,27832
MAWANASUG,20111101,17.05,18.15,17.05,17.65,2239
MAX,20111101,190.05,192.5,183.05,184.6,143996
MAXWELL,20111101,27.5,27.7,26.85,27.15,26735
MBECL,20111101,123,124.65,119,121.4,16536
MBLINFRA,20111101,132.85,132.85,127.15,128.95,5438
MBSWITCH,20111101,203,203,185.6,190.05,990964
MCDHOLDING,20111101,53.1,54.5,52.1,52.65,6607
MCDOWELL-N,20111101,877,877,835.7,841.55,224646
MCLEODRUSS,20111101,257.85,260.5,251.45,254.2,236487
MEGASOFT,20111101,14.55,15.15,14.5,15,6286
MEGH,20111101,9.6,9.8,9.45,9.6,19161
MERCK,20111101,664.85,669.7,651.35,665,6457
MHRIL,20111101,347.8,347.8,326,329.15,3352
MIC,20111101,9.35,9.5,9.05,9.1,187780
MICROSEC,20111101,31.3,31.3,30,30.5,7079
MICROTECH,20111101,129.9,129.95,128.1,129.35,10155
MINDAIND,20111101,180,183.5,180,182.1,161
MINDTREE,20111101,396,399.9,391,395,11777
MIRCELECTR,20111101,17.5,18.5,17.5,18.4,98929
MIRZAINT,20111101,19.55,19.7,19.1,19.25,68594
MLL,20111101,26.55,26.95,25.55,26.2,1347563
MMFL,20111101,110.15,110.15,100.35,100.8,2448
MMFSL,20111101,103.05,107.9,103,103.85,12888
MMTC,20111101,670,677,661.55,664.7,4941
MOIL,20111101,256.45,256.45,251.6,252.7,81203
MONNETISPA,20111101,457.05,462,430,449.65,64577
MONSANTO,20111101,795,796,779.05,784.65,4496
MORARJETEX,20111101,13,13,12.3,12.3,123
MOREPENLAB,20111101,3.7,3.8,3.65,3.75,75388
MOSERBAER,20111101,26.7,27.5,25.5,26.85,1089025
MOTHERSUMI,20111101,185.8,197.1,185.8,193.9,547590
MOTILALOFS,20111101,84,85.85,83,85,5665
MOTOGENFIN,20111101,39,40.85,37.55,39.5,259
MPHASIS,20111101,342,349.8,338.35,343.75,218275
MPSLTD,20111101,34.5,34.6,34.45,34.5,1880
MRF,20111101,6819.95,6873,6680.35,6714.75,3103
MRO-TEK,20111101,11,11.05,10.65,10.85,8016
MRPL,20111101,64.1,64.95,62.5,62.65,397032
MSPL,20111101,40.55,40.95,39.9,40.1,4984
MTNL,20111101,31.4,31.45,30.25,30.45,357762
MUDRA,20111101,24.4,24.4,23.6,23.7,3239
MUKANDENGG,20111101,26.1,26.4,25.9,25.9,639
MUKANDLTD,20111101,33.75,33.75,32.1,32.8,4462
MUKTAARTS,20111101,35.5,36.75,35.5,36.6,397
MUNDRAPORT,20111101,156,163.95,156,160.1,512462
MUNJALAU,20111101,189.95,195.9,187.9,191.15,12480
MUNJALSHOW,20111101,70.05,74.2,70.05,71.75,32561
MURLIIND,20111101,23.55,23.55,22,23.2,570
MURUDCERA,20111101,17,18.5,17,17.3,5909
MUTHOOTFIN,20111101,183,183.05,173.05,174.35,244785
MVL,20111101,26,27.35,25.6,26.8,535131
MVLIND,20111101,12.5,14.35,12.5,12.7,1681
MYSOREBANK,20111101,564.1,564.15,554,555.05,3267
N100,20111101,114.5,114.5,110.46,112,3390
NAGREEKCAP,20111101,21.05,22.9,21.05,22.9,800
NAGREEKEXP,20111101,22.35,23,22.2,22.35,3386
NAHARCAP,20111101,54.5,55.35,53.6,54.35,2198
NAHARINDUS,20111101,42.45,42.45,40.75,41.35,1407
NAHARPOLY,20111101,22.3,22.8,21.25,21.75,1052
NAHARSPING,20111101,59.35,60.6,59,59.3,3045
NANDAN,20111101,2.35,2.45,2.3,2.35,53189
NATCOPHARM,20111101,232,237,231,231.8,7646
NATHSEED,20111101,11.1,13.8,11.1,13.05,30630
NATIONALUM,20111101,63.7,64.5,63,63.9,137667
NATNLSTEEL,20111101,16.7,17.15,16,16.15,9517
NAUKRI,20111101,690,690,675,677.95,843
NAVINFLUOR,20111101,395,402.7,392.45,394.9,35558
NAVNETPUBL,20111101,66.85,67.85,66.75,67.05,562716
NBVENTURES,20111101,173.55,183.4,172,181.25,23439
NCC,20111101,53.8,54,51.7,51.95,398269
NCLIND,20111101,36.35,36.75,36,36.05,5721
NCOPPER,20111101,20,21.05,20,20.65,8001
NDTV,20111101,47.5,50.5,46.85,47.15,355939
NECLIFE,20111101,21.65,22,21.5,21.8,19749
NELCAST,20111101,24.5,25.3,23.95,24.1,57595
NELCO,20111101,53.6,54,52.65,53.25,10882
NEOCURE,20111101,2.8,2.8,2.8,2.8,100
NEPCMICON,20111101,3.85,3.85,3.55,3.65,40600
NESCO,20111101,580,659,580,644.8,816777
NESTLEIND,20111101,4167.45,4399.9,4167.45,4359.8,35114
NET4,20111101,161.45,161.5,155.8,158.3,35405
NETWORK18,20111101,63.5,64.4,63.15,63.4,118512
NEULANDLAB,20111101,86.8,89.85,86,88,166
NEXTMEDIA,20111101,4.35,5.2,4.35,5.15,7069
NEYVELILIG,20111101,81.45,82.5,80,80.5,108690
NFL,20111101,68.75,69.4,68.05,68.25,17974
NHPC,20111101,25,25.25,24.4,24.5,4793306
NICCO,20111101,2.4,2.4,2.35,2.35,301
NIFTYBEES,20111101,536,537,528.16,531.65,87894
NIITLTD,20111101,47.7,48.5,47.5,48.15,165450
NIITTECH,20111101,230.9,234.85,222.1,225.85,61607
NILKAMAL,20111101,256.15,258.05,255.5,257.3,402
NIPPOBATRY,20111101,390.05,392.45,390.05,392.1,104
NITCO,20111101,48.65,49.4,47.1,47.8,2190
NITESHEST,20111101,18.3,18.35,17.75,17.8,6298
NITINFIRE,20111101,38,38.1,37.25,37.45,192723
NITINSPIN,20111101,6.5,6.5,6.35,6.45,9580
NMDC,20111101,237,251.7,236.05,236.95,1080020
NOCIL,20111101,16.1,16.5,16.1,16.15,114344
NOIDATOLL,20111101,24.05,24.85,23.85,23.95,694232
NORBTEAEXP,20111101,5.45,5.45,5.1,5.35,2232
NORTHGATE,20111101,11,12.2,11,12,21139
NOVOPANIND,20111101,43,47,42,43,55
NRBBEARING,20111101,45,45.8,44.8,45.4,4261
NRC,20111101,4,4.35,3.85,3.9,10472
NSIL,20111101,620,635.9,615.1,620.85,97
NTPC,20111101,179.05,180.9,176.8,177.35,1181127
NUCHEM,20111101,2.85,3.1,2.8,2.95,5494
NUCLEUS,20111101,70,72.85,66.35,67.6,28179
NUMERICPW,20111101,204.5,205,203,204.35,547
NUTEK,20111101,1.5,1.5,1.5,1.5,107668
OBEROIRLTY,20111101,233.05,238,233,235.4,180221
OCL,20111101,94.95,95,91.15,91.7,13480
OFSS,20111101,2090.1,2128.5,2085,2102.7,16478
OIL,20111101,1288,1305,1258.15,1269.95,45987
OILCOUNTUB,20111101,67,67,64.3,64.9,13820
OISL,20111101,48.55,48.55,47.7,48,1622
OMAXAUTO,20111101,40.85,41.2,39.75,39.95,9061
OMAXE,20111101,146,146.65,145.1,145.8,70353
OMKARCHEM,20111101,68,69,66.5,67.9,839
OMMETALS,20111101,31,31.45,30.8,31.3,5431
OMNITECH,20111101,149,149,146,147,6640
ONELIFECAP,20111101,225.9,233.7,210.15,231.8,2075936
ONGC,20111101,275.55,280.9,275.55,277.75,1255386
ONMOBILE,20111101,59,59.35,56.7,57,479008
ONWARDTEC,20111101,37.35,38.8,35.4,38.4,644
OPTOCIRCUI,20111101,248.65,252,245.15,248.6,172150
ORBITCORP,20111101,34.3,35,33.5,33.75,136898
ORCHIDCHEM,20111101,165.05,179,158.55,176.4,6079795
ORIENTABRA,20111101,35.6,35.6,34.1,34.25,44797
ORIENTBANK,20111101,286.5,291.95,285,289.1,793916
ORIENTCERA,20111101,53.75,53.75,49.05,49.3,162
ORIENTHOT,20111101,26.85,26.85,25.8,26.25,6816
ORIENTLTD,20111101,71.2,83,71.2,77.25,473
ORIENTPPR,20111101,60,64.4,60,61.65,162508
ORISSAMINE,20111101,45999,50499.95,45202.15,49344.85,6427
OSWALMIN,20111101,47.5,49,47.5,49,283
OUDHSUG,20111101,19.4,20.1,19.1,19.8,34616
PAEL,20111101,22.25,23.15,22.05,22.05,419
PAGEIND,20111101,2525,2592,2525,2572.25,2138
PANACEABIO,20111101,98.95,100.5,97.55,99.2,19987
PANAMAPET,20111101,232.05,232.05,232.05,232.05,50
PANASONIC,20111101,101.45,105.95,97,102,348
PANCARBON,20111101,135.65,136,135.65,135.95,11
PANORAMUNI,20111101,9.95,10,9.8,9.9,1290
PANTALOONR,20111101,193,196.9,186.3,188.1,427864
PAPERPROD,20111101,81.3,81.3,77.35,80.4,67364
PARABDRUGS,20111101,39.5,39.85,38.65,38.7,27542
PARACABLES,20111101,2.85,2.9,2.8,2.85,13169
PARAL,20111101,241.25,244.95,237,237.7,2768
PARAPRINT,20111101,24.3,25.75,24.15,24.95,166101
PARASPETRO,20111101,0.45,0.5,0.45,0.45,16083
PARRYSUGAR,20111101,80,90.75,80,90.75,2657
PARSVNATH,20111101,80.4,82.05,79,79.3,1424961
PATELENG,20111101,97.65,100.3,96.3,96.95,203144
PATINTLOG,20111101,32,34.7,32,32.35,53851
PATNI,20111101,336.15,336.15,329.15,330.25,76223
PATSPINLTD,20111101,12.25,12.25,11.55,11.95,11283
PBAINFRA,20111101,46,47.2,45.55,46.25,7270
PDPL,20111101,100.7,102.3,100,101.35,583
PDUMJEIND,20111101,15.15,15.95,15.1,15.95,200
PDUMJEPULP,20111101,17.2,17.5,17.1,17.5,1750
PEACOCKIND,20111101,2.75,3.2,2.75,2.85,6008
PEARLPOLY,20111101,17.65,17.65,17.65,17.65,800
PENIND,20111101,38.7,39,37,38.65,14786
PENINLAND,20111101,41.5,42.5,41.2,41.45,6462
PERIATEA,20111101,178,179,168.15,173.05,764
PERSISTENT,20111101,318.85,318.9,303.35,312.5,10207
PETRONENGG,20111101,296,308.5,288.3,290.05,2068
PETRONET,20111101,161.7,163.45,161.25,162.75,714570
PFC,20111101,149.5,156.15,148.3,154.6,2944910
PFIZER,20111101,1328.2,1346.9,1325.05,1331.2,3357
PFOCUS,20111101,55.5,57.5,54.6,56.85,358445
PFS,20111101,15.15,15.3,15,15.2,43544
PGEL,20111101,215.3,217.4,208,213.25,134406
PGHH,20111101,2000,2021,1990.2,2000.75,8379
PHILIPCARB,20111101,139.75,144,139,139.7,17030
PHOENIXLTD,20111101,200,205.7,200,201.6,2526
PIDILITIND,20111101,161.4,162.4,160.25,161.25,65605
PIIND,20111101,580,591.95,557.3,568.9,3585
PIONDIST,20111101,46,47.6,44,47.5,401
PIONEEREMB,20111101,11.8,12.5,11.65,11.7,290
PIPAVAVDOC,20111101,85.8,86.55,85.1,85.95,1958138
PIRGLASS,20111101,120.5,123.25,120.5,122.6,3012
PIRHEALTH,20111101,360.5,364.75,358,360.35,155598
PIRLIFE,20111101,92,93.4,90.1,92.3,2089
PITTILAM,20111101,54.55,62,54.55,58.95,232143
PLETHICO,20111101,388.5,389,382.1,384.45,47120
PNB,20111101,976.25,1031,969.05,1012.65,2414032
PNBGILTS,20111101,24.3,24.8,24.15,24.55,4620
PNC,20111101,14.7,14.7,13.75,13.95,3590
POCHIRAJU,20111101,14.15,14.15,13.5,13.65,21921
POLARIND,20111101,4.1,4.1,3.9,3.9,3242
POLARIS,20111101,145.05,145.55,141.75,143.55,244323
POLYPLEX,20111101,185.5,188.7,182.25,182.8,18694
PONDYOXIDE,20111101,28.75,29.5,28.75,29.45,4746
PONNIERODE,20111101,79.05,80.7,78.55,79.4,8256
POWERGRID,20111101,104.25,105.15,103,103.65,1212433
PPAP,20111101,79.3,79.5,78.75,78.85,1736
PRADIP,20111101,100,105.8,99.05,102.65,120514
PRAENG,20111101,6.2,6.25,5.85,6.05,16451
PRAJIND,20111101,84.1,86.75,82.7,83.9,726137
PRAKASH,20111101,46.2,46.95,45.5,45.6,47191
PRAKASHCON,20111101,218,244.8,218,242.65,1706021
PRAKASHSTL,20111101,120.75,121,120.2,120.3,1340
PRATIBHA,20111101,44.35,46.5,43.9,44.45,359825
PRECOT,20111101,109.9,111.9,108.5,109.5,541
PRECWIRE,20111101,93,93,91,92.9,590
PREMIER,20111101,80.1,82,79.55,80.4,3097
PRESTIGE,20111101,98.9,102.9,96,101.45,61258
PRETAILDVR,20111101,129.95,130,127.05,127.15,930
PRICOL,20111101,15.75,15.85,15.25,15.4,11122
PRIMESECU,20111101,18.7,18.75,17.5,17.75,5828
PRISMCEM,20111101,43.5,44.45,43,43.5,67637
PRITHVI,20111101,17.8,18.2,17.75,17.85,4626
PROVOGUE,20111101,28,29.05,28,28.85,54352
PSB,20111101,74.95,79.25,74.9,76.4,429354
PSL,20111101,64,64,62,62.6,26625
PSUBNKBEES,20111101,359,359,343,347.02,305
PTC,20111101,70.2,70.8,69.3,70.35,223031
PTL,20111101,39.6,40.5,39.5,39.5,8578
PUNJABCHEM,20111101,69,77.4,69,75.1,6414
PUNJLLOYD,20111101,58.75,59.9,55.85,56.4,3551825
PURVA,20111101,79.1,87.3,76.3,77.45,7357
PVP,20111101,5.05,5.2,4.9,5.1,24329
PVR,20111101,132,140,130.75,136.5,134759
QGOLDHALF,20111101,1310,1315.95,1306.05,1314.5,723
QNIFTY,20111101,537.75,537.75,537.75,537.75,1
QUINTEGRA,20111101,2.9,2.9,2.9,2.9,1874
RADAAN,20111101,2.15,2.15,2.1,2.1,8580
RADICO,20111101,124.5,124.55,123.2,123.5,120945
RAINBOWPAP,20111101,64.5,64.5,63.1,63.2,74468
RAINCOM,20111101,30,30,29.25,29.5,152046
RAJESHEXPO,20111101,145.35,150.85,145.1,146.95,328979
RAJOIL,20111101,21.3,21.6,21.2,21.35,7826
RAJPALAYAM,20111101,200,206.45,200,205.95,999
RAJRAYON,20111101,9.8,10,9.8,9.85,2000
RAJTV,20111101,71.9,73.5,67.7,70.05,48981
RAJVIR,20111101,104,108,101,104,184
RALLIS,20111101,160.8,168.65,160.1,164.05,392586
RAMANEWS,20111101,12.95,12.95,12.3,12.35,6782
RAMCOIND,20111101,44.1,44.5,43.25,43.25,3139
RAMCOSYS,20111101,58.8,60,57.75,57.9,5716
RAMKY,20111101,232.15,234.05,226.65,229.95,2828
RAMSARUP,20111101,9.45,9.9,9.05,9.8,8971
RANASUG,20111101,4,4.1,4,4.05,90603
RANBAXY,20111101,500,507.5,498.2,505.05,309605
RANEHOLDIN,20111101,202.35,203,199.05,199.95,921
RANKLIN,20111101,14,14.7,13.5,13.85,2803
RATNAMANI,20111101,102.5,102.55,102,102,556
RAYMOND,20111101,387,394,384,389.75,173567
RBL,20111101,112.1,115,112.1,112.15,50
RBN,20111101,65.85,66.5,63.65,64.05,45974
RCF,20111101,73.5,74.15,71.6,71.9,350667
RCOM,20111101,78.55,80.75,77,77.5,5130788
RECLTD,20111101,180,182.5,177.3,181.55,1539663
REDINGTON,20111101,95.6,97,94.2,96.05,181831
REFEX,20111101,14,14.85,13.45,14.3,13172
REIAGROLTD,20111101,23.5,23.85,22.95,23.25,917509
REISIXTEN,20111101,20,20,19.05,19.1,8730
RELAXO,20111101,440,450,426,429.6,1065
RELBANK,20111101,930,930,890.05,910,83
RELCAPITAL,20111101,363.65,373.55,353.3,360.8,2244198
RELGOLD,20111101,2545,2560,2533.5,2543.35,9358
RELGRNIFTY,20111101,501,539.8,501,521.49,287
RELIANCE,20111101,870.5,878.5,857.6,860.6,3745221
RELIGARE,20111101,443.5,443.5,440,441.3,3547
RELIGAREGO,20111101,2670.05,2694.7,2670.05,2686.35,1378
RELINFRA,20111101,457,467.8,440.6,446.45,1325030
RELMEDIA,20111101,98,98,90.1,91.35,313652
RENUKA,20111101,57,57.8,56.1,56.95,3257622
REPRO,20111101,175.3,176.75,170,170.35,13330
RESPONIND,20111101,108,108.1,105.05,105.05,6076
RESURGERE,20111101,0.3,0.35,0.25,0.35,3542072
REVATHI,20111101,360,361,350,359.9,17670
RICOAUTO,20111101,11.5,11.9,11.45,11.55,49976
RIIL,20111101,419,419.7,407,411.7,89435
RJL,20111101,90.15,90.2,89.15,90.1,5955
RKDL,20111101,16.3,16.4,16.1,16.2,3831
RKFORGE,20111101,102,102,102,102,41
RMCL,20111101,6.95,7,6.5,6.55,11732
RML,20111101,113,113,110.25,111,7962
ROHITFERRO,20111101,28.8,28.8,28,28.1,17269
ROHLTD,20111101,54,55.45,53.3,54.15,7224
ROLTA,20111101,82,83.15,80.1,81.55,555767
ROMAN,20111101,21.9,23.05,21.9,22.25,939
RPGLIFE,20111101,79,79.5,78.35,79.4,1303
RPOWER,20111101,94.5,96,93.5,95.05,2320830
RPPINFRA,20111101,65,65,60.1,61.25,13191
RSSOFTWARE,20111101,56.3,58,56.3,56.9,5473
RSWM,20111101,92,92,88.2,88.55,17202
RSYSTEMS,20111101,110.1,114.7,109,109.5,71279
RUBYMILLS,20111101,820,829.8,812.05,817.85,112
RUCHINFRA,20111101,23,23.85,22.2,23.2,4372
RUCHIRA,20111101,9.8,9.8,8.75,9.55,8913
RUCHISOYA,20111101,109.8,110.8,108.95,110.2,101255
RUSHIL,20111101,157.9,166.6,155.2,157.9,678001
SABERORGAN,20111101,122.05,123.5,122.05,123.45,14057
SADBHAV,20111101,130.7,133.9,130.55,131.25,4793
SAGCEM,20111101,133.15,135,130.4,133.25,136
SAHPETRO,20111101,28.65,29.6,28.65,29,2151
SAIL,20111101,111.65,112.9,109.6,110.7,1813560
SAKHTISUG,20111101,27.5,27.5,26.8,27,23812
SAKSOFT,20111101,63.7,63.7,60.5,61.35,77
SAKUMA,20111101,13.2,13.45,13.2,13.25,454
SALONACOT,20111101,17.75,17.75,17.75,17.75,50
SALORAINTL,20111101,26,26,25,25.65,203
SALSTEEL,20111101,6,6.3,6,6.2,11432
SAMBANDAM,20111101,70.25,75.15,70.25,75.05,1283
SAMBHAAV,20111101,1,1.2,1,1.2,291
SANDESH,20111101,275,275,275,275,12
SANGAMIND,20111101,32,32,31.2,31.75,3998
SANGHIPOLY,20111101,1.1,1.25,1.1,1.1,90746
SANGHVIFOR,20111101,24.6,26,24,25.25,5959
SANGHVIMOV,20111101,122.85,122.9,120.6,121.5,2322
SANWARIA,20111101,13.6,14,12.95,13.1,352498
SARDAEN,20111101,125.9,129.8,119.2,119.85,41785
SAREGAMA,20111101,67.05,68.55,67.05,67.4,5670
SASKEN,20111101,109.5,111,108.7,109.85,43759
SATHAISPAT,20111101,37.6,37.6,36.05,36.55,5806
SATYAMCOMP,20111101,70,71.8,70,70.45,1334971
SAVERA,20111101,37,37,36.85,36.85,111
SB&TINTL,20111101,15.85,16,15.05,15.05,27306
SBBJ,20111101,393.5,400,391.1,397.65,6666
SBIGETS,20111101,2640,2679.85,2640,2672.15,5826
SBIN,20111101,1892.5,1921,1886,1901.4,2092582
SBT,20111101,604,605,586.6,591.65,5133
SCI,20111101,74.25,74.4,71.55,71.9,292067
SEAMECLTD,20111101,102.1,110.8,102,103.85,20467
SEINV,20111101,112.5,119.95,112.5,118.6,9400
SELAN,20111101,290,293.5,290,291.9,6975
SELMCL,20111101,12.5,12.55,12.25,12.45,104969
SENTINEL,20111101,15.2,15.6,15.2,15.2,463
SERVALL,20111101,6.45,6.45,6.1,6.1,17095
SESAGOA,20111101,204.3,209.35,204.3,208.3,1943344
SESHAPAPER,20111101,194,201,187.5,192.8,300
SEZALGLASS,20111101,2.6,2.6,2.45,2.5,50531
SGFL,20111101,4.05,4.05,4.05,4.05,100
SGJHL,20111101,153.9,155.55,147.25,148.25,162439
SGL,20111101,4.05,4.05,3.9,3.9,100
SHAHALLOYS,20111101,9.5,9.7,9.5,9.5,786
SHAKTIPUMP,20111101,46.25,46.25,43,44.4,31498
SHALPAINTS,20111101,479.8,479.8,460.35,466.5,1340
SHANTIGEAR,20111101,39.5,39.9,38.5,38.7,45016
SHARIABEES,20111101,122.35,122.35,121.95,122.02,12
SHARRESLTD,20111101,67.05,68.45,65,66.85,42578
SHASUNPHAR,20111101,63.25,63.95,63.05,63.1,15413
SHILPAMED,20111101,222,223,219.5,222.85,1530
SHILPI,20111101,14.4,14.9,14.05,14.1,10588
SHIV-VANI,20111101,203.5,212,202.1,209.25,23774
SHIVAMAUTO,20111101,122.05,125.95,122.05,125.05,226
SHIVTEX,20111101,23.9,24.6,23.55,23.95,7520
SHLAKSHMI,20111101,112.05,114.5,111.05,111.5,315452
SHOPERSTOP,20111101,346,355,341.25,345.9,2963
SHREEASHTA,20111101,7.2,7.25,6.7,7.25,19041489
SHREECEM,20111101,1905,1929,1892,1921.55,4666
SHREERAMA,20111101,4.1,4.2,4.05,4.2,16503
SHRENUJ,20111101,69,69.95,67.55,68.9,16838
SHREYANIND,20111101,20.5,21.8,20.5,21.8,301
SHREYAS,20111101,34,34,32.35,32.95,3854
SHRIRAMCIT,20111101,540,540,523,523.2,2864
SHRIRAMEPC,20111101,122,124.45,119,122.45,2308
SHYAMTEL,20111101,35.95,36,33.7,34.35,4043
SICAGEN,20111101,19.25,19.5,18.9,19.15,6252
SICAL,20111101,70.1,71.55,70.1,71,1220
SIEMENS,20111101,855,865,838.05,844.65,86200
SILINV,20111101,83,83,82.05,82.15,206
SIMBHSUGAR,20111101,31.5,32,31.5,31.9,134922
SIMPLEX,20111101,88.5,91,86,90,599
SIMPLEXINF,20111101,205.5,210.1,204.75,209.45,5894
SINTEX,20111101,116.5,120.9,113.6,117.8,1345219
SIRPAPER,20111101,45.3,49.6,45.3,49.1,5103
SITASHREE,20111101,7,7.5,6.5,7.25,9640
SIYSIL,20111101,302,305.05,293.3,294.9,3066
SJVN,20111101,22.4,22.5,22,22.2,91478
SKFINDIA,20111101,670,670,650.6,653.8,3375
SKMEGGPROD,20111101,8.55,8.6,8.4,8.5,1450
SKSMICRO,20111101,201,201,197.65,198.7,84916
SKUMARSYNF,20111101,39.3,40.1,38.5,39.15,1294206
SMARTLINK,20111101,40.05,41.1,40.05,40.75,1810
SMLISUZU,20111101,392,392.2,388.4,388.45,116
SMOBILITY,20111101,100,100.95,99,99.1,4061
SMPL,20111101,6.9,7,6.75,6.8,71937
SMSPHARMA,20111101,165,173,165,168.75,240
SOBHA,20111101,260,260,242.05,243.8,94586
SOFTTECHGR,20111101,5.5,5.5,4.8,4.8,12
SOLARINDS,20111101,809,816.6,801,814.95,2619
SOMANYCERA,20111101,44,48,43,45,1396
SOMATEX,20111101,4.2,4.7,4.2,4.35,6754
SONASTEER,20111101,14.6,14.6,14.3,14.35,33285
SONATSOFTW,20111101,29.8,34,28.45,28.85,148356
SOTL,20111101,526,527,496,501.5,5432
SOUISPAT,20111101,4.1,4.25,4,4.05,71998
SOUTHBANK,20111101,23.95,23.95,23.25,23.3,1701823
SPANCO,20111101,125,129.5,118.6,120.85,29221
SPARC,20111101,83,84.6,82.2,84.05,46921
SPENTEX,20111101,8.65,8.95,8.5,8.5,1452
SPIC,20111101,26,26,25.25,25.35,55295
SPMLINFRA,20111101,118.45,118.45,114.8,115.95,2531
SPYL,20111101,33.55,36.4,33.5,35.25,38513
SREINFRA,20111101,35.4,36.1,34.35,35.1,271759
SRF,20111101,304.8,308.85,303.5,305.75,33686
SRGINFOTEC,20111101,0.45,0.5,0.45,0.45,2835
SRHHLINDST,20111101,3.4,4.15,3.4,4,1216
SRHHYPOLTD,20111101,40.4,41.1,40.4,41.1,35
SRICHAMUND,20111101,32.3,32.3,30.7,30.7,135
SRSLTD,20111101,33.95,34.3,33.45,33.7,101437
SRTRANSFIN,20111101,602.25,621,602.25,607.9,185747
SSWL,20111101,220,230,216,224.1,22103
STAR,20111101,394,405.1,394,402.75,148519
STARPAPER,20111101,23,24,22.55,23.2,2094
STCINDIA,20111101,158.6,163.95,156.25,158.1,87881
STER,20111101,125,125,121.55,123.3,10193868
STERLINBIO,20111101,67.4,68.25,63.2,65,615181
STERTOOLS,20111101,110.55,115.9,109,113.65,258
STOREONE,20111101,14.7,14.7,14.25,14.25,13415
STRTECH,20111101,39.6,39.85,38.4,38.55,289945
SUBEX,20111101,42,42,40.9,41.1,385364
SUDAR,20111101,67.5,72.95,66.6,69.5,149809
SUDARSCHEM,20111101,702,702,702,702,4
SUJANATOW,20111101,23.95,24.5,23.55,23.85,530884
SUJANAUNI,20111101,4.15,4.45,4.15,4.2,101116
SUMEETINDS,20111101,23.3,25,23.25,24.55,51013
SUMMITSEC,20111101,75,80.95,75,78,481
SUNCLAYTON,20111101,155,155,149.05,151.85,1537
SUNDARAM,20111101,50.1,51.55,46.95,48.55,29827
SUNDARMFIN,20111101,502.85,517,495,514.65,23956
SUNDRMBRAK,20111101,159.9,163.6,157.15,162,1192
SUNDRMFAST,20111101,58,58.9,58,58.3,5074
SUNFLAG,20111101,25.25,25.85,25.25,25.7,23727
SUNILHITEC,20111101,93,95.45,93,94.2,9752
SUNPHARMA,20111101,500,515.9,500,505.95,1119129
SUNTECK,20111101,359.4,360,355,356.9,3126
SUNTV,20111101,258.6,259,254.65,255.9,185319
SUPER,20111101,143,152.85,140.3,145.1,2050
SUPERSPIN,20111101,7.6,7.6,7.2,7.3,5997
SUPPETRO,20111101,64.85,66.9,63.6,65.35,11857
SUPRAJIT,20111101,20.4,20.4,19.75,19.85,19676
SUPREMEIND,20111101,190,200,190,194.65,96680
SUPREMEINF,20111101,200.7,219.65,200.7,216.75,1805
SURAJDIAMN,20111101,45.6,46.5,45.5,45.6,10130
SURANACORP,20111101,94,94,89.1,89.2,7
SURANAIND,20111101,412,414.85,390.4,404.6,7449
SURANAT&P,20111101,14.2,14.45,14.2,14.35,1300
SURANAVEL,20111101,24.2,25.3,24.15,24.85,1031
SURYAJYOTI,20111101,22.9,22.9,21.75,22.1,4703
SURYALAXMI,20111101,65,67,64,66.25,753
SURYAPHARM,20111101,15.65,15.7,15.4,15.4,52000
SURYAROSNI,20111101,61.65,61.8,60.5,60.6,3983
SUTLEJTEX,20111101,162.2,170,162.2,168.5,16778
SUVEN,20111101,16.95,18,16.85,17.1,157229
SUZLON,20111101,38.2,38.6,36.95,37.25,9521549
SWARAJENG,20111101,461.8,461.8,453.5,454.7,1038
SYMPHONY,20111101,1414,1414,1359,1361.8,1849
SYNCOM,20111101,13.2,14.1,13.2,13.55,11178
SYNDIBANK,20111101,107.2,109.35,105.5,106.5,448834
TAINWALCHM,20111101,21,21,20.8,20.8,800
TAJGVK,20111101,92,96,90.7,94.45,44800
TAKE,20111101,27.1,30.6,27.1,27.85,299675
TAKSHEEL,20111101,26.1,26.5,25.75,25.75,101993
TALBROAUTO,20111101,38.2,39,38.2,38.5,2288
TALWALKARS,20111101,173.8,173.8,169,171.5,26476
TANFACIND,20111101,24,24,24,24,150
TANLA,20111101,7.7,8.45,7.7,8.45,901383
TANTIACONS,20111101,51.7,53.55,50.1,50.6,21506
TARAPUR,20111101,17.45,18.4,17.45,18,5563
TATACHEM,20111101,328,330.95,319.75,321.6,238632
TATACOFFEE,20111101,887.15,924.9,821,907.75,500175
TATACOMM,20111101,166.65,191.7,166.65,185.7,112693
TATAELXSI,20111101,221.15,235.45,221.15,227.15,113752
TATAGLOBAL,20111101,91.75,93.35,90.9,91.65,1053931
TATAINVEST,20111101,481.15,494.45,480.4,482.6,3003
TATAMETALI,20111101,75.1,76.35,73.85,74.1,27074
TATAMOTORS,20111101,195.1,202.45,191.8,193.45,20481549
TATAMTRDVR,20111101,106.7,108.8,102.4,102.95,2599698
TATAPOWER,20111101,100.7,101.85,99.5,101.05,6684738
TATASPONGE,20111101,335,336.85,327.8,329.2,32470
TATASTEEL,20111101,477,480.5,465.65,472,3003339
TCI,20111101,77.9,78.9,76.1,76.8,6825
TCIDEVELOP,20111101,165,185,165,170,53
TCIFINANCE,20111101,29.45,29.75,27.15,27.2,4587
TCS,20111101,1108,1123,1096.25,1108.45,729105
TDPOWERSYS,20111101,255.1,270,252.4,255.75,8475
TECHM,20111101,580.2,595.85,580,591.6,168454
TECHNO,20111101,227.25,229,221.2,224.55,452
TECHNOFAB,20111101,144,144,140.05,140.95,1095
TECPRO,20111101,222,225,218,220.15,3911
TELEDATAIT,20111101,0.3,0.3,0.25,0.25,145487
TELEMARINE,20111101,0.5,0.6,0.5,0.55,56691
TEXMACOLTD,20111101,30,30.65,26.9,30.45,361050
TEXMOPIPES,20111101,33.3,33.9,32.75,33.1,168386
TEXRAIL,20111101,83.1,84.4,82.35,83.55,9381
TFCILTD,20111101,26.1,26.75,26.1,26.4,6765
TFL,20111101,15.4,15.5,15,15,1104
THANGAMAYL,20111101,169,171,166.25,170,6624
THEMISMED,20111101,111,112.15,111,112.15,24
THERMAX,20111101,470,470,452,458.35,111196
THINKSOFT,20111101,43.35,43.55,41.2,42.35,43918
THIRUSUGAR,20111101,81,81,76.25,76.5,457
THOMASCOOK,20111101,49.25,50.3,48.85,49.4,202959
TI,20111101,33,33.4,32.6,32.75,53152
TIDEWATER,20111101,6726,7132.2,6722,6980.7,3343
TIIL,20111101,39,39,38.5,38.6,357
TIJARIA,20111101,13,13.1,12.1,12.25,383266
TIL,20111101,399.9,406,396.3,399.7,1949
TIMESGTY,20111101,25.9,27,24.6,26.3,1368
TIMETECHNO,20111101,63,63,60.95,61.25,12715
TIMKEN,20111101,221.35,227.45,220.35,226.2,99419
TINPLATE,20111101,45,45.5,44.45,44.6,23146
TIPSINDLTD,20111101,33.7,33.8,32.85,33.45,8997
TIRUMALCHM,20111101,73,73,71.1,72.5,1056
TITAN,20111101,214.1,218.2,213,215.05,2079857
TNPETRO,20111101,15.5,15.5,15.25,15.35,7428
TNPL,20111101,102.4,102.85,100.5,102.1,29700
TODAYS,20111101,5.5,5.5,5.25,5.4,1436
TORNTPHARM,20111101,579.9,598.3,568,577.9,29857
TORNTPOWER,20111101,235.8,236.9,230.85,232.7,15411
TREEHOUSE,20111101,194.95,196.5,189.7,191.05,74503
TRENT,20111101,1080,1095,1040,1068.55,3664
TRF,20111101,342,349.95,337.45,339.6,6846
TRICOM,20111101,11.3,11.45,10.85,11.05,18513
TRIDENT,20111101,12,12.1,11.75,11.95,35262
TRIGYN,20111101,13.35,14.4,13.25,13.4,8945
TRIL,20111101,222.05,225.4,221,221.95,963
TRIVENI,20111101,23,23.25,22.4,22.55,198295
TTKHEALTH,20111101,479.1,501.85,471.3,490.7,145584
TTKPRESTIG,20111101,2620,2719,2576.05,2619.8,140947
TTL,20111101,25.95,25.95,24.35,24.4,2834
TTML,20111101,17.55,17.8,17.25,17.45,1096515
TUBEINVEST,20111101,141.9,147.5,141,143.1,276112
TULIP,20111101,150.75,153.85,150.1,150.7,79843
TULSI,20111101,10.95,11.05,10.6,10.9,32112
TULSYAN,20111101,39,40,38.5,39,536
TV18BRDCST,20111101,45.5,46.15,44.35,44.85,71767
TVSELECT,20111101,19.2,21.35,18.35,19.4,10651
TVSMOTOR,20111101,69,69.6,64.8,66,3740470
TVSSRICHAK,20111101,380,380,370,374,2089
TVTODAY,20111101,59.2,61.2,58.45,59.1,40397
TWILITAKA,20111101,41.5,42.35,38.6,41.8,90484
TWL,20111101,438,439.5,433,434.45,2366
UBENGG,20111101,49.5,51.6,49.5,50.85,11523
UBHOLDINGS,20111101,103.6,105.55,101.6,102.2,51982
UBL,20111101,413.9,421.95,401.25,404.35,50043
UCALFUEL,20111101,73,74.6,72.55,72.95,5352
UCOBANK,20111101,75.5,77.4,74.25,75.1,3494672
UFLEX,20111101,175.8,175.8,169.65,172.8,337302
UGARSUGAR,20111101,12.9,13,12.65,12.8,4642
ULTRACEMCO,20111101,1135.55,1161.95,1135.55,1143.15,72345
UMESLTD,20111101,17.5,18,16.35,17.45,7922
UNICHEMLAB,20111101,129.5,129.5,128,128.2,7484
UNIENTER,20111101,27.2,27.4,27.1,27.1,1057
UNIONBANK,20111101,224.8,226,219.25,221.15,827065
UNIPHOS,20111101,146.5,148.65,145.1,146.35,243414
UNIPLY,20111101,11,11.35,10.7,11.35,3657
UNITECH,20111101,29.95,30.9,29.2,29.6,35257099
UNITEDBNK,20111101,73.4,75.2,73.1,73.3,137400
UNITEDTEA,20111101,132.25,135,132.25,135,150
UNITY,20111101,40,40.5,39.25,39.45,149534
UNIVCABLES,20111101,50.5,51.65,49.5,50.55,310
UPERGANGES,20111101,43,44,42.5,43.45,262
USHAMART,20111101,32.5,32.5,31.1,31.8,145498
USHERAGRO,20111101,127.25,129,126.25,128.15,242400
UTISUNDER,20111101,2101,2210,2073,2122.42,597
UTTAMSTL,20111101,77,78.85,76.15,76.45,15398
UTTAMSUGAR,20111101,30.55,30.55,30,30,2225
UTVSOF,20111101,950.15,959.3,948,951.6,31288
VADILALIND,20111101,136.5,144.7,135.15,136.05,2441
VAIBHAVGEM,20111101,32.9,32.9,30.05,30.2,1402
VAKRANSOFT,20111101,355.35,357,352,354.8,138723
VALECHAENG,20111101,72.05,75,71.9,73.4,14826
VALUEIND,20111101,17.45,17.8,17.15,17.6,4107
VARDHACRLC,20111101,8.85,8.9,8.8,8.85,99836
VARDMNPOLY,20111101,91.5,92.45,90.3,91.4,38201
VARUN,20111101,261.4,268.75,259.05,267.65,215823
VARUNSHIP,20111101,18.7,19.1,18.55,18.75,37224
VASCONEQ,20111101,51.4,51.4,49.05,49.45,2482
VASWANI,20111101,13.45,13.9,12,12.55,1234010
VENKEYS,20111101,518,518,499,502.05,64927
VENUSREM,20111101,213.2,219,205.1,208.05,7479
VESUVIUS,20111101,399,399,389,390.05,1181
VGUARD,20111101,203,209.4,201.95,208.25,176269
VHL,20111101,400.25,410,400,402.75,46
VICEROY,20111101,27,28.25,27,27.35,118516
VIDEOIND,20111101,174.9,178.5,174.1,174.8,134703
VIJAYABANK,20111101,60.8,61.4,58.8,59.85,4094359
VIJSHAN,20111101,16.1,16.7,16,16.4,1240
VIKASHMET,20111101,9.85,9.85,9.25,9.7,38450
VIMTALABS,20111101,20.15,21,19.9,20,53108
VINATIORGA,20111101,63,63.2,62.05,62.55,7426
VINDHYATEL,20111101,165.55,175.35,165,174.55,1627
VINYLINDIA,20111101,10.2,10.25,10.2,10.25,123
VIPIND,20111101,172.9,175.5,170,173,1279811
VIPUL,20111101,10.5,10.9,10.45,10.45,1176
VISAKAIND,20111101,93.5,93.5,89.15,90.7,2118
VISASTEEL,20111101,58.55,59.2,58.5,58.5,6850
VISESHINFO,20111101,3,3,2.95,3,14195
VISHALRET,20111101,21.95,22.4,21.3,21.5,14474
VISUINTL,20111101,2,2.25,2,2.05,17834
VIVIMEDLAB,20111101,265.15,270.95,261.2,263.9,28897
VLSFINANCE,20111101,11.45,11.7,11.2,11.4,12064
VOLTAMP,20111101,490,493,487,490.2,2869
VOLTAS,20111101,99.55,101.5,97.55,98.75,523169
VSTIND,20111101,1289.95,1305.05,1269,1274.85,4594
VSTTILLERS,20111101,526.25,528,508.75,514.85,888
VTL,20111101,208,208.25,205.15,206.7,9015
VTXIND,20111101,16.1,16.1,12.3,13.35,608
WABAG,20111101,360.75,360.75,347.65,349.65,3881
WABCOINDIA,20111101,1408.9,1408.9,1356,1392.8,451
WALCHANNAG,20111101,85.5,87.8,85.2,86.2,18559
WANBURY,20111101,23.55,23.95,22.75,23.15,7517
WEBELSOLAR,20111101,36.9,36.9,35.7,35.85,6023
WEIZFOREX,20111101,69,69,67.5,67.5,166
WEIZMANIND,20111101,8.85,9,8.5,8.6,590
WELCORP,20111101,107.35,109.75,105.1,106.55,291436
WELGLOB,20111101,35.5,35.5,35.5,35.5,7
WELINV,20111101,44.05,49.4,41.25,45.5,208
WELPROJ,20111101,38.75,38.75,37.45,37.65,7823
WENDT,20111101,1695,1734.5,1680,1685.65,227
WHEELS,20111101,289,297.55,288,293.75,3089
WHIRLPOOL,20111101,215.6,218,212.1,213.95,9035
WILLAMAGOR,20111101,49.65,51,49.65,51,410
WINDMACHIN,20111101,18.95,19.75,18.4,19,1662
WINSOME,20111101,20.25,20.6,19.25,20.15,29893
WIPRO,20111101,367.75,374.9,364.95,372.05,1989482
WOCKPHARMA,20111101,443,447.95,432.6,435.05,62511
WSI,20111101,16.45,16.5,16.4,16.4,337
WSTCSTPAPR,20111101,69.65,71.4,67.6,70.05,14524
WYETH,20111101,982,1035,980,988.1,621
XLENERGY,20111101,7.05,7.3,7.05,7.2,27842
XPROINDIA,20111101,57,57,54.95,55.15,23707
YESBANK,20111101,314.3,315.65,306.1,307.3,2291473
ZEEL,20111101,117.65,122,117.5,118.05,512257
ZEELEARN,20111101,19.05,19.3,18.8,18.9,170588
ZEENEWS,20111101,12.15,12.3,12.1,12.2,123005
ZENITHBIR,20111101,4.75,4.9,4.75,4.8,53779
ZENITHCOMP,20111101,13.75,14.65,13.75,14.4,4639
ZENITHINFO,20111101,55.35,57.5,52.15,52.15,138284
ZENSARTECH,20111101,132,132.5,129.2,129.35,3624
ZICOM,20111101,38.1,39.9,38.1,38.95,10437
ZODIACLOTH,20111101,218,227.95,212,212.15,125
ZODJRDMKJ,20111101,23.65,23.65,23,23.2,1085
ZUARIAGRO,20111101,600,603.8,592.3,596.75,2136
ZYDUSWELL,20111101,564.95,575,562,570.85,5603
ZYLOG,20111101,432,441.45,430.6,440.05,126693
NSENIFTY,20111101,5278.60,5310.85,5238.30,5257.95,152491922,5651.67
NIFTYJUNIOR,20111101,10044.70,10075.35,9945.20,9993.70,59454658,1161.41
BANKNIFTY,20111101,9898.40,9984.35,9782.70,9822.25,21290321,1686.98
NSEMIDCAP,20111101,7266.50,7284.45,7180.65,7205.40,138099062,1369.63
NSEIT,20111101,6219.65,6284.80,6173.35,6214.10,10184658,560.35
NSE100,20111101,5153.70,5181.45,5113.05,5132.65,211946580,6813.08
NSE500,20111101,4189.75,4210.30,4156.20,4170.75,483225113,9088.09
MIDCAP50,20111101,2147.70,2165.80,2120.15,2129.35,117348046,692.76
VIX,20111101,20.73,24.60,20.73,24.02,22.66,1.36
