20MICRONS,20110803,53.8,54.7,52.35,54.25,122432
3IINFOTECH,20110803,38.5,38.5,37.55,38.2,652633
3MINDIA,20110803,4401.05,4549.95,4334,4474.15,487
A2ZMES,20110803,245,245,238,242.7,130594
AANJANEYA,20110803,372.5,401.25,366.15,392.45,1012190
AARTIDRUGS,20110803,126.45,126.9,124,125.3,1319
AARTIIND,20110803,51.8,51.8,47.9,48.35,32675
AARVEEDEN,20110803,48,48.8,46,48.75,557
ABAN,20110803,468,476.3,459,472.7,545464
ABB,20110803,870,870,851.6,854.95,34704
ABBOTINDIA,20110803,1475,1478,1440,1460.15,1298
ABCIL,20110803,131.5,131.5,123.5,123.7,4551
ABGSHIP,20110803,380,392,376.45,388.75,734163
ABHISHEK,20110803,13.75,13.75,12.8,13.4,5033
ABIRLANUVO,20110803,935.05,985.1,933.2,980.85,612119
ACC,20110803,996.35,999,984.5,989.25,131648
ACE,20110803,47,47.9,46.5,47.55,89919
ACKRUTI,20110803,184.8,188.7,181,182.3,22597
ACROPETAL,20110803,17,17.05,17,17,190413
ADANIENT,20110803,664.8,672,652.7,658,1643986
ADANIPOWER,20110803,100,102.55,99.55,101,1616065
ADFFOODS,20110803,67.8,67.8,64,65.3,8403
ADHUNIK,20110803,72.5,72.5,70.8,71.4,24994
ADORWELD,20110803,172,172,166.05,167.65,7693
ADSL,20110803,41.7,43.9,40.7,43.1,81256
ADVANIHOTR,20110803,36.05,36.05,36,36,325
ADVANTA,20110803,283,294.6,280.25,290.75,69045
AEGISCHEM,20110803,216,230,216,226.65,18210
AFL,20110803,41,43.4,41,42.85,5325
AFTEK,20110803,12.85,13.05,12.75,12.85,98224
AGCNET,20110803,151.05,152.7,148,150.1,754
AGRE,20110803,47.95,48,47.05,47.85,4747
AGRODUTCH,20110803,9.5,9.95,9.25,9.8,27636
AHLEAST,20110803,299.9,315,289.85,304.05,17622
AHLUCONT,20110803,135.9,135.9,132.1,133.6,6775
AHLWEST,20110803,180,185,174.95,180.7,2337
AHMEDFORGE,20110803,116,117.9,115,115.45,8642
AIAENG,20110803,380,386,371,372.3,4499
AJANTPHARM,20110803,333,333,312.05,320.75,68510
AJMERA,20110803,140.75,141.9,135.3,137.55,15029
AKSHOPTFBR,20110803,6.8,6.85,6.7,6.8,82149
AKZOINDIA,20110803,940,969,931,962.45,6989
ALBK,20110803,195.4,199,193.05,197.85,479806
ALCHEM,20110803,229,229,227.25,227.7,142206
ALEMBICLTD,20110803,21,21.25,20,20.95,110001
ALFALAVAL,20110803,1610.1,1640,1610.1,1637.45,125
ALKALI,20110803,49,50,48,49.05,15640
ALKYLAMINE,20110803,88.5,89.9,85.2,88.8,2626
ALLCARGO,20110803,153.5,156.05,153,153.55,3342
ALLSEC,20110803,19.25,19.25,17.5,18.25,3030
ALMONDZ,20110803,24.05,26.6,22.3,24.5,4191
ALOKTEXT,20110803,23.45,24.4,23.45,24.05,10559080
ALPA,20110803,10,10.1,9.9,10.1,782
ALPSINDUS,20110803,3.05,3.15,2.95,3.05,59970
AMAR,20110803,91,92,86.3,90.85,57833
AMARAJABAT,20110803,232,245.7,229.7,244.1,66425
AMARJOTHI,20110803,63.1,63.1,56.2,56.8,1343
AMBIKCO,20110803,184,199.75,178,194.65,5202
AMBUJACEM,20110803,126.1,129.9,126.1,129.3,922196
AMDIND,20110803,19.05,21.25,19.05,21.25,263616
AMRUTANJAN,20110803,910,946.35,869,921.75,971690
AMTEKAUTO,20110803,158.95,160.5,158.45,160.1,362443
AMTEKINDIA,20110803,114,114.05,111.15,111.9,55711
ANANTRAJ,20110803,75.2,81.45,75.2,79.4,138199
ANDHRABANK,20110803,135.05,135.9,132.1,133.65,860962
ANDHRACEMT,20110803,10.3,10.5,10.05,10.35,14006
ANDHRSUGAR,20110803,107.2,110,107.05,109.95,48092
ANGIND,20110803,24.4,24.4,22,23.4,887
ANIKINDS,20110803,38.2,38.2,36.6,37.95,1305
ANKURDRUGS,20110803,34.15,35,34.1,34.4,22890
ANSALAPI,20110803,38.5,38.5,37.1,37.8,73149
ANSALHSG,20110803,40.1,40.95,38.1,40.4,3281
ANTGRAPHIC,20110803,0.25,0.3,0.25,0.3,42694
APARINDS,20110803,203.1,207.95,202.25,203.7,1356
APCOTEXIND,20110803,165.05,173.45,165.05,171.15,1508
APIL,20110803,575.2,591.8,571.15,587.4,151635
APOLLOHOSP,20110803,530.25,537.05,523.3,531.8,28242
APOLLOTYRE,20110803,71.25,73.8,69.2,72.75,1836585
APPAPER,20110803,363.8,366.95,360.25,364,114846
APTECHT,20110803,134.2,138.4,132.7,134,1652879
AQUA,20110803,15.4,15.4,14.9,15,45089
ARCHIDPLY,20110803,12.8,13.5,12.1,13.1,5730
ARCHIES,20110803,41.95,43,41.5,42.3,108301
AREVAT&D,20110803,234,237.5,230.5,235.75,372603
ARIES,20110803,108,113,101.95,110.95,17411
ARIHANT,20110803,55.1,55.1,55.1,55.1,61
ARL,20110803,2.15,2.2,2.15,2.15,60496
AROGRANITE,20110803,45,45,39.75,39.8,1642
ARROWTEX,20110803,10,10.85,10,10.2,7162
ARSHIYA,20110803,141.5,143.65,138.5,142.6,11916
ARSSINFRA,20110803,386,396.45,376.65,386.95,312829
ARVIND,20110803,84,84.85,82.2,84.05,2133026
ASAHIINDIA,20110803,78.15,80.5,77.3,79.9,15873
ASAL,20110803,65.75,65.75,57.2,58.45,3476
ASHAPURMIN,20110803,18,18.4,17.2,18.25,35219
ASHCONIUL,20110803,2.6,2.7,2.6,2.7,1382
ASHIANA,20110803,149,152.7,143.5,148.65,4643
ASHOKA,20110803,265.1,275,263.25,272.95,1705
ASHOKLEY,20110803,26,26.1,25,25.3,4696937
ASIANELEC,20110803,9.1,9.25,8.85,9.1,25360
ASIANHOTNR,20110803,214,214,199.85,201.45,3882
ASIANPAINT,20110803,3015,3068.6,3010,3023.2,66841
ASIANTILES,20110803,44,44.5,43.2,44.05,174
ASSAMCO,20110803,14.8,14.95,14.4,14.75,151280
ASTEC,20110803,37.5,37.5,35,35.2,11660
ASTERSILI,20110803,21.5,22.35,21.5,22.25,4885
ASTRAL,20110803,200,204.1,197,202.75,15811
ASTRAMICRO,20110803,27.55,29,27.45,27.9,74374
ASTRAZEN,20110803,1375,1419,1375,1410,277
ATFL,20110803,436,436,418,422.2,39574
ATLANTA,20110803,77.7,82.35,77.7,81.25,1109036
ATLASCYCLE,20110803,417,417,393.3,400.1,283056
ATNINTER,20110803,1.05,1.2,1.05,1.2,3600
ATUL,20110803,206,212.7,205.95,207.95,66057
AURIONPRO,20110803,153,153,149.1,149.9,1077
AUROPHARMA,20110803,163,164.85,158.6,163.25,1722947
AUSOMENT,20110803,39,39.5,39,39.2,100
AUSTRAL,20110803,2.05,2.1,2,2.1,418931
AUTOAXLES,20110803,432,456,428.1,450.7,1820
AUTOIND,20110803,146.65,150,142.4,148.15,12369
AUTOLITIND,20110803,20.25,20.3,20,20,2164
AVANTI,20110803,39,39,37.05,38.25,345
AVENTIS,20110803,2094.95,2105,2023.2,2047.4,967
AVTNPL,20110803,435,449,432.6,432.6,3130
AXIS-IT&T,20110803,102.4,106.45,98,100,84913
AXISBANK,20110803,1330.7,1330.7,1292.75,1301.15,1833923
AXISGOLD,20110803,2334.65,2374,2334.65,2362.45,580
BAGFILMS,20110803,6.7,6.8,6.55,6.65,180000
BAJAJ-AUTO,20110803,1461.1,1474,1446.55,1454.65,315262
BAJAJCORP,20110803,125.7,125.7,117.2,122.85,4995
BAJAJELEC,20110803,205.95,207,201.15,204.35,58771
BAJAJFINSV,20110803,520,520,510.6,513.8,31417
BAJAJHIND,20110803,64,65.25,62.4,64.85,512041
BAJAJHLDNG,20110803,760,768,751,763.55,29980
BAJFINANCE,20110803,680.1,710.75,673,689,28062
BALAJITELE,20110803,30.8,31.4,30,31.15,42019
BALAMINES,20110803,38.25,39.65,37.7,38.9,5514
BALKRISIND,20110803,177,184.5,171,181.8,52256
BALLARPUR,20110803,33,33.15,32.5,33,150306
BALMLAWRIE,20110803,655,657.5,637.35,645.5,4677
BALPHARMA,20110803,26.25,26.55,25.95,26.1,4845
BALRAMCHIN,20110803,55,57.2,54.4,56.85,1108709
BANARISUG,20110803,568,570,551.1,556.65,678
BANCOINDIA,20110803,77,81.9,76.6,81,8924
BANG,20110803,34.3,34.3,31.35,31.75,13835
BANKBARODA,20110803,860,885,845.3,873.65,529635
BANKBEES,20110803,1100,1100,1074,1079.89,800
BANKINDIA,20110803,368,375,362,372.4,505794
BANSWRAS,20110803,116,116.9,113,115.55,12990
BARTRONICS,20110803,57.5,57.65,56.5,56.85,106880
BASF,20110803,629,630,610.1,623.4,10746
BASML,20110803,76,84,75,77.05,1188
BATAINDIA,20110803,562.1,657.85,562.1,654.8,387496
BATLIBOI,20110803,20.9,22.5,20.9,22.25,1362
BAYERCROP,20110803,868,873.2,842.6,870.4,1207
BBL,20110803,737,745,725,728.65,8304
BBTC,20110803,469,469,458,461.4,1329
BECREL,20110803,9.95,10.1,9.5,10.1,803
BEDMUTHA,20110803,136.1,136.1,132.75,132.95,75865
BEL,20110803,1700,1700,1652.05,1658.3,166584
BELLCERATL,20110803,15.45,15.45,13.85,14.15,2057
BEML,20110803,532.85,537.9,518,529.1,26258
BEPL,20110803,30,33.8,30,32.6,222510
BERGEPAINT,20110803,100.6,103,99.1,101.05,224645
BFINVEST,20110803,62,62.8,61.1,62.2,3364
BFUTILITIE,20110803,675,689,660.45,681.95,266295
BGLOBAL,20110803,23.5,23.5,20.1,21.9,1161844
BGRENERGY,20110803,379.95,396,375.1,393.2,687220
BHAGWATIHO,20110803,89.6,93,87.5,91.85,45833
BHAGYNAGAR,20110803,17.95,18.1,17.75,18.05,2582
BHARATFORG,20110803,295.95,307.7,290.2,303.9,1070090
BHARATGEAR,20110803,53.7,56.9,53.5,56.4,1758
BHARATRAS,20110803,90.65,100.95,87,99.6,2594
BHARTIARTL,20110803,428,431.9,412.7,426.25,13827732
BHARTISHIP,20110803,123.25,123.25,120.9,121.3,97050
BHEL,20110803,1795.7,1820,1785.05,1813.2,548218
BHUSANSTL,20110803,372,383.4,359.4,380.2,305889
BIL,20110803,52.8,54.6,51.25,53.95,3812
BILPOWER,20110803,90,91,87.75,90.05,3841
BIMETAL,20110803,302.05,309.95,302.05,309.1,15
BINANIIND,20110803,158.2,159.25,156.25,158.05,17222
BINDALAGRO,20110803,89.8,91.15,88.2,90.1,416165
BIOCON,20110803,356.5,358.65,351.05,352,261762
BIRLACORPN,20110803,318,344.4,318,323.85,5239
BIRLACOT,20110803,0.4,0.4,0.35,0.4,2695957
BIRLAERIC,20110803,14.3,15.1,14.3,15,4047
BIRLAMONEY,20110803,18.05,19.05,18.05,18.55,17555
BIRLAPOWER,20110803,0.8,0.8,0.7,0.75,3186084
BLBLIMITED,20110803,4.1,4.1,4.1,4.1,44127
BLISSGVS,20110803,24.6,24.6,22.05,23.9,89200
BLKASHYAP,20110803,18.9,19.25,18.5,19,86746
BLUECHIP,20110803,1.05,1.15,1.05,1.15,46094
BLUECOAST,20110803,167.2,167.2,167.2,167.2,50
BLUEDART,20110803,1616,1635,1585.1,1593.85,5391
BLUESTARCO,20110803,265,265,260,262.75,21187
BLUESTINFO,20110803,81.05,81.45,79.05,79.35,726
BOC,20110803,290.3,301,283,298.1,14902
BOMDYEING,20110803,329.95,334.9,322.85,332.95,256771
BOSCHLTD,20110803,7199,7199,7030,7031.65,1796
BPCL,20110803,657.8,670,657,665.75,366860
BPL,20110803,24,24.8,24,24.5,15904
BRANDHOUSE,20110803,19.9,20.6,19.85,20.15,29184
BRFL,20110803,280,285.05,280,284,162749
BRIGADE,20110803,67.95,68,66.25,67.45,26165
BRITANNIA,20110803,479,480,471.4,479.8,28676
BROADCAST,20110803,9.5,9.85,9.4,9.4,648
BSELINFRA,20110803,4.4,4.5,4.35,4.4,53256
BSL,20110803,22,25,22,23.55,1981
BSLGOLDETF,20110803,2400,2420,2372,2400.3,457
BSLNIFTY,20110803,55,56,52,55.77,1462
BSTRANSCOM,20110803,113.75,115.75,110.2,112.9,67653
BURNPUR,20110803,6.9,7,6.5,6.9,37971
BVCL,20110803,16.15,17.3,16.15,16.55,1661
CADILAHC,20110803,870,880,862,877,71052
CAIRN,20110803,305.1,315.75,304.25,313.55,2156586
CALSOFT,20110803,32.2,34,31,31.5,854
CAMLIN,20110803,70,73.1,70,72.65,69601
CANBK,20110803,433.2,433.2,417.1,426.6,956395
CANDC,20110803,124,129.4,121.25,127.8,13007
CANFINHOME,20110803,106,107.9,105,106.6,11549
CANTABIL,20110803,30,30,29.3,29.45,9023
CARBORUNIV,20110803,281.5,298,281.5,295.6,5908
CAROLINFO,20110803,225,247,220.1,239.6,1358061
CASTROL,20110803,560,564,551.3,559.65,98118
CCCL,20110803,25.1,26.9,25,25.55,35106
CCL,20110803,203.3,206.7,196.75,204.6,7008
CEATLTD,20110803,98.35,100.95,93,97.35,809146
CEBBCO,20110803,41.55,42.8,40.15,41.8,14143
CELEBRITY,20110803,8.15,8.5,8.1,8.15,5956
CELESTIAL,20110803,32.15,33.4,30.25,32.05,12347
CENTENKA,20110803,171,172.75,167.05,170.55,8990
CENTEXT,20110803,3.05,3.1,3,3,43761
CENTRALBK,20110803,108.8,110.7,106,109.85,902716
CENTUM,20110803,95,95,88.7,92.75,148
CENTURYPLY,20110803,69.9,71.35,69.15,70.95,30129
CENTURYTEX,20110803,334.4,339.35,326.45,336.55,360899
CERA,20110803,216,220,210.2,218.45,3980
CESC,20110803,328.5,342,328.5,340.65,125708
CHAMBLFERT,20110803,92.5,94.5,91.5,94.1,5205732
CHEMFALKAL,20110803,45,46,44.5,46,958
CHEMPLAST,20110803,6.8,6.85,6.6,6.8,57850
CHENNPETRO,20110803,214,215.65,212.1,212.95,52571
CHESLINTEX,20110803,13,14.8,13,14.15,5005
CHETTINAD,20110803,421.2,450,421.2,437.65,158
CHOLAFIN,20110803,164,167.85,163.1,167,12530
CILNOVA,20110803,15.3,15.3,15.3,15.3,25
CINEMAX,20110803,35.5,35.5,34.75,35,18979
CINEVISTA,20110803,5.5,6.2,5.2,6.1,494976
CIPLA,20110803,310.8,314.6,310,313.3,649365
CLASSIC,20110803,13,13.45,12.75,12.9,24808
CLNINDIA,20110803,749.9,769.8,742.05,767.2,20983
CMAHENDRA,20110803,216,216,204.2,208.1,40960
CMC,20110803,1108,1119.8,1085,1093.3,3200
COALINDIA,20110803,391,396.3,391,392,2524242
COLPAL,20110803,930,993.4,930,979.75,40034
COMPUAGE,20110803,120,121.9,110.25,115.65,562
CONCOR,20110803,1110,1111.5,1090,1096.7,1922
CONSOFINVT,20110803,68,68,65,66.45,2383
CORAL-HUB,20110803,5.45,5.85,5.45,5.7,16302
CORDSCABLE,20110803,38,38,36.8,36.9,8248
COREPROTEC,20110803,299,302,298.9,300.2,154188
COROENGG,20110803,308,308,308,308,40
COROMANDEL,20110803,323.75,323.9,315.1,318,74430
CORPBANK,20110803,489.95,495,485.05,487.8,57142
COSMOFILMS,20110803,92.8,93,89.5,90.65,20330
COX&KINGS,20110803,217.7,227.2,213.5,219.75,1547401
CPIL,20110803,316,317.1,313.25,315.25,3592
CREATIVEYE,20110803,5.6,6.3,5.55,6,12704
CRESTANI,20110803,49.7,50.65,48.25,48.95,177889
CREWBOS,20110803,67,69,65.3,65.55,59028
CRISIL,20110803,8150,8420,8120,8286.05,1887
CROMPGREAV,20110803,162.85,164.95,160.6,163.15,3003757
CRONIMET,20110803,122.25,130,122.25,124.45,19776
CTE,20110803,8.9,9.1,8.7,8.75,1817
CUB,20110803,47.05,48.75,47.05,48.35,323426
CUBEXTUB,20110803,12,12,11.45,11.45,600
CUMMINSIND,20110803,612.2,625,602.5,610.2,986370
CURATECH,20110803,195,210,190,203.65,611
CYBERMEDIA,20110803,17,17,17,17,1
CYBERTECH,20110803,13.15,13.15,13.15,13.15,2301
DAAWAT,20110803,46.85,47.5,46,47.2,37104
DABUR,20110803,107.8,107.8,104.55,105.25,440781
DALMIABEL,20110803,136.55,138,132.05,135.3,866
DALMIASUG,20110803,18,18.95,18,18.15,24783
DATAMATICS,20110803,30.25,30.6,29,29.95,2710
DBCORP,20110803,232.4,243.75,232.15,241.7,2938
DBREALTY,20110803,73.5,77.4,71.6,75,511497
DCB,20110803,56.1,57,54.85,56.4,1862520
DCHL,20110803,66.4,67.4,65.5,66.25,856336
DCM,20110803,80.2,82,78.5,79.35,39170
DCMSRMCONS,20110803,54.2,54.8,53.05,53.35,58703
DCW,20110803,10.3,10.55,10.1,10.35,111765
DECCANCE,20110803,145,145.05,140,144.95,369
DEEPAKFERT,20110803,166.85,169.9,164.1,168.9,73777
DEEPAKNTR,20110803,202.15,207.9,201.05,207.9,237
DEEPIND,20110803,73.65,73.65,71.2,72.7,22174
DELTACORP,20110803,96.8,101.8,95,101.35,5592572
DEN,20110803,78,78,75,75.7,21387
DENABANK,20110803,83.1,84.15,81.65,83.7,1284983
DENORA,20110803,90,90.9,88,89.75,1926
DENSO,20110803,63.85,65.95,63.45,63.7,1029
DEWANHOUS,20110803,208.6,211,207.1,209.85,99329
DHAMPURSUG,20110803,52.4,53.25,51.1,52.05,91118
DHANBANK,20110803,102,102.5,100.45,101.45,120502
DHANUKA,20110803,103,113.4,103,110.2,97488
DHARSUGAR,20110803,31.25,32,31.15,31.55,4654
DHUNINV,20110803,74,87.8,62.5,78.95,113
DIAPOWER,20110803,156,156,148.2,149.3,12249
DICIND,20110803,252,255,247.15,247.5,533
DIGJAM,20110803,11,11.2,10.85,11.05,27426
DISHMAN,20110803,83.6,83.6,81,81.8,59592
DISHTV,20110803,82.9,86.05,81.7,85.55,2670055
DIVISLAB,20110803,814,814.75,797,809.65,109872
DLF,20110803,219.4,223.95,215.2,222.05,8629249
DLINKINDIA,20110803,24.5,24.6,23.85,24.2,9357
DOLPHINOFF,20110803,130,131.65,127.5,129.55,12525
DONEAR,20110803,22.35,23,22.35,23,58
DPSCLTD,20110803,1810,1810,1750,1794.35,86
DPTL,20110803,136,148.95,136,147.85,4756
DQE,20110803,45,47.4,44.85,46.7,31500
DREDGECORP,20110803,272.55,279.7,270.65,273.7,8350
DRREDDY,20110803,1584,1588,1566.05,1575.2,326089
DSKULKARNI,20110803,59.05,59.6,58.1,59.1,7646
DUNCANSIND,20110803,14.1,14.3,13.75,13.8,59454
DWARKESH,20110803,59,61.4,58.65,60.45,7558
DYNAMATECH,20110803,1468,1468,1432.2,1449.85,3699
DYNASYS,20110803,0.75,0.75,0.65,0.7,720
EASTSILK,20110803,7.5,8.05,7.05,7.95,121536
EASUNREYRL,20110803,62,64.5,61.55,63.85,23003
ECEIND,20110803,102.25,117.35,101.2,114.75,2457
ECLERX,20110803,790.05,798,776,786.7,9063
EDELWEISS,20110803,32.6,33,32.25,32.6,81044
EDL,20110803,99.6,100.45,99.1,99.75,4773
EDSERV,20110803,124.5,127.45,123.7,125.2,78358
EDUCOMP,20110803,318.15,329.4,313.45,325.15,1571769
EICHERMOT,20110803,1314,1350,1310,1345.95,3247
EIDPARRY,20110803,255.25,258.35,252.05,253.6,11028
EIHAHOTELS,20110803,192.95,213.5,192.95,200.35,695341
EIHOTEL,20110803,91.8,94.3,90.3,92.55,444880
EIMCOELECO,20110803,211,216,211,213.7,1183
EKC,20110803,87.75,89.5,85.7,88.95,744127
ELDERPHARM,20110803,400.1,404.95,383.7,401.3,56056
ELECON,20110803,79.5,80.2,76.25,79.05,125215
ELECTCAST,20110803,28.5,29.5,28.5,29.25,354762
ELECTHERM,20110803,145.5,149,143.7,145.45,5148
ELFORGE,20110803,10.1,10.8,10.1,10.6,4895
ELGIEQUIP,20110803,71.1,73.25,70.05,72.45,19144
ELNET,20110803,35.95,35.95,34.65,34.65,100
EMAMILTD,20110803,490,490,458,487.5,7294
EMCO,20110803,49.25,49.9,49.1,49.5,13283
EMKAY,20110803,42,43.5,41,43.05,20509
EMMBI,20110803,13.1,13.1,12.6,12.85,7294
EMPEESUG,20110803,23.9,24.95,23.8,24.7,5051
ENERGYDEV,20110803,31.05,32.2,31.05,31.75,2092
ENGINERSIN,20110803,280,280,268.8,269.95,529571
ENIL,20110803,252.1,266.2,252.1,261.65,102160
ENTEGRA,20110803,21,21.1,20.4,20.7,12089
ERAINFRA,20110803,167.3,167.3,165.7,165.9,245680
EROSMEDIA,20110803,209.8,212.1,204.05,206,309873
ESABINDIA,20110803,520,529.65,519.1,523.55,8604
ESCORTS,20110803,96,96,92.1,93.45,823395
ESL,20110803,7.8,7.95,7.7,7.75,572986
ESSAROIL,20110803,113.85,113.85,111.1,112,824225
ESSARPORTS,20110803,84.05,89.7,82.5,86.35,25330
ESSDEE,20110803,355,362,354.95,357.2,1090
ESSELPACK,20110803,42.3,42.5,41.3,41.9,25681
ESTER,20110803,40,40.5,39,40.3,24229
EUROCERA,20110803,23.95,24.45,23.6,24.45,363
EUROMULTI,20110803,9,9.3,8.95,8.95,1161
EUROTEXIND,20110803,23.5,24.05,23.5,24.05,551
EVEREADY,20110803,42.9,42.9,41.6,42.05,37557
EVERESTIND,20110803,165,171,161.1,169.9,12827
EVERONN,20110803,563,573.8,522.65,565.55,204797
EVINIX,20110803,0.9,0.9,0.85,0.9,48955
EXCELCROP,20110803,162.3,170.5,160.5,169.2,16556
EXCELINDUS,20110803,70.05,74,70,72.35,2901
EXCELINFO,20110803,17.1,17.4,14.15,16.55,173120
EXIDEIND,20110803,148.5,151.5,146.6,150.4,697351
FACT,20110803,44.9,47.7,43,47,437901
FAGBEARING,20110803,1240,1259,1200.1,1221.7,8122
FARMAXIND,20110803,2.9,3.1,2.8,2.8,181932
FCH,20110803,186,187,175,180.45,545277
FCSSOFT,20110803,0.65,0.75,0.65,0.7,906373
FDC,20110803,91,91.85,90.85,91.4,7495
FEDDERLOYD,20110803,76.9,76.9,73.05,73.7,12114
FEDERALBNK,20110803,403,408.85,391,405.55,426277
FIEMIND,20110803,155,159.95,155,156.95,7794
FINANTECH,20110803,751.7,788.9,751.7,782.55,81631
FINCABLES,20110803,43,43.85,42.9,43.7,20972
FINPIPE,20110803,68,70.95,67.15,68.2,71335
FIRSTLEASE,20110803,81,83.3,79.1,81.5,34677
FIRSTWIN,20110803,18.5,18.5,17.15,17.9,1925
FKONCO,20110803,120,123.5,120,122.05,18672
FMGOETZE,20110803,280,280.95,269.25,273.65,9395
FORTIS,20110803,163.85,164.75,161.85,162.6,173720
FOURSOFT,20110803,12.7,12.7,11.9,12.1,7887
FSL,20110803,16.05,16.65,15.75,16.45,2408980
FUTUREVENT,20110803,9.4,9.65,9.25,9.55,2207129
GABRIEL,20110803,48.3,48.7,47.8,48.05,8440
GAEL,20110803,25.5,26.35,25,26.1,24541
GAIL,20110803,459.85,466.4,457.9,463.05,941145
GAL,20110803,10.1,10.95,10.1,10.7,28709
GALLANTT,20110803,15.55,16.6,15.55,16.3,16773
GALLISPAT,20110803,89.1,89.9,89,89.35,112547
GAMMNINFRA,20110803,15,16,14.5,15.65,233246
GAMMONIND,20110803,83.5,84.95,82.05,82.55,13989
GANDHITUBE,20110803,121.5,126,119.6,125.25,2755
GANESHHOUC,20110803,133,134.7,126.6,128.5,6534
GANGOTRI,20110803,5.6,5.75,5.2,5.55,13678
GARDENSILK,20110803,88.05,91,88.05,89,15905
GARWALLROP,20110803,59.2,61.5,59.15,60.1,4124
GATI,20110803,68,71.1,67,70.45,1003036
GDL,20110803,135,135.9,133.65,134.6,35954
GEECEE,20110803,37.75,38,37.4,37.75,1427
GEINDSYS,20110803,152,162.9,152,156.95,3813
GEMINI,20110803,23.5,24.9,21.55,24.1,15321
GENESYS,20110803,252.15,260,251.85,254.15,33413
GENUSPOWER,20110803,17.5,17.7,17.35,17.5,94126
GEODESIC,20110803,59.5,59.55,58.45,59.2,263629
GEOJITBNPP,20110803,21.2,22.1,20.2,21.9,108244
GEOMETRIC,20110803,47.05,48,46.25,46.7,30505
GESHIP,20110803,265.05,265.05,261,261.65,53050
GHCL,20110803,40.6,40.6,39.8,40.2,59839
GICHSGFIN,20110803,96,96.2,93.6,95.55,53194
GILLANDERS,20110803,100.25,102.2,100.25,101.35,3363
GILLETTE,20110803,2266.05,2297.6,2227,2267.75,5231
GINNIFILA,20110803,8.45,9.1,8.45,9.05,6881
GIPCL,20110803,78.6,80.2,77.95,80,16369
GITANJALI,20110803,305.4,306.45,301,305.15,757105
GKB,20110803,38,39.9,37.15,39.9,504
GKWLIMITED,20110803,490.3,500,490.1,500,63
GLAXO,20110803,2280,2299.85,2260,2275.6,7975
GLENMARK,20110803,327.9,339,325.5,329.75,456160
GLFL,20110803,3.75,3.9,3.75,3.8,6998
GLOBALVECT,20110803,23,24,21.8,23.85,540
GLOBOFFS,20110803,104.25,112.75,101.2,104.5,5131
GLOBUSSPR,20110803,140.05,143.9,140.05,143.3,87758
GLODYNE,20110803,274.95,295,271,285.8,124001
GMBREW,20110803,99.7,104.5,97.7,100.7,8697
GMDCLTD,20110803,162,166.45,160.75,165.2,208778
GMRINFRA,20110803,29.8,30.7,29,30.35,2722466
GNFC,20110803,100.1,100.55,99.5,99.75,102344
GOACARBON,20110803,91,94.8,90.1,92.85,6587
GODFRYPHLP,20110803,3230,3334.8,3207.1,3247.65,3450
GODREJCP,20110803,426.9,433.9,423.55,430.7,91295
GODREJIND,20110803,221,226.8,218.25,226.15,1230462
GODREJPROP,20110803,745.15,746.8,730.05,738.9,7846
GOENKA,20110803,54.1,55,53.5,54.6,7311
GOKEX,20110803,96,96,90.5,90.6,370
GOKUL,20110803,92.5,92.5,90,90.75,68907
GOLDBEES,20110803,2265,2314,2254.95,2306.7,200453
GOLDENTOBC,20110803,67.6,68.5,67.6,68.05,1911
GOLDIAM,20110803,32.25,34.75,30.75,34.35,3021
GOLDINFRA,20110803,17.1,17.65,17.1,17.55,19768
GOLDSHARE,20110803,2251,2283.8,2250,2276.65,58317
GOLDTECH,20110803,6.55,6.8,6.2,6.5,14620
GPIL,20110803,152.05,155.9,152,153.45,14017
GPPL,20110803,71.3,74.25,70.55,73.35,98688
GRABALALK,20110803,22.55,23.5,22.25,23.1,17174
GRANULES,20110803,83,83.95,79.5,80,9797
GRAPHITE,20110803,88,88,84.2,86.8,27361
GRASIM,20110803,2192,2210,2180.05,2199.6,54311
GRAVITA,20110803,344,348,337.05,343.7,41128
GREAVESCOT,20110803,91,94.9,89.05,93.3,142323
GREENPLY,20110803,226,231.95,215,221.65,13657
GREENPOWER,20110803,13.7,14.7,13.1,13.9,1988948
GRINDWELL,20110803,250.1,250.1,244.5,249,9537
GRUH,20110803,440,441.9,430,439.8,6380
GSFC,20110803,400,404.6,391,394.8,59742
GSKCONS,20110803,2372,2422.85,2351,2410.85,4235
GSLNOVA,20110803,3,3.1,2.95,3,12742
GSPL,20110803,103,106,101.7,105.45,1803879
GSSAMERICA,20110803,148.5,148.5,144.55,146.3,8063
GTL,20110803,69,71.6,67.3,69.45,2882658
GTLINFRA,20110803,13.9,14.5,13.7,14.2,2052047
GTNIND,20110803,13.1,14.9,13.1,14.9,3696
GTNTEX,20110803,11.5,12.6,11.2,12.5,3121
GTOFFSHORE,20110803,211,211,205,207.3,59261
GUJALKALI,20110803,143,153,140,147,46644
GUJAPOLLO,20110803,133,140,130.15,136.8,2352
GUJFLUORO,20110803,438,477.7,407.5,469.1,169070
GUJNRECOKE,20110803,42.6,43.85,41.15,42.9,514456
GUJNREDVR,20110803,23.4,24.2,23.1,23.8,13210
GUJRATGAS,20110803,416,420.5,408.1,410.6,12349
GUJSIDHCEM,20110803,8.85,8.85,8.5,8.75,86364
GULFOILCOR,20110803,89.5,92.7,88.75,90.2,297307
GVKPIL,20110803,17,17.7,16.55,17.45,8674808
HALONIX,20110803,68,69,66.55,68.9,9237
HANUNG,20110803,132.2,136.15,132.1,133.5,151627
HARITASEAT,20110803,77,77,77,77,49
HARRMALAYA,20110803,73.8,73.8,72,72.45,23510
HATHWAY,20110803,109.1,109.75,105.8,108.05,16410
HAVELLS,20110803,356.4,364.7,354,360.55,231053
HBLPOWER,20110803,17.8,17.85,16.7,16.95,33583
HBSTOCK,20110803,12.55,12.6,12.55,12.55,5150
HCC,20110803,29.85,31.45,29.2,30.9,3944262
HCIL,20110803,51,52.25,50.2,50.55,113380
HCL-INSYS,20110803,82.45,82.7,80,82,84644
HCLTECH,20110803,470.05,474.9,462.1,472.6,896191
HDFC,20110803,677.3,684.95,675.3,679.95,1053042
HDFCBANK,20110803,478.7,489.4,476,482.05,2082567
HDFCMFGETF,20110803,2340,2368.6,2340,2367.1,4032
HDIL,20110803,136.9,139.15,132.8,137.1,4482351
HEG,20110803,227,227.2,224.55,225.25,15250
HEIDELBERG,20110803,35.55,36,35.4,35.5,18879
HELIOSMATH,20110803,30.05,30.15,29.5,29.75,9496
HERCULES,20110803,299.95,299.95,282.8,288,393053
HERITGFOOD,20110803,206.5,209.4,198.2,208.35,2876
HEROHONDA,20110803,1782.4,1822,1773,1803,206311
HEXAWARE,20110803,88,88.85,86.6,87.05,1701199
HFCL,20110803,15.7,15.7,15.1,15.25,1819649
HGSL,20110803,350,365.9,350,355.3,7983
HIKAL,20110803,298,309.8,295,305.9,997
HILTON,20110803,15.25,16.05,15.25,15.95,1172
HIMATSEIDE,20110803,33.45,34,33,33.25,63530
HINDALCO,20110803,162.9,166.4,159.45,165.35,4330209
HINDCOMPOS,20110803,484,484,480,480,510
HINDCOPPER,20110803,249.8,249.85,245.45,247.7,24458
HINDDORROL,20110803,45,45.5,41.5,41.75,162969
HINDMOTORS,20110803,16.8,17.85,16.8,17.55,242871
HINDNATGLS,20110803,202.25,205.85,201,205.55,2136
HINDOILEXP,20110803,165,173.25,162.5,171.8,1051605
HINDPETRO,20110803,373.05,379.8,371,377.25,762370
HINDUJAVEN,20110803,320.25,331,320.25,329.7,9034
HINDUNILVR,20110803,320.5,323.45,317,322,2568934
HINDZINC,20110803,136.8,138.95,134.5,134.85,533215
HIRECT,20110803,49.05,50.05,49.05,49.85,2658
HITACHIHOM,20110803,182.5,187.7,179.5,182.8,59066
HITECHGEAR,20110803,126.5,126.5,121,124.7,1045
HITECHPLAS,20110803,93.35,93.4,86.5,86.55,415
HMT,20110803,55.7,55.7,54.15,54.7,56677
HMVL,20110803,131.8,137,131.8,133,889
HNGSNGBEES,20110803,1318.68,1318.68,1290,1312.89,66
HOCL,20110803,31,31.4,30.6,30.95,67740
HONAUT,20110803,2750,2750,2615,2672.15,555
HONDAPOWER,20110803,394,402.45,394,401.5,908
HOTELEELA,20110803,43,43.95,42.5,43.65,326517
HOTELRUGBY,20110803,11.9,12.1,11.15,11.15,10740
HOVS,20110803,81.4,82,79.8,80.55,18540
HSIL,20110803,230.1,232.5,220.05,222.6,59918
HTMEDIA,20110803,157,159.9,153.7,159,33093
HYDRBADIND,20110803,351.1,354,349.1,353,5758
HYDROS&S,20110803,20.95,22.95,20.6,21.1,2322
IBPOW,20110803,16.8,17.25,16.6,17,153402
IBREALEST,20110803,93.5,95.65,91.1,94.65,6852997
IBSEC,20110803,12.05,12.1,11.55,11.8,503618
ICICIBANK,20110803,1012.45,1012.45,990.35,1001.95,3859436
ICIL,20110803,11,11.5,10.05,10.2,366
ICRA,20110803,1220,1245.1,1220,1233.05,1396
ICSA,20110803,90.8,94,89.4,93.7,91294
IDBI,20110803,125.1,125.1,122.1,124.35,921825
IDEA,20110803,93,95.65,92,95.25,7645372
IDFC,20110803,123,125.2,122,124.05,6882514
IFBAGRO,20110803,140,148,131.5,143.35,1627855
IFBIND,20110803,147.95,147.95,131.65,140.15,349738
IFCI,20110803,45,46,44.35,45.9,4704489
IFGLREFRAC,20110803,30,32.25,29,29.8,4139
IGARASHI,20110803,48.6,54,48.6,49.75,1576
IGL,20110803,423.3,427.85,418,419.7,462844
IGPL,20110803,24.7,24.7,22.35,23.35,3260
IL&FSENGG,20110803,129.05,130.35,125.35,125.9,7969
IL&FSTRANS,20110803,206,209.9,200.1,202.65,71709
IMPAL,20110803,645.15,674.9,645.15,660.05,90
IMPEXFERRO,20110803,8.95,9.25,8.9,9.25,2051
INDBANK,20110803,9.35,9.9,9.35,9.6,18712
INDHOTEL,20110803,75.5,78.4,74.5,77.5,1132776
INDIABULLS,20110803,162.95,173.9,162.1,171.45,535374
INDIACEM,20110803,67.15,68.7,65.25,67.9,1133976
INDIAGLYCO,20110803,135.2,136,130.6,131.5,146698
INDIAINFO,20110803,77.6,79.75,77.5,78.3,243989
INDIANB,20110803,217.55,218.5,213.75,217.45,362206
INDIANCARD,20110803,102,106.7,101.2,103.2,55
INDIANHUME,20110803,120,121.8,119.05,120.8,1609
INDLMETER,20110803,92.5,94,90.4,90.4,402
INDNIPPON,20110803,275,280,272,278.3,1248
INDOASIFU,20110803,61.95,69.7,55.15,68.35,12293
INDOCO,20110803,414.95,424.75,411.1,416,2860
INDORAMA,20110803,43.5,43.5,42,42.55,17334
INDOSOLAR,20110803,12.55,12.7,12.15,12.45,144058
INDOTECH,20110803,138,141.75,135.5,136.9,4427
INDRAMEDCO,20110803,37.5,37.6,36.75,37,44382
INDSWFTLAB,20110803,98,99,96.55,96.85,65239
INDSWFTLTD,20110803,31,31.6,30.15,31.3,2663
INDUSFILA,20110803,18.75,18.75,17.6,18.35,2429
INDUSINDBK,20110803,269.1,271.1,265.55,270.4,163079
INEABS,20110803,618,628,614.5,618.55,1956
INFINITE,20110803,117.9,118,112.15,113.25,14924
INFODRIVE,20110803,14.4,14.4,13.05,13.45,76615
INFOMEDIA,20110803,15,15.25,14.5,14.95,21731
INFOTECENT,20110803,137,137,131.55,133.2,8474
INFRABEES,20110803,298.05,298.5,293.3,296,211
INFY,20110803,2735,2739.7,2708.5,2732.6,705761
INGERRAND,20110803,506,513,504.3,510.55,7008
INGVYSYABK,20110803,355,360.7,353.1,354.6,32732
INNOIND,20110803,93,98,92.05,93.6,81999
INOXLEISUR,20110803,44,45.5,44,44.7,33402
INSECTICID,20110803,357.25,367.5,354,358.45,155360
IOB,20110803,133.7,134.25,130.5,133.15,848694
IOC,20110803,310.95,318.95,310.9,318,510265
IOLCP,20110803,35,37.25,34.1,37,2305
IPCALAB,20110803,324.9,334.8,324.9,331.4,31357
IPGETF,20110803,2350,2389.5,2350,2379.8,362
IPRINGLTD,20110803,77,77,73.65,73.65,101
IRB,20110803,155.05,162.85,150.35,161.65,874411
ISFT,20110803,60,61,57.95,59.2,8291
ISMTLTD,20110803,37.95,37.95,37.25,37.4,42599
ISPATIND,20110803,17.15,17.9,16.95,17.7,3591545
ITC,20110803,203.35,208.2,202.65,206.85,6657936
ITDCEM,20110803,165,165.05,161.2,161.2,268
ITI,20110803,29,29.2,28.65,28.85,59169
IVC,20110803,31.3,31.3,30.05,30.35,75879
IVP,20110803,47,48,47,47.25,824
IVRCLAH,20110803,40.05,40.9,38.65,39.3,69724
IVRCLINFRA,20110803,55.55,56.9,53.6,54.6,10301252
J&KBANK,20110803,870.6,890,857,881.6,30772
JAGRAN,20110803,114,114,110.7,112.3,23669
JAGSNPHARM,20110803,14.25,14.95,14.15,14.35,3181
JAIBALAJI,20110803,178,180,170,172.55,12226
JAICORPLTD,20110803,92.8,94.5,89.95,91.1,601358
JAINSTUDIO,20110803,11,11.55,10.8,10.85,954
JAMNAAUTO,20110803,143.8,143.8,136,138.75,661
JAYAGROGN,20110803,91.4,92,86.5,90.8,87045
JAYBARMARU,20110803,69.4,69.95,68.1,68.75,1583
JAYNECOIND,20110803,20.1,20.75,19.55,20.25,123608
JAYSREETEA,20110803,153.5,154.95,151.75,153.8,21860
JBCHEPHARM,20110803,140.65,144,140.35,141.1,100428
JBFIND,20110803,149.3,149.65,145.65,147.45,34831
JENSONICOL,20110803,4.25,4.3,4.05,4.25,11960
JETAIRWAYS,20110803,435,445,426.6,434.1,1047775
JHS,20110803,36.65,39.95,35.55,38.5,157009
JIKIND,20110803,7.1,7.25,6.75,7.1,8646
JINDALPHOT,20110803,151.95,153.45,150.05,152.35,50982
JINDALPOLY,20110803,235.25,239.5,232.15,234.75,166798
JINDALSAW,20110803,141.8,144.2,138.55,143.15,346274
JINDALSTEL,20110803,560,569,545.95,555.5,2793641
JINDALSWHL,20110803,747.15,814,746.1,804.8,356809
JINDCOT,20110803,110.9,111,103.55,105.8,66333
JINDRILL,20110803,438,438,430.75,432,2878
JINDWORLD,20110803,165.5,173,165.1,170.9,7901
JISLJALEQS,20110803,170.85,171.6,158.6,165.8,1892354
JKCEMENT,20110803,107,111,107,109.65,15317
JKIL,20110803,127.25,129,127,128.75,1826
JKLAKSHMI,20110803,43.7,43.75,43.1,43.6,28247
JKPAPER,20110803,44.2,44.9,43.1,44.8,174202
JKTYRE,20110803,95.85,100.05,93.05,99,84259
JMCPROJECT,20110803,147,150,145,146.9,2764
JMFINANCIL,20110803,21.4,21.85,20.85,21.5,579346
JMTAUTOLTD,20110803,64.7,72.95,64.7,72.95,4
JOCIL,20110803,307,316,307,311.65,8027
JPASSOCIAT,20110803,63.65,65.05,61.8,64.4,18415813
JPINFRATEC,20110803,45,46.25,44.5,45.65,126930
JPPOWER,20110803,40.95,42,40.25,41.05,314231
JSL,20110803,99,102,98.05,98.8,188088
JSWENERGY,20110803,64.8,67.8,64.3,67.35,1027518
JSWSTEEL,20110803,665,714.55,650.4,709.95,6018689
JUBILANT,20110803,212.2,214.4,205,208.8,39855
JUBLFOOD,20110803,868,868,822.65,832.25,966685
JUBLINDS,20110803,202.7,202.7,195.2,196.7,64959
JUMBO,20110803,23,25.45,22.55,23.05,69228
JUNIORBEES,20110803,107.8,108.45,106.8,108.19,11829
JUPITER,20110803,18.5,18.55,18,18.2,168882
JVLAGRO,20110803,19.7,20.4,19.05,19.95,20826
JYOTHYLAB,20110803,230,239,224.05,236.3,24555
JYOTISTRUC,20110803,79,79.6,77.2,77.9,123427
KABRAEXTRU,20110803,50.1,52.5,50,50.15,6914
KAJARIACER,20110803,112.1,116.75,110.35,113.7,130554
KAKATCEM,20110803,70.25,70.25,66.55,67.7,1234
KALECONSUL,20110803,77.1,78.5,75.6,76.3,5028
KALINDEE,20110803,115,115.9,112.25,114.9,154797
KALPATPOWR,20110803,121.05,125.5,120.25,124.9,120740
KAMATHOTEL,20110803,90,92.95,89.15,90.35,5679
KANDAGIRI,20110803,88,90,88,90,1461
KANORICHEM,20110803,40.05,40.5,39.2,39.95,26080
KANSAINER,20110803,889.05,893.95,889,889.85,1099
KARMAENG,20110803,14.25,14.25,12,12.6,17613
KARURKCP,20110803,36.75,41.7,36.75,36.8,4151
KARURVYSYA,20110803,410,410,397.1,399.65,33653
KAUSHALYA,20110803,9.2,9.75,9.15,9.6,12942
KAVVERITEL,20110803,149.9,149.9,142,146.1,144895
KBIL,20110803,720,735,710,735,28
KCP,20110803,26.15,27.45,25.85,26.5,52025
KCPSUGIND,20110803,15.25,15.45,15,15.25,22213
KEC,20110803,78.95,80,76.65,79.1,144449
KECL,20110803,43.85,46.45,43.1,44.6,15924
KEI,20110803,20.2,21.1,20.05,20.45,40613
KEMROCK,20110803,500.05,508.5,500.05,508,20649
KERNEX,20110803,108.7,108.7,102.3,105.15,78809
KESARENT,20110803,52.95,53.5,51.6,53,1179
KESORAMIND,20110803,143.2,143.2,138,138.6,742884
KFA,20110803,32,33.9,31.7,33.4,2456557
KGL,20110803,11.55,11.55,10.95,11,4202286
KHAITANELE,20110803,107.85,107.85,103,105.6,26
KHAITANLTD,20110803,26.65,26.65,26.65,26.65,7
KHANDSE,20110803,15.9,15.95,15.9,15.9,900
KICL,20110803,595,620,595,597.5,222
KIL,20110803,16,16,15.5,15.65,6027
KILITCH,20110803,68,70.75,67.75,68,160
KINETICMOT,20110803,16.8,17.45,16.8,17.35,14506
KIRIINDUS,20110803,170,186.45,165,177.8,248251
KIRLOSBROS,20110803,158,160.9,158,159.5,2357
KIRLOSENG,20110803,121.4,125,119.6,123.9,3832
KIRLOSIND,20110803,282.15,294.95,282.15,293.9,1176
KITPLYIND,20110803,4,4.25,3.85,4,18949
KKCL,20110803,750,770,730.15,743.25,8640
KLGSYSTEL,20110803,45,46.9,44.05,44.55,17402
KLRF,20110803,24.3,24.3,23.5,23.5,200
KMSUGAR,20110803,3.1,3.1,3.05,3.05,3170
KNRCON,20110803,127,132.6,124.2,125.6,17098
KOHINOOR,20110803,44.8,45.55,44.75,45.05,24575
KOLTEPATIL,20110803,42.1,43.55,42.1,43.25,16372
KOPRAN,20110803,25.4,25.4,23.75,24.1,107991
KOTAKBANK,20110803,450.55,463.6,450.5,458.6,1171038
KOTAKGOLD,20110803,2294.65,2340,2289.65,2328.2,24257
KOTAKNIFTY,20110803,548,556,546,555,4147
KOTAKPSUBK,20110803,394,400,392,397.2,751
KOTARISUG,20110803,6.25,6.55,6.05,6.15,7086
KOTHARIPET,20110803,7.6,7.75,7.5,7.6,7299
KOTHARIPRO,20110803,558.3,574,548.2,555.4,31999
KOUTONS,20110803,26.2,27.75,25.4,26.8,153642
KPIT,20110803,187,188,183.45,186.15,72844
KPRMILL,20110803,100,124.5,96.95,115.9,328381
KRBL,20110803,26.35,26.5,25.4,25.95,404290
KRISHNAENG,20110803,3.6,3.75,3.6,3.65,1097
KSBPUMPS,20110803,225,233.1,222,231.55,2326
KSCL,20110803,469.4,479,463.5,475.85,15223
KSE,20110803,229.85,233.5,229.85,230,527
KSERASERA,20110803,12.95,13.1,12.35,13,1782292
KSK,20110803,105.2,106.4,103.15,106,21036
KSL,20110803,67.5,68.8,66.4,67.9,56915
KSOILS,20110803,17.9,17.9,16.85,17.15,6231536
KTKBANK,20110803,110.8,110.85,109.25,110.4,265209
KWALITY,20110803,151,157.95,151,156.55,314498
LAKPRE,20110803,46,47.8,44.25,46.15,782
LAKSHMIEFL,20110803,29.3,29.3,28.1,28.3,77771
LAKSHMIMIL,20110803,1780,1825,1780,1825,15
LAKSHVILAS,20110803,116.5,116.5,111.7,113.65,99080
LANCOIN,20110803,38.5,38.5,37.1,37.35,20507
LAOPALA,20110803,103.8,111.3,103.8,106.1,35505
LAXMIMACH,20110803,2066,2090,2045.05,2080,25904
LCCINFOTEC,20110803,0.7,0.7,0.65,0.7,3899
LGBBROSLTD,20110803,290.5,295,287,288.05,3431
LGBFORGE,20110803,2.65,2.8,2.65,2.75,3072
LIBERTSHOE,20110803,94.4,95.5,93,94.6,35774
LICHSGFIN,20110803,204,210.6,199.9,209.65,3929884
LIQUIDBEES,20110803,1000,1000.01,999.99,1000,110390
LITL,20110803,17.1,18.8,16.65,18.6,37236619
LLOYDELENG,20110803,54.45,54.95,53.5,54.2,18457
LLOYDFIN,20110803,1.3,1.3,1.15,1.15,5103
LLOYDSTEEL,20110803,16,16.25,15.85,16.15,323432
LML,20110803,11.05,11.35,10.95,11.15,458660
LOGIXMICRO,20110803,15.55,16.85,15.45,16.05,3509
LOKESHMACH,20110803,41.95,43.45,41.95,43.15,1766
LOTUSEYE,20110803,10.5,11.45,10.35,10.8,5314
LOVABLE,20110803,395.35,413.45,390.7,406.95,660616
LPDC,20110803,2.55,2.8,2.55,2.7,8350
LT,20110803,1718,1718,1651,1658.75,2833569
LUMAXAUTO,20110803,38,38.1,36.1,36.6,807
LUMAXIND,20110803,329,330,323,328,2230
LUMAXTECH,20110803,180.05,183.9,180,180.85,2231
LUPIN,20110803,458.95,459,453,453.85,468632
LYKALABS,20110803,17,17.5,17,17.25,9838
M&M,20110803,715.3,720,701.45,708.9,1552260
M&MFIN,20110803,657.8,662.7,651.05,655.75,82715
M100,20110803,7.71,7.94,7.55,7.73,76457
M50,20110803,71,73.72,71,72.35,21692
MAANALU,20110803,56.1,56.5,56,56.5,774
MADHAV,20110803,17,18.35,17,17.5,700
MADHUCON,20110803,85.05,85.75,82.25,84.15,31617
MADRASCEM,20110803,88.15,90.4,88.15,89.6,22230
MADRASFERT,20110803,28.1,29.5,27.65,29.05,490235
MAGMA,20110803,75,75,73.1,73.45,5957
MAGNUM,20110803,5.4,5.4,5.2,5.35,7369
MAHABANK,20110803,53,54.2,53,54.05,106921
MAHINDFORG,20110803,69.7,74.4,69.1,73.95,80483
MAHLIFE,20110803,345.05,354.95,345.05,350.45,1818
MAHSCOOTER,20110803,345.15,349.9,345,345.35,202
MAHSEAMLES,20110803,375,379.9,371,376,6337
MAITHANALL,20110803,126.15,126.8,122.2,125.3,103
MALUPAPER,20110803,12.75,12.75,11.8,12,10640
MALWACOTT,20110803,30.2,34.95,30.2,30.9,4602
MANAKSIA,20110803,60.6,62,60.6,61.6,4897
MANALIPETC,20110803,12.75,13.1,12.5,13,83495
MANAPPURAM,20110803,56,56.25,54.9,55.85,481690
MANDHANA,20110803,201.5,202.7,199.05,200.6,51583
MANGALAM,20110803,13.4,13.55,13.4,13.5,1100
MANGCHEFER,20110803,31.5,33.3,31.45,32.15,1144468
MANGLMCEM,20110803,103,103,99.5,100.85,19147
MANGTIMBER,20110803,18.05,18.25,18,18.05,603
MANINDS,20110803,135,138.4,135,137.05,29996
MANINFRA,20110803,121.05,128,121.05,126.45,4606
MANJEERA,20110803,88,90.25,88,90.15,30
MANJUSHREE,20110803,73.15,74.45,72.2,74.45,635
MANUGRAPH,20110803,54,55.2,52.6,52.9,1531
MARALOVER,20110803,13.6,13.6,13.4,13.4,400
MARG,20110803,83.1,88,83.1,87.7,25120
MARICO,20110803,161.5,163.75,159.15,159.7,63118
MARUTI,20110803,1195.5,1221.65,1195.5,1212.3,428422
MASTEK,20110803,100,100.5,92.3,100.1,153905
MAWANASUG,20110803,20.1,21.5,20.1,21.35,3884
MAX,20110803,184,187.5,182.1,185,757825
MAXWELL,20110803,21.7,23.05,21.55,22.45,83191
MBECL,20110803,151.15,151.5,146.5,148.2,9114
MBLINFRA,20110803,144.15,151.7,144.15,150.65,1711
MCDHOLDING,20110803,79,80,77.8,78.35,8183
MCDOWELL-N,20110803,991,994.95,970,979.1,116892
MCLEODRUSS,20110803,262,263.75,253.4,262.7,536611
MEGASOFT,20110803,21.1,21.45,20.55,21.05,16587
MEGH,20110803,11.45,11.65,11.25,11.3,60250
MERCK,20110803,680,684,670,678.9,6221
MHRIL,20110803,364,372,363.5,369.5,3508
MIC,20110803,13.05,13.4,12.95,13.25,220966
MICROSEC,20110803,31.2,32.5,31,31.6,14897
MICROTECH,20110803,108.5,117.1,108.5,109.25,37305
MINDAIND,20110803,227,227,226.85,226.9,2
MINDTREE,20110803,413.5,424.85,403.75,418.5,59340
MIRCELECTR,20110803,20.75,20.8,19.7,20.5,114792
MIRZAINT,20110803,20.7,20.7,20.05,20.25,54320
MLL,20110803,35,35.55,34.6,35.3,391001
MMFL,20110803,108,112,108,111.25,3072
MMFSL,20110803,119.8,120.5,115.6,119,49968
MMTC,20110803,880,880,859.4,861.95,10575
MOIL,20110803,336.35,347,333,343.95,145313
MONNETISPA,20110803,480.25,496,480.25,486,17058
MONSANTO,20110803,1740,1757,1720,1728.8,1434
MORARJETEX,20110803,14.15,15.25,14.15,14.75,2040
MOREPENLAB,20110803,4.4,4.45,4.35,4.4,119036
MOSERBAER,20110803,35,35,33.5,33.65,586680
MOTHERSUMI,20110803,232.1,234.95,225.45,228.05,67021
MOTILALOFS,20110803,95.7,109,91.5,100.8,86143
MOTOGENFIN,20110803,48,48.35,46.25,46.65,3770
MPHASIS,20110803,451.7,452.5,442.1,448.25,96510
MRF,20110803,7021,7099,6952,7034.1,8534
MRO-TEK,20110803,14,14,12.8,13.5,7209
MRPL,20110803,75,76.7,73.65,76.15,742599
MSPL,20110803,54.75,54.75,51.35,52.5,48132
MTNL,20110803,43.95,45.95,43.8,45.3,589950
MUDRA,20110803,28.4,29.5,28.35,28.8,13975
MUKANDENGG,20110803,31,32,30.4,31.55,4191
MUKANDLTD,20110803,42.55,42.55,39.5,39.95,18447
MUKTAARTS,20110803,41,43.1,40,41.95,10144
MUNDRAPORT,20110803,139.4,144.3,137,142.7,1009315
MUNJALAU,20110803,142.7,146,142.7,145.9,3421
MUNJALSHOW,20110803,61.75,68.5,61,66.65,181931
MURUDCERA,20110803,17.55,18.2,17.5,17.75,13101
MUTHOOTFIN,20110803,179.95,188,177.5,186.25,614544
MVL,20110803,24.95,26.35,24.7,25.9,205265
MVLIND,20110803,14.75,14.75,14.5,14.65,2241
MYSOREBANK,20110803,599,604.5,586.5,595,1164
N100,20110803,100.54,103.7,98,99.68,1440
NAGARFERT,20110803,33.3,33.8,32.8,33.6,2320946
NAGREEKCAP,20110803,26.15,27,26.15,26.55,2052
NAGREEKEXP,20110803,21,21.9,20.2,21.5,284
NAHARCAP,20110803,59.75,60,58.85,59.4,943
NAHARINDUS,20110803,48,50.95,48,50.05,1872
NAHARPOLY,20110803,27.3,27.75,27.3,27.5,896
NAHARSPING,20110803,76.4,79.55,74,78.2,12348
NANDAN,20110803,2.5,2.55,2.5,2.55,15209
NATCOPHARM,20110803,273.15,276.2,269.1,273.25,16616
NATIONALUM,20110803,70.95,74.2,70,73.95,254059
NATNLSTEEL,20110803,17.15,17.9,16.55,16.8,46813
NAUKRI,20110803,735,756.95,735,750,114361
NAVINFLUOR,20110803,340,347.85,337.3,344.55,20211
NAVNETPUBL,20110803,64.2,65.5,64.05,65.1,84425
NBVENTURES,20110803,229.7,229.8,220.3,225.35,6429
NCC,20110803,67.55,69.25,65.1,68.6,488695
NCLIND,20110803,35.05,35.25,34.8,34.9,6482
NDTV,20110803,59.05,59.4,57.9,58.1,43538
NECLIFE,20110803,23,23.7,22.8,22.95,38130
NEHAINT,20110803,160.4,163.45,156,158.6,37837
NELCAST,20110803,103.05,105.4,100.15,102.85,5138
NELCO,20110803,68.5,68.5,65.9,67.2,44550
NEPCMICON,20110803,4.05,4.45,4,4.4,74776
NESCO,20110803,660.05,666.8,640,647.05,287022
NESTLEIND,20110803,4249.95,4300,4203.05,4243.15,7954
NET4,20110803,130,130,123.95,125.2,29561
NETWORK18,20110803,120,120.5,116.1,118.75,161507
NEULANDLAB,20110803,107.55,108.65,104.8,105.25,1831
NEXTMEDIA,20110803,6.3,6.6,6.05,6.2,21255
NEYVELILIG,20110803,95,96.5,94.05,95.85,94424
NFL,20110803,90,91.8,88.2,90.55,288883
NHPC,20110803,24.55,25.7,24.55,25.5,6833412
NIFTYBEES,20110803,552.1,557,549,553.83,60765
NIITLTD,20110803,52.5,52.5,51.3,51.95,98418
NIITTECH,20110803,221.1,227,220,222.4,117533
NILKAMAL,20110803,290,291,283.1,289.05,6299
NIPPOBATRY,20110803,401,404,397,401.3,1544
NISSAN,20110803,2.35,2.4,2.3,2.35,70951
NITCO,20110803,60.7,61.6,60,60.35,21765
NITESHEST,20110803,21,21.3,20.8,20.95,24565
NITINFIRE,20110803,110.2,110.2,108.05,108.55,113829
NITINSPIN,20110803,8,8,7.5,7.75,24828
NMDC,20110803,235.5,245.4,235.5,243.75,293303
NOCIL,20110803,17,17,16.55,16.7,237052
NOIDATOLL,20110803,25,25.55,25,25.4,198489
NOL,20110803,47.3,47.3,43.3,43.6,3002
NORBTEAEXP,20110803,6.05,6.35,5.95,6.05,8139
NORTHGATE,20110803,12.9,13.6,12.7,13.3,43410
NOVOPANIND,20110803,42.5,42.5,42.5,42.5,590
NRBBEARING,20110803,47,48.1,45.3,45.85,20298
NRC,20110803,5.3,5.65,5.3,5.65,3592
NSIL,20110803,721.15,768,721.15,765.75,473
NTPC,20110803,179.8,181.9,178,181.25,3171005
NUCENT,20110803,1.75,1.75,1.75,1.75,1
NUCHEM,20110803,3.8,3.85,3.6,3.75,9210
NUCLEUS,20110803,70.8,70.8,68.2,68.65,21053
NUMERICPW,20110803,245,256.7,240,243.1,15442
NUTEK,20110803,4.1,4.1,3.9,4.05,386593
OBEROIRLTY,20110803,233.45,237.95,232,235.25,3509
OCL,20110803,97.5,98.9,96.85,98.65,6773
OFSS,20110803,2104.65,2150,2020,2126.55,56565
OIL,20110803,1308,1308,1266,1300.45,20429
OILCOUNTUB,20110803,73.05,74.15,73.05,73.9,8737
OISL,20110803,54,55.5,53.25,55.05,78375
OMAXAUTO,20110803,41.3,44.3,41.3,43.35,22171
OMAXE,20110803,135.1,135.2,130.9,132.15,100690
OMKARCHEM,20110803,75.1,77,75,75.6,6045
OMMETALS,20110803,32,35.4,31.25,32.65,616
OMNITECH,20110803,143,149.4,140.25,144.4,25158
ONGC,20110803,274.25,280.55,273.1,277,3024825
ONMOBILE,20110803,87.9,87.9,82.7,85.5,533572
ONWARDTEC,20110803,38,38.75,37.2,38.3,2861
OPTOCIRCUI,20110803,295.95,295.95,288,289.7,199802
ORBITCORP,20110803,36.5,37,35.7,36.2,823243
ORCHIDCHEM,20110803,193.6,208,190.75,206.85,2781280
ORIENTABRA,20110803,30.15,31.25,30,30.25,56477
ORIENTALTL,20110803,8.65,8.85,8.6,8.65,1690
ORIENTBANK,20110803,342.85,342.85,334.1,337.5,333120
ORIENTCERA,20110803,56,56,52.25,53.55,2335
ORIENTHOT,20110803,30.5,30.55,29.1,29.55,15339
ORIENTLTD,20110803,80,81.9,74.1,76.55,3627
ORIENTPPR,20110803,58.05,60.25,57.15,59.55,113963
ORISSAMINE,20110803,49900,51387,49502.05,50840.25,1734
OUDHSUG,20110803,27.4,28.1,27.15,28.05,3010
PAEL,20110803,26.85,26.85,25.55,25.55,1469
PAGEIND,20110803,2230,2239.8,2125,2200.3,1695
PANACEABIO,20110803,161,168,160,166.2,6915
PANASONIC,20110803,116.6,120,116.25,116.25,12626
PANCARBON,20110803,141,145,140.55,142,577
PANORAMUNI,20110803,13.6,14,13.4,13.45,10762
PANTALOONR,20110803,328,328,307.3,321.05,1038055
PAPERPROD,20110803,87,93.25,85.35,89.6,302167
PARABDRUGS,20110803,34.4,35.1,34.1,34.7,17959
PARACABLES,20110803,3.15,3.35,3.15,3.35,19175
PARAL,20110803,242.6,248,242.6,245.45,4386
PARAPRINT,20110803,28.8,29.25,27.5,29.05,172488
PARASPETRO,20110803,0.55,0.55,0.45,0.5,93111
PAREKHPLAT,20110803,3.95,4,3.8,4,11045
PARSVNATH,20110803,46.6,46.6,45.95,46.25,172001
PATELENG,20110803,128.9,129.65,124.1,128,518499
PATINTLOG,20110803,31.3,32.2,31.3,32.2,2602
PATNI,20110803,305.1,321.45,300,318.4,129845
PATSPINLTD,20110803,15.65,15.65,12.1,13.45,15116
PBAINFRA,20110803,53.2,54.9,52.1,54.1,14714
PDUMJEIND,20110803,21.5,21.5,21.05,21.5,10801
PDUMJEPULP,20110803,20.9,21,20.6,20.8,4592
PEACOCKIND,20110803,2.7,2.8,2.7,2.8,8000
PENIND,20110803,38.9,40.5,38.4,40.05,11841
PENINLAND,20110803,49.75,53.5,48,52.95,307530
PEPL,20110803,2.8,2.8,2.8,2.8,8
PERIATEA,20110803,152.9,156,151,154.4,71
PERSISTENT,20110803,350.5,363.9,349.95,360.9,69558
PETRONENGG,20110803,368.25,375,368.25,374.4,14388
PETRONET,20110803,171,172,168.15,171.25,1166913
PFC,20110803,175.35,183.6,175.35,182.7,3139094
PFIZER,20110803,1500,1503,1475,1484.95,27918
PFOCUS,20110803,68.95,74.3,66.7,73.4,1304434
PFS,20110803,18.1,18.6,17.75,18.45,128920
PGHH,20110803,1900,1939.9,1872,1914.25,1491
PHILIPCARB,20110803,138.2,143.7,138.1,143.1,27216
PHOENIXLTD,20110803,210,219,205.05,218.65,38933
PIDILITIND,20110803,170.2,174.8,169.5,170.2,61755
PIIND,20110803,990,1019.95,926.6,1008.2,1667
PIONDIST,20110803,52.55,52.55,52.55,52.55,20
PIONEEREMB,20110803,16.35,16.35,16,16.3,1413
PIPAVAVYD,20110803,71.9,72.5,71.05,72,262061
PIRGLASS,20110803,141.1,142.5,137.85,138.8,51636
PIRHEALTH,20110803,379.9,385.5,365,382.05,89263
PIRLIFE,20110803,90.7,93.9,90.05,92,55570
PITTILAM,20110803,41.5,41.65,40.25,41.55,2936
PLASTIBLEN,20110803,204,204.5,203.05,203.05,85
PLETHICO,20110803,377.5,379.75,373,378.3,106875
PNB,20110803,1078.5,1101,1068.1,1093.85,256208
PNBGILTS,20110803,25.7,25.7,24.9,25.15,37068
PNC,20110803,14.5,15.95,14.5,15.4,3867
POCHIRAJU,20110803,15.2,15.2,14.5,14.6,9629
POLARIND,20110803,4.65,4.8,4.65,4.65,6826
POLARIS,20110803,168.85,173.9,166.05,173.1,330782
POLYPLEX,20110803,180.5,182.8,177.7,181.85,42118
PONDYOXIDE,20110803,30.8,31.75,30.75,31.5,9178
PONNIERODE,20110803,86,88,86,87.05,1015
POWERGRID,20110803,106.55,107.65,103.1,104.65,7200160
PPAP,20110803,100,102,98.05,99.45,2646
PRADIP,20110803,83.1,84.95,83,84.5,2488
PRAENG,20110803,10.5,10.9,10,10.05,366140
PRAJIND,20110803,78.7,84.75,78.35,84.05,3742850
PRAKASH,20110803,64.5,64.5,61.95,62.8,99095
PRAKASHSTL,20110803,136.2,140.95,136.2,139.2,6385
PRATIBHA,20110803,52.6,54.6,47.6,54,40733
PRECOT,20110803,146,149.95,145,146.05,13331
PRECWIRE,20110803,115.5,119.9,114,114.9,4328
PREMIER,20110803,86.25,93,83.75,84.3,3261
PRESTIGE,20110803,130.55,132,127.6,129.15,13535
PRETAILDVR,20110803,190,195,188,190.15,2462
PRICOL,20110803,18.8,19.25,18.25,18.9,25394
PRIMESECU,20110803,21,21.1,20.2,20.95,3621
PRISMCEM,20110803,44.8,45.7,44.3,45.15,27472
PRITHVI,20110803,27.1,27.55,26.3,26.8,8132
PROVOGUE,20110803,32.65,33.4,32.2,32.8,250513
PSB,20110803,89,91.3,87,90.5,181862
PSL,20110803,69.25,69.75,68.5,69.15,49846
PSUBNKBEES,20110803,380,422.95,377,385.12,651
PTC,20110803,72.95,74.45,71.2,73.8,765530
PTL,20110803,28.8,29,28.5,28.55,1254
PUNJABCHEM,20110803,86.9,87,84.5,85.75,560
PUNJLLOYD,20110803,67,68,65.3,67.4,2430561
PURVA,20110803,72,72.8,70.7,71.85,13994
PVP,20110803,7.8,8,7.5,7.75,51824
PVR,20110803,123.5,126.7,123,125.65,54667
QGOLDHALF,20110803,1140,1163.5,1139.65,1159.65,1739
QNIFTY,20110803,545,547.1,544.9,547.1,51
QUINTEGRA,20110803,3.5,3.65,3.35,3.4,15170
RADAAN,20110803,2.55,2.6,2.45,2.55,13083
RADICO,20110803,133.6,134.85,131.3,132.05,39704
RAINBOWPAP,20110803,59.7,60.95,59.4,60.5,3562761
RAINCOM,20110803,36.55,37.4,35.9,36.9,315187
RAJESHEXPO,20110803,108.3,109.85,106.05,108.9,482545
RAJOIL,20110803,26.05,28.5,26.05,28.2,34824
RAJPALAYAM,20110803,221,238.95,221,234.2,1366
RAJRAYON,20110803,11.25,11.65,11.25,11.65,104
RAJSREESUG,20110803,45,46.25,44,45.8,4634
RAJTV,20110803,48,49.9,47.2,49.4,25518
RAJVIR,20110803,141,145,125,139.9,1601
RALLIS,20110803,162.3,162.3,157,159.95,253219
RAMANEWS,20110803,14.5,14.6,13.6,14.35,5843
RAMCOIND,20110803,42.75,43.05,42.3,43,7668
RAMCOSYS,20110803,82,82,77.9,78.8,5029
RAMKY,20110803,308.9,308.9,297,298.65,4345
RAMSARUP,20110803,13.5,13.9,13.2,13.5,25871
RANASUG,20110803,5,5,4.9,5,155288
RANBAXY,20110803,562,563.4,550.3,554.95,442089
RANEENGINE,20110803,220,230,220,225,297
RANEHOLDIN,20110803,240,244.8,240,243.8,1235
RANKLIN,20110803,13.5,13.8,13.1,13.45,1052
RATNAMANI,20110803,104,105.5,102,102.1,13961
RAYMOND,20110803,363.75,374.4,360,371.65,330848
RBN,20110803,87,99.4,82.05,95,1765607
RCF,20110803,79,81.45,78.6,80.45,1821020
RCOM,20110803,97,99.25,96.1,98.6,4452055
RECLTD,20110803,206.5,206.5,202.45,203.55,2614748
REDINGTON,20110803,96,98.5,94,97.15,62260
REFEX,20110803,19,19.4,18.55,18.55,5511
REIAGROLTD,20110803,28.5,29,28.5,28.7,2065259
REISIXTEN,20110803,33,35.5,33,34.7,9656
RELAXO,20110803,310,310,295.5,300.05,3740
RELBANK,20110803,1014.9,1014.99,996.25,999,135
RELCAPITAL,20110803,530,539.45,522,536.2,1173437
RELGOLD,20110803,2247,2300,2236,2284.05,12139
RELGRNIFTY,20110803,530.5,538,530.5,537.79,113
RELIANCE,20110803,826.75,836.2,823.1,825.05,3219680
RELIGARE,20110803,442.3,457,442.3,450,1880
RELIGAREGO,20110803,2320,2387.95,2320,2371.45,632
RELINFRA,20110803,537.75,568,535.3,560.95,1127334
RELMEDIA,20110803,110.4,117.8,109.25,114.7,929012
RENUKA,20110803,68,68.85,67,68.55,3768227
REPRO,20110803,155,160.25,152.1,157.15,50514
RESPONIND,20110803,105.15,105.7,104,104.5,11452
RESURGERE,20110803,0.45,0.45,0.4,0.45,1533494
REVATHI,20110803,389.8,389.8,382.65,384,219
RICOAUTO,20110803,12.5,13.5,12.4,13.4,226527
RIIL,20110803,491.1,496.5,486.2,491.4,84132
RKDL,20110803,21.65,22.2,20.65,21.05,86045
RKFORGE,20110803,110,112,106.15,111.55,1405
RMCL,20110803,5.7,6.75,5.7,6.4,16369
RML,20110803,124,128.9,124,128.55,401
ROHITFERRO,20110803,35.9,35.9,34.65,35.3,96068
ROHLTD,20110803,61.45,63.8,60.5,61.6,9238
ROLTA,20110803,114,115.9,112.1,115.35,505416
ROMAN,20110803,25.1,25.1,23.1,24.65,1538
RPGLIFE,20110803,81.8,82.1,80.6,81.9,1420
RPOWER,20110803,110,111.4,109.05,110.6,1145603
RPPINFRA,20110803,74.5,77.9,74.1,74.75,38694
RSSOFTWARE,20110803,51.9,54.1,51.9,52.9,4979
RSWM,20110803,110.15,124.3,108.05,117.05,53955
RSYSTEMS,20110803,114.6,116,105.8,109.55,88199
RUBYMILLS,20110803,838,950.8,838,950.8,4037
RUCHINFRA,20110803,18.65,18.9,18.1,18.65,3353
RUCHIRA,20110803,9.65,10,9.6,10,2610
RUCHISOYA,20110803,95.45,96.8,88.8,94.7,340503
RUSHIL,20110803,137.95,146.7,135.85,145.4,4465997
SABTN,20110803,53.45,55.5,53.45,54.4,1400
SADBHAV,20110803,133.1,144,133.1,141.1,3429
SAGCEM,20110803,143.1,144.45,140,144.05,694
SAHPETRO,20110803,33,34.9,32.55,33.6,18261
SAIL,20110803,117.4,122,115.5,121.05,2751757
SAKHTISUG,20110803,31.95,32.35,31.2,31.65,59256
SAKSOFT,20110803,70.5,71.2,69.25,69.9,1934
SAKUMA,20110803,17,17,16.8,16.95,6814
SALONACOT,20110803,21.5,21.5,20.5,21,806
SALORAINTL,20110803,27.05,27.15,26.55,27.15,350
SALSTEEL,20110803,6.45,6.45,6.25,6.4,9633
SAMBANDAM,20110803,87,87,86,86.25,15
SAMBHAAV,20110803,1.3,1.5,1.3,1.35,3356
SANDESH,20110803,282.15,289.8,277,279.75,162
SANGAMIND,20110803,34,35.7,34,35.4,5793
SANGHIIND,20110803,14,14,13.15,13.45,17549
SANGHIPOLY,20110803,1.55,1.55,1.5,1.55,8742
SANGHVIFOR,20110803,27.9,29,27.75,29,20798
SANGHVIMOV,20110803,120,120,118.3,118.7,7035
SANWARIA,20110803,22.15,24.25,22.15,22.15,89940
SARDAEN,20110803,195.05,200,193,196.25,10991
SAREGAMA,20110803,69.8,71.8,66.3,67.8,37984
SARLAPOLY,20110803,105,108.9,105,108.9,100
SASKEN,20110803,106,108.9,103.2,108.3,74863
SATHAISPAT,20110803,48.6,50.3,48.1,49.95,6687
SATYAMCOMP,20110803,82.55,82.55,78,78.35,4953843
SAVERA,20110803,40,40,40,40,14
SBBJ,20110803,473.9,481.3,465.05,477.6,6316
SBIGETS,20110803,2325.65,2364.75,2325.65,2362.8,9264
SBIN,20110803,2250,2287.7,2248.45,2278.7,1210442
SBT,20110803,690,697.75,681.05,688.75,9411
SCI,20110803,100.5,101,99.2,100.55,195780
SEAMECLTD,20110803,105,113.55,104.9,113.55,14162
SEINVEST,20110803,13.85,14.9,13.85,14.45,105650
SELAN,20110803,330.65,335.9,323,330.4,42563
SELMCL,20110803,15.5,15.7,15.3,15.55,260684
SENTINEL,20110803,13.35,14.8,13.35,14.4,7700
SERVALL,20110803,7,7.55,6.9,7.3,100753
SESAGOA,20110803,259.7,269.9,256.5,268.15,3517941
SESHAPAPER,20110803,228,233.95,222,224.95,1462
SGFL,20110803,4.9,5.9,4.9,5.35,2102
SGJHL,20110803,170,177,165,168.35,211100
SGL,20110803,4.2,5.05,4.2,4.85,8187
SHAHALLOYS,20110803,12,12,11.7,11.9,1932
SHANTIGEAR,20110803,45.1,45.25,44.5,44.95,45061
SHARIABEES,20110803,120,120.45,118.3,120,174
SHARRESLTD,20110803,46.25,51,45,49.8,2154
SHASUNPHAR,20110803,76,76,73.5,75.25,30004
SHILPAMED,20110803,245,257,245,250.6,1216
SHILPI,20110803,16.05,16.25,15.8,15.95,26914
SHIV-VANI,20110803,200.9,200.9,195.55,198.05,24942
SHIVAMAUTO,20110803,119.55,119.55,117.05,117.5,165
SHIVTEX,20110803,28,30,28,28.9,894
SHLAKSHMI,20110803,78.3,78.3,75.2,76.15,38438
SHOPERSTOP,20110803,387,437.8,372,409.75,296367
SHPRE,20110803,5.6,5.95,5.5,5.55,3708
SHREEASHTA,20110803,4,4.8,3.9,4.7,7163608
SHREECEM,20110803,1738,1757.5,1725,1730.8,12304
SHREERAMA,20110803,5.15,5.25,5.1,5.1,7127
SHRENUJ,20110803,54.05,56.25,54.05,55.6,13714
SHREYANIND,20110803,18.85,20,18.85,20,505
SHREYAS,20110803,32,34.9,31.1,34.05,1725
SHRIRAMCIT,20110803,559,560,553,556.15,9452
SHRIRAMEPC,20110803,134,135.25,130.05,132.65,3864
SHYAMTEL,20110803,41,43.8,41,42.55,33715
SICAGEN,20110803,22,22.45,22,22.15,13256
SICAL,20110803,79.15,80.6,79.15,80.45,73039
SIEMENS,20110803,910,920,905.3,912.6,68970
SILINV,20110803,89,92.8,89,92.15,1195
SIMBHSUGAR,20110803,41.1,43.9,40.2,43.1,42773
SIMPLEX,20110803,100,104,99.85,103.9,325
SIMPLEXINF,20110803,295,304.95,287.3,300.2,1283
SINTEX,20110803,170.5,170.5,164.15,165.8,1050736
SIRPAPER,20110803,53,56.9,52,54.35,5303
SITASHREE,20110803,8,8.3,8,8.3,17213
SIYSIL,20110803,361,363.75,354.4,359.6,4267
SJVN,20110803,22,22.4,21.8,22,243318
SKFINDIA,20110803,649.95,660,647,658.85,35257
SKMEGGPROD,20110803,8.55,8.55,8.2,8.45,8363
SKSMICRO,20110803,369.95,395.1,360,389.15,957002
SKUMARSYNF,20110803,56.85,59.9,52.8,59,3234894
SMARTLINK,20110803,44.8,45.55,43,43.55,15848
SMLISUZU,20110803,376.5,376.8,370,371.05,322
SMOBILITY,20110803,108.9,109,102.35,106.65,19470
SMPL,20110803,8.8,9,8.5,8.65,130257
SMSPHARMA,20110803,188.25,188.25,186.05,186.4,144
SOBHA,20110803,250.5,264.95,248.1,262.95,47812
SOFTTECHGR,20110803,5.4,5.4,4.9,4.9,266
SOLARINDS,20110803,732,750,707,730.85,3606
SOMANYCERA,20110803,53,53,51.5,52.05,5721
SOMATEX,20110803,6.75,7.15,6.65,6.75,3874
SONASTEER,20110803,17.2,17.7,16.55,16.95,506676
SONATSOFTW,20110803,35.05,35.5,34,35.2,203894
SOTL,20110803,625,643,612.5,633.1,10671
SOUISPAT,20110803,8.05,8.1,8,8,58905
SOUTHBANK,20110803,23,23,22.55,22.7,2953391
SPANCO,20110803,115.45,130.5,115.45,130.05,28400
SPARC,20110803,91,92,88.8,89.75,138772
SPECTACLE,20110803,15.05,15.35,14.85,15,12616
SPENTEX,20110803,11.25,13.6,11.25,12.55,25224
SPIC,20110803,32.05,32.85,31.75,32.45,1062538
SPLIL,20110803,3.4,3.9,3.4,3.85,1059
SPMLINFRA,20110803,159.85,162.9,155.1,158.7,1920
SPYL,20110803,26.5,27,25.75,26,1305
SREINFRA,20110803,44.9,44.95,43.95,44.3,1003986
SRF,20110803,320.65,320.65,308.6,312.25,32069
SRGINFOTEC,20110803,0.5,0.6,0.5,0.6,14681
SRHHYPOLTD,20110803,42,43.35,41.55,42.65,588
SRICHAMUND,20110803,39,39,39,39,100
SRTRANSFIN,20110803,608,614.75,588.85,594.8,854842
SSWL,20110803,275,280.55,266.85,276.45,30284
STAR,20110803,367.95,367.95,362.5,364.85,42484
STARPAPER,20110803,23,23,22.6,22.6,842
STCINDIA,20110803,191.55,191.95,187.8,189.9,55854
STER,20110803,152.75,153.55,150.5,152.85,5735512
STERLINBIO,20110803,85.55,85.8,83.5,84.2,357921
STERTOOLS,20110803,118,119,116.5,119,843
STRTECH,20110803,51,51.25,49.6,51.05,261198
SUBEX,20110803,57.15,57.15,55.5,56.65,832985
SUDAR,20110803,110.35,112.25,104.3,105.8,328117
SUDARSCHEM,20110803,731.95,731.95,720,720,4
SUJANATOW,20110803,27.75,27.9,25.75,26.9,705117
SUJANAUNI,20110803,5.85,5.85,5.35,5.4,16483
SUMEETINDS,20110803,31.4,32,30.2,30.9,72361
SUMMITSEC,20110803,80.1,88.9,80.1,82.35,1478
SUNCLAYTON,20110803,145.1,149.75,143.05,147.7,1894
SUNDARAM,20110803,49.7,49.7,42.3,42.35,42963
SUNDARMFIN,20110803,541,549.9,535.05,544.2,4577
SUNDRMBRAK,20110803,157,166.1,157,163.05,878
SUNDRMFAST,20110803,57.3,58,56.1,56.65,19956
SUNFLAG,20110803,29.15,29.15,28,28.8,89244
SUNILHITEC,20110803,105,112.95,102.1,110,16994
SUNPHARMA,20110803,520.5,524.75,514.1,515.85,528450
SUNTECK,20110803,292,294.95,283,286.85,4308
SUNTV,20110803,302.55,307.95,297.35,306.45,929664
SUPER,20110803,201,204.9,195.25,202.05,1035
SUPERSPIN,20110803,9.1,9.3,9,9.05,28409
SUPPETRO,20110803,72.45,72.85,72.4,72.65,52900
SUPRAJIT,20110803,19.5,20.5,19.35,20,17874
SUPREMEIND,20110803,208,212,200.35,207.4,36901
SUPREMEINF,20110803,273,273,261.35,264.5,24178
SURAJDIAMN,20110803,49,49.5,48.6,49.25,22410
SURANACORP,20110803,95,97,95,95.2,110
SURANAIND,20110803,398,415.05,398,412.45,3715
SURANAT&P,20110803,15.15,15.75,15,15.65,14379
SURANAVEL,20110803,36.5,36.5,34.85,35.95,4814
SURYAJYOTI,20110803,27.5,27.95,27.3,27.6,4918
SURYALAXMI,20110803,63.1,64.55,61.9,62.05,4102
SURYAPHARM,20110803,19.1,19.25,18.6,18.8,102858
SURYAROSNI,20110803,75,77.5,75,75.8,7090
SUTLEJTEX,20110803,185,190,182.5,189.75,5361
SUVEN,20110803,17.8,18.75,17.8,18.6,33606
SUZLON,20110803,51.65,53.25,51.05,52.8,12522234
SWARAJENG,20110803,455,468.75,455,463.95,13889
SYMPHONY,20110803,1160.5,1160.5,1100,1153.55,1846
SYNCOM,20110803,16.1,18.25,16.1,17.85,36126
SYNDIBANK,20110803,115.05,117.4,115,116.65,310238
TAINWALCHM,20110803,36,36.15,34.3,36.15,70970
TAJGVK,20110803,96.8,96.95,95.25,96.25,31713
TAKE,20110803,38.45,39.35,37.9,38.45,291949
TALBROAUTO,20110803,51.5,52,51.15,52,1082
TALWALKARS,20110803,233.3,233.3,224.25,227.35,133870
TANFACIND,20110803,29.65,29.65,29.65,29.65,50
TANLA,20110803,13,13.35,12.55,12.95,200621
TANTIACONS,20110803,63.25,65.7,63,63.75,2969
TARAPUR,20110803,21,21,20.15,20.7,5742
TATACHEM,20110803,347.2,351.75,343.55,350.85,298317
TATACOFFEE,20110803,825,828,807.6,816.55,184529
TATACOMM,20110803,213.8,217.3,204.25,216.25,181205
TATAELXSI,20110803,229.2,232.9,227,230.8,33406
TATAGLOBAL,20110803,103.7,108.3,102.6,107.65,1327004
TATAINVEST,20110803,478,486,472.25,483.95,7083
TATAMETALI,20110803,87.1,89.9,82.65,88.6,192432
TATAMOTORS,20110803,945,945,921.3,928.15,1786057
TATAMTRDVR,20110803,535,535,523.05,526.75,377917
TATAPOWER,20110803,1263,1291.9,1255,1286.45,124124
TATASPONGE,20110803,324,327,321,322.55,7196
TATASTEEL,20110803,559.9,565.5,556,563.35,2350746
TCI,20110803,95,95,90,91.35,14433
TCIDEVELOP,20110803,181,198,181,189,64
TCIFINANCE,20110803,55.75,58.4,55.6,55.9,15492
TCS,20110803,1120,1125.7,1095.35,1110.35,1532123
TECHM,20110803,780,785.05,768.2,773.1,142769
TECHNO,20110803,228,233.5,226.75,228.9,45529
TECHNOFAB,20110803,134.5,140.75,126.95,136.15,3814
TECPRO,20110803,279.8,282,276.25,278.8,5844
TELEDATAIT,20110803,0.4,0.4,0.35,0.35,517642
TELEMARINE,20110803,0.7,0.8,0.65,0.75,24841
TEXMACOLTD,20110803,30.8,31.4,30.75,30.85,401741
TEXMOPIPES,20110803,47.7,47.7,44.8,45.05,210513
TEXRAIL,20110803,84.65,88.4,83.3,87.1,31323
TFCILTD,20110803,29.2,29.45,28.9,29.1,43783
TFL,20110803,19.95,19.95,19.95,19.95,37
THANGAMAYL,20110803,156,157,152.5,154.75,41667
THEMISMED,20110803,140.25,146.95,135.1,143.95,127
THERMAX,20110803,530,532.9,508.05,515.5,257468
THINKSOFT,20110803,46.1,46.95,45.2,45.35,162106
THIRUSUGAR,20110803,95.5,95.5,91,92.05,500
THOMASCOOK,20110803,47.85,48.2,47.3,47.5,94341
TI,20110803,42.95,48.6,41.35,46.05,1293825
TIDEWATER,20110803,7690,7994,7550,7591.8,10197
TIIL,20110803,46.2,47.85,45.3,45.95,21207
TIL,20110803,401.1,434.9,401.1,420.55,3450
TIMBOR,20110803,39.05,39.9,38.25,39,25039
TIMESGTY,20110803,33.2,33.2,33.2,33.2,25
TIMETECHNO,20110803,69.05,69.8,68.45,69.2,75817
TIMKEN,20110803,219.75,231.2,218,229.1,170194
TINPLATE,20110803,57.85,57.9,56.8,57.1,65787
TIPSINDLTD,20110803,27,27.95,26.25,27.4,3612
TIRUMALCHM,20110803,88,89.9,87.1,88.85,2333
TITAN,20110803,227.2,228.95,222,225.15,2320358
TNPETRO,20110803,16.15,16.25,16,16.15,51058
TNPL,20110803,115.6,115.6,114.3,115.25,89499
TODAYS,20110803,6.6,7.1,6.6,6.65,6694
TOKYOPLAST,20110803,16.55,16.55,16.55,16.55,84
TORNTPHARM,20110803,648,654.95,630,649.85,12951
TORNTPOWER,20110803,235.95,235.95,231.45,234.6,51345
TRENT,20110803,1191.1,1230,1185,1205.5,102594
TRF,20110803,365,365,355,359.2,13705
TRICOM,20110803,14.15,14.15,13.9,13.95,8104
TRIDENT,20110803,13.9,13.95,13.4,13.9,31603
TRIGYN,20110803,15.7,16,15.7,15.85,6484
TRIL,20110803,242.55,252,242.5,250.75,3031
TRIVENI,20110803,33,33.4,32.5,33.05,127017
TTKHEALTH,20110803,568,582.95,551.2,563.85,238321
TTKPRESTIG,20110803,2716,2828,2623,2796.25,227461
TTL,20110803,26,28,26,27.55,16136
TTML,20110803,20.55,21.55,20.15,21.4,4330986
TUBEINVEST,20110803,155,159.2,152.95,156.85,126159
TULIP,20110803,151.1,159.9,151.1,155.8,81954
TULSI,20110803,14.05,14.5,13.85,14.3,63637
TV18BRDCST,20110803,67,67.4,65.4,65.85,49367
TVSELECT,20110803,23.6,24.5,23.5,23.65,3998
TVSMOTOR,20110803,52.2,53.7,50.7,53.15,1659746
TVSSRICHAK,20110803,360,363,342.15,360.75,2821
TVTODAY,20110803,60.1,60.95,59.55,60,17893
TWILITAKA,20110803,47.55,50.4,47.55,50.05,17453
TWL,20110803,419.7,426.9,416.1,421.3,31789
UBENGG,20110803,69.1,69.1,66.05,66.95,35387
UBHOLDINGS,20110803,129,130.9,121.35,129.55,117459
UBL,20110803,474,476.9,468,470.65,75789
UCALFUEL,20110803,79,79,76.5,78.1,16790
UCOBANK,20110803,81.25,81.6,79.55,81.2,1015956
UFLEX,20110803,207.95,214.4,203,212,1092259
UGARSUGAR,20110803,14.4,14.65,14.05,14.35,10822
ULTRACEMCO,20110803,1024.95,1037.3,1024.9,1027.9,246388
UMESLTD,20110803,23,24.5,22.4,23.75,3830
UNICHEMLAB,20110803,140,157,138.5,145.85,264300
UNIENTER,20110803,30.35,30.4,28.5,29.1,5559
UNIONBANK,20110803,277.8,279.9,273.15,278.4,236273
UNIPHOS,20110803,162.3,162.3,157,157.95,842038
UNIPLY,20110803,12.9,13.05,12.75,12.9,5750
UNITECH,20110803,30.25,30.95,29.85,30.75,17246887
UNITEDBNK,20110803,91,92,89.6,90.05,50531
UNITEDTEA,20110803,133.9,133.9,125.3,133.75,106
UNITY,20110803,60.1,60.1,58,58.55,28632
UNIVCABLES,20110803,54.75,58.95,53.2,55.75,816
UPERGANGES,20110803,54,54,52.55,53,284
USHAMART,20110803,40.5,42.75,40.25,42,627227
USHERAGRO,20110803,134.25,137.8,129.65,135.75,644672
UTISUNDER,20110803,823.6,898,783,872.5,39
UTTAMSTL,20110803,99.1,100.7,97.35,99,25055
UTTAMSUGAR,20110803,33,35,33,34.4,5366
UTVSOF,20110803,956.05,962.7,950.1,957.35,65165
VADILALIND,20110803,149.65,151.5,147.45,150.05,4381
VAIBHAVGEM,20110803,41.5,43.15,41.5,42.25,2379
VAKRANSOFT,20110803,390,392.95,390,390.6,4686
VALECHAENG,20110803,79.5,79.5,77.1,78.15,14710
VALUEIND,20110803,18.45,18.9,18.45,18.55,7182
VARDHACRLC,20110803,9.95,10.1,9.85,9.9,20507
VARDMNPOLY,20110803,105.9,106.7,105,106.1,37728
VARUN,20110803,245.5,250.4,243.9,249.9,108015
VARUNSHIP,20110803,23.15,23.15,22.45,22.85,53625
VASCONEQ,20110803,62.6,67.6,62.6,63.6,4434
VENKEYS,20110803,572.15,592.5,559.95,578.3,71216
VENUSREM,20110803,247,247,230,241.45,50797
VESUVIUS,20110803,385,388.5,374,383.85,4530
VGUARD,20110803,228,233,210.45,231.45,148990
VHL,20110803,411.1,411.1,411.1,411.1,8
VICEROY,20110803,34.3,34.3,32.35,33.25,49792
VIDEOIND,20110803,185,187.6,183.5,186.75,242846
VIJAYABANK,20110803,61,62.2,59.7,61.7,1868708
VIJSHAN,20110803,17,17.8,17,17.2,2668
VIKASHMET,20110803,12,12.05,12,12,74700
VINATIORGA,20110803,70.95,71,69.2,70.35,3441
VINDHYATEL,20110803,167,167,154.5,164,4922
VINYLINDIA,20110803,11.1,12.35,11.1,11.75,559
VIPIND,20110803,763.2,794.4,763.2,785.05,633940
VIPUL,20110803,11,11.15,10.35,10.7,24389
VISAKAIND,20110803,97,98,95.05,97.1,3408
VISASTEEL,20110803,58,58.45,57.75,57.85,37724
VISESHINFO,20110803,7.95,7.95,7.5,7.7,2967
VISHALRET,20110803,29,29.9,28.4,29.25,50966
VISUINTL,20110803,2.55,2.8,2.55,2.7,7976
VIVIMEDLAB,20110803,293,293.5,287,290.1,13572
VLSFINANCE,20110803,12.55,13.2,12.55,12.75,15404
VOLTAMP,20110803,496,503,490.5,500.6,13666
VOLTAS,20110803,132.7,133.8,128.3,131.6,1119217
VSTIND,20110803,1182,1194,1153.05,1159.9,13220
VSTTILLERS,20110803,545,545,521.2,530.3,329
VTL,20110803,201.55,211,198.05,202.1,1783936
VTXIND,20110803,16.75,17.45,16.75,17.1,2446
WABAG,20110803,1270,1286,1270,1282.25,510
WABCO-TVS,20110803,1246.1,1287.65,1236.1,1261.95,573
WALCHANNAG,20110803,109,111.25,105,110.3,38665
WANBURY,20110803,27.3,28.6,27.3,28.05,1356
WEBELSOLAR,20110803,60,60.45,58.75,58.9,2195
WEIZFOREX,20110803,80,90,80,88.25,7609
WEIZMANIND,20110803,12.1,12.1,11.25,11.8,5156
WELCORP,20110803,149,151.7,145.8,151.3,236758
WELINV,20110803,60,61.9,60,61.9,66
WELPROJ,20110803,57.1,60.7,57.1,58.25,24825
WELSPUNIND,20110803,39.45,39.45,37.25,37.65,78091
WENDT,20110803,1851,1876,1815,1828.05,917
WHEELS,20110803,272,284.6,272,272.5,667
WHIRLPOOL,20110803,211,221.25,209.05,219.55,101393
WINSOMYARN,20110803,3.5,3.5,3.25,3.5,25628
WIPRO,20110803,379,385,376,381.2,1265118
WOCKPHARMA,20110803,457.75,472,437,441.6,1093635
WSI,20110803,18.85,18.95,18.05,18.5,1484
WSTCSTPAPR,20110803,82.5,83.4,81.1,81.65,11622
WWIL,20110803,8,8.05,7.85,7.95,627206
WYETH,20110803,990,1009,963.25,1001.3,1284
XLENERGY,20110803,8.1,8.6,8.1,8.15,30968
XPROINDIA,20110803,55.15,56,53.75,55.05,16060
YESBANK,20110803,300,308,291.2,306.95,1300616
ZANDUREALT,20110803,1970,1986.9,1952.05,1964.3,641
ZEEL,20110803,127.2,127.8,125.4,126.6,696208
ZEELEARN,20110803,20.5,21.6,20.1,21.25,344962
ZEENEWS,20110803,12.55,12.95,12.55,12.8,454499
ZENITHBIR,20110803,5.9,5.9,5.7,5.75,364341
ZENITHCOMP,20110803,16.55,17,16.55,16.6,2715
ZENITHEXPO,20110803,52.6,52.6,52.6,52.6,250
ZENITHINFO,20110803,195,199,195,197,96
ZENSARTECH,20110803,139,141.45,133.15,139.3,5847
ZICOM,20110803,38.75,43,38.15,41.25,193151
ZODIACLOTH,20110803,367.15,374,354.05,362.9,343
ZODJRDMKJ,20110803,24.1,24.2,24.1,24.2,1200
ZUARIAGRO,20110803,658,674.8,655,669.55,4760
ZYDUSWELL,20110803,595,612,589.95,598.45,18977
ZYLOG,20110803,415.25,425.9,413.35,422.15,243702
NSENIFTY,20110803,5402.00,5422.60,5378.85,5404.80,133223864,5339.25
NIFTYJUNIOR,20110803,10735.45,10758.35,10621.40,10740.35,62563370,1709.65
BANKNIFTY,20110803,10647.90,10686.40,10545.15,10639.55,13896656,1214.35
NSEMIDCAP,20110803,7905.05,7905.05,7802.00,7884.65,134532170,1438.82
NSEIT,20110803,6232.25,6232.25,6170.95,6217.35,11766669,589.53
NSE100,20110803,5316.25,5325.90,5286.40,5313.95,195787234,7048.90
NSE500,20110803,4363.45,4365.45,4334.70,4359.30,472824239,9499.19
MIDCAP50,20110803,2350.25,2359.50,2321.25,2356.45,113548622,1227.58
VIX,20110803,19.15,19.99,18.98,19.48,19.15,0.33
