20MICRONS,20110704,47.95,50,46.55,47.9,6437
3IINFOTECH,20110704,47.6,48.05,47.15,47.55,664523
3MINDIA,20110704,4150.05,4259,4150.05,4247.35,610
A2ZMES,20110704,254.8,263,251.4,261.6,772284
AANJANEYA,20110704,370.25,384.7,370.25,374,600292
AARTIDRUGS,20110704,135,135,130,131.25,4866
AARTIIND,20110704,48,50,48,49.75,29906
AARVEEDEN,20110704,50.5,51.5,50.1,51.4,1097
ABAN,20110704,515,540,500.45,536.6,2351721
ABB,20110704,856,873.8,856,859.4,93563
ABBOTINDIA,20110704,1441.25,1504.95,1441.25,1473.85,953
ABCIL,20110704,129.4,132.75,123.65,131.25,25081
ABGSHIP,20110704,361.75,371.7,358.5,370.5,499092
ABHISHEK,20110704,14.15,14.5,13.8,14,1141
ABIRLANUVO,20110704,904,923.9,904,909.75,38688
ACC,20110704,969.85,969.85,949.05,953.7,278793
ACE,20110704,48.5,48.7,48.05,48.3,52547
ACKRUTI,20110704,200.1,204.5,198,200.5,146338
ACROPETAL,20110704,17.3,17.65,17,17.05,584084
ADANIENT,20110704,703.95,716.5,702.45,708.5,151311
ADANIPOWER,20110704,110.25,111.25,109.7,109.9,490511
ADFFOODS,20110704,67.05,69.9,67,68.75,17954
ADHUNIK,20110704,83.65,84.8,83.65,84.1,22217
ADORWELD,20110704,175.8,176.1,172.7,175.9,1618
ADSL,20110704,41.5,43.2,41.5,43.2,80510
ADVANIHOTR,20110704,36,36.85,36,36,3520
ADVANTA,20110704,261,264.8,257.65,261.25,108266
AEGISCHEM,20110704,224.2,227.95,220.2,221.6,9879
AFL,20110704,42.5,42.5,41.65,41.75,1341
AFTEK,20110704,14.15,14.75,14.05,14.25,202504
AGCNET,20110704,165.2,172,165.2,166.8,268
AGRE,20110704,51.4,52.35,50.1,51.55,111667
AGRODUTCH,20110704,11.7,11.75,11.45,11.75,40602
AHLEAST,20110704,305.25,323,305,308.5,396
AHLUCONT,20110704,112.45,116,111.25,115.35,12685
AHLWEST,20110704,193.5,196.95,190.95,195.8,1325
AHMEDFORGE,20110704,116,122.5,116,121.35,172757
AIAENG,20110704,376.9,380,363,367.3,4759
AJANTPHARM,20110704,305.8,306.95,303,304.8,6866
AJMERA,20110704,148.6,158.9,148.6,155.75,84043
AKSHOPTFBR,20110704,6.8,6.9,6.75,6.85,44666
AKZOINDIA,20110704,900,938,899.5,919.95,13844
ALBK,20110704,197.5,199.5,195.5,198.55,508944
ALCHEM,20110704,230.05,231.7,229,229.25,105160
ALEMBICLTD,20110704,19.2,19.7,19.1,19.55,41975
ALFALAVAL,20110704,1500,1534.95,1500,1521.1,2459
ALKALI,20110704,52.65,53.3,51.7,52.5,19546
ALKYLAMINE,20110704,80.15,85,80.15,84.05,1009
ALLCARGO,20110704,177,177,168.1,169.7,1440
ALLSEC,20110704,19,19.35,17.5,19.15,2110
ALMONDZ,20110704,27.75,27.75,27,27.05,505
ALOKTEXT,20110704,26.25,26.35,25.85,26,4744272
ALPA,20110704,10,10.25,9.6,9.7,2921
ALPHAGEO,20110704,100.45,101.9,98,99.3,2774
ALPSINDUS,20110704,3.6,3.6,3.35,3.35,27377
AMAR,20110704,100.4,100.4,96.5,97,149524
AMARAJABAT,20110704,225,227.5,222.75,226.8,17893
AMARJOTHI,20110704,63.1,63.1,63.05,63.05,745
AMBIKCO,20110704,173.1,184,173.1,180.85,4095
AMBUJACEM,20110704,131.15,132.25,128.7,129.2,1398298
AMDIND,20110704,18.4,19.9,15.25,17.3,3109
AMLSTEEL,20110704,15.25,15.9,15.25,15.5,949
AMRUTANJAN,20110704,731.5,738,724,727.35,44918
AMTEKAUTO,20110704,164.75,164.75,160.3,161.2,151360
AMTEKINDIA,20110704,84.5,86.85,84.5,85.35,222414
ANANTRAJ,20110704,63.7,73.75,63.3,70.9,2049146
ANDHRABANK,20110704,133.5,135.5,133,134.6,1013286
ANDHRACEMT,20110704,11.4,11.45,11,11.2,79802
ANDHRSUGAR,20110704,97,97.5,95.75,96.85,13453
ANGIND,20110704,23.45,23.65,22,23.65,8133
ANIKINDS,20110704,37.6,38.7,36.8,38.7,309
ANKURDRUGS,20110704,42.2,42.2,41,41.25,38738
ANSALAPI,20110704,42.8,45.3,42.5,45.05,431235
ANSALHSG,20110704,41.5,43.3,40.35,42.75,11281
ANTGRAPHIC,20110704,0.25,0.3,0.25,0.3,31860
APARINDS,20110704,239.9,239.9,223,227.45,5807
APCOTEXIND,20110704,180,181.75,173.65,177.4,1728
APIL,20110704,528.2,543,522.5,536.7,280330
APOLLOHOSP,20110704,481.6,503.7,477,497.15,104209
APOLLOTYRE,20110704,79.65,80.35,78.1,79,1359693
APPAPER,20110704,372.35,373,368,370.5,55199
APTECHT,20110704,95.65,97.75,94.65,95.5,291958
AQUA,20110704,15.85,16.2,15.7,16,189240
ARCHIDPLY,20110704,13.8,14,13.25,13.7,2380
ARCHIES,20110704,41,41,40.35,40.5,19118
AREVAT&D,20110704,261.5,263.9,258.1,260.95,71898
ARIES,20110704,107,107.5,103.35,104.5,3845
ARIHANT,20110704,57.95,60,56,57.7,731
ARL,20110704,2.35,2.35,2.3,2.3,75588
AROGRANITE,20110704,38.85,41,38.85,41,917
ARROWTEX,20110704,12.5,12.75,12,12.25,3559
ARSHIYA,20110704,147.5,149.75,142.25,143.95,40135
ARSSINFRA,20110704,451.7,456,447,450.85,224968
ARVIND,20110704,83,84.15,82.25,82.75,1625518
ASAHIINDIA,20110704,82.9,83.75,81.4,82.75,21057
ASAL,20110704,68.25,68.25,66.4,66.75,3607
ASHAPURMIN,20110704,20.75,20.8,19.85,20,70350
ASHCONIUL,20110704,2.7,2.8,2.7,2.75,953
ASHIANA,20110704,142.05,150,138.05,146.4,6531
ASHOKA,20110704,261.5,278,261.5,274.9,2812
ASHOKLEY,20110704,48.6,49.95,48.2,49.8,3116929
ASIANELEC,20110704,10,10.45,9.95,10,53839
ASIANHOTNR,20110704,212.5,221.55,212.45,216.95,3425
ASIANPAINT,20110704,3341.15,3368.8,3283.55,3296.65,94565
ASIANTILES,20110704,43.75,44.95,43,43,25303
ASIL,20110704,2.65,2.65,2.6,2.6,1000
ASSAMCO,20110704,15.15,15.9,14.95,15.6,520234
ASTEC,20110704,41,41.55,40.1,40.1,43745
ASTERSILI,20110704,23,23.55,22.75,23.15,12683
ASTRAL,20110704,189.3,193.95,186,189.05,5217
ASTRAMICRO,20110704,29,30.9,29,30.55,201297
ASTRAZEN,20110704,1288.25,1299.9,1280,1289.3,273
ATFL,20110704,391,391,383.2,386.45,2487
ATLANTA,20110704,84.35,86.2,84,84.6,244959
ATLASCYCLE,20110704,268.75,279,268.05,272.75,144657
ATNINTER,20110704,1.1,1.25,1.1,1.2,1702
ATUL,20110704,181.95,188,180,185.9,45852
AURIONPRO,20110704,164,164,154,155.35,4391
AUROPHARMA,20110704,172,176.9,170.6,174.95,807548
AUSOMENT,20110704,40.5,40.5,40.5,40.5,1000
AUSTRAL,20110704,2.75,2.8,2.7,2.75,283535
AUTOAXLES,20110704,427,429,424,424,501
AUTOIND,20110704,169,169,160.1,166,75871
AUTOLITIND,20110704,22,22.5,22,22.4,7135
AVENTIS,20110704,2046.6,2050,2025,2030.4,50315
AVTNPL,20110704,267,273.7,265.4,268,30101
AXIS-IT&T,20110704,81,89.8,81,84.1,36910
AXISBANK,20110704,1323.9,1337.7,1312.55,1334.2,878836
AXISGOLD,20110704,2158.95,2167,2150,2153.1,305
BAGFILMS,20110704,6.95,7.05,6.9,6.95,59432
BAJAJ-AUTO,20110704,1452.8,1452.8,1420,1424.45,176103
BAJAJCORP,20110704,118,120,116.15,116.8,15604
BAJAJELEC,20110704,247.7,266,245.3,259.4,214818
BAJAJFINSV,20110704,516,524.9,511.1,517.25,101731
BAJAJHIND,20110704,72.25,74.95,72.25,74.35,1587444
BAJAJHLDNG,20110704,735,744.9,735,741.1,135012
BAJFINANCE,20110704,621,635,621,628.6,19118
BALAJITELE,20110704,32.45,32.65,32.3,32.5,30358
BALAMINES,20110704,38,39.8,38,39.55,10393
BALKRISIND,20110704,160,161.4,156.05,156.75,8477
BALLARPUR,20110704,33.5,33.55,32.5,32.75,122237
BALMLAWRIE,20110704,608,615,603.6,613.25,4524
BALPHARMA,20110704,28,29.4,27.7,27.9,1032
BALRAMCHIN,20110704,63,65.5,63,65.05,2504108
BANARISUG,20110704,576,594.85,575,593.85,827
BANCOINDIA,20110704,72,72.7,71.25,72.55,6517
BANG,20110704,37,37,35.45,35.9,41116
BANKBARODA,20110704,879.95,889,871.1,883.8,228123
BANKBEES,20110704,1142,1150,1139,1143.64,631
BANKINDIA,20110704,423.9,423.9,415,415.6,413155
BANSWRAS,20110704,130.15,130.6,130,130,1242
BARTRONICS,20110704,63.75,63.75,62.65,63.05,78633
BASF,20110704,623,625.9,617.25,620.75,4106
BASML,20110704,86.5,89,85.95,88.35,1246
BATAINDIA,20110704,615,617.75,605.7,611.15,951677
BATLIBOI,20110704,21,21.45,21,21,2972
BAYERCROP,20110704,840.6,894,840.6,889.65,8959
BBL,20110704,875,895.55,875,886.75,1999
BBTC,20110704,405,424,404.1,416.15,3866
BECREL,20110704,11.25,12.15,11.2,11.3,450
BEDMUTHA,20110704,125.5,136.9,125.5,133.1,944486
BEL,20110704,1635,1663,1626,1659.8,59683
BELLCERATL,20110704,13.8,15,13.65,14.95,337
BEML,20110704,594,598.75,588,594.45,38182
BEPL,20110704,29,31.9,29,29.95,5645
BERGEPAINT,20110704,100.8,103.2,98.35,99.55,237192
BFINVEST,20110704,62.55,65.4,60.95,63.8,9860
BFUTILITIE,20110704,686.9,708.45,685.4,704.7,332698
BGRENERGY,20110704,470.25,478.5,469.1,474.25,347912
BHAGWATIHO,20110704,104.4,106.3,102.2,103.1,77992
BHAGYNAGAR,20110704,19.5,22,19.5,20.2,118261
BHARATFORG,20110704,307,313.8,306.2,310.85,623000
BHARATGEAR,20110704,56.45,57.1,55.6,56.75,2306
BHARATRAS,20110704,114,114.8,114,114.8,555
BHARTIARTL,20110704,385.5,388.3,383,384.3,3974708
BHARTISHIP,20110704,130.75,132,129.05,130.45,159796
BHEL,20110704,2068.8,2075,2032,2047.05,254302
BHUSANSTL,20110704,440.05,444.7,439.25,441.85,170357
BIL,20110704,55.05,59,55.05,57.05,16744
BILENERGY,20110704,25.9,29.25,24.3,28.9,222711
BILPOWER,20110704,93,94.8,93,93.7,973
BIMETAL,20110704,319,319,300.25,310.35,465
BINANIIND,20110704,171,173.4,169,169.9,33183
BINDALAGRO,20110704,91.4,91.75,90.15,90.8,241516
BIOCON,20110704,365,368.75,361.6,363.8,303908
BIRLACORPN,20110704,336.5,339.95,334.1,335.65,595
BIRLACOT,20110704,0.45,0.45,0.4,0.4,13824228
BIRLAERIC,20110704,15.45,15.5,14.75,15.1,2549
BIRLAMONEY,20110704,21.35,21.35,20.55,20.75,8774
BIRLAPOWER,20110704,0.85,0.85,0.8,0.8,4312582
BLBLIMITED,20110704,5.5,5.5,5.2,5.5,16367
BLISSGVS,20110704,21.3,21.3,20.7,20.85,19955
BLKASHYAP,20110704,19.45,19.7,19,19.45,57323
BLUECHIP,20110704,1.2,1.2,1.1,1.1,5939
BLUEDART,20110704,1490,1520,1465,1505.45,9223
BLUESTARCO,20110704,305.05,313.9,305,310.25,10760
BLUESTINFO,20110704,95.8,97.9,92.5,95.8,17343
BOC,20110704,275.95,293.8,274.4,287.9,29958
BOMDYEING,20110704,371.7,374.15,366.8,368.5,269391
BOSCHLTD,20110704,6899.9,6948,6881.3,6920.65,6084
BPCL,20110704,647.85,651.2,637,646.95,292775
BPL,20110704,25.9,26.05,24.4,24.65,35622
BRANDHOUSE,20110704,20.7,21.3,20.45,21.1,131257
BRFL,20110704,285.2,287.2,284.15,285.7,35698
BRIGADE,20110704,72.2,73.8,71.6,73.35,44747
BRITANNIA,20110704,491.9,497.5,485.25,487.25,59786
BROADCAST,20110704,10,10.1,10,10.05,1851
BSELINFRA,20110704,4.85,5.05,4.85,5,153074
BSL,20110704,22.5,25.85,22.5,24.95,5451
BSLGOLDETF,20110704,2200,2200,2190,2200,19
BSTRANSCOM,20110704,139.7,142.2,135.5,136.05,31936
BURNPUR,20110704,7.45,7.7,7.4,7.5,8528
BVCL,20110704,17.5,17.7,17.3,17.65,562
CADILAHC,20110704,942.5,947,928.9,931,28356
CAIRN,20110704,325,329.7,321.55,323.7,1978418
CALSOFT,20110704,31.5,32,30.6,30.8,380
CAMLIN,20110704,72.1,72.6,71.7,71.8,50503
CANBK,20110704,531.5,543,526.45,539.95,895049
CANDC,20110704,113.8,116.9,110.1,113.9,69148
CANFINHOME,20110704,110.2,120.55,109.1,113.1,830521
CANTABIL,20110704,31.85,33.15,31.5,32.85,28169
CARBORUNIV,20110704,293,297.25,291,296.55,4679
CAROLINFO,20110704,172,178,172,175.45,1891
CASTROL,20110704,545,562.45,537.1,554.7,584930
CCCL,20110704,32.1,34.4,32.1,33.7,36605
CCL,20110704,205,209.8,203.6,205.5,13669
CEATLTD,20110704,110,110.1,106.3,106.95,138455
CEBBCO,20110704,37,37.5,35.6,36.6,203949
CELEBRITY,20110704,9.1,9.8,9.1,9.25,7288
CELESTIAL,20110704,30,31.25,30,30.95,6923
CENTENKA,20110704,185,186,180.2,183.5,74261
CENTEXT,20110704,3.5,3.55,3.4,3.45,22610
CENTRALBK,20110704,127.5,128.35,126.15,127.85,685107
CENTUM,20110704,85.6,90,85.6,90,110
CENTURYPLY,20110704,65.2,66.4,65.2,66,11435
CENTURYTEX,20110704,368,376,368,369.95,758131
CERA,20110704,217.85,222,208,215.2,22185
CESC,20110704,297,307.65,296.05,302.6,464294
CHAMBLFERT,20110704,80.25,81.5,79.05,80.95,1698294
CHEMFALKAL,20110704,48,48.65,48,48,1283
CHEMPLAST,20110704,7.1,7.15,6.95,7.05,78054
CHENNPETRO,20110704,230,230.95,227,229.35,59384
CHESLINTEX,20110704,12.4,13,12.2,12.9,5503
CHETTINAD,20110704,447.85,450,435.1,449.95,7950
CHOLAFIN,20110704,157,161.3,157,159.7,9483
CILNOVA,20110704,16.4,17,16.1,16.75,10933
CINEMAX,20110704,35.75,35.8,34.25,35.35,41824
CINEVISTA,20110704,3.6,3.75,3.6,3.7,3113
CIPLA,20110704,327.55,332.8,327.55,329.95,569271
CLASSIC,20110704,11.85,12.1,11.5,11.95,13761
CLNINDIA,20110704,750,767.5,745.05,765.15,2117
CMAHENDRA,20110704,248,252.95,244.3,246.65,39626
CMC,20110704,1138,1148.95,1136.1,1140.45,3852
COALINDIA,20110704,386.95,396.2,386.95,395.1,1683417
COLPAL,20110704,1000,1032.5,1000,1026.3,165069
COMPUAGE,20110704,100,100,100,100,550
CONCOR,20110704,1087.45,1149,1070.15,1128,21289
CONSOFINVT,20110704,72.45,72.45,68.75,69.25,4265
CORAL-HUB,20110704,5.95,6.25,5.9,6.05,7380
CORDSCABLE,20110704,35.9,37.5,34.75,36.55,18014
COREPROTEC,20110704,301,301.95,299.55,300.45,5556
COROMANDEL,20110704,348.25,348.25,338.3,339.75,96020
CORPBANK,20110704,526.95,530.5,522,524.3,100158
COSMOFILMS,20110704,110,112.65,110,111.85,70276
COX&KINGS,20110704,188,197.65,188,196.4,183951
CPIL,20110704,334,337,332.1,333.35,6094
CREATIVEYE,20110704,5.8,5.85,5.6,5.8,9524
CRESTANI,20110704,56,56,52.1,52.4,19183
CREWBOS,20110704,93.95,97,93.6,95.55,74126
CRISIL,20110704,7070,7080,6950,7002.8,719
CROMPGREAV,20110704,266.8,270,264.5,267.6,1866152
CRONIMET,20110704,120.1,128.45,120.1,123.05,16242
CTE,20110704,9.5,9.8,9.3,9.3,7361
CUB,20110704,45.1,47.6,45,46.7,936991
CUMMINSIND,20110704,680.15,684.15,677.7,680,35468
CYBERMEDIA,20110704,20.5,20.5,20,20.5,1190
CYBERTECH,20110704,14.3,14.3,13.45,13.45,13098
DAAWAT,20110704,51.1,52.8,50.5,52.55,161328
DABUR,20110704,117.2,118,116.25,116.7,788850
DALMIABEL,20110704,169,169,160.5,163.2,94
DALMIASUG,20110704,17,17.35,16.8,16.95,232551
DATAMATICS,20110704,29.95,29.95,28.4,28.95,5065
DBCORP,20110704,230.35,235,230.35,232.1,7553
DBREALTY,20110704,70.3,71.35,70,70.2,354177
DCB,20110704,60.55,61.35,59.75,60.55,2978869
DCHL,20110704,71.3,72.5,69.2,70.25,1319948
DCM,20110704,87.9,93.5,87.85,92.2,352662
DCMSRMCONS,20110704,45.5,45.9,44.25,44.95,448579
DCW,20110704,11.15,11.3,11,11.2,90741
DECCANCE,20110704,143.5,143.5,143.5,143.5,29
DECOLIGHT,20110704,6.8,7.25,6.8,7.25,9798
DEEPAKFERT,20110704,167.25,167.85,161.4,163.6,72072
DEEPAKNTR,20110704,185.05,187,185.05,187,30
DEEPIND,20110704,79,80.3,74,76.15,470030
DELTACORP,20110704,102.9,105.45,102.05,103.6,5987913
DELTAMAGNT,20110704,38.95,43.05,38.95,43.05,781
DEN,20110704,89,89,86.05,86.85,74760
DENABANK,20110704,91.25,92.8,91.1,91.7,1729884
DENORA,20110704,91,91,89.5,90.15,680
DENSO,20110704,70.9,71.65,69.5,71.15,1963
DEWANHOUS,20110704,225.3,228.1,222.6,223.6,70867
DHAMPURSUG,20110704,56.6,60,56.6,59.5,673799
DHANBANK,20110704,116,118.8,115.75,118.1,263464
DHANUKA,20110704,91,91,88,89,40203
DHARSUGAR,20110704,32.2,34.85,32.1,34,38756
DHUNINV,20110704,75,76.5,73,75,955
DIAPOWER,20110704,162.5,168,162,166,24967
DICIND,20110704,257,258,249,250.25,4018
DIGJAM,20110704,10.9,11.8,10.9,11.65,23681
DISHMAN,20110704,91.7,93.7,90.95,92.5,113585
DISHTV,20110704,97,97,90.7,92.1,3330103
DIVISLAB,20110704,798.5,803.7,792.2,793.75,147285
DLF,20110704,224.2,235.3,223,233.6,15308187
DLINKINDIA,20110704,27.4,27.55,26.55,26.9,10341
DOLPHINOFF,20110704,123.95,126,123,124.55,12179
DONEAR,20110704,24,24.5,23.75,24.5,696
DPSCLTD,20110704,2000,2090,2000,2021.4,200
DPTL,20110704,151.4,154,150,153.3,6809
DQE,20110704,42.1,44.25,41,41.1,121471
DREDGECORP,20110704,317.9,317.9,304,304.9,17722
DRREDDY,20110704,1530.1,1567.8,1530.1,1558.75,214465
DSKULKARNI,20110704,59.75,62.2,58.8,61.95,45923
DUNCANSIND,20110704,14.55,15.75,14.55,15.65,66296
DWARKESH,20110704,70.4,74.25,70.35,72.5,57878
DYNAMATECH,20110704,1530,1593.9,1490.25,1504.9,1582
DYNASYS,20110704,0.7,0.75,0.65,0.7,11611
EASTSILK,20110704,7.6,7.9,7.55,7.85,8641
EASUNREYRL,20110704,75.4,76,74,75,12233
ECEIND,20110704,126.5,127.95,121.2,122.75,5879
ECLERX,20110704,839,845.05,826.5,839.9,7337
EDELWEISS,20110704,34,34.3,33.6,33.8,196321
EDL,20110704,98,105.45,98,102.8,56985
EDSERV,20110704,135.5,138.15,135.05,135.95,189830
EDUCOMP,20110704,398.7,411,398.7,406.5,1902996
EICHERMOT,20110704,1319,1330,1300.05,1310.05,8220
EIDPARRY,20110704,258.1,261.55,249,254.2,90926
EIHAHOTELS,20110704,139,140.4,136.15,136.95,693
EIHOTEL,20110704,87,87.55,85.3,86.05,85237
EIMCOELECO,20110704,244,244,222.8,227.7,484
EKC,20110704,91.8,94,84.95,93.3,267151
ELDERPHARM,20110704,384.7,387.4,381.35,384.5,73566
ELECON,20110704,70.45,72.3,68.35,71.8,321159
ELECTCAST,20110704,29.3,29.95,29.3,29.6,118360
ELECTHERM,20110704,169.75,172.2,162.3,169.55,10843
ELFORGE,20110704,11.7,11.9,10.95,11.55,14518
ELGIEQUIP,20110704,81.15,81.5,80,80.45,7049
ELNET,20110704,34,35.95,34,34.85,5144
EMAMIINFRA,20110704,36,37.5,36,37.15,75170
EMAMILTD,20110704,504,519.85,490,492.35,29981
EMCO,20110704,49.95,51.75,49.15,51.2,81835
EMKAY,20110704,46.45,46.6,43.2,44.05,6059
EMMBI,20110704,12.95,13.35,12.8,12.9,20641
EMPEESUG,20110704,26.75,28.3,26.75,27,19648
ENERGYDEV,20110704,35.95,35.95,33.4,33.8,17155
ENGINERSIN,20110704,281.4,292,278.1,280.05,302653
ENIL,20110704,256.1,265.5,256.1,263.75,139551
ENTEGRA,20110704,22.85,23.7,22.8,23.15,19098
ERAINFRA,20110704,170.7,171.5,170.1,170.9,151685
EROSMEDIA,20110704,187.4,195.4,178.1,192.1,472361
ESABINDIA,20110704,495,495,485.55,488,10756
ESCORTS,20110704,115.9,116.9,114.85,115.75,459951
ESL,20110704,8.2,8.5,8.2,8.35,104131
ESSAROIL,20110704,123,126,122.8,125,527440
ESSARPORTS,20110704,99,101.75,98.05,99,13894
ESSDEE,20110704,359.9,367,357.2,363.35,4449
ESSELPACK,20110704,45.5,46.4,45.3,45.8,64791
ESTER,20110704,48.8,49.5,48.25,48.85,49308
EUROCERA,20110704,24,24.45,23.55,23.65,4223
EUROMULTI,20110704,10.5,10.7,10.25,10.65,4500
EUROTEXIND,20110704,21.05,23.85,21.05,23.4,1139
EVEREADY,20110704,38.75,41,38.2,40.5,215765
EVERESTIND,20110704,161.35,163.95,160,161.65,12031
EVERONN,20110704,528,558,526.7,548.15,623916
EVINIX,20110704,1,1,0.95,1,150285
EXCELCROP,20110704,177.4,177.4,166,167.4,30865
EXCELINDUS,20110704,80.25,82.45,80.25,81.9,2237
EXCELINFO,20110704,25.35,25.95,25,25.1,442814
EXIDEIND,20110704,163.6,163.9,161,161.9,831794
FACT,20110704,38,39.6,38,39.2,24110
FAGBEARING,20110704,1198,1215,1171.05,1180.7,740
FAME,20110704,50.25,50.25,48.55,48.85,1395
FARMAXIND,20110704,3.9,4.05,3.8,3.95,128545
FCH,20110704,144.9,151.85,142.8,146.35,461355
FCSSOFT,20110704,0.8,0.85,0.8,0.85,882736
FDC,20110704,92.05,93,91.55,91.95,45314
FEDDERLOYD,20110704,73.75,74.95,73.75,74.8,8377
FEDERALBNK,20110704,450.4,460,450.4,456.5,616840
FIEMIND,20110704,151.5,154.45,151.25,151.3,1918
FINANTECH,20110704,871,902,865.3,887.2,211868
FINCABLES,20110704,46.95,47.75,46.95,47.2,40220
FINPIPE,20110704,75.35,77.35,75.35,76.85,70201
FIRSTLEASE,20110704,97.8,98.65,94.5,95.7,96551
FIRSTWIN,20110704,15.2,16.95,15.2,16.85,1709
FKONCO,20110704,131.9,134.25,129.8,132.05,32643
FMGOETZE,20110704,274,279,267,277.55,3411
FORTIS,20110704,161.8,165.3,161.05,164.55,308687
FOSECOIND,20110704,548,548,537,541.2,127
FOURSOFT,20110704,13.3,13.7,13.25,13.35,45683
FSL,20110704,19.95,19.95,18.55,18.65,3611588
FUTUREVENT,20110704,9.15,9.25,9,9.05,1815302
GABRIEL,20110704,48.95,49.7,48.95,49.3,17107
GAEL,20110704,28,28.75,27.85,28.55,14211
GAIL,20110704,457,462.5,450.55,460.5,1151043
GAL,20110704,14.6,14.6,11.8,12.05,1383597
GALLANTT,20110704,16.55,16.6,15.85,16.15,4661
GALLISPAT,20110704,90.4,91.95,89.75,90.05,151292
GAMMNINFRA,20110704,13.75,14.2,13.75,14,138959
GAMMONIND,20110704,95.85,95.85,93.5,94.3,29749
GANDHITUBE,20110704,117.35,120.05,117.35,120.05,107
GANESHHOUC,20110704,141.7,141.7,136.6,137.55,1298
GANGOTRI,20110704,6.35,6.6,6.1,6.4,8636
GARDENSILK,20110704,95.4,103,94,96.75,77641
GARWALLROP,20110704,62.9,63,60,61.4,40306
GATI,20110704,63.25,63.65,62.5,62.7,55159
GDL,20110704,127,128.8,125.35,126.65,20435
GEECEE,20110704,36.3,37.1,35.7,35.95,21539
GEINDSYS,20110704,175,175,170.1,171,8954
GEMINI,20110704,25.8,26,23.5,23.7,79261
GENESYS,20110704,262.5,263.5,258.55,261.25,30373
GENUSPOWER,20110704,18.05,18.6,17.5,18.45,202038
GEODESIC,20110704,72,72.4,71.55,72.2,134603
GEOJITBNPP,20110704,24.7,24.7,23.7,23.9,104960
GEOMETRIC,20110704,51,52,50.25,51.8,175645
GESHIP,20110704,286,293.55,281,292.35,52262
GHCL,20110704,38.6,39.1,38.25,38.95,23650
GICHSGFIN,20110704,112,114.9,111.4,113.1,806968
GILLANDERS,20110704,105,107.8,103.5,106.8,4192
GILLETTE,20110704,2164.9,2175,2086,2140.2,5572
GINNIFILA,20110704,9.35,9.35,8.95,9.1,15789
GIPCL,20110704,76.25,77.5,74.3,76.35,37030
GISOLUTION,20110704,12.25,12.5,11.4,12.15,1311
GITANJALI,20110704,302.85,310.8,300.1,304.65,1243214
GKB,20110704,43.95,45,41,43.5,260
GKWLIMITED,20110704,480,498,480,496.5,64
GLAXO,20110704,2365,2365,2332,2356.1,6655
GLENMARK,20110704,321.55,324.3,311,312.65,563163
GLFL,20110704,3.15,3.6,3.15,3.45,20551
GLOBALVECT,20110704,22.95,22.95,21.85,22.45,417
GLOBOFFS,20110704,112,119,112,116.15,1696
GLOBUSSPR,20110704,141,144.9,141,142.3,34218
GLODYNE,20110704,340,342.9,333.9,335.25,44281
GMBREW,20110704,111.35,111.4,108,109.25,9923
GMDCLTD,20110704,156.8,158.1,153.55,155.35,256015
GMRINFRA,20110704,33.2,33.8,33,33.6,3308672
GNFC,20110704,98.55,99.9,98,98.8,59757
GOACARBON,20110704,87,92.4,87,91.35,15363
GODFRYPHLP,20110704,2998,2998,2820,2844.05,2581
GODREJCP,20110704,433,436.8,429.05,431.6,178213
GODREJIND,20110704,211.85,212.75,207.25,208.8,648854
GODREJPROP,20110704,740,772,737.25,748.6,23763
GOENKA,20110704,58.6,60.4,58.1,58.75,16309
GOKEX,20110704,96.6,98.7,94.4,95.7,417
GOKUL,20110704,91.85,92,90.1,90.95,35299
GOLDBEES,20110704,2109,2109.9,2099.2,2100.9,75151
GOLDENTOBC,20110704,71.65,72.15,71.25,71.6,1820
GOLDIAM,20110704,35.55,36,35.5,36,350
GOLDINFRA,20110704,18.1,18.35,18,18.05,6261
GOLDSHARE,20110704,2112.85,2114,2100,2101.65,12913
GOLDTECH,20110704,7.25,7.5,7.2,7.5,10074
GPIL,20110704,160.9,165,159.1,161.55,28413
GPPL,20110704,65.95,66.5,64.9,65.6,29496
GRANULES,20110704,86.5,86.5,80.35,83.45,3493
GRAPHITE,20110704,92,92,89.9,90.55,188963
GRASIM,20110704,2128,2150,2115,2145.9,43936
GRAVITA,20110704,360.5,381.4,359.1,373.3,336266
GREAVESCOT,20110704,88.5,88.75,86.4,88.15,33013
GREENPLY,20110704,186.05,188.8,183.6,184.45,4647
GREENPOWER,20110704,19,19,17.25,17.4,303865
GRINDWELL,20110704,239.45,240,237.75,239.15,4077
GRUH,20110704,444,444,433.05,437.1,9373
GSFC,20110704,359.8,366.9,355,361.05,73481
GSKCONS,20110704,2454.95,2480,2436,2465.45,11476
GSLNOVA,20110704,3.6,3.65,3.45,3.5,3584
GSPL,20110704,90.8,93.2,90,92.75,2719995
GSSAMERICA,20110704,160.9,172,160,169,48106
GTL,20110704,99.25,99.4,93.05,94.1,9661929
GTLINFRA,20110704,15.9,16.2,15.55,15.6,3510137
GTNIND,20110704,13.15,15.45,13.15,15.05,1883
GTNTEX,20110704,14.05,16.05,14,14.6,3066
GTOFFSHORE,20110704,216,224.9,213.05,222.6,88457
GUJALKALI,20110704,149.95,154.5,145.05,148.7,190684
GUJAPOLLO,20110704,138.6,139.5,136,137.65,2266
GUJFLUORO,20110704,400,400,391.3,392.75,60613
GUJNRECOKE,20110704,48.15,48.9,47.7,48.05,669392
GUJNREDVR,20110704,26.2,27.5,26,26.65,20099
GUJRATGAS,20110704,395,396.5,383.1,385.3,37309
GUJSIDHCEM,20110704,10,10,9.55,9.7,761426
GULFOILCOR,20110704,86.5,89.9,86,88.95,120553
GVKPIL,20110704,20.15,20.6,20.1,20.3,4895786
HALONIX,20110704,76.2,76.65,75.65,76.35,865
HANUNG,20110704,155,155.95,151.25,152.3,340570
HARITASEAT,20110704,70.05,70.05,70.05,70.05,4
HARRMALAYA,20110704,73.05,75.3,72.75,74.6,77840
HATHWAY,20110704,123.7,124.7,120.1,121.85,743144
HAVELLS,20110704,387,389.9,385,386.6,181657
HBLPOWER,20110704,18.3,18.65,18.3,18.45,16427
HBSTOCK,20110704,12.65,13,12.65,13,2050
HCC,20110704,32.9,33.8,32.6,33.55,3053448
HCIL,20110704,42.05,43.7,41.5,42.05,607349
HCL-INSYS,20110704,88.1,90.85,88.1,89.95,42575
HCLTECH,20110704,500,501,497.05,498.9,148205
HDFC,20110704,708,710,696.8,700.75,1268259
HDFCBANK,20110704,2535,2542,2512.4,2532.2,716168
HDFCMFGETF,20110704,2168,2169.8,2146.3,2148.3,2771
HDIL,20110704,166,169.75,165.8,166.7,4557357
HEG,20110704,236.6,236.8,234.1,234.75,9917
HEIDELBERG,20110704,38.65,38.65,37,37.4,58673
HELIOSMATH,20110704,31.2,31.25,30.75,30.95,9514
HERCULES,20110704,248,256.5,248,250.3,78649
HERITGFOOD,20110704,190.05,197.7,190.05,194.6,213
HEROHONDA,20110704,1912,1920,1889.25,1898.35,190595
HEXAWARE,20110704,72.45,73.9,70.8,73.4,1202565
HFCL,20110704,16.6,17.7,16.3,17.25,3268341
HGSL,20110704,400,402.9,392.05,398.9,1802
HIKAL,20110704,289.15,300,289.15,294.05,388
HILTON,20110704,17.65,17.7,17.3,17.4,1750
HIMATSEIDE,20110704,32.7,33.5,32.5,32.7,19121
HINDALCO,20110704,189,190.85,185.35,190.25,6927024
HINDCOMPOS,20110704,480,480.5,480,480,173
HINDCOPPER,20110704,288,288,267.55,271.25,107227
HINDDORROL,20110704,57.45,58.3,56,57.8,186749
HINDMOTORS,20110704,16.3,17.4,16.2,17.15,286540
HINDNATGLS,20110704,206.45,209.7,204.05,205.45,1403
HINDOILEXP,20110704,179.75,184.5,177.15,183.25,847197
HINDPETRO,20110704,394,398.3,388.4,393.75,635049
HINDUJAFO,20110704,76,76,72,75.15,671
HINDUJAVEN,20110704,294.5,294.5,288.55,292.1,1480
HINDUNILVR,20110704,341,341,335.55,336.45,1767312
HINDZINC,20110704,137.5,138.9,136.3,138.05,1009689
HIRECT,20110704,49.25,50.5,48.6,49.25,2533
HITACHIHOM,20110704,197.1,198,192.65,193.75,22436
HITECHGEAR,20110704,116,116,111.3,113.6,255
HITECHPLAS,20110704,90,90.9,89.05,89.85,403
HMT,20110704,60.8,61.05,59.9,60.2,125162
HMVL,20110704,137.35,138.75,136.6,137.05,1227
HNGSNGBEES,20110704,1340,1410,1340,1400.19,585
HOCL,20110704,33,33.35,32.8,33.1,34980
HONAUT,20110704,2600,2600,2560.05,2582.75,437
HONDAPOWER,20110704,399.05,402,388.5,389.85,2846
HOTELEELA,20110704,41,42,41,41.9,332466
HOTELRUGBY,20110704,8.75,9.55,8.7,9.55,300
HOVS,20110704,85.9,91,85.9,88.4,14815
HSIL,20110704,180.35,182.3,176,180.45,56424
HTMEDIA,20110704,170,170,166.55,168.15,304316
HYDRBADIND,20110704,388.95,397.95,388.95,394.95,11874
HYDROS&S,20110704,23.4,23.4,20.6,20.95,3373
IBN18,20110704,77,80,76.6,79.45,88602
IBPOW,20110704,18.8,18.9,18.35,18.45,171842
IBREALEST,20110704,117.2,119.8,117.2,118.15,1807318
IBSEC,20110704,13.65,14,13.55,13.7,757181
ICICIBANK,20110704,1110,1111.8,1095.25,1099.75,1801299
ICIL,20110704,12,12.4,11.7,12.4,252
ICRA,20110704,1105,1119.45,1092.2,1093.55,487
ICSA,20110704,101,107.45,99.55,105.8,519276
IDBI,20110704,135.5,137.3,135.5,136.65,1171543
IDEA,20110704,79.5,79.5,77.9,78.85,1200889
IDFC,20110704,136.4,139.45,136.1,137.95,9419206
IFBAGRO,20110704,77.5,79.1,76.5,77.85,1842
IFBIND,20110704,119.5,119.8,114.85,116,24410
IFCI,20110704,48.5,48.9,47.65,48.65,10175470
IFGLREFRAC,20110704,33.95,33.95,32.25,32.75,14963
IGARASHI,20110704,47.95,48.45,46.5,46.7,3326
IGL,20110704,386.25,392.2,386.25,388.65,93171
IGPL,20110704,24.55,26.9,24.55,25.1,2707
IL&FSENGG,20110704,150,151.8,121,145.2,25767
IL&FSTRANS,20110704,216.5,219.7,210,215.05,74991
IMPAL,20110704,670.2,670.2,662,664,732
IMPEXFERRO,20110704,9.85,9.95,9.6,9.65,2780
INDBANK,20110704,10.55,10.65,10.45,10.5,19753
INDHOTEL,20110704,79,80.9,78.55,80.55,549672
INDIABULLS,20110704,170.8,173.3,166.6,168.05,620278
INDIACEM,20110704,73,74.9,72.1,72.3,792973
INDIAGLYCO,20110704,130.7,133.5,130,132.15,74790
INDIAINFO,20110704,87.6,88,86.5,87.2,565717
INDIANB,20110704,214.45,221.4,213.3,218.55,628619
INDIANCARD,20110704,105,109,105,109,635
INDIANHUME,20110704,127.3,133,127.3,131.55,1496
INDLMETER,20110704,92,96,90.1,91.6,11402
INDNIPPON,20110704,250.1,253,250.1,251.6,230
INDOASIFU,20110704,79.1,81.85,78.5,81.35,20497
INDOCO,20110704,432,440,430,438.7,2096
INDORAMA,20110704,44.8,46.7,43.5,43.8,42347
INDOSOLAR,20110704,14.8,15.65,14.4,15.1,539155
INDOTECH,20110704,136.3,136.3,133.3,134.15,4767
INDOWIND,20110704,25.65,26.2,24.9,25.5,529697
INDRAMEDCO,20110704,40,40,35.45,36.15,25402
INDSWFTLAB,20110704,95.9,100,94.65,98.6,239689
INDSWFTLTD,20110704,29.85,31,29.85,30.8,25361
INDUSFILA,20110704,20.4,20.8,19.95,20.5,36893
INDUSINDBK,20110704,277.65,283.5,276.5,282.15,1797799
INEABS,20110704,623,639.95,621,623.5,4155
INFINITE,20110704,124.9,126,123.5,125.05,6253
INFODRIVE,20110704,13.8,14.35,13.55,13.55,8526
INFOMEDIA,20110704,14.7,16.55,13.85,16.05,1742727
INFOTECENT,20110704,139.55,140.95,138.7,139.15,2523
INFRABEES,20110704,308.75,308.75,308.5,308.5,9
INFY,20110704,2966.65,2977,2935,2938.95,514324
INGERRAND,20110704,473.95,476,466.75,469.9,5473
INGVYSYABK,20110704,348.1,349.7,336.95,343.05,119337
INNOIND,20110704,90.5,92.9,90.5,92,18277
INOXLEISUR,20110704,42.6,42.85,42,42.65,140151
INSECTICID,20110704,336.15,342,334.3,335.65,44356
IOB,20110704,144.4,146,143.3,144.7,385443
IOC,20110704,338.75,341.4,336.7,337.95,354561
IOLCP,20110704,34.2,34.4,30.25,34.15,1618
IOLN,20110704,6.2,6.75,6.2,6.2,14503
IPCALAB,20110704,338.6,344.9,338,344.05,15701
IPGETF,20110704,2195,2195,2161.1,2164.85,382
IPRINGLTD,20110704,74.65,76.9,74.65,76.9,152
IRB,20110704,175.7,181,174.45,179.55,1220004
ISFT,20110704,61.25,62.95,60.55,62.35,4690
ISMTLTD,20110704,42.3,42.75,42,42.5,57233
ISPATIND,20110704,19.9,20.2,19.75,19.9,1551767
ITC,20110704,203.1,204.1,198.25,198.75,5927595
ITDCEM,20110704,159.95,163.5,159.25,163.3,312
ITI,20110704,32,33.35,32,32.75,654466
IVC,20110704,34.8,36,33.3,33.75,102077
IVP,20110704,48.8,48.8,45.15,45.3,418
IVRCLAH,20110704,46.55,46.75,45,45.9,130849
IVRCLINFRA,20110704,71.6,72.9,71.6,72.25,1262018
J&KBANK,20110704,858,858,835,840.7,26427
JAGRAN,20110704,125.4,129.6,120.8,121.95,339059
JAGSNPHARM,20110704,15.95,15.95,14.1,14.3,3951
JAIBALAJI,20110704,180.2,187.5,180.2,184.45,31832
JAICORPLTD,20110704,124.4,129.7,123.8,127.7,967452
JAINSTUDIO,20110704,9.85,9.9,9.45,9.85,1413
JAMNAAUTO,20110704,120.4,125,120,124.95,1685
JAYAGROGN,20110704,86.7,86.7,80,83,8282
JAYBARMARU,20110704,74.95,77.4,74.95,76.1,788
JAYNECOIND,20110704,22.05,23.05,22.05,22.8,44361
JAYSREETEA,20110704,162.35,170.45,162.2,169.2,119011
JBCHEPHARM,20110704,133,136,131.7,133.35,134052
JBFIND,20110704,163.1,164.6,163.1,163.45,25774
JCTEL,20110704,1.25,1.25,1.15,1.25,45926
JENSONICOL,20110704,4.75,4.8,4.6,4.75,26885
JETAIRWAYS,20110704,474,489,474,483.55,796528
JHS,20110704,54.35,60.4,52.25,54.45,306785
JIKIND,20110704,7.6,7.8,7.35,7.45,5969
JINDALPHOT,20110704,169.8,172.95,165.65,168.4,209944
JINDALPOLY,20110704,308.7,318.65,300.1,301.8,713434
JINDALSAW,20110704,172.45,172.45,161.1,162.25,195865
JINDALSTEL,20110704,658,660.15,648.05,649.1,1128477
JINDALSWHL,20110704,997,1014.95,992.55,1006.45,25187
JINDCOT,20110704,105.1,106.4,104,104.5,101894
JINDRILL,20110704,462.3,472,456.5,459.05,9009
JINDWORLD,20110704,190,197,188,192.9,178738
JISLJALEQS,20110704,174.85,178.5,174.3,177.75,748980
JKCEMENT,20110704,108.9,110.85,106.2,108.15,8597
JKIL,20110704,135,141,135,140.35,2845
JKLAKSHMI,20110704,43.1,45.75,43.1,43.65,97452
JKPAPER,20110704,47.1,48.5,47.1,48,98851
JKTYRE,20110704,102.4,104,98.7,100.3,539413
JMCPROJECT,20110704,160,167,160,165.45,38063
JMFINANCIL,20110704,23.15,23.45,22.45,22.6,865644
JMTAUTOLTD,20110704,78.8,78.8,66,70,1076
JOCIL,20110704,255,261.75,252,254.1,1764
JPASSOCIAT,20110704,82,83.3,82,82.7,6559659
JPINFRATEC,20110704,57.35,58.3,55.05,55.7,223056
JPPOWER,20110704,47.85,48.55,47.5,47.75,165375
JSL,20110704,99.5,99.5,97.05,97.45,14601
JSWENERGY,20110704,67.8,68.6,67.3,68.05,358889
JSWSTEEL,20110704,888,892.85,876.75,881.45,1061833
JUBILANT,20110704,195,204.8,195,201.4,316136
JUBLFOOD,20110704,862.5,864.9,806,811,3240363
JUBLINDS,20110704,185.9,187.4,182.5,183.8,28673
JUMBO,20110704,18.85,19.05,18.25,18.9,3065
JUNIORBEES,20110704,112.5,114.1,112.5,113.48,16518
JUPITER,20110704,19.9,20.35,19.9,20.1,216876
JVLAGRO,20110704,20.05,21,20.05,20.8,809
JYOTHYLAB,20110704,218.8,218.8,209.5,212.05,30533
JYOTISTRUC,20110704,85.4,85.9,84.5,84.85,164190
KABRAEXTRU,20110704,60.25,64,57.25,58.1,355126
KAJARIACER,20110704,101.95,101.95,97.5,99.1,193396
KAKATCEM,20110704,69.45,70.95,68.6,69,848
KALECONSUL,20110704,84.8,86.8,84,84.9,54161
KALINDEE,20110704,107.5,109.5,107.2,108.05,166737
KALPATPOWR,20110704,125.5,131.35,125.1,129.85,47860
KAMATHOTEL,20110704,97,98.55,95.8,96.2,3565
KANDAGIRI,20110704,100,100,96.9,96.9,51
KANORICHEM,20110704,51,52.55,49.95,52.55,53174
KANSAINER,20110704,929,929,915,920.65,30949
KARURKCP,20110704,37,38.95,37,37.4,2001
KARURVYSYA,20110704,406.15,413.15,405,410.75,24294
KAUSHALYA,20110704,9.4,9.85,9.4,9.65,8948
KAVVERITEL,20110704,158,158,154,157.05,73868
KBIL,20110704,612,634.95,600.05,605.1,436
KCP,20110704,25.25,25.65,25.2,25.3,20386
KCPSUGIND,20110704,15.9,16.35,15.8,16,90760
KEC,20110704,80.5,81.35,79.75,80.15,188392
KECL,20110704,40.85,44.3,40.85,43.75,4937
KEI,20110704,22,22.9,21.8,22.35,84993
KEMROCK,20110704,517.65,521.9,516,518.7,56237
KERNEX,20110704,96.1,99.6,96,97.4,46694
KESARENT,20110704,45.2,48.1,45.2,47,529
KESORAMIND,20110704,170,172.85,168,168.55,160399
KFA,20110704,40.85,41.35,40.1,40.75,1841548
KGL,20110704,11.7,12,11.6,11.85,708104
KHAITANELE,20110704,111.9,111.9,110.95,111,11102
KHAITANLTD,20110704,26.65,29,26.65,29,20
KHANDSE,20110704,20,20,17.8,18.7,1394
KICL,20110704,650,685,650,650.25,1134
KIL,20110704,17.05,17.85,17.05,17.4,3003
KILITCH,20110704,51,53,51,51,1020
KINETICMOT,20110704,19.45,19.6,18.75,19.05,14541
KIRIINDUS,20110704,212.9,215.95,210.35,211.6,18638
KIRLOSBROS,20110704,158.15,161.7,156.2,160.45,8663
KIRLOSENG,20110704,123,132.75,122.6,130.05,8524
KIRLOSIND,20110704,281.15,285.5,281.15,285.1,143
KITPLYIND,20110704,3.75,4.1,3.65,3.85,28034
KKCL,20110704,677,705,660,695.05,8989
KLGSYSTEL,20110704,54.8,55.1,53.9,54.15,27016
KLRF,20110704,29,29,28.5,28.5,130
KMSUGAR,20110704,3.6,3.65,3.3,3.55,49971
KNRCON,20110704,123.05,128.5,122.9,127.5,10747
KOHINOOR,20110704,51,51.9,50.05,51.4,151495
KOLTEPATIL,20110704,47.7,47.75,46.8,47.05,31404
KOPRAN,20110704,21.3,22,21.3,21.85,24217
KOTAKBANK,20110704,478.7,494.9,474.45,488.15,768073
KOTAKGOLD,20110704,2109,2109,2098,2099.6,5529
KOTAKNIFTY,20110704,574.5,575,572,572,219
KOTAKPSUBK,20110704,408,420.7,408,419.82,120
KOTARISUG,20110704,6.25,7.25,6.15,6.8,57947
KOTHARIPET,20110704,7.45,7.75,7.45,7.45,2005
KOTHARIPRO,20110704,451.9,451.9,442,445.45,657
KOUTONS,20110704,26.95,27.75,26.95,27.1,81638
KPIT,20110704,172,177,171.6,174.75,170117
KPRMILL,20110704,120,129.5,120,126.3,14166
KRBL,20110704,30.7,32.9,30.5,32.55,3038234
KRISHNAENG,20110704,3.9,4,3.9,4,4410
KSBPUMPS,20110704,231,234,212.15,228,2277
KSCL,20110704,420,427,416.75,422.15,14705
KSE,20110704,201.05,202.5,201.05,202.5,75
KSERASERA,20110704,11.05,11.1,11,11,264492
KSK,20110704,110.65,114.45,109.6,111.25,219337
KSL,20110704,75,75.2,73.75,74.55,17241
KSOILS,20110704,22.5,23.05,22.15,22.85,6059145
KTIL,20110704,85,85.4,82.05,84,3403
KTKBANK,20110704,130.9,132.4,130.9,131.5,433834
KWALITY,20110704,138,138.75,132.55,136.9,362381
LAKSHMIEFL,20110704,40.35,41.45,40,41.2,44196
LAKSHMIMIL,20110704,1794.95,1794.95,1749,1765,11
LAKSHVILAS,20110704,120.5,122.3,119.1,120.05,85938
LANCOIN,20110704,36.8,39.7,36.8,37.25,15943
LAOPALA,20110704,74,79.8,74,77.3,2249
LAXMIMACH,20110704,2109,2215,2080.2,2166.7,5793
LCCINFOTEC,20110704,0.7,0.75,0.65,0.65,34557
LGBBROSLTD,20110704,282.95,283,277.1,280,1064
LGBFORGE,20110704,2.65,2.95,2.6,2.65,5393
LIBERTSHOE,20110704,101.5,107.9,101,103.45,268543
LICHSGFIN,20110704,244.8,244.8,238.1,241.65,3403797
LIQUIDBEES,20110704,1000.01,1000.01,999.99,999.99,92276
LITL,20110704,28.75,28.75,24.75,25.2,23260934
LLOYDELENG,20110704,52.95,52.95,51.75,52.15,6655
LLOYDFIN,20110704,1.2,1.25,1.15,1.25,10232
LLOYDSTEEL,20110704,17.5,17.65,17,17.25,341699
LML,20110704,9,9.35,9,9.2,59107
LOGIXMICRO,20110704,16.9,17.3,16.8,16.95,2537
LOKESHMACH,20110704,42.45,42.95,42.45,42.7,1012
LOTUSEYE,20110704,10.3,11,10.1,10.4,41008
LOVABLE,20110704,414,423.4,409.4,415.1,832879
LPDC,20110704,2.75,2.85,2.7,2.8,11645
LT,20110704,1822.7,1825,1780,1790.2,1188919
LUMAXAUTO,20110704,41,41,41,41,100
LUMAXIND,20110704,325,325,323,325,309
LUMAXTECH,20110704,179.95,180,177.5,179.75,1281
LUPIN,20110704,450,452.7,446.65,448.65,405679
LYKALABS,20110704,19.1,19.5,17.4,18.75,383723
M&M,20110704,702,706.95,698.55,703.2,1564065
M&MFIN,20110704,649.75,664.95,630,659.05,172063
M100,20110704,8.25,8.25,7.84,7.89,147979
M50,20110704,76.5,76.99,74.85,75.64,25216
MAANALU,20110704,59.25,59.25,59,59.05,372
MADHAV,20110704,17,17.55,16.75,16.9,452
MADHUCON,20110704,90.5,91,88.5,90.15,12368
MADRASCEM,20110704,83.8,83.8,80.8,81,90824
MADRASFERT,20110704,26.4,26.75,25.9,26.2,109950
MAGMA,20110704,74.2,75.45,73.6,74.2,61375
MAGNUM,20110704,5.05,5.8,5.05,5.5,4252
MAHABANK,20110704,56.8,57,56.2,56.75,87793
MAHINDFORG,20110704,64.5,66,64.15,64.85,56533
MAHINDUGIN,20110704,49.1,49.1,46.35,46.55,15672
MAHLIFE,20110704,365.6,371,365,369,27906
MAHSCOOTER,20110704,342,350,340,347.9,1932
MAHSEAMLES,20110704,376,380.05,373,376.8,6672
MALUPAPER,20110704,13,13.6,12.8,12.9,1208
MALWACOTT,20110704,35,36.5,34.8,35,14119
MANAKSIA,20110704,67.7,68.9,67.5,68.05,21002
MANALIPETC,20110704,13.7,14.55,13.6,14.4,560059
MANAPPURAM,20110704,57.45,57.9,56.3,57,1284018
MANDHANA,20110704,189,190,184,185.9,41898
MANGALAM,20110704,13.05,13.05,12.85,12.85,1051
MANGCHEFER,20110704,30.9,30.9,29.4,30.2,170893
MANGLMCEM,20110704,108,109.6,106.6,107.1,17680
MANGTIMBER,20110704,16.2,17,15.9,16.85,3005
MANINDS,20110704,142.1,144.6,139.2,142.9,50932
MANINFRA,20110704,125,135,121.5,131.95,66641
MANJEERA,20110704,88.75,95,87.05,90.2,807
MANJUSHREE,20110704,75.5,75.5,74,74.7,2999
MANUGRAPH,20110704,50.25,50.75,50.05,50.45,10273
MARALOVER,20110704,13.3,13.75,12,13.2,8070
MARG,20110704,93,96.75,93,94.95,51865
MARICO,20110704,156.75,157.5,155,155.25,45412
MARKSANS,20110704,2.7,3.1,2.6,2.6,333024
MARUTI,20110704,1144,1163.95,1131.35,1157.8,278505
MASTEK,20110704,119,119,115.1,116.55,33535
MAWANASUG,20110704,23.75,24.85,23.75,24.4,13733
MAX,20110704,185.9,186.4,182.6,183.15,99998
MAXWELL,20110704,20.35,20.35,19.35,19.4,39921
MBECL,20110704,151.95,151.95,145,146.6,10672
MBLINFRA,20110704,148.95,156,147.2,154,21987
MCDHOLDING,20110704,86.5,87.2,85.2,86.65,6233
MCDOWELL-N,20110704,994,1023.8,990.7,1017.25,400663
MCLEODRUSS,20110704,274.3,280.5,274.1,277.8,370810
MEGASOFT,20110704,22.8,23.75,22.75,23.25,10638
MEGH,20110704,12.3,12.5,12.15,12.25,60771
MELSTAR,20110704,7.75,7.75,7.75,7.75,350
MERCK,20110704,631,652,631,645,5271
MHRIL,20110704,356,358.8,350,351.2,3197
MIC,20110704,14,14.2,13.8,14,513030
MICROSEC,20110704,38.8,38.8,36.85,37.2,30947
MICROTECH,20110704,130,132.45,130,130.4,7363
MINDAIND,20110704,247.65,248,238.1,239.65,591
MINDTREE,20110704,381.05,382.8,365,370.75,37318
MIRCELECTR,20110704,25.5,26.1,25.15,25.35,92384
MIRZAINT,20110704,22.5,22.8,22.15,22.3,202797
MLL,20110704,40.7,41.45,37.8,41,1211036
MMFL,20110704,109.1,112.8,109.1,110.95,1874
MMFSL,20110704,76,76,72.35,73.6,8523
MMTC,20110704,915.25,925,907.35,909.25,9037
MOIL,20110704,338.5,344,338,338.7,166055
MONNETISPA,20110704,515,515,496.05,499.5,1661
MONSANTO,20110704,1775,1775,1735,1744.15,705
MORARJETEX,20110704,14.65,15.75,14.65,15.5,368
MOREPENLAB,20110704,4.7,4.7,4.6,4.65,86748
MOSERBAER,20110704,40.2,41,40,40.5,394919
MOTHERSUMI,20110704,222.55,225,219,221.4,136857
MOTILALOFS,20110704,94.85,97.4,94.2,96.1,18591
MOTOGENFIN,20110704,46,47,45.2,46.15,3428
MPHASIS,20110704,445,458.8,441.9,457,153732
MPSLTD,20110704,35.3,37.2,35,35.5,1195
MRF,20110704,6850,7023.7,6801,6971.05,14179
MRO-TEK,20110704,15.35,16,15.3,15.65,5971
MRPL,20110704,79,83.25,78,82.85,2412690
MSPL,20110704,45,45,43.3,44.35,10069
MTNL,20110704,44.9,45,44.1,44.8,386081
MUDRA,20110704,47,48.4,46.1,46.75,9245
MUKANDENGG,20110704,34.7,34.7,32.45,32.7,13960
MUKANDLTD,20110704,46.8,47.25,40.3,46.55,163814
MUKTAARTS,20110704,37.55,38.75,37.55,37.6,942
MUNDRAPORT,20110704,162.35,164,160.25,160.85,508395
MUNJALAU,20110704,131.4,132.5,130.55,132.4,532
MUNJALSHOW,20110704,57,58.85,57,58.65,4152
MURLIIND,20110704,24.2,25.2,23.8,24.6,1846
MURUDCERA,20110704,17,18,17,17.95,1694
MUTHOOTFIN,20110704,157.5,166.7,157,165.85,539440
MVL,20110704,25.2,25.3,24.85,25.15,246182
MVLIND,20110704,15.6,15.6,15.25,15.5,20
MYSOREBANK,20110704,644,644.95,627.05,642.15,993
N100,20110704,103,103,101.03,102.54,18215
NAGARFERT,20110704,35.25,35.75,35.05,35.4,954663
NAGREEKCAP,20110704,27.85,27.85,27.85,27.85,100
NAGREEKEXP,20110704,20.9,23.9,20.9,21.85,1065
NAHARCAP,20110704,60.05,63,60.05,61.15,526
NAHARINDUS,20110704,51.2,53.3,51.2,52.5,1576
NAHARPOLY,20110704,28,28.55,28,28.55,1667
NAHARSPING,20110704,82.85,82.85,81.65,81.9,12651
NANDAN,20110704,2.5,2.5,2.4,2.45,56926
NATCOPHARM,20110704,268,269.55,264.2,264.75,3843
NATIONALUM,20110704,84.5,85,83.7,84,150091
NATNLSTEEL,20110704,18.1,18.85,18.1,18.5,1446
NAUKRI,20110704,721.2,743,721.2,731.2,363
NAVINFLUOR,20110704,292,292.5,288,292.2,5799
NAVNETPUBL,20110704,63.2,64.7,62.1,62.85,128298
NBVENTURES,20110704,212.5,220,212,218.8,40747
NCC,20110704,81.85,85.75,81.8,85.1,1309570
NCLIND,20110704,36.1,36.4,35.4,35.4,18786
NDTV,20110704,68.5,68.9,66.6,68.05,50637
NECLIFE,20110704,25.5,25.75,25.15,25.4,28141
NEHAINT,20110704,170.2,181.85,170.1,181.65,104855
NELCAST,20110704,101.45,101.45,98,99.6,2620
NELCO,20110704,72.25,78.5,71.95,77.7,347253
NEOCURE,20110704,2.7,2.85,2.7,2.8,9804
NEPCMICON,20110704,4.4,4.4,4.1,4.3,29946
NESCO,20110704,571.65,577.9,549,564.1,34397
NESTLEIND,20110704,4310,4467,4310,4435.8,63829
NET4,20110704,125.95,126,111.6,118.65,27141
NETWORK18,20110704,128,131.9,124.9,130.75,53716
NEULANDLAB,20110704,129,130,122.75,122.95,6089
NEXTMEDIA,20110704,5.5,5.75,5.4,5.75,12171
NEYVELILIG,20110704,100.5,103,100,102.5,343406
NFL,20110704,96.9,97.5,94.25,94.5,101320
NHPC,20110704,24.75,25,24.65,24.85,2917580
NIFTYBEES,20110704,574,575.5,571,572.32,51467
NIITLTD,20110704,55.15,55.55,54.75,55,86472
NIITTECH,20110704,182,185.1,180.5,181.65,52281
NILKAMAL,20110704,253,263,253,261.55,3997
NIPPOBATRY,20110704,461,475,459.9,470.5,1889
NISSAN,20110704,2.75,2.8,2.65,2.65,27043
NITCO,20110704,58.7,60,58.1,59.65,16335
NITESHEST,20110704,23.5,23.95,23.25,23.55,49319
NITINFIRE,20110704,99.15,99.8,98.25,98.9,99332
NITINSPIN,20110704,8,9.2,8,8.7,6793
NMDC,20110704,265.5,268,260.9,261.8,106750
NOCIL,20110704,17.7,17.7,17.3,17.5,174155
NOIDATOLL,20110704,25.8,27.2,25.6,26.85,353521
NOL,20110704,54.45,54.45,50,50,101
NORBTEAEXP,20110704,6.95,7.25,6.65,7,4279
NORTHGATE,20110704,12.1,12.1,11.75,11.85,22113
NOVOPANIND,20110704,40.55,42,40.55,42,315
NRBBEARING,20110704,49,50.2,49,49.55,4311
NRC,20110704,5.85,6.15,5.65,5.65,3854
NSIL,20110704,760,785,760,770,53
NTPC,20110704,187,188,183.85,184.45,1738638
NUCENT,20110704,1.75,1.75,1.75,1.75,100
NUCHEM,20110704,5.15,5.15,4.65,4.75,21956
NUCLEUS,20110704,85,87,84.5,85.2,11716
NUMERICPW,20110704,226,226,221.25,222.75,3283
NUTEK,20110704,5.25,5.75,4.95,5.2,1421189
OBEROIRLTY,20110704,253.9,253.9,234,244.95,43196
OCL,20110704,102.25,103,101.35,101.75,2034
OFSS,20110704,2322.3,2342.5,2275,2319.05,43075
OIL,20110704,1288,1342,1288,1336.15,50896
OILCOUNTUB,20110704,70.7,72.2,70.7,71.55,6717
OISL,20110704,38,42.8,38,40.5,563590
OMAXAUTO,20110704,41.55,42,41.35,41.85,9750
OMAXE,20110704,130.5,133.5,129.2,131.9,130211
OMKARCHEM,20110704,67,67,61.6,65.55,6104
OMMETALS,20110704,38,38,37.25,37.75,501
OMNITECH,20110704,150,155,147,147.6,19570
ONGC,20110704,277.6,279.4,274.6,277.25,3675617
ONMOBILE,20110704,108.4,112.4,108.15,110,431657
ONWARDTEC,20110704,35.1,37,35.1,36.95,1782
OPTOCIRCUI,20110704,296.25,301,292.5,294.15,330946
ORBITCORP,20110704,43.05,44.7,42.5,44.45,1037870
ORCHIDCHEM,20110704,271.6,275,270.2,272.35,415828
ORIENTABRA,20110704,30.3,31.8,30.3,31.25,26958
ORIENTALTL,20110704,8.6,8.9,8.55,8.8,3568
ORIENTBANK,20110704,334.15,345,334.1,343.4,370769
ORIENTCERA,20110704,52,54.35,51.5,53.7,1817
ORIENTHOT,20110704,30.8,30.85,30,30.05,10374
ORIENTLTD,20110704,78.65,85,78.65,78.65,210
ORIENTPPR,20110704,56.05,58.05,55.6,56.15,20589
ORISSAMINE,20110704,61190,63343,59755.4,60237.35,2819
OUDHSUG,20110704,30.55,33,30.55,32.15,37098
PAEL,20110704,28.45,28.5,27.45,28.35,3409
PAGEIND,20110704,1950,1998,1915,1927,2128
PANACEABIO,20110704,167,169.95,166.1,168.15,4771
PANASONIC,20110704,111.4,111.45,109.5,111.45,20
PANCARBON,20110704,154.7,164.9,153,162.65,3498
PANORAMUNI,20110704,14.5,14.85,14.1,14.2,4118
PANTALOONR,20110704,325,331.6,321,322,1072860
PAPERPROD,20110704,73.65,75.75,73.65,75.05,53771
PARABDRUGS,20110704,41,42.4,40,40.8,15030
PARACABLES,20110704,3.7,3.8,3.65,3.65,11708
PARAL,20110704,290,291,283.2,284.45,6079
PARAPRINT,20110704,21.75,23.15,21.75,23.05,420009
PARASPETRO,20110704,0.55,0.55,0.55,0.55,4660
PAREKHPLAT,20110704,4.1,4.55,4.1,4.4,16425
PARRYSUGAR,20110704,135.4,136.7,130.05,130.55,2695
PARSVNATH,20110704,47.9,48.75,47.2,48.35,371359
PATELENG,20110704,150.5,154.9,149.8,153.25,616234
PATINTLOG,20110704,34.35,35,32.45,32.6,26295
PATNI,20110704,326.4,337.7,326.2,336,263599
PATSPINLTD,20110704,16,17.45,16,17,1282
PBAINFRA,20110704,62.5,64,61.85,63.25,15317
PDPL,20110704,94.9,95.8,91,95.6,4829
PDUMJEIND,20110704,18.9,20,18.9,19.95,1569
PDUMJEPULP,20110704,20.85,20.85,19.85,19.85,115
PEACOCKIND,20110704,4.25,4.25,3.65,3.7,38075
PENIND,20110704,40.4,40.4,39,39.55,7779
PENINLAND,20110704,47,54.95,47,52.05,43936
PEPL,20110704,3.2,3.2,3.2,3.2,59
PERIATEA,20110704,170,170,170,170,320
PERSISTENT,20110704,365,369.9,363.55,367.55,3593
PETRONENGG,20110704,348,354,348,352.9,7041
PETRONET,20110704,136.5,139.85,136.3,138.95,997533
PFC,20110704,193,196.5,191.4,194.05,2278837
PFIZER,20110704,1479.4,1489.8,1460,1477.8,1840
PFOCUS,20110704,62.35,63,60.1,61.95,1497508
PFS,20110704,17.65,17.8,17.3,17.75,147104
PGHH,20110704,2000,2010,1995.2,2001.35,890
PHILIPCARB,20110704,135.25,141.8,135.25,140.45,14215
PHOENIXLTD,20110704,192,205.55,190.1,196.45,300294
PIDILITIND,20110704,170.55,171.8,167.2,167.9,62813
PIIND,20110704,715,715,715,715,311
PIONDIST,20110704,48,49.9,48,49.9,10
PIONEEREMB,20110704,17.95,18.15,17.25,17.9,2101
PIPAVAVYD,20110704,78.85,78.9,76.65,77.1,676594
PIRGLASS,20110704,130.5,135.9,129.2,132.55,49423
PIRHEALTH,20110704,403,403,392.55,396.05,62829
PIRLIFE,20110704,93.5,94.7,91.5,92.7,6698
PITTILAM,20110704,38.5,39,38,39,1491
PLASTIBLEN,20110704,202,202,201,201,500
PLETHICO,20110704,353,353,347.35,349.95,88781
PNB,20110704,1100,1131.85,1094,1126,113269
PNBGILTS,20110704,24.9,25.6,24.6,24.95,85634
PNC,20110704,15.35,17.6,15.1,17.6,46460
POCHIRAJU,20110704,16.3,16.6,16.15,16.35,9923
POLARIND,20110704,5.95,6.55,5.35,6.55,373650
POLARIS,20110704,181,188.9,180.75,187.4,637941
POLYPLEX,20110704,196.7,201.6,195.9,199.65,243851
PONDYOXIDE,20110704,30.8,31.9,30.1,30.65,3659
PONNIERODE,20110704,93.05,99.5,93.05,94.35,6838
POWERGRID,20110704,110.35,111.4,109.7,110.45,2985201
PPAP,20110704,116,116,104.25,104.6,1933
PRADIP,20110704,88,90,86.6,88.3,21326
PRAENG,20110704,11.35,11.75,10.95,11,108186
PRAJIND,20110704,76.55,78.35,76.2,77.4,368041
PRAKASH,20110704,68,70.3,67.75,69.85,218480
PRAKASHSTL,20110704,142.1,144,142.1,143.6,10672
PRATIBHA,20110704,54.1,55.4,53.5,54.95,124542
PRECOT,20110704,142,159.45,142,151.5,4441
PRECWIRE,20110704,134.9,134.9,120.3,120.7,1684
PREMIER,20110704,93,94.4,91.1,91.9,18614
PRESTIGE,20110704,123,126.5,122,125.05,71764
PRETAILDVR,20110704,179.95,186,178,180.8,73954
PRICOL,20110704,20.1,21.65,20.1,21.35,70519
PRIMESECU,20110704,23.05,24.15,23.05,23.3,10915
PRISMCEM,20110704,45.5,45.9,44.75,44.95,80236
PRITHVI,20110704,29.1,30.15,28.8,30,16439
PRITHVISOF,20110704,14.1,14.1,14.1,14.1,10
PROVOGUE,20110704,35.95,37.3,35.5,36.7,626188
PSB,20110704,101,102.05,99.9,100.65,148836
PSL,20110704,71,74.5,71,73.7,60355
PSUBNKBEES,20110704,393,408,393,407,661
PTC,20110704,79.1,80.4,78.7,79.4,380276
PTL,20110704,28.25,29.4,27.25,27.5,3029
PUNJABCHEM,20110704,88.55,90.8,85.2,87.05,11125
PUNJLLOYD,20110704,77.05,78.5,76.45,76.95,5396850
PURVA,20110704,90.9,94.2,90.75,92.15,31623
PVP,20110704,9,9.4,9,9.2,35181
PVR,20110704,101.5,104.3,101.5,102.8,31498
QGOLDHALF,20110704,1066,1066,1043.15,1044.6,1330
QNIFTY,20110704,569.75,569.75,569.75,569.75,5
QUINTEGRA,20110704,4.2,4.3,4,4.1,25531
RADAAN,20110704,2.3,2.4,2.3,2.4,6254
RADICO,20110704,129,129.15,127.5,128.2,49849
RAINBOWPAP,20110704,60,61.35,60,60.95,42120
RAINCOM,20110704,33.25,33.5,32.85,33.05,49115
RAJESHEXPO,20110704,103,103.5,100.3,101.1,205024
RAJOIL,20110704,32.5,33.5,32.25,32.45,130095
RAJPALAYAM,20110704,577.95,583,575,578.5,686
RAJRAYON,20110704,11.5,12,11.5,11.8,268
RAJSREESUG,20110704,48.5,49.5,48,49.1,21367
RAJTV,20110704,51.5,53.5,51.1,51.7,45438
RAJVIR,20110704,173.9,173.9,150,153.4,44
RALLIS,20110704,1550,1550,1518.2,1532.75,3664
RAMANEWS,20110704,15.75,15.75,15.3,15.45,27307
RAMCOIND,20110704,41,41.3,40,40.3,10770
RAMCOSYS,20110704,96,96,91.85,92.95,7543
RAMKY,20110704,278.2,279,272,272.45,33444
RAMSARUP,20110704,15.2,15.85,15.2,15.7,41095
RANASUG,20110704,5.5,5.85,5.5,5.75,661900
RANBAXY,20110704,534.25,534.25,524,530.4,445083
RANEENGINE,20110704,234,238.95,224.15,227.75,394
RANEHOLDIN,20110704,251,251,243.55,247.9,21
RANKLIN,20110704,16.85,16.85,15.4,15.6,41589
RATNAMANI,20110704,100.1,101.95,98,99.65,5248
RAYMOND,20110704,378,382,372.05,374.8,283288
RBL,20110704,115.5,115.5,112.35,114,1035
RBN,20110704,81.6,82.4,79.8,80.2,38416
RCF,20110704,80,80,77.5,78.45,512148
RCOM,20110704,98.05,101.2,97.9,100.7,5850128
RECLTD,20110704,198.85,202.9,197.7,201.45,3553629
REDINGTON,20110704,90.1,93.3,85.6,88.95,5188005
REFEX,20110704,22.75,24.55,22.75,22.75,154112
REIAGROLTD,20110704,25.95,28,25.95,27.5,601205
REISIXTEN,20110704,30.7,30.75,29.95,30.25,11883
RELAXO,20110704,291,294.95,291,292.5,260
RELBANK,20110704,1055,1075,1035.1,1068.68,109
RELCAPITAL,20110704,586.3,594.4,578.2,592.4,969699
RELGOLD,20110704,2050.05,2058,2041,2042.7,3849
RELGRNIFTY,20110704,549,555.05,542.03,554.97,10241
RELIANCE,20110704,874.4,879.4,865,868.4,3771511
RELIGARE,20110704,458,460,456,456.65,16989
RELIGAREGO,20110704,2168,2170,2153,2154.4,281
RELINFRA,20110704,550.4,580.4,549.7,578.1,2337485
RELMEDIA,20110704,131.4,135.7,130.05,133.4,1154839
RENUKA,20110704,69.4,73.6,68.9,73.1,14738439
REPRO,20110704,144,144,139.25,141.65,40271
RESPONIND,20110704,93,94.9,93,94.9,5631
RESURGERE,20110704,0.65,0.65,0.6,0.65,2282583
REVATHI,20110704,400,412,399.05,400,389
RICOAUTO,20110704,15.4,15.5,14.55,15.4,61689
RIIL,20110704,535.4,548,532.5,541.45,233889
RKDL,20110704,23.2,23.2,22.1,22.25,32651
RKFORGE,20110704,111.05,111.05,109.55,110.45,535
RMCL,20110704,7.15,7.15,6.9,6.9,3031
RML,20110704,134.5,138.8,134.5,137.95,439
ROHITFERRO,20110704,36.1,37,36.1,36.5,62835
ROHLTD,20110704,65,67.95,65,65.6,12359
ROLTA,20110704,130.05,132.9,129.6,132.1,316404
ROMAN,20110704,25.4,25.85,24.9,25.05,3066
RPGLIFE,20110704,82.15,83.15,81.25,82.55,6084
RPOWER,20110704,116.2,118.3,116.2,117.55,1342872
RPPINFRA,20110704,82,83.9,80.65,82.1,57416
RSSOFTWARE,20110704,57.4,59.2,57.15,58.95,9951
RSWM,20110704,140.2,142.55,139,139.6,14197
RSYSTEMS,20110704,110.85,110.85,108.2,108.3,197
RUBYMILLS,20110704,722,725,712,712,29
RUCHINFRA,20110704,20.3,21.7,20.2,20.5,51803
RUCHIRA,20110704,10,10.4,9.95,10.3,2047
RUCHISOYA,20110704,99.8,100.8,98,98.2,122351
SABTN,20110704,54.8,55.2,52.2,53.05,2362
SADBHAV,20110704,133,140,133,136.1,71395
SAGCEM,20110704,140,143,136,138.15,40
SAHPETRO,20110704,35.85,37.5,35.85,36.55,8291
SAIL,20110704,138.8,139.3,137.15,138.75,1227467
SAKHTISUG,20110704,35.5,37.4,35.15,36.9,309781
SAKSOFT,20110704,61.5,62.4,58.5,59.95,25715
SAKUMA,20110704,15,15.2,14.85,15.1,9196
SALORAINTL,20110704,29.1,29.1,28.55,29,202
SALSTEEL,20110704,6.85,7.2,6.85,6.9,16959
SAMBANDAM,20110704,97.95,97.95,86.15,88.2,260
SAMBHAAV,20110704,1.6,1.6,1.4,1.6,1752
SANDESH,20110704,277,280,272,272,219
SANGAMIND,20110704,40.8,42.5,40.8,41.8,18137
SANGHIIND,20110704,18.15,18.7,17.05,17.75,22768
SANGHIPOLY,20110704,1.75,1.75,1.65,1.65,6763
SANGHVIFOR,20110704,44.4,46,43.6,44.2,35170
SANGHVIMOV,20110704,118,122,117.65,120.85,5544
SANWARIA,20110704,32.25,32.5,30.6,31.35,59343
SARDAEN,20110704,216,223.25,216,220.4,19204
SAREGAMA,20110704,67,67.45,66,66.9,7887
SARLAPOLY,20110704,110.5,110.5,110.5,110.5,1
SASKEN,20110704,131.25,135.6,131.2,134.95,57397
SATHAISPAT,20110704,50.6,52,49.7,50.15,32303
SATYAMCOMP,20110704,85.1,90.9,84.5,90.5,15051651
SAVERA,20110704,36,38,36,37.35,122
SBBJ,20110704,500,506,498.1,502.9,21710
SBIGETS,20110704,2159.9,2167,2130,2131.9,28423
SBIN,20110704,2445.4,2449,2422,2436.1,957454
SBT,20110704,716,724.9,715,722.4,9468
SCI,20110704,104.05,106.95,103.4,106.75,325123
SEAMECLTD,20110704,93,93.8,90.5,91.7,2920
SEINVEST,20110704,13,14.45,12.8,14.45,1017987
SELAN,20110704,300,305.5,293.1,301.25,39766
SELMCL,20110704,18.15,18.9,17.95,18.4,893898
SENTINEL,20110704,14.55,15.3,14.55,15,2282
SERVALL,20110704,8.25,8.45,8.2,8.3,41880
SESAGOA,20110704,286.9,287.95,281,284.85,1195939
SESHAPAPER,20110704,241.95,245,238,238.55,1602
SGFL,20110704,5.7,6,5.65,6,578
SGJHL,20110704,281.4,283.85,277.1,278.95,100635
SGL,20110704,4.2,4.2,4.2,4.2,500
SHAHALLOYS,20110704,11.85,12.45,11.85,12.25,1242
SHANTIGEAR,20110704,42.25,44.25,42.25,43.85,120784
SHARIABEES,20110704,125.5,125.5,124.5,124.78,69
SHARRESLTD,20110704,50,50,50,50,191
SHASUNPHAR,20110704,76.9,77.55,76.25,76.85,17630
SHILPAMED,20110704,271.05,273,264.95,269.9,355
SHILPI,20110704,18.95,18.95,17.65,18.85,286265
SHIV-VANI,20110704,227.4,231,219.2,225.15,49133
SHIVAMAUTO,20110704,110.05,112,109.1,112,158
SHIVTEX,20110704,29.55,30.95,29.55,30.45,2308
SHLAKSHMI,20110704,80,86,72.7,84.9,39383
SHOPERSTOP,20110704,459.9,474,450.25,459.7,119803
SHPRE,20110704,6.55,6.55,6.25,6.25,5853
SHREEASHTA,20110704,5.2,5.25,5.05,5.15,2287340
SHREECEM,20110704,1735,1755,1730,1742.5,818
SHREERAMA,20110704,5.55,5.65,5.55,5.6,4300
SHRENUJ,20110704,57,58.4,57,57.95,63104
SHREYANIND,20110704,20,22.7,20,21.85,272
SHREYAS,20110704,29.55,31.8,29.55,31.5,2291
SHRIRAMCIT,20110704,665,665,550,551.75,3853
SHRIRAMEPC,20110704,162.6,165,160.5,163.2,7581
SHYAMTEL,20110704,42.5,42.5,41.05,42.05,2048
SICAGEN,20110704,25.6,25.6,24.45,24.7,13791
SICAL,20110704,72.75,74.5,72.3,72.95,93720
SIEMENS,20110704,890.2,901.95,890.2,898.05,102245
SILINV,20110704,93.5,94.75,93.5,94.75,101
SIMBHSUGAR,20110704,40.5,42.6,40.1,41.2,286613
SIMPLEX,20110704,102,109.9,100,102.95,11312
SIMPLEXINF,20110704,271,271,266,267.8,7587
SINTEX,20110704,181,185.45,176.5,180.3,1176855
SIRPAPER,20110704,55,55,54.5,54.5,1800
SITASHREE,20110704,6.05,6.2,6.05,6.05,5531
SIYSIL,20110704,424,424,405,406,4644
SJVN,20110704,21.9,21.9,21.25,21.45,157613
SKFINDIA,20110704,674,676,655.55,665.7,16037
SKMEGGPROD,20110704,8.55,8.95,8.55,8.8,8168
SKSMICRO,20110704,345.95,346,334,336.6,154650
SKUMARSYNF,20110704,54.05,56.6,53.8,55.9,7791879
SMARTLINK,20110704,49,50.8,49,50.3,65253
SMLISUZU,20110704,375,375,353.4,356.35,1572
SMPL,20110704,10,10.25,9.85,10,87265
SMSPHARMA,20110704,192,207.75,192,197.2,33312
SOBHA,20110704,269.8,284.1,269.8,279.6,324497
SOFTTECHGR,20110704,4.8,5.05,4.8,5,1438
SOLARINDS,20110704,510,634.95,510,632,394
SOMANYCERA,20110704,43,43,40.7,41.15,1420
SOMATEX,20110704,7.5,7.6,7.25,7.5,6297
SONASTEER,20110704,16,16.2,15.85,16.1,31240
SONATSOFTW,20110704,43,43.5,42.5,43.25,342197
SOTL,20110704,561.55,574.75,546,560.05,2457
SOUISPAT,20110704,8.1,8.4,8.05,8.05,81809
SOUTHBANK,20110704,24.1,24.45,23.85,23.95,1452632
SPANCO,20110704,141.9,141.9,132.35,139.9,18895
SPARC,20110704,93.75,97.9,91.8,96.3,531163
SPECTACLE,20110704,17,17.5,16.95,17.45,2210
SPENTEX,20110704,12.15,13.5,12.15,13.3,2553
SPIC,20110704,29.85,31.8,29.4,31.5,2378621
SPICEMOBIL,20110704,101.1,104,101.05,103.05,12602
SPLIL,20110704,4.25,4.4,4,4.1,67256
SPMLINFRA,20110704,160.1,170,160.1,162.45,16406
SPYL,20110704,31.95,31.95,30.2,30.75,52126
SREINFRA,20110704,43.4,45.2,43.4,44.75,740540
SRF,20110704,303.3,309,300,305.9,51738
SRGINFOTEC,20110704,0.6,0.65,0.55,0.6,20272
SRHHLINDST,20110704,3.85,3.85,3.85,3.85,300
SRHHYPOLTD,20110704,42,42.35,42,42.35,220
SRICHAMUND,20110704,38,41.05,38,41.05,431
SRTRANSFIN,20110704,652,686,652,668.25,829081
SSWL,20110704,271.95,309.8,268.35,298.8,534708
STAR,20110704,339.8,342,337.15,337.95,44632
STARPAPER,20110704,22.95,22.95,21.95,22.75,2985
STCINDIA,20110704,213.8,214.9,211.6,214.15,102399
STER,20110704,173,174.8,171.1,171.55,2738624
STERLINBIO,20110704,86.5,87.8,85.05,86.25,285284
STERTOOLS,20110704,119.95,122.5,118.2,119.6,74
STRTECH,20110704,54.3,55.7,54.25,55.4,940970
SUBEX,20110704,60,60.85,59.1,59.4,889442
SUDAR,20110704,109.75,113,109.5,110.4,45160
SUDARSCHEM,20110704,760.2,760.2,760,760,234
SUJANATOW,20110704,31.75,33.5,31.6,32.7,1083791
SUJANAUNI,20110704,5.95,5.95,5.8,5.8,16071
SUMEETINDS,20110704,39.5,40.6,37.9,39.2,381371
SUMMITSEC,20110704,89.9,89.9,83.05,84.35,826
SUNCLAYTON,20110704,149.95,149.95,146.95,147.15,594
SUNDARAM,20110704,42.75,42.75,42.5,42.55,33942
SUNDARMFIN,20110704,540,544.75,526.3,533,6819
SUNDRMBRAK,20110704,155.9,158,152.55,156.05,234
SUNDRMFAST,20110704,58.4,59.65,58.3,58.55,16386
SUNFLAG,20110704,25.45,25.7,25.45,25.55,20224
SUNILHITEC,20110704,119.8,123.4,119.4,121.35,16233
SUNPHARMA,20110704,503.95,503.95,497.3,499.85,642004
SUNTECK,20110704,303,307.9,297,301.7,13438
SUNTV,20110704,360,360,336,341.45,2068035
SUPER,20110704,237.1,237.1,237.1,237.1,25
SUPERSPIN,20110704,8.5,8.7,8.4,8.45,9627
SUPPETRO,20110704,63.5,68.05,63.5,65.95,51478
SUPRAJIT,20110704,20,20.35,19.5,19.55,10979
SUPREMEIND,20110704,184.9,186,180.25,182.3,38797
SUPREMEINF,20110704,275.9,275.9,267.1,273.3,73829
SURAJDIAMN,20110704,47.05,48,47.05,47.75,24347
SURANACORP,20110704,93,95,93,93,822
SURANAIND,20110704,326,333,326,330.7,3077
SURANAT&P,20110704,15.6,16.3,15.6,16.3,1970
SURANAVEL,20110704,42.55,42.95,42,42.25,11400
SURYAJYOTI,20110704,30.8,30.8,29.5,29.75,21075
SURYALAXMI,20110704,69.3,71.65,69.3,70.15,4818
SURYAPHARM,20110704,20.5,22.45,20.5,21.8,193259
SURYAROSNI,20110704,85.5,86.5,84.15,84.4,8665
SUTLEJTEX,20110704,201.5,212,201.5,207.15,1408
SUVEN,20110704,20.75,21.25,20.55,20.75,33935
SUZLON,20110704,49.4,50.2,48.25,49.75,10507926
SWARAJENG,20110704,430,442,425,439.4,3375
SYMPHONY,20110704,1132.9,1164,1123.95,1150.05,960
SYNCOM,20110704,21.3,22.4,21.3,22.25,25766
SYNDIBANK,20110704,116.3,119.9,116.3,119.75,501817
TAINWALCHM,20110704,36,36,34,34.2,8359
TAJGVK,20110704,104,105.7,104,104.6,12940
TAKE,20110704,39.55,40.25,39.3,39.4,25247
TALBROAUTO,20110704,53.25,53.35,52.3,53.05,228
TALWALKARS,20110704,253,255.8,250.3,251.2,92854
TANFACIND,20110704,28,28,28,28,6
TANLA,20110704,15,15,14.3,14.55,111007
TANTIACONS,20110704,68.4,68.4,67.05,67.35,5173
TARAPUR,20110704,20.25,20.35,19.8,19.85,6488
TATACHEM,20110704,371.25,374.35,367.7,369.85,109770
TATACOFFEE,20110704,851.05,876.3,848,865.55,907405
TATACOMM,20110704,206.25,210.8,205.1,209.65,241106
TATAELXSI,20110704,245.1,254.9,245.1,252.55,146566
TATAGLOBAL,20110704,98.8,106.1,97.85,104.35,6965551
TATAINVEST,20110704,505,519.95,498,499.4,6358
TATAMETALI,20110704,101.65,102.5,100.4,101.45,25338
TATAMOTORS,20110704,1009,1024.85,1003.5,1011.65,2128863
TATAMTRDVR,20110704,542.05,556.35,541.05,554,1062122
TATAPOWER,20110704,1309,1325,1298.1,1322.55,314370
TATASPONGE,20110704,335,350.35,335,345.85,10679
TATASTEEL,20110704,597.75,598.8,590.1,597.5,1873273
TCI,20110704,87.45,88.5,85.1,87.35,11673
TCIDEVELOP,20110704,185.05,194.25,185.05,189.1,213
TCIFINANCE,20110704,55.85,55.85,52.05,53.15,6423
TCS,20110704,1193,1200,1180,1185.7,801867
TECHM,20110704,724.75,732,716.1,730.55,166472
TECHNO,20110704,233.4,233.4,224.5,227.05,9497
TECHNOFAB,20110704,150.2,150.2,141.2,142.25,15759
TECPRO,20110704,269.85,282.3,265.5,277.2,74501
TELEDATAIT,20110704,0.45,0.45,0.35,0.4,829945
TEXMACOLTD,20110704,32.35,35.9,32.35,34.05,564918
TEXMOPIPES,20110704,34.5,39.7,34.15,37.2,322330
TEXRAIL,20110704,87,101.4,87,92.1,436235
TFCILTD,20110704,27.1,27.5,26.6,27.25,80999
TFL,20110704,15.1,15.1,15.1,15.1,25
THANGAMAYL,20110704,156.5,156.5,152.7,154.25,15527
THEMISMED,20110704,160,160,158,159.95,525
THERMAX,20110704,603,609.85,596,599.3,52850
THINKSOFT,20110704,50.75,51.45,49.75,50.6,85660
THIRUSUGAR,20110704,99.45,101,96.6,97.5,1055
THOMASCOOK,20110704,49.5,51.2,48.9,50.55,291037
TI,20110704,43.9,45.6,43.35,45.2,202279
TIDEWATER,20110704,7000,7474,7000,7326.05,15370
TIIL,20110704,54.2,54.5,52.6,53.4,8240
TIL,20110704,440,447.95,438,441,3041
TIMBOR,20110704,55.6,59,55.6,55.6,116374
TIMESGTY,20110704,35.75,35.75,33.35,35.25,552
TIMETECHNO,20110704,70,71.9,70,70.4,89707
TIMKEN,20110704,230.8,237.4,230.1,232.3,655502
TINPLATE,20110704,59.95,60.85,59.7,59.95,78748
TIPSINDLTD,20110704,28,28.4,27.75,28,6220
TIRUMALCHM,20110704,98.95,99,98.95,99,850
TITAN,20110704,216,218.6,212.55,217.9,3642856
TNPETRO,20110704,16.55,17.4,16.5,16.95,132924
TNPL,20110704,118.5,119.75,115.65,115.95,46665
TODAYS,20110704,7,7.8,7,7.4,34660
TOKYOPLAST,20110704,14.35,14.4,14,14.4,529
TORNTPHARM,20110704,632,637.45,621.1,625.7,4781
TORNTPOWER,20110704,238,241.7,232.7,233.85,95482
TRENT,20110704,1158,1234,1157.05,1223,112903
TRF,20110704,376,384.9,375,378.75,15585
TRICOM,20110704,15.5,15.65,15,15,11642
TRIDENT,20110704,14,14.2,14,14.1,29009
TRIGYN,20110704,17.9,18.45,17.6,18,6428
TRIL,20110704,252,259.9,251.3,255.7,12251
TRIVENI,20110704,39,40.1,38.5,39.85,1396468
TTKHEALTH,20110704,410,414.9,409,411.8,3727
TTKPRESTIG,20110704,2905,2959,2905,2925.25,85686
TTL,20110704,28.2,30.2,28.2,29.7,20510
TTML,20110704,19.05,20.3,18.95,20.1,6672795
TUBEINVEST,20110704,139.95,144,137.75,143.1,74433
TULIP,20110704,158.4,162,156.3,157.85,139722
TULSI,20110704,14.9,16.7,14.3,16,408574
TULSYAN,20110704,46.5,46.5,45.2,46.5,1150
TVSELECT,20110704,23,23.85,23,23.65,4392
TVSMOTOR,20110704,53.9,54.15,53.15,53.65,788713
TVSSRICHAK,20110704,326.5,336,326.5,330.5,1259
TVTODAY,20110704,66.2,66.2,64.6,64.95,32329
TWILITAKA,20110704,54,54.95,53.3,54.3,21556
TWL,20110704,406,420,406,413.6,68935
UBENGG,20110704,74,78.5,74,75.55,34113
UBHOLDINGS,20110704,157.75,159.5,157,157.4,80190
UBL,20110704,534.75,537.4,512.25,518,82830
UCALFUEL,20110704,81.25,83.5,81.25,82.75,12210
UCOBANK,20110704,96.5,98.1,96.25,97.85,1508918
UFLEX,20110704,209,214.45,207.1,212.45,1205421
UGARSUGAR,20110704,16,16.1,15.25,15.85,35122
ULTRACEMCO,20110704,939.7,958,917.95,949.85,145671
UMESLTD,20110704,23.7,24.4,23.25,23.65,13778
UNICHEMLAB,20110704,156,159,150.05,157.65,21489
UNIENTER,20110704,26.95,27.15,26.9,27.05,7397
UNIONBANK,20110704,299.95,301.25,297.15,298.1,1282524
UNIPHOS,20110704,154.6,158.55,154.6,157.65,1153468
UNIPLY,20110704,13.45,13.9,13.45,13.75,2630
UNITECH,20110704,32.9,33.8,32.8,33.65,17130880
UNITEDBNK,20110704,96.9,98.4,96.25,97.6,264094
UNITEDTEA,20110704,125,128.75,125,127.1,127
UNITY,20110704,63.6,65.85,63.6,64.7,59651
UNIVCABLES,20110704,62,62,59.55,60,2930
UPERGANGES,20110704,56.9,58.75,56.9,58.3,6105
USHAMART,20110704,54.5,56.45,53.8,55.85,230579
USHERAGRO,20110704,123,124.8,121.5,123.65,433944
UTTAMSTL,20110704,106,107.4,105.6,106.25,17926
UTTAMSUGAR,20110704,39,40.1,38.2,39.25,19419
UTVSOF,20110704,830,834.4,806.8,831.4,200207
VADILALIND,20110704,164.8,166.9,159.15,161.65,8970
VAIBHAVGEM,20110704,47.9,49.95,43,46.3,90425
VAKRANSOFT,20110704,371.05,381.5,371.05,379.85,18215
VALECHAENG,20110704,97.95,98.95,97.3,98.2,8185
VALUEIND,20110704,19.85,20.25,19.85,19.95,5380
VARDHACRLC,20110704,10.2,10.3,10,10.1,87657
VARDMNPOLY,20110704,84.5,91.6,84.5,90.55,146574
VARUN,20110704,220.95,224.5,218.3,222.45,357156
VARUNSHIP,20110704,24.45,25.05,24.25,24.95,79206
VASCONEQ,20110704,77.6,79.65,77.5,78,22330
VENKEYS,20110704,615,633,608,624.65,207385
VENUSREM,20110704,191.5,191.5,188.5,189.8,1822
VESUVIUS,20110704,380,384,375,379.25,4772
VGUARD,20110704,222.25,225.5,222.15,222.8,64462
VHL,20110704,455,461.9,455,460.65,1675
VICEROY,20110704,29.15,30.5,29.15,30,26974
VIDEOIND,20110704,203.9,203.95,197.35,200.15,485302
VIJAYABANK,20110704,71.5,72,70.65,71.5,1727443
VIJSHAN,20110704,18.65,19.65,18.65,19.15,6478
VIKASHMET,20110704,12.65,12.9,12.5,12.6,250739
VINATIORGA,20110704,73.75,73.75,72.05,72.35,2899
VINDHYATEL,20110704,167,168,165.7,168,210
VINYLINDIA,20110704,12.25,12.3,11.75,12.15,3175
VIPIND,20110704,769.1,842.3,769.1,836.35,3396402
VIPUL,20110704,11.95,11.95,11.3,11.45,1778
VISAKAIND,20110704,102,102,99,100.1,10328
VISASTEEL,20110704,58.4,59.7,58.4,59,36391
VISESHINFO,20110704,9.5,9.5,8.9,8.95,3809
VISHALRET,20110704,33.15,34.25,33.15,34.05,70825
VISUINTL,20110704,2.95,3.1,2.95,3.05,16324
VIVIMEDLAB,20110704,277.3,284.65,277.3,281.35,34922
VLSFINANCE,20110704,16,16,14.2,14.55,18016
VOLTAMP,20110704,518,528.9,518,523.9,26704
VOLTAS,20110704,161.05,163.9,160,163.2,1899939
VSTIND,20110704,1039.9,1064.4,1025,1053.9,19241
VSTTILLERS,20110704,480,494,476,490,2889
VTL,20110704,220.9,221.5,217.65,220.3,17891
VTXIND,20110704,16.05,17.7,15.5,17.45,23478
WABAG,20110704,1290,1301,1255.1,1270.8,9679
WABCO-TVS,20110704,1115,1124.8,1097,1100.85,1922
WALCHANNAG,20110704,122,129,121.45,127.55,212122
WANBURY,20110704,29.6,30.6,29.5,30.05,6706
WEBELSOLAR,20110704,62.45,65.55,61,64.85,3580
WEIZMANIND,20110704,11,11.35,10.85,11.15,5083
WELCORP,20110704,175.2,176.4,174.15,174.75,245397
WELINV,20110704,66,66,64.05,65.6,73
WELPROJ,20110704,68.45,72.35,67.5,68.9,170008
WELSPUNIND,20110704,43.55,44.5,42.9,43.3,34398
WENDT,20110704,1411,1480,1411,1442,396
WHEELS,20110704,265,265,255.7,258.6,1078
WHIRLPOOL,20110704,264.65,265.7,256.1,258.4,20083
WILLAMAGOR,20110704,49,56,49,54.75,32405
WINSOMYARN,20110704,3.45,3.45,3.3,3.4,32091
WIPRO,20110704,427.7,427.7,422.3,424.4,1630436
WOCKPHARMA,20110704,375,387.9,373.95,385.6,184654
WSI,20110704,17.95,19.5,17.95,18.45,4048
WSTCSTPAPR,20110704,86,86.7,84.55,86.3,26536
WWIL,20110704,8.75,8.85,8.65,8.7,426259
WYETH,20110704,967.9,969,957.15,962.65,2293
XLENERGY,20110704,9.35,9.5,9,9.3,40361
XPROINDIA,20110704,53.5,54.75,53.15,54,4412
YESBANK,20110704,318.35,321.9,317.3,318.85,1153984
ZANDUREALT,20110704,2100,2147.7,2061.5,2147.7,1953
ZEEL,20110704,133.4,134.8,129.6,131.8,1138483
ZEELEARN,20110704,20.25,21.15,20.25,20.9,606362
ZEENEWS,20110704,12,12.1,11.95,12,446215
ZENITHBIR,20110704,6.6,6.85,6.5,6.5,1436996
ZENITHCOMP,20110704,17.5,18.85,17.3,17.55,24795
ZENITHINFO,20110704,202.3,202.3,202,202,50
ZENSARTECH,20110704,168,168,162.25,165.2,7769
ZICOM,20110704,39.45,40.25,38.5,39.6,10714
ZODIACLOTH,20110704,351.3,373,351.3,366.8,2964
ZODJRDMKJ,20110704,22,23.2,22,23.2,221
ZUARIAGRO,20110704,630.5,641,630.5,638.05,15268
ZYDUSWELL,20110704,642.3,664,642.3,657.9,63693
ZYLOG,20110704,398.8,402,394.3,396.85,38026
NSENIFTY,20110704,5679.55,5679.65,5633.10,5650.50,103528865,4266.62
NIFTYJUNIOR,20110704,11331.20,11429.80,11331.20,11416.75,62998246,1345.24
BANKNIFTY,20110704,11379.05,11401.00,11322.05,11379.80,9596262,931.75
NSEMIDCAP,20110704,8026.40,8104.25,8026.40,8093.30,120664884,1519.76
NSEIT,20110704,6724.75,6746.65,6678.15,6685.85,17778051,578.65
NSE100,20110704,5584.55,5590.00,5553.75,5571.00,166527111,5611.86
NSE500,20110704,4550.30,4560.05,4534.30,4549.15,417329536,8742.70
MIDCAP50,20110704,2436.70,2467.35,2436.70,2463.30,87388105,923.92
VIX,20110704,18.21,18.71,17.84,18.17,18.21,-0.04
