20MICRONS,20111004,53,53,51.15,52,97029
3IINFOTECH,20111004,26.1,26.3,25.5,25.7,518071
3MINDIA,20111004,4105,4169.7,4058,4061.85,88
A2ZMES,20111004,205.75,209,201.15,204.4,45581
AANJANEYA,20111004,419.95,425,385.25,397.25,94810
AARTIDRUGS,20111004,102.1,105.8,101.9,103.25,447
AARTIIND,20111004,46.3,46.95,45.25,45.6,15317
AARVEEDEN,20111004,35.35,35.4,33.25,33.95,92
ABAN,20111004,348.5,348.9,331.8,338.55,530531
ABB,20111004,684.95,698.9,668.25,680.1,60249
ABBOTINDIA,20111004,1420,1490,1396,1444.85,3771
ABCIL,20111004,95,97.7,92.2,93.25,3168
ABGSHIP,20111004,393.2,393.2,375.95,381.4,217130
ABHISHEK,20111004,9.65,10.5,9.65,10.05,2420
ABIRLANUVO,20111004,880,893.3,876,881.85,87540
ACC,20111004,1097,1112.5,1090,1100.2,271077
ACE,20111004,43.25,44.7,42,42.2,41246
ACKRUTI,20111004,184.1,191,184.05,189.7,7153
ACROPETAL,20111004,14.6,14.65,13.8,14.3,71909
ADANIENT,20111004,509,509,476.15,483,457586
ADANIPOWER,20111004,84,85.2,80.8,81.5,307245
ADFFOODS,20111004,55.5,56.95,55.3,55.55,875
ADHUNIK,20111004,43.85,46.85,42.55,42.75,176919
ADORWELD,20111004,145,147.8,142.6,143.9,3350
ADSL,20111004,27.6,27.6,26,26.25,114368
ADVANIHOTR,20111004,36.5,36.5,36.5,36.5,5
ADVANTA,20111004,361,365.75,342.25,344.9,32172
AEGISCHEM,20111004,182.2,186.95,176.9,182.95,9959
AFL,20111004,38,40,36.6,37.7,17901
AFTEK,20111004,10.6,10.75,10.15,10.6,76758
AGCNET,20111004,151.1,159.9,148,152.1,3318
AGRE,20111004,39.5,42.95,38.2,38.9,2935
AGRODUTCH,20111004,6.85,7.2,6.85,7.05,16845
AHLEAST,20111004,311,311,300,300,5204
AHLUCONT,20111004,102.55,105.55,100.3,104,2635
AHLWEST,20111004,155.95,156,153.3,153.8,11
AHMEDFORGE,20111004,102.25,104,99.5,100.35,5193
AIAENG,20111004,307.5,316.85,307.5,309.8,20614
AJANTPHARM,20111004,300,312,300,304.15,7472
AJMERA,20111004,113,115.65,111,113.9,8181
AKSHOPTFBR,20111004,6.15,6.55,5.9,6,231365
AKZOINDIA,20111004,939.95,939.95,909,920.1,7143
ALBK,20111004,155.05,157.1,144.9,145.9,1551963
ALCHEM,20111004,263,263,257.95,258.45,98452
ALEMBICLTD,20111004,18.4,18.85,18.4,18.7,18346
ALFALAVAL,20111004,2225,2232.75,2180.25,2208.2,1735
ALKALI,20111004,38,38.9,37.25,38,3282
ALKYLAMINE,20111004,83,87,83,87,200
ALLCARGO,20111004,141.3,143,133.75,136.5,6287
ALLSEC,20111004,12.2,13.85,12.2,13.4,1410
ALMONDZ,20111004,21.3,22.5,21.25,22,2545
ALOKTEXT,20111004,17.7,18.5,17.7,18,5885917
ALPA,20111004,7.8,7.95,7.6,7.85,2183
ALPHAGEO,20111004,89,93.9,84,86.15,1947
AMAR,20111004,113.2,115.5,110.2,111.75,36027
AMARAJABAT,20111004,209.85,213.6,207,210.45,11846
AMARJOTHI,20111004,54,54.9,53,53,87
AMBIKCO,20111004,175.7,176.8,170,171.25,1952
AMBUJACEM,20111004,148.3,150.5,147,148.8,1828735
AMDIND,20111004,18.55,19.2,18.5,19,877
AMLSTEEL,20111004,13,13,11.95,12.2,6380
AMRUTANJAN,20111004,706,722.85,697.3,703.7,46134
AMTEKAUTO,20111004,121.3,123.35,110.05,112.3,1464736
AMTEKINDIA,20111004,141.4,142.4,137.1,140.05,2084954
ANANTRAJ,20111004,53.55,55.4,52.3,52.9,189389
ANDHRABANK,20111004,122.5,124.3,118.15,119.3,638968
ANDHRSUGAR,20111004,95.25,96.2,95.25,95.4,8033
ANGIND,20111004,19,20,19,19.8,680
ANIKINDS,20111004,32.05,33.45,32.05,32.85,452
ANSALAPI,20111004,31.15,33.4,31.1,32.65,65141
ANSALHSG,20111004,38.85,39.45,37.55,38.2,6750
APARINDS,20111004,158,163.95,157.1,158.85,1095
APCOTEXIND,20111004,165.95,169.2,160.75,162,327
APIL,20111004,510.95,517.8,500,507.1,32405
APLAB,20111004,30.4,30.9,27.75,29.35,782
APLLTD,20111004,40.5,44,40.5,41.7,68054
APOLLOHOSP,20111004,530,530,516,519.85,18934
APOLLOTYRE,20111004,53,54.25,51.7,51.9,1291608
APPAPER,20111004,205,205,193,193,16449
APTECHT,20111004,112.4,114.6,109.1,110.05,425362
AQUA,20111004,13.5,13.75,12.4,12.55,97357
ARCHIES,20111004,38.8,39.5,38,38.5,16735
AREVAT&D,20111004,214.45,219.7,211,217.9,46760
ARIES,20111004,90.1,92.85,89.05,90.55,6240
ARL,20111004,2.2,2.25,2.15,2.2,49292
AROGRANITE,20111004,35,37.9,35,37.5,847
ARROWTEX,20111004,8.95,9.55,8.8,9.2,6414
ARSHIYA,20111004,127,130,123,123.8,440549
ARSSINFRA,20111004,338.6,352.8,331.5,337.35,401584
ARVIND,20111004,99.8,102.7,97.6,98.8,4437220
ASAHIINDIA,20111004,66.15,67.85,65.55,66.9,7856
ASAHISONG,20111004,81,88,81,81.7,8835
ASAL,20111004,47.05,50.9,47.05,49.2,2518
ASHAPURMIN,20111004,15,16,14.7,15.2,20574
ASHCONIUL,20111004,2,2.35,2,2.1,5742
ASHIANA,20111004,139.5,140,135,136.05,890
ASHIMASYN,20111004,4.4,4.55,4.15,4.15,2612
ASHOKA,20111004,242,252,240,244.9,572
ASHOKLEY,20111004,25.4,25.55,24.65,25,4418595
ASIANHOTNR,20111004,171.75,173,170.55,170.7,555
ASIANPAINT,20111004,3111.15,3174,3062,3078.5,44576
ASIANTILES,20111004,44.65,45.5,40.6,41.4,7118
ASSAMCO,20111004,10.85,10.85,10.1,10.35,179333
ASTEC,20111004,34.35,35.4,34.35,34.95,3681
ASTERSILI,20111004,16,17.1,15.6,16.5,7334
ASTRAL,20111004,189.95,190.8,187.3,190,3976
ASTRAMICRO,20111004,28.5,29.5,28.25,28.6,40996
ASTRAZEN,20111004,1268.95,1270,1206.1,1228.45,526
ATFL,20111004,393,393,370.2,374.55,58426
ATLANTA,20111004,61.35,64,60.15,60.45,47625
ATLASCYCLE,20111004,325.05,335.05,297.55,306.95,34633
ATNINTER,20111004,1,1,0.8,0.8,4927
ATUL,20111004,206,212.7,204.5,207,31265
AURIONPRO,20111004,138,138,138,138,10
AUROPHARMA,20111004,120.7,121.9,118,119.2,667209
AUTOAXLES,20111004,425,425,393.5,404,19
AUTOIND,20111004,108,110.5,105.5,106.45,27648
AUTOLITIND,20111004,15.3,15.55,14.95,15,430
AVENTIS,20111004,2348,2349,2253.15,2283.65,2646
AVTNPL,20111004,372.2,390,368.05,368.05,5827
AXIS-IT&T,20111004,87.1,91.95,86.95,88.6,10126
AXISBANK,20111004,984.4,996.4,951,959.75,3228348
AXISGOLD,20111004,2614,2640,2614,2631.1,533
BAGFILMS,20111004,5.15,5.3,4.85,4.9,263674
BAJAJ-AUTO,20111004,1519.5,1533.15,1477.2,1493.6,482145
BAJAJCORP,20111004,103.9,104.9,96,97.4,401207
BAJAJELEC,20111004,181,183.95,176.4,178.45,156201
BAJAJFINSV,20111004,509,519,501.15,503.35,40336
BAJAJHIND,20111004,37.6,38.35,37.1,37.75,894986
BAJAJHLDNG,20111004,715.25,729.85,700.15,710.75,140143
BAJFINANCE,20111004,642,652,628,635.85,13928
BALAJITELE,20111004,29.8,30.4,29.45,29.95,11184
BALAMINES,20111004,36.75,36.75,33.6,33.85,2427
BALKRISIND,20111004,170,170,167.05,167.9,2093
BALLARPUR,20111004,25.3,26.1,25.3,25.55,408432
BALMLAWRIE,20111004,586.6,606,585,590.2,4372
BALPHARMA,20111004,20.2,21.25,20.2,20.4,3613
BALRAMCHIN,20111004,43.85,44.95,43.5,44.75,877238
BANARISUG,20111004,619.6,619.6,575,575.45,86
BANCOINDIA,20111004,69.2,70.95,68.8,69.1,2763
BANG,20111004,21.1,21.5,20.7,21.05,1110
BANKBARODA,20111004,741.3,776.95,723.1,734.85,529995
BANKBEES,20111004,926.58,939.99,900,910.72,4260
BANKINDIA,20111004,311.1,318.5,304,305.85,655878
BANSWRAS,20111004,87.5,87.7,84.25,86.45,16939
BARTRONICS,20111004,49.5,51.9,49.5,50.55,42257
BASF,20111004,608,610,597,600.6,8816
BASML,20111004,60,62.25,60,60.1,307
BATAINDIA,20111004,630,649.5,628.85,635.55,366821
BATLIBOI,20111004,16.4,18.45,16.4,18.45,1017
BAYERCROP,20111004,826.5,847.95,825.35,839.75,4913
BBL,20111004,674,687.95,665,672.5,2325
BBTC,20111004,419,429,402.1,415.25,1693
BEARDSELL,20111004,41.5,41.5,40,40,188
BEDMUTHA,20111004,100.7,103.5,97.55,98.9,18158
BEL,20111004,1473.95,1515,1473.1,1487.3,21369
BELLCERATL,20111004,12.8,12.8,12.8,12.8,2
BEML,20111004,459,468.75,452.25,455.95,34048
BEPL,20111004,24.95,24.95,24.05,24.05,11
BERGEPAINT,20111004,100.3,101.8,97.95,98.9,246913
BFINVEST,20111004,51.1,52.95,49,50.3,19215
BFUTILITIE,20111004,432.5,447.95,422,429.8,291816
BGLOBAL,20111004,11.9,12.15,11.75,11.85,21447
BGRENERGY,20111004,308.5,319.4,301.65,303.7,438140
BHAGWATIHO,20111004,79,80.4,73.35,77.55,9051
BHAGYNAGAR,20111004,14.1,14.65,14,14.2,5664
BHARATFORG,20111004,258.95,261.1,253.05,257.7,171443
BHARATGEAR,20111004,46.8,47,45.5,46.1,2327
BHARATRAS,20111004,109,113.7,103.25,103.3,1558
BHARTIARTL,20111004,378.5,383.1,365.35,369.9,4761342
BHARTISHIP,20111004,85.25,89.9,85.25,87.3,67969
BHEL,20111004,319,327.6,318.2,322.45,1723446
BHUSANSTL,20111004,325,331.9,323,325.3,227876
BIL,20111004,47.6,49.3,46.7,47.15,8298
BILPOWER,20111004,79.8,79.8,75,76.5,1114
BIMETAL,20111004,245,255,241,246.3,135
BINANIIND,20111004,125.05,128,125.05,127.15,7011
BINDALAGRO,20111004,60.25,61.7,59.35,60.1,104943
BIOCON,20111004,336.5,340.5,332.55,334.65,239123
BIRLACORPN,20111004,321.15,326.85,313.55,318.4,1295
BIRLACOT,20111004,0.35,0.4,0.3,0.35,2652110
BIRLAERIC,20111004,13,13.5,13,13.45,405
BIRLAPOWER,20111004,0.65,0.7,0.65,0.65,2029383
BLBLIMITED,20111004,3.6,3.7,3.6,3.65,1560
BLISSGVS,20111004,19.25,20.5,19.25,20.1,25855
BLKASHYAP,20111004,8.8,9.2,8.6,8.7,148516
BLUECHIP,20111004,0.9,0.9,0.85,0.85,5693
BLUEDART,20111004,1590.2,1635,1560.05,1572.5,4476
BLUESTARCO,20111004,224.9,225.9,220,222.45,3682
BLUESTINFO,20111004,69.7,72,68,68.85,506
BOC,20111004,302,306,295,298.7,10958
BODALCHEM,20111004,17,18.3,17,17.55,6941
BOMDYEING,20111004,355.65,369,352.25,359.65,218754
BOSCHLTD,20111004,7145,7145,7051.1,7087.6,2653
BPCL,20111004,679.25,684.9,663.8,674,466538
BPL,20111004,19.4,20.7,19.25,19.4,43347
BRANDHOUSE,20111004,14.7,15.05,14.1,14.75,26225
BRFL,20111004,273,277,273,274.95,57448
BRIGADE,20111004,64.6,66,63.3,63.5,29134
BRITANNIA,20111004,457,468.95,456,459.95,30178
BROADCAST,20111004,7,8.15,7,7.9,408
BROOKS,20111004,21.5,22,21,21,151839
BSELINFRA,20111004,3.4,3.65,3.4,3.45,29923
BSL,20111004,21.95,21.95,20.3,20.6,1026
BSLGOLDETF,20111004,2660,2687.8,2640.05,2669.8,53
BSLNIFTY,20111004,45.1,48.7,45.1,48.59,270
BSTRANSCOM,20111004,85.35,95.5,85.35,93.25,57329
BVCL,20111004,13.85,14.5,13.6,13.6,687
CADILAHC,20111004,748.5,764.8,748.1,759.35,29724
CAIRN,20111004,267.5,268.25,258,266.4,2990009
CALSOFT,20111004,27,27,26.15,26.15,361
CAMBRIDGE,20111004,21.9,23.4,21.9,22.95,106
CAMLIN,20111004,65,65.35,61.3,62.25,19848
CANBK,20111004,427.05,441,417.1,424.25,694991
CANDC,20111004,110,113.45,107.05,107.85,22837
CANFINHOME,20111004,93.85,93.85,91.1,91.1,3127
CANTABIL,20111004,25.85,25.85,24.9,25.1,13184
CARBORUNIV,20111004,274.1,295,274.1,290,2265
CAROLINFO,20111004,150,152.5,150,151.75,919
CASTROL,20111004,461.75,469.35,458,459.1,37414
CCCL,20111004,19.5,19.95,19.15,19.35,19508
CCL,20111004,158.6,163,157.05,160.45,11732
CEATLTD,20111004,75.55,78.9,75.2,76.45,86604
CEBBCO,20111004,33.8,33.8,30.3,30.65,16554
CELEBRITY,20111004,6.95,6.95,5.55,5.85,1304
CELESTIAL,20111004,23.2,23.2,20.05,20.8,3240
CENTENKA,20111004,142,146.95,140.3,144.75,1663
CENTEXT,20111004,2.8,3.05,2.8,2.85,18216
CENTRALBK,20111004,100,101.8,95.5,96.75,470017
CENTUM,20111004,73,73,73,73,133
CENTURYPLY,20111004,58.5,59.75,57.7,59.1,6702
CENTURYTEX,20111004,291.95,300,282.6,284.95,406716
CERA,20111004,192,195,190.25,194.05,562
CESC,20111004,267.3,274.9,267,269.75,82542
CHAMBLFERT,20111004,92.5,96.9,92,92.2,4178630
CHEMFALKAL,20111004,42.15,42.15,42,42.15,250
CHEMPLAST,20111004,5.85,5.85,5.45,5.65,104830
CHENNPETRO,20111004,202.85,204.95,202,202.9,20009
CHESLINTEX,20111004,10,12.4,10,10.5,2306
CHETTINAD,20111004,450,469,450,469,582
CHOLAFIN,20111004,144.1,147.9,142.5,143.7,2428
CILNOVA,20111004,17.1,17.1,16.9,16.9,6050
CINEMAX,20111004,35.8,37.2,34.3,34.65,25784
CINEVISTA,20111004,3,3.3,3,3,646
CIPLA,20111004,284.75,287,278.65,279.85,773286
CLASSIC,20111004,9.3,9.9,9.3,9.85,6217
CLNINDIA,20111004,715,720,706.65,712.6,13851
CLUTCHAUTO,20111004,33.25,35.15,33.25,34.35,5728
CMAHENDRA,20111004,178,185.95,178,185.15,21022
CMC,20111004,816,825,777,784.6,7611
COALINDIA,20111004,334,338.9,317.35,319.9,6097620
COLPAL,20111004,969.7,989.5,962.3,984.8,146292
COMPUAGE,20111004,103.95,104.7,96,96.75,232
CONCOR,20111004,960,987.7,916.05,936.45,46639
CONSOFINVT,20111004,56.3,57.8,56.15,56.5,1295
CORAL-HUB,20111004,4.7,4.85,4.65,4.65,2606
CORDSCABLE,20111004,29.35,29.95,28.8,29.1,73069
COREEDUTEC,20111004,282,283,279.05,280.55,86916
COROENGG,20111004,249.9,249.9,249.9,249.9,1
COROMANDEL,20111004,304.05,311,301.1,303.65,104155
CORPBANK,20111004,405,417.1,405,407.35,50696
COSMOFILMS,20111004,83.8,85.9,83.5,84.8,2690
COX&KINGS,20111004,205,209.45,203,206,517471
CPIL,20111004,250,259.85,248.25,249.65,8028
CREATIVEYE,20111004,5.1,5.35,5,5.1,1922
CRESTANI,20111004,31.9,32.35,30.5,30.85,9141
CREWBOS,20111004,33,34.3,33,33.4,36694
CRISIL,20111004,825,837.95,811.1,821,48930
CROMPGREAV,20111004,146,148.25,143.3,144.65,970596
CRONIMET,20111004,111,113.5,106,110.5,19309
CTE,20111004,7.1,7.1,6.45,7,168
CUB,20111004,43.2,43.9,43,43.05,97958
CUBEXTUB,20111004,10,10.4,10,10.4,214
CUMMINSIND,20111004,402,409,396,400,221714
CURATECH,20111004,136.65,136.65,119,120.25,568
CYBERMEDIA,20111004,14.2,14.2,14.2,14.2,154
CYBERTECH,20111004,10.7,10.7,10.6,10.65,806
DAAWAT,20111004,41,42.6,40.75,41.05,28637
DABUR,20111004,103,105,101.35,101.65,1510413
DALMIABEL,20111004,105,108.85,105,106.1,1011
DALMIASUG,20111004,17,17.3,16.75,17,3265
DATAMATICS,20111004,26.9,27.8,26.9,27,7486
DBCORP,20111004,201.25,202.4,199,200.55,106237
DBREALTY,20111004,49.3,50.9,48.1,48.8,169013
DCB,20111004,42,42.6,39.5,39.7,4373663
DCHL,20111004,54.85,56.7,52.2,53.1,778512
DCM,20111004,56.7,58.8,56.2,57.75,181777
DCMSRMCONS,20111004,45.15,46.65,44.3,44.9,66346
DCW,20111004,8.8,8.8,8.5,8.55,90743
DECCANCE,20111004,135.1,148,135.1,147.85,857
DECOLIGHT,20111004,3.95,4,3.75,3.75,2600
DEEPAKFERT,20111004,164.05,166.8,163.25,165.25,33479
DEEPAKNTR,20111004,168,177.95,168,177.95,201
DEEPIND,20111004,72.25,75.75,72.25,72.65,13395
DELTACORP,20111004,97.4,98.9,92.65,93.65,4903960
DEN,20111004,66.7,69,63.5,64.2,65677
DENABANK,20111004,76.3,76.95,72.2,72.95,1352890
DENORA,20111004,77,81.3,75.05,79.9,254
DENSO,20111004,52,52,49,50.15,4346
DEWANHOUS,20111004,218.8,225.4,216.1,221.5,154138
DHAMPURSUG,20111004,38.65,39.4,38.35,38.55,20132
DHANBANK,20111004,72.25,73.5,70.4,70.95,163795
DHANUKA,20111004,119,119,99.5,99.65,55630
DHARSUGAR,20111004,26,26.3,25,25.8,861
DIAPOWER,20111004,100.35,105.8,100.35,102.05,13061
DICIND,20111004,226,229.95,220.85,222.1,450
DIGJAM,20111004,8.35,8.9,8.35,8.55,12091
DISHMAN,20111004,59.85,59.85,58.4,58.9,22569
DISHTV,20111004,75.15,77.5,73.75,75.2,1878726
DIVISLAB,20111004,731.85,736.95,715.2,718.35,117837
DLF,20111004,197,204.75,196.5,200.5,6941464
DLINKINDIA,20111004,20.05,20.45,19.7,20,8103
DOLPHINOFF,20111004,132,134.8,129.1,129.55,2133
DONEAR,20111004,19.95,20.25,19.5,20.25,5490
DPSCLTD,20111004,1920,1975,1900,1940.25,43
DPTL,20111004,118,128,118,120.85,2653
DQE,20111004,33.9,36,32.05,33.2,10660
DREDGECORP,20111004,244.7,244.7,234,235.1,4526
DRREDDY,20111004,1454,1474,1440.8,1451.8,243434
DSKULKARNI,20111004,55,55.5,54.15,55,6524
DUNCANSIND,20111004,11.7,11.7,11.7,11.7,101916
DWARKESH,20111004,37.25,37.8,35.7,36.5,27500
DYNAMATECH,20111004,1050,1050,991,1001.5,364
DYNASYS,20111004,0.65,0.65,0.65,0.65,503
EASTSILK,20111004,5.5,6,5.5,5.85,13099
ECEIND,20111004,100.25,101,100,101,248
ECLERX,20111004,713,734.75,713,727.65,18502
EDELWEISS,20111004,27,27,25.35,26.45,141182
EDL,20111004,85.35,86.95,83.15,85.2,4194
EDSERV,20111004,90.4,90.4,86.15,86.75,185582
EDUCOMP,20111004,244.35,246.9,230,234.15,2461529
EICHERMOT,20111004,1621,1697.95,1621,1648.3,30718
EIDPARRY,20111004,220.2,227.9,216.1,224.15,27160
EIHAHOTELS,20111004,150,150.6,140,148.7,1078
EIHOTEL,20111004,86.2,88.45,84,84.75,131001
EIMCOELECO,20111004,174,174,160.1,166.45,1908
EKC,20111004,69,70.2,67.7,68.25,118503
ELDERPHARM,20111004,375,379.85,374,375.35,30106
ELECON,20111004,74,74.25,72.15,73,37019
ELECTCAST,20111004,28.7,29,28.65,28.7,264689
ELECTHERM,20111004,139,143.7,125.6,127.2,44264
ELFORGE,20111004,10,10.45,9.95,9.95,2462
ELGIEQUIP,20111004,70.9,70.9,66.2,67.3,36201
ELGIRUBCO,20111004,24.75,25.1,24.7,24.85,1367
ELNET,20111004,31,32.5,31,32.1,1347
EMAMIINFRA,20111004,32.3,33.2,31.7,31.9,14823
EMAMILTD,20111004,406.1,419.9,406.1,412.85,13726
EMCO,20111004,53,54,52.25,53.4,16806
EMKAY,20111004,46.55,47,46.55,47,974
EMMBI,20111004,13.85,13.85,13,13.2,11291
EMPEESUG,20111004,19,20.25,17.5,18.3,497
ENERGYDEV,20111004,37.5,38,35.65,36.1,906
ENGINERSIN,20111004,242,251,241.25,247.45,73263
ENIL,20111004,254.8,261.85,246.5,248.3,64863
EONELECT,20111004,68.25,68.25,62.8,64.15,27505
ERAINFRA,20111004,152.65,152.65,152.05,152.2,206020
EROSMEDIA,20111004,235,242,231,233.5,177567
ESABINDIA,20111004,529.45,529.45,510,514.9,2386
ESCORTS,20111004,71.2,73.4,69.5,71.2,1554074
ESL,20111004,6.45,6.6,6.3,6.4,437994
ESSAROIL,20111004,77,78.2,73.3,73.85,1305975
ESSARPORTS,20111004,55,57,53.1,54.4,22189
ESSDEE,20111004,182.95,185.95,180,181.95,36728
ESSELPACK,20111004,35.65,36.4,34.9,35.2,23606
ESTER,20111004,26.9,27.85,26.9,27,7082
EUROMULTI,20111004,6.95,8.05,6.45,6.6,17242
EUROTEXIND,20111004,18.9,19,18.85,18.85,330
EVEREADY,20111004,36.35,36.45,35.2,35.4,25453
EVERESTIND,20111004,139.15,142.9,138.65,139.65,4924
EVERONN,20111004,369.7,391.1,366,379.4,673270
EXCELCROP,20111004,147,153.9,144.35,146.6,98629
EXCELINDUS,20111004,66,66,63.05,64,780
EXCELINFO,20111004,11.4,12.05,11.1,11.9,264191
EXIDEIND,20111004,131.5,134.95,131,132,3972737
FACT,20111004,33.35,33.85,32.5,32.6,16537
FAGBEARING,20111004,1169.95,1170,1151.5,1160,1121
FAME,20111004,43.35,44.95,42.3,42.6,5297
FARMAXIND,20111004,2.55,2.6,2.5,2.55,42721
FCH,20111004,130.6,136.9,128.5,129.85,119491
FCSSOFT,20111004,0.55,0.6,0.55,0.55,523437
FDC,20111004,87.65,90.5,87.65,89.35,42576
FEDDERLOYD,20111004,64,64.45,62.35,62.5,3257
FEDERALBNK,20111004,359,367.85,345.55,348.65,256121
FIEMIND,20111004,160,160.75,155,157.8,5065
FILATEX,20111004,41,41,41,41,1
FINANTECH,20111004,791.1,801.9,758,771.05,80241
FINCABLES,20111004,37.45,37.9,36.65,37.2,36503
FINPIPE,20111004,62.5,64.5,61.7,62.1,27733
FIRSTLEASE,20111004,69,72.05,67.35,67.55,19683
FIRSTWIN,20111004,16.6,16.6,14.15,15,526
FKONCO,20111004,114.2,114.9,110.15,110.5,5425
FMGOETZE,20111004,230.05,235,227.75,229,2970
FORTIS,20111004,120.65,122.9,119.8,120.75,282371
FOSECOIND,20111004,506,515,502.65,509.3,549
FSL,20111004,11.2,11.35,10.9,11,1220600
FUTUREVENT,20111004,9.1,9.35,8.95,9,539239
GABRIEL,20111004,40,40.65,39.8,40.05,6306
GAEL,20111004,21.5,24.45,21.35,23.2,26552
GAIL,20111004,417.05,419.6,407,410.15,835345
GAL,20111004,16.65,19.45,16,16.85,634595
GALLANTT,20111004,18.25,21,18.25,21,57414
GALLISPAT,20111004,97.05,118.35,97.05,112.15,144563
GAMMNINFRA,20111004,13.7,13.7,13.25,13.4,29978
GAMMONIND,20111004,68.15,73.9,68.15,69.65,23028
GANDHITUBE,20111004,120,122,120,122,43
GANESHHOUC,20111004,124.1,129,121.1,125.75,3380
GANGOTRI,20111004,4.2,4.8,4.2,4.4,13910
GARDENSILK,20111004,69.55,72.95,68.6,68.95,5653
GARWALLROP,20111004,52.95,53.5,52.15,52.75,10045
GATI,20111004,54,54.5,52.75,52.95,75970
GAYAPROJ,20111004,154,154,138,139.1,12822
GDL,20111004,139,141.2,135.25,138.35,56526
GEECEE,20111004,29.35,30.45,29.3,29.8,3362
GEINDSYS,20111004,130,130.1,125.8,126.65,3811
GEMINI,20111004,22.6,23.6,22.05,22.15,18990
GENESYS,20111004,197.35,203.95,196.6,198.45,573
GENUSPOWER,20111004,13.6,14.15,13.6,13.75,14937
GEODESIC,20111004,49,51.45,48.85,49.4,185129
GEOJITBNPP,20111004,18.6,18.95,18.3,18.4,24743
GEOMETRIC,20111004,42.45,43.25,42.15,42.55,12229
GESHIP,20111004,235.05,236.9,228.75,229.55,39817
GHCL,20111004,35.1,36.5,35.1,35.75,22986
GICHSGFIN,20111004,87.7,88.9,86.35,87.55,63662
GILLANDERS,20111004,81.95,83.35,80.5,82.6,1819
GILLETTE,20111004,2100,2100,2036.05,2050.05,2127
GINNIFILA,20111004,7.6,7.9,7.4,7.4,2576
GIPCL,20111004,81.5,82.4,80,80.1,10597
GITANJALI,20111004,345.3,353.45,341.5,347.1,2074723
GKB,20111004,37.5,39.2,37.5,38.95,7
GKWLIMITED,20111004,455,455,450,450,117
GLAXO,20111004,2090.1,2114.85,2070,2100.4,31926
GLENMARK,20111004,310.45,314.95,299.05,303.55,960502
GLFL,20111004,2.9,2.9,2.8,2.9,2360
GLOBALVECT,20111004,20.05,21.15,20,20.95,2085
GLOBOFFS,20111004,81.2,84.35,80.4,80.4,1201
GLOBUSSPR,20111004,105,110.8,103,104.7,14203
GLODYNE,20111004,367.9,371.35,358.6,365.95,94990
GLORY,20111004,3.25,3.45,3.25,3.4,32818
GMBREW,20111004,89.7,89.7,86,87.4,1201
GMDCLTD,20111004,166.85,174,158.05,163.55,387397
GMRINFRA,20111004,26.25,26.25,25.1,25.55,4105837
GNFC,20111004,90.7,93.4,88.1,89.85,54342
GOACARBON,20111004,79.25,79.25,75.75,76.05,2358
GODFRYPHLP,20111004,3320,3355.55,3120.05,3191.6,851
GODREJCP,20111004,393.05,404.65,393,398.95,223342
GODREJIND,20111004,190.95,192.6,184.2,186.8,357812
GODREJPROP,20111004,665,665,643,645.85,13203
GOENKA,20111004,39,39,36.15,37.05,4215
GOKEX,20111004,87.75,91.3,86.5,90,2054
GOKUL,20111004,86.25,88.8,84.55,88,51895
GOLDBEES,20111004,2580,2587,2561.05,2575.05,187491
GOLDENTOBC,20111004,59,59,57.55,57.65,483
GOLDIAM,20111004,31.2,31.2,31,31.1,177
GOLDINFRA,20111004,13.15,13.35,13.05,13.1,5186
GOLDSHARE,20111004,2567.85,2595,2567.85,2586.1,5799
GOLDTECH,20111004,7,7.75,7,7.1,8822
GPIL,20111004,116.95,119.45,113.05,114.6,24718
GPPL,20111004,64.15,66.5,63.75,64.35,477131
GRABALALK,20111004,16.9,16.9,16.9,16.9,2
GRANULES,20111004,63.85,63.9,63,63.5,3170
GRAPHITE,20111004,75.8,75.8,73.35,74.1,6340
GRASIM,20111004,2285.3,2364.65,2270.8,2297.95,83970
GRAVITA,20111004,386.1,395,361.1,362.5,406555
GREAVESCOT,20111004,86.2,87.65,85.3,86.25,8360
GREENPLY,20111004,201,201,196,196.05,1062
GREENPOWER,20111004,14.8,14.8,13.9,14.1,409314
GRINDWELL,20111004,238,238,231,232.45,930
GRUH,20111004,508.95,509.7,492.1,495.1,5393
GSFC,20111004,447.35,455,437,442.2,84584
GSKCONS,20111004,2379,2440,2311,2394.55,26371
GSLNOVA,20111004,2.6,2.8,2.6,2.8,1654
GSPL,20111004,105,107.2,103.2,104.85,1141754
GSS,20111004,131.5,131.85,129.45,130.1,3252
GTL,20111004,55.95,57.65,53.85,55.45,1843355
GTLINFRA,20111004,11.4,11.6,11.15,11.2,816760
GTNIND,20111004,12.05,13.3,12.05,13.2,106
GTNTEX,20111004,12.6,13.5,12.1,12.7,2617
GTOFFSHORE,20111004,115.3,120.95,112.4,115.5,78678
GUFICBIO,20111004,6.2,6.85,6.2,6.8,5997
GUJALKALI,20111004,140,140,138,138.3,7659
GUJAPOLLO,20111004,125,125,123,124,12374
GUJFLUORO,20111004,538,542.9,522,525.85,51889
GUJNRECOKE,20111004,23,23,21.15,21.4,2394973
GUJNREDVR,20111004,15.3,16.75,15.15,15.65,70391
GUJRATGAS,20111004,418,423,416.25,420.95,15868
GUJSIDHCEM,20111004,8.6,9,8.45,8.55,120466
GULFOILCOR,20111004,71,71,67.8,68.45,22071
GVKPIL,20111004,15.3,15.7,15.05,15.1,6310370
HALONIX,20111004,60.45,60.45,60,60,210
HANUNG,20111004,104.7,108.9,104,104.65,177916
HARRMALAYA,20111004,69,70,67.45,69.2,25839
HATHWAY,20111004,83.05,84.7,82.15,83.25,74691
HAVELLS,20111004,354,354,342.35,345.05,259089
HBLPOWER,20111004,16.35,17.1,16.35,17,17248
HBSTOCK,20111004,11,13.15,11,12.75,471
HCC,20111004,28,28.2,26.95,27.15,2189848
HCIL,20111004,47,49.9,47,49.8,20766
HCL-INSYS,20111004,61.95,63.15,61.15,62.45,70795
HCLTECH,20111004,395.4,400.25,386.5,392.25,995805
HDFC,20111004,629.35,634.75,617.5,620.8,2678250
HDFCBANK,20111004,452.5,456,440.5,448.9,3740798
HDFCMFGETF,20111004,2633.9,2647,2623.3,2634.95,3826
HDIL,20111004,91,93.5,89,89.9,9511765
HEG,20111004,215,216,209,210.45,22699
HEIDELBERG,20111004,34.2,35.15,33.15,33.3,40228
HELIOSMATH,20111004,23.6,24.15,23.6,23.8,2835
HERCULES,20111004,241,248,233.55,237.15,50563
HERITGFOOD,20111004,165.05,165.05,165,165,299
HEROMOTOCO,20111004,1927,1995,1927,1961.45,597115
HEXAWARE,20111004,83.8,85.8,82.35,83.45,1860724
HFCL,20111004,11.2,11.45,11.05,11.15,366552
HGSL,20111004,320.55,325.9,314.25,317.3,2865
HIKAL,20111004,274,274.5,266.3,267.6,1201
HILTON,20111004,15.35,16,13.25,15.2,2601
HIMATSEIDE,20111004,32,33.85,32,32.4,5143
HINDALCO,20111004,122.05,126.85,121.85,124.9,7295474
HINDCOMPOS,20111004,494.9,494.95,487.5,487.5,11
HINDCOPPER,20111004,215.2,220,210,211.7,60153
HINDDORROL,20111004,37,37,35.1,35.8,164927
HINDMOTORS,20111004,13,13.5,12.6,12.85,91588
HINDNATGLS,20111004,180,183.55,175,176.3,581
HINDOILEXP,20111004,103,106.85,99.6,101.15,676233
HINDPETRO,20111004,380.9,385.5,372.1,376.65,631554
HINDUJAFO,20111004,65.1,65.1,65.1,65.1,4
HINDUJAVEN,20111004,310,318.95,304.25,307.15,536
HINDUNILVR,20111004,333,337,322.8,326.25,2333503
HINDZINC,20111004,112,114,108.85,111.55,1925749
HIRECT,20111004,41,43.15,41,41.85,1207
HITACHIHOM,20111004,157,157,150.4,150.85,14241
HITECHGEAR,20111004,124,126,124,125,30766
HMT,20111004,39.2,39.75,38.35,38.5,28793
HMVL,20111004,127.75,131.9,127.75,128.05,353
HNGSNGBEES,20111004,1155,1155,1108,1119.06,172
HOCL,20111004,21.5,21.75,20.7,21.05,22613
HONAUT,20111004,2531.1,2600,2520,2555.6,486
HONDAPOWER,20111004,345.9,350,336.25,338.75,1444
HOPFL,20111004,50,54,50,51.55,511
HORIZONINF,20111004,291.95,295,273,283,690
HOTELEELA,20111004,36.55,36.6,35.3,35.45,57632
HOTELRUGBY,20111004,8.45,8.55,7.95,8.4,28412
HOVS,20111004,53.5,56.35,53.5,54.1,9967
HSIL,20111004,175.2,178,174.15,176.9,77982
HTMEDIA,20111004,142.9,143.85,140.15,142.7,9238
HYDRBADIND,20111004,308,313.95,306.9,310.55,3720
HYDROS&S,20111004,20.75,20.75,18.7,18.95,5
IBPOW,20111004,12.1,12.65,11.7,12,321768
IBREALEST,20111004,70,71.6,67.5,70.1,4909245
IBSEC,20111004,8.35,8.45,7.9,8,400135
IBWSL,20111004,3.7,3.7,3.7,3.7,42769
ICICIBANK,20111004,834,844.5,791.15,800.95,5828022
ICIL,20111004,9,9.75,9,9.7,1228
ICRA,20111004,915.9,938.9,910,916.1,1830
ICSA,20111004,63.7,63.7,59.1,59.55,101508
IDBI,20111004,101,102.85,97,97.35,2123891
IDEA,20111004,98,100,96.1,97.3,2931262
IDFC,20111004,109,112.9,107,108.85,4630543
IFBIND,20111004,116,116,110.7,111.45,9350
IFCI,20111004,29.3,30.75,28.2,28.9,14762450
IFGLREFRAC,20111004,32,33.8,31,31.3,957
IGARASHI,20111004,43,43.5,41.05,41.05,481
IGL,20111004,431.95,432.7,428,429.55,514730
IGPL,20111004,21,21,20.4,20.75,602
IL&FSENGG,20111004,87.8,88.5,85,85.7,29159
IL&FSTRANS,20111004,193,202,191.65,194.9,196304
IMFA,20111004,304.1,309,291.2,301.6,956
IMPAL,20111004,615,629.9,605,607.65,280
IMPEXFERRO,20111004,7.85,7.9,7.3,7.35,620
INDBANK,20111004,7.7,7.95,7.25,7.4,23537
INDHOTEL,20111004,67.65,70.25,67.65,69.3,261797
INDIABULLS,20111004,149.7,152.6,146.5,148.6,360495
INDIACEM,20111004,70,72,68.1,69.15,728114
INDIAGLYCO,20111004,121.3,126.25,120,120.9,19868
INDIAINFO,20111004,69.5,71.9,69.05,69.6,1610612
INDIANB,20111004,202,209.7,193,200.15,417308
INDIANCARD,20111004,86.1,89.9,81.15,82.55,2295
INDIANHUME,20111004,110,129,110,115,993
INDLMETER,20111004,69,79.7,68,68.95,1741
INDNIPPON,20111004,167.2,178.6,163,165.85,280
INDOCO,20111004,384,394.95,379.05,389.7,2014
INDORAMA,20111004,33,33,30.5,31.4,17805
INDOSOLAR,20111004,8.75,9,8.7,8.9,122248
INDOTECH,20111004,112,116,110.5,112.3,5990
INDOWIND,20111004,10.7,11.15,10.45,10.8,459603
INDRAMEDCO,20111004,33,33,31.8,32.05,7022
INDSWFTLAB,20111004,83.8,84.3,82.35,82.65,14179
INDSWFTLTD,20111004,29.9,30.15,29.7,30,7882
INDTERRAIN,20111004,96,102,96,97.05,147
INDUSFILA,20111004,15.9,15.9,14.25,14.65,3053
INDUSINDBK,20111004,250.4,257.5,245,246.15,731109
INEABS,20111004,588.9,588.9,553,558.1,1629
INFINITE,20111004,90.2,92.2,88,89.4,7824
INFODRIVE,20111004,10.3,10.3,8.3,8.95,21086
INFOMEDIA,20111004,11,11.95,10.55,11.3,24050
INFOTECENT,20111004,113,114.95,111,111.6,5740
INFRABEES,20111004,255.4,257,253,254,381
INFY,20111004,2452.2,2481.75,2413.6,2438.5,979810
INGERRAND,20111004,492,513.85,490.4,492.3,15356
INGVYSYABK,20111004,295.95,296,288,288.6,21872
INNOIND,20111004,87.95,87.95,83.55,84.2,4796
INOXLEISUR,20111004,53.25,54.5,50.65,51.35,124554
INSECTICID,20111004,377.95,380.9,373,376.55,57344
INVENTURE,20111004,149.25,152,141.05,142.75,26676
IOB,20111004,90.1,90.55,86.05,89.1,942720
IOC,20111004,320,323.8,314.1,318.95,712099
IOLCP,20111004,29,32.9,28.2,29.5,1602
IOLN,20111004,5.8,6.05,5.6,6,1877
IPCALAB,20111004,246.25,247.95,231.1,235.95,350250
IPGETF,20111004,2625,2665,2622.55,2648,264
IPRINGLTD,20111004,61,62.75,54.1,58.95,1595
IRB,20111004,161.5,166.7,158.1,159.8,1270920
ISFT,20111004,54,54,51.6,52.7,1697
ISMTLTD,20111004,32.05,32.5,30.25,30.4,75207
ITC,20111004,193.75,195.2,188.6,191.65,12250236
ITDCEM,20111004,148.05,148.05,142.3,143.65,492
ITI,20111004,20.65,21.3,20.35,20.5,49699
IVC,20111004,29.7,29.7,28.05,28.25,18934
IVP,20111004,46.6,46.6,46,46.1,382
IVRCLAH,20111004,28,29.1,27.8,28.5,26375
IVRCLINFRA,20111004,34.55,35.5,33.75,35.05,5786361
J&KBANK,20111004,771.45,787,763.9,777.35,10559
JAGRAN,20111004,104.1,106.25,104.1,105.2,21436
JAGSNPHARM,20111004,12,12.9,12,12.3,950
JAIBALAJI,20111004,106,108,103,105.2,5567
JAICORPLTD,20111004,76.95,78.4,75.15,75.65,236000
JAINSTUDIO,20111004,8.1,8.1,7.35,7.4,3040
JAMNAAUTO,20111004,131,131,125.5,126.75,322
JAYAGROGN,20111004,81,83.8,79.5,80.5,3015
JAYBARMARU,20111004,57.5,59.8,57.35,58.55,1700
JAYNECOIND,20111004,18.3,18.3,17.6,17.9,43312
JAYSREETEA,20111004,131.75,131.75,124.15,125.05,38490
JBCHEPHARM,20111004,65,68.9,65,67.7,136277
JBFIND,20111004,120.5,122.9,118.6,120,25767
JBMA,20111004,61.5,65.95,61.5,63.9,1706
JCTEL,20111004,1.05,1.15,1.05,1.15,20200
JENSONICOL,20111004,3.55,3.75,3.55,3.6,12157
JETAIRWAYS,20111004,225.1,234.4,221.9,226.9,1104971
JHS,20111004,30.5,32.85,30.5,31,9165
JIKIND,20111004,5.7,5.9,5.7,5.7,1544
JINDALPHOT,20111004,151.05,153.8,148.5,151.9,18566
JINDALPOLY,20111004,195.6,197.45,189,191.45,121889
JINDALSAW,20111004,133.45,136.5,132.1,134.6,433970
JINDALSTEL,20111004,471,477,445.2,456.85,3398154
JINDALSWHL,20111004,508.6,530,501,511.55,48691
JINDCOT,20111004,84,84,79.5,80.55,14813
JINDRILL,20111004,315.05,323.5,309,314.2,31629
JINDWORLD,20111004,113,115.9,105.3,107.4,2898
JISLJALEQS,20111004,145.3,147.5,140,141.75,987329
JKCEMENT,20111004,110.7,113.95,107.25,111,115957
JKIL,20111004,130,131.75,127.05,129.05,7991
JKLAKSHMI,20111004,40.4,41.2,38.8,39.25,66269
JKPAPER,20111004,40.4,40.45,39.85,40,20276
JKTYRE,20111004,73.8,74.65,72,72.25,89215
JMCPROJECT,20111004,121.5,123.7,114,116.4,3319
JMFINANCIL,20111004,16.1,16.5,15.6,15.8,157559
JOCIL,20111004,145,145,137,138.35,945
JPASSOCIAT,20111004,70.2,73.4,67.25,68.55,27378847
JPINFRATEC,20111004,50,52.65,47.6,48.05,689188
JPPOWER,20111004,35.05,35.4,33.4,34,386286
JSL,20111004,93.95,97,90.55,91.65,34492
JSWENERGY,20111004,53.15,53.3,50.6,50.9,1154123
JSWISPAT,20111004,12.4,13,12.3,12.35,3312891
JSWSTEEL,20111004,544,569,532.3,552.25,3406995
JUBILANT,20111004,198.25,202.8,193.15,195.45,35732
JUBLFOOD,20111004,749.9,749.95,633.95,668.35,3353778
JUBLINDS,20111004,179.6,179.95,177,177.05,3070
JUMBO,20111004,16.1,17.95,16,16,5151
JUNIORBEES,20111004,96.8,98.75,94.51,95.36,92683
JUPITER,20111004,14.05,14.5,14,14.35,249128
JVLAGRO,20111004,14.55,15.5,14,14.65,9754
JYOTHYLAB,20111004,153,153.25,150.2,151.1,23820
JYOTISTRUC,20111004,64,64.25,62.15,62.45,76194
KABRAEXTRU,20111004,39.5,41.15,38,40.6,5073
KAJARIACER,20111004,108.5,110.5,108.3,109,31343
KAKATCEM,20111004,67,68,66.7,66.8,400
KALECONSUL,20111004,73.95,76.3,73.35,75.65,8138
KALINDEE,20111004,107.5,109.85,106.65,107.35,64776
KALPATPOWR,20111004,104.1,109,103.5,104.25,8861
KAMATHOTEL,20111004,96,96,88.2,89.9,3594
KANDAGIRI,20111004,71.05,71.05,71.05,71.05,2
KANORICHEM,20111004,31.4,32.8,31.4,32.3,4828
KANSAINER,20111004,854.9,873,840,842.85,2572
KARMAENG,20111004,12.1,12.1,11.7,11.75,242
KARURVYSYA,20111004,369.25,369.6,359.05,362.4,32169
KAUSHALYA,20111004,7.75,8,7.5,7.8,5149
KAVVERITEL,20111004,130,134.75,129.05,131.15,30170
KBIL,20111004,630,639.95,630,630.2,68
KCP,20111004,25.4,25.4,24,24.75,23172
KCPSUGIND,20111004,14.8,15.5,14.45,15,29626
KEC,20111004,57.95,59,57.1,57.6,32906
KECL,20111004,33.95,33.95,33,33.1,780
KEI,20111004,15.6,15.85,15.2,15.6,18964
KEMROCK,20111004,500.55,516.7,500.55,507.5,7486
KERNEX,20111004,90,91.9,88,88.65,15481
KESARENT,20111004,52,54,51.25,54,642
KESORAMIND,20111004,124.95,129.75,123.1,123.95,17391
KEYCORPSER,20111004,42.15,45.9,42.15,45.9,2400
KFA,20111004,19.3,20.65,18.95,20.1,3600438
KGL,20111004,7.25,7.35,6.65,6.9,2666602
KHAITANELE,20111004,88.1,93.65,88.1,88.8,227
KHAITANLTD,20111004,22.65,23.95,22.65,23.2,9
KHANDSE,20111004,18,18,18,18,500
KICL,20111004,486.15,498.5,486.15,488.75,477
KIL,20111004,13,15.7,13,13.2,1609
KILITCH,20111004,78.6,83.45,78.3,79.75,4425
KINETICMOT,20111004,16.5,16.5,15.6,15.7,9242
KIRIINDUS,20111004,130,132.85,124,124.15,31526
KIRLOSBROS,20111004,140.7,144.95,135.55,136.1,2983
KIRLOSENG,20111004,129.1,133.45,127.5,129.3,568
KIRLOSIND,20111004,280,288.75,270.15,271.1,126
KITPLYIND,20111004,3.35,3.45,3.15,3.45,6047
KKCL,20111004,824.4,824.4,771.05,776.3,680
KLGSYSTEL,20111004,30.7,33.85,30.7,31.65,19062
KLRF,20111004,25.15,25.15,25.1,25.1,100
KMSUGAR,20111004,2.7,2.7,2.55,2.55,1595
KNRCON,20111004,101,104.35,100,102.95,808
KOHINOOR,20111004,43.15,44.25,42,42.75,12465
KOLTEPATIL,20111004,35,35.75,34.4,34.7,9576
KOPDRUGS,20111004,4.45,4.6,4.45,4.45,7
KOPRAN,20111004,21,22.8,21,21.25,29268
KOTAKBANK,20111004,445.75,454,437,441.35,708205
KOTAKGOLD,20111004,2570.05,2590,2570.05,2584.75,23136
KOTAKNIFTY,20111004,491,497.6,491,491,826
KOTAKPSUBK,20111004,333,334,327,329.22,850
KOTARISUG,20111004,6,6.2,6,6,14479
KOTHARIPET,20111004,7,7.7,6.4,7.35,144535
KOTHARIPRO,20111004,494,495,476,479.55,665
KOUTONS,20111004,25.1,27.8,25.1,27.25,794401
KPIT,20111004,150.5,151.9,145.9,146.5,20755
KPRMILL,20111004,97,97,94,94.1,1866
KRBL,20111004,23.25,23.75,22.4,22.6,744184
KRISHNAENG,20111004,3.15,3.85,3.1,3.4,6008
KSBPUMPS,20111004,207,207,198,200.35,3495
KSCL,20111004,423.95,448.95,423.95,436.9,34755
KSE,20111004,206,206,206,206,150
KSK,20111004,103,103.2,100.25,101.65,440069
KSL,20111004,47.6,49.5,47.1,48.15,15471
KSOILS,20111004,9.9,10.2,9.65,9.75,5468527
KTIL,20111004,67.5,67.5,62.25,63.85,719
KTKBANK,20111004,81.9,83,80.05,81.2,727123
KWALITY,20111004,200,200,170.55,172.8,1282494
L&TFH,20111004,47.4,48,46.9,47.3,620098
LAKPRE,20111004,40,40.5,37.75,38.3,1614
LAKSHMIEFL,20111004,22.25,22.9,21.75,22,24846
LAKSHMIMIL,20111004,1670,1670,1615.55,1665.85,17
LAKSHVILAS,20111004,97,97.1,95.55,96.45,24025
LANCOIN,20111004,33.25,33.7,33.25,33.4,3055
LAOPALA,20111004,101.25,108.8,98.25,102.25,26093
LAXMIMACH,20111004,1920,1954.95,1908,1939,1829
LCCINFOTEC,20111004,0.5,0.6,0.5,0.55,20960
LGBBROSLTD,20111004,287.1,292.95,287.1,290.1,2534
LIBERTSHOE,20111004,80,82.5,80,80.75,11551
LICHSGFIN,20111004,213,220,211.5,215.65,3999044
LIQUIDBEES,20111004,1000,1000.01,999.99,999.99,95097
LITL,20111004,15.45,15.6,15,15.1,7157104
LLOYDELENG,20111004,48.5,48.5,46.15,46.65,14058
LLOYDFIN,20111004,1,1,0.95,0.95,1214
LLOYDSTEEL,20111004,12.1,12.65,12.05,12.1,156857
LML,20111004,8.65,8.85,8.6,8.65,88434
LOGIXMICRO,20111004,17.3,18.2,16.3,16.75,3766
LOKESHMACH,20111004,40.25,40.7,38.5,40.15,14150
LOTUSEYE,20111004,10.2,10.2,9.9,10,6683
LOVABLE,20111004,422.2,441.3,421,428.1,495966
LPDC,20111004,3,3,2.5,2.6,7848
LT,20111004,1316,1363.5,1311.15,1338.7,2926169
LUMAXAUTO,20111004,27.6,27.6,27.5,27.6,1225
LUMAXIND,20111004,378.35,390,375,380.3,13295
LUMAXTECH,20111004,175,175,168,168,1651
LUPIN,20111004,471.9,476.2,462.5,464.45,779403
LYKALABS,20111004,14.5,14.75,14.1,14.2,3987
M&M,20111004,804.25,813,773.8,776.8,2007211
M&MFIN,20111004,645,649.7,634.05,636.7,21051
M100,20111004,7.14,7.25,7,7.02,40611
M50,20111004,65.89,65.89,65,65.39,3207
MAANALU,20111004,50,54.95,48.3,52.8,1362
MADHAV,20111004,16.05,17.65,16,17,1321
MADHUCON,20111004,71.95,73.8,70.5,71,12000
MADRASCEM,20111004,99,100.5,97.5,98.15,41472
MADRASFERT,20111004,19.8,20.95,19.8,20.2,34626
MAGMA,20111004,67.5,70,67.05,69,4437
MAGNUM,20111004,4.85,4.85,4.45,4.85,2493
MAHABANK,20111004,45.65,46.3,45,45.5,92635
MAHINDFORG,20111004,59,59,58,58.25,29100
MAHINDUGIN,20111004,46,46.8,45,45.3,2206
MAHLIFE,20111004,294,299.95,287.35,290.05,6193
MAHSCOOTER,20111004,306.35,306.35,300.25,304.5,499
MAHSEAMLES,20111004,348,351,343.5,344.2,80625
MAITHANALL,20111004,98,98,91,98,400
MALUPAPER,20111004,11.05,11.1,10.75,11,5749
MALWACOTT,20111004,26.5,28.5,25,27.45,1139
MANAKSIA,20111004,55.35,55.9,53.5,54.1,3868
MANALIPETC,20111004,10.5,10.75,10.4,10.45,49086
MANAPPURAM,20111004,52,52.6,50.85,52.05,409295
MANDHANA,20111004,205.6,211,205.05,207.1,144687
MANGALAM,20111004,14.4,14.85,14,14.35,4867
MANGCHEFER,20111004,30.3,30.7,30,30.25,110674
MANGLMCEM,20111004,103.95,103.95,100.3,101.45,10052
MANGTIMBER,20111004,17.6,18.45,17.3,17.3,670
MANINDS,20111004,120.1,125,120.1,122.1,11024
MANINFRA,20111004,137.35,144.4,134,138.3,53265
MANJUSHREE,20111004,88,88.85,86.35,87.05,2650
MANUGRAPH,20111004,48.5,48.5,48.5,48.5,1432
MARALOVER,20111004,12.15,13.45,12.15,13.4,303
MARG,20111004,79,81.95,78.55,79.15,17245
MARICO,20111004,142.7,144.5,140.65,142.25,29546
MARKSANS,20111004,2.15,2.2,2.1,2.15,96833
MARUTI,20111004,1082,1116,1081.95,1107.85,1755670
MASTEK,20111004,92.9,94,91.55,92.5,21051
MAWANASUG,20111004,16,16.8,16,16.3,942
MAX,20111004,181.5,187.4,181.5,184.85,107866
MAXWELL,20111004,25.9,26.3,25.3,25.55,26418
MBECL,20111004,116.45,118,112.8,114.6,4579
MBLINFRA,20111004,141,141,127,127.9,13238
MCDHOLDING,20111004,52,54,51,52.15,6356
MCDOWELL-N,20111004,776.4,788.75,740,770.35,407790
MCLEODRUSS,20111004,229,231,224.3,228.5,69813
MEGASOFT,20111004,14.8,15.15,13.55,14.7,15460
MEGH,20111004,8.85,9.65,8.45,9.35,129303
MELSTAR,20111004,6.75,6.9,6.75,6.9,1103
MERCK,20111004,623,630,623,629.5,6832
MHRIL,20111004,338,338,315,317.4,2598
MIC,20111004,11.45,11.5,11.1,11.25,130458
MICROSEC,20111004,28.05,29.7,28.05,29,7651
MICROTECH,20111004,121.15,122,118.1,121,31997
MINDAIND,20111004,171,183.65,171,175,3
MINDTREE,20111004,349.8,349.8,336.65,339.55,9430
MIRCELECTR,20111004,18.5,20.75,18.4,18.5,77708
MIRZAINT,20111004,18.8,20.75,18.8,19.7,178176
MLL,20111004,22.85,23.5,21.6,22.25,1403475
MMFL,20111004,98.1,105,98.1,98.55,984
MMFSL,20111004,90.35,96,90.35,90.95,10359
MMTC,20111004,636.95,645,631.65,634.75,4679
MOIL,20111004,275,275.65,266,268.1,87067
MONNETISPA,20111004,485,494,480.2,488.45,24879
MONSANTO,20111004,1701,1734.9,1701,1705.2,5999
MORARJETEX,20111004,13,13.05,12.45,12.9,1997
MOREPENLAB,20111004,3.8,3.85,3.75,3.8,65744
MOSERBAER,20111004,21.3,21.3,20.2,20.6,402999
MOTHERSUMI,20111004,171.5,174.9,165,166.2,86745
MOTILALOFS,20111004,83.45,84,81.55,82.15,537417
MOTOGENFIN,20111004,41.6,43,41.6,42.15,4276
MPHASIS,20111004,335.6,338.8,324,326.75,89922
MPSLTD,20111004,35,35,33.5,33.7,74
MRF,20111004,6600,6644,6450,6472.75,5473
MRO-TEK,20111004,10,10.3,9.8,10,5766
MRPL,20111004,61,62.35,59.3,59.8,584291
MSPL,20111004,42,43,41.3,41.65,12241
MTNL,20111004,31,31.4,30.15,30.35,334986
MUDRA,20111004,24.3,25,23.8,24.7,7556
MUKANDENGG,20111004,25.4,25.4,24.85,25.05,2721
MUKANDLTD,20111004,35.15,35.15,32,32.55,11120
MUKTAARTS,20111004,39,39,38.5,38.5,2
MUNDRAPORT,20111004,152.5,159.8,146.7,147.45,1108391
MUNJALAU,20111004,164,165,158.5,160.75,2658
MUNJALSHOW,20111004,59.1,62.35,59.1,61.75,16174
MURLIIND,20111004,22.55,22.9,21.55,21.65,4058
MURUDCERA,20111004,16.1,17.7,16.1,17.05,3899
MUTHOOTFIN,20111004,159,161.9,153.5,154.1,175801
MVL,20111004,27.7,27.7,23.35,23.55,292354
MVLIND,20111004,12,13.65,11.3,13.55,9480
MYSOREBANK,20111004,560,574,555,560.5,1954
N100,20111004,101.5,103.85,99,99.75,2191
NAGREEKCAP,20111004,21.25,21.3,21.1,21.1,800
NAGREEKEXP,20111004,21.5,22.35,21.5,21.95,3345
NAHARCAP,20111004,49.5,54,47.15,48.65,1142
NAHARINDUS,20111004,39,41.8,39,39.7,6243
NAHARPOLY,20111004,25.45,25.45,21.6,22.8,1102
NAHARSPING,20111004,59.5,60.3,58.1,58.8,4464
NANDAN,20111004,2.3,2.4,2.3,2.35,90276
NATCOPHARM,20111004,226.2,232.5,226.15,230.75,5162
NATHSEED,20111004,11.85,13.35,11.85,12.6,10153
NATIONALUM,20111004,60.7,62.5,60.7,60.95,168235
NATNLSTEEL,20111004,14.6,16.4,14.6,15.2,28759
NAUKRI,20111004,636.2,682,636.2,648.9,2639
NAVINFLUOR,20111004,350,354.9,349.15,350.4,3924
NAVNETPUBL,20111004,62.35,65.1,62.35,64.7,166431
NBVENTURES,20111004,177.05,181.7,176,180,20953
NCC,20111004,56,58.1,55.2,55.85,236307
NCLIND,20111004,36,37.1,35.25,36.45,2533
NDTV,20111004,52,59.5,48.5,50.45,297934
NECLIFE,20111004,20.2,20.85,20.05,20.3,53947
NELCAST,20111004,22.5,22.6,21.35,21.5,9451
NELCO,20111004,53.3,55,52.25,53.05,17553
NEOCURE,20111004,2.3,2.3,2.3,2.3,30
NEPCMICON,20111004,3.55,3.85,3.4,3.45,63600
NESCO,20111004,554.9,555.8,535.6,538.55,12996
NESTLEIND,20111004,4192.2,4215,4165.25,4193.9,15588
NET4,20111004,145.75,149.3,141.5,144.35,30477
NETWORK18,20111004,75,76.2,65,69.55,516628
NEULANDLAB,20111004,89,89,87.5,87.5,2072
NEXTMEDIA,20111004,4.55,4.6,4.4,4.5,2921
NEYVELILIG,20111004,77.5,78.5,75.35,75.7,92637
NFL,20111004,65.5,68.7,65.5,66.6,82862
NHPC,20111004,23.65,23.85,23.3,23.35,2257001
NICCO,20111004,2.8,2.8,2.6,2.7,166853
NIFTYBEES,20111004,492.1,497.5,482,487.35,133720
NIITLTD,20111004,45.3,45.3,43.4,43.85,77244
NIITTECH,20111004,193.05,205.8,193.05,199.95,116417
NILKAMAL,20111004,265,268.5,258.5,259.65,1686
NIPPOBATRY,20111004,395,400,390,391,662
NITCO,20111004,44.15,44.85,43.35,43.6,7943
NITESHEST,20111004,16.8,16.8,15.65,15.9,22132
NITINFIRE,20111004,34.25,36.1,33.5,35.2,903643
NITINSPIN,20111004,6.1,7,6.1,6.3,24883
NMDC,20111004,218,223,215,221.4,150572
NOCIL,20111004,15.55,17.15,15.3,15.8,280564
NOIDATOLL,20111004,23.9,24,22.65,22.75,216950
NOL,20111004,37,42,37,39.05,874
NORBTEAEXP,20111004,5,5.15,5,5.15,583
NORTHGATE,20111004,12.8,13,12.05,12.4,28486
NOVOPANIND,20111004,42,43.95,41.7,42,3516
NRBBEARING,20111004,45,45,40.1,40.7,7614
NRC,20111004,3.75,3.95,3.75,3.8,4596
NSIL,20111004,611.05,616.35,590,613.5,231
NTPC,20111004,164,165.6,161.85,163.95,1295102
NUCHEM,20111004,2.85,3.1,2.6,3.05,30329
NUCLEUS,20111004,66.5,68,65.5,66.65,23858
NUMERICPW,20111004,198,198,187.55,189.3,1942
NUTEK,20111004,2.7,2.7,2.65,2.7,211819
OBEROIRLTY,20111004,233.55,233.55,224,227.6,2390
OCL,20111004,91,93,89.5,90.35,2871
OFSS,20111004,1915,1920,1867,1876.95,134071
OIL,20111004,1325,1347.9,1317,1320.05,220331
OILCOUNTUB,20111004,59,60,59,59.15,6034
OISL,20111004,48.6,50.55,48,49.55,17806
OMAXAUTO,20111004,38,39.9,36.75,37.1,1788
OMAXE,20111004,136,136.1,134.2,134.6,80150
OMKARCHEM,20111004,66.1,67.4,66.1,66.8,3118
OMMETALS,20111004,25.85,25.85,25,25,700
OMNITECH,20111004,140,144,137.05,138.8,8505
ONGC,20111004,267.95,269.7,262.05,264.05,3574878
ONMOBILE,20111004,60,61.5,59.3,60.15,280964
ONWARDTEC,20111004,36.25,41.6,36.25,38.2,2050
OPTOCIRCUI,20111004,226.35,226.75,213.45,216.85,330061
ORBITCORP,20111004,32,34.25,31.1,33.55,355508
ORCHIDCHEM,20111004,153.5,155.9,143.05,144.3,1640619
ORIENTABRA,20111004,33,35.5,33,34.9,28772
ORIENTALTL,20111004,8,8,7.75,7.75,1005
ORIENTBANK,20111004,289.5,298.75,282.7,284.2,372246
ORIENTCERA,20111004,46,46,44.05,44.95,579
ORIENTHOT,20111004,26.6,27,26.05,26.4,2228
ORIENTLTD,20111004,58.5,75,58.5,69.75,219
ORIENTPPR,20111004,60.05,61,59.8,60,343180
ORISSAMINE,20111004,42700,44200,42530,42870.85,1058
OSWALMIN,20111004,43.25,43.4,39.25,41.05,654
OUDHSUG,20111004,19.7,20.4,19.6,19.7,3059
PAEL,20111004,21.15,22,21.15,22,1151
PAGEIND,20111004,2521.05,2566,2360,2391.75,3928
PANACEABIO,20111004,123,123,117.5,118.2,4236
PANAMAPET,20111004,225.5,231.95,225.5,231.2,262
PANASONIC,20111004,104,111,103.15,109.35,611
PANORAMUNI,20111004,9.85,10.5,9.85,10.25,8065
PANTALOONR,20111004,189.45,197.4,183.55,185.35,925565
PAPERPROD,20111004,73.7,76.7,73.7,76.35,18289
PARABDRUGS,20111004,31.7,33.2,31.7,32.9,43785
PARACABLES,20111004,2.95,3.25,2.8,3,18342
PARAL,20111004,218.85,227.95,218.8,222.1,2318
PARAPRINT,20111004,20,24.1,20,24.1,318385
PARASPETRO,20111004,0.45,0.5,0.45,0.45,86925
PARSVNATH,20111004,64.4,64.75,63.1,63.75,1309919
PATELENG,20111004,91.9,93.25,90.05,90.7,216435
PATINTLOG,20111004,31.45,32.35,30.25,31.1,99885
PATNI,20111004,271.55,292.7,268.1,287.4,348655
PATSPINLTD,20111004,10.6,12.5,10.6,12.5,173
PBAINFRA,20111004,41.8,42.2,39.6,40.25,10137
PDPL,20111004,95.1,95.1,87,94,438
PDUMJEIND,20111004,17.05,17.05,16.1,16.3,3
PDUMJEPULP,20111004,17,17,16.15,16.15,3748
PEACOCKIND,20111004,3,3,2.75,3,3907
PEARLPOLY,20111004,20.1,20.25,20,20.05,301
PENIND,20111004,38,38.1,37,37.1,16209
PENINLAND,20111004,44.1,46.95,43.5,44.05,117331
PERIATEA,20111004,139.9,140,133,133,250
PERSISTENT,20111004,300,302,295.05,299.95,12970
PETRONENGG,20111004,282,288,279.95,280.15,600
PETRONET,20111004,160,165.35,158.15,160.85,2378868
PFC,20111004,142.5,143.4,134.7,135.4,3075054
PFIZER,20111004,1325.5,1340.9,1322.5,1335,1443
PFOCUS,20111004,54.8,56.6,52.7,53,278757
PFS,20111004,15.1,15.4,15.1,15.1,85286
PGEL,20111004,245.25,250,226.8,226.85,627717
PGHH,20111004,1898.9,1898.9,1850,1873.95,472
PHILIPCARB,20111004,135.25,142,135.25,137.55,4900
PHOENIXLTD,20111004,210,213.95,208.1,209.85,2989
PIDILITIND,20111004,155,164.95,155,160.65,44403
PIIND,20111004,566,573,565,565.05,878
PIONDIST,20111004,45,49,43.8,46.55,291
PIONEEREMB,20111004,11,12.8,11,11.5,1234
PIPAVAVDOC,20111004,77.4,77.5,70.05,71.45,7225015
PIRGLASS,20111004,113.95,127,113.95,122.75,2531
PIRHEALTH,20111004,349,355.4,348,351.9,71881
PIRLIFE,20111004,89,89,86.65,87.05,58860
PITTILAM,20111004,45.7,46.85,45,45.3,7333
PLASTIBLEN,20111004,170.15,175,169.1,174,521
PLETHICO,20111004,364,372,360.2,370.7,50469
PNB,20111004,926,952.8,871,924,716788
PNBGILTS,20111004,23.75,25.05,23.6,24.1,48840
PNC,20111004,13.95,13.95,12.85,13.05,3252
POCHIRAJU,20111004,12.2,13.05,11.5,12.3,98461
POLARIND,20111004,4.05,4.05,3.7,3.7,5754
POLARIS,20111004,127.75,130.2,124.3,128.25,260301
POLYPLEX,20111004,167,171.85,165.25,166.25,75573
PONDYOXIDE,20111004,29,29.95,29,29.2,5792
PONNIERODE,20111004,85.9,85.9,78,78,561
POWERGRID,20111004,96.8,98.05,95.6,95.85,1541496
PPAP,20111004,79.1,80.95,79,80.2,98
PRADIP,20111004,59.5,64.35,58,63.8,44540
PRAENG,20111004,6.3,6.4,5.85,6,74313
PRAJIND,20111004,68.85,71.95,67.95,70.2,892854
PRAKASH,20111004,51.35,51.95,48.75,49.15,175539
PRAKASHCON,20111004,147.2,245,112.25,230,31247332
PRAKASHSTL,20111004,124,124,120.4,120.95,6673
PRATIBHA,20111004,40.4,43.3,40.3,41.7,63581
PRECOT,20111004,109,109,108.15,108.3,683
PRECWIRE,20111004,88.65,88.75,80.1,80.25,7088
PREMIER,20111004,79.85,80.8,78.9,79.05,1161
PRESTIGE,20111004,87,89.2,85.05,88.05,44168
PRETAILDVR,20111004,165.9,165.95,156.15,160.85,2545
PRICOL,20111004,15.35,15.7,14.8,15.4,28088
PRIMESECU,20111004,16.95,17.2,15.9,16,15956
PRISMCEM,20111004,41.6,42.55,41,41.2,1068509
PRITHVI,20111004,19.1,19.45,17.5,18.55,5425
PROVOGUE,20111004,30.5,30.9,29.5,29.75,61375
PSB,20111004,66.4,66.4,64.35,65.35,69643
PSL,20111004,59.85,66.9,59.35,63.4,1050040
PSUBNKBEES,20111004,320.8,329.84,307.21,314.21,1788
PTC,20111004,68.5,69.6,66.9,67.55,692038
PTL,20111004,44.95,44.95,41.15,42.1,18400
PUNJABCHEM,20111004,68.5,69.95,66.15,67.5,613
PUNJLLOYD,20111004,53.05,54.15,52.05,52.4,2276018
PURVA,20111004,65.55,66,62.25,63.05,4877
PVP,20111004,4.85,5,4.05,4.8,89535
PVR,20111004,121.5,123,115,116.15,165253
QGOLDHALF,20111004,1275.65,1291.95,1275.65,1285.1,823
QNIFTY,20111004,492.8,492.8,485.5,486.01,305
QUINTEGRA,20111004,2.95,3.2,2.95,3.1,1588562
RADAAN,20111004,2,2.3,2,2.15,13005
RADICO,20111004,126,126,120,121.85,126865
RAINBOWPAP,20111004,65.05,65.95,64,64.45,81388
RAINCOM,20111004,26,26.6,25.4,25.6,39862
RAJESHEXPO,20111004,121.1,125.35,119.3,121.9,435207
RAJOIL,20111004,20.65,21.25,20.15,20.4,22403
RAJPALAYAM,20111004,202.2,202.2,198.4,198.75,92
RAJRAYON,20111004,9.5,10.05,9.5,9.7,4
RAJSREESUG,20111004,34.5,35.4,33.6,34.8,5294
RAJTV,20111004,58.5,59.4,56.6,58.05,10439
RAJVIR,20111004,119.95,119.95,119.95,119.95,1
RALLIS,20111004,170.6,186.6,170.6,179.55,609659
RAMANEWS,20111004,11.7,11.7,10.75,10.8,6243
RAMCOIND,20111004,40.7,41.9,40.5,41,84407
RAMCOSYS,20111004,57,58,56.25,56.7,6852
RAMKY,20111004,210.15,213,205,206.4,3088
RAMSARUP,20111004,9.3,10.15,9.3,9.7,43106
RANASUG,20111004,3.7,3.8,3.7,3.75,80431
RANBAXY,20111004,512.9,523.8,510.5,516.55,699567
RANEENGINE,20111004,190.7,190.7,187.75,188.8,108
RANEHOLDIN,20111004,197,205.95,193.15,201.05,792
RANKLIN,20111004,13.05,14,13.05,13.95,14990
RATNAMANI,20111004,102,102.15,102,102.15,462
RAYMOND,20111004,330.15,338.25,324.4,326.75,112726
RBL,20111004,99,119,99,105.9,2059
RBN,20111004,69.75,70.75,64.6,65.3,234856
RCF,20111004,71,72.9,70,70.15,451380
RCOM,20111004,72,73.5,70.3,71.35,6482418
RECLTD,20111004,162,165.9,154.85,155.9,1501096
REDINGTON,20111004,93.5,98.8,88.25,90.1,34571
REFEX,20111004,11,11.5,10.7,11.45,7744
REIAGROLTD,20111004,24.45,24.65,24,24.2,500150
REISIXTEN,20111004,23.7,24.25,22.5,23.8,3090
RELAXO,20111004,425,448.95,425,443.2,1617
RELBANK,20111004,942,942,860,864.3,243
RELCAPITAL,20111004,319.9,328,315.15,323.1,5075630
RELGOLD,20111004,2491,2524,2491,2515.95,17208
RELGRNIFTY,20111004,455.1,479.9,442.3,474.64,195
RELIANCE,20111004,784,790.8,765.25,771.6,6000741
RELIGARE,20111004,414.95,414.95,408.05,410,6674
RELIGAREGO,20111004,2656.45,2679.95,2626.25,2656.45,147
RELINFRA,20111004,376.05,382.9,372.15,377.15,1339832
RELMEDIA,20111004,89.05,91.7,86.25,88.9,305377
RENUKA,20111004,53,55,52,53.45,3694408
REPRO,20111004,134,135.95,132,133.05,2956
RESPONIND,20111004,106.8,107,105.75,105.75,7677
RESURGERE,20111004,0.3,0.3,0.25,0.3,1204310
REVATHI,20111004,372.5,372.5,344.7,347.05,155
RICOAUTO,20111004,11,11.4,10.75,11.35,32249
RIIL,20111004,387,393.95,377,382.1,101637
RJL,20111004,91,92.7,87.25,87.5,1982
RKDL,20111004,15.4,16.45,15.4,16.15,3959
RKFORGE,20111004,105.9,105.9,98.1,101.65,7519
RMCL,20111004,5.5,5.5,4.35,4.75,19301
RML,20111004,117.3,121.85,117.25,120,4050
ROHITFERRO,20111004,26.75,27.6,26.5,26.55,12186
ROHLTD,20111004,52,54,50.55,51.65,8603
ROLTA,20111004,79.95,81.3,77.1,77.4,900597
ROMAN,20111004,21.7,22.45,21.3,21.4,137
RPGLIFE,20111004,79,79.85,77.55,78.65,2041
RPOWER,20111004,78.05,80.85,76.8,78.25,2626757
RPPINFRA,20111004,60.1,63.4,58,58.35,2381
RSSOFTWARE,20111004,52.8,54.8,52.8,54.25,15487
RSWM,20111004,81.65,86.9,81.65,82.95,492
RSYSTEMS,20111004,99.5,100,99,99.3,371
RUBYMILLS,20111004,867,880,856,861.85,134
RUCHINFRA,20111004,19.15,19.75,18.75,19.45,67180
RUCHIRA,20111004,8.95,8.95,8.3,8.85,7020
RUCHISOYA,20111004,109.9,112.25,109.7,110.9,185714
RUSHIL,20111004,190,199.8,184.1,188.35,1832022
SABERORGAN,20111004,122,122,120.3,120.9,74207
SADBHAV,20111004,128.2,131.8,126,127.6,12837
SAGCEM,20111004,131.2,139.4,131.1,134.55,2712
SAHPETRO,20111004,28.2,28.85,27.5,28.8,2418
SAIL,20111004,99,101.8,98.05,100.1,5433907
SAKHTISUG,20111004,25.45,26.1,25.15,25.25,46373
SAKSOFT,20111004,79.75,83,78,79.25,3221
SAKUMA,20111004,13,13.4,12.7,13.15,34
SALONACOT,20111004,15.5,15.5,15.5,15.5,1
SALORAINTL,20111004,29.3,29.3,25.55,27.5,113
SALSTEEL,20111004,5.3,5.45,5.3,5.3,5433
SAMBANDAM,20111004,69.65,76.9,68,76.4,420
SAMBHAAV,20111004,1.35,1.35,1.2,1.2,6595
SANDESH,20111004,274,290.95,274,282.95,29
SANGAMIND,20111004,28.2,29.95,28.2,29.95,362
SANGHIPOLY,20111004,1.3,1.45,1.3,1.3,5003
SANGHVIFOR,20111004,23.05,24.85,23,23.4,4412
SANGHVIMOV,20111004,118.55,120,118,118.35,3817
SANWARIA,20111004,16.45,16.85,14.9,15.35,461152
SARDAEN,20111004,124.05,129.55,123,126.05,13787
SAREGAMA,20111004,67.6,69.85,66.15,66.75,39567
SARLAPOLY,20111004,107.95,109,107.95,108.3,57
SASKEN,20111004,112.25,112.65,107,107.9,31111
SATHAISPAT,20111004,35.75,35.75,34.75,35.5,9038
SATYAMCOMP,20111004,66.1,68.25,64.65,65.3,2404451
SAVERA,20111004,36.1,38.95,36.1,36.15,221
SB&TINTL,20111004,15.3,15.4,14.2,14.6,6296
SBBJ,20111004,387.05,391,364.1,367.05,42739
SBIGETS,20111004,2629,2645,2616,2637.35,5781
SBIN,20111004,1850,1872.8,1750,1787.2,5059524
SBT,20111004,596.05,609,585.1,589.3,9397
SCI,20111004,74.05,74.05,71.5,71.7,889479
SEAMECLTD,20111004,100.05,103,100.05,102.7,13604
SELAN,20111004,288,295.85,283.5,284.75,11884
SELMCL,20111004,11.5,11.85,11.5,11.65,157572
SENTINEL,20111004,12.55,14,12.55,13.7,4084
SERVALL,20111004,6.15,6.3,6,6.1,30557
SESAGOA,20111004,193.5,197.45,190.35,193.45,2523564
SESHAPAPER,20111004,194,195,190.15,190.2,254
SEZALGLASS,20111004,2.6,2.65,2.25,2.5,523988
SGJHL,20111004,141.5,144.75,136.6,139.15,237099
SGL,20111004,3.75,3.8,3.75,3.8,103
SHAHALLOYS,20111004,10,11.55,9,9.5,5237
SHALPAINTS,20111004,422,463.8,421.55,440.65,7168
SHANTIGEAR,20111004,38.5,39.75,38.3,39.4,54094
SHARIABEES,20111004,111.25,111.25,110.2,110.85,57
SHARRESLTD,20111004,56.4,57.5,53,53,80268
SHASUNPHAR,20111004,64.05,67.95,63.2,64.2,63068
SHILPAMED,20111004,217.65,221.2,215.65,220,8197
SHILPI,20111004,12.2,13.2,12,12.6,33269
SHIV-VANI,20111004,189,195,189,193.1,16059
SHIVTEX,20111004,23,24,22.75,23.75,1097
SHLAKSHMI,20111004,93.8,97.5,92.15,94.55,67105
SHOPERSTOP,20111004,337.05,340.95,320.2,326.45,8050
SHREEASHTA,20111004,5.55,5.75,5.5,5.6,2259967
SHREECEM,20111004,1826.15,1900,1826.15,1874.5,2495
SHREERAMA,20111004,4.65,4.75,4.35,4.5,17305
SHRENUJ,20111004,61,64.5,60.8,61.25,10311
SHREYAS,20111004,35,38.8,35,36.55,4230
SHRIRAMCIT,20111004,525,525,515.05,515.05,179
SHRIRAMEPC,20111004,121,126,117.3,118.55,3455
SHYAMTEL,20111004,36.5,36.5,33.8,34,2540
SICAGEN,20111004,18.45,19.2,18.45,18.8,7111
SICAL,20111004,70.5,71.9,70.15,71,6241
SIEMENS,20111004,820.05,838.9,815.25,830.95,127804
SILINV,20111004,89,89,79.15,82.4,682
SIMBHSUGAR,20111004,27.4,29.4,27.4,28.15,3983
SIMPLEX,20111004,80,85.45,78,85.45,421
SIMPLEXINF,20111004,237.8,237.8,223,225.4,849
SINTEX,20111004,110,113.45,102.75,106.3,5597603
SIRPAPER,20111004,45.15,47.8,45.15,47.45,627
SITASHREE,20111004,8.45,8.45,7.8,7.85,3401
SIYSIL,20111004,250,266.75,250,262.95,2592
SJVN,20111004,21.4,21.5,21,21,186954
SKFINDIA,20111004,671,673.75,658.5,660.2,25977
SKMEGGPROD,20111004,7.4,7.5,7.3,7.4,2341
SKSMICRO,20111004,228,228,222.1,222.1,58544
SKUMARSYNF,20111004,39.95,41.15,38.6,38.9,1984468
SMARTLINK,20111004,38.8,39.3,38.5,38.7,1659
SMLISUZU,20111004,385.5,395,374,390,1140
SMOBILITY,20111004,101,104,99.1,100.7,46711
SMPL,20111004,7,7.1,6.85,6.95,51148
SMSPHARMA,20111004,170,170.95,163.05,170,461
SOBHA,20111004,205.15,214.9,202.05,206.5,60183
SOFTTECHGR,20111004,4.5,4.8,4.4,4.55,218
SOLARINDS,20111004,757.35,775,751,766.5,5831
SOMANYCERA,20111004,43.8,43.8,40.05,41.35,3887
SOMATEX,20111004,6,6.45,6,6.15,1393
SONASTEER,20111004,13.9,13.9,13.55,13.75,40321
SONATSOFTW,20111004,27.65,28.8,27.25,27.75,193361
SOTL,20111004,532.05,536.45,523,533.7,696
SOUISPAT,20111004,4.7,4.75,4.5,4.7,111846
SOUTHBANK,20111004,21.4,21.95,21.25,21.55,1553691
SPANCO,20111004,127,131,115,124.2,63371
SPARC,20111004,78,78.5,76.65,78.05,61466
SPENTEX,20111004,8.15,9.15,8.15,8.95,1128
SPIC,20111004,24,24.9,23.6,23.9,188818
SPMLINFRA,20111004,121,125.85,120.5,122.4,1271
SPYL,20111004,21.35,22,21.35,21.4,477
SREINFRA,20111004,32.3,33,30.2,30.55,811247
SRF,20111004,299.55,303.95,298,300,27750
SRGINFOTEC,20111004,0.45,0.5,0.45,0.45,29288
SRHHLINDST,20111004,3.6,3.85,3.6,3.85,2198
SRHHYPOLTD,20111004,37,39.15,37,38.6,137
SRSLTD,20111004,32.05,32.35,30,30.4,422998
SRTRANSFIN,20111004,602.6,632.95,602.6,615.65,344277
SSWL,20111004,211.15,220.8,205.5,213.6,8150
STAR,20111004,339.7,357.15,331,334.9,357926
STARPAPER,20111004,22.1,22.4,21.35,21.8,2309
STCINDIA,20111004,151.8,154,146.2,147.3,40375
STER,20111004,108.8,110.75,103.65,105.15,8301900
STERLINBIO,20111004,67,68.45,66.6,67.75,529817
STERTOOLS,20111004,101.2,102.1,101.2,102.1,37
STOREONE,20111004,14,14,13.8,13.8,3512
STRTECH,20111004,38.5,38.5,35.2,35.45,227845
SUBEX,20111004,41.4,42.85,40.75,40.85,720972
SUDAR,20111004,72.1,73,66.25,67.85,469362
SUDARSCHEM,20111004,679,699,679,689.4,5
SUJANATOW,20111004,25.5,26.25,25.1,25.35,864310
SUJANAUNI,20111004,4.5,4.55,4.3,4.4,35279
SUMEETINDS,20111004,27.05,28.25,24.7,24.75,390926
SUMMITSEC,20111004,75,78,71,74.6,4877
SUNCLAYTON,20111004,139.25,139.35,135,135.8,5803
SUNDARAM,20111004,42.25,43.25,42.1,42.2,66390
SUNDARMFIN,20111004,524.95,534.95,515.15,520.35,11630
SUNDRMBRAK,20111004,145,150,145,148.45,468
SUNDRMFAST,20111004,60,61,59.75,60.15,32266
SUNFLAG,20111004,24.8,25.05,23.75,24,69947
SUNILHITEC,20111004,80.3,82.8,78,79.6,7082
SUNPHARMA,20111004,463,463.15,448.5,452.3,1200820
SUNTECK,20111004,309,312.9,308,312.05,13948
SUNTV,20111004,224,224,214.1,219.75,960762
SUPER,20111004,175,175,169.95,170.05,305
SUPERSPIN,20111004,7.2,8,7.2,7.35,5293
SUPPETRO,20111004,70.9,71.9,70,70.5,37535
SUPRAJIT,20111004,18.5,19.1,18.5,18.7,1600
SUPREMEIND,20111004,185,191,183.5,185.65,26499
SUPREMEINF,20111004,215,217.9,212,214.2,5214
SURAJDIAMN,20111004,43,44.8,43,43.6,10591
SURANACORP,20111004,93.1,95.5,93.1,95.5,115
SURANAIND,20111004,430,430.9,426.8,428.4,3392
SURANAT&P,20111004,14.35,14.4,14,14,1153
SURANAVEL,20111004,29,29,28,28,1442
SURYAJYOTI,20111004,22.55,22.55,21.7,21.95,2906
SURYALAXMI,20111004,59,60.75,58.5,60.75,1027
SURYAPHARM,20111004,15.65,15.65,14.9,15.05,36219
SURYAROSNI,20111004,59,60.5,58.65,59.25,4404
SUTLEJTEX,20111004,178.5,180,167.05,168.55,2334
SUVEN,20111004,16.35,17.7,16.35,16.7,70838
SUZLON,20111004,35.65,37,35.35,35.6,9782187
SWARAJENG,20111004,456.2,459.95,443.65,452.15,3693
SYMPHONY,20111004,1225,1244.9,1197,1215.05,814
SYNCOM,20111004,14.1,14.5,14,14.05,12128
SYNDIBANK,20111004,99,101.7,96.5,97.45,277293
TAINWALCHM,20111004,21.5,21.5,20.65,20.75,558
TAJGVK,20111004,86,90,84.25,87.6,38004
TAKE,20111004,31.35,31.35,28.05,28.55,91715
TALBROAUTO,20111004,42,42,39.6,40,837
TALWALKARS,20111004,174.7,177.6,166,166.75,44881
TANFACIND,20111004,23.5,23.5,23.5,23.5,3
TANLA,20111004,7.6,7.8,7.2,7.3,141879
TANTIACONS,20111004,47.05,51.9,46.1,47.3,3284
TARAPUR,20111004,17.4,17.85,17,17.5,17193
TATACHEM,20111004,302.75,304,297,301.6,442994
TATACOFFEE,20111004,780.9,799.9,766.5,779.5,131468
TATACOMM,20111004,182.35,186.1,179.05,179.95,227174
TATAELXSI,20111004,192.2,199.8,191,193.65,20792
TATAGLOBAL,20111004,84.4,84.85,82.4,82.9,711092
TATAINVEST,20111004,483.2,490,481.8,483.15,2650
TATAMETALI,20111004,76,77.95,74.3,75,25974
TATAMOTORS,20111004,152.2,152.6,144.75,146.7,17589856
TATAMTRDVR,20111004,86.9,86.9,82.75,83.75,2168056
TATAPOWER,20111004,97.4,98.25,95.75,96.75,2386324
TATASPONGE,20111004,297,302.95,295.1,299.9,4093
TATASTEEL,20111004,393.85,405.4,390.3,397.55,4738785
TCI,20111004,84,84,78.85,79.2,6136
TCIDEVELOP,20111004,150.1,165.95,150.1,160.45,325
TCIFINANCE,20111004,32,32.95,29.85,29.85,3511
TCS,20111004,1038.4,1059,1029.1,1045.95,2359112
TDPOWERSYS,20111004,251.3,258,250,254.9,38430
TECHM,20111004,553,559.7,538.6,547,139269
TECHNO,20111004,215.05,221.1,203.05,210.6,16273
TECHNOFAB,20111004,132,145,129.7,133.1,3556
TECPRO,20111004,220.1,220.1,216.2,217.3,4640
TELEDATAIT,20111004,0.3,0.35,0.25,0.3,364402
TELEMARINE,20111004,0.5,0.6,0.5,0.5,88497
TEXMACOLTD,20111004,31.5,31.65,29.5,30.8,220524
TEXMOPIPES,20111004,35.25,36.2,34.65,34.95,42815
TEXRAIL,20111004,78.75,79.85,78.7,79,15767
TFCILTD,20111004,29,29.45,28.9,29.15,19507
TFL,20111004,13.25,13.25,13.15,13.15,120
THANGAMAYL,20111004,144,149.75,144,146,9295
THEMISMED,20111004,114.15,114.15,105,112,214
THERMAX,20111004,413,419.4,409.5,411.1,220809
THINKSOFT,20111004,37.1,39.2,37,37.3,43022
THIRUSUGAR,20111004,71,74,70,70.95,691
THOMASCOOK,20111004,45.3,45.8,44.85,45.05,72799
TI,20111004,28.9,30.25,28.2,29.2,127616
TIDEWATER,20111004,6355,6400,6275,6305.5,295
TIIL,20111004,38.65,40,38.65,39,7485
TIL,20111004,395,405,395,399.75,865
TIMESGTY,20111004,27.8,28.9,27.75,28.9,209
TIMETECHNO,20111004,64.6,64.6,62.95,63.05,3366
TIMKEN,20111004,206.4,214.6,205.15,209.4,108438
TINPLATE,20111004,44.5,45.55,43.8,44.7,39623
TIPSINDLTD,20111004,28,28.4,27.25,27.9,5082
TIRUMALCHM,20111004,71.5,72.95,65.1,66.05,4602
TITAN,20111004,205,207.4,195.45,197.35,5658170
TNPETRO,20111004,15.35,15.7,15.15,15.2,9678
TNPL,20111004,98,101.85,97.7,98.85,67236
TODAYS,20111004,5.2,5.2,4.85,5.05,2569
TOKYOPLAST,20111004,13.55,13.55,13.55,13.55,100
TORNTPHARM,20111004,536.4,548.9,527.1,529.85,21755
TORNTPOWER,20111004,220.4,224.7,219.55,223.25,108429
TREEHOUSE,20111004,160,166.9,155,160.55,439827
TRENT,20111004,1094.75,1100,1078.95,1089.45,7931
TRF,20111004,320,323,315,315.75,5800
TRICOM,20111004,11,11.85,11,11.7,2613
TRIDENT,20111004,11.1,11.7,11.1,11.45,12589
TRIGYN,20111004,12.95,13.2,12.75,12.85,9001
TRIL,20111004,218.05,221.95,217,219.9,3568
TRIVENI,20111004,21.3,21.5,20.7,20.9,249572
TTKHEALTH,20111004,451.25,465,438.35,441.4,34627
TTKPRESTIG,20111004,2558,2629.8,2528.6,2553.7,74853
TTL,20111004,22,24.75,22,23.05,1716
TTML,20111004,16.9,17.2,16.35,16.5,1702040
TUBEINVEST,20111004,129,132.75,124,129,36678
TULIP,20111004,154.6,156.95,152,152.9,237484
TULSI,20111004,11.15,11.45,11.15,11.3,29181
TULSYAN,20111004,37,37,36,36.15,204
TV18BRDCST,20111004,41.7,41.7,39.1,40.75,110076
TVSELECT,20111004,18.5,20.2,18.1,18.3,3506
TVSMOTOR,20111004,62,62,58.1,58.75,938354
TVSSRICHAK,20111004,379.5,380,373,375.1,547
TVTODAY,20111004,51.15,53.45,49.85,50.2,18715
TWILITAKA,20111004,33.4,34.85,32.8,33.25,28055
TWL,20111004,403,408,391.55,399.95,6047
UBENGG,20111004,51.05,51.05,46.1,47.25,33284
UBHOLDINGS,20111004,100,102.25,95.2,97.3,66434
UBL,20111004,370.05,372.95,360,362.5,17533
UCALFUEL,20111004,70,72.45,69.2,69.4,3876
UCOBANK,20111004,63.75,65.5,60.75,62.6,1855124
UFLEX,20111004,131.55,133.5,124,125.8,442003
UGARSUGAR,20111004,12.6,13.2,12.5,12.55,3467
ULTRACEMCO,20111004,1091.3,1117.9,1085.15,1100.5,124457
UMESLTD,20111004,16.5,16.5,15.5,16,1636
UNICHEMLAB,20111004,136.8,136.8,132,133.3,14153
UNIENTER,20111004,26,26.85,25.25,25.8,10701
UNIONBANK,20111004,239,240.25,225,232.2,736405
UNIPHOS,20111004,134.95,136,128.1,128.9,1695842
UNIPLY,20111004,11.25,11.25,10.5,11.15,2032
UNITECH,20111004,25.65,26.3,24.8,25.15,21568593
UNITEDBNK,20111004,72.5,74.25,71.15,71.65,51328
UNITY,20111004,42,42.9,41.1,41.65,57973
UNIVCABLES,20111004,49,51.45,47,47.45,3051
UPERGANGES,20111004,44,45.5,42.55,45.5,58
USHAMART,20111004,32,32.7,31.1,31.5,105364
USHERAGRO,20111004,123.9,125.05,120.5,121.8,237361
UTISUNDER,20111004,955,955,875,914.09,22
UTTAMSTL,20111004,69,70,67.65,68,10362
UTTAMSUGAR,20111004,29.25,30.4,29.05,29.75,10315
UTVSOF,20111004,950,960,945,947.9,8364
VADILALIND,20111004,107,115.9,107,109.15,811
VAIBHAVGEM,20111004,34.2,34.2,33.15,33.55,4427
VAKRANSOFT,20111004,350.05,353,350,350,11126
VALECHAENG,20111004,73,76.4,72.1,73.1,18523
VALUEIND,20111004,16.75,17.2,16.35,16.55,3472
VARDHACRLC,20111004,8.85,9.15,8.85,8.9,39856
VARDMNPOLY,20111004,106.75,107.4,100,102.55,35582
VARUN,20111004,249,254,249,250.65,185598
VARUNSHIP,20111004,20,20,19,19.2,32120
VASCONEQ,20111004,44.5,46.2,44.5,46,10104
VENKEYS,20111004,365.3,392,365.3,379.35,32074
VENUSREM,20111004,195,202,192,194.2,3786
VESUVIUS,20111004,386,395,385,390.35,36849
VGUARD,20111004,208.75,209.65,205.1,205.75,16724
VHL,20111004,351,351,351,351,10
VICEROY,20111004,24.2,24.8,23.8,23.9,7393
VIDEOIND,20111004,167.95,170,165.25,167.65,196766
VIJAYABANK,20111004,53.8,54.45,51.4,52,1504326
VIJSHAN,20111004,15.1,16,15.1,15.1,4726
VIKASHMET,20111004,9.55,10.35,9.5,9.75,27331
VIMTALABS,20111004,18.25,18.55,17.35,17.35,66275
VINATIORGA,20111004,67.1,68.5,65.85,67.65,9835
VINDHYATEL,20111004,150,150.4,150,150.4,80
VINYLINDIA,20111004,9.1,9.7,9,9.65,611
VIPIND,20111004,855.3,894.75,847,884.05,986215
VIPUL,20111004,10.25,11,10.25,10.6,20485
VISAKAIND,20111004,86.5,87.5,83.55,83.75,1538
VISASTEEL,20111004,58.5,58.95,58.5,58.5,8707
VISESHINFO,20111004,2.8,3.3,2.7,3.05,6456
VISHALRET,20111004,24.1,24.35,23,23.1,46926
VISUINTL,20111004,1.95,2.15,1.8,2,7869
VIVIMEDLAB,20111004,245.1,252.25,245.1,247.25,19635
VLSFINANCE,20111004,11.35,11.35,10.85,10.9,5984
VOLTAMP,20111004,495.1,507.3,495.1,504.7,7784
VOLTAS,20111004,104.5,107.45,102.15,103,902015
VSTIND,20111004,1253.1,1319.95,1250.1,1256.4,3166
VSTTILLERS,20111004,510.05,520,490,504.05,17574
VTL,20111004,184.25,194,184.25,190.55,16898
VTXIND,20111004,14.5,14.5,12.8,12.9,5804
WABAG,20111004,374.9,374.9,346.55,356.45,8203
WABCOINDIA,20111004,1292,1292,1222.5,1232.4,806
WALCHANNAG,20111004,87.05,89.65,85.4,85.95,19457
WANBURY,20111004,22.75,23.75,22.75,23.2,2619
WEBELSOLAR,20111004,36.65,38,36.65,36.95,14806
WEIZFOREX,20111004,69,77,66.3,77,16
WEIZMANIND,20111004,9,9.8,9,9.4,1060
WELCORP,20111004,106.95,109,104,105.55,406982
WELGLOB,20111004,40.3,40.3,38.15,38.55,2107
WELINV,20111004,48,53.5,46.7,51.4,39
WELPROJ,20111004,38.8,39.8,38.05,38.2,4353
WENDT,20111004,1559,1570.05,1526,1526,56
WHEELS,20111004,249,249,242,242.85,220
WHIRLPOOL,20111004,215.15,221,215,219.45,11249
WILLAMAGOR,20111004,48.5,50.75,46,49.45,3058
WINDMACHIN,20111004,22.4,22.4,20.1,20.15,10966
WINSOME,20111004,24,24.95,24,24.6,5859
WIPRO,20111004,326.55,338,325.35,333.55,1205540
WOCKPHARMA,20111004,384.7,404,384.7,401.3,171028
WSI,20111004,16.45,16.5,16,16.15,13541
WSTCSTPAPR,20111004,67,67.95,66.5,66.75,3973
WWIL,20111004,6.65,6.8,6.5,6.6,542861
WYETH,20111004,935.1,977.5,935.1,959.75,5631
XLENERGY,20111004,7.05,7.25,6.45,6.95,18118
XPROINDIA,20111004,52,52,49.15,49.9,8199
YESBANK,20111004,260.55,264.4,248.75,251.1,2919835
ZEEL,20111004,117.9,117.95,113.8,114.15,753219
ZEELEARN,20111004,19.1,19.45,18.6,18.7,181000
ZEENEWS,20111004,12.5,12.5,11.85,11.9,251909
ZENITHBIR,20111004,4.6,4.7,4.5,4.55,120137
ZENITHCOMP,20111004,13.6,13.95,13.1,13.2,4527
ZENITHINFO,20111004,170,170,170,170,14
ZENSARTECH,20111004,121.45,122.9,117,117.95,1401
ZICOM,20111004,33.15,34.1,33.15,33.35,6474
ZODIACLOTH,20111004,227,250.95,224.5,241.75,1576
ZODJRDMKJ,20111004,22,23.95,22,23.9,2709
ZUARIAGRO,20111004,542.05,563.8,542.05,558.95,2242
ZYDUSWELL,20111004,541,550.95,518.15,531.55,8647
ZYLOG,20111004,397.25,404,376.75,393.7,80153
NSENIFTY,20111004,4823.50,4869.75,4728.30,4772.15,184413296,6736.87
NIFTYJUNIOR,20111004,9607.95,9694.95,9415.30,9435.25,84061963,1497.63
BANKNIFTY,20111004,9135.05,9240.15,8818.05,8913.35,24395091,2103.45
NSEMIDCAP,20111004,6960.10,7014.40,6867.15,6876.80,118916630,1329.47
NSEIT,20111004,5544.20,5599.90,5478.10,5537.10,13009478,707.23
NSE100,20111004,4744.30,4788.20,4652.10,4688.05,268475259,8234.50
NSE500,20111004,3888.85,3921.85,3821.90,3843.70,483613293,10298.51
MIDCAP50,20111004,2037.35,2062.75,2006.40,2009.60,78357389,910.52
VIX,20111004,35.07,39.02,34.79,37.19,35.07,2.12
