20MICRONS,20111104,68.5,68.5,66.5,66.95,70515
3IINFOTECH,20111104,25.25,25.75,25.25,25.5,470031
3MINDIA,20111104,4382.2,4489,4382.2,4446.35,698
A2ZMES,20111104,169.7,173,166,169.1,269350
AANJANEYA,20111104,427.8,430.25,414.5,419.75,31343
AARTIDRUGS,20111104,97.5,98,95.85,96.9,7341
AARTIIND,20111104,47.45,48.3,47.45,48.1,3394
AARVEEDEN,20111104,36.9,36.9,35.5,35.7,153
ABAN,20111104,434,439.7,425,430.15,668437
ABB,20111104,679.05,687,675.15,677.3,83105
ABBOTINDIA,20111104,1465,1535,1465,1527.15,3081
ABCIL,20111104,100,100,90.5,92.1,5942
ABGSHIP,20111104,428.2,428.2,416.3,419.6,201023
ABHISHEK,20111104,9.3,9.65,9.3,9.65,180
ABIRLANUVO,20111104,952,960.8,932.8,939.5,54987
ACC,20111104,1215.55,1231.75,1210.1,1223.5,304307
ACE,20111104,39.65,40.65,38.3,38.45,155238
ACKRUTI,20111104,192.95,202.4,189.5,192.7,123411
ACROPETAL,20111104,14.3,14.3,13.4,13.5,565693
ADANIENT,20111104,469.15,469.7,459.25,462.25,904414
ADANIPOWER,20111104,86.15,87.35,85.5,85.95,314254
ADFFOODS,20111104,56.4,58.9,55.5,56.05,8517
ADHUNIK,20111104,45.5,45.7,42.05,42.55,425144
ADORWELD,20111104,142,142,140.25,140.75,2767
ADSL,20111104,35.9,35.9,34.15,34.6,488583
ADVANIHOTR,20111104,33,33,32.1,33,41
ADVANTA,20111104,392.9,401.95,388.65,395.2,32797
AEGISCHEM,20111104,176,180.85,176,178,4261
AFL,20111104,40.5,41.3,40.25,40.4,3290
AFTEK,20111104,13.25,14.3,13.2,14.15,592697
AGCNET,20111104,146.4,147.85,146.15,147.85,115
AGRE,20111104,40,41.55,39.1,41,444
AGRODUTCH,20111104,6.8,7.25,6.75,7.15,24101
AHLUCONT,20111104,105,106.3,103,105.35,2111
AHLWEST,20111104,151.8,151.8,146.05,150.1,62
AHMEDFORGE,20111104,102,104.8,102,103.1,4191
AIAENG,20111104,307,312,307,309.9,77429
AJANTPHARM,20111104,337.8,341,334,339,19276
AJMERA,20111104,117,121.5,116.2,117.95,31610
AKSHOPTFBR,20111104,6.2,6.3,6.2,6.2,46064
AKZOINDIA,20111104,847.55,875,847.55,865.4,16935
ALBK,20111104,166.35,170.5,165.7,169.8,2103430
ALCHEM,20111104,258.3,258.9,258,258.15,114711
ALEMBICLTD,20111104,18,18.45,17.95,18.2,40811
ALFALAVAL,20111104,2347,2347,2300.05,2308.4,1873
ALKALI,20111104,38.6,40.9,38.6,39.5,12785
ALKYLAMINE,20111104,96.75,96.75,94,94,110
ALLCARGO,20111104,154.05,154.05,142.2,144.55,14032
ALLSEC,20111104,13.05,13.5,13.05,13.5,5372
ALMONDZ,20111104,21.55,22.95,21.5,21.7,1058
ALOKTEXT,20111104,20.6,20.6,20,20.05,5241311
ALPA,20111104,8.7,8.7,8,8,101
ALPHAGEO,20111104,85,85,83,83,4716
AMAR,20111104,128.75,131.4,126.2,128.15,217418
AMARAJABAT,20111104,218.2,223.5,216.8,218.85,46662
AMBIKCO,20111104,193,195,186.35,187.6,1117
AMBUJACEM,20111104,157.05,161.6,157.05,161.2,3673094
AMDIND,20111104,17.5,17.9,17.1,17.2,17969
AMRUTANJAN,20111104,780.35,793.7,772.3,777.25,85100
AMTEKAUTO,20111104,128,128.5,125.55,126.2,439970
AMTEKINDIA,20111104,144.5,145.9,138.3,140.95,112367
ANANTRAJ,20111104,56.5,58.8,56.2,58.3,206306
ANDHRABANK,20111104,119.05,120.15,118.2,118.85,384241
ANDHRSUGAR,20111104,121.05,123.5,120.15,120.55,23583
ANGIND,20111104,19.55,19.55,19.55,19.55,1
ANIKINDS,20111104,34.8,34.8,34.05,34.8,255
ANSALAPI,20111104,37,37.7,36.3,36.9,63306
ANSALHSG,20111104,39,40,39,39.9,2211
APARINDS,20111104,148,148,145.9,146.15,794
APCOTEXIND,20111104,158.05,163.85,158,161.05,91
APIL,20111104,532.9,543.55,528,533.5,85380
APLLTD,20111104,43.2,46,43.2,45.8,80023
APOLLOHOSP,20111104,535,546.8,534,539.6,89708
APOLLOTYRE,20111104,55.9,57,55.9,56.85,713804
APPAPER,20111104,186,191.7,184,191.7,222785
APTECHT,20111104,127,127.9,123.1,125.15,409321
AQUA,20111104,13.95,14.1,13.5,13.9,80136
ARCHIES,20111104,37.05,37.4,36.1,36.25,61223
AREVAT&D,20111104,211.7,216,211.7,213.95,104103
ARIES,20111104,95.9,96.5,92.5,93.1,7547
ARL,20111104,2.15,2.2,2.1,2.15,88568
AROGRANITE,20111104,37.2,39.7,37.2,39.7,260
ARROWTEX,20111104,9,9.75,9,9.3,525
ARSHIYA,20111104,165,167.45,162.3,162.9,39445
ARSSINFRA,20111104,330.9,333,326,327.9,145531
ARVIND,20111104,107.6,108.45,106.55,107,873069
ASAHIINDIA,20111104,62.05,66.45,62.05,64.95,23233
ASAHISONG,20111104,101.15,101.5,97.75,99.8,3337
ASAL,20111104,51.9,55,51,53.05,3701
ASHAPURMIN,20111104,17,17.35,16.5,16.85,12532
ASHCONIUL,20111104,2,2.15,1.9,2,18643
ASHIANA,20111104,163,185,156.1,176.45,13174
ASHIMASYN,20111104,5.1,5.1,5.05,5.05,4000
ASHOKA,20111104,244,244,238,238.25,179
ASHOKLEY,20111104,27,28.1,27,27.8,7166247
ASIANHOTNR,20111104,183.8,183.8,178,179.65,111
ASIANPAINT,20111104,3140.25,3270,3140.25,3226,136600
ASIANTILES,20111104,42,42.9,42,42.9,7
ASSAMCO,20111104,11,11,10.75,10.8,74966
ASTEC,20111104,34.45,34.5,33.5,33.6,3285
ASTERSILI,20111104,13.3,13.6,13.15,13.25,30170
ASTRAL,20111104,183,190,183,187.15,4376
ASTRAMICRO,20111104,38.85,41,38.55,39.35,194299
ASTRAZEN,20111104,1208.05,1262.1,1208,1258.6,136
ATFL,20111104,417.85,417.85,405.2,406.85,4055
ATLANTA,20111104,70.5,71.7,67.3,68.8,629344
ATLASCYCLE,20111104,343.95,351.5,339.1,341.45,25969
ATNINTER,20111104,1,1,0.9,0.9,7244
ATUL,20111104,191,192.45,188.3,189.65,15283
AURIONPRO,20111104,136.9,137,131.3,131.75,121
AUROPHARMA,20111104,128.35,130,126.55,128.3,513908
AUSOMENT,20111104,29.45,31,29.45,31,296
AUTOAXLES,20111104,380.5,383.9,375.05,376.05,2208
AUTOIND,20111104,103.9,104.35,98.5,99.45,36414
AUTOLITIND,20111104,14.7,15,14.7,14.85,1995
AVENTIS,20111104,2394.9,2394.9,2330,2349.15,1611
AVTNPL,20111104,396.35,433.95,396.35,421.6,4236
AXIS-IT&T,20111104,99.7,99.7,93,94.05,13635
AXISBANK,20111104,1135.8,1145,1123.65,1128.5,1851582
AXISGOLD,20111104,2765.55,2765.55,2722.05,2738.95,644
BAGFILMS,20111104,5.6,5.7,5.5,5.6,116708
BAJAJ-AUTO,20111104,1769,1769.3,1710,1744.75,396363
BAJAJCORP,20111104,100,100.95,99.5,99.75,79202
BAJAJELEC,20111104,196.5,199.55,193.1,194.3,26251
BAJAJFINSV,20111104,542.3,547,535.05,537.05,39927
BAJAJHIND,20111104,35.7,35.7,34.4,34.5,5371450
BAJAJHLDNG,20111104,742.05,752,742.05,749.5,18891
BAJFINANCE,20111104,711,715,695.65,711.55,9376
BALAJITELE,20111104,31.85,31.85,31.1,31.3,21540
BALAMINES,20111104,37.8,37.8,36.1,36.85,4605
BALKRISIND,20111104,184.9,188.5,184,187.1,8995
BALLARPUR,20111104,26.4,27.3,26.35,26.45,214313
BALMLAWRIE,20111104,588,598.25,585,594.4,3023
BALPHARMA,20111104,21.9,22.45,21.5,21.7,6417
BALRAMCHIN,20111104,53.1,53.75,52.9,53.6,509929
BANARISUG,20111104,585.15,589.45,575.3,589.05,546
BANCOINDIA,20111104,72,73,71.5,72.1,5087
BANG,20111104,21.1,21.8,20.65,21.2,1613
BANKBARODA,20111104,824,833.6,809,814.7,343228
BANKBEES,20111104,1005.5,1005.84,987,989.97,754
BANKINDIA,20111104,336,343.9,335.8,341.75,949879
BANSWRAS,20111104,88,90.3,87.15,89,3054
BARTRONICS,20111104,52,53.3,52,52.3,87298
BASF,20111104,609.8,612.5,598,602.7,5663
BASML,20111104,63.5,66.2,62.5,63,2882
BATAINDIA,20111104,728.75,728.75,718.1,724.05,144604
BATLIBOI,20111104,16.05,17,16.05,16.45,1422
BAYERCROP,20111104,826.4,843,826,835.8,2001
BBL,20111104,697.9,707.9,697.9,703.3,1211
BBTC,20111104,460,465,455,457.85,3743
BEARDSELL,20111104,38,38,38,38,5
BEDMUTHA,20111104,105,105.85,103.1,103.5,4778
BEL,20111104,1588,1588,1551.2,1564.55,13353
BELLCERATL,20111104,12.3,13,12.3,12.35,184
BEML,20111104,535.15,550.9,535.15,543.45,71051
BEPL,20111104,23.85,23.9,23.2,23.2,1313
BERGEPAINT,20111104,107,107.95,104.8,105.95,119061
BFINVEST,20111104,52,52.45,50.5,52.1,16828
BFUTILITIE,20111104,498,513.8,495.8,509.25,952727
BGLOBAL,20111104,11.35,12.1,11.3,11.95,52597
BGRENERGY,20111104,339.75,348.5,339.7,342.2,694784
BHAGWATIHO,20111104,76,78,74.8,76,6320
BHAGYNAGAR,20111104,18.2,18.5,17.9,18,32552
BHARATFORG,20111104,294,302,292,296.8,531199
BHARATGEAR,20111104,52,57.25,52,56.3,16770
BHARATRAS,20111104,124.9,124.9,106.35,109.4,1942
BHARTIARTL,20111104,391,400.5,385.05,397.3,7576437
BHARTISHIP,20111104,99.35,100.4,97.15,98.35,160628
BHEL,20111104,332,338.9,332,334.05,2952081
BHUSANSTL,20111104,332.9,341.9,332.9,335.3,210087
BIL,20111104,54.5,60,54.05,58.6,22676
BILPOWER,20111104,80,81,76.1,79.15,5510
BIMETAL,20111104,260,271.55,255.1,267.8,197
BINANIIND,20111104,134.8,134.8,131.4,132.15,11477
BINDALAGRO,20111104,60.1,60.75,60.05,60.55,52133
BIOCON,20111104,349.2,352.8,346,348.8,103036
BIRLACORPN,20111104,323,328.95,319.05,324.25,2139
BIRLACOT,20111104,0.4,0.4,0.35,0.35,1067149
BIRLAERIC,20111104,13.85,13.85,12.95,13.3,502
BIRLAPOWER,20111104,0.7,0.7,0.65,0.7,1067229
BLBLIMITED,20111104,4.5,4.5,3.75,4.15,5848
BLISSGVS,20111104,22.95,23.55,22.9,23,33994
BLKASHYAP,20111104,11.2,11.2,10.5,10.7,158624
BLUECHIP,20111104,0.85,0.95,0.85,0.9,5669
BLUECOAST,20111104,142.5,142.5,142.5,142.5,12
BLUEDART,20111104,1585,1585,1565.2,1572.75,1222
BLUESTARCO,20111104,203.95,206,201.05,202.15,13290
BLUESTINFO,20111104,71.9,71.9,69.45,69.8,164
BOC,20111104,312,313.8,308.2,308.6,1839
BODALCHEM,20111104,19.65,19.7,19.65,19.7,1272
BOMDYEING,20111104,419.7,422,412.15,415.55,195218
BOSCHLTD,20111104,7024.8,7024.8,6985,6996.45,5138
BPCL,20111104,641,642,621,624.35,366917
BPL,20111104,20.5,20.5,19.65,19.75,21908
BRANDHOUSE,20111104,15,15.1,14.55,14.95,30355
BRFL,20111104,292,293.5,291.25,292.9,220304
BRIGADE,20111104,64.25,68,64.2,65.6,46455
BRITANNIA,20111104,462,473.4,462,468.9,7278
BROADCAST,20111104,7,7.35,6.95,7.3,2507
BROOKS,20111104,22,22.4,21.5,21.6,52917
BSELINFRA,20111104,3.6,3.75,3.55,3.6,36362
BSL,20111104,22.95,22.95,22.9,22.9,5
BSLGOLDETF,20111104,2851.95,2851.95,2770,2778.35,375
BSLNIFTY,20111104,53.5,53.55,51.51,51.51,92
BSTRANSCOM,20111104,102.6,105.25,102.5,104.65,17005
BVCL,20111104,14.9,14.9,14.2,14.65,1438
CADILAHC,20111104,758.05,764.7,756.4,763,38994
CAIRN,20111104,302.5,308,300,306.35,1043314
CALSOFT,20111104,23,24.65,22.7,24.65,329
CAMBRIDGE,20111104,22.25,23.5,22.25,22.4,1477
CAMLIN,20111104,47.6,48.65,46.3,46.6,472810
CANBK,20111104,492,496.85,488.8,491.6,618836
CANDC,20111104,110.3,112.1,109.4,109.65,15910
CANFINHOME,20111104,105,105.8,104.05,104.4,7622
CANTABIL,20111104,24.4,24.45,23.55,23.8,6001
CARBORUNIV,20111104,149,157.95,149,157,8627
CAROLINFO,20111104,150,159.9,150,150,574
CASTROL,20111104,479.95,481,471.1,471.8,42618
CCCL,20111104,20.2,21.7,20.1,20.65,36233
CCL,20111104,165.1,168.4,164.2,164.75,9219
CEATLTD,20111104,73.7,74.5,73.05,74.15,64713
CEBBCO,20111104,47.95,52.45,45.85,49.85,428019
CELEBRITY,20111104,5.55,5.8,5.5,5.8,1302
CELESTIAL,20111104,25,26.7,24.7,25.8,16322
CENTENKA,20111104,145.9,145.9,144,144.45,6439
CENTEXT,20111104,2.7,2.75,2.65,2.75,9917
CENTRALBK,20111104,103.5,104,102.45,102.8,360965
CENTUM,20111104,69.95,70,63.15,64.65,144
CENTURYPLY,20111104,63,63,58.4,59.05,319686
CENTURYTEX,20111104,332.55,338.3,332.55,336.6,565473
CERA,20111104,197.1,206.45,197.1,202,3678
CESC,20111104,278.4,279.5,275.1,278.4,66371
CHAMBLFERT,20111104,93.5,95,93,93.7,1021989
CHEMFALKAL,20111104,44.2,44.9,44.2,44.5,273
CHEMPLAST,20111104,5.4,5.6,5.3,5.45,65543
CHENNPETRO,20111104,194.15,199,194.15,196.65,10806
CHESLINTEX,20111104,10.75,10.75,10.5,10.5,490
CHETTINAD,20111104,473,488.5,470,475,143
CHOLAFIN,20111104,152.1,158.9,152.1,153.2,13525
CILNOVA,20111104,17.6,17.95,17.5,17.9,5400
CIMMCO,20111104,70,75,70,75,40
CINEMAX,20111104,36.7,37,35.1,35.45,33920
CINEVISTA,20111104,3.2,3.45,3.2,3.4,1601
CIPLA,20111104,292.4,294.85,291.5,294.1,523145
CLASSIC,20111104,9.85,10,9.8,9.85,7918
CLNINDIA,20111104,650,674.9,650,669.05,3805
CLUTCHAUTO,20111104,34.65,36.4,34.55,34.8,10397
CMAHENDRA,20111104,170.5,171.95,166.5,167.7,3850
CMC,20111104,854.55,875,850.05,863.6,11822
COALINDIA,20111104,329,330,325.45,326.3,3532695
COLPAL,20111104,1050,1085,1050,1077.5,167145
COMPUAGE,20111104,85,93,83.75,83.9,3280
CONCOR,20111104,970.05,990,960,967.95,129985
CONSOFINVT,20111104,58.6,59,58.5,58.55,616
CORAL-HUB,20111104,4.95,5.2,4.5,4.8,10073
CORDSCABLE,20111104,31.65,31.7,30.5,31.2,3565
COREEDUTEC,20111104,283.45,283.45,279.25,280.8,12385
COROENGG,20111104,240.1,240.1,240.1,240.1,2
COROMANDEL,20111104,333,335.5,330.5,334.9,86641
CORPBANK,20111104,433,437.9,425,426.4,61808
COSMOFILMS,20111104,88.5,88.75,86.8,87.1,13045
COX&KINGS,20111104,223,225,221.1,221.8,85579
CPIL,20111104,291.4,296.9,280.5,283.25,26261
CREATIVEYE,20111104,5.3,5.3,5.3,5.3,100
CRESTANI,20111104,37.95,37.95,36.4,36.45,14676
CREWBOS,20111104,41.1,41.1,37.15,38.5,128229
CRISIL,20111104,945,948.15,905.2,911,63375
CROMPGREAV,20111104,143.6,145.8,142.5,144.95,1498655
CRONIMET,20111104,31.1,32.6,29.05,30.45,52208
CTE,20111104,11.1,11.2,10.8,10.9,7993
CUB,20111104,46,46.65,45.7,45.95,167764
CUBEXTUB,20111104,11.25,11.7,10.9,11.3,358
CUMMINSIND,20111104,376.15,383,371.5,375.85,183740
CURATECH,20111104,99.05,104,94,95.5,322
CYBERMEDIA,20111104,15.15,15.5,14.3,14.45,633
CYBERTECH,20111104,10.95,10.95,10.6,10.9,2125
DAAWAT,20111104,53,53.7,50.25,50.9,116003
DABUR,20111104,100,100.8,99.4,99.8,674422
DALMIABEL,20111104,108.8,108.8,106.1,106.55,1249
DALMIASUG,20111104,17.15,17.35,16.85,17.1,4592
DATAMATICS,20111104,28.5,28.5,27.5,28,1638
DBCORP,20111104,217.5,223,217.5,220.95,3381
DBREALTY,20111104,72.75,73,69.55,70.75,522312
DCB,20111104,45.15,45.45,44.5,44.75,1534822
DCHL,20111104,50.45,51.45,50,50.75,216389
DCM,20111104,55.5,55.9,54.3,54.6,37335
DCMSRMCONS,20111104,45.85,46.7,45.35,46.3,21337
DCW,20111104,9.9,10.2,9.9,10.1,90826
DECCANCE,20111104,149.7,150,149.7,149.75,50
DECOLIGHT,20111104,3.65,3.7,3.4,3.5,5277
DEEPAKFERT,20111104,166.75,166.85,163.55,164.95,22958
DEEPAKNTR,20111104,175,175.5,168.5,168.5,712
DEEPIND,20111104,75.25,76.6,75.25,76.2,4382
DELTACORP,20111104,98.2,102.35,97.7,101.1,7756001
DELTAMAGNT,20111104,27.75,27.75,27.75,27.75,150
DEN,20111104,74.7,78.95,74,76.1,204901
DENABANK,20111104,81.2,82.4,80.7,80.95,1593417
DENORA,20111104,93,97.05,88,88.75,11643
DENSO,20111104,54.3,55.65,53.1,54.15,2738
DEWANHOUS,20111104,218.9,220.75,212.75,214,76550
DHAMPURSUG,20111104,39.75,40.35,39.2,39.6,61797
DHANBANK,20111104,71,72.5,67.85,68.4,1729920
DHANUKA,20111104,101.85,102.25,100.6,101.3,22215
DHARSUGAR,20111104,34.25,35.65,34.25,35,1668
DIAPOWER,20111104,108.2,110.7,105.5,106.4,9137
DICIND,20111104,225.5,225.5,222.1,223.55,802
DIGJAM,20111104,9.2,9.5,9.1,9.15,12533
DISHMAN,20111104,50.25,51.5,49.5,49.85,78417
DISHTV,20111104,76.9,76.95,75.6,76,1025118
DIVISLAB,20111104,774,775,767.2,771.55,149679
DLF,20111104,248.55,251.35,244.25,247.6,4682219
DLINKINDIA,20111104,21.15,21.6,21.15,21.35,4885
DOLPHINOFF,20111104,107.8,107.8,103,104.3,12043
DONEAR,20111104,21.7,22.3,21.3,21.3,879
DPSCLTD,20111104,1921,1925,1900,1924.9,50
DPTL,20111104,117,117.95,113.55,114.6,11934
DQE,20111104,32.7,32.7,32.2,32.2,23215
DREDGECORP,20111104,231,235.3,231,232.35,10554
DRREDDY,20111104,1638,1654.85,1594.3,1621.95,322723
DSKULKARNI,20111104,58,58.9,57.7,58.55,12081
DWARKESH,20111104,40.85,41.5,40.65,41.15,3655
DYNAMATECH,20111104,1224.15,1288.8,1224.15,1226.8,463
EASTSILK,20111104,5.85,6,5.8,5.85,4220
ECEIND,20111104,125.25,127.95,123,123.55,3955
ECLERX,20111104,844.4,844.4,745.95,774.7,4305
EDELWEISS,20111104,25.95,26.2,25.75,25.85,124369
EDL,20111104,78.2,79.45,78,78.75,6030
EDSERV,20111104,94.8,96.7,94.2,95.9,253173
EDUCOMP,20111104,266,272,265.1,266.65,754122
EICHERMOT,20111104,1722.05,1750,1722.05,1742.8,9072
EIDPARRY,20111104,225,226.95,224.15,225.9,26140
EIHAHOTELS,20111104,154.45,156.9,153.85,154.95,3606
EIHOTEL,20111104,91.5,94.2,91.5,91.85,46030
EIMCOELECO,20111104,182.25,183.85,180.6,182.3,4460
EKC,20111104,60.5,61,59.6,60.55,384248
ELDERPHARM,20111104,403.8,407.4,392.5,394.8,44021
ELECON,20111104,71,71,68.95,69.4,107564
ELECTCAST,20111104,26,26.35,25.75,25.95,54994
ELFORGE,20111104,9.55,9.75,9.55,9.75,926
ELGIEQUIP,20111104,68.45,75,66.85,71.4,109571
ELGIRUBCO,20111104,22.95,23.5,22.25,22.5,63998
ELNET,20111104,33.9,33.9,32.05,32.4,673
EMAMIINFRA,20111104,32,33.1,32,32.4,15981
EMAMILTD,20111104,423,426.45,415,419.9,97004
EMCO,20111104,48,48,46.75,47,79643
EMKAY,20111104,46.55,48,46.55,47.55,1278
EMMBI,20111104,14.55,15.35,14.55,15.1,12084
EMPEESUG,20111104,17,18.45,17,17.3,3919
ENERGYDEV,20111104,40.5,44.7,39.55,44.7,13407
ENGINERSIN,20111104,240.95,242.85,236,237.55,326327
ENIL,20111104,251,254,250.15,250.9,5999
EONELECT,20111104,49,50,46.3,47.75,8210
ERAINFRA,20111104,152.35,153,151.8,152.25,228896
EROSMEDIA,20111104,250.6,259.4,250,257.65,263879
ESABINDIA,20111104,509.1,513,509.1,511.15,3224
ESCORTS,20111104,90.45,92.2,89.5,90.25,1984366
ESL,20111104,5.9,5.9,5.75,5.9,495766
ESSAROIL,20111104,85.25,87.25,84.8,85.75,1174377
ESSARPORTS,20111104,90.3,90.4,84.3,84.8,151533
ESSDEE,20111104,180.7,185,174.65,175.1,29679
ESSELPACK,20111104,37,37.55,36.65,37.1,7784
ESTER,20111104,34,36.45,34,34.25,46093
EUROMULTI,20111104,6.6,6.9,6.6,6.85,2805
EUROTEXIND,20111104,19.95,19.95,18.6,19.5,591
EVEREADY,20111104,35,35.5,34.55,34.7,141180
EVERESTIND,20111104,152.1,155,152,152.9,5660
EVERONN,20111104,381.95,383.7,378.1,381.75,119027
EXCELCROP,20111104,145.3,149.8,145.3,146.25,10925
EXCELINDUS,20111104,66,68,65.1,66.15,842
EXCELINFO,20111104,12.7,12.75,12.3,12.4,34655
EXIDEIND,20111104,125.05,126.3,124.55,125.3,1353344
FACT,20111104,34.5,34.6,34,34.1,14061
FAGBEARING,20111104,1320,1330,1311.05,1314.85,876
FAME,20111104,49.55,52.95,49.55,50.75,3168
FARMAXIND,20111104,3,3.05,2.9,2.9,604418
FCH,20111104,148.75,153.9,148,151.45,301177
FCSSOFT,20111104,0.55,0.6,0.55,0.6,635805
FDC,20111104,91.1,92.25,90.5,91.55,15474
FEDDERLOYD,20111104,62.95,63.65,62.1,62.35,2326
FEDERALBNK,20111104,416.85,422.25,416.3,418.25,158822
FIEMIND,20111104,175.95,176,172.2,172.65,15983
FILATEX,20111104,45,47.4,43,45.45,43027
FINANTECH,20111104,729.9,749.65,728.5,733.35,160788
FINCABLES,20111104,36.6,37,36.3,36.45,48601
FINPIPE,20111104,64,64.5,63.25,63.4,14677
FIRSTLEASE,20111104,70.3,71.25,67.5,68.8,15142
FIRSTWIN,20111104,15.55,16.85,15.25,16.1,2752
FKONCO,20111104,113,118,113,115.6,11956
FLEXITUFF,20111104,229.3,271.2,215.05,218.8,1373568
FMGOETZE,20111104,222.1,228.3,222,224.7,1376
FORTIS,20111104,132.8,134.45,129.1,129.8,288763
FOSECOIND,20111104,589,607,589,603.25,438
FSL,20111104,10.8,11.05,10.7,10.95,1421681
FUTUREVENT,20111104,8.75,8.9,8.7,8.8,223994
GABRIEL,20111104,46.1,47.8,46.1,47.2,21957
GAEL,20111104,23,23.6,22.85,23.4,9298
GAIL,20111104,427.4,431.25,421.25,423.85,551430
GAL,20111104,20.3,20.8,20.3,20.3,13867
GALLANTT,20111104,36.7,37.1,35.5,35.8,484504
GAMMNINFRA,20111104,13.8,14.1,13.8,14,80612
GAMMONIND,20111104,67,68.7,65.4,65.6,70955
GANDHITUBE,20111104,123.05,128.4,123.05,125,318
GANESHHOUC,20111104,118.2,120.9,117.9,118,4064
GANGOTRI,20111104,4.2,4.2,3.8,3.8,3230
GARDENSILK,20111104,71.6,72.9,69.6,70,25689
GARWALLROP,20111104,53.5,53.7,52.5,52.95,2437
GATI,20111104,55.45,55.45,53.5,53.75,222036
GAYAPROJ,20111104,149.5,151.95,144.3,145.4,18136
GDL,20111104,148,148.7,145,145.75,294777
GEECEE,20111104,30.75,30.75,30.7,30.7,1912
GEINDSYS,20111104,151,154,147.5,149.35,50306
GEMINI,20111104,21.7,22.3,21.4,21.7,11998
GENESYS,20111104,190.55,196.95,190.55,193,1334
GENUSPOWER,20111104,14.55,14.55,13.7,13.85,23258
GEODESIC,20111104,60.25,60.9,59.5,59.7,199163
GEOJITBNPP,20111104,18.2,18.4,18.15,18.15,24126
GEOMETRIC,20111104,44,46,44,44.95,26067
GESHIP,20111104,228.2,232.25,228.2,231.3,29660
GHCL,20111104,36.5,36.5,35.7,35.9,20207
GICHSGFIN,20111104,89.6,90.25,89.05,89.35,55136
GILLANDERS,20111104,96.95,97,86.3,86.65,747
GILLETTE,20111104,2174,2226.5,2150,2188.3,14846
GINNIFILA,20111104,7.7,7.9,7.5,7.6,12714
GIPCL,20111104,79.55,80.8,79.25,79.7,10427
GISOLUTION,20111104,13,13.55,13,13.25,2708
GITANJALI,20111104,359,359,352.2,356.35,3600900
GKB,20111104,36.85,37,34.1,35.7,2331
GKWLIMITED,20111104,460,460,460,460,20
GLAXO,20111104,2125.9,2148,2056.15,2113.5,29489
GLENMARK,20111104,308.6,315.45,308,311.1,485128
GLFL,20111104,3.25,3.25,3,3.05,600
GLOBALVECT,20111104,20,20,18.7,18.7,51
GLOBOFFS,20111104,78.1,79.5,77.75,79.35,2976
GLOBUSSPR,20111104,129.9,129.9,118.65,120.7,32442
GLODYNE,20111104,338.5,340,330.6,332.95,65196
GLORY,20111104,3.4,3.4,3.25,3.3,57090
GMBREW,20111104,78.15,79.5,76.65,77.25,9477
GMDCLTD,20111104,191,191.4,186.55,188.75,174994
GMRINFRA,20111104,26.35,26.95,26.2,26.4,3040331
GNFC,20111104,92.3,92.95,91.75,92,65930
GOACARBON,20111104,78.7,79.5,77.8,78.1,1988
GODFRYPHLP,20111104,3480,3597,3270,3365.15,8567
GODREJCP,20111104,429.1,429.1,421.15,423.9,148703
GODREJIND,20111104,204.4,209.75,202.05,208.65,761404
GODREJPROP,20111104,673.4,688,668.05,680.5,12760
GOENKA,20111104,37.6,37.6,36.45,36.8,2414
GOKEX,20111104,97.5,97.5,93.5,93.7,2193
GOKUL,20111104,93.05,94.8,92.5,93.35,2928
GOLDBEES,20111104,2677.25,2699.9,2677.25,2685.35,126098
GOLDENTOBC,20111104,56.2,57.7,55.95,56.95,675
GOLDIAM,20111104,31.95,32,31.9,32,560
GOLDINFRA,20111104,12.3,12.65,12.2,12.35,4799
GOLDSHARE,20111104,2667,2679.9,2662.7,2668.4,4547
GOLDTECH,20111104,7,7.25,7,7.1,1265
GPIL,20111104,117.5,121,117.5,120.05,23725
GPPL,20111104,70.95,71.05,68.6,69.7,268158
GRABALALK,20111104,20.9,20.9,19.1,19.15,971
GRANULES,20111104,65.6,66.75,65.25,65.7,3728
GRAPHITE,20111104,72,73.9,71.9,72.05,19056
GRASIM,20111104,2500,2538.7,2500,2521.4,51798
GRAVITA,20111104,554.85,562.55,538.7,543.7,266270
GREAVESCOT,20111104,86.7,86.7,85.5,85.85,20462
GREENPLY,20111104,211.7,215.5,202.75,205.55,4538
GREENPOWER,20111104,13.95,15.65,13.9,14.45,860323
GRINDWELL,20111104,260,279,260,273.35,55601
GRUH,20111104,555,566.95,549.9,564.35,111040
GSFC,20111104,485.15,498,485.15,496.3,74021
GSKCONS,20111104,2392.5,2550,2377.9,2498.5,126666
GSPL,20111104,102.8,103.45,101.2,101.9,362866
GSS,20111104,126,132.9,122.6,125.6,6811
GTL,20111104,51,51.85,50.4,50.7,585884
GTLINFRA,20111104,10.5,10.5,10.3,10.35,340257
GTNIND,20111104,12.85,13.4,12.85,13,1420
GTNTEX,20111104,12.9,13.35,12.15,13.05,2143
GTOFFSHORE,20111104,133.9,133.9,127.6,130.3,83046
GUFICBIO,20111104,6.5,6.9,6.45,6.9,4230
GUJALKALI,20111104,143.2,145.75,141.5,142.85,19295
GUJAPOLLO,20111104,132,134.5,129.05,131.35,8267
GUJFLUORO,20111104,535,536.7,532,534.2,308945
GUJNRECOKE,20111104,24.6,24.6,23.9,24,789255
GUJNREDVR,20111104,17.15,18,17.15,17.7,10405
GUJRATGAS,20111104,449.5,451.9,437,438.35,85495
GUJSIDHCEM,20111104,9,9.55,9,9.2,123292
GULFOILCOR,20111104,76.8,76.8,74.8,74.95,12165
GVKPIL,20111104,13.5,13.95,13.5,13.8,14306530
HALONIX,20111104,65.95,68,65,67.95,1271
HANUNG,20111104,114.5,116.6,113,114.05,142880
HARITASEAT,20111104,69,75.55,69,69.25,52
HARRMALAYA,20111104,82.15,83.6,80,81.15,14218
HATHWAY,20111104,115.5,123.4,114.25,121.05,482096
HAVELLS,20111104,389,423.7,385.3,418.55,1488488
HBLPOWER,20111104,18.35,19.15,18.35,19.05,10618
HBSTOCK,20111104,12.65,12.8,12.65,12.75,120
HCC,20111104,27.5,27.85,26.3,27.7,3179584
HCIL,20111104,54,57.8,54,55.65,217845
HCL-INSYS,20111104,66.7,67.6,62.5,62.9,1148362
HCLTECH,20111104,444.6,446.5,436.05,438.75,526925
HDFC,20111104,688.5,689.75,678.25,683.9,1650719
HDFCBANK,20111104,486.7,487.9,480.3,483,1700805
HDFCMFGETF,20111104,2731.05,2749.5,2730.2,2744.85,6371
HDIL,20111104,99,103.4,99,101.1,9653205
HEG,20111104,214.9,216,209,209.65,12377
HEIDELBERG,20111104,34.5,35.25,34,34.4,87552
HELIOSMATH,20111104,24.15,24.8,23.8,24.2,11963
HERCULES,20111104,263.55,269.85,261,263.1,61375
HERITGFOOD,20111104,179,189.9,177,184.6,11338
HEROMOTOCO,20111104,2085.2,2133.65,2085.2,2113.8,323921
HEXAWARE,20111104,87.05,90,87,88.9,1473852
HFCL,20111104,14.05,14.25,13.8,13.9,851897
HGSL,20111104,337,360,334.15,353,8651
HIKAL,20111104,285.05,290,280,281.25,4253
HILTON,20111104,15.15,15.2,13.9,14.25,285
HIMATSEIDE,20111104,34.5,34.8,34.15,34.6,43354
HINDALCO,20111104,139,139.75,137.1,139.25,7225218
HINDCOMPOS,20111104,480,482.95,480,482.95,53
HINDCOPPER,20111104,221.1,226.1,220.3,221.45,62488
HINDDORROL,20111104,37.8,37.8,36.7,36.9,81862
HINDMOTORS,20111104,13.65,13.9,13.35,13.4,153416
HINDNATGLS,20111104,177,177,169,171,481
HINDOILEXP,20111104,119.8,120.7,116.5,118.3,551546
HINDPETRO,20111104,344.9,348.8,338,339.65,719572
HINDUJAFO,20111104,72,78,70.95,71.45,314
HINDUJAVEN,20111104,327,336.8,327,335.15,1670
HINDUNILVR,20111104,382,383.45,376.55,379.65,6162861
HINDZINC,20111104,124,124.7,122.6,123.2,180354
HIRAFERRO,20111104,33,36.55,33,36.5,525
HIRECT,20111104,46,47.25,45.8,46.4,4309
HITACHIHOM,20111104,161.45,164.95,158.3,162.8,37952
HITECHGEAR,20111104,130.4,131.7,130,130.35,3538
HITECHPLAS,20111104,81.2,81.25,78,78.15,173
HMT,20111104,43.5,43.8,42.8,43,34061
HMVL,20111104,132.6,136.9,132.6,136.05,2965
HNGSNGBEES,20111104,1296.72,1304,1296.72,1296.72,10200
HOCL,20111104,24,24.3,23.4,23.5,66320
HONAUT,20111104,2231,2335,2230.2,2322,3164
HONDAPOWER,20111104,356.6,369.7,356.6,358.4,1823
HOPFL,20111104,54,56,52.4,52.55,788
HORIZONINF,20111104,290,298,287.5,294.5,1799
HOTELEELA,20111104,39.45,40.65,38.15,40,232347
HOTELRUGBY,20111104,6.15,6.3,6.1,6.25,20260
HOVS,20111104,55.2,64.6,55.2,60.65,418707
HSIL,20111104,173.05,176.6,172.25,174.2,63542
HTMEDIA,20111104,143,143,138.65,139.6,4717
HYDRBADIND,20111104,348.95,350.05,340.1,344.7,3504
HYDROS&S,20111104,20.7,21.4,19.5,20,17
IBPOW,20111104,11.25,11.45,11.15,11.25,540409
IBREALEST,20111104,76.7,79,75.8,77.3,5360810
IBSEC,20111104,7.2,7.85,7.05,7.65,1761711
IBWSL,20111104,6.2,6.2,5.75,5.8,1212030
ICICIBANK,20111104,889.6,892,879.25,884.3,3236151
ICIL,20111104,8.75,9.9,8.75,9.15,314
ICRA,20111104,980,1000,967.1,977.6,4113
ICSA,20111104,56.65,56.65,52.85,53.65,110900
IDBI,20111104,114.5,116.5,114.5,115.65,1307592
IDEA,20111104,98,98.75,97.2,97.85,7453625
IDFC,20111104,131.4,131.8,128.1,129,5203557
IFBIND,20111104,102,103.1,101.05,101.65,24754
IFCI,20111104,32.3,32.7,31.85,32.2,5260277
IFGLREFRAC,20111104,31.5,36,31.5,35.6,25307
IGARASHI,20111104,41.2,42.8,41.2,42.7,866
IGL,20111104,419.15,426.9,419,420.15,251452
IGPL,20111104,24.45,24.45,22.2,22.2,2253
IIFLNIFTY,20111104,531.4,531.5,524.35,526.99,16329
IL&FSENGG,20111104,91.1,91.9,90.05,90.6,6374
IL&FSTRANS,20111104,206.5,206.95,202.6,203.2,11699
IMFA,20111104,303,325,303,316.7,775
IMPAL,20111104,644.45,644.45,624,632.95,362
IMPEXFERRO,20111104,7.7,7.7,7.2,7.65,61
INDBANK,20111104,8,8,7.8,7.9,10340
INDHOTEL,20111104,72.45,73.25,70.55,71.55,1147233
INDIABULLS,20111104,154.05,155.4,152.2,152.9,602340
INDIACEM,20111104,81,81.9,79.6,80.2,1085676
INDIAGLYCO,20111104,139.2,143.75,138.6,140.1,84974
INDIAINFO,20111104,71.25,71.9,69.8,71.2,154214
INDIANB,20111104,224.7,224.7,217.5,219.65,104088
INDIANCARD,20111104,97,99.95,91.3,91.85,3278
INDIANHUME,20111104,119,119.05,115.55,116.4,2257
INDLMETER,20111104,67.1,68.8,64.4,65.05,135
INDNIPPON,20111104,162,169.1,161,163.05,491
INDOCO,20111104,372.5,397,372.2,395.55,7498
INDORAMA,20111104,34,34,32.9,32.9,15977
INDOSOLAR,20111104,9.5,9.5,9.05,9.2,253190
INDOTECH,20111104,131,131,125.45,127.3,5157
INDOTHAI,20111104,22.65,22.9,21,22.15,2363545
INDOWIND,20111104,8.8,8.95,8.55,8.8,388341
INDRAMEDCO,20111104,35.9,35.9,35,35.3,15959
INDSWFTLAB,20111104,92.65,102,92.65,99.25,172629
INDSWFTLTD,20111104,30.6,32,30.5,31.2,55089
INDTERRAIN,20111104,110.25,110.55,110.05,110.55,174
INDUSFILA,20111104,13.55,14.45,13.55,14.35,2054
INDUSINDBK,20111104,278.7,280.9,275.2,276.2,281753
INEABS,20111104,616.1,622,610,619.3,831
INFINITE,20111104,95.5,98.9,95.5,97.5,13942
INFODRIVE,20111104,8.5,9.35,8.5,8.55,579
INFOMEDIA,20111104,12.75,12.75,11.8,12.1,13851
INFOTECENT,20111104,124,126,124,125.45,3031
INFRABEES,20111104,272.2,272.2,266.8,271.05,61
INFY,20111104,2845,2850.9,2791.55,2825.95,955461
INGERRAND,20111104,478.15,489,476,478.1,7447
INGVYSYABK,20111104,339.95,341.6,332.25,334,194582
INNOIND,20111104,95.4,96,93.5,95.4,4111
INOXLEISUR,20111104,55,55.35,52.3,52.65,115313
INSECTICID,20111104,382.75,392,382.7,388.15,88030
INVENTURE,20111104,164.95,164.95,159.1,159.7,10905
IOB,20111104,101.9,102.25,101,101.9,335801
IOC,20111104,305,308,298.1,300.3,510865
IOLCP,20111104,30.1,32,30.1,30.4,563
IOLN,20111104,7.7,7.7,7.65,7.7,235
IPCALAB,20111104,259,270,259,268.7,68063
IPGETF,20111104,2750,2750,2741,2744.35,867
IPRINGLTD,20111104,63.95,63.95,63.65,63.65,147
IRB,20111104,167.8,171.45,166.75,169.5,947455
ISFT,20111104,50.4,52,48.1,48.65,2322
ISMTLTD,20111104,35.65,35.65,35,35.1,21614
ITC,20111104,211.25,211.75,209.8,210.35,4755556
ITDCEM,20111104,157.95,158,152.25,156.7,1716
ITI,20111104,24.5,24.7,23.55,23.8,92975
IVC,20111104,29,29.2,28.05,28.5,23759
IVP,20111104,50.25,51,50.25,51,700
IVRCLAH,20111104,36.3,36.35,34.3,34.55,70161
IVRCLINFRA,20111104,39.6,45,39,40.7,8376689
J&KBANK,20111104,833,833.9,824,827.45,3332
JAGRAN,20111104,107.5,110.2,106.15,108.45,53420
JAGSNPHARM,20111104,13,13,12.45,12.5,4993
JAIBALAJI,20111104,88.6,94.5,84.6,92.8,21011
JAICORPLTD,20111104,82.7,95.8,82.25,93.2,6045833
JAMNAAUTO,20111104,120.1,120.1,120,120,950
JAYAGROGN,20111104,83.65,85.95,83.65,85.3,1574
JAYBARMARU,20111104,51.55,52.95,50.2,52.9,1166
JAYNECOIND,20111104,18.4,19.55,18.3,18.9,36800
JAYSREETEA,20111104,139,142.5,139,140.1,8665
JBCHEPHARM,20111104,76.25,78.55,75.1,77,99184
JBFIND,20111104,127,130.9,126.55,128.1,78546
JBMA,20111104,60.5,62.95,59.5,59.7,191
JCTEL,20111104,1.3,1.45,1.3,1.45,556054
JENSONICOL,20111104,3.85,3.95,3.85,3.95,742
JETAIRWAYS,20111104,259.75,261,252.15,255.05,631113
JHS,20111104,37,38.35,36.3,37.4,100700
JIKIND,20111104,6,6.3,5.9,5.95,6831
JINDALPHOT,20111104,166.55,169.5,165.1,165.7,22251
JINDALPOLY,20111104,226.6,229.5,223.5,224.4,188769
JINDALSAW,20111104,153,153.55,149.1,151.85,227163
JINDALSTEL,20111104,570.15,581.7,567.85,578.05,1384320
JINDALSWHL,20111104,592.1,608.9,576,598.5,162097
JINDCOT,20111104,82.85,82.85,78,78.5,68497
JINDRILL,20111104,315,320.85,315,317.7,1501
JINDWORLD,20111104,106,108.1,105,106.85,8031
JISLJALEQS,20111104,123,123,108.15,111.1,8347035
JKCEMENT,20111104,109.15,113.2,109.15,112,20428
JKIL,20111104,150.3,153.5,148.6,151.05,176039
JKLAKSHMI,20111104,47.2,48.8,46.75,46.9,231854
JKPAPER,20111104,39.75,39.9,38.6,39.2,821000
JKTYRE,20111104,74.25,76.5,74.1,75.25,92346
JMCPROJECT,20111104,129.5,139.95,127.3,131.7,2054
JMFINANCIL,20111104,18.6,19.1,18.3,18.5,191695
JMTAUTOLTD,20111104,61,69,58.5,63,1025
JOCIL,20111104,134,136.9,133.45,135,1174
JPASSOCIAT,20111104,78.65,80.5,78.65,79.25,13767098
JPINFRATEC,20111104,54.8,55.8,53.4,53.85,1257450
JPPOWER,20111104,36.25,36.8,35.85,36.1,1475423
JSL,20111104,90.65,93,89,92.65,36425
JSWENERGY,20111104,51.9,53.4,51.85,52.35,1146822
JSWISPAT,20111104,13.5,13.55,13.35,13.4,1508877
JSWSTEEL,20111104,677.95,715.9,677,711.55,3829689
JUBILANT,20111104,213.9,217,210,210.3,106973
JUBLFOOD,20111104,816.3,820.5,795.25,806.8,2428855
JUBLINDS,20111104,194.5,197.1,186,190.25,32143
JUMBO,20111104,15.95,16,15.25,15.25,4333
JUNIORBEES,20111104,101.75,101.99,101.1,101.47,12841
JUPITER,20111104,14.6,14.6,14.35,14.4,83922
JVLAGRO,20111104,15,15.35,15,15.3,29915
JYOTHYLAB,20111104,136.8,138.25,130.65,132.25,108575
JYOTISTRUC,20111104,63,63.8,62,62.2,86029
KABRAEXTRU,20111104,38.6,40,38.6,39.5,887
KAJARIACER,20111104,120,122,118,118.5,235473
KAKATCEM,20111104,69,70.95,68.75,69.8,1286
KALECONSUL,20111104,83.05,88.3,83.05,86.45,21392
KALINDEE,20111104,121.1,122.5,118.75,119.8,148147
KALPATPOWR,20111104,109.65,109.65,107.05,108.9,25145
KAMATHOTEL,20111104,95.1,116.8,95.1,113.7,329054
KANDAGIRI,20111104,69.1,69.1,69.1,69.1,101
KANORICHEM,20111104,34,34,33.1,33.25,6386
KANSAINER,20111104,839.95,842,828,839.95,2913
KARMAENG,20111104,12.05,13.25,12.05,13.1,294
KARURKCP,20111104,28.6,30,28.5,30,50
KARURVYSYA,20111104,399.95,399.95,395,397.5,546476
KAUSHALYA,20111104,7.5,7.85,7.25,7.35,3532
KAVVERITEL,20111104,140,144.9,140,142.6,40815
KBIL,20111104,630,644.95,627.1,627.1,31
KCP,20111104,26.25,27.2,26.25,27.15,32656
KCPSUGIND,20111104,19.35,20.5,19.3,20.2,181326
KEC,20111104,54.4,55,53.7,53.9,76778
KECL,20111104,31.65,32,31,31.9,7834
KEI,20111104,17.45,17.45,16.8,16.9,24714
KEMROCK,20111104,527,527,514.2,515.9,9054
KERNEX,20111104,99.7,102.25,99,100,70056
KESARENT,20111104,55.95,56,55,55.25,810
KESORAMIND,20111104,122,124,120.25,121.45,40739
KFA,20111104,23.7,23.9,23.35,23.65,999424
KGL,20111104,5.6,5.8,5.5,5.8,2374640
KHAITANELE,20111104,94.5,97.95,93,93.05,164
KHAITANLTD,20111104,19.8,20.05,19.8,20,250
KHANDSE,20111104,19.15,21.85,19.15,21.15,690
KICL,20111104,498,507,498,498.8,59
KIL,20111104,13.9,14.6,13.85,14.15,11991
KILITCH,20111104,64,64,62,63,560
KINETICMOT,20111104,17.55,17.8,17.5,17.65,6679
KIRIINDUS,20111104,125.7,128,123,124.5,22263
KIRLOSBROS,20111104,124.3,127.9,124.3,125.75,1561
KIRLOSENG,20111104,135.9,141,131.6,138.3,4781
KIRLOSIND,20111104,281.4,282,272.3,280.15,237
KITPLYIND,20111104,3.65,3.95,3.65,3.8,3689
KKCL,20111104,781.05,794.65,781,789.35,289
KLGSYSTEL,20111104,38.2,38.5,35.1,35.75,74745
KLRF,20111104,23.95,23.95,22.85,23.5,24
KMSUGAR,20111104,2.55,2.7,2.55,2.6,518
KNRCON,20111104,105,107.95,103.1,104.6,916
KOHINOOR,20111104,46,46.4,45.15,45.65,15086
KOLTEPATIL,20111104,37.25,38,36.2,37.55,15524
KOPDRUGS,20111104,4.3,4.55,4.25,4.55,851
KOPRAN,20111104,19.9,19.9,19.3,19.35,19447
KOTAKBANK,20111104,506.5,510,498.05,502.2,409845
KOTAKGOLD,20111104,2686.05,2710,2686.05,2697.45,24835
KOTAKNIFTY,20111104,533,535,533,534,96
KOTAKPSUBK,20111104,344,345.99,343,345.7,76
KOTARISUG,20111104,6.25,6.4,6.25,6.35,5972
KOTHARIPET,20111104,7.25,7.7,7.25,7.35,3201
KOTHARIPRO,20111104,497.95,497.95,484.5,486.75,145
KOUTONS,20111104,22.1,22.3,21.4,21.6,59365
KPIT,20111104,160,163.05,158.15,159.2,36667
KPRMILL,20111104,112.4,128.9,110.25,123.4,23226
KRBL,20111104,25,25.1,24.65,24.75,247781
KRISHNAENG,20111104,2.75,2.95,2.75,2.95,800
KSBPUMPS,20111104,204,205.4,199.1,199.2,2350
KSCL,20111104,484.4,484.4,470,472.9,19561
KSE,20111104,246.95,246.95,231,232.25,207
KSK,20111104,100.7,103.45,100.7,103.05,21266
KSL,20111104,48.5,49.4,48.5,49,19441
KSOILS,20111104,9.8,9.85,9.55,9.65,3577511
KTIL,20111104,77.65,77.65,77.65,77.65,75
KTKBANK,20111104,88.8,89.3,88,88.6,329757
KWALITY,20111104,179.8,181.25,177,179.1,710895
L&TFH,20111104,52.2,52.5,51.65,51.75,736305
LAKPRE,20111104,42.5,43.3,40.65,42.45,406
LAKSHMIEFL,20111104,19.05,20,19,19.3,151463
LAKSHMIMIL,20111104,1650.1,1750,1650.1,1710,5
LAKSHVILAS,20111104,102.5,102.5,100.25,100.45,27122
LANCOIN,20111104,29.65,30.15,29.6,29.85,6046
LAOPALA,20111104,123.6,126.2,119.4,122.7,62279
LAXMIMACH,20111104,1938.95,1938.95,1902,1906.9,2246
LCCINFOTEC,20111104,0.45,0.5,0.45,0.5,23525
LGBBROSLTD,20111104,323.95,341.7,323.95,334.5,9660
LIBERTSHOE,20111104,83.25,84.75,82.15,82.35,9509
LICHSGFIN,20111104,210,240.4,210,239.05,2735321
LIQUIDBEES,20111104,1000,1000.01,999.99,1000,141931
LITL,20111104,16,16.8,15.9,16.35,18436938
LLOYDELENG,20111104,50.65,51.35,49.15,49.55,6278
LLOYDFIN,20111104,0.9,1,0.9,0.95,7487
LLOYDSTEEL,20111104,12.6,12.75,12.1,12.4,103333
LML,20111104,10.3,10.7,10,10.05,702961
LOGIXMICRO,20111104,22.3,22.75,21.25,21.3,3469
LOKESHMACH,20111104,41.8,41.8,40.25,40.55,1946
LOTUSEYE,20111104,10.3,10.45,10.25,10.25,4659
LOVABLE,20111104,484.5,507,484.5,499.05,1045024
LPDC,20111104,2.55,2.65,2.55,2.55,5270
LT,20111104,1399.75,1405.9,1386.6,1393.7,1613251
LUMAXAUTO,20111104,38.8,38.8,37,37.5,2456
LUMAXIND,20111104,395.5,402,394.1,396.95,3957
LUMAXTECH,20111104,185.9,185.9,169.25,175.1,12027
LUPIN,20111104,475.65,484.9,475.65,483.2,944766
LYKALABS,20111104,13.8,14.55,13.8,14.2,32189
M&M,20111104,848.8,849.7,831.3,836.35,952259
M&MFIN,20111104,662.1,679.9,661,670.1,122222
M100,20111104,7.29,7.29,7.15,7.2,338572
M50,20111104,71,71,70.11,70.27,12530
MAANALU,20111104,51,51,49,50,2
MADHAV,20111104,18.8,19.95,15.55,18,6602
MADHUCON,20111104,67.5,69.3,67.05,67.5,4645
MADRASCEM,20111104,109,111.6,108,109.8,304419
MADRASFERT,20111104,24.45,24.75,24.1,24.15,51600
MAGMA,20111104,62,62.5,61.7,61.7,8309
MAGNUM,20111104,5.15,5.4,4.9,4.95,8026
MAHABANK,20111104,50.55,50.95,49.75,50,153588
MAHINDFORG,20111104,63.5,68.15,63.5,67.65,51313
MAHINDUGIN,20111104,54.8,55.4,51.3,52.7,65316
MAHLIFE,20111104,303.25,312,303.25,307.3,2571
MAHSCOOTER,20111104,329.65,334.65,321.25,331.9,1874
MAHSEAMLES,20111104,335.55,338.95,328.25,334.95,149664
MAITHANALL,20111104,100.2,102,100.1,102,163
MALUPAPER,20111104,10.95,10.95,10.65,10.65,6260
MALWACOTT,20111104,27.75,27.85,27.3,27.75,1914
MANAKSIA,20111104,59,60,58,58.5,12844
MANALIPETC,20111104,11,11.1,10.9,10.95,28576
MANAPPURAM,20111104,62,62,59.6,61,2669699
MANDHANA,20111104,231.8,237,228.2,229.65,180769
MANGALAM,20111104,14.45,14.45,13.5,13.85,4469
MANGCHEFER,20111104,31.75,32.2,31.6,31.95,61636
MANGLMCEM,20111104,103,103.95,102.8,103.45,22318
MANGTIMBER,20111104,17.55,19.4,17.55,19.4,13509
MANINDS,20111104,120,123.5,120,120.15,5904
MANINFRA,20111104,128,129.5,124,125.5,17947
MANJEERA,20111104,90,90,84.3,86.5,132
MANJUSHREE,20111104,94,94,90.2,92.15,17587
MANUGRAPH,20111104,46.65,47.3,46.5,47.05,6684
MARALOVER,20111104,12.55,13.4,12.05,12.6,4864
MARG,20111104,86.15,86.4,85.1,85.3,45649
MARICO,20111104,151.25,153.65,146.55,149.15,1327873
MARKSANS,20111104,2.2,2.2,2.15,2.2,48877
MARUTI,20111104,1135,1152.8,1117.4,1122.25,738188
MASTEK,20111104,91.1,91.9,87.5,88.25,41654
MAWANASUG,20111104,18,19.5,18,18.35,4908
MAX,20111104,186,188.4,185,187.2,32347
MAXWELL,20111104,30.15,30.15,28.8,29.2,132452
MBECL,20111104,121.65,122.5,119.3,119.9,4815
MBLINFRA,20111104,128.5,129.85,128.05,128.1,3199
MBSWITCH,20111104,204,218.4,180.4,180.4,2438153
MCDHOLDING,20111104,54.5,54.5,53.2,53.75,4368
MCDOWELL-N,20111104,826.25,841,815.05,835.55,278463
MCLEODRUSS,20111104,240.2,244.6,238.9,243.4,278209
MEGASOFT,20111104,14.95,15.4,14.6,14.85,8691
MEGH,20111104,9.75,9.75,9.4,9.6,42457
MELSTAR,20111104,7.15,7.8,7.15,7.45,8
MERCK,20111104,656.4,669.85,656.4,662.65,2166
MHRIL,20111104,342,342,327.75,329.85,2735
MIC,20111104,9,9.2,8.9,9.05,189496
MICROSEC,20111104,30.7,30.9,30,30.2,5426
MICROTECH,20111104,131.9,132,129.4,130.8,20441
MINDAIND,20111104,184.4,186,176.8,177.4,272
MINDTREE,20111104,390.65,398.7,388,390.05,37681
MIRCELECTR,20111104,20.35,22,19.8,19.9,192588
MIRZAINT,20111104,19.4,20.7,18.8,19.8,378556
MLL,20111104,26.4,26.8,26.2,26.45,617321
MMFL,20111104,99.2,103.45,99.2,103.45,140
MMFSL,20111104,97,108.25,97,103.7,6074
MMTC,20111104,656,667,646,658.7,4104
MOIL,20111104,251,255.5,251,252.65,426942
MONNETISPA,20111104,448,448,434.15,435.3,17738
MONSANTO,20111104,790.2,798,780.05,785.9,2380
MORARJETEX,20111104,14.55,14.55,12.25,13.5,4936
MOREPENLAB,20111104,3.7,3.8,3.7,3.75,85410
MOSERBAER,20111104,26.9,26.9,25.8,26,309336
MOTHERSUMI,20111104,193.5,198.8,187.35,189.5,22649
MOTILALOFS,20111104,83.15,86.9,83.15,85.5,3420
MOTOGENFIN,20111104,39.8,40.2,39.25,39.3,66
MPHASIS,20111104,341.75,344.85,337,339.85,417956
MPSLTD,20111104,34.65,34.7,34.65,34.7,2770
MRF,20111104,6750,6790,6711.25,6728.05,2283
MRO-TEK,20111104,10.35,11.1,10.35,11,3192
MRPL,20111104,64.1,64.65,63.5,64.1,204583
MSPL,20111104,42,42,41.3,41.45,30577
MTNL,20111104,30.5,31.5,30.45,31.05,697719
MUDRA,20111104,23.85,24.1,23.8,23.8,2225
MUKANDENGG,20111104,27.3,27.3,25.8,26.5,5574
MUKANDLTD,20111104,35.5,35.5,32.05,32.85,12085
MUKTAARTS,20111104,37.35,39.9,36.15,36.15,605
MUNDRAPORT,20111104,164.5,167.5,163.55,165,1747474
MUNJALAU,20111104,209.9,215.9,205.1,212.75,221670
MUNJALSHOW,20111104,73.6,73.8,71.5,73,38575
MURLIIND,20111104,21.45,22.85,21.45,22.75,957
MURUDCERA,20111104,16.6,17.9,16.55,17.45,5776
MUTHOOTFIN,20111104,178,181.3,177.4,180.55,139112
MVL,20111104,28.5,30.85,27.75,29.25,149721
MVLIND,20111104,13.05,13.4,12.9,12.95,628
MYSOREBANK,20111104,559,577.9,549,550.65,6604
N100,20111104,114,115,112.8,113,22815
NAGREEKCAP,20111104,22,22,20.4,21.45,208
NAGREEKEXP,20111104,21.1,22.1,21.1,21.4,3271
NAHARCAP,20111104,55,58,54,56,1432
NAHARINDUS,20111104,41.65,42.3,41,41.95,2141
NAHARPOLY,20111104,23.3,23.3,23.3,23.3,3
NAHARSPING,20111104,59.9,60.5,59.2,59.75,4021
NANDAN,20111104,2.25,2.35,2.25,2.3,36075
NATCOPHARM,20111104,244.9,254,244.05,247.4,62193
NATHSEED,20111104,12.25,12.6,12,12.1,5827
NATIONALUM,20111104,62.95,64.3,62.55,63.45,147023
NATNLSTEEL,20111104,15.55,16.1,15.55,15.8,11667
NAUKRI,20111104,678,705,678,699.5,19327
NAVINFLUOR,20111104,381.55,388.8,381.55,384.4,13943
NAVNETPUBL,20111104,68.5,68.5,67.05,67.85,169164
NBVENTURES,20111104,185,185,181.5,181.5,3016
NCC,20111104,52.7,53.95,50.5,52.6,2118706
NCLIND,20111104,37,38.45,36.55,37.5,16433
NCOPPER,20111104,19.55,20.5,19.55,20.05,23141
NDTV,20111104,46.1,47.75,46.1,47.25,58275
NECLIFE,20111104,21.95,21.95,20.2,20.8,51444
NELCAST,20111104,24,25,23.5,24.8,96293
NELCO,20111104,62.3,63.45,60.25,60.7,112557
NEOCURE,20111104,2.75,2.75,2.75,2.75,4500
NEPCMICON,20111104,3.4,3.65,3.4,3.4,19514
NESCO,20111104,624.65,630.65,605,609.9,72468
NESTLEIND,20111104,4435,4500,4416,4497.45,24340
NET4,20111104,159.7,159.95,157.5,157.85,35992
NETWORK18,20111104,64.5,65,61.3,62,91338
NEULANDLAB,20111104,85,87,85,86.1,689
NEXTMEDIA,20111104,5.45,5.45,5.15,5.3,15451
NEYVELILIG,20111104,82.8,82.85,81.2,81.45,72042
NFL,20111104,71.35,71.35,69.2,69.5,28547
NHPC,20111104,24.75,25.25,24.6,24.8,8016695
NICCO,20111104,2.35,2.55,2.35,2.45,5600
NIFTYBEES,20111104,532.98,539,530.55,535.1,45903
NIITLTD,20111104,48.1,48.85,47.6,48.05,68266
NIITTECH,20111104,228.95,229.9,225.1,227.25,33266
NILKAMAL,20111104,309.9,309.9,270.25,279.85,114159
NIPPOBATRY,20111104,437.75,437.75,392.2,396,170
NITCO,20111104,48.25,49.75,47.9,48.5,13410
NITESHEST,20111104,18,18.2,17.8,17.9,13588
NITINFIRE,20111104,38,38.65,37.15,37.35,461248
NITINSPIN,20111104,6.6,7,6.6,6.65,30007
NMDC,20111104,232.3,234,229.45,230.6,189526
NOCIL,20111104,16.2,16.4,15.6,16.1,94436
NOIDATOLL,20111104,23.45,23.8,23.2,23.6,291968
NOL,20111104,45,47.9,45,47.6,504
NORBTEAEXP,20111104,5.75,5.8,5.55,5.8,1600
NORTHGATE,20111104,11.8,11.9,11.1,11.5,25318
NOVOPANIND,20111104,40.55,42,40.55,40.85,323
NRBBEARING,20111104,45.9,45.9,44.05,44.95,31304
NRC,20111104,3.85,4.15,3.85,4.15,12315
NSIL,20111104,635,637,604.2,618.55,201
NTPC,20111104,179,181.65,178.2,179.35,1482420
NUCHEM,20111104,2.95,2.95,2.75,2.8,10647
NUCLEUS,20111104,73.9,74.3,72.5,73.05,15755
NUMERICPW,20111104,207,207,197.6,202.65,1899
NUTEK,20111104,1.35,1.35,1.35,1.35,182297
OBEROIRLTY,20111104,235,235,228,229.3,10928
OCL,20111104,90.2,92.75,90.2,92.35,5080
OFSS,20111104,2100,2101.05,2036,2070.8,14618
OIL,20111104,1300,1312.75,1300,1306.5,26482
OILCOUNTUB,20111104,63,64.4,61.3,62.85,13846
OISL,20111104,47.5,47.5,45.5,46.05,9250
OMAXAUTO,20111104,40,41.2,40,40.35,8593
OMAXE,20111104,148.15,149.9,148.15,149.2,234422
OMKARCHEM,20111104,66.95,68.5,65.6,66.1,1550
OMMETALS,20111104,32.6,32.6,30.65,30.85,5297
OMNITECH,20111104,145.55,148.5,145.55,147.35,4107
ONELIFECAP,20111104,194.7,228.75,194,228.75,2813043
ONGC,20111104,281.8,283.55,275.6,276.8,4032120
ONMOBILE,20111104,66.8,68.95,66,68.3,3409920
ONWARDTEC,20111104,40.25,40.25,36.5,39.25,7589
OPTOCIRCUI,20111104,248.4,250.5,247.25,248.1,205685
ORBITCORP,20111104,34.1,35.8,33.55,34.65,437645
ORCHIDCHEM,20111104,189.1,189.1,182.35,186.7,1963990
ORIENTABRA,20111104,34.75,36,34,35.75,101068
ORIENTALTL,20111104,8.05,8.05,8.05,8.05,12
ORIENTBANK,20111104,297.25,309.1,297.1,307.4,520836
ORIENTCERA,20111104,52,54,48.65,50.6,1605
ORIENTHOT,20111104,26.3,26.75,26.25,26.45,2563
ORIENTLTD,20111104,74,79.65,74,76.5,95
ORIENTPPR,20111104,61.05,61.7,58.5,60.15,94704
ORISSAMINE,20111104,48751,49800,48699.95,48947.15,1508
OSWALMIN,20111104,48.95,48.95,48.95,48.95,10
OUDHSUG,20111104,19.8,20.15,18.7,18.95,66159
PAEL,20111104,22.5,22.5,22,22.25,8
PAGEIND,20111104,2602.1,2655,2563.3,2602.95,5108
PANACEABIO,20111104,103,108,102.55,104.85,15636
PANAMAPET,20111104,225.25,233.7,225.25,228.35,274
PANASONIC,20111104,102,102,98.4,99.35,792
PANORAMUNI,20111104,9.8,10.1,9.8,9.9,8141
PANTALOONR,20111104,191.85,197.85,191.2,192.6,573019
PAPERPROD,20111104,79.9,79.9,77.1,77.5,27074
PARABDRUGS,20111104,39.05,39.05,38,38.25,9528
PARACABLES,20111104,2.75,2.95,2.75,2.8,31103
PARAL,20111104,243.7,243.7,235,236.3,2389
PARAPRINT,20111104,25.6,25.8,23.85,24.1,183122
PARASPETRO,20111104,0.5,0.5,0.45,0.45,4800
PARRYSUGAR,20111104,103.95,103.95,95,98.65,769
PARSVNATH,20111104,78.1,79.75,78.1,79.35,434955
PATELENG,20111104,97.55,100.9,97.5,99.5,335927
PATINTLOG,20111104,33.6,34.4,33.35,33.7,53325
PATNI,20111104,332.25,360,332.25,354.1,823114
PATSPINLTD,20111104,11.5,11.65,11,11.2,1228
PBAINFRA,20111104,46.2,47.2,45.1,45.6,7915
PDPL,20111104,98.05,102.45,98.05,98.7,767
PDUMJEIND,20111104,16.55,16.75,16.05,16.7,6
PDUMJEPULP,20111104,17.6,18.95,17.6,18.25,10
PEACOCKIND,20111104,3.1,3.1,3.1,3.1,3000
PEARLPOLY,20111104,17.05,17.5,16.55,17.45,11029
PENIND,20111104,39,39,38.5,39,3876
PENINLAND,20111104,41.05,42.85,40.95,42.3,19317
PERIATEA,20111104,208,208,167,171.2,632
PERSISTENT,20111104,311.25,315.75,311.25,313.25,3337
PETRONENGG,20111104,296,296,289,289.75,285
PETRONET,20111104,166.8,171.4,166.8,170.8,2252369
PFC,20111104,166,171,162.8,164.1,3836251
PFIZER,20111104,1325,1347.95,1310,1337.3,4011
PFOCUS,20111104,59.45,62.7,59.25,61.2,1128824
PFS,20111104,15.2,15.5,15.1,15.15,42052
PGEL,20111104,214,221,210.55,213.35,46345
PGHH,20111104,2025.1,2172,2022.65,2148.35,6507
PHILIPCARB,20111104,138.05,141,137.5,137.85,11822
PHOENIXLTD,20111104,206,206,200.5,202.1,11695
PIDILITIND,20111104,145,168.7,145,167.8,223213
PIIND,20111104,587,597.8,573.1,581.25,17433
PIONDIST,20111104,44.15,44.15,44.15,44.15,96
PIONEEREMB,20111104,11.5,12.8,11.5,12.8,3198
PIPAVAVDOC,20111104,85.4,85.7,84.65,85.1,1273924
PIRGLASS,20111104,121.6,122,120.7,121.35,3051
PIRHEALTH,20111104,366.2,371.7,363.3,366.4,75071
PIRLIFE,20111104,92.8,95.3,92.45,92.75,19493
PITTILAM,20111104,69,71.75,65.6,66.6,133381
PLASTIBLEN,20111104,161.5,161.5,159.25,159.25,75
PLETHICO,20111104,383.8,383.8,378,379.5,56053
PNB,20111104,999.7,1002.9,975,978.5,312846
PNBGILTS,20111104,28.1,28.75,25.65,26,372117
PNC,20111104,15.65,15.65,14,14.25,745
POCHIRAJU,20111104,13.9,14,13.7,13.8,6146
POLARIND,20111104,3.85,3.95,3.8,3.85,8800
POLARIS,20111104,143.05,144,138.7,140.45,488474
POLYPLEX,20111104,179.35,181.65,178,179.2,16565
PONDYOXIDE,20111104,28.8,29.9,28.6,28.8,6433
PONNIERODE,20111104,81.7,81.7,77.65,78.25,701
POWERGRID,20111104,105,105,103.4,103.85,1164832
PPAP,20111104,78.6,80.9,78.5,79.4,1180
PRADIP,20111104,101.25,104.6,98.6,100.3,93331
PRAENG,20111104,5.9,5.9,5.7,5.75,36591
PRAJIND,20111104,84.7,85.55,83.65,84.6,489982
PRAKASH,20111104,46.4,46.5,45.05,45.4,117973
PRAKASHCON,20111104,230,256.7,228,248.65,1052505
PRAKASHSTL,20111104,123.45,125.25,123.45,124.45,2453
PRATIBHA,20111104,44.75,44.75,43.6,43.9,26983
PRECOT,20111104,109,112,100.95,101.9,8217
PRECWIRE,20111104,91.55,94.3,91.55,93,1183
PREMIER,20111104,80,80.95,79.55,80.45,918
PRESTIGE,20111104,97.8,99.25,90.6,91.8,242051
PRETAILDVR,20111104,144.8,144.8,127,135.95,534
PRICOL,20111104,15.3,15.8,15.3,15.55,6881
PRIMESECU,20111104,18.75,18.95,17.65,17.9,5262
PRISMCEM,20111104,44.4,46.5,43.55,46.2,315557
PRITHVI,20111104,19.5,20.45,19.25,20,9009
PROVOGUE,20111104,29.05,29.5,28.55,28.65,132073
PSB,20111104,76,76.4,73.75,74.4,184255
PSL,20111104,63,65.45,62.6,64.15,66336
PSUBNKBEES,20111104,356,356,340.5,343.33,10660
PTC,20111104,74.45,75.9,72.05,72.55,1446224
PTL,20111104,39.25,40.9,39.05,40,4879
PUNJABCHEM,20111104,75.75,75.9,71.6,72.1,1547
PUNJLLOYD,20111104,57.4,58.4,57,57.85,3156799
PURVA,20111104,79,80.85,78.5,78.6,5254
PVP,20111104,6.4,7.1,6.2,6.8,476365
PVR,20111104,158,158,148.05,155,252736
QGOLDHALF,20111104,1333.8,1342,1333.8,1336.6,1157
QNIFTY,20111104,540.9,540.9,537.6,537.6,71
QUINTEGRA,20111104,3.05,3.05,2.75,2.9,17263
RADAAN,20111104,2.1,2.2,2.1,2.1,5282
RADICO,20111104,125.95,127.4,123.2,123.8,144063
RAINBOWPAP,20111104,63.8,63.95,63.35,63.75,255519
RAINCOM,20111104,29.85,30,29.25,29.3,210732
RAJESHEXPO,20111104,149.4,150.25,145.15,146.05,546208
RAJOIL,20111104,20.8,21.85,17,17,522280
RAJPALAYAM,20111104,209.95,210,206.15,206.15,123
RAJRAYON,20111104,9.65,10.4,9.55,9.85,7489
RAJTV,20111104,71,71.25,67.95,70.75,54243
RAJVIR,20111104,107,109.75,103.25,105,457
RALLIS,20111104,164.15,167,164.15,164.9,79753
RAMANEWS,20111104,12.35,13.05,12.2,12.35,162635
RAMCOIND,20111104,44.55,44.95,43.8,44,21239
RAMCOSYS,20111104,60.05,67.45,60.05,65.2,29315
RAMKY,20111104,228,229,227.5,227.65,985
RAMSARUP,20111104,10.15,10.15,9.8,10,9264
RANASUG,20111104,3.95,4,3.9,3.95,48679
RANBAXY,20111104,516.9,519.9,502.5,504.1,508185
RANEENGINE,20111104,193,198,193,194,39
RANEHOLDIN,20111104,200.05,205,200.05,201.65,1433
RANKLIN,20111104,15.4,15.4,14.8,15,207
RATNAMANI,20111104,102.05,102.75,102.05,102.65,1848
RAYMOND,20111104,384,386.7,376.15,384.15,237089
RBL,20111104,117.95,117.95,114.7,114.95,1621
RBN,20111104,66.5,67.35,64.5,65,47478
RCF,20111104,73,74,72.5,72.6,286573
RCOM,20111104,85,85.4,82.8,83.25,7121649
RECLTD,20111104,196.1,201.25,193.15,195.65,4122362
REDINGTON,20111104,94.8,95.8,94,95.45,145673
REFEX,20111104,13.95,14.35,13.9,14.05,4756
REIAGROLTD,20111104,22.5,22.8,21.9,22,1128805
REISIXTEN,20111104,20.2,20.2,19,19.2,2558
RELAXO,20111104,434.9,434.9,407.35,415.4,854
RELBANK,20111104,921,923,900.05,907.81,89
RELCAPITAL,20111104,378,381.45,370.3,373.85,2244917
RELGOLD,20111104,2601.05,2617.95,2592,2601,17172
RELGRNIFTY,20111104,483.2,511.95,483.2,501.01,51
RELIANCE,20111104,905,905,872.65,879.95,4171957
RELIGARE,20111104,443.95,444,437.1,437.75,5894
RELIGAREGO,20111104,2740.65,2764,2740.05,2761.15,1797
RELINFRA,20111104,474.5,474.5,446.5,457,1765867
RELMEDIA,20111104,95.25,96.6,92.8,93.7,423328
REMSONSIND,20111104,28.2,28.2,28.2,28.2,275
RENUKA,20111104,57.1,58.2,56.25,56.75,5790134
REPRO,20111104,198.8,202.1,188.1,191.2,206766
RESPONIND,20111104,103.15,104,102.3,103,7211
RESURGERE,20111104,0.35,0.35,0.3,0.35,2062009
REVATHI,20111104,365,365,350,350.75,16442
RICOAUTO,20111104,11.95,12.45,11.55,12.2,223310
RIIL,20111104,416.4,437.2,415.05,429.85,705734
RJL,20111104,89,90,88.1,88.6,1210
RKDL,20111104,16.2,16.65,16,16,12442
RKFORGE,20111104,105,105,103,103.05,409
RMCL,20111104,6.85,6.85,6.25,6.35,3101
RML,20111104,111.4,111.4,109.2,109.25,482
ROHITFERRO,20111104,28.35,29.2,27.85,28.4,27904
ROHLTD,20111104,53.5,54.15,52.6,53.65,10127
ROLTA,20111104,81.4,82.8,80,80.25,710838
ROMAN,20111104,23,23.15,22.55,22.55,598
RPGLIFE,20111104,79.85,79.85,78.65,78.95,627
RPOWER,20111104,99.95,100.7,98.55,99.55,3884144
RPPINFRA,20111104,63.85,63.9,59.75,60.05,7801
RSSOFTWARE,20111104,56.5,57.45,54.6,55,9415
RSWM,20111104,84,85.95,83.6,84.45,10425
RSYSTEMS,20111104,110.55,114.8,110.55,113.1,4548
RUBYMILLS,20111104,830,889.9,830,865.55,1099
RUCHINFRA,20111104,24,24,23.1,23.2,215622
RUCHIRA,20111104,9.8,10.95,9.8,10,5626
RUCHISOYA,20111104,111.1,111.1,109.9,110.1,120110
RUSHIL,20111104,154.35,156.2,150,151.65,256783
SABERORGAN,20111104,124,127,124,126.3,55596
SADBHAV,20111104,130.1,137,130.1,135.65,8390
SAGCEM,20111104,140,140,140,140,4
SAHPETRO,20111104,28.75,30.85,28.5,29,2826
SAIL,20111104,110.25,111.65,109.55,111,2334236
SAKHTISUG,20111104,26.9,27.3,26.6,26.85,14740
SAKSOFT,20111104,61.95,61.95,57.95,58,435
SAKUMA,20111104,13.8,16.1,13.2,13.45,935
SALSTEEL,20111104,6,6.25,6,6.15,22551
SAMBHAAV,20111104,1.15,1.15,1.1,1.1,332
SANDESH,20111104,278,278.95,274.5,274.5,150
SANGAMIND,20111104,30.5,32.6,30.5,31.15,13450
SANGHVIFOR,20111104,24.65,25.95,24.6,25,23243
SANGHVIMOV,20111104,122,125.05,121.05,124.1,2232
SANWARIA,20111104,13.15,13.3,12.6,12.75,262859
SARDAEN,20111104,122.5,124,120.25,122.45,14881
SAREGAMA,20111104,67.55,69.9,67.55,68.25,14684
SASKEN,20111104,110.95,112.05,109.75,110.05,30597
SATHAISPAT,20111104,37,37.1,36.25,36.8,5706
SATYAMCOMP,20111104,74,74.75,73.4,73.8,2853637
SAVERA,20111104,36.2,37.45,35,36.95,302
SB&TINTL,20111104,15.3,15.6,14.4,15.2,34404
SBBJ,20111104,394,415.95,394,401.2,27790
SBIGETS,20111104,2730.05,2741,2726.5,2733.35,7951
SBIN,20111104,1964.5,1980.9,1953.05,1966.15,2532220
SBT,20111104,603.8,619.9,595.05,596.9,17376
SCI,20111104,71.5,73.3,71.5,72.5,433494
SEAMECLTD,20111104,103.2,104.95,102,102.2,7007
SEINV,20111104,137.35,137.35,137.35,137.35,6719
SELAN,20111104,287,288,284.3,286.35,37350
SELMCL,20111104,14.4,14.6,13.25,13.35,326988
SENTINEL,20111104,15.2,15.95,15,15.7,7226
SERVALL,20111104,5.8,6,5.75,6,58667
SESAGOA,20111104,212.6,216.8,208.4,209.95,3645786
SESHAPAPER,20111104,230,230,198,209.15,5948
SEZALGLASS,20111104,2.45,2.55,2.4,2.45,5930
SGFL,20111104,3.95,3.95,3.95,3.95,1000
SGJHL,20111104,148.5,150.45,146.2,146.8,36125
SGL,20111104,3.9,4.1,3.7,4.05,12060
SHAHALLOYS,20111104,9.75,10.4,9.75,10.05,2
SHAKTIPUMP,20111104,43.75,43.85,42.15,42.55,30229
SHALPAINTS,20111104,490,513.85,490,491.75,6418
SHANTIGEAR,20111104,39.8,40.5,39.1,39.7,45987
SHARIABEES,20111104,123.8,123.8,123.8,123.8,2
SHARRESLTD,20111104,63.8,66.95,60.3,64.15,92565
SHASUNPHAR,20111104,65.05,67.95,64.1,67.55,56576
SHILPAMED,20111104,221.5,224.15,221.5,224.15,53
SHILPI,20111104,13.7,14.3,13.7,14,13505
SHIV-VANI,20111104,215,217.8,210.55,212.6,6651
SHIVAMAUTO,20111104,123,129.8,119,122.95,4193
SHIVTEX,20111104,24.2,24.4,23.9,24.4,2190
SHLAKSHMI,20111104,112.1,112.8,110.1,111.65,198204
SHOPERSTOP,20111104,348,358,330.1,346.5,6244
SHREEASHTA,20111104,6.85,7,6.85,6.85,2274465
SHREECEM,20111104,1886.05,2017.7,1886.05,1989.6,5472
SHREERAMA,20111104,3.3,4.15,3.3,4.15,2051
SHRENUJ,20111104,68.9,70.5,67.5,68.5,23254
SHREYANIND,20111104,21,21.65,21,21.65,357
SHREYAS,20111104,31.9,32.2,31,31.6,2287
SHRIRAMCIT,20111104,525,533.8,525,530,4145
SHRIRAMEPC,20111104,122.5,125.45,121.65,122.45,3786
SHYAMTEL,20111104,34.95,34.95,34,34.25,1282
SICAGEN,20111104,19.75,19.75,19.2,19.4,7664
SICAL,20111104,71,71.8,70.8,70.85,5673
SIEMENS,20111104,855,869,855,861.95,116333
SILINV,20111104,88.95,88.95,83.5,83.5,2
SIMBHSUGAR,20111104,31.5,31.5,30.8,30.9,911
SIMPLEX,20111104,92.5,92.5,89.5,89.5,756
SIMPLEXINF,20111104,210.1,214,209,210,1358
SINTEX,20111104,115.7,118,115.45,115.9,1734987
SIRPAPER,20111104,46.1,49,46.1,46.3,1424
SITASHREE,20111104,7,7.4,6.95,7,9175
SIYSIL,20111104,305,310,305,307.9,1667
SJVN,20111104,22.05,22.35,22.05,22.25,125266
SKFINDIA,20111104,657.05,667.4,650.15,653.85,7512
SKMEGGPROD,20111104,8.9,8.9,8.25,8.3,3499
SKSMICRO,20111104,219.35,219.35,207.7,209.2,874248
SKUMARSYNF,20111104,39.05,39.75,38.85,39,490709
SMARTLINK,20111104,43,44.15,43,43.75,10818
SMLISUZU,20111104,398,398,384.1,385.55,160
SMOBILITY,20111104,99.7,100,98.65,99,21621
SMPL,20111104,7.05,7.65,7,7.55,300143
SMSPHARMA,20111104,171,172,168,169.05,265
SOBHA,20111104,245.05,249.8,240.05,242.15,108131
SOFTTECHGR,20111104,5.2,5.2,4.95,4.95,25
SOLARINDS,20111104,831,850,805,818.15,5539
SOMANYCERA,20111104,42.2,43.8,42.2,43.45,2231
SOMATEX,20111104,4.4,4.6,4.3,4.4,3583
SONASTEER,20111104,14.6,14.6,14.1,14.15,27491
SONATSOFTW,20111104,28.3,28.85,27.25,27.4,534858
SOTL,20111104,500,509.9,496.05,499.2,1843
SOUISPAT,20111104,4.1,4.25,4.05,4.2,57572
SOUTHBANK,20111104,23.5,23.5,23.25,23.4,1057361
SPANCO,20111104,124.5,124.5,118.2,119.35,46296
SPARC,20111104,84.5,84.5,82.25,83.05,18488
SPENTEX,20111104,8.9,8.9,8.1,8.2,20969
SPIC,20111104,25.55,26.5,25.45,26.1,298271
SPMLINFRA,20111104,121.8,121.9,115.75,116.25,3592
SPYL,20111104,37.4,37.4,32.6,32.6,57407
SREINFRA,20111104,36,36.3,34.5,35.15,450149
SRF,20111104,308.05,310.55,303.05,308.3,36571
SRGINFOTEC,20111104,0.45,0.45,0.45,0.45,4981
SRHHLINDST,20111104,4.6,4.6,3.95,4.1,10625
SRHHYPOLTD,20111104,45,48.6,45,47.85,15460
SRICHAMUND,20111104,29.25,30.5,29.25,29.3,695
SRSLTD,20111104,33.45,33.6,32.85,33,89535
SRTRANSFIN,20111104,599.05,609.15,598.55,604.65,547706
SSWL,20111104,228,234.9,221.55,222.5,2707
STAR,20111104,404,415,403.9,411.2,104148
STARPAPER,20111104,23.35,23.8,23.25,23.8,441
STCINDIA,20111104,159.5,166.3,159.2,160.65,144639
STER,20111104,123.9,125.7,122.05,122.75,10194302
STERLINBIO,20111104,63.65,64.05,62.8,63.85,660260
STERTOOLS,20111104,110,110,110,110,50
STOREONE,20111104,13.95,14.55,13.95,14.1,25
STRTECH,20111104,39.1,40.8,38.65,40.25,633765
SUBEX,20111104,42.05,42.4,41.3,41.4,464051
SUDAR,20111104,68.3,68.95,66.15,66.7,115154
SUDARSCHEM,20111104,680.35,689,680.35,683.05,22
SUJANATOW,20111104,23.5,24,23.2,23.55,4017001
SUJANAUNI,20111104,4.1,4.2,4,4.1,59829
SUMEETINDS,20111104,24.25,24.25,23.5,23.55,15790
SUMMITSEC,20111104,84.85,84.85,75.3,77.05,1986
SUNCLAYTON,20111104,153.9,158.6,151.25,157.95,6849
SUNDARAM,20111104,48.75,49.95,47.9,49.3,60785
SUNDARMFIN,20111104,539.75,572.7,539.75,567.75,13205
SUNDRMBRAK,20111104,158,161.8,157.4,157.45,690
SUNDRMFAST,20111104,62,62,60.6,61.55,52063
SUNFLAG,20111104,26.05,26.15,25.95,26,26322
SUNILHITEC,20111104,92,93.8,91.1,92.8,5675
SUNPHARMA,20111104,510,514.45,504.6,513.15,964386
SUNTECK,20111104,357.5,360.05,356.85,358.6,12561
SUNTV,20111104,276,292.25,276,288.55,1993600
SUPER,20111104,146.55,146.55,141.6,143,6093
SUPERSPIN,20111104,7.2,7.55,7.2,7.4,3620
SUPPETRO,20111104,62.3,64.55,62.3,63.55,2247
SUPRAJIT,20111104,21.85,21.85,20.1,20.45,49894
SUPREMEIND,20111104,192,193.8,192,193.05,32770
SUPREMEINF,20111104,222,227,216,222.4,19634
SURAJDIAMN,20111104,47.55,47.75,46.2,46.35,11167
SURANACORP,20111104,85.4,90,85.4,88.3,865
SURANAIND,20111104,409.75,409.9,401,404.65,2487
SURANAT&P,20111104,14.55,14.9,14.55,14.75,552
SURANAVEL,20111104,26.5,26.5,25.35,25.5,2291
SURYAJYOTI,20111104,21.8,22.15,21.4,21.55,2512
SURYALAXMI,20111104,64.05,66,64,65.5,380
SURYAPHARM,20111104,15.75,15.75,15.35,15.45,46538
SURYAROSNI,20111104,60.05,61.75,60.05,60.8,7824
SUTLEJTEX,20111104,170,173.2,163.25,166.3,4130
SUVEN,20111104,16.6,16.6,16.1,16.3,44639
SUZLON,20111104,36.95,37.4,36.65,36.85,7473578
SWARAJENG,20111104,468.95,468.95,455.5,459.05,785
SYMPHONY,20111104,1456,1494,1415.8,1473.4,732
SYNCOM,20111104,14.5,14.5,13.3,13.9,29231
SYNDIBANK,20111104,105.5,107.1,105.15,106.05,420376
TAINWALCHM,20111104,22.65,22.65,21.1,22,970
TAJGVK,20111104,92.7,92.7,91,91.4,22882
TAKE,20111104,27.5,27.9,26.35,26.55,53755
TAKSHEEL,20111104,22.15,23.9,22.15,22.15,569766
TALBROAUTO,20111104,36.1,38.35,36.1,37.5,2513
TALWALKARS,20111104,174.5,179.7,174.5,178.1,226665
TANFACIND,20111104,24,24.4,24,24.05,601
TANLA,20111104,10.3,10.3,9.35,9.35,555853
TANTIACONS,20111104,49.75,50.4,49.1,49.8,2928
TARAPUR,20111104,17.6,18.25,17.6,17.75,3201
TATACHEM,20111104,331.5,334.8,329,330.8,156441
TATACOFFEE,20111104,885,910,885,894.7,154783
TATACOMM,20111104,185.85,189.8,185.85,187.75,130103
TATAELXSI,20111104,228,236.4,228,229,99770
TATAGLOBAL,20111104,91.6,92.05,90.7,90.95,628106
TATAINVEST,20111104,486,486.3,478,480.5,2519
TATAMETALI,20111104,74,75.5,74,74.45,18147
TATAMOTORS,20111104,193.5,193.7,185.75,188.1,17979945
TATAMTRDVR,20111104,103.5,105.1,102,103.4,2804916
TATAPOWER,20111104,106,106,102.55,103.3,1711387
TATASPONGE,20111104,326.05,348,326.05,330.85,20816
TATASTEEL,20111104,467.6,476.25,465.1,467.15,4318570
TCI,20111104,74.85,76.85,73,74.55,7446
TCIDEVELOP,20111104,156,175.4,156,162.4,227
TCIFINANCE,20111104,27.75,27.75,26.85,27.45,1496
TCS,20111104,1121,1125,1087.2,1099.8,1358004
TDPOWERSYS,20111104,255,257,252.1,252.85,2335
TECHM,20111104,629.7,633.4,618,628.05,138014
TECHNO,20111104,224.95,225.5,215.5,220.3,35938
TECHNOFAB,20111104,140,140.85,136.95,137.75,533
TECPRO,20111104,219.5,224.6,214,222.05,5615
TELEDATAIT,20111104,0.25,0.3,0.25,0.3,148642
TELEMARINE,20111104,0.5,0.6,0.5,0.6,47982
TEXMACOLTD,20111104,30.6,31,30.5,30.6,51009
TEXMOPIPES,20111104,31.3,32.65,28.6,28.8,619233
TEXRAIL,20111104,83.25,84,81.5,81.85,13796
TFCILTD,20111104,26.1,26.45,25.85,26.25,33946
TFL,20111104,15,15,14.2,14.5,1342
THANGAMAYL,20111104,179,179,169.15,169.8,34128
THEMISMED,20111104,114.9,114.9,114.9,114.9,25
THERMAX,20111104,499.3,502.7,485.1,489.45,63409
THINKSOFT,20111104,44,47.3,44,45.55,137013
THIRUSUGAR,20111104,85.25,85.25,81.1,81.95,340
THOMASCOOK,20111104,49,51,48.8,49.85,506863
TI,20111104,33,33,32.1,32.25,94142
TIDEWATER,20111104,6911.4,7000,6900,6905.75,322
TIIL,20111104,38.45,38.45,37.2,37.4,1022
TIJARIA,20111104,12.05,12.45,11.75,12.25,232684
TIL,20111104,375,388.9,354.05,359.9,16221
TIMESGTY,20111104,26,27.4,26,26.05,420
TIMETECHNO,20111104,59.45,59.9,56.55,58.75,17307
TIMKEN,20111104,221.75,222.8,218,219.7,41827
TINPLATE,20111104,45.8,46.5,45.45,46,57110
TIPSINDLTD,20111104,33.35,34,33.35,33.9,12676
TIRUMALCHM,20111104,69.6,70.5,69.55,70.4,2563
TITAN,20111104,216,219.45,216,217,2276907
TNPETRO,20111104,15.25,15.5,15.25,15.45,28348
TNPL,20111104,101.6,102.6,100,102.35,14073
TODAYS,20111104,4.9,6,4.9,5.95,21728
TOKYOPLAST,20111104,15.75,16.85,15.75,16.2,4629
TORNTPHARM,20111104,577.9,580,571.75,577.25,4212
TORNTPOWER,20111104,234,234.95,228.25,229.5,11381
TREEHOUSE,20111104,196.75,202.4,193.45,196.05,221815
TRENT,20111104,1033.25,1050.65,1030,1045.8,8451
TRF,20111104,359.9,364,341.8,342.55,45827
TRICOM,20111104,11,11.2,10.8,10.95,6938
TRIDENT,20111104,12.15,12.25,12.05,12.1,26880
TRIGYN,20111104,13.2,13.4,13.05,13.15,27943
TRIL,20111104,220.2,224.8,219.2,220,3816
TRIVENI,20111104,22.3,23,22.2,22.85,1294341
TTKHEALTH,20111104,491.65,491.65,479.25,483,21664
TTKPRESTIG,20111104,2668,2678.85,2641,2663.75,58676
TTL,20111104,24.95,24.95,24.25,24.8,7373
TTML,20111104,17.5,17.95,17.35,17.5,1370611
TUBEINVEST,20111104,143.5,143.5,139.6,141,262901
TULIP,20111104,149.05,151.9,147.5,149.9,383935
TULSI,20111104,10.6,10.85,10.5,10.55,38559
TULSYAN,20111104,39.5,39.5,38.55,38.55,51
TV18BRDCST,20111104,45.85,46.8,43.35,43.95,259452
TVSELECT,20111104,19.5,20.85,19.35,20.7,3164
TVSMOTOR,20111104,68.9,68.9,66.25,67,3756667
TVSSRICHAK,20111104,339.05,360,339.05,349.45,9355
TVTODAY,20111104,61.4,61.8,58.9,59.55,42668
TWILITAKA,20111104,43,45,41.8,42.35,90736
TWL,20111104,445.7,451.5,445.1,448.3,13807
UBENGG,20111104,50.7,50.7,49,49.6,35919
UBHOLDINGS,20111104,101.8,102.65,99.05,99.5,87162
UBL,20111104,406.4,406.45,399.45,401.95,25425
UCALFUEL,20111104,72.2,73.7,72.2,72.85,4833
UCOBANK,20111104,74.1,75.5,73.55,74,1419492
UFLEX,20111104,162.85,168.75,162.85,164.8,480338
UGARSUGAR,20111104,12.8,13.1,12.65,12.7,6230
ULTRACEMCO,20111104,1148,1166.8,1141.5,1150.05,114167
UMESLTD,20111104,18.65,19.6,17.55,19.25,16390
UNICHEMLAB,20111104,128,128.45,125.85,126.3,18918
UNIENTER,20111104,26.5,27.45,26.5,26.65,2964
UNIONBANK,20111104,229.95,234,225.05,227.25,624691
UNIPHOS,20111104,147.85,148.75,145,147.55,390229
UNIPLY,20111104,11.15,11.45,10.85,11.25,1130
UNITECH,20111104,29.5,29.9,28.65,28.75,22990034
UNITEDBNK,20111104,72.8,72.8,71.15,71.35,103666
UNITEDTEA,20111104,128,150,128,142,284
UNITY,20111104,39.95,40.05,38.75,38.9,88815
UNIVCABLES,20111104,50.25,51,48.35,48.95,961
UPERGANGES,20111104,45.5,45.5,43.35,43.5,202
USHAMART,20111104,31.6,32.2,31.25,31.55,257780
USHERAGRO,20111104,127,127,124.2,125.4,377455
UTISUNDER,20111104,2050,2100,2000,2023.16,135
UTTAMSTL,20111104,77.1,77.1,75.45,75.75,19036
UTTAMSUGAR,20111104,32.25,33.7,30.2,32.55,56114
UTVSOF,20111104,948.15,954,948.15,950,16768
VADILALIND,20111104,136.15,138.25,130.55,132.15,5238
VAIBHAVGEM,20111104,31.9,31.9,29.35,29.95,1015
VAKRANSOFT,20111104,352.5,354.9,350.5,351.2,3655
VALECHAENG,20111104,74,75.5,73.65,74.4,18087
VALUEIND,20111104,17.1,17.8,17.1,17.45,2247
VARDHACRLC,20111104,8.75,8.9,8.75,8.8,16409
VARDMNPOLY,20111104,98,100.9,95.3,97.3,99672
VARUN,20111104,266.95,268.5,263.5,265.6,217249
VARUNSHIP,20111104,18.5,19.05,17.9,18,193275
VASCONEQ,20111104,50.5,51.5,49.75,51.05,4718
VASWANI,20111104,12.1,13,11.75,12.6,1125153
VENKEYS,20111104,511.9,519.4,477,492,448465
VENUSREM,20111104,205.65,209.65,200,202.05,12189
VESUVIUS,20111104,403,403,389,396.75,14793
VGUARD,20111104,208,209.9,205,205.4,51385
VICEROY,20111104,27,27.9,26.75,27.35,105461
VIDEOIND,20111104,174.4,176.4,172.25,175.6,82767
VIJAYABANK,20111104,61.3,61.8,60.35,60.7,1925954
VIJSHAN,20111104,17.1,17.25,15.75,16.7,1619
VIKASHMET,20111104,9.8,9.9,9.45,9.65,110883
VIMTALABS,20111104,19.6,20.75,19.35,19.8,17045
VINATIORGA,20111104,64.5,65.15,63.5,64.95,9185
VINDHYATEL,20111104,195.95,195.95,177.75,183.8,4397
VINYLINDIA,20111104,11,11,10.9,10.95,1710
VIPIND,20111104,166,168.6,157.15,158.25,2747282
VIPUL,20111104,10,10.6,10,10.3,736
VISAKAIND,20111104,90.7,92.4,90.7,90.95,7081
VISASTEEL,20111104,58.5,59,58.5,58.55,6893
VISESHINFO,20111104,2.9,3,2.9,3,10175
VISHALRET,20111104,21.75,21.8,21.1,21.2,13343
VISUINTL,20111104,2,2.1,1.95,2,8698
VIVIMEDLAB,20111104,279.15,279.15,272.05,274.5,12519
VLSFINANCE,20111104,12,12,11.3,11.75,9827
VOLTAMP,20111104,491,505.35,491,493.25,3228
VOLTAS,20111104,101.75,106,100.6,105.45,2144237
VSTIND,20111104,1265,1266.3,1238,1241.7,57621
VSTTILLERS,20111104,507.2,510.95,501.1,501.1,729
VTL,20111104,214,215.65,214,215,3463
VTXIND,20111104,14.25,14.25,13.25,14,7548
WABAG,20111104,355,356,350,354.05,26497
WABCOINDIA,20111104,1420,1435,1395,1424.15,1112
WALCHANNAG,20111104,87.5,94.5,87.5,91.8,446777
WANBURY,20111104,23.25,24,23.25,23.8,3055
WEBELSOLAR,20111104,36,36,35.5,35.75,4854
WEIZFOREX,20111104,65.1,69.5,65.1,65.1,81
WEIZMANIND,20111104,8.8,9.1,8.4,8.4,9457
WELCORP,20111104,106,109.5,104.35,105.05,1763976
WELGLOB,20111104,37.3,37.3,37.3,37.3,14
WELINV,20111104,47.45,48.15,47.45,48.15,154
WELPROJ,20111104,37.05,38.8,35.95,37.35,15646
WENDT,20111104,1689.75,1689.75,1642,1652.35,288
WHEELS,20111104,324.75,324.75,306.3,313.25,4945
WHIRLPOOL,20111104,200.05,202.3,198.35,200.85,92585
WILLAMAGOR,20111104,49.95,50,49.5,49.85,135
WINDMACHIN,20111104,21,21.35,19.8,19.85,1793
WINSOME,20111104,18.6,20.25,18.6,19.7,43184
WIPRO,20111104,373.2,377,368.5,371.85,982400
WOCKPHARMA,20111104,431.6,437.35,426,428.75,103039
WSI,20111104,16.1,17.15,16.1,17.1,1764
WSTCSTPAPR,20111104,69.5,71.9,69,69.35,13369
WYETH,20111104,972,996.9,972,976.75,1612
XLENERGY,20111104,7.15,7.55,7.15,7.25,24837
XPROINDIA,20111104,57,57.9,55.65,55.8,7043
YESBANK,20111104,312,317.3,312,316.5,1633528
ZEEL,20111104,124.8,126.85,122,125.4,925152
ZEELEARN,20111104,18.8,20.1,18.75,19.95,1322651
ZEENEWS,20111104,12.2,12.3,12.1,12.15,181571
ZENITHBIR,20111104,4.8,4.95,4.8,4.9,61552
ZENITHCOMP,20111104,15,15.15,14.15,14.2,12830
ZENITHINFO,20111104,51.1,53.5,51.05,52.9,18017
ZENSARTECH,20111104,129,131.95,126.65,129,3827
ZICOM,20111104,38.3,40,38.3,39.2,10621
ZODIACLOTH,20111104,223.95,223.95,206,207,2379
ZODJRDMKJ,20111104,21.05,22.65,21.05,22.6,102
ZUARIAGRO,20111104,604.9,604.9,592.6,598.8,2586
ZYDUSWELL,20111104,580.15,637,580.15,596.45,26154
ZYLOG,20111104,469,469,440.65,452.6,175669
NSENIFTY,20111104,5325.40,5326.45,5256.80,5284.20,149015829,5401.13
NIFTYJUNIOR,20111104,10078.70,10216.45,10078.70,10178.65,72081310,1468.85
BANKNIFTY,20111104,9887.90,9914.10,9808.10,9836.35,14169428,1256.97
NSEMIDCAP,20111104,7250.10,7347.85,7250.10,7320.00,145014085,1321.21
NSEIT,20111104,6250.55,6268.75,6135.45,6200.20,14394555,634.07
NSE100,20111104,5195.00,5206.10,5143.20,5169.15,221097139,6869.99
NSE500,20111104,4212.10,4228.55,4182.95,4201.10,479527273,9339.70
MIDCAP50,20111104,2151.35,2172.40,2148.45,2161.10,134488856,1082.99
VIX,20111104,21.13,23.88,21.13,23.43,24.66,-1.23
