20MICRONS,20110905,56,59.5,55.5,57.2,141793
3IINFOTECH,20110905,26.9,27.4,26.7,27.15,449631
3MINDIA,20110905,4591.75,4591.75,4472,4553.65,333
A2ZMES,20110905,184.9,185.6,175.6,183.35,133932
AANJANEYA,20110905,425.15,429.8,417.95,422.45,98284
AARTIDRUGS,20110905,117,117.95,112,117.45,3543
AARTIIND,20110905,49.55,49.8,48.3,49.4,37172
AARVEEDEN,20110905,35.1,35.1,31.95,32,6201
ABAN,20110905,378,407.95,372,403.2,1208881
ABB,20110905,845.1,863,839,857.95,48592
ABBOTINDIA,20110905,1430,1503,1430,1463.2,1780
ABCIL,20110905,100.5,103.8,97.2,103,7289
ABGSHIP,20110905,366.95,373.8,365.65,370.1,74400
ABHISHEK,20110905,9.95,10.6,9.6,10.2,1088
ABIRLANUVO,20110905,909.9,939.85,902,924.4,101347
ACC,20110905,1005.35,1018.8,997.05,1002.1,272664
ACE,20110905,44.75,45.9,43.7,45.2,58772
ACKRUTI,20110905,197,198,195.1,195.9,4686
ACROPETAL,20110905,14.9,14.95,14.5,14.85,43415
ADANIENT,20110905,531,541,521.2,531.7,293913
ADANIPOWER,20110905,88,91.65,86.5,89.25,580761
ADFFOODS,20110905,58.8,58.8,55,56.1,7774
ADHUNIK,20110905,55.7,57.8,54.7,55.1,109911
ADORWELD,20110905,154,154.05,151,151.25,2266
ADSL,20110905,26.1,26.15,25.5,26.15,72950
ADVANIHOTR,20110905,35.15,36.4,35,35.5,2620
ADVANTA,20110905,347.95,357.9,343.65,349.9,151961
AEGISCHEM,20110905,190,190,185.95,188.3,2466
AFL,20110905,38,38,37,37.35,2196
AFTEK,20110905,11.15,11.55,11.15,11.4,132165
AGCNET,20110905,117,117.9,109,112.05,1899
AGRE,20110905,42,43.55,41.25,42.8,4469
AGRODUTCH,20110905,8,8,7.4,7.7,26306
AHLEAST,20110905,302.9,302.9,290,295.5,85
AHLUCONT,20110905,112,114.7,111,113.95,854
AHLWEST,20110905,152,164.85,151.65,153.4,834
AHMEDFORGE,20110905,107.05,107.5,105,106.8,4090
AIAENG,20110905,338,345.5,330.4,332,4881
AJANTPHARM,20110905,310,318,305.5,316.65,4567
AJMERA,20110905,117.5,120.95,116.15,117.75,26708
AKSHOPTFBR,20110905,6.45,7.05,6.4,6.9,82954
AKZOINDIA,20110905,925,949.95,925,943.6,5146
ALBK,20110905,175,176.85,172,175.8,318379
ALCHEM,20110905,260.5,262.55,254.1,256.4,99367
ALEMBICLTD,20110905,18.85,19.15,17.75,18.9,58839
ALFALAVAL,20110905,1720,1964,1705,1922.65,13422
ALKALI,20110905,40,40.95,39.75,40.15,6686
ALKYLAMINE,20110905,92,94.95,91.35,92,4119
ALLCARGO,20110905,151.75,154.95,150,150.25,5962
ALLSEC,20110905,14.75,14.75,13.9,14.1,1593
ALMONDZ,20110905,21.95,23,21.25,22.7,1642
ALOKTEXT,20110905,18.3,19.05,17.95,18.95,7221398
ALPA,20110905,8,8.5,8,8.5,1359
ALPSINDUS,20110905,2.5,2.6,2.45,2.5,11339
AMAR,20110905,96.5,99,93.05,96.1,130349
AMARAJABAT,20110905,232,237.9,232,234,13581
AMARJOTHI,20110905,53.15,56.3,53.15,55.25,322
AMBIKCO,20110905,177.35,179,171,175.55,1244
AMBUJACEM,20110905,133.9,138.3,131.4,132.6,2247161
AMDIND,20110905,19.75,19.95,19.1,19.95,5652
AMLSTEEL,20110905,13.8,13.8,13.7,13.7,4
AMRUTANJAN,20110905,787.7,807.5,780.1,794.5,100679
AMTEKAUTO,20110905,128.45,139.7,125.55,137.8,2194523
AMTEKINDIA,20110905,111.95,112,107.05,107.6,26163
ANANTRAJ,20110905,63.2,64.55,61.95,63.75,144205
ANDHRABANK,20110905,130.1,131.7,130.1,130.6,181066
ANDHRSUGAR,20110905,104.05,108.65,104.05,108.2,26849
ANGIND,20110905,21.6,23.7,20.5,20.9,10801
ANIKINDS,20110905,33.35,33.35,33.35,33.35,135
ANKURDRUGS,20110905,27.45,27.45,26,26.55,25940
ANSALAPI,20110905,28,30.6,27.5,30.1,324164
ANSALHSG,20110905,39,40.25,39,40.15,7493
APARINDS,20110905,161,163.75,155.05,163,6956
APCOTEXIND,20110905,169.4,169.9,168.95,168.95,723
APIL,20110905,519.65,550,518,540.15,53243
APOLLOHOSP,20110905,524,525,505.15,509.5,124843
APOLLOTYRE,20110905,58.75,61.95,58.15,61.4,3092307
APPAPER,20110905,369,370.5,365.35,367.45,33330
APTECHT,20110905,117.95,120.65,117,119.15,500591
AQUA,20110905,14.65,15.1,14.5,14.8,58193
ARCHIDPLY,20110905,10.15,10.5,10,10.45,18507
ARCHIES,20110905,36.95,38.5,36.6,37.35,21094
AREVAT&D,20110905,219.95,223.8,215,221.55,41289
ARIES,20110905,88,89,84.35,85.9,3582
ARL,20110905,2.05,2.15,2.05,2.1,49892
AROGRANITE,20110905,36.6,38,36.6,38,938
ARROWTEX,20110905,9,9.6,9,9.6,449
ARSHIYA,20110905,128.5,133.9,128.5,132.15,2877
ARSSINFRA,20110905,291,304,288.5,297.9,446877
ARVIND,20110905,80.85,84.5,79.3,84,1977779
ASAHIINDIA,20110905,66.4,72.45,66.4,70.9,20759
ASAHISONG,20110905,93,93,91,92,2
ASAL,20110905,50.05,52.1,50.05,51.5,315
ASHAPURMIN,20110905,15.85,16.75,15.85,16.35,21135
ASHCONIUL,20110905,1.95,1.95,1.9,1.95,2405
ASHIANA,20110905,133.5,140,130,134,4481
ASHOKA,20110905,270,273.9,263.2,271.45,390
ASHOKLEY,20110905,25.2,26,24.95,25.85,2738043
ASIANHOTNR,20110905,182,203.7,179.2,197.15,5514
ASIANPAINT,20110905,3245.05,3321.85,3245,3271.55,143155
ASIANTILES,20110905,38.25,41,38,40.45,1382
ASIL,20110905,2.65,2.7,2.65,2.7,445
ASSAMCO,20110905,11.25,11.5,11.05,11.3,168646
ASTEC,20110905,33.1,35.4,32.8,35.35,12628
ASTERSILI,20110905,16.8,16.85,16.3,16.45,5773
ASTRAL,20110905,185,187.85,182.1,185.7,2400
ASTRAMICRO,20110905,23.25,24.9,23.25,24.5,18648
ASTRAZEN,20110905,1298.9,1298.9,1238,1269.4,57
ATFL,20110905,369,382.2,364,379.5,7219
ATLANTA,20110905,69.1,70.5,67.1,69.25,146561
ATNINTER,20110905,0.9,1,0.85,0.95,2911
ATUL,20110905,197.05,199.45,195.05,195.95,9730
AURIONPRO,20110905,136,138.9,126.55,129.9,244
AUROPHARMA,20110905,127,130.15,125.85,129.05,718112
AUSTRAL,20110905,1.9,1.9,1.8,1.85,327174
AUTOAXLES,20110905,392.5,411,392.5,410,5367
AUTOIND,20110905,118,124.3,116.7,121.65,21070
AUTOLITIND,20110905,18.5,19,18.35,18.65,2870
AVANTI,20110905,62.75,68.55,62.75,68.55,7823
AVENTIS,20110905,2201,2244,2200,2204.9,2548
AVTNPL,20110905,352,370.35,352,370.35,1100
AXISBANK,20110905,1073.6,1124.75,1058,1114.45,2747411
AXISGOLD,20110905,2742.8,2794,2742.8,2788.8,1294
BAGFILMS,20110905,5.75,5.75,5.5,5.65,62198
BAJAJ-AUTO,20110905,1624,1689.7,1612.35,1667,712904
BAJAJCORP,20110905,119.05,121,117,119.4,16040
BAJAJELEC,20110905,180,183.8,172.3,173.4,368846
BAJAJFINSV,20110905,542.4,553.7,535.1,544.1,199902
BAJAJHIND,20110905,54.9,57.4,54.8,56.25,762380
BAJAJHLDNG,20110905,740,763.95,740,756.85,77437
BAJFINANCE,20110905,625,628.95,613.1,624.9,10825
BALAJITELE,20110905,29.5,29.5,28,29.1,29971
BALAMINES,20110905,36.9,36.9,34,34.6,11243
BALKRISIND,20110905,173.5,176,170.2,173.2,12389
BALLARPUR,20110905,27.25,27.25,26.75,26.95,70333
BALMLAWRIE,20110905,633,669,633,654.9,17940
BALPHARMA,20110905,22.2,22.6,22.2,22.6,1100
BALRAMCHIN,20110905,54,55.45,53.95,54.8,1097384
BANARISUG,20110905,636,636,620,631.1,756
BANCOINDIA,20110905,77.5,80,76.25,79.35,5147
BANKBARODA,20110905,720,744.5,715.1,738.35,245178
BANKBEES,20110905,970,975,953.2,971.12,602
BANKINDIA,20110905,309.5,321.9,307.05,320.75,614298
BANSWRAS,20110905,97.75,97.75,94.5,95.05,3980
BARTRONICS,20110905,49.35,50.95,49.05,50.3,50420
BASF,20110905,602,604.65,596,599.65,4464
BASML,20110905,71.65,71.65,67.55,67.8,684
BATAINDIA,20110905,700,713.95,696.9,709.55,837503
BATLIBOI,20110905,14,18.35,14,17.05,2017
BAYERCROP,20110905,836,844.95,825.5,833.05,1265
BBL,20110905,728,740,726.6,730.15,1645
BBTC,20110905,419,430,418,429.55,1822
BEARDSELL,20110905,42.75,42.8,42.75,42.8,160
BEDMUTHA,20110905,120.35,127,120.1,122.1,9636
BEL,20110905,1580.1,1624.4,1580.1,1608.8,27915
BELLCERATL,20110905,13,13.35,12.7,13.35,1103
BEML,20110905,467.95,473.95,458,470.15,41915
BEPL,20110905,31.5,32,30.55,31.1,8363
BERGEPAINT,20110905,99.05,101.5,99.05,100.3,26017
BFINVEST,20110905,42.05,49.7,42.05,46.95,174047
BFUTILITIE,20110905,438.6,523.2,431.05,515.1,3224892
BGLOBAL,20110905,12.75,13.15,12.3,12.8,47861
BGRENERGY,20110905,318.95,333.9,315.3,332.2,330313
BHAGWATIHO,20110905,88.25,89.1,82.35,84.85,8633
BHAGYNAGAR,20110905,14.65,15.5,14.25,14.8,6857
BHARATFORG,20110905,284,289.9,280.05,289,103388
BHARATGEAR,20110905,50.3,50.95,49.05,49.3,1907
BHARATRAS,20110905,106,109,104.2,104.6,792
BHARTIARTL,20110905,402.5,409.25,400.7,405.55,2656579
BHARTISHIP,20110905,98.1,106.3,95.7,103.15,815907
BHEL,20110905,1729.9,1729.9,1696,1711.8,463858
BHUSANSTL,20110905,354.8,362,339,340.4,300620
BIL,20110905,42,48.5,42,45.3,53890
BILPOWER,20110905,81.5,81.5,79.5,80.2,864
BIMETAL,20110905,274,274,262,262.75,755
BINANIIND,20110905,136,138.35,135.3,136.75,7417
BINDALAGRO,20110905,63.8,65.8,63,64.35,74924
BIOCON,20110905,334.95,340,331.65,338.3,246520
BIRLACORPN,20110905,314.6,322,312.6,320,1607
BIRLACOT,20110905,0.4,0.4,0.35,0.35,1357827
BIRLAERIC,20110905,13,13.4,12.7,13.25,7549
BIRLAMONEY,20110905,21.9,21.9,20.15,20.8,13868
BIRLAPOWER,20110905,0.75,0.75,0.7,0.75,2695690
BLBLIMITED,20110905,3.45,3.7,3.45,3.65,6452
BLISSGVS,20110905,20.45,21,20,20.7,11817
BLKASHYAP,20110905,11.45,11.45,10.4,10.55,143953
BLUECHIP,20110905,1,1,0.95,1,9389
BLUECOAST,20110905,174.35,174.35,174.35,174.35,1
BLUEDART,20110905,1640,1764,1618,1676.5,16689
BLUESTARCO,20110905,254.8,256,250.1,250.8,3878
BLUESTINFO,20110905,73,75.1,72.4,72.55,402
BOC,20110905,271.9,281.7,271,279.6,7782
BODALCHEM,20110905,15.8,17.7,15.8,17.7,39067
BOMDYEING,20110905,308.75,310.8,303.6,308.05,104671
BOSCHLTD,20110905,7274.9,7366,7111.1,7287,4498
BPCL,20110905,677,680.9,663.05,664.9,261963
BPL,20110905,21.25,21.25,20.4,20.8,18252
BRANDHOUSE,20110905,15.3,15.8,15.25,15.65,24818
BRFL,20110905,272,276.5,272,274.65,34312
BRIGADE,20110905,67.05,69.2,67.05,67.95,11652
BRITANNIA,20110905,482.1,486.65,478.1,479.55,12957
BROADCAST,20110905,7.5,8.15,7.5,7.5,1626
BROOKS,20110905,100,131.6,58.15,61.5,44305878
BSELINFRA,20110905,3.55,3.9,3.4,3.75,70659
BSL,20110905,21,23.45,21,22.8,494
BSLGOLDETF,20110905,2820,2860,2803.1,2850.1,688
BSLNIFTY,20110905,48.5,49.95,48.5,49.95,770
BSTRANSCOM,20110905,92.8,95.5,92,92.65,19510
BURNPUR,20110905,6,6.4,6,6.2,17824
BVCL,20110905,13.7,13.75,13.25,13.75,1577
CADILAHC,20110905,830,840,813.05,832.9,36950
CAIRN,20110905,280.6,281.5,273,275.2,1300418
CALSOFT,20110905,31,31,27.5,27.55,311
CAMLIN,20110905,71.2,75.5,71.2,74.35,654527
CANBK,20110905,411,428,408,426.25,889739
CANDC,20110905,125,125,115.5,117.8,7218
CANFINHOME,20110905,94,96.3,93.5,94.05,10427
CANTABIL,20110905,27.5,27.75,27,27.6,5446
CARBORUNIV,20110905,281,300,281,297.95,18229
CAROLINFO,20110905,213.5,221.95,202.3,204.7,2005
CASTROL,20110905,522.95,522.95,505.1,509.55,47427
CCCL,20110905,17.5,18.6,17.1,17.9,65372
CCL,20110905,155,159.7,152.05,158.05,7183
CEATLTD,20110905,86.1,86.35,82.25,84.4,71993
CEBBCO,20110905,34.9,35.3,34.05,34.55,2243
CELEBRITY,20110905,6.75,7,6.55,7,1808
CELESTIAL,20110905,26.2,26.75,24.6,25,65359
CENTENKA,20110905,155.5,158.95,151,157.8,2579
CENTEXT,20110905,2.95,3,2.9,2.95,6930
CENTRALBK,20110905,99,99.9,98,99.3,309489
CENTUM,20110905,75.1,75.1,75.1,75.1,16
CENTURYPLY,20110905,64,64.95,63.55,63.8,3489
CENTURYTEX,20110905,278.05,285.7,276.2,284.35,207054
CERA,20110905,200.1,214,197.5,212.3,14290
CESC,20110905,293.9,301.9,289.05,298.75,74890
CHAMBLFERT,20110905,111.6,116.5,111,113.65,4131924
CHEMFALKAL,20110905,42.5,44,42,43.1,4732
CHEMPLAST,20110905,6.15,6.15,5.85,6,31464
CHENNPETRO,20110905,204.45,204.45,200.1,201.3,23758
CHESLINTEX,20110905,11.8,12.4,11.8,12.4,2260
CHETTINAD,20110905,450,450,440,450,333
CHOLAFIN,20110905,152.05,163,152.05,158.9,9203
CILNOVA,20110905,17.45,17.6,17.4,17.5,8600
CINEMAX,20110905,30,30.6,29.55,30.05,10358
CINEVISTA,20110905,3.1,3.35,3.1,3.15,4533
CIPLA,20110905,279.75,284.15,273.05,274.5,1578501
CLASSIC,20110905,10.2,10.2,9.8,10.05,3999
CLNINDIA,20110905,728.15,729.75,716,723.15,1163
CMAHENDRA,20110905,142.8,147,142.8,145.95,2237
CMC,20110905,931,960,885.25,893.5,27258
COALINDIA,20110905,383.25,386.95,379.55,381.05,1574228
COLPAL,20110905,979,1009,972.05,1004.15,94446
COMPUAGE,20110905,105,115,101.15,112.25,611
CONCOR,20110905,906.3,943.4,888,935.95,8564
CONSOFINVT,20110905,65,65,59,59.6,3499
CORAL-HUB,20110905,4.95,5.2,4.85,5.1,3235
CORDSCABLE,20110905,33.75,33.75,32.5,33.4,1541
COREPROTEC,20110905,300,300.4,295,296.15,33196
COROENGG,20110905,300.3,300.3,300.3,300.3,50
COROMANDEL,20110905,299.85,301.9,294.05,296.8,303546
CORPBANK,20110905,428.3,442.95,428.3,440.25,36281
COSMOFILMS,20110905,87.2,88.35,86.6,87.75,4247
COX&KINGS,20110905,210.5,222.95,210.35,220.65,332547
CPIL,20110905,270,286.9,265,282.9,6441
CREATIVEYE,20110905,5.15,5.35,5.15,5.3,1054
CRESTANI,20110905,35.2,36.95,35.2,35.65,11079
CREWBOS,20110905,43,44,41,43.55,186994
CRISIL,20110905,7960,8050,7960,7998.75,1503
CROMPGREAV,20110905,149,151.5,146.45,149.75,763605
CRONIMET,20110905,99,101.35,98,98.55,15750
CTE,20110905,6.8,7,6.65,7,1765
CUB,20110905,46.45,47.5,44.5,47.4,409150
CUBEXTUB,20110905,9.55,10,9.55,10,1812
CUMMINSIND,20110905,605,624.75,605,615.55,83970
CURATECH,20110905,174,174,174,174,10
CYBERMEDIA,20110905,15,15.5,15,15.5,5
CYBERTECH,20110905,12,12.25,11.85,12,7352
DAAWAT,20110905,43.9,45.5,43.4,44.55,16854
DABUR,20110905,112,112,107.2,107.8,2134543
DALMIABEL,20110905,126,129,124.05,126.8,292
DALMIASUG,20110905,16.9,17.9,16.9,17.4,65895
DATAMATICS,20110905,27.55,28,27.55,28,1317
DBCORP,20110905,232.1,235,225.25,227.15,21301
DBREALTY,20110905,59.35,60.85,58.1,59.9,193691
DCB,20110905,45.1,46.9,44.6,46.65,2068646
DCHL,20110905,56.5,59,55.05,58.2,439038
DCM,20110905,48,48.85,47.15,48.05,15216
DCMSRMCONS,20110905,44.05,44.95,43.4,44.05,25500
DCW,20110905,9.3,9.3,8.95,9.05,49663
DECCANCE,20110905,145,147.75,143,143,151
DEEPAKFERT,20110905,163.3,167.95,163.3,163.9,21987
DEEPAKNTR,20110905,194,195,170,176.15,1972
DEEPIND,20110905,73.5,73.5,70,70.6,29972
DELTACORP,20110905,88.1,95.25,88.1,94.65,8595661
DEN,20110905,41.3,41.55,40.3,40.5,83823
DENABANK,20110905,81.9,81.9,79.85,80.85,1405809
DENORA,20110905,76.7,80,75,80,506
DENSO,20110905,59.9,60,56.55,59.05,1875
DEWANHOUS,20110905,223.05,240.9,223.05,232.35,954979
DHAMPURSUG,20110905,47.9,48.55,47,47.35,135665
DHANBANK,20110905,77,78.45,76.05,76.9,402177
DHANUKA,20110905,102.95,103.5,101.7,102.5,35087
DHARSUGAR,20110905,26.8,27.2,26.3,26.75,5645
DHUNINV,20110905,79.95,83.9,70,74.6,2203
DIAPOWER,20110905,118.7,118.7,109.5,109.95,33059
DICIND,20110905,221.3,225.9,220.5,222.15,2579
DIGJAM,20110905,9.2,9.7,9.2,9.45,21743
DISHMAN,20110905,67.15,67.8,66.3,66.55,56579
DISHTV,20110905,80,80.9,77.5,78.25,3462795
DIVISLAB,20110905,724.4,738.15,717.75,735.8,109393
DLF,20110905,202.2,209,200.8,207.8,8441141
DLINKINDIA,20110905,21.35,22.8,20.7,22,16759
DOLPHINOFF,20110905,126,128.9,124.55,128.3,9975
DONEAR,20110905,20.8,21.3,20.15,20.35,3764
DPSCLTD,20110905,1998.85,1999.8,1950.1,1994.25,41
DPTL,20110905,130,136,130,133.15,582
DQE,20110905,32,34,32,33.95,21978
DREDGECORP,20110905,239,242.95,238.1,241,5665
DRREDDY,20110905,1509,1509,1475.1,1481.15,253758
DSKULKARNI,20110905,56.1,57.25,55.5,56.75,8944
DUNCANSIND,20110905,10.75,11,10.65,10.65,25690
DWARKESH,20110905,46.25,46.55,43.1,45.15,39493
DYNAMATECH,20110905,990,1007,975.2,1002.35,643
DYNASYS,20110905,0.65,0.75,0.65,0.75,1573
EASTSILK,20110905,6.3,6.3,6,6.2,9307
EASUNREYRL,20110905,58.2,68.45,58.2,65.75,55587
ECEIND,20110905,105.95,108,105.95,108,1231
ECLERX,20110905,740,742.6,719,722.2,9374
EDELWEISS,20110905,29,29.7,28.5,29,82285
EDL,20110905,98.1,99,96.1,98.75,2216
EDSERV,20110905,98.05,99.5,95.05,96,302033
EDUCOMP,20110905,195.1,202.5,192.45,200.95,3947172
EICHERMOT,20110905,1322.1,1350,1322.1,1337.3,2595
EIDPARRY,20110905,249.9,250.95,244,247.4,21454
EIHAHOTELS,20110905,136,136,131.6,134.55,1507
EIHOTEL,20110905,87.9,88.1,86.25,87.7,197592
EIMCOELECO,20110905,188.7,188.85,175,187.8,10176
EKC,20110905,71.35,75.5,71.35,74.85,295703
ELDERPHARM,20110905,384,404,383.3,398.15,37294
ELECON,20110905,70.45,71.25,69.6,70.4,85278
ELECTCAST,20110905,30.6,31.4,29.5,30.6,428603
ELECTHERM,20110905,116.8,116.8,111.3,113.65,2381
ELFORGE,20110905,9.35,9.95,9.35,9.95,901
ELGIEQUIP,20110905,69.05,71,69.05,70,7814
ELGIRUBCO,20110905,25.25,27,25.25,26.8,2890
ELNET,20110905,34,34,32.5,32.5,149
EMAMILTD,20110905,470,470,445.5,447.85,27612
EMCO,20110905,46,47,45,46.6,26251
EMKAY,20110905,48,48,46.85,47.85,2129
EMMBI,20110905,12.15,12.2,11.8,12.2,7823
EMPEESUG,20110905,19.7,20.85,19.7,20.5,1294
ENERGYDEV,20110905,39,41.35,37.5,38.5,13601
ENGINERSIN,20110905,254,255,246.5,247.9,169547
ENIL,20110905,248.1,256.8,248.1,252.6,31713
ENTEGRA,20110905,20.5,21.95,19.3,19.75,20049
EONELECT,20110905,62.5,63.2,61.85,62.35,1141
ERAINFRA,20110905,155.7,155.8,154.5,154.75,251209
EROSMEDIA,20110905,215,226,214.8,224.15,450417
ESABINDIA,20110905,500,507.8,496,498.9,3336
ESCORTS,20110905,67.85,68.9,66.6,67.3,1234179
ESL,20110905,6.95,7.1,6.95,7,602076
ESSAROIL,20110905,87,93.95,85.9,93,1476778
ESSARPORTS,20110905,70.8,70.95,67,69.65,10925
ESSDEE,20110905,210,213.75,193.55,199.8,35018
ESSELPACK,20110905,36.9,37,36.05,36.15,32803
ESTER,20110905,29.5,29.5,28.4,28.85,15643
EUROMULTI,20110905,7.95,8,7.85,7.95,4029
EUROTEXIND,20110905,22.4,22.4,19.95,20.85,7713
EVEREADY,20110905,40,40,39.25,39.5,191750
EVERESTIND,20110905,137,140.5,137,140.4,3087
EVERONN,20110905,280.55,280.55,280.55,280.55,62696
EXCELCROP,20110905,138.7,141.45,135.05,139.6,4986
EXCELINDUS,20110905,63.5,64.5,62,62,483
EXCELINFO,20110905,12.2,12.2,11.75,12.05,51171
EXIDEIND,20110905,145.1,146,143.9,144.35,876555
FACT,20110905,38.5,39.5,38.25,38.7,36817
FAGBEARING,20110905,1160,1180,1153.55,1165.45,1904
FARMAXIND,20110905,2.4,2.45,2.3,2.3,56952
FCH,20110905,154.1,157,150.5,154.3,86973
FCSSOFT,20110905,0.7,0.7,0.6,0.7,908576
FDC,20110905,85.1,87.55,85.1,86.85,145221
FEDDERLOYD,20110905,67.4,68.5,66.15,66.95,11736
FEDERALBNK,20110905,361.3,386.95,360.2,385.2,654113
FIEMIND,20110905,157.9,164.8,157,161.35,2260
FILATEX,20110905,40,40.05,40,40,3215
FINANTECH,20110905,746.55,779,741.1,770.85,84025
FINCABLES,20110905,40,40.7,39.75,40.05,22715
FINPIPE,20110905,69,70.45,68,69.4,12351
FIRSTLEASE,20110905,73.95,75.6,73.5,74.85,6626
FIRSTWIN,20110905,14.35,14.5,14.05,14.5,375
FKONCO,20110905,104.8,107,104.8,106,9285
FMGOETZE,20110905,227.95,232,219,224.1,9331
FORTIS,20110905,151.8,153.7,150.65,151.9,105226
FOSECOIND,20110905,507.5,515,507.5,514.7,953
FOURSOFT,20110905,11.65,11.65,10.1,10.2,16197
FSL,20110905,10.85,12.75,10.85,12.6,3220392
FUTUREVENT,20110905,8.95,9,8.85,8.95,270214
GABRIEL,20110905,39.85,41.05,39,40.95,12382
GAEL,20110905,23.9,25,23.55,24.45,16745
GAIL,20110905,413.05,422,413.05,417.7,1369520
GAL,20110905,9.7,10,9.1,9.6,73590
GALLANTT,20110905,15.75,15.9,15.5,15.8,2258
GALLISPAT,20110905,89.1,96,89.1,94.25,148083
GAMMNINFRA,20110905,14.1,14.5,14.1,14.15,52147
GAMMONIND,20110905,75.6,77.25,74.8,76.05,12684
GANDHITUBE,20110905,124.95,124.95,120.75,121.05,175
GANESHHOUC,20110905,127,132,122,124.4,2150
GANGOTRI,20110905,4,4.5,4,4.2,11861
GARDENSILK,20110905,77.2,77.2,74.05,75.35,12283
GARWALLROP,20110905,57.35,57.45,56.5,57.3,8203
GATI,20110905,56.55,58.9,55.1,57.75,159890
GAYAPROJ,20110905,153.25,156.85,150.5,153.5,21883
GDL,20110905,137.65,138,135,135.65,11764
GEECEE,20110905,32.65,32.65,32.65,32.65,1
GEINDSYS,20110905,135.5,140,135.5,139.05,369
GEMINI,20110905,19.7,19.7,18.9,19.05,4073
GENESYS,20110905,197,200.95,195.35,197.85,4512
GENUSPOWER,20110905,14,14.85,14,14.5,20625
GEODESIC,20110905,56.5,56.5,53.65,56,118782
GEOJITBNPP,20110905,18.9,18.9,18.55,18.7,51114
GEOMETRIC,20110905,39.8,40.25,38.8,39.05,26522
GESHIP,20110905,241,245.65,236.1,243.55,48056
GHCL,20110905,35.6,36.05,35.3,35.8,45005
GICHSGFIN,20110905,88,91.8,87.2,90.1,153516
GILLANDERS,20110905,85.75,85.75,83.5,84.6,1151
GILLETTE,20110905,1940,1970,1910,1949,3393
GINNIFILA,20110905,7.75,7.8,7.3,7.3,6423
GIPCL,20110905,78.5,81.25,78.3,80.85,14791
GISOLUTION,20110905,11.5,11.75,11.5,11.75,1310
GITANJALI,20110905,317.05,325.5,317,319.85,2211292
GKB,20110905,40,40,40,40,1
GKWLIMITED,20110905,475,477,460,462.55,28
GLAXO,20110905,2149.95,2149.95,2102.5,2129.9,31868
GLENMARK,20110905,320.95,324.4,318.55,322.5,351112
GLFL,20110905,3.5,3.5,3.5,3.5,4500
GLOBALVECT,20110905,19.15,19.95,19.1,19.15,689
GLOBOFFS,20110905,102,107,102,102.4,1246
GLOBUSSPR,20110905,123.05,123.05,117.55,119.8,2668
GLODYNE,20110905,315,327.7,314.2,322,131976
GMBREW,20110905,95.5,97.75,94,96.55,2716
GMDCLTD,20110905,185.45,194,181,191.45,1505025
GMRINFRA,20110905,27.5,28.05,26.75,27.8,4171268
GNFC,20110905,93,93.6,92,92.9,75618
GOACARBON,20110905,74,74.95,71.6,74.15,1039
GODFRYPHLP,20110905,3270,3535,3240,3403.7,5332
GODREJCP,20110905,419.9,434.9,415.35,427.55,622430
GODREJIND,20110905,199.5,203,198.55,199.7,469651
GODREJPROP,20110905,689,695,682.5,690.1,21971
GOENKA,20110905,44.2,45.45,43.4,43.9,20732
GOKEX,20110905,75,83,75,78.75,308
GOKUL,20110905,90.45,90.45,86.25,87.15,9764
GOLDBEES,20110905,2700,2741.35,2692.15,2726.75,267612
GOLDENTOBC,20110905,59.4,59.4,58,58.15,3375
GOLDIAM,20110905,31,32.45,29.05,29.05,5544
GOLDINFRA,20110905,13.9,14.1,13.5,13.6,41607
GOLDSHARE,20110905,2706.2,2738.85,2700,2726.05,16729
GOLDTECH,20110905,6.25,6.55,6.25,6.35,4209
GPIL,20110905,135.6,137,131,133.75,23066
GPPL,20110905,65.5,67.35,65.5,65.85,129527
GRABALALK,20110905,17.95,18.9,17.95,18.4,247
GRANULES,20110905,72.8,72.8,69.1,70.55,955
GRAPHITE,20110905,79.95,80.15,78.6,79.45,19112
GRASIM,20110905,2140.05,2200,2130,2196.1,68939
GRAVITA,20110905,325,336,325,328,81142
GREAVESCOT,20110905,90.6,92.3,88.55,88.85,11071
GREENPLY,20110905,188.2,192,186.2,191.9,731
GREENPOWER,20110905,13,13.05,12.7,12.85,297402
GRINDWELL,20110905,239.9,239.9,239,239,83
GRUH,20110905,479.95,487.65,476,477.45,7996
GSFC,20110905,396.5,407.4,390.1,404.5,108349
GSKCONS,20110905,2346,2448,2325,2374.95,6005
GSLNOVA,20110905,2.8,2.85,2.7,2.8,1408
GSPL,20110905,103,106,102,104.55,2297110
GSS,20110905,136.5,136.5,132,133.75,3604
GTL,20110905,49.45,50.9,49.2,50.05,1000543
GTLINFRA,20110905,12.25,12.45,11.8,12.3,666885
GTNIND,20110905,12.05,13.3,12.05,13.25,218
GTNTEX,20110905,12.1,12.5,11.85,11.85,371
GTOFFSHORE,20110905,142.05,146.25,138.05,144.8,106783
GUJALKALI,20110905,143.1,146.2,142.1,142.95,23853
GUJAPOLLO,20110905,132.8,139,127.6,134.95,7804
GUJFLUORO,20110905,495.05,536,492.05,529.6,294271
GUJNRECOKE,20110905,26.5,27.05,26.15,26.6,1459408
GUJNREDVR,20110905,18,18,17.35,17.45,34059
GUJRATGAS,20110905,451.55,457,450,453.5,128863
GUJSIDHCEM,20110905,8.15,8.4,8,8.15,62195
GULFOILCOR,20110905,78,78.75,76.05,77.9,30885
GVKPIL,20110905,16.8,17.5,16.55,17.3,5576937
HALONIX,20110905,69,72.8,68.3,69.6,419
HANUNG,20110905,102.8,104,97.15,97.85,310445
HARITASEAT,20110905,77.95,79,77.95,79,202
HARRMALAYA,20110905,62.7,63.1,60.1,61.8,14889
HATHWAY,20110905,84.95,87.9,83.05,85.25,23033
HAVELLS,20110905,332,338.85,330,336.55,90695
HBLPOWER,20110905,15,15.75,15,15.7,14471
HBSTOCK,20110905,13.6,13.6,11.8,12.5,170
HCC,20110905,28.5,29.25,27.9,28.95,1569411
HCIL,20110905,52.3,52.45,51.7,51.95,8789
HCL-INSYS,20110905,70.45,71,67.65,67.95,62792
HCLTECH,20110905,397,397,378.3,384.05,2112268
HDFC,20110905,658,659.85,641.6,650.05,3893585
HDFCBANK,20110905,469.8,474,462.65,470.25,2950179
HDFCMFGETF,20110905,2774,2788,2742,2779.6,6787
HDIL,20110905,104.8,108.5,102.15,107.8,7891130
HEG,20110905,216.05,221,215.5,219.45,16034
HEIDELBERG,20110905,33.85,33.85,32.9,33.25,36317
HELIOSMATH,20110905,25.15,25.35,24.3,24.8,12552
HERCULES,20110905,220,225.9,215.6,223.15,57507
HERITGFOOD,20110905,173,199,173,179.65,463
HEROMOTOCO,20110905,2050,2193,2048,2183.35,1079760
HEXAWARE,20110905,75.1,75.1,71.25,74.1,393617
HFCL,20110905,11.95,13.4,11.9,13.15,2417101
HGSL,20110905,337.2,342.6,337.15,338.55,1147
HIKAL,20110905,282.05,292,278,279.75,3206
HILTON,20110905,15,15.1,14.75,14.95,1322
HIMATSEIDE,20110905,31,32.7,31,32.2,13909
HINDALCO,20110905,152.4,154.3,148.55,153.5,6547768
HINDCOMPOS,20110905,475,475,473,473,101
HINDCOPPER,20110905,229.7,232,225.15,226.9,36664
HINDDORROL,20110905,34.8,34.9,33.65,34.35,35077
HINDMOTORS,20110905,13.75,13.75,13.5,13.6,60122
HINDNATGLS,20110905,194,194.6,190,190.05,840
HINDOILEXP,20110905,122.8,125.5,121.3,124.6,632207
HINDPETRO,20110905,385.95,388.2,380.05,383.3,334530
HINDUJAVEN,20110905,313,317.45,306.35,310.95,1177
HINDUNILVR,20110905,321.4,321.4,316.7,319.85,1668142
HINDZINC,20110905,129.9,133.55,125.95,127,1816441
HIRECT,20110905,40.9,44.5,40.9,43.7,4048
HITACHIHOM,20110905,151.9,153,148.3,149.5,24039
HITECHGEAR,20110905,121.6,130,121.6,127,214
HMT,20110905,42.5,44.8,42.5,43.55,125365
HMVL,20110905,146.8,149.95,144.5,148.55,1083
HNGSNGBEES,20110905,1250,1265,1230,1235,71
HOCL,20110905,24.05,24.4,23.8,24.05,42799
HONAUT,20110905,2530.1,2602,2518,2566.8,548
HONDAPOWER,20110905,396.25,414,390,391.55,9779
HOTELEELA,20110905,38.7,39.25,38.1,38.5,102023
HOTELRUGBY,20110905,6.95,7.05,6.9,7.05,4333
HOVS,20110905,52,53.4,51.75,52.1,14250
HSIL,20110905,194.25,206.9,194.25,205.8,67557
HTMEDIA,20110905,148.05,149.9,147,147.95,5951
HYDRBADIND,20110905,306,316.95,306,315.3,3579
HYDROS&S,20110905,19.15,19.4,18.9,18.95,800
IBPOW,20110905,14.1,15.05,14.1,14.8,134113
IBREALEST,20110905,80.5,84.65,79.2,83.5,5320950
IBSEC,20110905,9.1,9.35,8.85,9.3,208696
IBWSL,20110905,4.45,4.45,4.45,4.45,34768
ICICIBANK,20110905,877,889.2,865.4,883.2,3352807
ICIL,20110905,9.55,9.6,9.55,9.6,110
ICRA,20110905,1001,1001,985,990.9,492
ICSA,20110905,76,79.6,75.2,78.75,60090
IDBI,20110905,105.4,107.4,103.5,106.7,1223620
IDEA,20110905,101.85,101.85,99.3,100.85,7713163
IDFC,20110905,109.6,112.4,107.7,110.8,8354614
IFBAGRO,20110905,144,147.85,141.5,142.8,38609
IFBIND,20110905,112.9,115,112,112.65,24420
IFCI,20110905,36.25,37.3,35.65,36.15,13130094
IFGLREFRAC,20110905,31.2,32,31.2,31.35,5607
IGARASHI,20110905,53.45,53.45,43.5,46.45,1188
IGL,20110905,436.95,448.35,434.1,447,403261
IGPL,20110905,21.65,23,21.6,22.95,2120
IL&FSENGG,20110905,88.5,89.8,85.1,87.35,13426
IL&FSTRANS,20110905,184.65,186,180.35,182.2,33172
IMFA,20110905,321,337.55,321,330.65,1828
IMPAL,20110905,660,660,630,648.15,676
IMPEXFERRO,20110905,7.85,8,7.85,7.9,803
INDBANK,20110905,8.45,8.7,8.25,8.55,10025
INDHOTEL,20110905,73.1,73.1,71.35,72.2,933005
INDIABULLS,20110905,149.5,152,145.5,149.55,195173
INDIACEM,20110905,66.7,67.45,66.1,66.55,323138
INDIAGLYCO,20110905,127.6,130.5,127.25,129.65,23909
INDIAINFO,20110905,73.8,74.75,73.2,74.6,81768
INDIANB,20110905,206.95,215,204,213.5,478650
INDIANCARD,20110905,90,90.05,89.65,90.05,49
INDIANHUME,20110905,120,122.75,118.1,121.4,1129
INDLMETER,20110905,82,82,82,82,89
INDNIPPON,20110905,253,261,252.5,258.7,380
INDOCO,20110905,378.1,384.7,375,376.65,850
INDORAMA,20110905,34.75,34.75,32.7,33.35,34177
INDOSOLAR,20110905,8.9,9.25,8.5,8.75,157827
INDOTECH,20110905,116.05,118.6,114,116.7,3094
INDRAMEDCO,20110905,35.4,35.4,34.35,34.6,26326
INDSWFTLAB,20110905,80.55,83.8,80,82.75,51677
INDSWFTLTD,20110905,26.2,27.1,25.2,26.95,6862
INDUSFILA,20110905,19.95,19.95,17.3,18.9,929
INDUSINDBK,20110905,245.35,258,245.35,254.2,261686
INEABS,20110905,530,549,530,545.8,849
INFINITE,20110905,79,86.75,79,86.75,40045
INFODRIVE,20110905,11.15,11.15,10.7,10.7,935
INFOMEDIA,20110905,12.7,13.15,12.7,12.95,6218
INFOTECENT,20110905,120.4,120.4,117.1,120.15,12722
INFRABEES,20110905,275,280,274.5,280,150
INFY,20110905,2293.7,2293.7,2240.2,2265.1,1362818
INGERRAND,20110905,455.1,466.5,455.1,463.8,1439
INGVYSYABK,20110905,290.9,295.45,288.85,293.05,102942
INNOIND,20110905,88.65,88.65,84,84.4,41822
INOXLEISUR,20110905,42.1,43.45,42.1,42.75,26541
INSECTICID,20110905,374.05,384,372.4,378.85,66185
INVENTURE,20110905,139.9,146,136.6,137.65,330977
IOB,20110905,108.35,109.1,106.8,108.4,120880
IOC,20110905,319.05,324,315.1,315.95,246751
IOLCP,20110905,30.5,30.85,29.3,30.4,662
IPCALAB,20110905,307,319.7,303,314.05,43807
IPGETF,20110905,2752.8,2810,2752.8,2800.05,6055
IPRINGLTD,20110905,68,68.5,68,68.5,550
IRB,20110905,149.95,161.2,148,159.25,1256421
ISFT,20110905,57,60.75,56.2,57.7,1515
ISMTLTD,20110905,34.55,36.3,33.8,35.6,50826
ITC,20110905,203,203.85,200.2,202.75,8134559
ITDCEM,20110905,140,145.9,140,145.05,559
ITI,20110905,24.6,27,24.3,25.45,773782
IVC,20110905,28.15,29.5,28,28.9,87618
IVP,20110905,47.45,47.45,47.35,47.35,53
IVRCLAH,20110905,30.4,31.5,30,31.2,29764
IVRCLINFRA,20110905,35.45,38.3,34.6,37.9,4461353
J&KBANK,20110905,788,817.5,788,803.9,23519
JAGRAN,20110905,107.5,110,106.7,109.3,8337
JAGSNPHARM,20110905,12.55,13.2,12.55,13.2,321
JAIBALAJI,20110905,120.8,126,120.8,124.2,7182
JAICORPLTD,20110905,79.4,86.5,77.55,85.25,672958
JAINSTUDIO,20110905,9.05,9.05,8.95,9,3301
JAMNAAUTO,20110905,118,122.5,118,121,303
JAYAGROGN,20110905,87,89.7,85.65,87.1,7556
JAYBARMARU,20110905,58,61,56.5,60.7,518
JAYNECOIND,20110905,16.3,18.3,16.25,18.05,92213
JAYSREETEA,20110905,136,138.4,134.1,137.9,23703
JBCHEPHARM,20110905,83.8,85.85,80,82.5,898683
JBFIND,20110905,121,132,121,131.5,55783
JENSONICOL,20110905,3.95,4.05,3.9,3.95,10136
JETAIRWAYS,20110905,281,285.5,270.1,283.45,1440338
JHS,20110905,33.3,36.3,32.65,35.4,78422
JIKIND,20110905,6.3,6.55,6,6.4,4089
JINDALPHOT,20110905,148.05,153.2,147.15,150.1,47280
JINDALPOLY,20110905,202.4,212.7,202.4,209.6,197963
JINDALSAW,20110905,119.9,126,119.2,124.95,1193431
JINDALSTEL,20110905,523,540.6,516.75,534.05,2340532
JINDALSWHL,20110905,664.75,684.15,641.1,672,69687
JINDCOT,20110905,93,96.9,93,94.05,87101
JINDRILL,20110905,357.5,362.5,355.65,357.4,1337
JINDWORLD,20110905,133,140,131.25,133.95,13261
JISLJALEQS,20110905,175,175,171.1,173,151485
JKCEMENT,20110905,106,109.75,105.5,108.6,4632
JKIL,20110905,88,109.3,87.25,109.15,94259
JKLAKSHMI,20110905,39.6,39.8,39.1,39.55,23353
JKPAPER,20110905,45.2,45.4,44.3,44.95,59626
JKTYRE,20110905,85,87.15,82.2,86.4,34866
JMCPROJECT,20110905,132.85,136,126.25,134.5,3418
JMFINANCIL,20110905,17.85,18.3,17.85,18.1,185052
JMTAUTOLTD,20110905,57.15,60,57.15,59.95,1914
JOCIL,20110905,278,284,276,282.3,795
JPASSOCIAT,20110905,60.6,64.9,60.6,64.6,17511053
JPINFRATEC,20110905,39.5,40.9,39.05,40.45,182563
JPPOWER,20110905,32.45,34,32.35,33.15,477456
JSL,20110905,94,99.85,92.2,98.75,54298
JSWENERGY,20110905,54.15,55.2,53.4,54.85,349780
JSWISPAT,20110905,14.4,14.95,14.05,14.75,2660866
JSWSTEEL,20110905,709.8,739.55,702.1,727.5,2275429
JUBILANT,20110905,188.65,196.45,188.1,193.65,96783
JUBLFOOD,20110905,1003,1018,987.8,1008.45,1074250
JUBLINDS,20110905,172,174.8,162.7,170.5,6411
JUNIORBEES,20110905,101,101.99,100,101.54,33007
JUPITER,20110905,14.25,14.4,14,14.3,175880
JVLAGRO,20110905,15,15,14.3,14.6,34067
JYOTHYLAB,20110905,175.4,178.4,173,175.75,318670
JYOTISTRUC,20110905,65.5,66,64.65,64.95,74332
KABRAEXTRU,20110905,39.9,40.6,39.9,40.3,2244
KAJARIACER,20110905,104,105.75,102.8,103.85,23819
KAKATCEM,20110905,71.35,71.35,70,70.85,132
KALECONSUL,20110905,72,73,71,72.2,569
KALINDEE,20110905,109,117,109,115.95,219766
KALPATPOWR,20110905,111,113.7,111,112.3,12677
KAMATHOTEL,20110905,82.5,84.8,82.5,83.95,1248
KANORICHEM,20110905,35.55,35.75,34,34.45,10184
KANSAINER,20110905,819,838,818,829.8,1010
KARMAENG,20110905,13,13,11,11.05,282
KARURKCP,20110905,29.9,29.9,27.3,29.45,56
KARURVYSYA,20110905,370,378.4,362.6,371.6,82336
KAUSHALYA,20110905,8.35,9,8.15,8.45,2929
KAVVERITEL,20110905,128.6,131,127.1,127.8,24820
KBIL,20110905,635.1,660,627,655.75,101
KCP,20110905,25.75,26.05,25.4,25.75,11946
KCPSUGIND,20110905,14.9,15.1,14.5,15,15577
KEC,20110905,59.95,60.35,56.5,57.3,263277
KECL,20110905,34,34,32.75,33.15,40031
KEI,20110905,17,17.25,16.45,17.15,18963
KEMROCK,20110905,521,534.5,515,533.05,42540
KERNEX,20110905,94.1,104.35,94.1,101.2,132080
KESARENT,20110905,50.3,53.95,48.25,50.1,746
KESORAMIND,20110905,119.9,122,118.25,119.1,25120
KEYCORPSER,20110905,50.8,55.9,50.7,50.7,6152
KFA,20110905,25.5,28,25.35,27,2820281
KGL,20110905,9.25,9.4,8.9,9.15,1066649
KHAITANELE,20110905,102,102,95.05,100,343
KHAITANLTD,20110905,25,25.05,23.7,25.05,388
KHANDSE,20110905,15.35,16.1,15.35,15.9,1400
KICL,20110905,434,459,432.9,458.8,167
KIL,20110905,13,13.5,13,13.5,3348
KILITCH,20110905,68.35,77.4,68.35,76.55,11196
KINETICMOT,20110905,15.65,15.95,15.25,15.75,16481
KIRIINDUS,20110905,156.95,159,152.05,154.7,29022
KIRLOSBROS,20110905,151.4,155.9,148.8,153.95,2570
KIRLOSENG,20110905,112.8,124.5,112.8,123.1,5504
KIRLOSIND,20110905,284,287.45,279,285.5,149
KKCL,20110905,750,770,735.15,766.05,1413
KLGSYSTEL,20110905,32.5,34,32.1,33.4,7918
KLRF,20110905,25.7,25.7,23.8,23.9,110
KMSUGAR,20110905,2.8,3.3,2.7,3,6887
KNRCON,20110905,100,101,99,100.65,4011
KOHINOOR,20110905,38.15,39.5,38.15,38.75,25143
KOLTEPATIL,20110905,37.5,38.7,37.5,37.9,7653
KOPRAN,20110905,23.05,24.75,23.05,24.3,43619
KOTAKBANK,20110905,441.7,448.2,438.2,446.2,742654
KOTAKGOLD,20110905,2710.25,2739,2701,2732.55,26861
KOTAKNIFTY,20110905,510,511,506,511,348
KOTAKPSUBK,20110905,347,347,336,341.43,1734
KOTARISUG,20110905,6.05,6.25,5.85,6.2,25600
KOTHARIPET,20110905,6.7,7.65,6.65,7.5,19837
KOTHARIPRO,20110905,545,597.8,545,578.55,8587
KOUTONS,20110905,20.5,21.8,20.3,21.6,135486
KPIT,20110905,146,151.8,144.95,150.85,86310
KPRMILL,20110905,98,98.55,94.25,96,13402
KRBL,20110905,25.8,26.05,25.4,25.95,429983
KRISHNAENG,20110905,3.6,3.6,3.4,3.4,1350
KSBPUMPS,20110905,218.75,221.85,214,215.1,2811
KSCL,20110905,484,484,453.5,456.7,8698
KSE,20110905,241.9,241.9,201,206.35,482
KSK,20110905,101,101,98.75,100.05,28616
KSL,20110905,51.55,54.5,50.5,53.7,89057
KSOILS,20110905,10,10.2,9.55,9.65,4789559
KTIL,20110905,80,80,80,80,3
KTKBANK,20110905,96.2,97.2,95.35,96.45,442842
KWALITY,20110905,165,167.25,165,165.5,475956
L&TFH,20110905,50,52,49.55,51.5,5493057
LAKPRE,20110905,37.2,40,37.2,39.9,2771
LAKSHMIEFL,20110905,24.9,24.9,23.75,24.7,15825
LAKSHMIMIL,20110905,1700,1790,1680,1729.9,5
LAKSHVILAS,20110905,104.1,105.7,102.35,105.05,47068
LANCOIN,20110905,32.6,33.9,32.6,33.75,4171
LAOPALA,20110905,96,105.3,95.3,103.7,41932
LAXMIMACH,20110905,1961,2050,1961,2036,2256
LCCINFOTEC,20110905,0.6,0.6,0.55,0.55,10644
LGBBROSLTD,20110905,278.9,280,277.1,278.65,827
LGBFORGE,20110905,2.5,2.8,2.4,2.8,24838
LIBERTSHOE,20110905,82.7,82.7,80.6,81.6,15241
LICHSGFIN,20110905,215.5,219.65,212.5,218.15,3161311
LIQUIDBEES,20110905,1000,1000.01,999.99,999.99,145377
LITL,20110905,16.6,17.1,16.3,16.8,8291420
LLOYDELENG,20110905,50.45,51.3,50.25,50.5,11755
LLOYDFIN,20110905,1.1,1.15,1.05,1.15,3415
LLOYDSTEEL,20110905,14.7,14.95,14.3,14.5,119989
LML,20110905,9,9.45,8.8,9.25,199130
LOGIXMICRO,20110905,13.1,13.4,12.5,13,10757
LOKESHMACH,20110905,39.8,41.35,39.8,41,437
LOTUSEYE,20110905,9.9,9.9,9.15,9.3,9707
LOVABLE,20110905,570,611,568.15,603.45,2813525
LPDC,20110905,2.95,2.95,2.75,2.85,3076
LT,20110905,1584,1634,1580,1625.25,1764346
LUMAXAUTO,20110905,25.4,26.45,25.1,25.25,536
LUMAXIND,20110905,319.5,320,311.2,315.55,8387
LUMAXTECH,20110905,163.1,174.95,163.1,169.1,801
LUPIN,20110905,467.8,475.9,462.2,471.95,875389
LYKALABS,20110905,15.1,15.3,14.55,15.15,4373
M&M,20110905,762.7,774.7,755,769.05,1807156
M&MFIN,20110905,635,644,620,641.05,37878
M100,20110905,7.24,7.32,7.1,7.23,81309
M50,20110905,67,68.5,66,67.52,18881
MAANALU,20110905,50.05,53.7,48.5,49,11187
MADHAV,20110905,18.45,18.5,17.25,17.3,1701
MADHUCON,20110905,79,80.5,78.2,79.3,3936
MADRASCEM,20110905,86.55,87,85.05,85.75,10754
MADRASFERT,20110905,24.35,25,23.8,24.2,125735
MAGMA,20110905,71.35,72.75,71.25,72.45,11710
MAGNUM,20110905,4.5,4.8,4.5,4.6,801
MAHABANK,20110905,51.8,51.8,49.5,50.25,55116
MAHINDFORG,20110905,63,65.4,60.15,64.8,46530
MAHLIFE,20110905,319.5,322.75,314.15,317.2,1884
MAHSCOOTER,20110905,329.45,333,329.45,333,604
MAHSEAMLES,20110905,365.25,365.25,352.1,357.5,3294
MAITHANALL,20110905,100,100,95.45,96.3,110
MALUPAPER,20110905,11.55,12.15,11.25,11.8,3211
MALWACOTT,20110905,27,31,27,28.35,4122
MANAKSIA,20110905,58.6,59.5,58.5,59.2,14152
MANALIPETC,20110905,11.1,11.2,10.9,11.1,45803
MANAPPURAM,20110905,56,60.25,54,58,3838911
MANDHANA,20110905,201.2,210,201.2,206.25,136106
MANGALAM,20110905,13,13.25,13,13.25,505
MANGCHEFER,20110905,31.3,32.35,31.05,32.05,210004
MANGLMCEM,20110905,101.2,103.95,101.2,102.9,11267
MANINDS,20110905,149,153,145.15,148.35,17739
MANINFRA,20110905,115.25,115.95,112.5,113.35,1856
MANJUSHREE,20110905,83,85.05,81.05,84,5344
MANUGRAPH,20110905,49,49,48.3,48.65,8562
MARALOVER,20110905,12,12.5,12,12.2,500
MARG,20110905,76.2,78.3,74.8,77.4,11991
MARICO,20110905,148.7,157.4,148.7,156.15,219546
MARUTI,20110905,1073.5,1098.15,1064.25,1085.5,359484
MASTEK,20110905,93.5,98.45,92.1,95.85,35620
MAWANASUG,20110905,19.3,19.3,18.6,18.8,600
MAX,20110905,191.2,196.75,191,193.35,108436
MBECL,20110905,128,131,127.05,130.65,23911
MBLINFRA,20110905,112,129.8,110.3,124.05,15832
MCDHOLDING,20110905,61,61,59.55,60.65,3918
MCDOWELL-N,20110905,881,904.9,863.8,893.15,113352
MCLEODRUSS,20110905,239.5,243.9,233.1,242.05,249526
MEGASOFT,20110905,16.15,17.5,16.05,16.8,11358
MEGH,20110905,9.55,11,9.35,9.6,114828
MELSTAR,20110905,7.6,8.25,7.6,8.2,203
MERCK,20110905,625,640,625,636.65,1073
MHRIL,20110905,341.5,352.7,341.5,347.9,940
MIC,20110905,12.5,12.5,12.2,12.35,109898
MICROSEC,20110905,28.15,29.4,28.15,28.6,6479
MICROTECH,20110905,115,116.4,112.5,115.65,12188
MINDAIND,20110905,185.1,189.65,183.6,187.25,1672
MINDTREE,20110905,345,355,340.05,341.9,32203
MIRCELECTR,20110905,19.1,19.35,18.05,19.05,30453
MIRZAINT,20110905,17.55,17.75,17.15,17.3,32525
MLL,20110905,24.5,25.3,23.75,25.05,1070269
MMFL,20110905,96,100,96,99.1,150
MMFSL,20110905,90.75,95.3,88.1,95.3,29008
MMTC,20110905,701,710,680,691.9,8046
MOIL,20110905,303,306.1,300.3,301.15,77343
MONNETISPA,20110905,488.25,501.75,488.25,495.85,11489
MONSANTO,20110905,1800,1826,1790,1803.05,1764
MORARJETEX,20110905,13.4,13.45,13.35,13.4,437
MOREPENLAB,20110905,4,4,3.85,3.95,120255
MOSERBAER,20110905,21.8,23.15,21.65,22.45,1580874
MOTHERSUMI,20110905,187,198.4,187,195.2,415577
MOTILALOFS,20110905,85,86,84.7,85.15,2181
MOTOGENFIN,20110905,42.5,43,40.5,41.4,1915
MPHASIS,20110905,354,360.85,320.25,357.4,367715
MRF,20110905,6844,6992.5,6767,6957.4,8320
MRO-TEK,20110905,11.75,11.75,10.55,10.85,9344
MRPL,20110905,63.6,64.9,61.8,64.2,622999
MSPL,20110905,43.95,45,43.55,44.9,8666
MTNL,20110905,35.85,36.8,35.55,36.7,518135
MUDRA,20110905,23.95,23.95,23.7,23.85,2086
MUKANDENGG,20110905,27.55,27.8,27.55,27.8,611
MUKANDLTD,20110905,35.15,35.15,33.65,33.85,6466
MUKTAARTS,20110905,39.9,40.5,37.1,37.85,1029
MUNDRAPORT,20110905,155.8,160.6,154.8,157.25,912066
MUNJALAU,20110905,167.8,169.5,167.8,168.75,6020
MUNJALSHOW,20110905,60.1,63.95,60.1,62.9,9643
MURUDCERA,20110905,17.5,17.5,16,16.5,1175
MUTHOOTFIN,20110905,186.7,188,181.2,181.85,218302
MVL,20110905,24.25,25.7,23.85,25,488095
MVLIND,20110905,14.1,14.1,13.05,13.2,1992
MYSOREBANK,20110905,599,610,590,601.4,9323
N100,20110905,99,100.55,96.14,96.75,615
NAGREEKCAP,20110905,25.9,25.95,25.9,25.9,354
NAGREEKEXP,20110905,18.5,19,18.5,18.6,1133
NAHARCAP,20110905,53.5,54.5,47.3,53.95,2223
NAHARINDUS,20110905,43.5,44,43.05,43.45,2500
NAHARPOLY,20110905,23.3,23.3,22.4,22.4,463
NAHARSPING,20110905,61.9,63.25,61,62.4,4892
NANDAN,20110905,2.6,2.7,2.6,2.6,56685
NATCOPHARM,20110905,248.5,255.9,248.5,250.65,2560
NATIONALUM,20110905,65.2,66.5,64.55,66.1,253740
NATNLSTEEL,20110905,17.05,17.3,16.05,16.9,49338
NAUKRI,20110905,700,700,684.6,688,564
NAVINFLUOR,20110905,325,334.95,325,328,9987
NAVNETPUBL,20110905,62.7,64.8,62.1,64.3,246444
NBVENTURES,20110905,171,180.5,168.05,169.55,11382
NCC,20110905,59.1,61.75,56.25,61.1,1878552
NCLIND,20110905,34.65,35.15,34.45,35,8017
NDTV,20110905,46.65,47.4,46,46.9,15217
NECLIFE,20110905,18.45,18.55,18.05,18.35,34932
NEHAINT,20110905,109.4,112.7,106,112.7,97725
NELCAST,20110905,112.5,116.5,106.55,108,10708
NELCO,20110905,56,57.5,55.05,56.85,30125
NEPCMICON,20110905,3.75,4,3.75,3.85,17201
NESCO,20110905,580.1,603.4,577.55,589.15,43485
NESTLEIND,20110905,4370.1,4500.25,4370.1,4456.5,12864
NET4,20110905,141.45,144.75,136,139.6,17230
NETWORK18,20110905,97,97,93.05,95.15,92724
NEULANDLAB,20110905,94.9,94.9,90.1,93.45,125
NEXTMEDIA,20110905,4.8,5.25,4.6,4.85,10535
NEYVELILIG,20110905,83,84.25,82.9,83.7,40834
NFL,20110905,77,79.3,76.5,77.55,105459
NHPC,20110905,24.1,24.15,23.65,24.05,1807646
NIFTYBEES,20110905,512.45,513.75,508,511.26,76859
NIITLTD,20110905,46.1,47.4,46,47.1,66080
NIITTECH,20110905,189,194.5,185.55,192.75,65128
NILKAMAL,20110905,241.05,247,240.7,244.35,846
NIPPOBATRY,20110905,395,400,392.5,393.6,642
NISSAN,20110905,2.2,2.3,2.15,2.25,83605
NITCO,20110905,51,52,50.25,51.6,2206
NITESHEST,20110905,18.95,19.3,18.55,19,70062
NITINFIRE,20110905,122,145.5,122,140.45,2537938
NITINSPIN,20110905,7.05,7.05,6.65,6.85,9694
NMDC,20110905,220,232,216.5,231.05,294060
NOCIL,20110905,16.35,16.35,15.65,16.05,141489
NOIDATOLL,20110905,24.1,25,23.2,24.2,140388
NOL,20110905,37.4,37.5,37.2,37.4,154
NORBTEAEXP,20110905,5.45,5.5,5.2,5.45,2225
NORTHGATE,20110905,10.65,11,10.6,10.85,16964
NOVOPANIND,20110905,40.7,42.5,40.7,42.5,300
NRBBEARING,20110905,44.85,46.65,44.1,45.6,3245
NRC,20110905,4.25,4.5,4.25,4.25,5784
NSIL,20110905,616,631.35,610.1,630.45,43
NTPC,20110905,166.1,166.9,163.2,163.7,4290037
NUCENT,20110905,1.7,1.7,1.7,1.7,10
NUCHEM,20110905,3.1,3.45,3.05,3.05,6399
NUCLEUS,20110905,62,63.75,60,63.4,20470
NUMERICPW,20110905,208,210,204.15,208.5,121
NUTEK,20110905,3.05,3.1,3,3.05,507113
OBEROIRLTY,20110905,223.15,224.7,220,222.35,13219
OCL,20110905,94,94.75,92.8,93.5,42813
OFSS,20110905,1800,1814.75,1779.6,1803.6,8745
OIL,20110905,1300,1300,1282,1286.8,18527
OILCOUNTUB,20110905,65.95,66.8,65,65.95,4560
OISL,20110905,53,53,50.6,51,4549
OMAXAUTO,20110905,37.7,38.85,37.55,38.55,3065
OMAXE,20110905,136.5,137.3,135.6,137,122360
OMKARCHEM,20110905,66.15,75.15,66.15,72.25,30119
OMMETALS,20110905,30.2,31,26,28.1,5332
OMNITECH,20110905,147,147,144.45,145.7,64771
ONGC,20110905,263,264.1,254.65,256.95,6927737
ONMOBILE,20110905,65,65.5,61.55,62.25,1508855
ONWARDTEC,20110905,32.7,34.2,32.7,33.6,2884
OPTOCIRCUI,20110905,261,263.9,243.6,259.9,335612
ORBITCORP,20110905,35.85,36.75,35.5,36.15,168228
ORCHIDCHEM,20110905,190,198.95,188.55,196.35,1526819
ORIENTABRA,20110905,29.45,29.7,29.2,29.35,3802
ORIENTALTL,20110905,7.55,8.1,7.5,8.1,650
ORIENTBANK,20110905,302.7,310,298,307.9,212085
ORIENTCERA,20110905,47.9,48.85,42.55,46.5,1397
ORIENTHOT,20110905,29,30,27.2,27.3,5508
ORIENTLTD,20110905,74.55,78.75,73.15,74,1270
ORIENTPPR,20110905,58.55,60.9,58.55,59.75,48287
ORISSAMINE,20110905,47000,48602,44887.95,47555.1,1567
OUDHSUG,20110905,22.65,23.75,22.65,23.2,6076
PAEL,20110905,22.1,23.6,22.1,22.6,3125
PAGEIND,20110905,2559.95,2595,2559.95,2588.7,2853
PANACEABIO,20110905,141,144.95,140,143.75,2423
PANORAMUNI,20110905,12.25,12.3,11.9,12.3,53141
PANTALOONR,20110905,296,306.5,294.6,302.55,365511
PAPERPROD,20110905,78,82.9,78,80.1,22689
PARABDRUGS,20110905,27.4,30.7,26,27.6,257811
PARACABLES,20110905,2.85,3.05,2.85,3,20539
PARAL,20110905,230,237.5,226.65,235.65,4379
PARAPRINT,20110905,24.6,25.6,24.6,25.1,139341
PARASPETRO,20110905,0.45,0.5,0.45,0.5,33268
PARSVNATH,20110905,53.55,56.3,53.5,55.75,3343851
PATELENG,20110905,99.75,105.05,98.2,103.15,658796
PATINTLOG,20110905,27,30.5,25.05,29.25,9401
PATNI,20110905,272.65,284,260.7,275.75,121048
PATSPINLTD,20110905,11,12.85,11,11.85,1484
PBAINFRA,20110905,44,45,43.2,44.6,6140
PDUMJEIND,20110905,18,19.5,18,19.5,120
PDUMJEPULP,20110905,19.75,19.75,18.2,18.45,304
PEACOCKIND,20110905,2.5,3,2.4,2.75,1497
PENIND,20110905,37.4,38.3,37.4,37.95,49912
PENINLAND,20110905,47.65,47.95,46,47.1,7517
PERIATEA,20110905,141,152,141,148.2,610
PERSISTENT,20110905,310.9,316,301.3,313.55,9215
PETRONENGG,20110905,320.1,345,320.1,331.5,5702
PETRONET,20110905,175.1,177.9,173.9,175.3,954485
PFC,20110905,147.4,148,142.2,146.1,2574760
PFIZER,20110905,1403.05,1449.95,1403.05,1440.45,3024
PFOCUS,20110905,54.05,58.3,53.3,56.25,802835
PFS,20110905,16,16.35,15.65,16.2,99555
PGHH,20110905,1975,1989.4,1968.25,1980.25,168
PHILIPCARB,20110905,120.05,145.5,120.05,145,80338
PHOENIXLTD,20110905,221.95,222,212,221.05,21005
PIDILITIND,20110905,165,168.8,164.65,167.9,81139
PIIND,20110905,597,605,536.65,598.45,5502
PIONDIST,20110905,50.5,50.5,50.5,50.5,3010
PIONEEREMB,20110905,11.7,11.7,10.95,11.4,347
PIPAVAVYD,20110905,72.95,77.95,72.95,76.6,5420591
PIRGLASS,20110905,130.1,132.2,129,129.95,5204
PIRHEALTH,20110905,364.75,364.75,358,359.35,62044
PIRLIFE,20110905,87,87.9,86.6,87,38022
PITTILAM,20110905,40.25,40.9,40,40.25,6410
PLASTIBLEN,20110905,171,179,160.25,177.85,236
PLETHICO,20110905,377,382.9,377,378.3,91643
PNB,20110905,907,933,895,929.8,445916
PNBGILTS,20110905,23.75,24,23.55,23.65,15615
PNC,20110905,14.2,14.2,13.65,14.2,3352
POCHIRAJU,20110905,12.6,12.7,12.3,12.3,513
POLARIND,20110905,3.9,4.1,3.9,4.1,9290
POLARIS,20110905,121.45,121.55,116.3,118.55,1018413
POLYPLEX,20110905,185.8,190,185,185.9,32358
PONDYOXIDE,20110905,29.4,31.4,29.4,30.4,12482
PONNIERODE,20110905,85.45,85.45,81,81.05,550
POWERGRID,20110905,99.15,99.5,96.7,97.15,4175212
PPAP,20110905,89,91.55,87.05,89.05,113
PRADIP,20110905,54,55.55,53.1,53.65,6335
PRAENG,20110905,7.9,7.9,7.5,7.6,75470
PRAJIND,20110905,70,72.7,69.3,71.95,985041
PRAKASH,20110905,49.5,51.5,49.1,50.95,166409
PRAKASHSTL,20110905,120.5,127,120.05,123.2,16964
PRATIBHA,20110905,44.5,45.9,44.15,45.7,12612
PRECOT,20110905,115.4,117.7,110.3,112.6,605
PRECWIRE,20110905,94.45,94.6,91,93.15,1361
PREMIER,20110905,85.9,88,83.5,87.6,1295
PRESTIGE,20110905,97.1,97.85,92,96.35,77469
PRETAILDVR,20110905,190.05,199.9,190.05,199.6,619
PRICOL,20110905,16.4,16.5,16,16.3,35630
PRIMESECU,20110905,16.75,16.95,15.85,16.3,2457
PRISMCEM,20110905,40,40.7,40,40.2,18022
PRITHVI,20110905,21,22.35,21,21.85,19547
PROVOGUE,20110905,29,30.9,28.8,30.15,199332
PSB,20110905,73,74.1,72.05,72.9,77403
PSL,20110905,61,61.3,60.1,60.85,48047
PSUBNKBEES,20110905,330,340,330,340,679
PTC,20110905,71.2,73,70,72.7,507722
PTL,20110905,27,28.4,26.75,27.75,13119
PUNJABCHEM,20110905,72.7,74.5,71.15,72.4,284
PUNJLLOYD,20110905,59.25,61.35,59,60.9,3248198
PURVA,20110905,68.45,69.2,67.6,68.3,6760
PVP,20110905,5.6,6,5.1,5.9,51081
PVR,20110905,117.5,122,114.85,120.85,58533
QGOLDHALF,20110905,1345.15,1362,1340.3,1357.2,1904
QNIFTY,20110905,507.15,507.15,506.05,506.05,13
QUINTEGRA,20110905,3.2,3.2,3.05,3.1,8135
RADAAN,20110905,2.55,2.55,2.25,2.3,10135
RADICO,20110905,130.7,130.9,126.3,128.3,72078
RAINBOWPAP,20110905,58.55,60.8,58.5,60.2,65101
RAINCOM,20110905,28.25,29,27.1,27.5,262715
RAJESHEXPO,20110905,110,115.25,110,112.6,648661
RAJOIL,20110905,21,21.7,20.7,21.35,59850
RAJPALAYAM,20110905,202,208.4,202,202.7,123
RAJRAYON,20110905,9.9,10.85,9.9,10.8,708
RAJSREESUG,20110905,36.5,39.95,36.5,38.75,12199
RAJTV,20110905,53,54.05,50.5,53.05,27769
RALLIS,20110905,171,173.5,168,170.3,194281
RAMANEWS,20110905,11.7,11.7,11.3,11.45,20343
RAMCOIND,20110905,40,40,39.4,39.5,1846
RAMCOSYS,20110905,66.9,67.7,64.6,65,5365
RAMKY,20110905,222.5,233,222.5,230.75,4001
RAMSARUP,20110905,9.75,10.25,9.5,10.05,9255
RANASUG,20110905,4.15,4.2,4.05,4.1,125431
RANBAXY,20110905,475,480,467.9,478.8,431782
RANEENGINE,20110905,214,220,204,216.1,58
RANEHOLDIN,20110905,212,212,209,209,1184
RANKLIN,20110905,14.5,15.1,14,14.2,27794
RATNAMANI,20110905,104.45,104.95,102,102,4163
RAYMOND,20110905,345,362.2,337,358.4,242492
RBL,20110905,105.05,111.95,105.05,110.25,345
RBN,20110905,82,86.5,80.7,85.35,70490
RCF,20110905,78.7,81.45,78.05,79.4,774518
RCOM,20110905,82.5,88.45,82.5,88,12143396
RECLTD,20110905,169,169.7,166,168.95,2193037
REDINGTON,20110905,98.5,99.95,96.4,96.9,188580
REFEX,20110905,15.1,16.5,15.1,15.6,10741
REIAGROLTD,20110905,26,26,25,25.25,188718
REISIXTEN,20110905,29.2,29.2,27.2,27.4,4099
RELAXO,20110905,316,335,316,321.7,1472
RELBANK,20110905,875,928,873,890.75,123
RELCAPITAL,20110905,400.05,433.5,397,429.55,6243360
RELGOLD,20110905,2622.8,2669.5,2622.8,2659.45,31554
RELGRNIFTY,20110905,460.4,460.4,460.4,460.4,5
RELIANCE,20110905,794.5,799,782.95,788.85,4567377
RELIGARE,20110905,414,425,414,416.05,3568
RELIGAREGO,20110905,2797,2810,2770,2805.7,558
RELINFRA,20110905,443.15,481,443.15,476.2,2520884
RELMEDIA,20110905,98,102.9,97.5,100.9,850985
RENUKA,20110905,58,59.9,57.1,59.2,4801707
REPRO,20110905,136.1,139.95,136.1,138.05,5987
RESPONIND,20110905,110.65,111.3,107.4,109.05,10447
RESURGERE,20110905,0.35,0.35,0.3,0.35,12679564
REVATHI,20110905,358,390,358,379.7,274
RICOAUTO,20110905,11.5,11.75,11.15,11.65,65411
RIIL,20110905,411.5,432.5,405.1,426.1,260714
RKDL,20110905,15.95,16.85,15.95,16.4,7603
RKFORGE,20110905,99.25,104.95,99.25,104.9,318
RMCL,20110905,5.35,5.35,4.95,5.2,11201
RML,20110905,118,118,118,118,356
ROHITFERRO,20110905,31.35,31.35,30.55,30.95,18598
ROHLTD,20110905,55.95,55.95,54.1,55.2,3997
ROLTA,20110905,100.35,101.95,98.2,100.25,515788
ROMAN,20110905,21.7,23.5,21.7,23.4,2454
RPGLIFE,20110905,78.5,80.5,77.1,79.05,1465
RPOWER,20110905,83.9,85.6,83,85.05,3855424
RPPINFRA,20110905,70,71,68.05,69.75,17093
RSSOFTWARE,20110905,48.05,49.5,46.25,48.9,15868
RSWM,20110905,98.8,102,97,100.15,14182
RSYSTEMS,20110905,105,105,100.05,103.05,326
RUBYMILLS,20110905,870,890,864,888.05,473
RUCHINFRA,20110905,16.85,16.85,15.95,16.35,26084
RUCHIRA,20110905,8.35,8.55,7.9,8.55,14567
RUCHISOYA,20110905,105.9,105.9,103.3,104.4,80357
RUSHIL,20110905,140,144.85,133.05,135.3,673108
SABTN,20110905,61.9,62,58.05,59.15,42770
SADBHAV,20110905,127.1,136.5,127.1,134.55,3547
SAGCEM,20110905,132,139.9,132,138.15,1918
SAHPETRO,20110905,31.7,33,31.7,32.05,260
SAIL,20110905,108.5,113.8,107.65,113,3060162
SAKHTISUG,20110905,27.5,28.95,27.5,28.6,79609
SAKSOFT,20110905,88,88,85,85.85,41128
SAKUMA,20110905,13.5,14.1,13.5,14,2619
SALONACOT,20110905,16.5,16.5,15.95,15.95,50
SALORAINTL,20110905,27.95,28.5,25.85,28.05,4800
SALSTEEL,20110905,5.4,5.65,5.1,5.5,21453
SAMBANDAM,20110905,71.65,79.95,71.65,75,371
SAMBHAAV,20110905,1.25,1.4,1.2,1.2,10
SANDESH,20110905,284,285.4,271.5,271.8,1272
SANGAMIND,20110905,30,31,30,30.75,6128
SANGHIPOLY,20110905,1.35,1.55,1.35,1.45,9768
SANGHVIFOR,20110905,25.85,26.6,25,25.05,14046
SANGHVIMOV,20110905,124.85,125,121.55,124.35,6023
SANWARIA,20110905,16.6,16.6,15.6,16.45,21344
SARDAEN,20110905,141,144.95,138.95,143.6,20040
SAREGAMA,20110905,60,61.1,58.7,59.75,4871
SARLAPOLY,20110905,106,110.4,106,110,984
SASKEN,20110905,101.25,101.45,100,100.45,8954
SATHAISPAT,20110905,39.25,43.9,38.95,41.75,24378
SATYAMCOMP,20110905,64.9,77.8,63.95,76.1,13350444
SAVERA,20110905,35.15,41,35.15,37.95,1297
SBBJ,20110905,430,437.95,422.9,427.25,28273
SBIGETS,20110905,2778.9,2790,2741.8,2783.55,15121
SBIN,20110905,1972.85,2016,1962,2006.55,2648116
SBT,20110905,655,666,642,652.6,26007
SCI,20110905,88,88.9,86.15,87.75,250410
SEAMECLTD,20110905,94.5,100.35,94.5,100,1173
SEINVEST,20110905,7.9,8,7.65,7.95,76783
SELAN,20110905,281.3,282.95,275.1,278.8,9006
SELMCL,20110905,11.85,12.1,11.5,12,267686
SENTINEL,20110905,13,13.75,12.7,12.75,4469
SERVALL,20110905,6.3,6.4,6.05,6.25,22106
SESAGOA,20110905,231.35,233.9,225.75,232.45,2526744
SESHAPAPER,20110905,206,215,200,205,579
SGFL,20110905,4.35,4.35,4.35,4.35,1000
SGJHL,20110905,136,141,133.15,139,76779
SGL,20110905,4.05,4.1,3.9,4.1,2150
SHAHALLOYS,20110905,10,10,10,10,1118
SHANTIGEAR,20110905,42,42.4,41,41.65,32812
SHARIABEES,20110905,111.7,112.5,111.7,112.5,21
SHARRESLTD,20110905,49.5,58.2,48,57.25,3166
SHASUNPHAR,20110905,69.5,69.5,67.5,67.7,7845
SHILPAMED,20110905,209.95,215.9,209.95,214.95,1421
SHILPI,20110905,12.85,12.85,12.15,12.3,18709
SHIV-VANI,20110905,169.8,172.4,166.1,167.9,26539
SHIVAMAUTO,20110905,109,114.5,102.7,109.85,1575
SHIVTEX,20110905,24,26,24,25.9,4271
SHLAKSHMI,20110905,77.4,77.75,75.4,76.3,40594
SHOPERSTOP,20110905,398.85,401.9,392,394.15,173806
SHPRE,20110905,4.65,4.9,4.65,4.8,30
SHREEASHTA,20110905,4.75,5.9,4.75,5.9,22769543
SHREECEM,20110905,1694,1694,1650.1,1651.6,926
SHREERAMA,20110905,4.65,4.85,4.65,4.7,3003
SHRENUJ,20110905,54,56.5,54,55.1,12534
SHREYANIND,20110905,17.65,17.65,17.65,17.65,1
SHREYAS,20110905,28.4,28.4,27.35,27.65,2239
SHRIRAMCIT,20110905,542,542,536.55,538.55,2168
SHRIRAMEPC,20110905,125.35,138,121.65,125.5,3085
SHYAMTEL,20110905,37.4,38.95,37.4,38.7,17361
SICAGEN,20110905,19.05,19.3,18.2,19.05,23196
SICAL,20110905,70.5,75.35,70.5,73.35,43302
SIEMENS,20110905,871,871,855.55,868.15,194153
SILINV,20110905,91.55,97.25,91.55,93.35,2126
SIMBHSUGAR,20110905,32,33.3,32,32.55,8098
SIMPLEX,20110905,85,85,81,81,327
SIMPLEXINF,20110905,230.1,244.45,229.9,239.6,2158
SINTEX,20110905,152,152.95,148,151.25,532473
SIRPAPER,20110905,44.75,50,44.25,49.5,4713
SITASHREE,20110905,7,7.5,6.7,7.4,5381
SIYSIL,20110905,300,310,297,305,902
SJVN,20110905,23,23.8,22.7,23.25,402818
SKFINDIA,20110905,650,663,645,659.9,8219
SKMEGGPROD,20110905,6.9,6.95,6.65,6.85,5799
SKSMICRO,20110905,218.45,218.45,217.8,218.45,77891
SKUMARSYNF,20110905,46.25,47.9,46,47.3,1098529
SMARTLINK,20110905,42.85,43.8,40.25,42.15,7050
SMLISUZU,20110905,350,350,341.25,345,896
SMOBILITY,20110905,103,107,102,105.05,2330
SMPL,20110905,7.6,7.7,7.6,7.65,54736
SMSPHARMA,20110905,157,165.1,155,160.9,559
SOBHA,20110905,202.55,237.7,202.55,234.7,134964
SOFTTECHGR,20110905,5.7,5.7,4.55,5,14420
SOLARINDS,20110905,775,789,756.5,763.95,6702
SOMANYCERA,20110905,46.4,46.4,43.75,46,1112
SOMATEX,20110905,6.1,6.35,6.05,6.05,2588
SONASTEER,20110905,15,15,14.5,14.85,15266
SONATSOFTW,20110905,29.1,30.8,29.1,30.3,54027
SOTL,20110905,619.95,620,605.15,617.75,2145
SOUISPAT,20110905,6.9,6.9,6.6,6.75,20330
SOUTHBANK,20110905,20.55,21.4,20.5,21.2,3091390
SPANCO,20110905,122,123.95,121.05,123.25,24489
SPARC,20110905,76.5,76.5,74.1,74.6,70879
SPECTACLE,20110905,16.1,16.1,15.05,15.65,10491
SPENTEX,20110905,11.1,11.9,9.65,11.1,12527
SPIC,20110905,29.25,29.7,28.4,29.5,568541
SPMLINFRA,20110905,125.3,129.9,125.3,126,600
SPYL,20110905,23,24.55,23,23.6,2348
SREINFRA,20110905,40,41,38.15,39.8,849047
SRF,20110905,298,305.95,298,302.25,24296
SRGINFOTEC,20110905,0.45,0.45,0.45,0.45,6778
SRHHYPOLTD,20110905,39.7,40,38.2,38.2,1114
SRTRANSFIN,20110905,669.95,689,652.35,674.15,608892
SSWL,20110905,251,255,250,251.05,5830
STAR,20110905,287.85,296,284.5,293.15,26186
STARPAPER,20110905,22.55,24.5,22.05,24.35,6445
STCINDIA,20110905,158.35,163.75,158.3,161.8,56048
STER,20110905,131.8,133.3,130.05,131.35,6493757
STERLINBIO,20110905,74,75.4,73.85,75.05,383436
STERTOOLS,20110905,118,118,105,108.3,3211
STRTECH,20110905,38.8,40.5,38.55,40.3,472718
SUBEX,20110905,44.2,46.9,43.9,46.45,532603
SUDAR,20110905,80.65,82.8,77.5,79.95,380097
SUDARSCHEM,20110905,700,719.95,695,702.5,174
SUJANATOW,20110905,24.75,27.5,24.75,27.05,1822723
SUJANAUNI,20110905,4.55,5.2,4.55,4.95,48729
SUMEETINDS,20110905,27,28.7,26.35,28.2,214892
SUMMITSEC,20110905,70,75,70,72.7,603
SUNCLAYTON,20110905,141.65,141.65,138.5,139.2,6511
SUNDARAM,20110905,43.25,43.25,42.25,42.3,27810
SUNDARMFIN,20110905,529.9,529.9,520.05,521.6,812
SUNDRMBRAK,20110905,159.05,159.4,154.05,157.7,632
SUNDRMFAST,20110905,61,61.35,60.2,61.1,11508
SUNFLAG,20110905,29.5,29.8,27.45,27.55,35198
SUNILHITEC,20110905,84.1,88.45,84.1,87.6,22325
SUNPHARMA,20110905,502,509.1,498.25,503.05,2724531
SUNTECK,20110905,246.7,260,245.8,255,260825
SUNTV,20110905,303.5,305.25,300.25,303,380401
SUPER,20110905,179,183,178.9,183,215
SUPERSPIN,20110905,7.25,9.5,7.25,8.55,4634
SUPPETRO,20110905,73.8,73.8,71,72.5,22512
SUPRAJIT,20110905,18.4,18.5,17.75,18.3,36018
SUPREMEIND,20110905,207,208,205.5,207.05,42262
SUPREMEINF,20110905,238,241,232.1,238.7,2234
SURAJDIAMN,20110905,42.05,44.7,42.05,43.5,15280
SURANACORP,20110905,100.5,103,100.05,102,3157
SURANAIND,20110905,414,416.95,412,414.25,15337
SURANAT&P,20110905,16,16,16,16,500
SURANAVEL,20110905,37.75,37.75,33.5,34.45,4187
SURYAJYOTI,20110905,22.5,23.2,22.4,22.8,1285
SURYALAXMI,20110905,56,60.5,54.5,60.5,1471
SURYAPHARM,20110905,15.75,16.5,15.6,16.1,49314
SURYAROSNI,20110905,61.7,67.8,61.7,66.65,61715
SUTLEJTEX,20110905,164,166.4,162.1,165.05,1191
SUVEN,20110905,16.5,18,16.35,17.45,377342
SUZLON,20110905,37.85,40.05,37,39.9,27533906
SWARAJENG,20110905,450,458,449.8,456.45,1523
SYMPHONY,20110905,1261,1261,1207.05,1232.15,480
SYNCOM,20110905,16.5,16.5,15.55,16.15,11355
SYNDIBANK,20110905,102.05,103.4,101.5,102.55,244290
TAINWALCHM,20110905,23.5,23.5,22.85,22.85,15566
TAJGVK,20110905,89.05,90.9,87.45,89.35,18800
TAKE,20110905,31.9,31.9,30.1,30.25,166850
TALBROAUTO,20110905,45.5,45.95,45,45.65,3029
TALWALKARS,20110905,189,198,188,189.35,63079
TANFACIND,20110905,24.15,24.15,24,24.1,700
TANLA,20110905,10.3,10.3,10,10.1,93032
TANTIACONS,20110905,55.6,56.5,54.75,56,2040
TARAPUR,20110905,17,17.85,16.8,17.4,12920
TATACHEM,20110905,331.4,336.4,331.05,332.15,356279
TATACOFFEE,20110905,731.1,777.8,731.1,770,398309
TATACOMM,20110905,201,202.95,199.6,201.95,55198
TATAELXSI,20110905,202.75,203,198,201.25,122963
TATAGLOBAL,20110905,92.25,93.7,91.15,91.6,1131363
TATAINVEST,20110905,454,456.95,450.1,454,2232
TATAMETALI,20110905,78.6,79.9,75.55,77.15,130793
TATAMOTORS,20110905,748,759,741.3,753.2,2068028
TATAMTRDVR,20110905,421.2,442.25,421.2,439.7,595125
TATAPOWER,20110905,1024,1036.2,997.35,1011.6,471709
TATASPONGE,20110905,303,306.6,302.2,304.25,2831
TATASTEEL,20110905,486,495.95,480.2,494.7,6126203
TCI,20110905,83,87.95,81.15,82.5,4476
TCIDEVELOP,20110905,163.55,173.95,163.55,167.95,64
TCS,20110905,1015.8,1033.2,998.45,1027.7,1894829
TECHM,20110905,621.9,692,621.9,678.3,406684
TECHNO,20110905,197,200,195.5,196.9,5029
TECHNOFAB,20110905,138,141.55,134.3,140.8,2189
TECPRO,20110905,247.9,247.9,238.1,241.95,16248
TELEDATAIT,20110905,0.35,0.35,0.3,0.35,737142
TELEMARINE,20110905,0.6,0.65,0.6,0.6,33826
TEXMACOLTD,20110905,31.7,32.4,31.35,31.5,130059
TEXMOPIPES,20110905,39.7,39.7,36.8,36.95,63222
TEXRAIL,20110905,77,78,74.15,76.05,12867
TFCILTD,20110905,29.5,29.6,29,29.5,45287
TFL,20110905,15.45,15.45,14.4,14.5,3099
THANGAMAYL,20110905,148.45,154,147.2,149.55,11982
THEMISMED,20110905,119,120,110,114.95,444
THERMAX,20110905,490,495,485.3,489.45,101989
THINKSOFT,20110905,34.9,35.55,34.05,34.7,85031
THIRUSUGAR,20110905,91,92,86.05,87.3,4140
THOMASCOOK,20110905,47.4,47.75,46.3,47.45,201211
TI,20110905,34.95,35.3,34.05,35,94301
TIDEWATER,20110905,6670,6700,6605,6648.15,357
TIIL,20110905,37.35,38.5,37.25,38.2,1204
TIL,20110905,407.9,407.9,395.05,403.5,1667
TIMETECHNO,20110905,68.5,68.75,67.8,68,11550
TIMKEN,20110905,205.85,210.9,204.15,209.25,55879
TINPLATE,20110905,48,48.45,47.15,47.5,32129
TIPSINDLTD,20110905,26,26.6,25.95,26.05,4833
TIRUMALCHM,20110905,70.25,72.35,69.65,70.55,361
TITAN,20110905,209,221.2,207.7,219.7,5370469
TNPETRO,20110905,15.1,15.4,15.1,15.2,21931
TNPL,20110905,109,112.25,109,111.2,157799
TODAYS,20110905,5,5.1,4.85,4.95,8011
TORNTPHARM,20110905,594.05,602.5,583.35,586.25,49470
TORNTPOWER,20110905,217,226.8,213.05,225.3,27916
TREEHOUSE,20110905,123.8,124,110.6,119.5,485221
TRENT,20110905,1109.95,1120,1102,1113.5,1778
TRF,20110905,338.95,345,328,338.8,8812
TRICOM,20110905,13,13,12.25,12.9,12087
TRIDENT,20110905,12.35,12.35,11.75,12.15,61865
TRIGYN,20110905,14.1,15,13.75,14.85,6086
TRIL,20110905,218.25,224,218.25,221.25,2053
TRIVENI,20110905,22.5,23.15,22.5,22.9,356572
TTKHEALTH,20110905,412.1,464.6,412.05,464.6,296278
TTKPRESTIG,20110905,2812.1,3030,2762.6,2982.65,259148
TTL,20110905,23.6,24.5,23.55,23.75,7601
TTML,20110905,18.5,18.8,18.3,18.6,1091176
TUBEINVEST,20110905,135.6,138.7,134.85,136.85,51576
TULIP,20110905,145.6,146.6,141.6,142.25,79812
TULSI,20110905,12.1,12.1,11.8,12.05,44976
TULSYAN,20110905,37.5,39,37.2,39,200
TV18BRDCST,20110905,40,41,39.55,40.6,177822
TVSELECT,20110905,19.75,20.3,19.75,20.1,1856
TVSMOTOR,20110905,57.4,60.25,56.65,59.95,4226910
TVSSRICHAK,20110905,356,365.7,351.2,359.8,772
TVTODAY,20110905,50.95,51,50,50.9,7110
TWILITAKA,20110905,36.4,36.8,36.4,36.8,8317
TWL,20110905,382,399.9,380,393.5,27327
UBENGG,20110905,53.45,53.45,52.1,52.3,15718
UBHOLDINGS,20110905,113,118,111,116.3,45951
UBL,20110905,428,428,421.1,424.05,7893
UCALFUEL,20110905,72,74.4,72,73.25,7078
UCOBANK,20110905,68.75,69.7,67.6,69.25,872656
UFLEX,20110905,171.95,173.6,168.2,170.8,373392
UGARSUGAR,20110905,12.85,15.3,12.6,13.75,47614
ULTRACEMCO,20110905,1095.65,1126,1090.05,1104.2,83733
UMESLTD,20110905,18,19.25,17,18.1,2176
UNICHEMLAB,20110905,141,142.8,141,142.3,914
UNIENTER,20110905,30.5,31.85,30.3,31.1,2116
UNIONBANK,20110905,234.1,237,231,234.45,477437
UNIPHOS,20110905,145.95,146.2,143.15,143.75,354284
UNIPLY,20110905,11.5,12,11,11.45,837
UNITECH,20110905,26.75,27.4,26.25,26.8,40721157
UNITEDBNK,20110905,74.95,76.1,74,75.4,118555
UNITEDTEA,20110905,127.1,127.1,127.1,127.1,30
UNITY,20110905,51,54,49.6,50,57952
UNIVCABLES,20110905,48.8,48.8,46,47.65,3177
UPERGANGES,20110905,49.7,49.7,43.55,46.65,967
USHAMART,20110905,35.9,37.2,33.75,34.55,1120314
USHERAGRO,20110905,129.4,129.4,125.6,127.6,326995
UTISUNDER,20110905,840,890,840,890,20
UTTAMSTL,20110905,80.5,80.5,78,79.9,39860
UTTAMSUGAR,20110905,30,31,29,30.1,13314
UTVSOF,20110905,940.1,966,940.1,960.35,160782
VADILALIND,20110905,123,127.65,122.3,125.45,466
VAIBHAVGEM,20110905,36.1,37,34.95,36.05,3608
VAKRANSOFT,20110905,380,380.35,375.1,375.9,1157
VALECHAENG,20110905,81.5,82.2,77.1,80.8,43149
VALUEIND,20110905,17.8,18,17.5,17.6,200
VARDHACRLC,20110905,9.2,9.25,9,9.15,26679
VARDMNPOLY,20110905,97,98.75,95.7,97.35,68146
VARUN,20110905,248,254,246.25,250.8,144381
VARUNSHIP,20110905,20.3,21,20.05,20.25,37898
VASCONEQ,20110905,46.6,46.6,44.5,44.85,8733
VENKEYS,20110905,412,420,405.4,414.45,17628
VENUSREM,20110905,218.75,218.75,214.5,217.15,1509
VESUVIUS,20110905,360,385,360,362.1,824
VGUARD,20110905,205.05,212.8,204.15,210.5,127465
VICEROY,20110905,27.1,27.1,23.5,26.05,13445
VIDEOIND,20110905,179.95,184,177.7,180.5,41790
VIJAYABANK,20110905,57,57.35,55.9,57,1207019
VIJSHAN,20110905,14.1,16.5,14.1,15.85,2613
VIKASHMET,20110905,10.2,10.25,9.75,10.1,31624
VINATIORGA,20110905,69.75,69.75,64.45,66.1,6897
VINDHYATEL,20110905,162,162.8,162,162.7,453
VINYLINDIA,20110905,9.6,12.4,9.6,11.75,5150
VIPIND,20110905,890,918.9,882.35,907.55,1205744
VIPUL,20110905,10.7,11.15,10.65,10.75,4256
VISAKAIND,20110905,99.95,99.95,86.2,91.35,8479
VISASTEEL,20110905,57.25,57.25,57,57.1,4328
VISESHINFO,20110905,4.1,4.4,4.1,4.15,49573
VISHALRET,20110905,24.1,25.25,24.1,25.1,17989
VISUINTL,20110905,1.95,2.1,1.95,2,6052
VIVIMEDLAB,20110905,270,276.4,261,265.05,20325
VLSFINANCE,20110905,11.55,11.55,10.25,11.3,15345
VOLTAMP,20110905,493.35,502.05,493,497.1,3928
VOLTAS,20110905,119.8,122.9,118.1,120.5,682404
VSTIND,20110905,1229.95,1295.5,1222.1,1284.05,34150
VSTTILLERS,20110905,540,545,522.4,542.1,1058
VTL,20110905,200,200,185.5,186.3,11265
VTXIND,20110905,13.35,13.35,13.35,13.35,140
WABAG,20110905,362.5,371,360.05,367.65,1858
WABCO-TVS,20110905,1274.4,1308.9,1250.5,1304.65,878
WALCHANNAG,20110905,92,96.6,90.8,94.45,82320
WANBURY,20110905,23.7,24.5,23.6,24.2,4140
WEBELSOLAR,20110905,44.1,46.65,44.1,46.45,421
WEIZFOREX,20110905,81.9,82,73,75.9,477
WEIZMANIND,20110905,9.4,9.65,9.25,9.5,1154
WELCORP,20110905,118.5,122.9,118.5,122,164136
WELGLOB,20110905,50.75,55,50.75,55,3204
WELINV,20110905,43,48.9,43,47.4,351
WELPROJ,20110905,46.9,46.9,44.5,44.85,3573
WELSPUNIND,20110905,26.05,27.3,26.05,26.9,44902
WENDT,20110905,1611.1,1630,1599.05,1600.95,366
WHEELS,20110905,255,257.5,255,256.65,310
WHIRLPOOL,20110905,216,218.15,209.4,215.7,28956
WINDMACHIN,20110905,27.8,28.5,27,28.05,7759
WINSOME,20110905,28.65,30.15,28.65,28.65,1540
WIPRO,20110905,330,333.3,320,321.75,2732319
WOCKPHARMA,20110905,397.1,411.5,397.1,404.05,237551
WSI,20110905,18.5,18.5,16.55,16.65,755
WSTCSTPAPR,20110905,74.55,80,74.55,75.45,3664
WWIL,20110905,6.7,6.9,6.6,6.8,405345
WYETH,20110905,1010,1010,1002.3,1006.9,1226
XLENERGY,20110905,7.4,7.4,7.05,7.1,11149
XPROINDIA,20110905,51,53,50,52.35,5422
YESBANK,20110905,275,283.5,271.2,282.7,2023617
ZANDUREALT,20110905,1650,1683,1650,1678.9,478
ZEEL,20110905,117.9,117.9,114.2,115.25,1045079
ZEELEARN,20110905,19,19,18.5,18.65,272855
ZEENEWS,20110905,13,13.25,12.95,13.2,182785
ZENITHBIR,20110905,5.1,5.2,5.05,5.15,98572
ZENITHCOMP,20110905,14.7,15.5,14.7,15.3,4392
ZENITHINFO,20110905,190,190,190,190,21
ZENSARTECH,20110905,124.65,127.55,122.5,125.8,4580
ZICOM,20110905,35,36.4,35,35.3,8140
ZODIACLOTH,20110905,342.15,342.75,335,335.35,742
ZODJRDMKJ,20110905,26.25,26.25,24,24,801
ZUARIAGRO,20110905,619,639.6,605.05,625.4,11783
ZYDUSWELL,20110905,589.95,600,583.5,592,7489
ZYLOG,20110905,406,406,398.05,402.95,62611
NSENIFTY,20110905,4998.90,5030.30,4964.45,5017.20,162898218,6359.59
NIFTYJUNIOR,20110905,10103.05,10170.50,10009.60,10149.20,64938966,1203.20
BANKNIFTY,20110905,9509.00,9630.05,9448.75,9614.05,16549440,1440.80
NSEMIDCAP,20110905,7335.65,7383.60,7279.25,7377.20,119677240,1254.36
NSEIT,20110905,5338.70,5338.70,5235.45,5299.65,17766114,837.62
NSE100,20110905,4928.80,4959.45,4901.10,4947.60,227837184,7562.79
NSE500,20110905,4048.15,4071.15,4030.30,4063.15,501873412,9841.63
MIDCAP50,20110905,2180.10,2202.70,2164.05,2200.75,66415366,803.70
VIX,20110905,26.09,28.32,26.09,27.83,26.09,1.74
