20MICRONS,20110805,51.75,51.95,50.4,51.3,76813
3IINFOTECH,20110805,37,37.05,34.6,35.4,1394508
3MINDIA,20110805,4334,4438.6,4050,4288.25,501
A2ZMES,20110805,235,237,212.75,223.25,288486
AANJANEYA,20110805,375.3,394.4,365.65,390.55,369326
AARTIDRUGS,20110805,122,126.5,121.25,124.85,6027
AARTIIND,20110805,48,48.95,46.35,48.3,51279
AARVEEDEN,20110805,45,46.25,43.7,44.85,1353
ABAN,20110805,440,447,425.7,440.25,951753
ABB,20110805,840.2,840.2,800,822.25,54032
ABBOTINDIA,20110805,1403,1466.5,1403,1454.3,3284
ABCIL,20110805,121.6,123.95,116.2,119.7,5804
ABGSHIP,20110805,392,392,377.35,385.05,330790
ABHISHEK,20110805,14.3,14.3,11.95,12.65,20689
ABIRLANUVO,20110805,930,945,870.35,935.85,75188
ACC,20110805,951.35,978.75,951.35,964.15,268515
ACE,20110805,43.6,46.5,43.6,45,105023
ACKRUTI,20110805,175,183.3,167.3,179.85,71532
ACROPETAL,20110805,16.75,16.8,16.2,16.35,974018
ADANIENT,20110805,649.75,649.8,610,619.85,1185672
ADANIPOWER,20110805,91,92,89,90.35,2630202
ADFFOODS,20110805,65.4,65.4,61.5,64.35,13008
ADHUNIK,20110805,69.9,71.45,65.25,70,774186
ADORWELD,20110805,165.1,166,155.05,159.7,8957
ADSL,20110805,43.1,43.1,41,41.95,125219
ADVANIHOTR,20110805,33.3,36,33.3,36,949
ADVANTA,20110805,275.25,278.9,262.7,270.95,41693
AEGISCHEM,20110805,210.4,213.9,202,208.8,20232
AFL,20110805,42.45,42.45,40.15,40.95,3728
AFTEK,20110805,12.3,12.7,12.3,12.45,250178
AGCNET,20110805,147,149.7,137.1,139.15,2153
AGRE,20110805,47.1,47.65,43.25,47.2,24958
AGRODUTCH,20110805,9.5,9.65,9.2,9.45,35078
AHLEAST,20110805,309,309,279.95,303.2,1673
AHLUCONT,20110805,130.1,133.7,124.35,126.95,37063
AHLWEST,20110805,181,181,165.25,171.95,2750
AHMEDFORGE,20110805,114,116,110.1,112.55,13479
AIAENG,20110805,347,360,338.1,353.8,5002
AJANTPHARM,20110805,315,315,290.15,307.2,21962
AJMERA,20110805,133.05,133.1,124.55,126.95,40166
AKSHOPTFBR,20110805,6.2,6.8,6.2,6.45,135246
AKZOINDIA,20110805,925,945,917.5,935.85,17406
ALBK,20110805,189,194.1,185.65,192.85,482885
ALCHEM,20110805,227.5,229.85,226.95,227.45,119128
ALEMBICLTD,20110805,20.5,20.8,20.05,20.5,132415
ALFALAVAL,20110805,1582,1608,1571.15,1586,2671
ALKALI,20110805,47.3,48.2,45.5,46.85,14107
ALKYLAMINE,20110805,88,88.9,85,86.05,5472
ALLCARGO,20110805,137.2,153,137.2,145.75,65660
ALLSEC,20110805,18.65,18.65,17,17.15,9330
ALMONDZ,20110805,22.55,22.55,22.45,22.45,270
ALOKTEXT,20110805,22.25,23.2,21.3,22.1,9953338
ALPA,20110805,9.2,9.95,9.2,9.9,3377
ALPSINDUS,20110805,3,3.1,2.8,3,24904
AMAR,20110805,88,90.95,86.05,90,41401
AMARAJABAT,20110805,236,244.5,232.55,240.75,91286
AMARJOTHI,20110805,54,58.05,48.3,53,1280
AMBIKCO,20110805,188,191.75,180,187.85,4327
AMBUJACEM,20110805,123.25,126.85,120.3,124.1,2029316
AMDIND,20110805,19.25,20.4,19.1,20.15,22924
AMLSTEEL,20110805,13.7,14.8,13.4,13.65,1422
AMRUTANJAN,20110805,881.15,885,811.05,837.9,260439
AMTEKAUTO,20110805,152.1,157.85,148.1,155.15,453424
AMTEKINDIA,20110805,108,112,102,110.65,562689
ANANTRAJ,20110805,70.15,73.45,68.1,71.6,201066
ANDHRABANK,20110805,132,134.7,129,133.95,710871
ANDHRACEMT,20110805,10.25,10.25,8.5,9.85,74038
ANDHRSUGAR,20110805,107,107,105,106.65,42865
ANGIND,20110805,22,23.5,20.85,21.55,6614
ANIKINDS,20110805,36.15,41.95,34.9,35.2,2624
ANKURDRUGS,20110805,32.25,32.25,31,31.85,57882
ANSALAPI,20110805,34.9,35.95,33.05,34,182422
ANSALHSG,20110805,38.15,38.75,36,38.1,15049
ANTGRAPHIC,20110805,0.25,0.3,0.25,0.3,92570
APARINDS,20110805,190,198.8,188,189.8,4675
APCOTEXIND,20110805,161,169.9,160.5,163.85,1322
APIL,20110805,560,573.75,539.05,551.95,215836
APOLLOHOSP,20110805,525,543.15,502.55,536.45,73587
APOLLOTYRE,20110805,70.5,70.5,66.8,69.9,1523165
APPAPER,20110805,360.25,377.3,357,374.85,170384
APTECHT,20110805,129,129.4,118.55,126.8,1852257
AQUA,20110805,14.6,14.9,14.1,14.8,144397
ARCHIDPLY,20110805,11.1,13.4,11.1,12.65,7095
ARCHIES,20110805,39.4,40.8,38.1,40.5,81861
AREVAT&D,20110805,229.95,233.7,225.1,229.45,27573
ARIES,20110805,105,106.95,95,102.7,25339
ARIHANT,20110805,53,54,52.35,53.55,212
ARL,20110805,2.1,2.2,2.1,2.2,292386
AROGRANITE,20110805,38.5,42.95,37.6,39,4361
ARROWTEX,20110805,10,10.35,10,10.15,9604
ARSHIYA,20110805,139.1,139.9,115.15,137.7,9689
ARSSINFRA,20110805,375.1,395,370,386.3,283600
ARVIND,20110805,81.15,81.15,74.55,79.05,2575666
ASAHIINDIA,20110805,77.15,80.3,74.25,77.2,51176
ASAL,20110805,56.1,60.5,56.1,57.7,4477
ASHAPURMIN,20110805,17.5,17.7,16.65,17.05,62500
ASHCONIUL,20110805,2.55,2.75,2.4,2.45,11948
ASHIANA,20110805,141,151.85,140.3,148.15,1949
ASHOKA,20110805,265.1,272,260,269.7,1220
ASHOKLEY,20110805,23.9,24.6,23.15,24.4,4167055
ASIANELEC,20110805,9,9,8.5,8.65,61035
ASIANHOTNR,20110805,209,209,188.7,193.5,3654
ASIANPAINT,20110805,3091.65,3095,3012,3058.9,129372
ASIANTILES,20110805,42,44.9,42,44.9,290
ASIL,20110805,2.6,2.6,2.6,2.6,260
ASSAMCO,20110805,14,14.3,13.5,13.95,322132
ASTEC,20110805,33.05,34.5,28.3,31,21984
ASTERSILI,20110805,21.05,21.8,20.15,20.7,11962
ASTRAL,20110805,195,199,189,193,32138
ASTRAMICRO,20110805,26.55,26.9,25.25,26.4,47247
ASTRAZEN,20110805,1346,1360,1285,1317.7,751
ATFL,20110805,406.25,408,382,395.85,31048
ATLANTA,20110805,75.25,77.2,72,75.25,343372
ATNINTER,20110805,1,1.2,1,1.15,12512
ATUL,20110805,198,198.4,191.1,194.95,86515
AURIONPRO,20110805,141,149.85,135.25,144.65,615
AUROPHARMA,20110805,156,163.5,151.65,162.3,1552576
AUSOMENT,20110805,38,38,36.15,37.5,402
AUSTRAL,20110805,2,2.05,1.9,2,1030766
AUTOAXLES,20110805,424,450,415.6,438.35,14950
AUTOIND,20110805,140,144,133.25,140.05,49272
AUTOLITIND,20110805,20.2,20.75,19,19.95,4546
AVANTI,20110805,36,39,35,38.55,5461
AVENTIS,20110805,2000.1,2078.8,2000.1,2044,1658
AVTNPL,20110805,390.45,390.45,390.45,390.45,1823
AXISBANK,20110805,1245,1252.5,1200,1242.05,3125692
AXISGOLD,20110805,2390.1,2398,2377.15,2390.15,311
BAGFILMS,20110805,6.5,6.6,6.15,6.5,200232
BAJAJ-AUTO,20110805,1397,1419.8,1356.25,1398.55,290820
BAJAJCORP,20110805,118,120,113,118.35,13308
BAJAJELEC,20110805,214.7,214.7,195,210.6,49845
BAJAJFINSV,20110805,500,503.5,482.1,500.55,47707
BAJAJHIND,20110805,61,62.25,58.1,60.9,909069
BAJAJHLDNG,20110805,750,756.95,740.2,753.7,1481725
BAJFINANCE,20110805,671,697,651,689.85,22709
BALAJITELE,20110805,29,30,28.6,29.45,89694
BALAMINES,20110805,38.3,38.9,36,37.85,15251
BALKRISIND,20110805,170,184.5,167,180.3,59543
BALLARPUR,20110805,31.5,32,31.05,31.85,314836
BALMLAWRIE,20110805,636,638.2,621,630.15,8564
BALPHARMA,20110805,26.25,27.6,25.8,27.15,7707
BALRAMCHIN,20110805,56.05,56.9,54.25,55.95,1396874
BANARISUG,20110805,557.4,577,540,561.2,1069
BANCOINDIA,20110805,78,79,66.15,76.35,35073
BANG,20110805,29,30.5,27.65,28.35,11470
BANKBARODA,20110805,868,871.95,838.25,862.25,427982
BANKBEES,20110805,1050,1060,880,1054.54,3932
BANKINDIA,20110805,360.6,365.65,349.9,362.3,1211592
BANSWRAS,20110805,111,111.85,102,106.35,19237
BARTRONICS,20110805,57.25,57.7,54.3,55.45,123562
BASF,20110805,615,618.95,595.05,604.55,21886
BASML,20110805,87,87,71.15,77.45,2297
BATAINDIA,20110805,635.1,644.6,611.3,636.05,645650
BATLIBOI,20110805,20,21.3,19.3,19.9,3666
BAYERCROP,20110805,855,855,823,832.3,7636
BBL,20110805,720,755,717,742,4908
BBTC,20110805,460,467.8,450,458.6,2894
BECREL,20110805,9.8,10.1,9.55,9.6,731
BEDMUTHA,20110805,124.85,127,121.3,125.45,90793
BEL,20110805,1640,1675,1619,1670.9,12371
BELLCERATL,20110805,13.85,14.2,13.6,13.6,240
BEML,20110805,509,515,494,500,76878
BEPL,20110805,29,30.9,26.45,30,27526
BERGEPAINT,20110805,99.8,99.8,96,98.55,109436
BFINVEST,20110805,59.2,61,55,57.8,8974
BFUTILITIE,20110805,650,650,602.3,620.05,341676
BGLOBAL,20110805,19.45,19.9,18.5,18.5,508701
BGRENERGY,20110805,370,370,350,360.05,556833
BHAGWATIHO,20110805,87.8,90,82,85.1,17191
BHAGYNAGAR,20110805,16.3,17.95,15.75,16.45,41047
BHARATFORG,20110805,288,289.9,274.25,277.25,1180230
BHARATGEAR,20110805,53,55.35,51.25,53.85,6723
BHARATRAS,20110805,93,104,92.55,98.6,727
BHARTIARTL,20110805,408.9,420.95,408.8,415.8,5394670
BHARTISHIP,20110805,118.6,118.6,112.15,112.95,190616
BHEL,20110805,1754.7,1767.5,1700,1711.35,1596399
BHUSANSTL,20110805,360.6,369.55,356.15,364.05,227524
BIL,20110805,52.15,53,46.35,47.35,45815
BILPOWER,20110805,88,88,79,83.75,5992
BIMETAL,20110805,292,305,290,303.95,501
BINANIIND,20110805,155,155,147,152.35,44697
BINDALAGRO,20110805,89.9,89.9,74.35,77.75,760717
BIOCON,20110805,339.5,345,331.25,342,926668
BIRLACORPN,20110805,310.8,323.4,301.05,312.5,4241
BIRLACOT,20110805,0.4,0.4,0.35,0.35,1355613
BIRLAERIC,20110805,14,14.7,13.5,14.15,5685
BIRLAMONEY,20110805,18,18.9,17.1,17.7,41645
BIRLAPOWER,20110805,0.75,0.75,0.7,0.7,4878931
BLBLIMITED,20110805,3.7,4.05,3.7,3.9,34266
BLISSGVS,20110805,24.45,25.45,22.3,23.25,41789
BLKASHYAP,20110805,12.5,14.7,12.2,13.4,3880583
BLUECHIP,20110805,1.1,1.15,1.05,1.05,43470
BLUECOAST,20110805,150.95,150.95,150.95,150.95,182
BLUEDART,20110805,1550,1579.6,1510,1547.6,4617
BLUESTARCO,20110805,255.15,262,250,257.1,28910
BLUESTINFO,20110805,78.1,80,76,76.45,2382
BOC,20110805,285.35,293.5,283.2,290.75,14381
BOMDYEING,20110805,309.9,310,293.15,300.8,417852
BOSCHLTD,20110805,6860,7110,6860,6993.3,5419
BPCL,20110805,688,709,686,702.3,1493199
BPL,20110805,23.15,23.7,22.4,22.75,43329
BRANDHOUSE,20110805,19.05,19.05,17.7,18.15,130176
BRFL,20110805,277.85,283.2,277.85,282.55,183839
BRIGADE,20110805,67.25,68,64.55,66.6,40679
BRITANNIA,20110805,470,479,460,469.95,59704
BROADCAST,20110805,9.1,9.9,8.85,8.85,2637
BSELINFRA,20110805,4.05,4.25,4,4.05,127735
BSL,20110805,20.1,24,20.1,22.95,1034
BSLGOLDETF,20110805,2410,2450,2410,2430.6,325
BSLNIFTY,20110805,55.94,56,55.94,56,1518
BSTRANSCOM,20110805,108.1,108.1,101.1,104.25,57516
BURNPUR,20110805,6.65,7,6.5,6.65,31990
BVCL,20110805,16.25,17,16,16.5,7026
CADILAHC,20110805,857,862,825,850.95,376920
CAIRN,20110805,298.9,299.9,280,287.05,4723264
CALSOFT,20110805,32.5,32.5,30,31.55,1314
CAMLIN,20110805,71.8,72.7,71.25,72.15,120260
CANBK,20110805,424,436,401.2,433.35,1433654
CANDC,20110805,122,125.5,120.15,123.75,25957
CANFINHOME,20110805,105,105.9,99,102.05,26174
CANTABIL,20110805,29,29.2,28,28.3,18046
CARBORUNIV,20110805,286,298,283,295.7,18487
CAROLINFO,20110805,218,227,202,220.15,47961
CASTROL,20110805,538.5,555,535.55,547.5,128719
CCCL,20110805,24.65,25.5,22.7,23.8,42899
CCL,20110805,197.2,198.85,186.5,190.85,17037
CEATLTD,20110805,90,92.55,88.1,89,205086
CEBBCO,20110805,39.9,42,39.55,40.05,30991
CELEBRITY,20110805,8.05,8.6,8,8.15,6682
CELESTIAL,20110805,31.4,31.85,29.6,30.55,23929
CENTENKA,20110805,166,166,156,161.55,17726
CENTEXT,20110805,3,3,2.9,2.95,42303
CENTRALBK,20110805,105.1,109,104.2,107.1,753373
CENTUM,20110805,86,93.35,85.1,87.5,211
CENTURYPLY,20110805,69,70.9,67,68.9,70308
CENTURYTEX,20110805,316,320.9,306.1,317.2,319835
CERA,20110805,208,212.35,199.65,206.35,17661
CESC,20110805,322,332,316,329.85,334782
CHAMBLFERT,20110805,93,95,88.45,92.8,4336548
CHEMFALKAL,20110805,43,44.95,40.6,41.3,4391
CHEMPLAST,20110805,6.65,6.65,6.35,6.5,106298
CHENNPETRO,20110805,207,210,207,209.5,31424
CHESLINTEX,20110805,12.6,15.4,12.6,14.55,17618
CHETTINAD,20110805,434.5,448,434.5,447.75,175
CHOLAFIN,20110805,162.1,165,158.2,160.95,46054
CILNOVA,20110805,14.45,15,14.45,15,551
CINEMAX,20110805,33.75,34.6,30.35,33.25,50475
CINEVISTA,20110805,5.3,5.3,5.3,5.3,2361
CIPLA,20110805,303,312.1,296.5,308.3,2018495
CLASSIC,20110805,12.65,12.9,12.15,12.45,43610
CLNINDIA,20110805,730,730,697,717.6,22888
CMAHENDRA,20110805,220,220,180,204.9,30834
CMC,20110805,1065,1099.9,1030,1057.35,18570
COALINDIA,20110805,389.4,396.2,375.2,392.9,3203823
COLPAL,20110805,960,974.9,951.7,964.05,39226
COMPUAGE,20110805,111.55,118.5,111.55,112,1789
CONCOR,20110805,1103.5,1115,1055.4,1098.65,29670
CONSOFINVT,20110805,71,71,64.15,66.4,5047
CORAL-HUB,20110805,5,5.7,5,5.35,14989
CORDSCABLE,20110805,36,37,35.1,36.25,3242
COREPROTEC,20110805,298.2,299.9,288,292.05,447265
COROENGG,20110805,339,339.1,307.1,331.8,140
COROMANDEL,20110805,312,326.4,297,322.05,144525
CORPBANK,20110805,485.05,485.05,461.1,469.95,233503
COSMOFILMS,20110805,91.25,91.25,89,90.05,42455
COX&KINGS,20110805,227.1,235.45,220.3,224.9,1616689
CPIL,20110805,300,316,291,308.15,13284
CREATIVEYE,20110805,5.45,5.65,5.05,5.25,10747
CRESTANI,20110805,45,46,44,44.85,28529
CREWBOS,20110805,52.5,52.8,48.1,48.1,284437
CRISIL,20110805,8110,8250,7911,7991.05,3990
CROMPGREAV,20110805,158,159,150,157.8,3462245
CRONIMET,20110805,114.05,120.75,103,119.05,18656
CTE,20110805,8.05,8.1,7.65,7.85,9331
CUB,20110805,47,47.35,46,47.2,435921
CUBEXTUB,20110805,10.7,11.05,10.5,10.95,2364
CUMMINSIND,20110805,608,616,581,613.25,317073
CURATECH,20110805,192,202,183,201.8,1446
CYBERMEDIA,20110805,18.3,18.3,16.65,17.25,171
CYBERTECH,20110805,13.15,13.15,12.55,12.7,3357
DAAWAT,20110805,46.1,46.5,44,44.95,57555
DABUR,20110805,99,102.55,98.3,101.45,1095641
DALMIABEL,20110805,133,140,133,136.9,2221
DALMIASUG,20110805,18.2,19,17.9,18.25,23332
DATAMATICS,20110805,29.75,30.85,29.2,30.2,6310
DBCORP,20110805,240,249,230,245.7,20236
DBREALTY,20110805,71.95,74,70.6,72.85,273092
DCB,20110805,55,55,52.05,53.7,2720293
DCHL,20110805,63.95,67,63.15,66.6,1600496
DCM,20110805,76.05,77.1,62.6,64.05,216860
DCMSRMCONS,20110805,49.1,50,47.5,48.85,42476
DCW,20110805,10.05,10.1,9.65,9.8,198088
DECCANCE,20110805,135.05,139.8,130,139.7,1262
DEEPAKFERT,20110805,160,162.5,157.05,161.5,90112
DEEPAKNTR,20110805,192.7,203,190.1,196.4,495
DEEPIND,20110805,68.55,68.55,64.6,66,44494
DELTACORP,20110805,98,99,91.2,95.55,11852072
DELTAMAGNT,20110805,40.65,40.65,40.65,40.65,10
DEN,20110805,73.5,73.5,68.25,70.55,44245
DENABANK,20110805,81,81.75,78.65,80.75,1923373
DENORA,20110805,87,88.8,85,86.2,3520
DENSO,20110805,62.8,65.25,58.15,60.1,7072
DEWANHOUS,20110805,201.8,206.8,196.2,205.85,30404
DHAMPURSUG,20110805,51.9,51.9,50.2,50.85,61317
DHANBANK,20110805,97,101.3,97,98.2,724065
DHANUKA,20110805,104.05,109.9,103,105.3,151453
DHARSUGAR,20110805,30.5,31.6,28.7,29.75,36991
DHUNINV,20110805,72,75,72,75,150
DIAPOWER,20110805,150,150,136.35,139.65,27420
DICIND,20110805,245,248.95,238.45,240.1,3043
DIGJAM,20110805,11,11.15,10.4,10.8,60705
DISHMAN,20110805,81.35,83.45,77.1,82.05,493960
DISHTV,20110805,82.1,86.3,80,85.6,4520772
DIVISLAB,20110805,798,807.7,772.6,799.95,309196
DLF,20110805,211.1,213.85,203.4,210.25,7227562
DLINKINDIA,20110805,22.85,23.4,22.15,22.8,26043
DOLPHINOFF,20110805,124,125,117.55,121.25,21104
DONEAR,20110805,22.7,22.7,20.6,22.25,3641
DPSCLTD,20110805,1770,1770,1700,1727.8,406
DPTL,20110805,148,148,137.05,142.6,17885
DQE,20110805,44.1,46.75,40,41.35,57496
DREDGECORP,20110805,274.85,275,263,266.2,25474
DRREDDY,20110805,1513,1537.15,1476.5,1530.7,674748
DSKULKARNI,20110805,59.5,59.5,54.95,57.85,23321
DUNCANSIND,20110805,13.55,13.8,12.8,13.15,102094
DWARKESH,20110805,59.6,59.6,57,57.85,15047
DYNAMATECH,20110805,1451,1451,1420,1450,869
DYNASYS,20110805,0.65,0.7,0.65,0.7,880
EASTSILK,20110805,7,7.25,6.9,6.95,37048
EASUNREYRL,20110805,63,65.45,60.3,63.3,45841
ECEIND,20110805,108,114.3,103,104.25,5523
ECLERX,20110805,770,792,752.25,785.4,11495
EDELWEISS,20110805,32.05,32.8,29.65,32.3,301855
EDL,20110805,99,99.8,96.6,97.65,8705
EDSERV,20110805,116.9,120,113,114.1,101048
EDUCOMP,20110805,319,320,299,302.25,2308559
EICHERMOT,20110805,1280,1355,1265.3,1349.9,7503
EIDPARRY,20110805,251.5,251.5,244,246.8,78062
EIHAHOTELS,20110805,190,198,183.6,189.75,49302
EIHOTEL,20110805,85.5,88.35,85.1,87.4,239114
EIMCOELECO,20110805,205,205,192.1,200.75,849
EKC,20110805,84.6,85,78.65,82.85,885016
ELDERPHARM,20110805,382.35,385,372.6,381.85,56135
ELECON,20110805,74.05,78.15,72,76.3,167126
ELECTCAST,20110805,28.4,29.2,27.55,28.95,212218
ELECTHERM,20110805,143,144.5,125,131,21434
ELFORGE,20110805,10.05,10.55,10.05,10.35,5030
ELGIEQUIP,20110805,69.3,71.8,66.7,70.9,45957
ELNET,20110805,34.5,34.5,34,34.25,182
EMAMILTD,20110805,478.7,488.1,467.05,484.5,18892
EMCO,20110805,48,48.7,47,47.7,45793
EMKAY,20110805,42.8,47.25,42,46.6,9443
EMMBI,20110805,10.55,14.1,10.55,13.45,30653
EMPEESUG,20110805,23.8,24.75,23.75,24,2928
ENERGYDEV,20110805,28.8,30,27.2,27.7,13772
ENGINERSIN,20110805,268.4,270,262,268.2,530607
ENIL,20110805,250.1,254.95,242.1,248.9,27329
ENTEGRA,20110805,20,21,20,20.1,14638
ERAINFRA,20110805,166.4,166.5,142.3,163.55,180048
EROSMEDIA,20110805,202,202,190.05,198.75,226141
ESABINDIA,20110805,522.05,522.05,501,515.25,11307
ESCORTS,20110805,90,92.2,86.55,88.1,1277736
ESL,20110805,7.7,7.75,7,7.55,544998
ESSAROIL,20110805,107,107,98.8,101.85,1880983
ESSARPORTS,20110805,80.1,83.9,75,79.05,81755
ESSDEE,20110805,343,357,339,350.5,3296
ESSELPACK,20110805,40.1,41.85,40.1,40.95,104363
ESTER,20110805,36.95,36.95,36.95,36.95,64541
EUROCERA,20110805,23.55,23.6,22,22.15,2346
EUROMULTI,20110805,8.75,9.25,8.35,8.8,17476
EUROTEXIND,20110805,23,23.8,22,23.1,1653
EVEREADY,20110805,42,43,40.55,41.4,323009
EVERESTIND,20110805,167.85,167.85,137.65,154.35,46358
EVERONN,20110805,520,544.65,498,518.1,188911
EVINIX,20110805,0.85,0.9,0.8,0.8,75849
EXCELCROP,20110805,171,171,159.8,163,20152
EXCELINDUS,20110805,69.05,79,69.05,71.4,5916
EXCELINFO,20110805,15.75,16.5,15.25,15.55,150646
EXIDEIND,20110805,145.25,153.7,143.15,152.9,1771517
FACT,20110805,41.25,44.2,41,42.05,179515
FAGBEARING,20110805,1200,1236.85,1157,1218,8760
FARMAXIND,20110805,2.7,2.7,2.6,2.6,73499
FCH,20110805,172,173.05,162.45,169.6,193043
FCSSOFT,20110805,0.65,0.7,0.6,0.6,3197187
FDC,20110805,90,92,88,89.1,25902
FEDDERLOYD,20110805,75,77,72,74.35,54145
FEDERALBNK,20110805,380.05,397,380.05,390.25,601750
FIEMIND,20110805,155,162,151.9,157.7,13685
FINANTECH,20110805,788,815,755,774.7,209006
FINCABLES,20110805,42.2,42.8,41.55,42.25,73147
FINPIPE,20110805,67,68,64.25,66.5,109142
FIRSTLEASE,20110805,79,80.85,77,79.55,37515
FIRSTWIN,20110805,18.9,18.9,16.3,16.75,3517
FKONCO,20110805,116.2,120.95,114,118.1,29703
FMGOETZE,20110805,255,272,246.15,269.3,43976
FORTIS,20110805,160,161.7,154,156.8,300588
FOSECOIND,20110805,540,548.95,502.3,533.1,1063
FOURSOFT,20110805,10.5,11.5,10.5,11.05,31128
FSL,20110805,15.6,15.9,14.75,15.25,2324380
FTCSF5YDIV,20110805,10.6,10.6,10.6,10.6,25
FTCSF5YGRO,20110805,13.15,13.15,13.15,13.15,1000
FUTUREVENT,20110805,9.4,9.4,8.7,9.15,956503
GABRIEL,20110805,45,47,44.55,45.1,24049
GAEL,20110805,25.75,25.85,23.1,25.7,34545
GAIL,20110805,452.1,465.75,452,455.8,1470195
GAL,20110805,10.2,10.5,9.8,10.3,48687
GALLANTT,20110805,15.1,15.95,14.75,15.35,9063
GALLISPAT,20110805,89,90.45,89,89.3,101145
GAMMNINFRA,20110805,15,15,12.35,14.5,382981
GAMMONIND,20110805,81,82,76.5,79.25,68852
GANDHITUBE,20110805,117,125,117,125,1993
GANESHHOUC,20110805,116.2,135,116.2,131.2,19253
GANGOTRI,20110805,5.4,5.8,5.35,5.55,3313
GARDENSILK,20110805,86.8,87,84.5,85.15,20362
GARWALLROP,20110805,58.8,59,57,58,16741
GATI,20110805,65,65.95,62.6,63.6,371125
GDL,20110805,132,134.9,125.35,132.45,113748
GEECEE,20110805,35.1,35.9,35.1,35.7,5016
GEINDSYS,20110805,149,157,142,155.95,46182
GEMINI,20110805,22,22.75,20.55,22.6,69622
GENESYS,20110805,250,257.4,243,248.65,40210
GENUSPOWER,20110805,16.75,17.2,15.8,16,158159
GEODESIC,20110805,57,57,54.7,55.15,221272
GEOJITBNPP,20110805,21.5,21.6,20,21,142884
GEOMETRIC,20110805,45.9,45.9,42.55,43.75,64549
GESHIP,20110805,259,261.95,242.6,253.7,272056
GHCL,20110805,39.9,39.9,37.8,38.75,194491
GICHSGFIN,20110805,90,94.4,90,93.6,118354
GILLANDERS,20110805,96,99.95,96,98.8,5243
GILLETTE,20110805,2200,2210,2100,2121.35,1449
GINNIFILA,20110805,8.25,8.95,7.95,8.1,21146
GIPCL,20110805,78.55,80.4,77.25,79.7,25337
GISOLUTION,20110805,13,13.9,13,13.75,335
GITANJALI,20110805,306.45,306.45,295,300.6,2721547
GKB,20110805,38.8,38.8,38.8,38.8,384
GKWLIMITED,20110805,500,500,490,500,472
GLAXO,20110805,2225,2274.95,2191.35,2200.9,14539
GLENMARK,20110805,318.4,331.1,313,323.75,776930
GLFL,20110805,3.8,3.8,3.65,3.75,10749
GLOBALVECT,20110805,21,23.6,21,22.9,3203
GLOBOFFS,20110805,102.2,107,102.15,104.9,4506
GLOBUSSPR,20110805,136.6,141.9,134,137.85,11135
GLODYNE,20110805,281,284.95,272,282.45,167754
GMBREW,20110805,95,97.5,92.95,96.4,9441
GMDCLTD,20110805,159.95,168.7,158,165.95,518028
GMRINFRA,20110805,29.15,30.1,28.5,29.8,2969053
GNFC,20110805,95.55,98,94.6,97.05,193511
GOACARBON,20110805,90,90.9,88.5,89.7,20133
GODFRYPHLP,20110805,3100,3200,3050,3167.45,2482
GODREJCP,20110805,416,423,396.1,419.95,456875
GODREJIND,20110805,218,223,210,214,852305
GODREJPROP,20110805,705.3,733,700,718.7,12803
GOENKA,20110805,54,54,50,50.85,12136
GOKEX,20110805,90,93.9,89.15,89.45,1808
GOKUL,20110805,90,92.4,83.85,90.55,80493
GOLDBEES,20110805,2307,2335,2292,2325.2,269561
GOLDENTOBC,20110805,68,68.85,68,68.1,7368
GOLDIAM,20110805,32,32.7,31.25,32.6,2006
GOLDINFRA,20110805,17.3,17.7,17.1,17.1,9865
GOLDSHARE,20110805,2284.8,2308.9,2274.7,2302.55,16159
GOLDTECH,20110805,6.15,6.4,6,6.05,19469
GPIL,20110805,147.05,150.75,145.15,147.75,25898
GPPL,20110805,73,73,67.65,70.1,225054
GRABALALK,20110805,21.95,21.95,21.25,21.5,1339
GRANULES,20110805,76,78.5,73.25,74.5,12063
GRAPHITE,20110805,85,85.95,82.8,83.65,58462
GRASIM,20110805,2136.65,2136.65,2090,2106.5,115250
GRAVITA,20110805,328.7,338.1,325,328.8,25045
GREAVESCOT,20110805,91,91.85,88.2,90.4,113283
GREENPLY,20110805,185.6,219.95,185.6,217.2,8884
GREENPOWER,20110805,11.6,12.95,10.9,12.7,3898306
GRINDWELL,20110805,241.25,249.9,235.2,246.45,10128
GRUH,20110805,415.1,444,415.1,439.85,21919
GSFC,20110805,387.9,401.25,370.15,394.75,124241
GSKCONS,20110805,2419,2423.95,2371.2,2403.4,10864
GSLNOVA,20110805,3,3.25,2.85,3.1,4337
GSPL,20110805,100.95,104.5,99.75,104,2168935
GSSAMERICA,20110805,142.5,144,136,139.55,14232
GTL,20110805,68,68,63.6,64.45,2059167
GTLINFRA,20110805,13.6,13.7,12.75,13.05,3175618
GTNIND,20110805,13,16.7,12.45,14.1,1106
GTNTEX,20110805,11.5,12.05,11.2,11.8,268
GTOFFSHORE,20110805,199,199,190.25,192.05,81686
GUJALKALI,20110805,144,144.9,138.5,143.1,71525
GUJAPOLLO,20110805,134.85,134.85,121.15,127.4,18350
GUJFLUORO,20110805,438.3,466,420,462.25,222929
GUJNRECOKE,20110805,36,38,33.8,34.8,5517411
GUJNREDVR,20110805,21.55,22,20.5,20.9,129525
GUJRATGAS,20110805,400,412.8,375,404.05,35235
GUJSIDHCEM,20110805,8.5,8.6,8.25,8.45,114901
GULFOILCOR,20110805,86,87.3,83.1,86.15,148629
GVKPIL,20110805,17.3,17.35,16.35,17.2,9948063
HALONIX,20110805,66,67.7,66,67.35,2154
HANUNG,20110805,127.8,127.8,121.2,126,214919
HARITASEAT,20110805,84.9,84.9,77.15,77.15,12800
HARRMALAYA,20110805,70.5,72.25,69,71.05,22332
HATHWAY,20110805,104,104,98.25,101.4,37365
HAVELLS,20110805,340.3,354,337.95,351.6,277552
HBLPOWER,20110805,16.4,16.4,15.45,16.1,70422
HBSTOCK,20110805,12,12,10.55,11.5,3026
HCC,20110805,29,29.4,28.1,29,3739476
HCIL,20110805,49.5,49.5,48,48.2,45955
HCL-INSYS,20110805,78.5,81.8,78.15,80.05,172196
HCLTECH,20110805,458,458,427,443.45,1725778
HDFC,20110805,661.3,674,658.9,664.8,2760020
HDFCBANK,20110805,465,475.8,457.1,473.05,3156094
HDFCMFGETF,20110805,2380,2400,2371.15,2398.7,3418
HDIL,20110805,125.75,125.75,119.6,124.05,6404973
HEG,20110805,220,225.05,211.05,223.1,20533
HEIDELBERG,20110805,34,35.7,33.2,34.35,91530
HELIOSMATH,20110805,28.8,29,27.55,28.2,19969
HERCULES,20110805,280.1,280.1,261,271.15,234334
HERITGFOOD,20110805,205.65,205.65,197,199.6,3970
HEROHONDA,20110805,1768,1800,1741,1785.35,230939
HEXAWARE,20110805,82.9,87.25,80.1,84.65,2657939
HFCL,20110805,14.1,14.65,13.9,14.05,2341196
HGSL,20110805,330,355,330,344.05,5692
HIKAL,20110805,286,294.8,286,290.95,1344
HILTON,20110805,16,16.8,14.6,15.2,6742
HIMATSEIDE,20110805,32.5,33.4,31.7,32.85,42248
HINDALCO,20110805,156.65,164,152,162.95,11505554
HINDCOMPOS,20110805,480,485.95,477,478.85,555
HINDCOPPER,20110805,258.3,258.3,245.05,250.75,136234
HINDDORROL,20110805,40,42,40,41.9,60927
HINDMOTORS,20110805,17.1,17.3,16.2,16.5,492196
HINDNATGLS,20110805,202.05,203,201,202.4,2258
HINDOILEXP,20110805,151.1,163,151.1,155.3,842763
HINDPETRO,20110805,394.1,409.65,388.95,404.45,3063558
HINDUJAVEN,20110805,310,322.85,309,313.5,3729
HINDUNILVR,20110805,315,320.5,312.1,318.85,2715088
HINDZINC,20110805,131,131,126.9,129.95,2578406
HIRECT,20110805,48.7,48.7,42.75,47.5,6336
HITACHIHOM,20110805,175.45,175.45,165.55,172.95,28137
HITECHGEAR,20110805,120,123,120,122.1,3717
HITECHPLAS,20110805,88,88,81.3,84.35,1727
HMT,20110805,52.4,53.4,51.5,52.15,70757
HMVL,20110805,130.2,139.3,130.2,137.6,2556
HNGSNGBEES,20110805,1277,1290,1234,1275.25,6684
HOCL,20110805,30.75,30.8,29.05,29.6,139704
HONAUT,20110805,2550,2600,2525,2569.75,640
HONDAPOWER,20110805,386,394.7,375,384.25,1392
HOTELEELA,20110805,42,42.75,41,42.5,294071
HOTELRUGBY,20110805,10.5,10.95,10.5,10.5,6276
HOVS,20110805,77,78,74.05,75.9,22300
HSIL,20110805,192.2,219,192.2,212.9,112428
HTMEDIA,20110805,154.7,157,148.7,155.3,10944
HYDRBADIND,20110805,341,343.45,335,339.65,9953
HYDROS&S,20110805,21,21,20,21,1505
IBPOW,20110805,16.15,16.5,15.6,16.3,345969
IBREALEST,20110805,89.5,90.3,85.1,89.75,5850993
IBSEC,20110805,11,11.35,10.85,11.05,763588
ICICIBANK,20110805,970,979.7,950,966.5,4644498
ICIL,20110805,9.35,11,9.35,10.4,970
ICRA,20110805,1200,1217,1152.25,1180.4,5368
ICSA,20110805,90,91,85.8,86.35,139776
IDBI,20110805,120,120.5,116.5,119.75,2282245
IDEA,20110805,94,98.1,92.2,95.95,16326476
IDFC,20110805,118,122.95,115.8,121.3,13826009
IFBAGRO,20110805,133.5,139.4,125.45,128,197156
IFBIND,20110805,133.9,135.2,113.85,129.6,113165
IFCI,20110805,42,44,41.25,42.55,9042408
IFGLREFRAC,20110805,27,30.8,27,28.6,8778
IGARASHI,20110805,47,47,43.15,45.7,5786
IGL,20110805,396.85,422,390,418.1,575147
IGPL,20110805,23,24.65,21.55,21.9,7944
IL&FSENGG,20110805,115,120.45,102.55,108.3,44390
IL&FSTRANS,20110805,196,204.9,192,201.9,78213
IMPAL,20110805,643.3,659.95,625,627,166
IMPEXFERRO,20110805,8.55,8.7,7.9,8.05,4730
INDBANK,20110805,9.1,9.45,9,9.3,28402
INDHOTEL,20110805,75.6,76.75,74,76.25,1521412
INDIABULLS,20110805,165.45,169,157.45,167.65,787555
INDIACEM,20110805,65.4,65.7,62.55,65.15,1267055
INDIAGLYCO,20110805,129,129,115,121.8,134192
INDIAINFO,20110805,72.5,76.9,71.15,75.8,715805
INDIANB,20110805,211,216,205.15,214.55,290882
INDIANCARD,20110805,96.6,102.5,96.6,102.1,884
INDIANHUME,20110805,119,119,113,116.05,4147
INDLMETER,20110805,89.1,92,85,89.1,381
INDNIPPON,20110805,270,270,259,265.1,1911
INDOASIFU,20110805,65,66,64,65.05,25370
INDOCO,20110805,401,414,390,408,11332
INDORAMA,20110805,40.1,41.5,39.1,40.55,55229
INDOSOLAR,20110805,11.55,11.85,11.1,11.25,515642
INDOTECH,20110805,144,144,130.25,136.4,56221
INDRAMEDCO,20110805,35.5,36.65,35.5,36.15,78653
INDSWFTLAB,20110805,95.2,95.2,90.1,91.7,53386
INDSWFTLTD,20110805,30.4,30.4,27.75,29.1,48724
INDUSFILA,20110805,18,19.65,16.25,19.2,10713
INDUSINDBK,20110805,260,266.45,251.3,262.8,571181
INEABS,20110805,600,607.5,581.5,586.4,7023
INFINITE,20110805,105.05,107.85,102,103.3,20887
INFODRIVE,20110805,13.35,13.35,12,12.55,10122
INFOMEDIA,20110805,14.1,14.15,13.7,13.85,77904
INFOTECENT,20110805,133,136,112.75,124.6,114676
INFRABEES,20110805,290,290,285,287,1368
INFY,20110805,2643.6,2643.6,2525,2591.2,1969759
INGERRAND,20110805,482.5,500.05,481.1,496.15,17433
INGVYSYABK,20110805,343,349.8,332.45,345.2,53009
INNOIND,20110805,90.05,93.7,82.1,90,107247
INOXLEISUR,20110805,43.05,43.4,42.1,43,66017
INSECTICID,20110805,349.95,357.95,349.95,355.1,71851
INVENTURE,20110805,204,223.05,167,171,11233740
IOB,20110805,131.1,131.1,125.2,126.9,945770
IOC,20110805,330,338,326.6,333.05,1948651
IOLCP,20110805,35,36.95,32.45,36.95,889
IPCALAB,20110805,320,330.45,313.05,328.05,97516
IPGETF,20110805,2388.9,2401,2361,2391.9,377
IPRINGLTD,20110805,72.1,78.7,71.3,74.3,1012
IRB,20110805,157,165.1,151.1,163.7,1378979
ISFT,20110805,58.5,59,56.5,58.45,9414
ISMTLTD,20110805,37,37,35.1,36.45,68910
ISPATIND,20110805,16.4,16.85,16,16.35,6133603
ITC,20110805,195,198,190.5,196.4,13424736
ITDCEM,20110805,153.25,160,153.25,155.2,379
ITI,20110805,27.25,28.6,26.25,26.75,153371
IVC,20110805,29.7,30,29.3,29.8,177666
IVP,20110805,47,48,45.05,47.2,2665
IVRCLAH,20110805,40.1,40.1,37,38.7,55777
IVRCLINFRA,20110805,48,51.9,48,50.15,6942126
J&KBANK,20110805,845,867,845,860.4,49370
JAGRAN,20110805,110,115.8,108,112.8,100346
JAGSNPHARM,20110805,14.15,14.4,13.5,13.85,5701
JAIBALAJI,20110805,170,171.5,164,166.05,26810
JAICORPLTD,20110805,88,88,82.05,84.35,704666
JAINSTUDIO,20110805,10.7,10.7,9.95,10,5114
JAMNAAUTO,20110805,125.55,132.95,125.55,129.55,5959
JAYAGROGN,20110805,85,88.5,76.95,86.75,19393
JAYBARMARU,20110805,64,67.5,63,64.85,3674
JAYNECOIND,20110805,18,19.9,18,19.2,150366
JAYSREETEA,20110805,148.05,152.2,142.25,148.25,31110
JBCHEPHARM,20110805,135.2,140,132,135.65,152008
JBFIND,20110805,130,140,130,134.2,115533
JENSONICOL,20110805,4,4.6,3.65,4,71731
JETAIRWAYS,20110805,435.6,447,420,437.35,1164327
JHS,20110805,33.25,37,33.25,36.65,45729
JIKIND,20110805,6.8,7.45,6.6,7.35,2078
JINDALPHOT,20110805,150,154,146.1,150.35,107170
JINDALPOLY,20110805,233.1,238.5,226.2,230.85,468243
JINDALSAW,20110805,138,140,126.95,138.3,544710
JINDALSTEL,20110805,530,549.45,519.15,540.15,2813149
JINDALSWHL,20110805,743.3,762,703,755.55,145716
JINDCOT,20110805,100,103.95,100,102.25,46067
JINDRILL,20110805,410.55,436,410.55,430.4,11243
JINDWORLD,20110805,171.25,174.3,162.2,166.65,13408
JISLJALEQS,20110805,156.55,166.3,151.25,157.2,4268804
JKCEMENT,20110805,106,114,102,112.6,31244
JKIL,20110805,120,124.3,117.05,119.65,11388
JKLAKSHMI,20110805,43.6,44,42,42.75,84305
JKPAPER,20110805,43.1,44.15,43.1,43.45,211727
JKTYRE,20110805,95,98.9,91.25,96.3,91119
JMCPROJECT,20110805,146.05,146.05,140,143.85,6329
JMFINANCIL,20110805,20.9,20.9,18.75,19.5,1533598
JOCIL,20110805,296.55,308,295,296.3,7770
JPASSOCIAT,20110805,60.5,61.1,58.75,60.75,23708528
JPINFRATEC,20110805,38.2,43.9,38.2,43.1,174388
JPPOWER,20110805,39.1,39.9,37.7,38.4,704038
JSL,20110805,98,101.8,92,98.25,83711
JSWENERGY,20110805,64,64,61.05,62.75,1078265
JSWSTEEL,20110805,653.35,707.9,646.65,701.1,3339335
JUBILANT,20110805,201.45,201.45,188.1,195.15,75610
JUBLFOOD,20110805,775,794,711,764,2522180
JUBLINDS,20110805,190,190,181,185.1,21678
JUNIORBEES,20110805,107.5,113.9,103.5,110.15,122683
JUPITER,20110805,17.55,18,14.6,17.15,616260
JVLAGRO,20110805,20.5,20.5,18.6,18.95,37339
JYOTHYLAB,20110805,230,230,211.55,225.2,62893
JYOTISTRUC,20110805,76.1,76.1,71,74.25,175496
KABRAEXTRU,20110805,49.3,50.45,48,49.7,10219
KAJARIACER,20110805,112,112.35,107.2,111.1,157281
KAKATCEM,20110805,67.25,67.25,62.15,67,1408
KALECONSUL,20110805,73.5,75.9,71.9,73.25,12226
KALINDEE,20110805,114,114.2,108.5,112.35,282525
KALPATPOWR,20110805,120.2,123.85,117,122.25,535330
KAMATHOTEL,20110805,87.05,89,73.85,84.7,7953
KANDAGIRI,20110805,86.05,86.05,85.5,85.5,291
KANORICHEM,20110805,39,39.55,38.25,38.75,26972
KANSAINER,20110805,889.95,899.9,875.05,896.9,7669
KARMAENG,20110805,12.55,14.1,12.55,13,5741
KARURKCP,20110805,30.4,38.7,30.4,37.15,6518
KARURVYSYA,20110805,393.1,399,392.1,397.4,68176
KAUSHALYA,20110805,8.85,9.5,8.7,8.8,13706
KAVVERITEL,20110805,132.55,144.75,132.55,138.7,31300
KBIL,20110805,684,699.95,660,690,347
KCP,20110805,28,28.2,24.3,26.35,392706
KCPSUGIND,20110805,15.1,15.25,14.25,14.65,48352
KEC,20110805,74,76.1,70.6,75.15,123376
KECL,20110805,42.9,42.9,40.1,41.35,10641
KEI,20110805,19.25,19.6,16.2,18.85,86785
KEMROCK,20110805,499.5,506,475,502.85,15664
KERNEX,20110805,108.7,108.7,97.75,101.9,124851
KESARENT,20110805,52.9,52.9,47.1,51.4,2966
KESORAMIND,20110805,135,139.5,135,138.85,31743
KEYCORPSER,20110805,45,45,45,45,10
KFA,20110805,31.5,33.2,30.6,32.15,2371693
KGL,20110805,10,10.7,9.85,10.2,2247790
KHAITANELE,20110805,100,105,97,101.35,43
KHAITANLTD,20110805,24.45,25.4,24,25,924
KHANDSE,20110805,14.9,15.1,14.55,15.1,1400
KICL,20110805,550.05,585,550,550,411
KIL,20110805,15.2,16.3,15.15,15.5,7971
KILITCH,20110805,63,67.4,61.2,62.95,3044
KINETICMOT,20110805,16.5,18.9,16.5,16.75,20197
KIRIINDUS,20110805,160.1,167.5,153,162.55,53196
KIRLOSBROS,20110805,154,154,145,152.15,9008
KIRLOSENG,20110805,116.6,132.75,116.2,124.5,5172
KIRLOSIND,20110805,282.55,298.75,279,286.9,1005
KKCL,20110805,667.1,736.5,667.1,725,1909
KLGSYSTEL,20110805,43,43,40.6,41.25,59784
KLRF,20110805,23,23.7,22,23,510
KMSUGAR,20110805,2.95,3,2.65,3,23947
KNRCON,20110805,112.5,117.9,110,114.15,17730
KOHINOOR,20110805,45.1,45.1,43.1,43.95,25933
KOLTEPATIL,20110805,42,42,40.1,41.05,80982
KOPRAN,20110805,22.65,23.9,22.15,23.45,94582
KOTAKBANK,20110805,438,449,432.5,439.75,1564244
KOTAKGOLD,20110805,2333.35,2370,2285.55,2351.3,26220
KOTAKNIFTY,20110805,530,541,528,535,10731
KOTAKPSUBK,20110805,382,392,382,386.89,592
KOTARISUG,20110805,6.15,6.4,6,6.15,74644
KOTHARIPET,20110805,7.5,7.5,7.05,7.15,19141
KOTHARIPRO,20110805,558,564.7,526,542.05,18226
KOUTONS,20110805,26,26,22.1,24.65,136777
KPIT,20110805,182,183.25,171.1,176.2,255048
KPRMILL,20110805,107.4,107.4,100.25,105.3,10506
KRBL,20110805,25.3,25.95,24.4,25.7,639302
KRISHNAENG,20110805,3.5,3.75,3.4,3.4,2927
KSBPUMPS,20110805,212.5,227.5,212.5,222.9,1502
KSCL,20110805,474.9,474.9,428.65,457,35389
KSE,20110805,217,233,215.05,233,994
KSERASERA,20110805,12.7,12.75,12,12.3,342590
KSK,20110805,103.5,106.15,103.5,105.5,30559
KSL,20110805,64.1,64.1,60,62.55,38947
KSOILS,20110805,16,16,12.8,14.65,22077996
KTIL,20110805,88,88,80,80,473
KTKBANK,20110805,105.6,107,101.1,102.4,1648671
KWALITY,20110805,154.7,154.7,151.95,153.8,450727
LAKPRE,20110805,40.3,47.15,40.3,44.95,3672
LAKSHMIEFL,20110805,27.6,28,26.3,26.9,84364
LAKSHMIMIL,20110805,1969.95,1969.95,1732.3,1781,52
LAKSHVILAS,20110805,109.1,111.05,104.85,107.4,152401
LANCOIN,20110805,37.75,37.75,36.15,36.9,17290
LAOPALA,20110805,86.05,96.85,86.05,95.1,63217
LAXMIMACH,20110805,2047,2047,1990.5,2021.05,4482
LCCINFOTEC,20110805,0.6,0.65,0.6,0.6,40708
LGBBROSLTD,20110805,280,289.95,273.35,282.95,6194
LGBFORGE,20110805,2.55,2.75,2.5,2.7,12540
LIBERTSHOE,20110805,93.1,93.1,88.05,91.15,46486
LICHSGFIN,20110805,200.1,208.7,195,207.35,6435340
LIQUIDBEES,20110805,1000,1000.01,999.99,999.99,218212
LITL,20110805,17.4,18.15,16.3,17.95,31484143
LLOYDELENG,20110805,50.25,55.4,50.25,54.9,40148
LLOYDFIN,20110805,1.1,1.2,1.1,1.2,25935
LLOYDSTEEL,20110805,14.9,15.45,14.55,15.35,569379
LML,20110805,11.05,11.05,10.3,10.5,561876
LOGIXMICRO,20110805,15,16.45,14.1,15.15,14996
LOKESHMACH,20110805,40.2,41.95,39.15,41.35,8865
LOTUSEYE,20110805,11.05,11.05,9.9,10.2,10500
LOVABLE,20110805,385.3,393.9,339.95,369.9,860818
LPDC,20110805,2.6,2.6,2.4,2.4,30256
LT,20110805,1618.85,1645,1571.3,1638.65,2031428
LUMAXAUTO,20110805,35,37.8,34,35.4,2467
LUMAXIND,20110805,320,330,319,324.8,7856
LUMAXTECH,20110805,161.25,176,161.25,172.9,12365
LUPIN,20110805,441.25,453.45,438.25,449.75,1034162
LYKALABS,20110805,16,17.25,14.6,14.95,72469
M&M,20110805,660,669,638.25,653.35,3024155
M&MFIN,20110805,655,661.2,643.95,646.55,21200
M100,20110805,7.5,7.8,7.5,7.74,133408
M50,20110805,71.3,71.3,69.4,70.33,28710
MAANALU,20110805,63.9,63.9,53.1,54,3151
MADHAV,20110805,18.4,18.9,16.7,17.5,4424
MADHUCON,20110805,79,80,75.1,75.7,12726
MADRASCEM,20110805,87,87.05,84.1,86.8,72563
MADRASFERT,20110805,28.05,29.35,27.7,28.3,486387
MAGMA,20110805,71.65,72.8,70.25,72.05,143386
MAGNUM,20110805,5.1,5.55,5.1,5.15,8932
MAHABANK,20110805,52.25,52.95,50.5,51.65,178330
MAHINDFORG,20110805,69.05,69.4,67.2,68.2,19565
MAHLIFE,20110805,350,354.95,341,349.4,122375
MAHSCOOTER,20110805,340,340,305.1,327.05,1284
MAHSEAMLES,20110805,362,367.95,351.15,360.7,23864
MAITHANALL,20110805,122,125,120.25,122,220
MALUPAPER,20110805,11.5,11.75,10.9,11.15,13066
MALWACOTT,20110805,31,31,27.7,28.55,3697
MANAKSIA,20110805,60,60.75,59.05,59.75,6827
MANALIPETC,20110805,12.65,12.9,11.75,12.35,269230
MANAPPURAM,20110805,52.5,54.9,51.05,54,3020631
MANDHANA,20110805,198,199.7,191.35,197.9,197169
MANGALAM,20110805,14.85,14.85,12.95,13.2,30623
MANGCHEFER,20110805,31.55,31.65,30.1,31.1,476298
MANGLMCEM,20110805,100.85,103.9,95,99.4,45634
MANINDS,20110805,130,138,128,135.1,34343
MANINFRA,20110805,121,123.95,115,118.3,14387
MANJEERA,20110805,82.25,82.25,82.25,82.25,4
MANJUSHREE,20110805,72.1,74.8,72,74.1,4319
MANUGRAPH,20110805,49.05,54,49.05,51.05,8522
MARALOVER,20110805,11.7,13.45,11.7,13.15,2399
MARG,20110805,85,87,80.1,84.5,60642
MARICO,20110805,154.4,157.6,151.4,155.75,110491
MARUTI,20110805,1170,1200,1168.8,1192,363463
MASTEK,20110805,97.05,100.25,93,99.35,146949
MAWANASUG,20110805,19.8,23,18.5,19.95,23793
MAX,20110805,175.45,180.3,171.45,178.9,315359
MBECL,20110805,140,141.75,136.55,140.5,30178
MBLINFRA,20110805,145,148,135,137.7,46873
MCDHOLDING,20110805,73.5,75,69.2,72.7,16613
MCDOWELL-N,20110805,952.35,970,945,953.6,140357
MCLEODRUSS,20110805,250,252.95,234.2,249.55,793094
MEGASOFT,20110805,19.65,20.6,19.2,19.6,17152
MEGH,20110805,11,11.25,10.1,11.2,152798
MELSTAR,20110805,7.3,9.3,7.25,8.05,1578
MERCK,20110805,659.7,659.7,635.6,646.95,7451
MHRIL,20110805,356,364.95,355.1,362.1,6435
MIC,20110805,11,13,11,12.55,472477
MICROSEC,20110805,31,31.5,29.25,30.65,34991
MICROTECH,20110805,106,109.85,100.3,109.1,17892
MINDAIND,20110805,219,219,207.5,211.75,313
MINDTREE,20110805,409.95,424.95,395,421.15,112971
MIRCELECTR,20110805,20.25,20.25,19.15,19.75,71035
MIRZAINT,20110805,19.7,19.75,18,19.55,139142
MLL,20110805,33.6,34.1,29.2,32.05,2089911
MMFL,20110805,103.1,111.9,103.1,111.7,6942
MMFSL,20110805,123,123,117.3,117.3,44020
MMTC,20110805,850,855,819.1,822.55,17578
MOIL,20110805,331,336,321.1,332,207231
MONNETISPA,20110805,475.05,485,465.25,482.8,37164
MONSANTO,20110805,1670,1730,1650,1686.35,3182
MORARJETEX,20110805,14.15,15.15,14,14.5,7480
MOREPENLAB,20110805,4.4,4.4,4.15,4.2,297188
MOSERBAER,20110805,33.1,33.1,30.65,32.2,839093
MOTHERSUMI,20110805,226.1,226.1,199,219.7,139552
MOTILALOFS,20110805,91.15,94,87,89.95,19813
MOTOGENFIN,20110805,42.5,45,41,41.75,15123
MPHASIS,20110805,432,434.85,415.55,421.9,176522
MRF,20110805,6998,7215.45,6891.35,7179.75,13810
MRO-TEK,20110805,12.7,13.45,12.4,13.25,11218
MRPL,20110805,74.7,74.7,71,72.65,940226
MSPL,20110805,48,50.5,45.5,49.75,23345
MTNL,20110805,43.1,43.8,40.4,42.45,1161860
MUDRA,20110805,28.15,28.15,25.85,27.1,31975
MUKANDENGG,20110805,30.1,31.15,29.5,29.9,8694
MUKANDLTD,20110805,38.1,39.55,36.55,36.95,29311
MUKTAARTS,20110805,41.5,41.5,40,40.95,8713
MUNDRAPORT,20110805,134.95,141,132,139.75,9280860
MUNJALAU,20110805,143,145,135.3,141.8,2937
MUNJALSHOW,20110805,63,64.45,60.1,63,54346
MURUDCERA,20110805,17,17.9,17,17.5,11395
MUTHOOTFIN,20110805,183.2,190.95,179,188.05,969290
MVL,20110805,27.5,27.5,24.05,25.3,458837
MVLIND,20110805,14,14.9,14,14,2075
MYSOREBANK,20110805,567,588,567,577.6,3530
N100,20110805,100,107,94,100.48,1743
NAGARFERT,20110805,32,32.8,30.9,31.95,3438639
NAGREEKCAP,20110805,25.7,27.2,25.5,26,2201
NAGREEKEXP,20110805,19,23.5,18.85,19.9,4504
NAHARCAP,20110805,56.65,56.7,55.3,56.7,965
NAHARINDUS,20110805,47.05,49.9,47.05,48.8,1703
NAHARPOLY,20110805,27.25,27.25,25.75,26,2034
NAHARSPING,20110805,72.1,75.45,71,72.1,13971
NANDAN,20110805,2.4,2.55,2.4,2.4,400684
NATCOPHARM,20110805,265,274.9,260.25,270.3,140373
NATIONALUM,20110805,69.9,69.9,67.1,68.35,254069
NATNLSTEEL,20110805,16,16.45,13.2,16,29935
NAUKRI,20110805,718.25,755,611.25,754.05,21758
NAVINFLUOR,20110805,335,335,315.95,328.8,27528
NAVNETPUBL,20110805,64,64,61.25,62.45,197920
NBVENTURES,20110805,216.2,224.45,216.2,219.5,8315
NCC,20110805,65,68.85,60.3,67.6,661211
NCLIND,20110805,34.5,35.15,34.05,34.15,12391
NDTV,20110805,56.65,57,54.55,55.4,78154
NECLIFE,20110805,22.05,22.85,21.6,21.9,67618
NEHAINT,20110805,153.8,155,139,144.85,160851
NELCAST,20110805,100,100.5,96.1,99.65,7828
NELCO,20110805,64.1,65,61,63.8,76969
NEPCMICON,20110805,4.55,5.25,4.4,5.15,446170
NESCO,20110805,620,623,590,604.55,124487
NESTLEIND,20110805,4160.45,4256,4150.1,4238.35,17220
NET4,20110805,124.5,128,119.15,122.95,27291
NETWORK18,20110805,114,114,110,112.2,19578
NEULANDLAB,20110805,102,104.75,99.5,101.3,2004
NEXTMEDIA,20110805,5.8,6,5.3,5.95,581241
NEYVELILIG,20110805,89,92.75,89,92.15,134324
NFL,20110805,88.9,88.9,82.5,84.55,218876
NHPC,20110805,24.55,24.8,24.05,24.5,4173126
NIFTYBEES,20110805,551,551,525,533.21,719667
NIITLTD,20110805,50,51,49,50.35,137171
NIITTECH,20110805,207.55,214.3,201.7,209.6,277673
NILKAMAL,20110805,270,277.5,262,271.7,4293
NIPPOBATRY,20110805,393.1,401,381.5,395,1347
NISSAN,20110805,2,2.4,2,2.35,252704
NITCO,20110805,57.4,59.7,55.3,58.6,54023
NITESHEST,20110805,20.2,20.5,19.6,20.3,65565
NITINFIRE,20110805,125.5,126.95,104.1,122.15,1902028
NITINSPIN,20110805,7.3,7.75,7.3,7.6,15196
NMDC,20110805,234.95,256.2,226,247.55,286627
NOCIL,20110805,16.5,16.5,15.9,16.05,289045
NOIDATOLL,20110805,24.35,24.6,23.2,24.15,378205
NOL,20110805,45.9,45.9,42.95,42.95,101
NORBTEAEXP,20110805,6,6,5.55,5.7,5274
NORTHGATE,20110805,13,13.35,12.15,12.75,80286
NOVOPANIND,20110805,42.5,42.5,40,41.85,3039
NRBBEARING,20110805,44.95,44.95,42,44.6,16406
NRC,20110805,5.3,5.5,5.1,5.15,3044
NSIL,20110805,721,725,715,720.2,562
NTPC,20110805,174.55,175.4,170.75,171.45,3457138
NUCHEM,20110805,3.6,3.65,3,3.15,81377
NUCLEUS,20110805,65.5,74.45,62.1,71.9,74479
NUMERICPW,20110805,220,235,219,231.25,8094
NUTEK,20110805,4,4,3.75,3.85,652596
OBEROIRLTY,20110805,228.5,230.4,215,227.3,13279
OCL,20110805,92,100,91.9,94.85,16245
OFSS,20110805,2045,2060,2000,2027.2,87223
OIL,20110805,1302,1329.8,1255.1,1321.35,58200
OILCOUNTUB,20110805,70,74.5,70,71.6,27333
OISL,20110805,51,55.6,51,55,155479
OMAXAUTO,20110805,40.15,42.5,40.15,41.25,15294
OMAXE,20110805,130.6,130.6,125.55,126.35,59299
OMKARCHEM,20110805,72,82.8,59.2,63.55,437751
OMMETALS,20110805,31,32,26.1,30.55,7930
OMNITECH,20110805,136.15,142.4,132,140.3,31289
ONGC,20110805,267,279.9,267,277.05,5615738
ONMOBILE,20110805,83.25,83.3,69.85,74.4,2335774
ONWARDTEC,20110805,36.4,37.85,35.55,36.1,684
OPTOCIRCUI,20110805,284.65,284.65,271.1,275.2,388995
ORBITCORP,20110805,35.5,36.85,33.25,36.35,758762
ORCHIDCHEM,20110805,195,195,176.5,182.15,2786468
ORIENTABRA,20110805,27.65,30.5,27.65,30.05,58346
ORIENTALTL,20110805,8.8,9,8.1,8.8,7696
ORIENTBANK,20110805,321.6,330,315.5,323.25,463263
ORIENTCERA,20110805,57,59,44,51.85,3695
ORIENTHOT,20110805,29,29.8,28.3,29.5,14216
ORIENTLTD,20110805,80.6,87.35,75.7,83.8,476
ORIENTPPR,20110805,57.05,60,52.55,58.75,240480
ORISSAMINE,20110805,49950,49950,47502.1,48026.3,1820
OUDHSUG,20110805,27.15,27.15,25,26.3,15353
PAEL,20110805,25.05,25.05,23.4,23.9,14155
PAGEIND,20110805,2078,2078,1929,1956.6,17402
PANACEABIO,20110805,158.6,162.65,157.8,159.5,18495
PANCARBON,20110805,133.25,140,133.25,136,363
PANORAMUNI,20110805,13,13,12.1,12.75,24630
PANTALOONR,20110805,309.95,315,297.1,312.2,801641
PAPERPROD,20110805,89.75,89.75,80.85,87.4,125671
PARABDRUGS,20110805,34.5,34.5,32.25,32.65,45803
PARACABLES,20110805,3.05,3.45,3.05,3.2,80210
PARAL,20110805,238.9,240,229.8,237.9,12864
PARAPRINT,20110805,28.5,28.5,26.4,27.95,332009
PARASPETRO,20110805,0.45,0.55,0.45,0.5,22747
PAREKHPLAT,20110805,3.75,4,3.3,3.85,7233
PARSVNATH,20110805,44.05,45,43.1,43.85,1005932
PATELENG,20110805,120,122,115.1,120.65,535700
PATINTLOG,20110805,27.9,30.55,27.9,28.95,7839
PATNI,20110805,310,310,300,308.1,149080
PATSPINLTD,20110805,11.5,15,11.5,13.45,3808
PBAINFRA,20110805,52.25,53,51.05,52.1,11682
PDUMJEIND,20110805,21.5,22,21.5,21.95,10
PDUMJEPULP,20110805,22.95,23,19.5,19.6,24254
PEACOCKIND,20110805,2.6,2.8,2.6,2.75,8492
PENIND,20110805,38,39.15,37.7,38,24280
PENINLAND,20110805,49.15,52.5,49.15,50.9,1601453
PEPL,20110805,2.75,2.75,2.65,2.65,182
PERIATEA,20110805,146.2,146.2,132,139.25,834
PERSISTENT,20110805,350.05,354.9,348.7,352.1,24879
PETRONENGG,20110805,369,375,369,372,20171
PETRONET,20110805,166.1,174.95,163,174.05,2766303
PFC,20110805,181,181.25,172.1,175.1,6364088
PFIZER,20110805,1465,1470,1401.1,1443.6,5057
PFOCUS,20110805,65,70.5,63,69.1,1796020
PFS,20110805,18,18.05,17,17.8,306556
PGHH,20110805,1859,1914.8,1859,1899.35,1352
PHILIPCARB,20110805,138.15,140.95,136.55,138.65,28514
PHOENIXLTD,20110805,221,221,207.35,216,19947
PIDILITIND,20110805,165.1,173,165.1,171.95,107797
PIIND,20110805,996,996,901.3,964,7924
PIONDIST,20110805,54,58.75,49.05,53.4,2534
PIONEEREMB,20110805,16,16,14.5,14.85,7334
PIPAVAVYD,20110805,70.15,73,69.4,70.65,817434
PIRGLASS,20110805,132,136,130.1,135.5,33024
PIRHEALTH,20110805,370.1,377,360,373.15,88861
PIRLIFE,20110805,90,90.95,87.3,88.05,136617
PITTILAM,20110805,37.25,40.45,37.25,39,16449
PLASTIBLEN,20110805,203,203,194,198,167
PLETHICO,20110805,368.1,374,365.15,367.25,83678
PNB,20110805,1051,1089.7,1041.45,1075.55,397617
PNBGILTS,20110805,24.45,24.8,24,24.45,108482
PNC,20110805,15.4,15.4,13.7,14.2,10136
POCHIRAJU,20110805,13.25,14.45,13.25,13.9,17795
POLARIND,20110805,4.75,4.75,4.3,4.6,18540
POLARIS,20110805,166,166,158.5,162.7,323468
POLYPLEX,20110805,181,189,174.7,180.2,105065
PONDYOXIDE,20110805,30.35,31.5,28.2,31.35,28414
PONNIERODE,20110805,85,86,72.45,85.95,5860
POWERGRID,20110805,100.5,103.7,100.15,102.3,6792616
PPAP,20110805,95.05,98.8,93.1,96.6,2248
PRADIP,20110805,83.1,83.1,79,80.85,25930
PRAENG,20110805,9.55,10.1,9.1,9.8,83786
PRAJIND,20110805,75.8,80.05,75.3,78.85,2137242
PRAKASH,20110805,60,62.25,56.7,61.5,186409
PRAKASHSTL,20110805,136.25,139.85,133,136.15,6917
PRATIBHA,20110805,51.95,52,49.7,50.6,107460
PRECOT,20110805,130.1,138,125.6,136.3,9238
PRECWIRE,20110805,114,114.9,107.2,113,6173
PREMIER,20110805,80.25,83,80.15,82.05,8901
PRESTIGE,20110805,125,125.9,120,123.35,27109
PRETAILDVR,20110805,187,188,182,187.8,8556
PRICOL,20110805,18.7,18.9,18,18.4,34241
PRIMESECU,20110805,20,20.4,18.1,19.75,12755
PRISMCEM,20110805,45,45.3,41.25,45.05,118080
PRITHVI,20110805,25.35,26.95,25.1,25.85,10448
PROVOGUE,20110805,31,31,28.65,29.65,496991
PSB,20110805,89,89,85,88,106143
PSL,20110805,67.5,68,66,67.45,137728
PSUBNKBEES,20110805,380,380,368,378.03,1700
PTC,20110805,72,72.3,68.3,72,1045946
PTL,20110805,28.85,28.85,26.9,27,25524
PUNJABCHEM,20110805,82,87,76.1,79.1,913
PUNJLLOYD,20110805,63.15,64.1,61,63.35,3581934
PURVA,20110805,68.5,68.95,64.15,66.85,22964
PVP,20110805,7.4,7.75,7.15,7.55,110158
PVR,20110805,124.7,125,111.2,124.05,47788
QGOLDHALF,20110805,1160,1170,1157.95,1168.4,1521
QNIFTY,20110805,526.9,529.7,523.5,528.26,226
QUINTEGRA,20110805,3.25,3.35,3.15,3.2,8885
RADAAN,20110805,2.45,2.5,2.35,2.35,19416
RADICO,20110805,127.35,134.2,127.35,130.95,193774
RAINBOWPAP,20110805,58.5,59.85,58.5,59.25,946965
RAINCOM,20110805,36.15,36.15,33.5,35.05,324806
RAJESHEXPO,20110805,106.6,109.25,101.3,108.05,810696
RAJOIL,20110805,28.1,28.1,26.1,26.6,73312
RAJPALAYAM,20110805,211.05,232,211,228.75,1217
RAJRAYON,20110805,11.25,11.95,10.85,11.15,5749
RAJSREESUG,20110805,42.55,44.9,42,42.95,7392
RAJTV,20110805,47.35,47.35,43.5,44.95,46128
RAJVIR,20110805,130.5,135.9,130,132.4,107
RALLIS,20110805,155,161.9,151,157.35,754527
RAMANEWS,20110805,13.5,14.7,13.25,13.55,37381
RAMCOIND,20110805,41.55,45.2,40.65,44.45,49905
RAMCOSYS,20110805,79.3,79.8,74.9,78.55,10660
RAMKY,20110805,289,289,272,277.6,5793
RAMSARUP,20110805,13,13,12.25,12.7,50474
RANASUG,20110805,4.5,4.9,4.5,4.6,445953
RANBAXY,20110805,515,532.2,510.55,520.05,1634665
RANEENGINE,20110805,220,220,220,220,5
RANEHOLDIN,20110805,225.15,239.95,225.1,237.45,1740
RANKLIN,20110805,13,13.2,12.8,12.8,14997
RATNAMANI,20110805,100,100,94,94.75,86543
RAYMOND,20110805,368,368,347,355.1,306857
RBL,20110805,113.35,114.85,111,112,1066
RBN,20110805,82,92.2,80.1,87.85,325670
RCF,20110805,76.1,77.2,66.55,75.6,1013135
RCOM,20110805,96,96.5,90.25,91.85,8655662
RECLTD,20110805,193.95,203,192,194.85,4681503
REDINGTON,20110805,95,100,90.05,97.55,1344511
REFEX,20110805,17.4,17.45,16.8,16.8,4252
REIAGROLTD,20110805,27.5,28,26.15,27.6,624892
REISIXTEN,20110805,30,33,28.45,31.8,27829
RELAXO,20110805,310,310,295,304.95,3590
RELBANK,20110805,930.01,1029.99,930.01,984.63,117
RELCAPITAL,20110805,501,502.6,479,493.35,1303549
RELGOLD,20110805,2270,2289.95,2266,2287.7,7679
RELGRNIFTY,20110805,558.5,558.5,516,528.78,390
RELIANCE,20110805,799.5,799.5,779,792,5994097
RELIGARE,20110805,440,450.5,440,444.9,29184
RELIGAREGO,20110805,2270.7,2399,2270.7,2390.6,708
RELINFRA,20110805,546,548.95,521.05,523.9,1360272
RELMEDIA,20110805,105.5,107.9,102.4,105,504658
RENUKA,20110805,60,65,60,61.3,6890969
REPRO,20110805,150.05,158.4,149.5,156.5,75146
RESPONIND,20110805,102.5,106,102,105.35,28274
RESURGERE,20110805,0.4,0.45,0.35,0.4,8703444
REVATHI,20110805,377.05,382.65,360,361.45,294
RICOAUTO,20110805,12.6,13,12.45,12.95,148944
RIIL,20110805,482,482,460.1,467.3,97530
RKDL,20110805,20.5,21.3,18.9,19.05,170466
RKFORGE,20110805,107.5,108.25,102,107.9,553
RMCL,20110805,6.05,6.15,5.8,6.1,11192
RML,20110805,124.25,135.75,120.25,125.7,3958
ROHITFERRO,20110805,33.2,33.75,31.2,32.95,87310
ROHLTD,20110805,60,60,50.65,59.25,13417
ROLTA,20110805,112.95,113,106.1,112.15,923954
ROMAN,20110805,22.3,23,22.3,22.3,8131
RPGLIFE,20110805,79.4,81.9,78.55,80.85,8918
RPOWER,20110805,105.1,106,101,103.35,2511492
RPPINFRA,20110805,75.6,83,65,74.25,18889
RSSOFTWARE,20110805,51,51.9,51,51.25,9885
RSWM,20110805,116,116,105.75,109.6,21217
RSYSTEMS,20110805,105,112.05,99,110.1,26473
RUBYMILLS,20110805,999,999,931,978.25,6474
RUCHINFRA,20110805,17.1,17.9,16.65,17.55,53864
RUCHIRA,20110805,9.1,10.35,9.05,9.65,2973
RUCHISOYA,20110805,94,95,91.35,94.15,168677
RUSHIL,20110805,98.7,119.05,95.2,107.7,2325941
SABTN,20110805,54.9,54.9,50.1,50.65,4161
SADBHAV,20110805,133,147.4,129.1,135.4,26111
SAGCEM,20110805,136,144,125,136.95,2128
SAHPETRO,20110805,33,33.75,31,32.6,22793
SAIL,20110805,115.8,116.2,110.1,114.65,3771949
SAKHTISUG,20110805,30.5,30.5,29.3,29.8,109562
SAKSOFT,20110805,68.65,71,67.65,70.75,4286
SAKUMA,20110805,16.3,16.3,15.3,16.25,5500
SALONACOT,20110805,18.05,25.2,18,19.5,6362
SALORAINTL,20110805,26.55,28,26.55,28,309
SALSTEEL,20110805,6.2,6.3,6,6.1,38233
SAMBHAAV,20110805,1.2,1.2,1.2,1.2,100
SANDESH,20110805,289,289,270,276.3,354
SANGAMIND,20110805,33.85,34.25,32,32.95,12681
SANGHIIND,20110805,12.55,13.7,12.55,13.65,12756
SANGHIPOLY,20110805,1.55,1.55,1.45,1.45,14070
SANGHVIFOR,20110805,32,32,28.95,30.45,23723
SANGHVIMOV,20110805,114.5,123.8,111.35,120.45,14409
SANWARIA,20110805,20.7,20.7,20,20,74913
SARDAEN,20110805,190,190,176.05,182.05,27342
SAREGAMA,20110805,66,66.5,61,64,38636
SASKEN,20110805,107,107.35,102.25,104.65,71381
SATHAISPAT,20110805,47,49.6,46.05,47.6,17534
SATYAMCOMP,20110805,75.3,77,71.8,74.4,4592657
SAVERA,20110805,37.2,41,37.2,40.1,1308
SBBJ,20110805,465.1,474,460.1,467.95,16986
SBIGETS,20110805,2382.1,2400,2370.05,2397.1,12221
SBIN,20110805,2205,2244,2180.5,2234.85,2016906
SBT,20110805,675,679,654.95,663.35,17194
SCI,20110805,97,97.5,93.1,95.35,351830
SEAMECLTD,20110805,106,109.5,104.8,108.35,12580
SEINVEST,20110805,13.75,13.75,13.1,13.1,61199
SELAN,20110805,324,324,305,312.8,89317
SELMCL,20110805,15.25,15.25,14.05,14.6,509393
SENTINEL,20110805,13.25,16.2,13.25,14.4,3899
SERVALL,20110805,7,7.35,5.9,7.1,90252
SESAGOA,20110805,252.6,257.3,241.3,248.25,4137571
SESHAPAPER,20110805,212.1,219.95,212.1,217.3,194
SGFL,20110805,5,5.6,5,5.5,380
SGJHL,20110805,166.9,166.9,152,159.8,82757
SGL,20110805,4.85,5,4.65,5,5398
SHAHALLOYS,20110805,11.5,11.8,10.8,11.15,2250
SHANTIGEAR,20110805,43.5,44.95,42,43.85,154693
SHARIABEES,20110805,116.2,116.2,114.5,115.4,1040
SHARRESLTD,20110805,45.25,53.95,45,50.7,3957
SHASUNPHAR,20110805,70,72.4,66.1,70.95,95072
SHILPAMED,20110805,231.25,242.45,210.1,240.05,9564
SHILPI,20110805,15.3,15.45,15.1,15.1,33286
SHIV-VANI,20110805,190.1,192,180.2,187,58020
SHIVAMAUTO,20110805,112,118,108.55,117.1,40
SHIVTEX,20110805,28,29,26.5,27.8,7232
SHLAKSHMI,20110805,73.8,75.75,71,73.85,33943
SHOPERSTOP,20110805,382,421.9,371,409.65,134380
SHPRE,20110805,5.15,5.65,5.15,5.25,5428
SHREEASHTA,20110805,4.45,4.45,4.1,4.35,6028350
SHREECEM,20110805,1710,1742.05,1675.1,1722.35,13066
SHREERAMA,20110805,5,5.2,5,5.05,9136
SHRENUJ,20110805,56,56.7,55.1,56.1,27862
SHREYANIND,20110805,20.35,20.35,18.55,20.15,1760
SHREYAS,20110805,31.15,32.3,28.65,31.15,8109
SHRIRAMCIT,20110805,550,559.45,550,554.75,8700
SHRIRAMEPC,20110805,125,134.6,122.5,131.55,10014
SHYAMTEL,20110805,40.05,41.75,39,40.2,21613
SICAGEN,20110805,21.5,21.95,21,21.1,30218
SICAL,20110805,79.55,80.2,79.1,79.75,118507
SIEMENS,20110805,890.2,899.95,875,894.95,140627
SILINV,20110805,92,92,89.9,90,592
SIMBHSUGAR,20110805,39.35,41.65,39,41.1,53616
SIMPLEX,20110805,95.2,98.8,90,94.65,2304
SIMPLEXINF,20110805,295,302,273.1,291.95,18837
SINTEX,20110805,155,159.1,148.9,157.75,1531598
SIRPAPER,20110805,52,55.2,52,53,33261
SITASHREE,20110805,7.65,8.1,7.6,7.95,29164
SIYSIL,20110805,345,370,337,364.8,3827
SJVN,20110805,21.7,22.2,21.7,22.05,370207
SKFINDIA,20110805,647,662,622,653.55,23027
SKMEGGPROD,20110805,8.15,8.25,6.85,7.9,23560
SKSMICRO,20110805,379.9,394.7,368.65,390.15,398331
SKUMARSYNF,20110805,54.5,55.1,49.25,53.4,3752991
SMARTLINK,20110805,42,44.25,40,43.4,61072
SMLISUZU,20110805,360,364.9,350,359.5,901
SMOBILITY,20110805,102.5,104.7,99.25,100.8,23070
SMPL,20110805,8.1,8.4,7.5,8.1,224777
SMSPHARMA,20110805,182,184.8,180,182.5,727
SOBHA,20110805,249.95,259.6,243.3,253.65,58935
SOFTTECHGR,20110805,5.2,5.2,4.55,5.15,473
SOLARINDS,20110805,715,723,706,713.45,1160
SOMANYCERA,20110805,50,52.25,48.5,51.4,8573
SOMATEX,20110805,6.35,6.9,6.1,6.25,9808
SONASTEER,20110805,16.05,16.1,15.5,15.9,215471
SONATSOFTW,20110805,34,34.45,32.1,33.35,325305
SOTL,20110805,615,670,582,648.5,55187
SOUISPAT,20110805,8,8,7.6,7.6,77420
SOUTHBANK,20110805,21,22,20.8,21.85,4343260
SPANCO,20110805,128,132.5,107.7,128.95,58930
SPARC,20110805,86.1,87,83.5,85.1,102411
SPECTACLE,20110805,15.25,15.45,14.2,15.1,3267
SPENTEX,20110805,11.9,12.45,11.55,11.65,26863
SPIC,20110805,30.6,30.8,28.75,30.05,1920115
SPLIL,20110805,3.45,3.7,3,3.35,17419
SPMLINFRA,20110805,150,158,144,151.95,8535
SPYL,20110805,25,26.05,23.5,24.5,13356
SREINFRA,20110805,44,44.2,42.3,43.35,952025
SRF,20110805,305,314.5,300.4,310.45,110208
SRGINFOTEC,20110805,0.5,0.6,0.5,0.55,20729
SRHHLINDST,20110805,3.5,3.7,3.5,3.65,247
SRHHYPOLTD,20110805,42,42,40.05,40.9,1352
SRICHAMUND,20110805,38,38,38,38,500
SRTRANSFIN,20110805,585,612,555.55,609.3,568921
SSWL,20110805,271.45,271.45,253,265.7,23891
STAR,20110805,351,355.9,340.6,349.9,76327
STARPAPER,20110805,21.6,22.3,20.75,21.7,2473
STCINDIA,20110805,187.1,189.95,181.15,186.25,98727
STER,20110805,145.1,146,137.5,141.45,14339532
STERLINBIO,20110805,81.5,82.75,78.25,79.8,571538
STERTOOLS,20110805,114,116.5,114,114,4344
STRTECH,20110805,49,49,45.6,47.6,1244480
SUBEX,20110805,54.55,54.9,50.75,52.9,1198331
SUDAR,20110805,101,101.75,95.1,96.65,137148
SUDARSCHEM,20110805,700,700,700,700,81
SUJANATOW,20110805,26.5,26.5,21.9,25.3,2003421
SUJANAUNI,20110805,5.45,6,5,5.2,44840
SUMEETINDS,20110805,29.15,29.85,28.7,29,124157
SUMMITSEC,20110805,71.1,85.95,71.1,80.75,764
SUNCLAYTON,20110805,149.9,149.9,140,142.6,6090
SUNDARAM,20110805,42.6,43,42,42.05,116475
SUNDARMFIN,20110805,534.5,538.3,516.25,530.1,7841
SUNDRMBRAK,20110805,155,164.8,152.15,161.7,1098
SUNDRMFAST,20110805,55.1,60.4,54.55,58.85,93269
SUNFLAG,20110805,27.3,28.25,26.9,27.95,251979
SUNILHITEC,20110805,101,103.5,95.35,99.1,22699
SUNPHARMA,20110805,485.1,504,485.1,499,2375131
SUNTECK,20110805,286.05,293.85,283.6,287.5,3872
SUNTV,20110805,301,307.5,290,302.85,774727
SUPER,20110805,195,200,190,200,312
SUPERSPIN,20110805,8.7,9.7,8.35,9.3,76861
SUPPETRO,20110805,72.4,74.4,71.9,72.8,354407
SUPRAJIT,20110805,18.2,19.95,16.05,19.4,35870
SUPREMEIND,20110805,193,206,193,204,91860
SUPREMEINF,20110805,263.1,273.35,252.5,268.8,20028
SURAJDIAMN,20110805,48,48.65,44.8,46.9,81905
SURANACORP,20110805,89.2,97.9,86,93.05,2982
SURANAIND,20110805,408,409,400,408.2,5957
SURANAT&P,20110805,15,15,14.5,14.8,5178
SURANAVEL,20110805,35.3,35.3,33,33.8,1626
SURYAJYOTI,20110805,26.05,27,22.75,24.2,60381
SURYALAXMI,20110805,58.05,61,58,59,17054
SURYAPHARM,20110805,18,18,15.35,17.35,217305
SURYAROSNI,20110805,74.2,74.2,70.1,71.3,10144
SUTLEJTEX,20110805,170.2,179,170.2,177.3,4415
SUVEN,20110805,17.95,18.75,17.05,17.5,70667
SUZLON,20110805,49.85,50.15,47.1,48.6,22781979
SWARAJENG,20110805,464,471,432.4,467.45,9857
SYMPHONY,20110805,1105,1154.7,1080.1,1143.55,821
SYNCOM,20110805,16.5,18.5,15.2,18.2,122832
SYNDIBANK,20110805,114,115.7,111.05,115,431011
TAINWALCHM,20110805,33.95,35.45,33.95,35.05,6920
TAJGVK,20110805,93.5,93.5,89.5,92.3,37285
TAKE,20110805,36.5,37.8,35.3,36.7,194744
TALBROAUTO,20110805,50,52.75,49.75,52.75,354
TALWALKARS,20110805,211.3,214.9,200,204.45,152234
TANFACIND,20110805,30.5,30.5,29,29,411
TANLA,20110805,12.05,12.75,11.9,12.25,371320
TANTIACONS,20110805,60,62.4,60,60.4,3549
TARAPUR,20110805,19.55,20,18.8,19.4,42892
TATACHEM,20110805,350,355.4,338,352.3,511651
TATACOFFEE,20110805,805,819.65,767.55,784.65,259565
TATACOMM,20110805,202.95,211.1,200,206.9,166063
TATAELXSI,20110805,224,224.95,219,221.6,45725
TATAGLOBAL,20110805,108.1,108.45,102.05,106.35,3814732
TATAINVEST,20110805,465.15,528,445.1,467.95,14800
TATAMETALI,20110805,84.5,85,81,82.65,31403
TATAMOTORS,20110805,879,892,870,889.6,2439670
TATAMTRDVR,20110805,500,500.9,480,487.5,729761
TATAPOWER,20110805,1244,1264.2,1227,1233.35,278987
TATASPONGE,20110805,320,320.75,305,313.5,17127
TATASTEEL,20110805,546.5,546.5,527,532.95,4924321
TCI,20110805,91,91.7,84.25,85.8,57972
TCIDEVELOP,20110805,181,187,169,174.4,473
TCS,20110805,1073.15,1074,1028,1057.95,2634694
TECHM,20110805,755,772.1,720.05,732.05,147981
TECHNO,20110805,229.45,232,225,230.3,49035
TECHNOFAB,20110805,134,138.5,131,136.95,9481
TECPRO,20110805,271.05,277.75,260.05,272.1,14745
TELEDATAIT,20110805,0.35,0.4,0.3,0.35,1247962
TELEMARINE,20110805,0.75,0.75,0.65,0.7,80006
TEXMACOLTD,20110805,30,30.05,27.8,29.45,465540
TEXMOPIPES,20110805,46.7,46.7,42.75,43.8,141717
TEXRAIL,20110805,82.7,89,80.25,86.9,65270
TFCILTD,20110805,29.1,29.1,28.15,28.6,78287
TFL,20110805,18,18.3,18,18,3020
THANGAMAYL,20110805,152.9,154,149.5,150.85,44656
THEMISMED,20110805,140,144.85,137.25,144.85,798
THERMAX,20110805,500,527.2,485.25,520.5,167151
THINKSOFT,20110805,46,46,40.3,41.95,198264
THIRUSUGAR,20110805,87.2,91,87.05,91,90
THOMASCOOK,20110805,47.2,48,46.1,46.95,219833
TI,20110805,44.45,44.45,37.95,42.55,326243
TIDEWATER,20110805,7210,7300,6975,7102.55,2077
TIIL,20110805,44.05,47,42.65,45.85,24406
TIL,20110805,410,417,400,409.5,2498
TIMBOR,20110805,38.1,39.3,38.05,38.1,70469
TIMESGTY,20110805,33.95,34,32.05,32.15,33
TIMETECHNO,20110805,67,68.9,66,68.05,163987
TIMKEN,20110805,224.45,226.4,214.3,222.25,185680
TINPLATE,20110805,55.5,56.55,54,54.65,87449
TIPSINDLTD,20110805,27.1,27.5,26.3,27,12055
TIRUMALCHM,20110805,80.1,86,80.1,85.1,2284
TITAN,20110805,218,219.15,205.55,213.95,5267450
TNPETRO,20110805,16,16.35,16,16.25,64457
TNPL,20110805,111,112,104.75,106.6,115188
TODAYS,20110805,6.6,6.95,6,6.3,13998
TOKYOPLAST,20110805,16.05,16.25,16,16,471
TORNTPHARM,20110805,630,643.8,612.2,631.4,15352
TORNTPOWER,20110805,230,230,221,223.85,381919
TRENT,20110805,1190.9,1190.9,1161,1167.7,27714
TRF,20110805,337.7,348,317,333.4,37437
TRICOM,20110805,13.85,14.1,13.6,13.95,7552
TRIDENT,20110805,12.5,12.85,12.3,12.4,244505
TRIGYN,20110805,15.65,15.65,15.4,15.5,5281
TRIL,20110805,245.3,250,240.55,245.25,13687
TRIVENI,20110805,32,32.5,29.5,30.25,410556
TTKHEALTH,20110805,536,541.4,500.5,515.6,162481
TTKPRESTIG,20110805,2678.3,2744,2557,2668.75,179857
TTL,20110805,25.55,27.9,25.25,25.6,22761
TTML,20110805,20.35,21.05,19.8,20.85,3739833
TUBEINVEST,20110805,152.25,157,149.5,154.65,192289
TULIP,20110805,150.6,154,146,151.4,115010
TULSI,20110805,14.5,14.5,13.3,13.75,189453
TULSYAN,20110805,45.4,45.4,41.3,43,1559
TV18BRDCST,20110805,63.6,65.5,63.15,64.5,458675
TVSELECT,20110805,24.5,24.5,22.25,22.45,13536
TVSMOTOR,20110805,51.75,52.75,50.05,52.25,2571406
TVSSRICHAK,20110805,362.05,378,340,374.55,3186
TVTODAY,20110805,58.9,58.9,57.1,58.4,36713
TWILITAKA,20110805,48,48.05,44.35,46.55,34007
TWL,20110805,415,415,395,402.2,26382
UBENGG,20110805,63.85,63.85,56.1,60.7,64095
UBHOLDINGS,20110805,127.05,131.5,117.15,128.25,1001928
UBL,20110805,468,484,458,473.65,138527
UCALFUEL,20110805,77.9,78,75.2,75.75,15208
UCOBANK,20110805,78,78.95,75.5,78.4,1341136
UFLEX,20110805,199,208.7,192.6,201.45,1057406
UGARSUGAR,20110805,13.5,14.4,13.15,13.65,39674
ULTRACEMCO,20110805,1000,1013.65,985.2,1000.45,44864
UMESLTD,20110805,22.05,23.55,19.8,22,31948
UNICHEMLAB,20110805,140,148.5,136.1,146.3,23301
UNIENTER,20110805,26,27.95,25.75,26.95,13357
UNIONBANK,20110805,275.1,284.7,264,280.2,965199
UNIPHOS,20110805,150.8,156.95,143.2,154.35,2694515
UNIPLY,20110805,12.55,12.95,12.05,12.3,8960
UNITECH,20110805,29.5,29.9,27.5,29.4,29193975
UNITEDBNK,20110805,89,89,85.55,87.05,277580
UNITEDTEA,20110805,114.05,147,114.05,126.95,827
UNITY,20110805,55.1,57,53,54.7,76400
UNIVCABLES,20110805,53,55,52.3,54.1,1423
UPERGANGES,20110805,50,50,48.2,48.45,935
USHAMART,20110805,41.2,42,39,41.05,306998
USHERAGRO,20110805,132.25,136.95,128.05,135.5,360595
UTISUNDER,20110805,875,908.9,826.5,903.99,183
UTTAMSTL,20110805,97.2,97.2,90.3,93.3,83500
UTTAMSUGAR,20110805,32.5,34.9,32.15,34.05,8515
UTVSOF,20110805,953,961.9,941.7,958.15,134607
VADILALIND,20110805,146.75,154.85,141.1,149.9,11051
VAIBHAVGEM,20110805,39,42.65,39,40,4928
VAKRANSOFT,20110805,380.05,383.9,380,380.15,23952
VALECHAENG,20110805,75.6,75.6,72,73.7,32533
VALUEIND,20110805,17.3,18.15,17.25,17.85,7222
VARDHACRLC,20110805,9.4,9.95,9.25,9.6,96961
VARDMNPOLY,20110805,106,107,95.1,100.85,73465
VARUN,20110805,249,249.8,235,244.45,181384
VARUNSHIP,20110805,22.5,22.75,20.4,22.05,123076
VASCONEQ,20110805,60.3,63,60,61.95,9792
VENKEYS,20110805,565,568.35,540,553.4,61645
VENUSREM,20110805,230,230,216,223.6,16705
VESUVIUS,20110805,391.1,396,375,379.7,3887
VGUARD,20110805,220,223.85,215.1,219.6,134693
VHL,20110805,390,390,381.1,383.75,92
VICEROY,20110805,32.7,33.2,31.1,32.55,52397
VIDEOIND,20110805,181.6,187,180.9,182.9,517051
VIJAYABANK,20110805,59.5,60.8,57.6,59.75,2145367
VIJSHAN,20110805,16,17,15.5,16.5,4140
VIKASHMET,20110805,11.8,11.8,10.65,11.1,121863
VINATIORGA,20110805,69,69,67.05,68.2,12774
VINDHYATEL,20110805,161,161,144,147,1419
VINYLINDIA,20110805,11,11.5,10.5,10.55,1694
VIPIND,20110805,732.35,768.8,702,763.05,1289859
VIPUL,20110805,10.8,11.5,9.6,10,107331
VISAKAIND,20110805,94,97.95,89.05,90.25,27450
VISASTEEL,20110805,57,57.95,55,57.55,56674
VISESHINFO,20110805,7.55,7.6,7.3,7.5,5269
VISHALRET,20110805,28.7,28.95,27,27.85,92413
VISUINTL,20110805,2.6,2.9,2.55,2.6,8723
VIVIMEDLAB,20110805,280,280,265,277.35,28955
VLSFINANCE,20110805,12.5,12.5,11.8,12,49865
VOLTAMP,20110805,497,500,476,484.1,32346
VOLTAS,20110805,125,132.4,123.5,131.5,1466783
VSTIND,20110805,1060.25,1230,1060.25,1208.8,72361
VSTTILLERS,20110805,500,520,480.1,505.75,2095
VTL,20110805,199,202,185,196,35532
VTXIND,20110805,16,16,15.5,16,2100
WABAG,20110805,1252.1,1305.7,1222.5,1248.45,1968
WABCO-TVS,20110805,1260,1290,1236.1,1279.6,834
WALCHANNAG,20110805,105.2,108,102.45,104.65,48403
WANBURY,20110805,27,27.8,26.3,27.3,12899
WEBELSOLAR,20110805,55.1,60,51.5,54.2,30963
WEIZFOREX,20110805,76.1,86.7,75,81.15,2520
WEIZMANIND,20110805,11,11,10,10.5,10784
WELCORP,20110805,145,145.85,140,143.4,270047
WELINV,20110805,53.1,63.9,53.1,58.25,1652
WELPROJ,20110805,54,55.4,51.25,54.15,29212
WELSPUNIND,20110805,36.1,39,36.1,37.35,70438
WENDT,20110805,1752,1812,1752,1783.1,1123
WHEELS,20110805,257.05,299,257.05,276,1670
WHIRLPOOL,20110805,215,218,207.15,214.6,34049
WIPRO,20110805,362.05,370.7,359.05,367.3,1343064
WOCKPHARMA,20110805,422,435.35,395.3,424.45,608714
WSI,20110805,18.7,19.5,18,18,906
WSTCSTPAPR,20110805,79.65,80,75.05,79.35,27610
WWIL,20110805,7.75,8,7.45,7.7,1146970
WYETH,20110805,989,999.95,951,973.45,3889
XLENERGY,20110805,7.5,8.15,7.2,8,60646
XPROINDIA,20110805,55.1,55.8,51.5,54.6,51488
YESBANK,20110805,300.5,303.6,290.2,301.45,3450041
ZANDUREALT,20110805,1950,1957.9,1902,1917.7,1917
ZEEL,20110805,124.6,129.2,123.1,128.3,2376453
ZEELEARN,20110805,21.2,21.65,20,21.35,654623
ZEENEWS,20110805,11.6,12.85,11.6,12.8,825359
ZENITHBIR,20110805,5.1,5.75,5.05,5.55,209696
ZENITHCOMP,20110805,16.45,16.55,15.7,15.8,10886
ZENITHEXPO,20110805,57.4,57.4,52.15,52.15,76
ZENITHINFO,20110805,195,198.85,191,196,169
ZENSARTECH,20110805,136,139,134,138.2,17557
ZICOM,20110805,35.1,39.9,34.3,38.4,44339
ZODIACLOTH,20110805,363.3,363.3,343.1,353.05,1767
ZODJRDMKJ,20110805,25.5,25.5,24.05,24.95,1928
ZUARIAGRO,20110805,655,680,636.35,659.6,7418
ZYDUSWELL,20110805,580,604.5,568,599.75,34431
ZYLOG,20110805,415,419,402,411.3,127830
NSENIFTY,20110805,5204.35,5229.65,5116.45,5211.25,196016865,7543.44
NIFTYJUNIOR,20110805,10457.75,10554.35,10322.05,10542.05,100588437,2137.16
BANKNIFTY,20110805,10306.10,10392.25,10150.30,10354.50,21688986,1746.47
NSEMIDCAP,20110805,7826.55,7826.55,7532.90,7691.15,173716517,2031.28
NSEIT,20110805,6022.40,6022.40,5770.30,5911.55,18654549,1112.73
NSE100,20110805,5146.20,5149.15,5044.35,5138.95,296605302,9680.60
NSE500,20110805,4242.60,4242.60,4144.30,4220.50,670433823,13074.25
MIDCAP50,20110805,2266.95,2289.40,2221.70,2284.75,119392776,1229.87
VIX,20110805,20.22,26.40,19.84,24.90,20.22,4.68
