20MICRONS,20110606,48,49.3,48,48.9,15881
3IINFOTECH,20110606,48.5,48.55,47.4,47.75,1588094
3MINDIA,20110606,4000,4045,3912,3950.45,300
A2ZMES,20110606,226.85,230,223.25,225.25,28938
AANJANEYA,20110606,358,382,339.7,376.7,5971601
AARTIDRUGS,20110606,135,135,131.3,132,2521
AARTIIND,20110606,54,54,52,52.7,58539
AARVEEDEN,20110606,59.5,59.5,54.5,54.75,2671
ABAN,20110606,568,573.3,558.2,570.45,406715
ABB,20110606,850,861,844.5,848.65,32919
ABBOTINDIA,20110606,1470,1470,1390,1424.8,2123
ABCIL,20110606,116.5,116.5,114.5,114.55,1646
ABGSHIP,20110606,373.65,374.8,365.6,369.2,88816
ABHISHEK,20110606,15.95,16,15.2,15.6,8092
ABIRLANUVO,20110606,919.95,919.95,894.2,905.1,57713
ACC,20110606,1025.15,1049,1017.4,1040.6,133787
ACE,20110606,43.6,46.5,43.5,45.1,269698
ACKRUTI,20110606,198,203,197.4,200.15,4396
ACROPETAL,20110606,22.4,22.4,21.95,22.05,398836
ADANIENT,20110606,617.2,617.2,596.05,603,201157
ADANIPOWER,20110606,113.9,114.7,110.7,112.75,456757
ADFFOODS,20110606,56.9,56.9,55.1,56,2531
ADHUNIK,20110606,83.95,83.95,81.6,81.95,21763
ADORWELD,20110606,167.15,169,166.1,167.35,1356
ADSL,20110606,48.7,48.7,46.65,47,126743
ADVANIHOTR,20110606,39,39,35.15,36,1310
ADVANTA,20110606,242,245.5,239.05,240.45,38931
AEGISCHEM,20110606,227,227,221.6,224,6082
AFL,20110606,45.4,45.95,44.6,44.8,27295
AFTEK,20110606,13,13.3,12.85,12.95,59837
AGCNET,20110606,161.3,167.1,161.25,162.9,482
AHLEAST,20110606,330,330,322,324.95,1902
AHLUCONT,20110606,117.05,119,117.05,117.75,2760
AHLWEST,20110606,189.7,199,189.7,198.6,1453
AHMEDFORGE,20110606,126.25,130.5,124.2,128.7,51967
AIAENG,20110606,371.95,371.95,361,363.1,865
AJANTPHARM,20110606,279.7,295,278,291.55,228354
AJMERA,20110606,153.1,156.55,151.65,154.4,12956
AKZOINDIA,20110606,920,925,895,905.1,9558
ALBK,20110606,198,201.4,196.85,200.7,241508
ALCHEM,20110606,231.5,232.5,230.05,230.55,100894
ALEMBICLTD,20110606,19.8,19.8,19.4,19.5,35027
ALFALAVAL,20110606,1454,1469.65,1429.15,1450.5,218
ALKALI,20110606,50.8,50.8,49.5,49.95,5528
ALKYLAMINE,20110606,81.2,84.9,81.2,84,6
ALLCARGO,20110606,165.15,165.15,160.25,164,2762
ALLSEC,20110606,21.6,22.45,21.45,21.45,211
ALMONDZ,20110606,27.4,28,27.4,27.4,143
ALOKTEXT,20110606,26.2,27.5,26.1,27.35,13732674
ALPA,20110606,10.55,10.55,10.55,10.55,455
ALPHAGEO,20110606,105.45,105.45,100.3,101.45,624
AMAR,20110606,110,112.4,109.75,111.3,150984
AMARAJABAT,20110606,210,212,206.45,210.1,17559
AMARJOTHI,20110606,63,63,63,63,18
AMBIKCO,20110606,182.15,194.8,182.1,188.55,5150
AMBUJACEM,20110606,142.35,144.5,139.65,142.8,1627269
AMDIND,20110606,17.7,18,17.65,17.8,7109
AMLSTEEL,20110606,15.75,15.75,15.75,15.75,5
AMRUTANJAN,20110606,719,727,712.35,715,22187
AMTEKAUTO,20110606,170.45,170.45,168.1,169.75,166818
AMTEKINDIA,20110606,84.9,85.55,84.1,85.15,462964
ANANTRAJ,20110606,71.5,71.5,70,70.9,334866
ANDHRABANK,20110606,144.65,145.9,143.55,144.95,321855
ANDHRACEMT,20110606,12.95,12.95,12.5,12.6,29405
ANDHRSUGAR,20110606,97.95,97.95,95.6,97,3158
ANIKINDS,20110606,40.35,40.35,38.1,38.9,904
ANKURDRUGS,20110606,40,41,39.3,39.95,26354
ANSALAPI,20110606,41.2,41.8,40.25,41.5,102989
ANSALHSG,20110606,42.85,42.85,42.15,42.2,1026
ANTGRAPHIC,20110606,0.25,0.3,0.25,0.3,45704
APARINDS,20110606,212.05,216.85,212,214.9,1966
APCOTEXIND,20110606,191,191,183.1,187.15,660
APIL,20110606,567.35,573.4,562,570.7,46155
APLAB,20110606,38,40,38,38.05,359
APOLLOHOSP,20110606,485.9,490,482,488.75,28390
APOLLOTYRE,20110606,69.5,70.75,68.95,70.05,962177
APPAPER,20110606,358.1,362,357,360.25,73534
APTECHT,20110606,98,100.1,96.8,99.35,436776
AQUA,20110606,16.55,17.05,16.35,16.95,138812
ARCHIDPLY,20110606,14.35,14.6,14.05,14.45,1775
ARCHIES,20110606,41,41.45,40.1,40.7,64334
AREVAT&D,20110606,255.15,264.9,254.2,262.85,63340
ARIES,20110606,108.25,110.9,108.25,109.1,352
ARIHANT,20110606,62.9,62.9,62.9,62.9,2
ARL,20110606,2.25,2.4,2.25,2.3,138191
AROGRANITE,20110606,42.3,43.45,41.15,42.75,3297
ARROWTEX,20110606,9.5,9.5,8.7,9.05,2492
ARSHIYA,20110606,174.35,176,170.15,173,4339
ARSSINFRA,20110606,449.35,450.9,440.5,447.15,230199
ARVIND,20110606,83.4,87.85,83.2,87.15,5187879
ASAHIINDIA,20110606,83.5,84,82.5,83.1,8972
ASAL,20110606,85.5,86.5,83.35,85.15,2693
ASHAPURMIN,20110606,22.1,22.15,21.1,21.3,94790
ASHIMASYN,20110606,6.05,6.1,6.05,6.1,4000
ASHOKA,20110606,256.25,262,256.25,260,152
ASHOKLEY,20110606,51.3,51.5,49.5,51.1,5454383
ASIANELEC,20110606,11.85,12,11.3,11.45,40540
ASIANHOTNR,20110606,202.1,206.5,200.5,201.1,2975
ASIANPAINT,20110606,3160.2,3188.85,3141.25,3170.05,46291
ASIANTILES,20110606,46.5,48,45.6,46.95,110
ASSAMCO,20110606,16.2,16.35,15.95,16.2,266884
ASTEC,20110606,48.45,49,47.4,47.65,3316
ASTRAL,20110606,182.85,182.85,176.1,177.3,2938
ASTRAMICRO,20110606,30,30.3,29.2,29.5,37235
ASTRAZEN,20110606,1257.95,1257.95,1225,1241.1,19
ATFL,20110606,362.2,367.7,362.2,365.5,538
ATLANTA,20110606,72.1,74.15,72,72.9,93786
ATLASCYCLE,20110606,250.7,257.2,248.35,251.7,31597
ATNINTER,20110606,1.1,1.2,1.1,1.15,2979
ATUL,20110606,177.15,177.25,173.5,174.25,21673
AURIONPRO,20110606,174.5,174.9,170.2,172.8,2425
AUROPHARMA,20110606,173.25,177.8,173.25,174.3,545969
AUSOMENT,20110606,45.6,46,45.6,46,210
AUSTRAL,20110606,3,3.1,3,3,179948
AUTOAXLES,20110606,425,425,410,419.95,442
AUTOIND,20110606,138.55,138.6,134.5,136.4,14551
AUTOLITIND,20110606,18.15,19.7,18.15,19.45,534
AVENTIS,20110606,1945,1965,1945,1965,192
AVTNPL,20110606,148,151.9,148,150.6,27865
AXIS-IT&T,20110606,65.5,68.7,65.5,68.45,906
AXISBANK,20110606,1242,1242,1208.15,1235.45,1886949
AXISGOLD,20110606,2246.65,2248,2222,2233.65,289
BAJAJ-AUTO,20110606,1360,1368.9,1338,1361.7,214882
BAJAJCORP,20110606,109.75,109.75,106,107.7,10734
BAJAJELEC,20110606,243.5,253.95,243.5,252.4,22194
BAJAJFINSV,20110606,508,508,496,502.25,33537
BAJAJHIND,20110606,66.75,66.85,65.1,66.4,566165
BAJAJHLDNG,20110606,762.15,768,762,766.6,9654
BAJFINANCE,20110606,620,641,611.35,614,5446
BALAJITELE,20110606,35,36.45,34.35,35.2,154619
BALAMINES,20110606,40.85,40.85,38.1,38.9,2705
BALKRISIND,20110606,149,150.2,146,150,49082
BALLARPUR,20110606,33,33,32.5,32.75,81372
BALMLAWRIE,20110606,592,593,581.5,584.2,2239
BALPHARMA,20110606,30.05,30.6,29.7,30.35,1156
BALRAMCHIN,20110606,61.55,62.3,60.25,60.7,416866
BANARISUG,20110606,580,580,566,576.85,50
BANCOINDIA,20110606,73.9,74,72,73.5,1768
BANG,20110606,34.8,35.55,34.15,35.5,3210
BANKBARODA,20110606,850.1,860,837.3,852.9,141956
BANKBEES,20110606,1087,1102.99,1076.5,1096.42,381
BANKINDIA,20110606,424.05,424.9,418.1,420.6,544954
BANSWRAS,20110606,138.05,139.9,138,138,166
BARTRONICS,20110606,63,63.85,61.6,62.5,80179
BASF,20110606,604.6,604.6,580.15,594.75,1224
BASML,20110606,92.5,94.9,90.4,90.75,1828
BATAINDIA,20110606,497.85,503.2,492.5,498.15,266863
BATLIBOI,20110606,23,24.4,21.55,22.85,1005
BAYERCROP,20110606,905,905,855,860.55,6643
BBL,20110606,963,967,957.05,959.5,1858
BBTC,20110606,417.95,417.95,400,400.7,1780
BEARDSELL,20110606,52.6,52.6,48.4,48.4,360
BEDMUTHA,20110606,117.9,133.4,116.1,124.9,253169
BEL,20110606,1655,1682,1655,1675.2,5738
BELLCERATL,20110606,15.5,15.5,14.75,14.75,156
BEML,20110606,610.95,610.95,596.65,598.45,55415
BEPL,20110606,33,33,32.5,32.7,12025
BERGEPAINT,20110606,101.4,113.45,99.5,110.45,1366756
BFINVEST,20110606,73.05,78.95,73.05,76.2,756
BFUTILITIE,20110606,730.05,746.65,730.05,741.75,116609
BGRENERGY,20110606,473.85,484.65,470.25,481.7,383995
BHAGWATIHO,20110606,92.5,92.95,90,91.25,1630
BHAGYNAGAR,20110606,18.5,18.75,18.3,18.5,5944
BHARATFORG,20110606,312,313.45,307.75,312.05,69191
BHARATGEAR,20110606,60.5,61.45,59.8,60.65,4494
BHARATRAS,20110606,113.05,117,110.85,112.95,555
BHARTIARTL,20110606,380.35,382.6,375.5,380,2540466
BHARTISHIP,20110606,136.75,137.4,135,135.25,55352
BHEL,20110606,1918,1918,1894,1914.3,312183
BHUSANSTL,20110606,459,461.5,446.4,453,217261
BIL,20110606,53.5,55.3,52.7,54,1354
BILENERGY,20110606,23.8,23.9,22,22.2,1817
BILPOWER,20110606,103.6,103.6,100.9,103,11825
BIMETAL,20110606,276.9,276.9,274.95,274.95,106
BINANIIND,20110606,152.25,185,152.25,179.3,42816
BINDALAGRO,20110606,90.7,91.75,89.5,90.1,415944
BIOCON,20110606,363.95,365.5,355,359.9,382191
BIRLACORPN,20110606,375,382,375,378.5,351
BIRLACOT,20110606,0.55,0.55,0.5,0.5,633375
BIRLAMONEY,20110606,23.6,23.6,23,23.5,7900
BLBLIMITED,20110606,7.25,7.25,7,7,65009
BLISSGVS,20110606,22.5,23.2,22.4,22.5,18313
BLKASHYAP,20110606,21.35,21.8,21.35,21.55,33575
BLUECHIP,20110606,1.2,1.2,1.15,1.15,8680
BLUEDART,20110606,1289,1339.7,1286.1,1316.7,3521
BLUESTARCO,20110606,319,319.4,315.1,316.15,5499
BLUESTINFO,20110606,96,96,91.2,92.85,38034
BOC,20110606,281,286.25,281,283.45,2268
BOMDYEING,20110606,363.65,375.45,354.2,369.95,755704
BOSCHLTD,20110606,7135.05,7214,7086,7169.1,1459
BPCL,20110606,621.7,621.7,610,612.05,306468
BRANDHOUSE,20110606,24,24.65,23.75,24.2,52117
BRFL,20110606,289.05,289.05,286.15,287,378305
BRIGADE,20110606,84,84,79.4,79.75,32645
BRITANNIA,20110606,447.25,452,433.15,447.65,90153
BSL,20110606,23.4,26.7,23.4,26.55,8718
BSLGOLDETF,20110606,2269.5,2269.5,2252,2266.6,465
BSTRANSCOM,20110606,134.85,138.45,131,134.25,115295
BURNPUR,20110606,8.3,8.3,7.9,8,12449
BVCL,20110606,17.15,18.45,17.15,18.15,1125
CADILAHC,20110606,852.75,913.75,852.75,887.45,5928
CAIRN,20110606,334,336.45,332.25,335.6,517976
CALSOFT,20110606,29.65,31.25,29.65,30.4,402
CAMBRIDGE,20110606,39.15,40,38.25,39.1,15640
CAMLIN,20110606,76.05,77.1,74.6,76.1,559485
CANBK,20110606,523.1,532.85,516.4,529.05,437934
CANDC,20110606,95.9,97,94,94.95,12947
CANFINHOME,20110606,111,114,108.3,109.05,25327
CANTABIL,20110606,35,36.3,33.85,34.5,19900
CARBORUNIV,20110606,260,266.9,260,263.4,258
CAROLINFO,20110606,172,178.6,172,173.15,707
CASTROL,20110606,496.85,498.5,488,496.2,24159
CCCL,20110606,31.8,34.5,31.55,33.05,109415
CCL,20110606,212.1,213.05,205.55,209.7,3867
CEATLTD,20110606,99.9,100.5,97.2,98.9,18033
CELEBRITY,20110606,10.25,12,10.25,11.35,25940
CELESTIAL,20110606,30.25,30.4,29.55,30,5773
CENTENKA,20110606,201.8,201.8,197,200.85,10583
CENTRALBK,20110606,119.5,119.5,114.05,118,475650
CENTUM,20110606,92.5,95.9,92.5,95.75,312
CENTURYPLY,20110606,67.5,68,66,66.15,45724
CENTURYTEX,20110606,325,326.25,316.55,323.55,424463
CERA,20110606,195,199.6,192.55,195.85,2690
CESC,20110606,283,283,276.1,277.15,162229
CHAMBLFERT,20110606,80.05,82.2,80,81.7,1902367
CHEMFALKAL,20110606,45.25,47.5,45.25,47.4,1161
CHEMPLAST,20110606,7.35,7.35,6.85,7.1,24558
CHENNPETRO,20110606,233.3,234.9,230.75,231.6,164126
CHESLINTEX,20110606,12.5,14.05,12.5,14.05,23
CHETTINAD,20110606,408,414.4,389,397.95,187
CHOLAFIN,20110606,157,160.75,156.1,159.4,13060
CILNOVA,20110606,18.2,18.2,16.75,17.2,28797
CINEMAX,20110606,36.5,37.9,35.2,35.65,91797
CINEVISTA,20110606,3.8,3.9,3.55,3.65,4111
CIPLA,20110606,325.95,332.5,324,331.7,1655179
CLASSIC,20110606,12.5,12.9,12.25,12.7,6370
CLNINDIA,20110606,707.75,712.65,707.5,708.45,505
CLUTCHAUTO,20110606,62.25,63,57.35,58.15,284085
CMAHENDRA,20110606,264.85,266.55,261.3,262.2,62070
CMC,20110606,2549,2577.6,2482,2524.85,82172
COALINDIA,20110606,392,399.8,390.35,393.9,2009110
COLPAL,20110606,909.4,923.9,909.4,914.2,32902
COMPUAGE,20110606,122.9,123.1,115,116.05,1113
CONCOR,20110606,1094.2,1148.5,1092.35,1136.4,12642
CONSOFINVT,20110606,71.65,72,71.25,72,604
CORAL-HUB,20110606,6.25,6.9,6.25,6.4,15655
CORDSCABLE,20110606,34.2,34.2,32.3,32.7,6130
COREPROTEC,20110606,276,287.95,275,285.9,159286
COROMANDEL,20110606,316.85,319,314.5,316.8,49734
CORPBANK,20110606,538,538,525.3,528.1,89766
COSMOFILMS,20110606,107.7,108,107,107.4,14791
COX&KINGS,20110606,378.5,413,375,400.8,246502
CPIL,20110606,335.2,335.2,330,330.35,2408
CREATIVEYE,20110606,5.5,5.7,5.4,5.4,2105
CRESTANI,20110606,51,52,50.1,51.35,28120
CREWBOS,20110606,103.4,103.4,100.6,100.95,78054
CRISIL,20110606,7065,7080,6990,7002.15,1089
CROMPGREAV,20110606,258.9,266.9,255.2,264.6,712681
CRONIMET,20110606,141,153.9,139.5,149.75,89997
CTE,20110606,11,11,10.75,11,3495
CUB,20110606,44.25,44.8,43.15,44.6,251608
CUBEXTUB,20110606,12.5,12.7,12.3,12.6,1228
CUMMINSIND,20110606,680.5,685.95,671.5,673.6,51791
CYBERTECH,20110606,14.4,14.4,14.4,14.4,400
DAAWAT,20110606,53,53.8,52,52.8,51329
DABUR,20110606,114.1,115.2,112.7,113.2,861936
DALMIABEL,20110606,159.05,170,158,158.45,4503
DALMIASUG,20110606,21,21.95,20.5,20.6,8387
DATAMATICS,20110606,27.65,28.9,27.65,28,1588
DBCORP,20110606,232.1,232.1,230,230.1,4791
DBREALTY,20110606,76,76,72.65,73.8,172239
DCB,20110606,58.75,60.2,57.1,59.45,2681737
DCHL,20110606,64.7,65.8,63.4,64.85,1752762
DCM,20110606,82,84.25,81.1,83.3,74200
DCMSRMCONS,20110606,43,43.8,42.5,42.8,164336
DCW,20110606,11.2,11.3,10.9,11.1,53420
DECCANCE,20110606,143.2,149.8,143.2,143.35,328
DEEPAKFERT,20110606,181,182,176.5,178.9,37879
DEEPAKNTR,20110606,179.1,182,178,180.9,180
DEEPIND,20110606,60.5,60.5,58.05,58.85,3450
DELTACORP,20110606,85.5,86.25,83.5,85.7,1676822
DEN,20110606,99.8,101.6,98.15,100.1,82597
DENABANK,20110606,92.15,92.9,91.05,92.3,814505
DENORA,20110606,83,83,81.5,82.05,3884
DENSO,20110606,73,73,72,72.7,98
DEWANHOUS,20110606,227.7,232,227.7,228.05,81855
DHAMPURSUG,20110606,55.5,56.3,54.55,54.9,44365
DHANBANK,20110606,120.8,121.75,119,119.35,138791
DHARSUGAR,20110606,34,36.7,33.7,34.6,1812
DHUNINV,20110606,69,70.25,69,70.25,44
DIAPOWER,20110606,163,164.9,162,162.55,4528
DICIND,20110606,255.8,258.45,254.2,255.05,1625
DIGJAM,20110606,11.95,12.7,11.8,12.5,100150
DISHMAN,20110606,94,94.5,93,94.1,24073
DISHTV,20110606,79,79.05,76.65,77.05,2367200
DIVISLAB,20110606,774.9,779.7,765,777.35,93046
DLF,20110606,231.1,234,229,232.5,3590741
DLINKINDIA,20110606,29,29.45,28.75,29,10481
DOLPHINOFF,20110606,137,137,131,135.05,7204
DPSCLTD,20110606,1905,1991,1905,1979.65,168
DPTL,20110606,151,155,151,153.35,2330
DREDGECORP,20110606,327,331.95,322.2,326.55,10371
DRREDDY,20110606,1565,1614.4,1560.05,1607.4,150904
DSKULKARNI,20110606,54.1,56,53.15,55.35,22281
DUNCANSIND,20110606,14.5,15,14.35,14.6,24413
DWARKESH,20110606,70.5,71.8,70.25,70.7,8821
DYNAMATECH,20110606,1377,1405,1350,1378.6,457
DYNASYS,20110606,0.75,0.8,0.75,0.75,9784
EASUNREYRL,20110606,81.6,82,80,80.2,6912
ECEIND,20110606,103.05,103.05,103,103,200
ECLERX,20110606,830,853.9,805,814.3,88261
EDELWEISS,20110606,35.9,36.35,34.15,34.6,379758
EDL,20110606,103.7,103.7,98.8,99.3,4461
EDSERV,20110606,140.8,142.9,139.5,140.4,88290
EDUCOMP,20110606,448,457.75,441.8,449.85,589745
EICHERMOT,20110606,1329.95,1354.85,1313.05,1333.35,3653
EIDPARRY,20110606,215.85,218.2,214.3,217.8,9279
EIHAHOTELS,20110606,149.9,149.9,142.45,142.55,712
EIHOTEL,20110606,84.45,84.6,82.9,83.45,24168
EIMCOELECO,20110606,237,237.85,231,232,625
EKC,20110606,87.5,92.3,87.05,91.25,638955
ELDERPHARM,20110606,369,384.9,360.3,362.7,41149
ELECON,20110606,69.1,69.85,68.6,69.2,19062
ELECTCAST,20110606,30.1,30.35,29.9,29.95,101320
ELECTHERM,20110606,169,178,169,173.9,448
ELFORGE,20110606,12.9,12.9,12.85,12.9,302
ELGIEQUIP,20110606,80.1,83.3,79.35,83.15,19075
EMAMIINFRA,20110606,30.75,31,30.5,30.75,9060
EMAMILTD,20110606,444,451.05,441.05,446.6,47189
EMCO,20110606,57,57,55.1,55.2,45102
EMKAY,20110606,50,52,49.5,52,20
EMMBI,20110606,12.65,14.7,12.65,13.7,69805
EMPEESUG,20110606,25,26.3,25,25.3,7557
ENERGYDEV,20110606,34.3,35.2,33.75,34.75,3254
ENGINERSIN,20110606,276,290.7,276,281.9,465654
ENIL,20110606,242.5,247.85,242.05,243.35,2193
ENTEGRA,20110606,23.45,23.95,23.15,23.55,3309
ERAINFRA,20110606,176.7,177.35,175.3,176.9,152410
EROSMEDIA,20110606,153.4,157.5,148.2,153.6,125579
ESABINDIA,20110606,489,489.95,475,478.2,499
ESCORTS,20110606,125.35,126.35,122.2,124.35,441135
ESL,20110606,9.2,9.25,9.05,9.15,72444
ESSAROIL,20110606,128.85,128.85,126,127.8,251695
ESSDEE,20110606,429.95,430,421.2,423.25,1792
ESSELPACK,20110606,38.15,46.45,38.15,46.1,391431
EUROCERA,20110606,25.4,25.75,24.2,24.75,1350
EUROMULTI,20110606,12.95,13,12.65,12.7,2005
EUROTEXIND,20110606,26,27.2,24.15,25.6,2931
EVEREADY,20110606,43.05,44.75,42.1,43,211785
EVERESTIND,20110606,149.9,149.9,145.9,147.1,2555
EVERONN,20110606,552,560,541.1,555.75,184316
EVINIX,20110606,1,1.1,1,1.05,167523
EXCELCROP,20110606,166.5,166.5,156,159.5,17570
EXCELINDUS,20110606,75.6,84.55,75.15,81.3,57660
EXCELINFO,20110606,27,27.35,26.55,26.75,18880
EXIDEIND,20110606,162.15,164.7,162.05,163.1,540667
FACT,20110606,40.75,41.35,40.3,41.05,40523
FAGBEARING,20110606,1120,1120,1100,1108.6,751
FARMAXIND,20110606,4.1,4.15,3.95,4,25761
FCH,20110606,137.6,140.4,137.6,138.65,60391
FCSSOFT,20110606,1,1.05,0.95,0.95,801838
FDC,20110606,94.5,99.35,94.5,99,17509
FEDDERLOYD,20110606,75.05,76,74.1,75.25,2269
FEDERALBNK,20110606,446.45,446.45,441.5,445,306906
FIEMIND,20110606,158.5,158.5,156.5,156.75,7955
FINANTECH,20110606,835.05,844.9,831,835.8,20141
FINCABLES,20110606,47,47.2,46.1,46.45,21376
FINPIPE,20110606,84.4,84.4,82,82.5,13630
FIRSTLEASE,20110606,88.5,89.35,86.1,87.4,14600
FIRSTWIN,20110606,16.1,16.8,16,16.15,1524
FKONCO,20110606,112.2,116,108.75,113.15,34197
FMGOETZE,20110606,250,265,249.8,263.95,26789
FORTIS,20110606,165,165.8,161.2,164.05,286978
FOSECOIND,20110606,520,538.9,516.1,522.85,295
FOURSOFT,20110606,14.7,14.8,14.25,14.3,8776
FSL,20110606,18.4,18.6,17.9,18.4,1413508
FTCSF5YGRO,20110606,12.65,13,12.65,12.7,1519
FUTUREVENT,20110606,8.05,8.5,8,8.35,1830412
GABRIEL,20110606,50,51.45,48.95,49.35,15427
GAEL,20110606,29.4,30,29,29.05,35114
GAIL,20110606,441.5,441.5,431.1,432.15,705184
GAL,20110606,13.8,14.15,13.8,14,4053
GALLANTT,20110606,17.45,17.45,16.75,17,2993
GALLISPAT,20110606,91,95,90.35,90.55,122704
GAMMNINFRA,20110606,16.3,16.45,16.2,16.25,86794
GAMMONIND,20110606,98.45,102.4,97,98.15,31136
GANDHITUBE,20110606,132.8,132.8,120.05,125.65,1310
GANESHHOUC,20110606,121.05,125.7,121.05,124.3,12698
GANGOTRI,20110606,6.2,6.85,6.1,6.3,7736
GARDENSILK,20110606,98.7,99.45,97.5,98.3,12125
GARWALLROP,20110606,63.5,63.5,61.6,62.7,6358
GARWOFFS,20110606,122,125,122,124.55,2074
GATI,20110606,63.85,64,62.8,63.4,48850
GDL,20110606,119.05,120.85,119,120.5,11420
GEECEE,20110606,40.25,40.25,40.25,40.25,526
GEINDSYS,20110606,183.1,189,183,184.1,1556
GEMINI,20110606,20.45,22.1,20.45,21.5,77424
GENESYS,20110606,227.85,234,226.1,232,27605
GENUSPOWER,20110606,14.45,14.5,14.2,14.3,29071
GEODESIC,20110606,79.45,79.9,78.7,79.45,88149
GEOJITBNPP,20110606,25,25.15,23.95,24.2,145637
GEOMETRIC,20110606,58.95,60.3,58.95,59.75,14906
GESHIP,20110606,298,298.5,291.35,293.35,66012
GHCL,20110606,39.5,39.85,39.35,39.5,16024
GICHSGFIN,20110606,116,116,114,114.3,54150
GILLANDERS,20110606,107,110.7,104,108.9,5048
GILLETTE,20110606,1846.05,1924.95,1830,1892.75,1195
GINNIFILA,20110606,10.15,10.7,10.15,10.35,8740
GIPCL,20110606,85.3,85.3,83.25,83.65,3735
GISOLUTION,20110606,15,15.45,14,14.8,6542
GITANJALI,20110606,292.1,293.3,284.4,290.75,2292209
GKB,20110606,42,42,38.05,38.6,450
GKWLIMITED,20110606,496,500,495,500,21
GLAXO,20110606,2410,2424.4,2355.1,2369,11704
GLENMARK,20110606,305.15,310,304,307.8,124800
GLFL,20110606,3.45,3.7,3.4,3.7,701
GLOBALVECT,20110606,23.65,24,22.85,23.5,597
GLOBUSSPR,20110606,145.6,148,143,145.9,3516
GLODYNE,20110606,370.05,409,370.05,398.9,91961
GLORY,20110606,3.85,3.85,3.7,3.75,164144
GMBREW,20110606,100,101.5,98.2,100.9,614
GMDCLTD,20110606,147.3,147.8,144.3,144.85,129652
GMRINFRA,20110606,33,33,31.85,32.3,1819215
GNFC,20110606,100.1,103,100.1,100.8,96959
GOACARBON,20110606,85,86,85,85.85,1811
GODFRYPHLP,20110606,2070,2070,2020.3,2025.2,196
GODREJCP,20110606,414,435.4,411,431.25,287400
GODREJIND,20110606,186,187.75,183.3,186.15,110745
GODREJPROP,20110606,669,669,655.35,666.65,2158
GOENKA,20110606,62.35,62.35,60.25,60.4,4312
GOKUL,20110606,94.1,94.65,92.55,92.65,2154
GOLDBEES,20110606,2187,2192.1,2183,2185.6,21829
GOLDENTOBC,20110606,74.05,74.05,73,73.05,1412
GOLDIAM,20110606,32.6,32.8,32,32.5,2590
GOLDINFRA,20110606,18.65,18.75,18.5,18.65,1110
GOLDSHARE,20110606,2187.15,2197.95,2185.2,2191.55,4668
GOLDTECH,20110606,8.45,8.45,8.2,8.4,7889
GPIL,20110606,170,171.95,168.5,170.65,17875
GPPL,20110606,66.75,67.75,65.05,67.15,91427
GRABALALK,20110606,29,29,28.5,28.6,1705
GRANULES,20110606,88,89,86.05,87.75,5024
GRAPHITE,20110606,92.1,95,92.1,93,65480
GRASIM,20110606,2290,2290,2262.1,2279.15,11080
GRAVITA,20110606,355,361,355,356.95,60873
GREAVESCOT,20110606,84.7,85.7,83.15,83.6,29165
GREENPLY,20110606,199.5,200,195,197.85,14266
GREENPOWER,20110606,20.5,20.9,20.1,20.3,56671
GRINDWELL,20110606,236,240,234.65,239.65,6810
GRUH,20110606,415,432.75,410.05,421.1,49244
GSFC,20110606,364,365,358.05,359.25,46594
GSKCONS,20110606,2336,2346,2315.55,2333.55,16642
GSLNOVA,20110606,3.5,3.75,3.5,3.55,6256
GSPL,20110606,100.3,100.45,98.8,99.25,413539
GSSAMERICA,20110606,194.7,194.7,185.4,187.55,41349
GTL,20110606,412,412,409.05,410.75,20903
GTLINFRA,20110606,32.7,32.75,32.35,32.6,319872
GTNIND,20110606,16.95,16.95,16.3,16.5,1222
GTNTEX,20110606,16.4,17.85,16.4,17.6,4378
GTOFFSHORE,20110606,231.8,232.75,227.6,230.25,22295
GUFICBIO,20110606,7.95,8,7.5,7.8,5877
GUJALKALI,20110606,142,144.5,141.35,143.65,39659
GUJAPOLLO,20110606,137.1,138,133.05,137.45,885
GUJFLUORO,20110606,366.1,367,360.05,362.95,5478
GUJNRECOKE,20110606,49.1,50.5,48.75,50,1110159
GUJNREDVR,20110606,24.6,25.2,24.2,24.8,20046
GUJRATGAS,20110606,386,389,376.5,379.1,18124
GULFOILCOR,20110606,80.75,84.25,80.05,83.5,135014
GVKPIL,20110606,22.6,22.6,22.05,22.35,3374976
HALONIX,20110606,77,80.5,76.6,79.8,1972
HANUNG,20110606,167,167.95,163.05,164.55,172980
HARITASEAT,20110606,64,68,64,66.15,41
HARRMALAYA,20110606,78,78.8,77.05,77.9,21597
HATHWAY,20110606,112,112.5,108.65,109.25,25624
HAVELLS,20110606,412.9,412.9,406.15,409.4,97152
HBLPOWER,20110606,19.25,19.6,19.15,19.45,8495
HBSTOCK,20110606,13,15.9,13,13.85,1966
HCC,20110606,31.4,31.4,30.6,30.95,2667134
HCIL,20110606,38.45,41.8,38.45,39,11604
HCL-INSYS,20110606,105,105.95,103.7,104.5,96661
HCLTECH,20110606,508.05,514,505.05,509.5,285294
HDFC,20110606,659.95,674.1,659.15,670.65,2854529
HDFCBANK,20110606,2345.3,2390,2345.3,2381.25,584280
HDFCMFGETF,20110606,2240,2240,2222.55,2230.9,2606
HDIL,20110606,161.5,170.45,160.65,169.1,6264304
HEG,20110606,233.65,233.85,231.2,232.85,4020
HEIDELBERG,20110606,41.25,41.8,41,41.2,19642
HELIOSMATH,20110606,36,36.95,34.55,35.7,34327
HERCULES,20110606,236.65,247,236.65,242.65,15814
HERITGFOOD,20110606,200,205,200,202.3,304
HEROHONDA,20110606,1869.95,1869.95,1836.05,1860.5,121572
HEXAWARE,20110606,67.5,67.5,65.75,66.45,409198
HFCL,20110606,17.85,17.85,17.2,17.55,1418909
HGSL,20110606,396.2,403.95,396.2,397.35,746
HIKAL,20110606,298,304.4,293.6,303.65,4384
HILTON,20110606,16,16.45,15.9,16.1,540
HIMATSEIDE,20110606,33.1,34.5,33.1,34.2,12744
HINDALCO,20110606,189,190.95,185,186.3,6845086
HINDCOMPOS,20110606,479.05,497.45,475.35,475.35,67
HINDCOPPER,20110606,276.8,282.9,275.6,278.45,61224
HINDDORROL,20110606,67.9,68.9,65.25,66.9,271188
HINDMOTORS,20110606,17.35,17.65,17.15,17.25,258955
HINDNATGLS,20110606,205,205,198,200.4,2122
HINDOILEXP,20110606,185,186.95,182.55,185.75,322373
HINDPETRO,20110606,377.1,377.95,366.5,370.6,346930
HINDUJAFO,20110606,79,79,77.2,77.6,922
HINDUJAVEN,20110606,274,276.4,272.15,276,975
HINDUNILVR,20110606,318.65,319.5,314.15,314.95,1227592
HINDZINC,20110606,131.7,133.85,131,133.05,603266
HIRECT,20110606,52.7,54.45,50.6,51.95,41936
HITACHIHOM,20110606,189.25,190,185.2,186,22267
HITECHGEAR,20110606,120.3,124.9,117,117.45,16193
HITECHPLAS,20110606,94,94,90.6,91,66
HMT,20110606,58.1,59.35,58.1,58.6,54067
HMVL,20110606,145.2,146.7,143.05,143.15,667
HNGSNGBEES,20110606,1370,1414.13,1361,1403.32,63
HOCL,20110606,35.15,35.6,34.6,35.15,23059
HONAUT,20110606,2448,2580,2353.2,2468.7,7706
HONDAPOWER,20110606,404,407.95,400.25,405.15,525
HOPFL,20110606,76,77.35,73.1,76.25,40967
HOTELEELA,20110606,39.5,39.6,39,39.45,138231
HOTELRUGBY,20110606,10.3,10.3,10.3,10.3,11
HOVS,20110606,87.6,88.85,86.05,87,3715
HSIL,20110606,168.5,168.5,163,166.65,54211
HTMEDIA,20110606,163.45,163.6,157.55,158.4,8715
HYDRBADIND,20110606,355.15,362,348.4,353.4,16066
HYDROS&S,20110606,22.55,24.35,22.55,23.45,103
IBN18,20110606,86.75,91.85,86.6,87.75,167331
IBPOW,20110606,20.8,20.9,20.2,20.3,154031
IBREALEST,20110606,115,116.7,113.4,115.95,1282633
IBSEC,20110606,14.8,14.8,14.2,14.3,271870
ICICIBANK,20110606,1040,1064,1035.5,1058.05,1462591
ICIL,20110606,13.5,13.5,12.5,13.05,1100
ICRA,20110606,1053.65,1069.3,1033.6,1050.9,27806
ICSA,20110606,116.1,117.8,115.05,116.65,41607
IDBI,20110606,129.75,131.4,127.8,131.15,1821164
IDEA,20110606,70,70.15,69.05,69.55,828282
IDFC,20110606,136,137.75,134.15,136.8,4680303
IFBAGRO,20110606,80,82.9,77.4,79.05,1276
IFBIND,20110606,113,114.8,110,110.75,34899
IFCI,20110606,46.9,47.45,46.35,47.2,3853245
IFGLREFRAC,20110606,35.1,35.5,33.05,33.25,1688
IGARASHI,20110606,55,55,50.7,51,759
IGL,20110606,341.5,350,338.1,339.85,283352
IITL,20110606,141.7,141.75,141.7,141.75,130
IL&FSENGG,20110606,164.7,164.7,160.15,160.95,5404
IL&FSTRANS,20110606,204,208,199,206.25,16327
IMPAL,20110606,672.05,682,672,675,1104
IMPEXFERRO,20110606,10.6,10.7,10.6,10.65,555
INDBANK,20110606,11.5,11.5,10.95,11,14360
INDHOTEL,20110606,81.9,82.3,80.6,81.3,536195
INDIABULLS,20110606,154.05,155.5,152.4,154,246229
INDIACEM,20110606,84.25,84.9,81.75,84.35,486976
INDIAGLYCO,20110606,106.15,113,106.15,110.65,15879
INDIAINFO,20110606,76.4,77.5,73.2,76.55,194895
INDIANB,20110606,220,221.7,215,217.95,208895
INDIANCARD,20110606,91.6,103.75,91.6,103.6,288
INDIANHUME,20110606,133,142.8,128.5,134.45,6570
INDLMETER,20110606,85,87.9,82,87.7,2082
INDNIPPON,20110606,255.1,259.95,255.1,257.65,1051
INDOASIFU,20110606,73.15,74.8,71.05,72.5,12093
INDOCO,20110606,421.2,422,418,419.8,356
INDORAMA,20110606,45,46.5,44.25,46.05,30498
INDOSOLAR,20110606,15.7,16.15,15.7,15.95,78939
INDOTECH,20110606,159.05,164.3,152.1,159.95,428748
INDOWIND,20110606,21.95,22.5,21,21.4,224476
INDRAMEDCO,20110606,35.25,37,35.15,36.65,19932
INDSWFTLAB,20110606,99.9,102.65,99.5,100.5,88946
INDSWFTLTD,20110606,33,33.4,32.1,32.35,54732
INDTERRAIN,20110606,128,131.9,111.3,119.45,109753
INDUSFILA,20110606,23.85,23.85,22.15,23,408
INDUSINDBK,20110606,266.9,268.85,264.8,265.75,329709
INEABS,20110606,542,543,526.55,540.65,687
INFINITE,20110606,143.75,143.9,140.15,141.05,9610
INFODRIVE,20110606,15.25,15.25,14.95,15,751
INFOMEDIA,20110606,19.6,20.35,19.4,19.55,12783
INFOSYSTCH,20110606,2822,2845.95,2795.15,2837.9,471158
INFOTECENT,20110606,141,142.9,139.5,142.05,405441
INFRABEES,20110606,300.6,300.6,296.65,296.65,41
INGERRAND,20110606,469,470,461.1,463,1562
INGVYSYABK,20110606,340.25,344.45,336.6,337.65,11775
INNOIND,20110606,98.75,102.75,96.55,98.5,430833
INOXLEISUR,20110606,45,46.5,45,45.45,51639
INSECTICID,20110606,295,309.9,294.2,302.1,98959
IOB,20110606,143.85,144.4,141.25,142.6,146203
IOC,20110606,323,325,316.1,319.65,301257
IOLCP,20110606,36,36,35.75,35.8,307
IPCALAB,20110606,343,343,337,339.3,116426
IPGETF,20110606,2255,2284.5,2246,2249.2,102
IPRINGLTD,20110606,87.35,87.4,84.9,86.55,18
IRB,20110606,154.95,156.5,152.6,155.5,441696
ISFT,20110606,64.05,65,63.6,64.65,537
ISMTLTD,20110606,41.9,41.9,40.05,40.75,48094
ISPATIND,20110606,20.8,21.2,20.5,21,1718792
ITC,20110606,193.5,194.5,191.25,192.8,2928508
ITDCEM,20110606,159,159.5,156.85,159.45,288
ITI,20110606,33,33,32.2,32.35,79660
IVC,20110606,35.4,35.4,33.5,34.35,20197
IVRCLAH,20110606,52.15,52.15,49.75,49.9,32699
IVRCLINFRA,20110606,70,70.15,67.55,68.55,1580584
J&KBANK,20110606,799,800,782.05,795.45,8917
JAGRAN,20110606,129.85,131.85,125.25,126,86236
JAGSNPHARM,20110606,15.25,15.65,15.25,15.3,2589
JAIBALAJI,20110606,182.7,214.9,182.7,205.85,985216
JAICORPLTD,20110606,135.6,137,132.2,132.85,406896
JAMNAAUTO,20110606,125,128.8,125,127.25,416
JAYAGROGN,20110606,88.5,88.5,84.25,85.15,5083
JAYBARMARU,20110606,81.1,82,81,81.15,2042
JAYNECOIND,20110606,23.8,23.9,22.55,23.3,91872
JAYSREETEA,20110606,165.65,171.9,164.1,167.45,74128
JBCHEPHARM,20110606,124,124.55,120.75,122.1,202315
JBFIND,20110606,164,168.55,162.7,167.4,54413
JBMA,20110606,76,76,74.25,75,2264
JENSONICOL,20110606,5,5.6,4.5,5.6,114742
JETAIRWAYS,20110606,452.25,452.3,444.2,448.75,238055
JHS,20110606,68.1,69.4,66.5,67.1,14577
JIKIND,20110606,7.6,8.15,7.35,8.05,2967
JINDALPHOT,20110606,160.1,164.1,160.1,161.05,48549
JINDALPOLY,20110606,339.45,349,335.35,343.55,306175
JINDALSAW,20110606,160.1,161.5,158.15,160.8,175822
JINDALSTEL,20110606,639,644.8,626.45,632,1142349
JINDALSWHL,20110606,1057.65,1060,1036.15,1047.85,19253
JINDCOT,20110606,104.4,107.4,102.5,102.7,180923
JINDRILL,20110606,447.3,459.8,447.3,451,2528
JINDWORLD,20110606,190.1,193.95,188.5,189.75,595
JISLJALEQS,20110606,166,166,161.3,161.85,644233
JKCEMENT,20110606,116,116,114.5,115.2,4324
JKIL,20110606,140,140.8,135.55,139.7,3901
JKLAKSHMI,20110606,48.9,48.9,47.1,47.5,29984
JKPAPER,20110606,49.9,49.9,48.55,48.7,48603
JKTYRE,20110606,99.9,100.75,98.15,99,74787
JMCPROJECT,20110606,138,144,138,142.1,864
JMFINANCIL,20110606,25.2,25.3,24.6,24.95,397483
JMTAUTOLTD,20110606,67.3,71,67.3,70.95,130
JOCIL,20110606,280,280,272.05,274.05,1328
JPASSOCIAT,20110606,84.2,84.4,81.8,82.75,7603534
JPINFRATEC,20110606,53.9,53.9,52,52.1,64043
JPPOWER,20110606,51.1,51.95,50.45,51.15,231027
JSL,20110606,99,100.5,97.5,99.85,229048
JSWENERGY,20110606,72.25,72.6,71.25,71.65,246023
JSWSTEEL,20110606,935,943.2,926.25,935.75,567267
JUBILANT,20110606,161,188.8,161,162.75,171027
JUBLFOOD,20110606,828.4,828.4,807.15,812.45,473743
JUBLINDS,20110606,180.05,183,175.6,178.55,6591
JUMBO,20110606,20.75,21.6,20.65,21.55,7927
JUNIORBEES,20110606,113.38,113.38,112,112.08,6226
JUPITER,20110606,22.7,23.2,22,22.1,177578
JYOTHYLAB,20110606,205,206.95,205,205.9,45329
JYOTISTRUC,20110606,92.25,92.25,88.25,90.3,94338
KABRAEXTRU,20110606,56.1,57.8,56.1,56.55,3631
KAJARIACER,20110606,89.25,90.5,88.2,89.95,21026
KAKATCEM,20110606,72,73,71.1,71.4,1092
KALECONSUL,20110606,79.7,79.7,78,79.05,5475
KALINDEE,20110606,105,110.5,104.25,106.4,305554
KALPATPOWR,20110606,123,123.6,122,122.3,40491
KAMATHOTEL,20110606,94.55,96.9,91.15,91.6,18579
KANDAGIRI,20110606,91.5,94.5,91.5,94.5,1500
KANORICHEM,20110606,48.3,49.95,48,49.55,82420
KANSAINER,20110606,880.25,910.1,878,891.15,1246
KARURVYSYA,20110606,414,414,410.3,411.05,19012
KAUSHALYA,20110606,10.05,10.3,10,10.1,4016
KAVVERITEL,20110606,132,136.25,131,135.7,97870
KBIL,20110606,550,550,550,550,25
KCP,20110606,24.45,25.1,24.45,24.95,4728
KCPSUGIND,20110606,15.7,15.7,15.2,15.35,25488
KEC,20110606,82.95,82.95,79,81.25,42219
KECL,20110606,45,45.05,43.5,44.3,1896
KEI,20110606,22.8,23,22.55,22.8,18880
KEMROCK,20110606,507.15,509.7,507.15,507.8,880
KERNEX,20110606,90,94.9,90,94,32948
KESARENT,20110606,46.5,46.5,46,46,240
KESORAMIND,20110606,195,195,182.7,185.6,2987
KFA,20110606,41.25,42.05,40.6,41.7,1261649
KGL,20110606,12.5,12.65,12.3,12.55,656755
KHAITANELE,20110606,107.2,110,107,107.05,6323
KHAITANLTD,20110606,30.9,30.9,28.6,28.6,174
KHANDSE,20110606,19.9,19.9,17.15,17.5,1445
KICL,20110606,728.95,728.95,680.05,708.2,1278
KIL,20110606,19,19,18.5,18.8,1997
KILITCH,20110606,59.2,59.2,58.5,58.5,278
KIRIINDUS,20110606,213.3,215.8,208.15,212,46469
KIRLOSBROS,20110606,142,147,142,145.3,1770
KIRLOSENG,20110606,124.8,125,120.95,123.6,2820
KIRLOSIND,20110606,296.1,296.1,296.1,296.1,2
KITPLYIND,20110606,4.2,4.25,3.85,4.05,7710
KKCL,20110606,568,568,555.3,560,903
KLGSYSTEL,20110606,52.5,53.5,51.3,51.75,14453
KLRF,20110606,30.25,30.25,29.2,29.2,1100
KMSUGAR,20110606,3.2,3.55,3.2,3.5,4300
KNRCON,20110606,120,120,117,118.05,1557
KOHINOOR,20110606,57.9,57.9,55,55.3,180657
KOLTEPATIL,20110606,46.65,46.85,46.1,46.45,7657
KOPDRUGS,20110606,7.8,7.9,7.2,7.25,2020
KOPRAN,20110606,23.2,23.75,22.7,22.8,37226
KOTAKBANK,20110606,432.3,443.9,432.3,442.9,1083485
KOTAKGOLD,20110606,2181.05,2189,2180,2183.8,13722
KOTAKNIFTY,20110606,560,561,555,561,116
KOTAKPSUBK,20110606,400,403,398,399.28,322
KOTARISUG,20110606,6.05,6.15,6,6.1,24173
KOTHARIPET,20110606,7.45,7.5,7.35,7.4,1681
KOTHARIPRO,20110606,519,519,425.15,434.7,399
KOUTONS,20110606,30,30.45,28.85,29.05,125575
KPIT,20110606,174,174.45,171.5,171.85,28017
KPRMILL,20110606,141.05,146.9,141.05,143.35,3798
KRBL,20110606,27.95,28.45,27.45,27.8,434378
KSBPUMPS,20110606,244.5,245,235.25,239.4,1511
KSCL,20110606,392.7,392.7,381.35,384.85,4082
KSE,20110606,198,201,197.85,198,603
KSERASERA,20110606,11.5,11.7,11.25,11.3,762118
KSK,20110606,110.6,111.5,110.55,110.75,30885
KSL,20110606,78.1,78.75,77.1,77.85,12339
KSOILS,20110606,26.6,26.6,25.5,25.8,3521870
KTIL,20110606,74.05,75.9,74,75,630
KTKBANK,20110606,115,115.1,113.1,113.9,201998
KWALITY,20110606,113.5,113.8,109.1,111.2,838624
LAKPRE,20110606,47,49,47,48.45,1113
LAKSHMIEFL,20110606,45,45.65,45,45.3,27680
LAKSHMIMIL,20110606,1851.15,1851.15,1823,1826.1,53
LAKSHVILAS,20110606,117,117,114.1,115.2,44419
LANCOIN,20110606,39.75,39.75,37.3,37.8,8355
LAOPALA,20110606,71.1,75.3,69,71.4,10242
LAXMIMACH,20110606,2147,2174.9,2085,2105.1,1330
LCCINFOTEC,20110606,0.85,0.85,0.7,0.75,20686
LGBBROSLTD,20110606,275,281.3,274,276.95,878
LGBFORGE,20110606,2.75,3.1,2.7,3,37489
LIBERTSHOE,20110606,89.1,90.45,87.5,88.2,17218
LICHSGFIN,20110606,226.5,230.7,226.4,228.4,3898546
LIQUIDBEES,20110606,1000.01,1000.01,999.99,999.99,65479
LITL,20110606,32.5,32.55,31.5,31.6,3925560
LLOYDELENG,20110606,56.05,56.05,54.65,54.95,16556
LLOYDSTEEL,20110606,19.5,20.3,18.6,19.5,8389787
LML,20110606,9.1,9.2,9,9.05,96598
LOGIXMICRO,20110606,18.55,19.45,16.4,19.05,4310
LOKESHMACH,20110606,42.05,42.75,42.05,42.35,410
LOVABLE,20110606,324,327.65,313.75,314.8,127390
LT,20110606,1700,1736.05,1699.1,1727.8,1231355
LUMAXIND,20110606,351,357.8,346.05,348.85,8583
LUMAXTECH,20110606,171.95,172,167.3,168.6,3803
LUPIN,20110606,451.25,451.65,442,443.3,861841
LYKALABS,20110606,19.4,20.45,19.4,19.7,10262
M&M,20110606,663,665,653.25,657.6,1293013
M&MFIN,20110606,662,670,661,664.85,64551
M100,20110606,8,8,7.76,7.83,57050
M50,20110606,75,75,72.8,73.45,13533
MAANALU,20110606,55,57.35,54.5,56.1,1486
MADHAV,20110606,18.05,18.05,17.7,17.85,732
MADHUCON,20110606,94.6,95,93.55,94.45,4670
MADRASCEM,20110606,90,90.65,87.4,87.7,233683
MADRASFERT,20110606,26.5,27.1,26.4,26.75,116203
MAGMA,20110606,74.4,74.45,73,74.15,32109
MAGNUM,20110606,6.05,6.15,6.05,6.15,238
MAHABANK,20110606,57.8,58.5,57.3,57.8,74609
MAHINDFORG,20110606,74.95,74.95,73.4,74.05,9374
MAHINDUGIN,20110606,50.1,50.4,50,50,6907
MAHLIFE,20110606,362.25,375,362.25,374.6,183130
MAHSCOOTER,20110606,351.2,368.45,345,359.2,908
MAHSEAMLES,20110606,356,359.8,356,358.4,15886
MALUPAPER,20110606,13.35,13.35,12.7,12.8,2353
MALWACOTT,20110606,37.25,38.75,37.2,38,750
MANAKSIA,20110606,74.1,74.5,73.55,74.35,6198
MANALIPETC,20110606,13.25,13.55,13.2,13.5,24733
MANAPPURAM,20110606,124.4,126.9,123.5,124.75,1376402
MANDHANA,20110606,180.95,180.95,180,180.25,43013
MANGALAM,20110606,13.1,13.55,13.1,13.3,1100
MANGCHEFER,20110606,33.1,33.7,32.8,33.35,148495
MANGLMCEM,20110606,119.8,119.8,115.15,115.6,36806
MANGTIMBER,20110606,18.3,18.3,17.85,18.25,4346
MANINDS,20110606,127.7,127.7,123.2,123.6,21678
MANINFRA,20110606,128.5,148,126.1,141.8,188629
MANJEERA,20110606,110.5,113.4,110.4,110.5,267
MANJUSHREE,20110606,79.2,79.7,77.7,77.95,1497
MANUGRAPH,20110606,47.1,47.2,46.15,46.8,6570
MARALOVER,20110606,14,14,13.5,13.85,3120
MARG,20110606,95.35,95.35,92.3,92.9,49525
MARICO,20110606,141,142.45,138.1,139.95,79971
MARKSANS,20110606,2.3,2.8,2.25,2.55,575044
MARUTI,20110606,1228,1238.9,1210,1232,186588
MASTEK,20110606,100.9,101.9,100.1,101.1,22568
MAWANASUG,20110606,22.6,23.15,22.3,22.6,7742
MAX,20110606,167,168.65,165,166.7,37701
MAXWELL,20110606,21.4,22.05,19.25,19.95,323737
MBECL,20110606,172.05,175.3,168.25,168.75,5872
MBLINFRA,20110606,159,162.7,157.65,158.65,41064
MCDHOLDING,20110606,90.75,92,89.05,89.45,8769
MCDOWELL-N,20110606,1034,1039,1025,1028.1,99013
MCLEODRUSS,20110606,257.75,262.75,252.95,261.7,988022
MEGASOFT,20110606,27,28.4,26.45,26.65,20795
MEGH,20110606,11.75,12.45,11.45,12.25,184883
MELSTAR,20110606,8.1,8.1,8.05,8.05,350
MERCK,20110606,597,605,596.95,598.9,1550
MHRIL,20110606,363.9,368,359.55,363.8,1059
MIC,20110606,18.4,18.4,17.7,17.9,212919
MICROSEC,20110606,39,39.6,38.6,38.7,9079
MICROTECH,20110606,133.25,137.95,133.05,134.5,10149
MID-DAY,20110606,5.85,6.05,5.8,6,24622
MINDAIND,20110606,250,263,245.55,253,626
MINDTREE,20110606,356,356,351.35,353.8,7591
MIRCELECTR,20110606,27.75,27.9,24.1,27.05,191841
MIRZAINT,20110606,22.5,22.9,22.35,22.8,20743
MLL,20110606,40.3,42,40.3,41.65,903684
MMFL,20110606,116,123.4,114.3,118.15,476
MMFSL,20110606,52,55.3,52,54.4,114475
MMTC,20110606,920,920,902.3,905.55,6156
MOIL,20110606,356,356.95,351.05,353,105367
MONNETISPA,20110606,508.75,508.75,496.15,505.7,6154
MONSANTO,20110606,1906.7,1942,1860,1890.95,8063
MORARJETEX,20110606,16,16.3,16,16.25,566
MOREPENLAB,20110606,5,5,4.9,4.95,54796
MOSERBAER,20110606,40.95,41.3,39.85,40.85,262568
MOTHERSUMI,20110606,229.9,234.2,227.5,228.75,9513
MOTILALOFS,20110606,106.65,106.65,102.55,103.5,15017
MOTOGENFIN,20110606,44.85,45.45,43.8,44.85,2541
MPHASIS,20110606,456.25,469.8,455.7,464.65,132066
MPSLTD,20110606,33.55,35.9,33.4,35.6,4808
MRF,20110606,6787,6841,6601.5,6749.75,5218
MRPL,20110606,76.6,78.4,76.25,77.65,1744796
MSPL,20110606,53,53,50,50.65,11223
MTNL,20110606,45.2,45.45,44.4,45,180955
MUDRA,20110606,53.5,54,53.5,53.8,7259
MUKANDENGG,20110606,29.4,30.9,29.4,30.4,3690
MUKANDLTD,20110606,44.7,44.7,44.1,44.45,8251
MUKTAARTS,20110606,40,40.45,38.65,39.05,16661
MUNDRAPORT,20110606,160.5,161.1,159.05,159.85,546378
MUNJALAU,20110606,131.05,133.5,131.05,132.25,857
MUNJALSHOW,20110606,58.05,60.4,58.05,59.9,15806
MURUDCERA,20110606,17.9,18.15,17.85,18.05,4208
MUTHOOTFIN,20110606,178.5,179.4,175,175.25,347137
MVL,20110606,29.9,29.9,26.6,26.95,84842
MVLIND,20110606,18.35,18.35,15.65,17.5,916
MYSOREBANK,20110606,632.8,636.7,630,630.5,857
N100,20110606,103.25,104.8,102,103.17,474
NAGARFERT,20110606,32.4,32.85,32.25,32.75,1663399
NAGREEKCAP,20110606,33.9,33.9,27.25,30,459
NAGREEKEXP,20110606,24.1,24.1,23.45,23.65,1520
NAHARINDUS,20110606,55.35,55.8,54.35,55.45,2518
NAHARINVST,20110606,31,32,29.45,30.1,2068
NAHARSPING,20110606,87.1,89.25,87,88.75,4665
NANDAN,20110606,2.6,2.65,2.6,2.6,224011
NATCOPHARM,20110606,282.9,286,278.6,282.8,35255
NATIONALUM,20110606,90.1,91,88.85,90.5,155853
NATNLSTEEL,20110606,19.9,20,19.05,19.1,69322
NAUKRI,20110606,699,702,686.05,700.7,442
NAVINFLUOR,20110606,289,289.35,286.1,288.55,2463
NAVNETPUBL,20110606,63.45,64.8,62.95,64.6,229110
NBVENTURES,20110606,227.3,227.3,223.05,224.45,4262
NCC,20110606,84.1,85.4,83.1,83.55,494061
NCLIND,20110606,37.7,38,36.85,37.55,29656
NDTV,20110606,62.85,74.25,60.7,70.7,2693661
NECLIFE,20110606,25.7,26.2,25.15,26,79223
NELCAST,20110606,96.5,97.55,93.25,95.4,5523
NELCO,20110606,73.7,74.6,72.8,73.6,19338
NEOCURE,20110606,2.7,2.85,2.7,2.85,392
NESCO,20110606,520.3,536,520.3,534.7,1223
NESTLEIND,20110606,4130,4150,4072.1,4141.25,7083
NET4,20110606,132,132,125.9,127.9,19345
NETWORK18,20110606,154,161.9,150.2,154.85,44351
NEULANDLAB,20110606,125.25,129.9,125,125.25,584
NEYVELILIG,20110606,103,103.8,101.2,102.85,165400
NFL,20110606,104,105.6,103.6,104.8,241913
NHPC,20110606,24.65,24.65,24.4,24.55,1074323
NICCO,20110606,2.25,2.35,2.2,2.25,15390
NIFTYBEES,20110606,561.3,562,556,561.23,15859
NIITLTD,20110606,56.8,57.15,54.65,55.15,129912
NIITTECH,20110606,188.4,191,187,189.05,26295
NILKAMAL,20110606,279,280,272.65,278.7,3234
NIPPOBATRY,20110606,426.25,430,426.25,427.8,105
NISSAN,20110606,2.8,2.8,2.7,2.7,18873
NITCO,20110606,61.1,61.75,59.6,60.5,14297
NITESHEST,20110606,24.6,24.95,24.4,24.45,18705
NITINFIRE,20110606,93.85,95.95,93.5,94.7,114311
NITINSPIN,20110606,10,10.2,10,10.05,7247
NMDC,20110606,265,267,261.25,263.05,47137
NOCIL,20110606,17.2,17.45,17.05,17.25,63615
NOIDATOLL,20110606,25.5,25.6,25.15,25.35,96665
NORBTEAEXP,20110606,6.4,6.85,6.4,6.85,1680
NRBBEARING,20110606,51.5,52.2,49.8,50.6,10951
NRC,20110606,5.25,6,5.25,5.45,9110
NSIL,20110606,780,783.7,770.05,771,51
NTPC,20110606,174.1,175.2,173,173.95,669649
NUCHEM,20110606,5.8,5.9,5.2,5.35,33984
NUCLEUS,20110606,83.35,83.95,81.15,83.05,14201
NUMERICPW,20110606,224.25,225,220.9,222.1,1074
NUTEK,20110606,5.85,5.9,5.75,5.8,120031
OBEROIRLTY,20110606,239.7,244.5,234,236.8,18356
OCL,20110606,106,106,104.75,105.95,1829
OFSS,20110606,2219.95,2253.45,2183,2230.35,26788
OIL,20110606,1300,1313.5,1285,1289.05,6255
OILCOUNTUB,20110606,71.3,71.9,71,71.5,3654
OISL,20110606,42.7,43.65,41,43.15,2195
OMAXAUTO,20110606,43.85,43.85,42.85,43.55,2714
OMAXE,20110606,130,130,128,129.5,121746
OMKARCHEM,20110606,49.5,53.2,47.9,48.5,32780
OMNITECH,20110606,155.55,157.9,153.7,154.85,4250
ONGC,20110606,278.1,279.75,275.3,275.85,1436297
ONMOBILE,20110606,110.8,112.7,108.5,110.45,183682
ONWARDTEC,20110606,38.95,39,37.15,37.5,11714
OPTOCIRCUI,20110606,285,285.9,278.1,280.2,175507
ORBITCORP,20110606,43.8,44.4,43,43.6,296586
ORCHIDCHEM,20110606,279.05,283.5,275.7,282.05,620693
ORIENTABRA,20110606,33,34.2,32.65,32.7,11182
ORIENTALTL,20110606,8.7,8.7,8.2,8.5,1079
ORIENTBANK,20110606,345,352.6,341.6,351.2,181232
ORIENTCERA,20110606,51.5,52.95,51,51.15,299
ORIENTHOT,20110606,30.55,30.55,29.75,30.05,1875
ORIENTPPR,20110606,60,60.8,59.7,60,101776
ORISSAMINE,20110606,51500,53399.8,51500,51783.05,959
OSWALMIN,20110606,35,35.6,34.55,35,585
OUDHSUG,20110606,28.95,29,28.5,28.75,3607
PAEL,20110606,28.1,28.5,28.1,28.3,1226
PAGEIND,20110606,1750,1768,1700,1717.1,1167
PANACEABIO,20110606,177,178.6,175.5,177.6,55032
PANASONIC,20110606,124.5,124.5,120.75,120.8,221
PANCARBON,20110606,152.3,162.5,152.3,160.85,562
PANORAMUNI,20110606,16.5,16.5,16.05,16.05,1631
PANTALOONR,20110606,273.25,276.95,269,270.9,151067
PAPERPROD,20110606,66,69.75,65.7,68.55,53439
PARABDRUGS,20110606,42.75,42.75,41.8,42.15,9802
PARACABLES,20110606,3.85,4.1,3.85,3.95,20068
PARAL,20110606,262.8,266.95,253.95,255.25,2033
PARAPRINT,20110606,23,24.4,22.5,23.55,1633138
PARASPETRO,20110606,0.55,0.55,0.55,0.55,9510
PAREKHPLAT,20110606,4.55,5,4.55,4.9,4802
PARSVNATH,20110606,42.4,42.7,41.85,42.5,285235
PATELENG,20110606,152.65,154,150.1,151.65,536094
PATNI,20110606,355,360.9,352.5,359.15,247636
PATSPINLTD,20110606,18.05,20.4,18.05,18.55,7848
PBAINFRA,20110606,65.25,66.45,63.2,63.85,23330
PDPL,20110606,113.1,116.35,112.5,113.2,2531
PDUMJEIND,20110606,19.9,20,19.5,20,419
PDUMJEPULP,20110606,22.45,22.45,18.5,20.25,2992
PEACOCKIND,20110606,2.45,2.45,2.3,2.4,12904
PEARLPOLY,20110606,15,15.95,14.6,14.95,22029
PENIND,20110606,40.05,40.4,39.75,40,16454
PENINLAND,20110606,58,58.95,57,57.95,63803
PERIATEA,20110606,187,193.5,186,192.95,812
PERSISTENT,20110606,389.45,389.45,381,383.5,3049
PETRONENGG,20110606,367,374.8,367,370.15,484
PETRONET,20110606,137.9,139.65,135.3,138.85,1146063
PFC,20110606,203.1,204.5,201,203.05,946780
PFIZER,20110606,1310,1328.9,1288.75,1298.15,2268
PFOCUS,20110606,55.5,61.3,54.45,59.7,935487
PFS,20110606,18.85,18.95,18.55,18.8,78909
PGHH,20110606,2023.15,2028.25,2003.75,2020.8,1207
PHILIPCARB,20110606,139.45,144.7,139.45,144,14517
PHOENIXLTD,20110606,192,192,184.05,187.2,8235
PIDILITIND,20110606,156.1,165.4,156.1,163.7,201674
PIONDIST,20110606,48,48.5,44.9,44.95,284
PIONEEREMB,20110606,17,18.45,17,18.45,290
PIPAVAVYD,20110606,81.9,82.9,80,82.25,469902
PIRGLASS,20110606,128.2,130,126,127.45,5408
PIRHEALTH,20110606,373.95,374,368.2,371,114970
PIRLIFE,20110606,93.55,94,90.5,92.45,10787
PITTILAM,20110606,40.55,41.2,39,39.6,9577
PLASTIBLEN,20110606,208.5,208.5,207.05,207.1,170
PLETHICO,20110606,357.6,357.6,344.9,345.45,1959
PNB,20110606,1080,1089.85,1065.5,1082.6,67713
PNBGILTS,20110606,26.4,26.4,25.8,25.95,35523
PNC,20110606,16.7,16.7,15.75,16.2,907
POCHIRAJU,20110606,17,17.2,16.65,17.15,4039
POLARIND,20110606,4.1,4.5,4.05,4.25,2824
POLARIS,20110606,186.4,187.5,183.6,186.9,222953
POLYPLEX,20110606,208.8,211.4,207,208.7,155838
PONDYOXIDE,20110606,30.9,30.9,29.8,30.4,4740
PONNIERODE,20110606,96.1,96.15,94.05,94.05,388
POWERGRID,20110606,100.8,101.75,99.7,101.5,2762043
PPAP,20110606,101,105.95,100,102.95,548
PRADIP,20110606,84.3,91.5,83.6,88.85,54956
PRAJIND,20110606,73,73,71.35,72,169405
PRAKASH,20110606,71.2,71.9,69.05,71.1,345554
PRAKASHSTL,20110606,154.4,154.4,132.7,149.65,54960
PRATIBHA,20110606,55.5,56.45,54.6,54.75,74938
PRECOT,20110606,169,189,160,162.25,1862
PRECWIRE,20110606,118.1,123.5,118.1,121.85,503
PREMIER,20110606,83.45,83.45,81,82.4,3651
PRESTIGE,20110606,142.1,144.8,137.8,139.6,24167
PRETAILDVR,20110606,164.5,168,163.95,166,1735
PRICOL,20110606,19.1,19.65,19.1,19.4,9771
PRIMESECU,20110606,24.5,26.2,24.5,24.75,5001
PRISMCEM,20110606,48.95,48.95,48,48.6,33730
PROVOGUE,20110606,37.85,37.9,37.35,37.6,166304
PSB,20110606,102,102,99.1,101,34466
PSL,20110606,71.5,71.9,70,70.2,35826
PSUBNKBEES,20110606,391,395.5,389,394.81,329
PTC,20110606,80.8,84.6,80.25,83.75,322581
PUNJABCHEM,20110606,82,83.6,73.6,82.3,1334
PUNJLLOYD,20110606,62.8,63.2,60.6,61.9,5643935
PURVA,20110606,95.9,97,95,95.6,12151
PVP,20110606,9,9.25,9,9.15,13357
PVR,20110606,102.5,104.4,98.1,101.65,85370
QGOLDHALF,20110606,1083,1090.95,1083,1085.15,429
RADAAN,20110606,2.45,2.45,2.35,2.35,8913
RADICO,20110606,131,131,129.3,130.8,151701
RAINBOWPAP,20110606,63.3,63.65,62.45,62.95,19397
RAINCOM,20110606,174.2,176.8,172,172.65,40201
RAJESHEXPO,20110606,98,98.5,96.5,96.9,187832
RAJOIL,20110606,34.05,34.05,32.35,33.65,40844
RAJPALAYAM,20110606,592,603.65,576,580.25,3905
RAJRAYON,20110606,12.05,12.3,12.05,12.05,954
RAJSREESUG,20110606,50.7,50.75,47.25,47.85,21952
RAJTV,20110606,53.4,56.35,51.85,54.6,251362
RALLIS,20110606,1497,1497,1451,1466.5,8423
RAMCOIND,20110606,46.55,46.55,45.55,46,1299
RAMCOSYS,20110606,101.5,103.95,100.2,101,4734
RAMKY,20110606,284,284,278.15,281,5974
RAMSARUP,20110606,18,18.6,17.8,18.25,18779
RANASUG,20110606,5.5,5.6,5.45,5.45,133997
RANBAXY,20110606,530,544.95,529,540.95,503210
RANEENGINE,20110606,223,227.7,214.7,224.9,52
RANEHOLDIN,20110606,238,238,228,231.75,356
RANKLIN,20110606,17,17.25,16.05,17.15,7432
RATNAMANI,20110606,117,118,115,115.1,6466
RAYMOND,20110606,352.55,384.4,352.55,379.35,3101898
RBL,20110606,127,131,125.1,129.8,367
RBN,20110606,71,72.5,69.05,69.75,84766
RCF,20110606,82.35,84.2,82.1,83.45,1042576
RCOM,20110606,93.95,94.2,91.65,92.5,6006210
RECLTD,20110606,217.5,218.25,215,216,850033
REDINGTON,20110606,82,82.35,80.3,80.9,33325
REIAGROLTD,20110606,26.7,26.7,26.1,26.45,679272
REISIXTEN,20110606,42,43.55,41.25,41.7,3635
RELBANK,20110606,1089.5,1089.5,1018,1023.11,132
RELCAPITAL,20110606,525,532,515.75,529.2,1538606
RELGOLD,20110606,2121,2123.9,2111.25,2117.1,2470
RELIANCE,20110606,934.65,940.8,928.15,937.75,1405741
RELIGARE,20110606,484,484,475,475,23963
RELIGAREGO,20110606,2240,2240,2221,2226.7,539
RELINFRA,20110606,555.55,558.85,548,551.1,1038391
RELMEDIA,20110606,132,135.7,127.5,132.45,1115520
REMSONSIND,20110606,25,25,24.3,24.35,230
RENUKA,20110606,64,64.35,61.9,62.5,2909997
REPRO,20110606,116,118.95,115.5,118.15,6335
RESPONIND,20110606,95.7,95.7,94,94,2
RESURGERE,20110606,0.4,0.45,0.4,0.45,2170376
REVATHI,20110606,420,420,406.15,414.65,118
RICOAUTO,20110606,16.6,16.85,16.35,16.65,58773
RIIL,20110606,561,569.7,551.5,557.75,144763
RJL,20110606,113.5,113.95,111.3,113.45,2232
RKFORGE,20110606,104,109,101.15,102.05,765
RML,20110606,130.15,132,130.15,132,392
ROHITFERRO,20110606,36.6,36.7,35.8,35.9,69808
ROHLTD,20110606,65,65,63.5,63.75,3449
ROLTA,20110606,137.5,138.7,135.25,137.95,152600
RPGLIFE,20110606,82.05,83.6,80,81.45,14320
RPOWER,20110606,118.5,119.8,116,117.65,1684361
RPPINFRA,20110606,73.5,78,73.1,76.4,28949
RSWM,20110606,150,152,148.75,149.15,8643
RSYSTEMS,20110606,111.6,119.2,110.2,115.05,2684
RUBYMILLS,20110606,757,774,743.1,743.2,118
RUCHINFRA,20110606,21.5,21.9,21.4,21.55,16681
RUCHISOYA,20110606,100,100.2,98.5,99.6,156031
SABERORGAN,20110606,129.85,129.85,123.75,126.25,1130462
SADBHAV,20110606,150,151.5,147,148.65,213251
SAGCEM,20110606,142.3,142.3,142.3,142.3,43
SAHPETRO,20110606,29.2,29.2,27.85,28.35,10193
SAIL,20110606,145.8,147.2,144.5,146.2,1072247
SAKHTISUG,20110606,35.7,35.7,34.6,35.05,83735
SAKUMA,20110606,14.55,15.7,14.55,15.05,937
SALONACOT,20110606,24,24,24,24,10
SALORAINTL,20110606,30.15,30.15,30.15,30.15,30
SALSTEEL,20110606,7.5,7.8,7.35,7.35,29182
SAMBANDAM,20110606,94.8,95,94.8,95,1300
SAMBHAAV,20110606,1.65,1.65,1.65,1.65,40
SANDESH,20110606,280,290,275.05,281.25,537
SANGAMIND,20110606,41.3,43.4,41.3,41.8,26736
SANGHIIND,20110606,19.2,19.25,18.85,18.85,2874
SANGHVIFOR,20110606,62.3,67.3,61.5,66.95,1358315
SANGHVIMOV,20110606,113.95,113.95,111.6,112.15,1607
SANWARIA,20110606,69.95,69.95,65.2,65.8,934
SARDAEN,20110606,218.2,229.95,218.2,223.4,23095
SAREGAMA,20110606,63,64.85,60.2,62.85,25924
SARLAPOLY,20110606,122,142.75,115.5,121,324
SASKEN,20110606,152.9,153,147,147.65,16805
SATHAISPAT,20110606,50.95,51.6,49.1,50.4,7202
SATYAMCOMP,20110606,89.85,93.35,88.8,89.8,14833561
SAVERA,20110606,37.9,39.4,37.9,39.25,903
SBBJ,20110606,532,532,525.5,530.35,5553
SBIGETS,20110606,2225,2243,2225,2228.4,3094
SBIN,20110606,2303,2321.9,2272.4,2317.15,1340553
SBT,20110606,762.5,762.5,741,743,3977
SCI,20110606,113.1,113.1,104.4,105.25,200140
SEINVEST,20110606,15.5,15.5,14.4,15.2,1872195
SELAN,20110606,336,336.9,331.35,333.15,9332
SELMCL,20110606,17.9,18.3,17.75,18,231281
SENTINEL,20110606,16.2,16.8,15.85,15.95,4081
SERVALL,20110606,10.5,10.7,10.3,10.35,172307
SESAGOA,20110606,288.6,289.85,281.1,285.3,948796
SESHAPAPER,20110606,240,245.8,235,241.9,243
SGJHL,20110606,262,264.5,260.35,261.75,143073
SGL,20110606,3.75,4.2,3.75,4.2,1686
SHALPAINTS,20110606,944,971.75,935.6,971.75,127202
SHANTIGEAR,20110606,39,41.2,39,40.4,78317
SHARIABEES,20110606,123.65,123.65,122,122,296
SHARRESLTD,20110606,54.55,60,54.05,54.65,537
SHILPAMED,20110606,245,255,245,251.65,646
SHILPI,20110606,19.15,19.15,18.55,18.9,43842
SHIV-VANI,20110606,241,243.9,241,242.5,10869
SHIVAMAUTO,20110606,114.3,123.85,114.3,115,644
SHIVTEX,20110606,33.1,34.25,33.1,34,1810
SHLAKSHMI,20110606,92.1,94,92,92.8,3924
SHOPERSTOP,20110606,409.9,409.9,395,398.15,6387
SHPRE,20110606,6.7,6.7,6.35,6.5,2398
SHREEASHTA,20110606,5.2,5.3,5.15,5.2,1479946
SHREECEM,20110606,1782.25,1799.85,1780.05,1790.2,287
SHREERAMA,20110606,5.5,5.8,5.5,5.8,2408
SHRENUJ,20110606,53,56.7,52.8,56.15,75201
SHREYANIND,20110606,20,20,19.8,19.85,100
SHREYAS,20110606,29.1,30.85,29.1,30.3,911
SHRIRAMCIT,20110606,599,599,549.9,553.3,563
SHRIRAMEPC,20110606,136.9,140.1,135,137.5,7697
SHYAMTEL,20110606,43,43,41.6,41.9,2917
SICAGEN,20110606,22.2,23.35,22.2,23.2,8990
SICAL,20110606,74.95,75.5,73.05,74,21011
SIEMENS,20110606,889,900,882.5,896.95,129732
SILINV,20110606,99.95,99.95,99.95,99.95,5
SIMBHSUGAR,20110606,39.45,40.1,38.5,38.75,24104
SIMPLEX,20110606,110,111.75,106.35,108.25,1827
SIMPLEXINF,20110606,300,305,299,300.75,11549
SINTEX,20110606,180.45,182.4,176.05,181.55,729432
SITASHREE,20110606,6,6.45,6,6.1,9522
SIYSIL,20110606,384.1,394.9,380.15,383.85,2737
SJVN,20110606,21.65,21.65,21.2,21.3,149010
SKFINDIA,20110606,614.9,629.9,607.3,625.05,10229
SKMEGGPROD,20110606,9.95,10.45,9.85,9.9,19131
SKSMICRO,20110606,369.7,374.3,365,368.35,138929
SKUMARSYNF,20110606,67,67.25,65.35,66.55,1744261
SMARTLINK,20110606,58.4,59.4,56.05,56.45,98441
SMLISUZU,20110606,372,372,365.1,371,55
SMPL,20110606,9.9,10.1,9.85,10.05,129904
SMSPHARMA,20110606,195,205,195,203.8,2028
SOBHA,20110606,252.65,258,251.55,256.25,43435
SOFTTECHGR,20110606,4.5,4.5,4.5,4.5,1
SOLARINDS,20110606,580,647.7,580,630.3,373
SOMANYCERA,20110606,43,44,42.55,43,2081
SOMATEX,20110606,7.4,8,7.4,7.5,5067
SONASTEER,20110606,16.55,17,16.45,16.5,18315
SONATSOFTW,20110606,43.45,45.4,43.25,45.05,1008289
SOTL,20110606,552.95,552.95,540,549.7,976
SOUISPAT,20110606,8.9,9.05,8.7,8.8,52131
SOUTHBANK,20110606,25,25.45,24.6,24.75,2300169
SPANCO,20110606,144.8,144.8,135.3,137.05,3592
SPARC,20110606,87.6,88.85,86.45,88,64025
SPENTEX,20110606,15,16.75,15,15.3,10343
SPIC,20110606,26.25,26.75,25.65,25.9,704546
SPICEMOBIL,20110606,101,101,98.3,98.7,4443
SPMLINFRA,20110606,179.1,185.8,178,180.8,510
SPYL,20110606,36.1,36.45,35.1,35.5,11969
SREINFRA,20110606,39.7,41.45,39.6,41.1,938337
SRF,20110606,309,311,306.1,308.05,14705
SRGINFOTEC,20110606,0.55,0.6,0.55,0.6,5000
SRHHLINDST,20110606,3.75,4,3.75,3.9,828
SRHHYPOLTD,20110606,44.95,44.95,42.25,43.55,2853
SRTRANSFIN,20110606,700,705.3,696.6,702.25,522644
SSWL,20110606,252.05,257,250.2,252.15,18560
STAR,20110606,367,373.8,364.1,366.5,84205
STARPAPER,20110606,23.2,23.8,23.2,23.25,252
STCINDIA,20110606,224.6,226.9,221,223.35,65297
STER,20110606,167.6,169.75,166.1,168.1,2305447
STERLINBIO,20110606,98.1,99.45,94.2,95.5,463654
STERTOOLS,20110606,121.95,121.95,118.05,120.95,211
STOREONE,20110606,18.6,20.6,18.6,20.15,72012
STRTECH,20110606,55.3,55.6,54.45,55.25,318393
SUBEX,20110606,63.95,65.15,63.4,64.3,553084
SUDAR,20110606,103.5,106.9,97.3,106.05,161251
SUDARSCHEM,20110606,785,786,760,760,104
SUJANATOW,20110606,32.85,36.9,32.5,36.35,4356964
SUJANAUNI,20110606,5.05,5.45,5,5.35,10278
SUMEETINDS,20110606,33.55,34.75,32.75,33.4,219934
SUMMITSEC,20110606,86.7,87.9,86.55,86.8,786
SUNCLAYTON,20110606,153.65,153.65,145.5,145.5,1491
SUNDARAM,20110606,43.75,43.8,41.95,42,36347
SUNDARMFIN,20110606,518,518,513,517.3,9306
SUNDRMBRAK,20110606,155.6,158.55,151.2,158.55,211
SUNDRMFAST,20110606,58.7,60.45,58.7,60,25875
SUNFLAG,20110606,28.05,28.3,27.2,27.5,104799
SUNILHITEC,20110606,123,123.65,121.2,122.1,8499
SUNPHARMA,20110606,469.7,479.9,468.5,478,609786
SUNTECK,20110606,329,329.95,299.35,302,77487
SUNTV,20110606,283.75,306.8,278.9,304.75,13957000
SUPER,20110606,239,240,239,239.8,14
SUPERSPIN,20110606,8.3,9.7,8.3,9.3,7568
SUPPETRO,20110606,58.6,58.9,58.15,58.55,32404
SUPRAJIT,20110606,20.5,20.85,20.4,20.5,43970
SUPREMEIND,20110606,173.05,181.8,171,177.45,70608
SUPREMEINF,20110606,220.6,243.85,220.6,243.2,3084
SURAJDIAMN,20110606,52.2,54.3,51.8,52.65,40543
SURANACORP,20110606,96.1,98,96,98,1200
SURANAIND,20110606,329.95,335,329.95,333.9,2223
SURANAT&P,20110606,15.85,15.85,15.35,15.35,600
SURANAVEL,20110606,45.55,45.55,44.3,44.7,713
SURYAJYOTI,20110606,37.2,38.9,37.1,37.3,25232
SURYALAXMI,20110606,76.6,78.35,74,74.1,55394
SURYAPHARM,20110606,21.4,22,21.3,21.45,76240
SURYAROSNI,20110606,89,89.85,88,88.75,6918
SUTLEJTEX,20110606,230,234,227,227.65,1464
SUZLON,20110606,50.95,51.5,50.1,51.3,10941228
SWARAJENG,20110606,419.15,422,415.15,418.2,364
SYNCOM,20110606,24.9,25.3,24.9,25,9280
SYNDIBANK,20110606,115.45,117.4,114.4,117,177022
TAINWALCHM,20110606,25.55,25.55,25.55,25.55,1100
TAJGVK,20110606,101.15,104.5,100.1,103.95,37890
TAKE,20110606,41.25,41.55,40.75,41.2,23635
TALBROAUTO,20110606,57.55,58,57.05,57.1,5288
TALWALKARS,20110606,233.1,236,228.6,232.55,33509
TANFACIND,20110606,28.75,28.75,28.75,28.75,1
TANTIACONS,20110606,69.2,71.5,69.2,70.55,886
TARAPUR,20110606,22.25,22.75,21.7,22.3,33296
TATACHEM,20110606,374,379.15,374,377.45,128009
TATACOFFEE,20110606,865,866.9,842.25,847.55,150814
TATACOMM,20110606,224.65,224.65,218.55,221,82451
TATAELXSI,20110606,241.3,244.2,230.55,239.8,31757
TATAGLOBAL,20110606,92.3,97,92.1,93.15,337230
TATAINVEST,20110606,507.9,507.9,489,492.35,17963
TATAMETALI,20110606,108,112.5,103.65,105.65,17635
TATAMOTORS,20110606,1011.5,1031.8,1010.25,1023.7,2076683
TATAMTRDVR,20110606,599,607.9,592.2,602.15,137041
TATAPOWER,20110606,1259,1259,1236.95,1249.3,62523
TATASPONGE,20110606,350.05,351.95,346.1,349.7,3917
TATASTEEL,20110606,573,573,564.3,567.9,2756340
TCI,20110606,90,90.5,89.05,89.55,4335
TCIDEVELOP,20110606,209.05,222,209.05,212.75,501
TCS,20110606,1140,1168,1140,1164.35,678537
TECHM,20110606,686.95,709.9,684.85,704.5,482080
TECHNO,20110606,233,237.9,230.1,231.35,7143
TECHNOFAB,20110606,167.8,167.8,153,155.05,25569
TECPRO,20110606,282.1,289,282,283,14514
TELEDATAIT,20110606,0.4,0.4,0.35,0.4,228075
TEXMACOLTD,20110606,31.9,32.55,31.9,32.1,71077
TEXMOPIPES,20110606,37.3,38.2,37.1,37.35,17640
TEXRAIL,20110606,77,79.3,76.05,78.75,16791
TFCILTD,20110606,26.9,27.2,26.4,26.45,24751
THANGAMAYL,20110606,161.05,164.6,161.05,163.5,11232
THEMISMED,20110606,162.9,164,162.9,163.65,275
THERMAX,20110606,601,639,591,618.9,130071
THINKSOFT,20110606,52.85,53,51.85,52.1,20710
THIRUSUGAR,20110606,92.5,95,91,93.55,180
THOMASCOOK,20110606,49.8,52.2,49.25,51.8,455779
TI,20110606,43.2,44.25,42.9,43.1,145347
TIDEWATER,20110606,7202,7238.25,7121,7140.95,782
TIIL,20110606,55.8,59.4,55.8,58.1,58289
TIL,20110606,451,453,428.5,430.2,992
TIMETECHNO,20110606,63.2,63.2,61.25,62.4,40159
TIMKEN,20110606,191,194.7,191,192.3,34242
TINPLATE,20110606,61.15,62.5,61.15,61.8,157756
TIPSINDLTD,20110606,27.5,27.75,27.25,27.4,4797
TIRUMALCHM,20110606,105,105,100.65,100.75,670
TITAN,20110606,4265.6,4384.85,4265.6,4368.85,177217
TNPETRO,20110606,16.35,17.3,16.35,17.15,70360
TNPL,20110606,127,127,125.1,125.6,22910
TODAYS,20110606,7.85,7.85,7.6,7.85,1343
TOKYOPLAST,20110606,14.55,14.55,14.55,14.55,5050
TORNTPHARM,20110606,589,589,579,582.85,21102
TORNTPOWER,20110606,241,245.2,240,240.75,17479
TRENT,20110606,1035.25,1067.95,1026,1035.9,1347
TRF,20110606,393,393.8,386.1,388.05,10974
TRICOM,20110606,16,16,15.65,15.65,1501
TRIDENT,20110606,14.85,15.1,14.7,15.05,39623
TRIGYN,20110606,19.35,19.35,18.2,18.7,3309
TRIL,20110606,294,311.3,282.2,296.8,901075
TRIVENI,20110606,37,37.9,36.1,37.5,229244
TTKHEALTH,20110606,418.2,420.85,413.1,415.65,4418
TTKPRESTIG,20110606,2765,2768.8,2701.85,2734.9,61098
TTL,20110606,30.1,30.85,30.1,30.4,7998
TTML,20110606,16.9,17.1,16.5,16.65,3187184
TUBEINVEST,20110606,134,145.75,133.1,136.85,549599
TULIP,20110606,159.4,165.5,159.4,163.7,685446
TULSI,20110606,16.45,16.45,16.05,16.15,69434
TULSYAN,20110606,46.15,46.3,45.1,45.9,651
TV-18,20110606,74.8,75.35,71.85,73.65,1587410
TVSELECT,20110606,23.5,23.95,23,23.55,1896
TVSMOTOR,20110606,54.5,54.75,53.05,53.85,866864
TVSSRICHAK,20110606,298.6,312,298.6,305,1406
TVTODAY,20110606,61.2,71.2,60.5,67.9,1660507
TWILITAKA,20110606,56,56,54.1,55.55,22170
TWL,20110606,402,410.8,396,400.45,32074
UBENGG,20110606,83,83.5,80.5,80.8,4979
UBHOLDINGS,20110606,177.8,180.8,176.2,177.9,63242
UBL,20110606,536,550.4,536,541,45321
UCALFUEL,20110606,79,88.3,78.2,84.9,465626
UCOBANK,20110606,95.5,96.6,94.55,96,1635321
UFLEX,20110606,199.8,213.45,199,212.1,3563328
UGARSUGAR,20110606,14,14,13.4,13.9,4025
ULTRACEMCO,20110606,1028,1030,1011.6,1014.2,38104
UMESLTD,20110606,26,26,24.75,24.95,5424
UNICHEMLAB,20110606,161,161,155,158.35,12674
UNIENTER,20110606,26.65,26.65,26.65,26.65,109
UNIONBANK,20110606,316.35,323,315.35,322.55,145731
UNIPHOS,20110606,164.9,165.65,158.95,159.85,942282
UNIPLY,20110606,14.55,14.85,14.5,14.5,12196
UNITECH,20110606,33.9,34.3,33.15,33.7,18423970
UNITEDBNK,20110606,101,101.5,99,99.3,115704
UNITEDTEA,20110606,137,137,134,136,7
UNITY,20110606,68.15,68.25,66.6,67.3,16757
UNIVCABLES,20110606,66.5,68.8,64.2,64.2,719
UPERGANGES,20110606,58,58,55,55.35,8939
USHAMART,20110606,55.45,56.4,55,55.45,111721
USHERAGRO,20110606,99.65,100.4,99.3,100.3,275340
UTISUNDER,20110606,844.3,898,844.2,896.47,7
UTTAMSTL,20110606,110,112.6,108.75,110.2,29563
UTTAMSUGAR,20110606,35.05,36.3,34.2,35.7,4256
UTVSOF,20110606,662,747.9,658,730.5,2303197
VAIBHAVGEM,20110606,42,44,40.45,42.7,5542
VAKRANSOFT,20110606,355.2,366.9,352.2,362.05,11767
VALECHAENG,20110606,99.3,99.3,97.6,98.05,15734
VALUEIND,20110606,21.25,21.75,21.25,21.7,11761
VARDHACRLC,20110606,10.5,10.85,10.4,10.45,63793
VARDMNPOLY,20110606,61,61,56.35,58.5,771
VARUN,20110606,188,199.3,188,196.85,76067
VARUNSHIP,20110606,27.2,27.3,26.5,26.95,59725
VASCONEQ,20110606,82.6,83.5,81.4,82.7,10108
VENKEYS,20110606,622,628,605.15,622.85,45133
VENUSREM,20110606,208,209,206.25,207.3,3053
VESUVIUS,20110606,347,357.5,347,354.4,379
VGUARD,20110606,217,224.4,217,219.55,510737
VHL,20110606,420,424,384.3,388.3,19
VICEROY,20110606,29.75,29.75,28.9,29,11164
VIDEOIND,20110606,185.9,188.7,185.1,187.35,115283
VIJAYABANK,20110606,72.2,73.25,71.1,72.95,1679393
VIJSHAN,20110606,21.65,22.45,21.05,21.25,3401
VIKASHMET,20110606,16.3,17,16,16.1,774480
VIMTALABS,20110606,36,36.65,33.7,34.2,185227
VINATIORGA,20110606,73.5,73.5,71.5,72.3,6217
VINYLINDIA,20110606,11.9,12.45,11.75,12.3,4500
VIPIND,20110606,790,796.8,771.4,782.6,578559
VIPUL,20110606,12,12.25,12,12.1,2214
VISAKAIND,20110606,103.9,103.9,101.1,101.9,3344
VISASTEEL,20110606,59.7,60,59,59.75,88878
VISESHINFO,20110606,7.5,8.45,7.5,8.25,10302
VISHALRET,20110606,33.6,34.3,32.15,33.05,49254
VISUINTL,20110606,3.1,3.25,2.95,3.05,6026
VIVIMEDLAB,20110606,292.3,297.75,291,293.4,8789
VLSFINANCE,20110606,14.75,15.85,14.4,14.75,9413
VOLTAMP,20110606,590,605,580.15,585.25,331375
VOLTAS,20110606,163.8,164.5,162.35,163.7,119359
VSTIND,20110606,875.05,887.75,870,880.05,3135
VTL,20110606,236.05,242,236.05,240.4,7436
VTXIND,20110606,19.35,19.35,16.8,17.65,813
WABAG,20110606,1278,1280,1265,1272.85,5310
WABCO-TVS,20110606,1030,1030,981.2,1001.55,573
WALCHANNAG,20110606,124,124.5,121.2,122.6,18480
WANBURY,20110606,33.3,34.4,33,33,11647
WEBELSOLAR,20110606,65.8,65.8,62,62.9,6743
WEIZMANIND,20110606,13.45,13.45,12.8,12.8,505
WELCORP,20110606,168.3,172.9,166.75,169.35,381978
WELINV,20110606,71,71,70.4,71,169
WELPROJ,20110606,61.85,61.85,59.25,60.3,498
WELSPUNIND,20110606,47.1,47.8,45.75,46.65,91428
WENDT,20110606,1448.65,1544,1382.6,1505.85,5956
WHEELS,20110606,268.8,273.9,267.05,268.35,1582
WHIRLPOOL,20110606,231.1,234,226.05,230.5,17644
WILLAMAGOR,20110606,47,48.7,45.15,48.15,709
WINDSOR,20110606,51.9,55,51.5,52.35,21171
WIPRO,20110606,442,446.95,438,445.05,390150
WOCKPHARMA,20110606,370.7,391,365.05,381.95,464308
WSI,20110606,21,22.1,20.2,21.1,2536
WSTCSTPAPR,20110606,88,88,86.6,87.5,21834
WWIL,20110606,8.85,9.05,8.7,8.75,962489
WYETH,20110606,885,900,885,897.85,4061
XLENERGY,20110606,10.2,10.35,10,10.15,40078
XPROINDIA,20110606,50.8,51.6,50.8,51,6814
YESBANK,20110606,292,298.7,287.5,297.95,2391045
ZEEL,20110606,140.25,142.8,138.15,140,1056270
ZEELEARN,20110606,21.25,22,20.85,21.05,506501
ZEENEWS,20110606,11.35,11.45,10.9,11.15,1363395
ZENITHBIR,20110606,8.05,8.25,8,8.05,157485
ZENITHCOMP,20110606,19.25,19.3,18.9,19.1,2041
ZENITHEXPO,20110606,55,55,55,55,50
ZENITHINFO,20110606,215,215.5,208.25,208.25,445
ZENSARTECH,20110606,177.95,179,176,176.35,4983
ZICOM,20110606,39.1,39.8,38.5,38.9,15396
ZODIACLOTH,20110606,353.8,379.95,353.8,375.8,359
ZODJRDMKJ,20110606,21.05,22,21.05,22,6
ZUARIAGRO,20110606,640,652,632,650.4,9764
ZYDUSWELL,20110606,585.7,593,577.2,586.8,109579
ZYLOG,20110606,403.4,409.7,402,402.8,56543
NSENIFTY,20110606,5504.30,5542.65,5479.85,5532.05,77137320,3486.68
NIFTYJUNIOR,20110606,11302.55,11316.55,11240.80,11301.00,46481697,1010.11
BANKNIFTY,20110606,10734.25,10873.90,10682.30,10854.65,9698542,978.06
NSEMIDCAP,20110606,7992.70,7999.95,7943.80,7991.65,86551527,1435.43
NSEIT,20110606,6549.35,6624.60,6519.90,6610.45,6522983,380.22
NSE100,20110606,5442.15,5473.80,5416.95,5464.30,123619017,4496.79
NSE500,20110606,4451.15,4471.40,4430.00,4465.50,301732636,6759.45
MIDCAP50,20110606,2480.10,2481.20,2458.40,2474.30,48299652,642.87
VIX,20110606,17.61,18.84,17.59,18.21,17.61,0.60
