20MICRONS,20110907,60,60,57.85,58.15,87733
3IINFOTECH,20110907,28.6,29.9,28.5,29.15,1858502
3MINDIA,20110907,4550,4620,4550,4594.55,410
A2ZMES,20110907,189.35,194.9,187.1,190.55,194176
AANJANEYA,20110907,422.45,422.45,414,415.1,175980
AARTIDRUGS,20110907,119,120.7,116.05,117.25,7456
AARTIIND,20110907,50,50.55,48.25,48.45,26054
AARVEEDEN,20110907,31.8,33.95,31.8,33.4,3333
ABAN,20110907,402.1,420.7,401.4,412.3,1114763
ABB,20110907,849,865,849,858.1,38581
ABBOTINDIA,20110907,1504.3,1625,1470.05,1570.85,20588
ABCIL,20110907,105,106.9,103.15,106.2,5255
ABGSHIP,20110907,374.05,378,367.55,370.2,243725
ABHISHEK,20110907,11.4,11.4,10.75,11.25,5534
ABIRLANUVO,20110907,971.9,972,952.15,959.75,240532
ACC,20110907,1024.4,1079.9,1020.05,1066.4,948521
ACE,20110907,45,45.5,44.1,44.85,73573
ACKRUTI,20110907,197,199.8,195,195.8,3339
ACROPETAL,20110907,15,15.35,14.9,15,170709
ADANIENT,20110907,539.5,575.3,532,553.95,881583
ADANIPOWER,20110907,88.95,94.8,88.45,94.05,1439948
ADFFOODS,20110907,55.1,56.7,54.1,55.9,15101
ADHUNIK,20110907,54.8,55.8,54.7,55.1,119587
ADORWELD,20110907,162,162,150,155.5,2055
ADSL,20110907,28.7,28.85,26.3,26.6,412579
ADVANIHOTR,20110907,34.1,36.75,34.1,36.7,6287
ADVANTA,20110907,359.4,368.4,357.25,361.2,98353
AEGISCHEM,20110907,188,203.6,188,200.35,46535
AFL,20110907,38.5,38.5,37.65,38,6320
AFTEK,20110907,11.5,12.35,11.35,11.85,224437
AGCNET,20110907,110,111,103.6,105.35,5537
AGRE,20110907,40.5,43.5,40.5,42.8,3600
AGRODUTCH,20110907,7.7,8.15,7.7,7.75,24833
AHLEAST,20110907,304,304,293,297.35,52
AHLUCONT,20110907,114.05,118,114.05,116.6,2181
AHLWEST,20110907,157.5,157.65,153.15,155.55,120
AHMEDFORGE,20110907,105.5,112.4,105.5,111.1,24234
AIAENG,20110907,343.45,343.45,331.1,332.4,8881
AJANTPHARM,20110907,326.3,339.9,323.3,335.85,19892
AJMERA,20110907,122,143.3,120,133.7,370729
AKSHOPTFBR,20110907,6.55,6.85,6.55,6.6,26673
AKZOINDIA,20110907,958,970,950.15,951.3,86459
ALBK,20110907,174,178.8,174,176.4,720490
ALCHEM,20110907,259,274.8,254,271.05,130994
ALEMBICLTD,20110907,19.15,20.7,19.15,19.7,91290
ALFALAVAL,20110907,1910,1944.9,1892.05,1923.15,2731
ALKALI,20110907,41.75,43.65,41.5,42.65,15533
ALKYLAMINE,20110907,92.7,92.7,88.05,88.6,3506
ALLCARGO,20110907,150,152.7,149,149.95,68907
ALLSEC,20110907,15,15.25,13.5,15,3587
ALMONDZ,20110907,23.5,23.5,21.2,22.5,3349
ALOKTEXT,20110907,19.7,20.3,19.4,20.2,10281247
ALPA,20110907,8.2,8.65,7.9,8.65,5364
ALPHAGEO,20110907,98,106.1,98,103.2,479
ALPSINDUS,20110907,2.45,2.75,2.45,2.75,33887
AMAR,20110907,98.05,115.25,98,113.25,312330
AMARAJABAT,20110907,244,244,237.95,240.15,101008
AMARJOTHI,20110907,55.25,58.95,53.55,55.5,1413
AMBIKCO,20110907,182.9,189.1,176.15,180.75,1887
AMBUJACEM,20110907,139,149.5,138.55,147.35,4725985
AMDIND,20110907,20.85,21.4,20.5,21,21676
AMLSTEEL,20110907,13.3,13.3,12.1,12.35,1936
AMRUTANJAN,20110907,833.9,863,814,823.8,391728
AMTEKAUTO,20110907,150.85,151.5,145.1,147.85,3604101
AMTEKINDIA,20110907,111.95,114.5,111,112.75,41598
ANANTRAJ,20110907,66.4,70,64.65,68.55,856993
ANDHRABANK,20110907,130.1,132.7,129.8,131,755762
ANDHRSUGAR,20110907,113.05,115.5,113,114.8,61360
ANGIND,20110907,21,22,20.85,20.95,12094
ANIKINDS,20110907,34,35,33.9,34.5,1348
ANKURDRUGS,20110907,27.1,28.95,27.1,28.55,92981
ANSALAPI,20110907,30.9,32.25,30.25,31.4,286509
ANSALHSG,20110907,40.45,43.25,39.65,42.9,19178
APARINDS,20110907,163,167,161,166.05,24998
APCOTEXIND,20110907,164.1,169.9,164.1,166.6,860
APIL,20110907,540.3,558,539.1,553,49630
APOLLOHOSP,20110907,525.9,532,521.25,525.3,23892
APOLLOTYRE,20110907,63.35,63.7,62.25,62.95,1464811
APPAPER,20110907,367,367,357.5,360.3,78365
APTECHT,20110907,126.5,127.2,124.1,124.65,716365
AQUA,20110907,14.9,14.9,12.25,14.3,47669
ARCHIDPLY,20110907,11.8,12,11,11.85,12641
ARCHIES,20110907,40.1,41.6,38.15,39.25,61621
AREVAT&D,20110907,223,230.95,218.55,227.9,47783
ARIES,20110907,82.5,88,82.5,86.3,3300
ARIHANT,20110907,50,50,50,50,400
ARL,20110907,2.1,2.25,2.1,2.2,184244
AROGRANITE,20110907,39,39.9,39,39.9,130
ARROWTEX,20110907,10.45,10.45,9.55,9.85,1326
ARSHIYA,20110907,131.05,144.95,131.05,134.65,72288
ARSSINFRA,20110907,304,312.45,298.1,300.2,523052
ARVIND,20110907,83.3,84.35,82,82.7,1032042
ASAHIINDIA,20110907,76,76.85,73.15,73.75,10466
ASAHISONG,20110907,95,102,93,101.6,2158
ASAL,20110907,51,55,51,54,4862
ASHAPURMIN,20110907,16.8,18.05,16.8,17.4,97936
ASHCONIUL,20110907,2,2.1,1.95,2,23773
ASHIANA,20110907,139.5,142,137.5,140.85,1402
ASHIMASYN,20110907,4.4,4.4,4.3,4.4,1400
ASHOKA,20110907,270.05,286,270.05,274.45,2735
ASHOKLEY,20110907,26,27.35,25.65,27,9869457
ASIANHOTNR,20110907,199.7,199.7,191,192.05,6159
ASIANPAINT,20110907,3258.25,3278.95,3211.25,3221.25,35007
ASIANTILES,20110907,41.5,41.5,39.25,41,890
ASSAMCO,20110907,11.9,12.35,11.9,12.15,204626
ASTEC,20110907,35,37,35,36.5,25939
ASTERSILI,20110907,16.1,16.7,16.1,16.6,7583
ASTRAL,20110907,190,191,188,190,8851
ASTRAMICRO,20110907,24.1,25,24.1,24.85,22728
ASTRAZEN,20110907,1260,1338,1260,1319.85,2271
ATFL,20110907,409.85,417,403.8,409.85,14566
ATLANTA,20110907,74.65,82,73,73.65,305884
ATLASCYCLE,20110907,333.45,333.45,323.6,333.45,24036
ATNINTER,20110907,1.15,1.15,0.9,1,21048
ATUL,20110907,200.25,218.25,200.15,215.75,249213
AURIONPRO,20110907,138,138,131.25,137,43
AUROPHARMA,20110907,134.95,138.8,133.9,137.55,1455966
AUSOMENT,20110907,34.95,34.95,34.95,34.95,95
AUSTRAL,20110907,1.95,2,1.85,1.95,470872
AUTOAXLES,20110907,411.95,420,411.95,416.25,347
AUTOIND,20110907,122.1,128,122.1,124.85,26987
AUTOLITIND,20110907,18.45,18.55,18.15,18.2,1849
AVENTIS,20110907,2171.25,2209,2171.25,2196.1,1052
AVTNPL,20110907,408.35,408.35,400.05,408.35,5402
AXIS-IT&T,20110907,92.4,92.4,87.05,90.65,27567
AXISBANK,20110907,1141.5,1159,1138.95,1143.45,2019630
AXISGOLD,20110907,2753,2772,2710,2726.7,967
BAGFILMS,20110907,6.1,6.2,5.95,6,187027
BAJAJ-AUTO,20110907,1645.7,1672,1631,1640.45,407606
BAJAJCORP,20110907,120,124,115.25,123.1,43782
BAJAJELEC,20110907,176.7,179.8,175.8,177.9,728453
BAJAJFINSV,20110907,548,562.9,541.15,549.45,155481
BAJAJHIND,20110907,56.4,57.85,56.2,57.4,947729
BAJAJHLDNG,20110907,759.85,759.85,746,750.9,45916
BAJFINANCE,20110907,618.1,643.9,618.1,629.25,10609
BALAJITELE,20110907,30,31.4,29.1,30.85,76847
BALAMINES,20110907,36.35,36.35,34.6,34.95,2321
BALKRISIND,20110907,170,173,166.05,168,49509
BALLARPUR,20110907,27.4,28.25,27,27.9,272091
BALMLAWRIE,20110907,675,679,663.15,665.1,21457
BALPHARMA,20110907,22.95,24.4,22.95,24.15,4038
BALRAMCHIN,20110907,54.95,55.6,54.65,55.05,1295194
BANARISUG,20110907,630.5,630.5,620,620,199
BANCOINDIA,20110907,78.8,78.8,76.1,76.35,7326
BANKBARODA,20110907,743,770,739.8,766.3,352094
BANKBEES,20110907,977.68,1008.5,977.65,1000.08,1970
BANKINDIA,20110907,327,337.7,327,332.7,822225
BANSWRAS,20110907,94,98.5,94,98.35,19303
BARTRONICS,20110907,51.25,53.2,50.4,51.95,139338
BASF,20110907,600,618.9,600,608.85,5700
BASML,20110907,73.75,73.75,67.9,67.9,4237
BATAINDIA,20110907,714.85,714.85,700.4,703.8,606726
BATLIBOI,20110907,15.5,19.8,15.5,18.85,1977
BAYERCROP,20110907,830.5,849.45,830.5,843.65,2124
BBL,20110907,743,757.8,730,736.45,5930
BBTC,20110907,460,504.8,460,464.75,81093
BEARDSELL,20110907,43.15,43.15,41.05,41.05,360
BEDMUTHA,20110907,124.3,124.45,121.7,122.95,25021
BEL,20110907,1614.95,1639.85,1600.2,1619.3,17787
BELLCERATL,20110907,13.75,13.75,13.75,13.75,118
BEML,20110907,472,478,466.65,472.25,59532
BEPL,20110907,31.95,32,30.2,30.25,4102
BERGEPAINT,20110907,101,103.8,101,101.9,98355
BFINVEST,20110907,45.5,46.95,45.5,46.3,137698
BFUTILITIE,20110907,535,552.75,525.5,539.35,1504908
BGLOBAL,20110907,12.7,13.2,12.65,12.9,37550
BGRENERGY,20110907,335.2,345.95,335.1,343.05,510290
BHAGWATIHO,20110907,84,86.35,83.5,85.35,1146
BHAGYNAGAR,20110907,15.2,15.75,15.15,15.35,5832
BHARATFORG,20110907,289.95,299.05,288.3,296.75,260989
BHARATGEAR,20110907,51,51.4,49.5,50,818
BHARATRAS,20110907,105.6,105.6,102.7,105.5,106
BHARTIARTL,20110907,400,405.8,398.05,401.65,4227778
BHARTISHIP,20110907,102.8,110.8,102.7,107.85,776633
BHEL,20110907,1757,1799,1753,1790.9,856617
BHUSANSTL,20110907,349,357,347,349.65,221491
BIL,20110907,47.35,50.4,46.05,48.05,55609
BILPOWER,20110907,85.55,93.1,85.55,86.55,7048
BIMETAL,20110907,262.6,279.85,258.2,264.85,3181
BINANIIND,20110907,136.5,146,136,141.65,78779
BINDALAGRO,20110907,66.45,69.8,66.2,68.55,168579
BIOCON,20110907,340,345.1,337.8,342.25,372730
BIRLACORPN,20110907,320,328.95,313.35,317.35,14545
BIRLACOT,20110907,0.4,0.4,0.3,0.35,4246686
BIRLAERIC,20110907,13.9,13.9,13.3,13.6,1814
BIRLAPOWER,20110907,0.75,0.75,0.65,0.7,3384698
BLBLIMITED,20110907,3.35,3.6,3.35,3.6,1850
BLISSGVS,20110907,20.95,21.85,20.7,21,14917
BLKASHYAP,20110907,11,11.4,10.85,11.15,519814
BLUECHIP,20110907,0.95,1,0.95,1,22335
BLUEDART,20110907,1695,1738.95,1675,1681.6,3823
BLUESTARCO,20110907,253,263.9,250.75,257.6,21271
BLUESTINFO,20110907,76,76,73.4,74.5,642
BOC,20110907,280.05,286.5,280.05,281.35,2036
BODALCHEM,20110907,21.3,21.45,20.6,21.45,258014
BOMDYEING,20110907,323.5,329.4,321.1,324.65,340499
BOSCHLTD,20110907,7421.3,7460,7350,7371.35,4470
BPCL,20110907,671.5,677.25,665,672.2,251107
BPL,20110907,21.45,21.75,21.2,21.55,33768
BRANDHOUSE,20110907,16.2,16.6,16.1,16.3,34378
BRFL,20110907,277.75,278.45,274.75,277.25,105509
BRIGADE,20110907,68.85,70.9,68.05,70.2,26181
BRITANNIA,20110907,480,483.85,477,477.9,13627
BROADCAST,20110907,8.25,8.3,7.9,7.9,475
BROOKS,20110907,52.25,53,42.4,42.45,8200607
BSELINFRA,20110907,3.7,4.1,3.7,4,57997
BSL,20110907,21.1,22.8,21.1,22.65,107
BSLGOLDETF,20110907,2816,2844.95,2732.05,2827.5,207
BSTRANSCOM,20110907,92.55,95.25,92.55,94.4,20180
BURNPUR,20110907,6.4,7,6.4,6.95,59987
BVCL,20110907,13.6,13.65,13.35,13.45,4037
CADILAHC,20110907,832,833,825.15,829.75,22335
CAIRN,20110907,276.85,283,276.15,277.35,1459689
CAMBRIDGE,20110907,23.2,24.3,23.2,23.8,950
CAMLIN,20110907,74.35,74.7,73.6,73.9,74089
CANBK,20110907,433.8,443.2,426.2,438.8,769327
CANDC,20110907,117.1,121.5,117.1,119.35,6689
CANFINHOME,20110907,95.15,103.6,95.15,100.85,58346
CANTABIL,20110907,27.4,27.4,26.5,26.75,9655
CARBORUNIV,20110907,296.1,309.2,296.1,306.55,9154
CAROLINFO,20110907,204.8,204.95,197.05,204.45,1565
CASTROL,20110907,510.05,529,510.05,514.1,223673
CCCL,20110907,19.35,20,18.9,19.8,56967
CCL,20110907,180.6,187.85,178.5,181.35,229493
CEATLTD,20110907,85,85.8,84,84.75,78588
CEBBCO,20110907,33.9,35.45,33.1,33.45,28536
CELEBRITY,20110907,7.05,7.45,6.6,6.75,4853
CELESTIAL,20110907,26.35,27.5,25.5,26.35,110281
CENTENKA,20110907,160,162.85,158.05,160.5,7296
CENTEXT,20110907,3.05,3.05,2.85,2.95,10791
CENTRALBK,20110907,101.05,104.6,101.05,102.8,835320
CENTUM,20110907,83.95,83.95,76.5,83.65,22
CENTURYPLY,20110907,64,64.2,62.9,63.45,14648
CENTURYTEX,20110907,296.65,304,295.9,301.35,448315
CERA,20110907,213.05,216.5,211.75,212.4,3641
CESC,20110907,307.85,310.95,303.5,304.65,115021
CHAMBLFERT,20110907,113.5,114.25,110.25,110.9,2113350
CHEMFALKAL,20110907,44.5,44.5,44,44,360
CHEMPLAST,20110907,6.2,6.25,6.1,6.25,45964
CHENNPETRO,20110907,203,203,201,202.1,23338
CHESLINTEX,20110907,11.1,13.5,11.1,12.7,397
CHETTINAD,20110907,457.95,457.95,445.55,445.55,2
CHOLAFIN,20110907,158.1,164.55,158.1,164.2,14648
CILNOVA,20110907,17.3,18,17.3,18,11155
CINEMAX,20110907,31.25,33.1,30.65,32.5,35182
CINEVISTA,20110907,3.4,3.45,3.4,3.45,18739
CIPLA,20110907,278,284.45,276.2,283.5,1282518
CLASSIC,20110907,10.1,10.5,10.1,10.4,11481
CLNINDIA,20110907,713.1,724.75,713.1,720.8,7511
CLUTCHAUTO,20110907,37.5,39.1,37.05,38.9,11780
CMAHENDRA,20110907,155,164.4,152.5,157.15,16653
CMC,20110907,897,900.35,890,898.3,17527
COALINDIA,20110907,380.5,393,379.5,391.25,3479610
COLPAL,20110907,997.05,1056.9,994.95,1036.35,116299
COMPUAGE,20110907,122,122,106.1,114.4,132
CONCOR,20110907,998.7,998.7,931.4,942.9,3225
CONSOFINVT,20110907,64.5,64.5,60.35,60.75,1131
CORAL-HUB,20110907,5.2,5.35,5,5.3,7635
CORDSCABLE,20110907,32.3,34.25,32.3,34,2888
COREEDUTEC,20110907,297.4,299.45,293.25,296.55,50975
COROENGG,20110907,300,300,300,300,25
COROMANDEL,20110907,294.5,301,294.5,299.35,225260
CORPBANK,20110907,456.8,501.9,438,442.9,41473
COSMOFILMS,20110907,88.4,90.2,88.4,89.25,9940
COX&KINGS,20110907,230.6,234.45,223.55,225.2,408439
CPIL,20110907,286,303.05,284,292.2,11523
CREATIVEYE,20110907,5.65,5.8,5.15,5.65,8193
CRESTANI,20110907,35,38.35,35,36.8,98935
CREWBOS,20110907,44,44.5,43.5,44.4,104727
CRISIL,20110907,8265,8400,8250.05,8331,980
CROMPGREAV,20110907,150.25,153.25,150,150.6,2104929
CRONIMET,20110907,95.1,104.95,95.1,98.15,4468
CTE,20110907,7,7.2,6.8,7.1,10201
CUB,20110907,47.75,48,46.8,46.85,211022
CUBEXTUB,20110907,11,11,10.65,10.85,1350
CUMMINSIND,20110907,599.85,614.9,597,612.45,140646
CURATECH,20110907,166.95,166.95,166.95,166.95,2
CYBERMEDIA,20110907,14.6,15.6,14.6,15.3,1075
CYBERTECH,20110907,12.7,13.15,12.35,13.15,14514
DAAWAT,20110907,44.55,45.75,44.1,44.8,24966
DABUR,20110907,107,107.6,105.3,107.05,1780156
DALMIABEL,20110907,126.9,128.95,119,122.2,6921
DALMIASUG,20110907,17,18,17,17.55,48069
DATAMATICS,20110907,28.65,28.65,27.8,28,1826
DBCORP,20110907,227,229.75,224.2,225.7,9976
DBREALTY,20110907,61,61.35,59,59.05,1270344
DCB,20110907,47.8,49.25,47.8,48.4,2518573
DCHL,20110907,59.75,61.4,58.55,60.2,471064
DCM,20110907,49.5,50.9,48.25,50.05,20138
DCMSRMCONS,20110907,45.2,46.65,45.1,45.6,100781
DCW,20110907,9.25,9.35,9.1,9.3,63255
DECCANCE,20110907,148,148,145,145.05,351
DECOLIGHT,20110907,5.05,5.05,4.7,5,6952
DEEPAKFERT,20110907,165.15,173.7,165.15,172,99704
DEEPAKNTR,20110907,180,181,177.5,178.15,851
DEEPIND,20110907,71,71,69,69.35,13595
DELTACORP,20110907,99,100.2,96.85,97.55,5285962
DELTAMAGNT,20110907,33,33,31.35,31.35,450
DEN,20110907,40.9,43,40.05,41.9,258446
DENABANK,20110907,82,84.8,82,83.7,1271248
DENORA,20110907,81,81,80.3,80.5,635
DENSO,20110907,59.05,59.6,56.25,57.9,3429
DEWANHOUS,20110907,228.1,228.1,224.25,226,739833
DHAMPURSUG,20110907,46.4,47.25,46.2,46.45,93748
DHANBANK,20110907,79,81.8,79,79.7,892060
DHANUKA,20110907,103,103.7,102.05,102.85,50979
DHARSUGAR,20110907,27.15,27.65,25.75,26.25,44463
DHUNINV,20110907,78.95,88.6,76,86,2292
DIAPOWER,20110907,109.9,113.8,106,109.15,143563
DICIND,20110907,224.2,233,224.2,230.8,1872
DIGJAM,20110907,9.65,10.2,9.3,9.9,52364
DISHMAN,20110907,65.1,66,64.55,64.8,132641
DISHTV,20110907,80.65,82.3,79.85,80.8,2088249
DIVISLAB,20110907,738.95,747.8,728.05,730.8,116379
DLF,20110907,200.4,207.5,198.2,203.95,10399647
DLINKINDIA,20110907,22.1,23.5,22.1,23.35,23130
DOLPHINOFF,20110907,130.95,141.8,128.05,140.15,30371
DPSCLTD,20110907,2025,2025,1975,1982.8,66
DPTL,20110907,136.4,139.35,136.4,137.8,527
DQE,20110907,34,35.95,34,35,6248
DREDGECORP,20110907,248,258,248,255.6,8517
DRREDDY,20110907,1481.95,1488.4,1463.15,1473.15,381699
DSKULKARNI,20110907,56.8,58.5,55.8,57.75,18062
DUNCANSIND,20110907,10.55,11.15,10.55,11.1,30344
DWARKESH,20110907,45.9,46.7,45.7,46.15,21824
DYNAMATECH,20110907,1018,1070,1000,1022,16580
EASTSILK,20110907,6.3,6.45,6,6.4,17372
EASUNREYRL,20110907,72,77.95,72,77,60650
ECEIND,20110907,108.25,108.8,106,106.6,10279
ECLERX,20110907,719.75,732.85,715,723.65,7813
EDELWEISS,20110907,29.05,29.3,28.7,28.95,101142
EDL,20110907,99.9,104.6,99.9,102.2,19151
EDSERV,20110907,101.85,104.2,101.05,102.25,203909
EDUCOMP,20110907,217.5,231.4,216.75,223.65,6155451
EICHERMOT,20110907,1385,1496,1360.1,1465.4,88412
EIDPARRY,20110907,248.9,254.95,245.2,251.25,42362
EIHAHOTELS,20110907,135.65,142.9,135.6,140.9,9736
EIHOTEL,20110907,88,89.9,87.95,89.05,289932
EIMCOELECO,20110907,188.85,192.95,186.75,187.6,263
EKC,20110907,75.15,78,75.15,76.1,283214
ELDERPHARM,20110907,404.45,407.45,401.25,403,38888
ELECON,20110907,71.8,72.35,70.3,71.7,34759
ELECTCAST,20110907,30.4,30.6,30.2,30.4,49267
ELECTHERM,20110907,117,125.5,115.6,122.65,11553
ELFORGE,20110907,11.45,11.45,10,10.4,3118
ELGIEQUIP,20110907,68.2,70.6,68.2,69.75,7419
ELGIRUBCO,20110907,27,27.55,26.55,27.45,2401
ELNET,20110907,35.2,35.2,32.6,33.15,1986
EMAMIINFRA,20110907,44.5,45.8,43.25,43.9,17451
EMAMILTD,20110907,451,486.9,451,470,48322
EMCO,20110907,47,49.7,47,48.9,52049
EMKAY,20110907,47.1,47.5,47,47.5,1213
EMMBI,20110907,9.5,12.75,9.5,12.4,23536
EMPEESUG,20110907,20.7,22,20.7,21.35,862
ENERGYDEV,20110907,37.1,37.85,34.45,35.2,13850
ENGINERSIN,20110907,250.7,255.9,248.3,254.8,108909
ENIL,20110907,250.6,257.8,248,248.95,40210
ENTEGRA,20110907,20,20.5,19.9,20.3,3752
EONELECT,20110907,62,63.85,61.1,61.6,5806
ERAINFRA,20110907,154.8,155.8,154.15,155.25,279839
EROSMEDIA,20110907,221,250.8,219.05,239,1942314
ESABINDIA,20110907,498,505,495,501.75,5012
ESCORTS,20110907,73.1,75.6,72.65,73.65,2249434
ESL,20110907,7.1,7.35,6.95,7,954871
ESSAROIL,20110907,92.75,95.55,92.3,94.9,1260680
ESSARPORTS,20110907,71.9,73.95,71,71.7,36792
ESSDEE,20110907,213,217.5,203.1,209.75,49368
ESSELPACK,20110907,36.15,38.8,36.15,38.25,40309
ESTER,20110907,29.5,29.5,28.8,28.9,5422
EUROMULTI,20110907,7.85,8.7,7.85,8.25,3698
EUROTEXIND,20110907,21.95,21.95,20.75,20.75,149
EVEREADY,20110907,39.25,39.7,39.25,39.3,39659
EVERESTIND,20110907,142,143.65,140.5,142.9,16266
EVERONN,20110907,227.25,272.7,227.25,248.6,11414284
EXCELCROP,20110907,140,145.25,137.65,144.25,21726
EXCELINDUS,20110907,65.35,65.35,61.55,64,2624
EXCELINFO,20110907,12.95,13,12.3,12.4,55004
EXIDEIND,20110907,145.95,147.95,144.5,146.25,2203238
FACT,20110907,39.95,40.4,39.1,39.25,56771
FAGBEARING,20110907,1214,1225,1175.05,1216.55,1431
FAME,20110907,42.45,45.6,42.45,44.55,2306
FARMAXIND,20110907,2.5,2.55,2.5,2.55,53498
FCH,20110907,157.65,162,156.1,158.25,112786
FCSSOFT,20110907,0.65,0.7,0.65,0.7,716747
FDC,20110907,85.55,88.95,85.5,88.05,62629
FEDDERLOYD,20110907,65.25,71.75,65.25,70.45,31792
FEDERALBNK,20110907,372.95,379.9,372.85,376.3,382781
FIEMIND,20110907,155.5,163,155.5,161.3,1292
FILATEX,20110907,43,43.75,42.05,43,24344
FINANTECH,20110907,796.55,817.4,785.2,808.8,106127
FINCABLES,20110907,40.7,40.7,39.75,40.1,36767
FINPIPE,20110907,70,71,68.8,70.1,119324
FIRSTLEASE,20110907,75.25,82.5,75.05,79.05,51171
FIRSTWIN,20110907,15,16.5,15,16.4,1380
FKONCO,20110907,107.05,112.05,107.05,111.25,31994
FMGOETZE,20110907,225.55,227.9,222.35,225.35,1577
FORTIS,20110907,153.95,154.4,151.6,153.1,259027
FOSECOIND,20110907,512.05,524,512.05,524,132
FOURSOFT,20110907,10.5,12.5,10.15,11.2,269341
FSL,20110907,12.9,13.2,12.65,12.85,2559394
FTCSF5YDIV,20110907,10.7,10.7,10.7,10.7,10000
FTCSF5YGRO,20110907,13,13,13,13,300
FUTUREVENT,20110907,8.9,8.95,8.8,8.8,338062
GABRIEL,20110907,42,43.9,40.25,42.2,20540
GAEL,20110907,24.5,25.4,23.7,25,31135
GAIL,20110907,428,433.8,423.5,426.95,1118634
GAL,20110907,9.55,9.9,9.5,9.7,11347
GALLANTT,20110907,15.75,16,15.3,15.5,7139
GALLISPAT,20110907,95,95,88.2,89.55,108086
GAMMNINFRA,20110907,14.05,14.65,14,14.6,87252
GAMMONIND,20110907,79,82.2,77.9,80.7,23910
GANDHITUBE,20110907,122.95,124.75,122.15,124.25,1159
GANESHHOUC,20110907,122.6,128.55,122.5,125.3,2085
GANGOTRI,20110907,4.5,4.75,4.25,4.35,8925
GARDENSILK,20110907,75.1,77.35,75.1,76.35,12020
GARWALLROP,20110907,59.5,60.8,58,60.3,13157
GATI,20110907,59.25,62.9,57,58.95,828004
GAYAPROJ,20110907,158.25,159,154,154.95,28730
GDL,20110907,134,138.5,132.55,137.55,152243
GEECEE,20110907,32.25,33.4,32.25,32.9,7151
GEINDSYS,20110907,146,147.8,144.55,145.3,3055
GEMINI,20110907,19.6,20.2,19.6,20.1,2564
GENESYS,20110907,208.5,232.3,196.35,224.9,56554
GENUSPOWER,20110907,14.1,14.9,14.1,14.5,40892
GEODESIC,20110907,60.2,62.8,58.6,59.55,273647
GEOJITBNPP,20110907,19.5,19.5,19.25,19.25,35664
GEOMETRIC,20110907,40,40.9,39.1,40,86035
GESHIP,20110907,244.9,247.5,237.3,245,345918
GHCL,20110907,37,37.5,36.45,37.05,46036
GICHSGFIN,20110907,89,92,89,91,44072
GILLANDERS,20110907,89,89.9,86.55,89.6,4400
GILLETTE,20110907,1992.15,2058.4,1992.15,2051.35,1716
GINNIFILA,20110907,7.3,7.7,7.15,7.55,4929
GIPCL,20110907,82.15,82.2,80.2,80.7,47406
GISOLUTION,20110907,11.15,11.6,11.1,11.6,1610
GITANJALI,20110907,321.65,326.4,321,325.15,1288444
GKB,20110907,41.4,41.4,35.6,37.75,6
GKWLIMITED,20110907,485,485,462,470,127
GLAXO,20110907,2123,2141,2115.1,2123.35,17898
GLENMARK,20110907,322.85,324.75,320.65,322.2,946818
GLFL,20110907,3.4,3.45,3.35,3.45,3500
GLOBALVECT,20110907,19.8,20.7,19.4,20.05,1638
GLOBOFFS,20110907,101,104.9,101,102.85,2007
GLOBUSSPR,20110907,122,123.9,121.1,123.7,3004
GLODYNE,20110907,331.35,336,324.3,326.3,75176
GLORY,20110907,3.15,3.2,3.1,3.2,41005
GMBREW,20110907,95.2,99.5,95.2,97,2501
GMDCLTD,20110907,193.9,194.1,185.05,186.75,273793
GMRINFRA,20110907,28.55,30.15,27,29.7,6670985
GNFC,20110907,96.25,96.9,95.15,95.25,52440
GOACARBON,20110907,73.1,79.9,73.1,75.8,13311
GODFRYPHLP,20110907,3589.9,3629,3550,3594.4,6083
GODREJCP,20110907,422,432.4,422,424.8,94134
GODREJIND,20110907,201.4,209.4,198.6,207.55,1218696
GODREJPROP,20110907,699,731,691,719.9,14556
GOENKA,20110907,44.9,45.1,44,44.1,7696
GOKEX,20110907,72.25,81,72.25,78.35,2011
GOKUL,20110907,89.7,89.7,85.1,88.2,1430
GOLDBEES,20110907,2701,2701,2626,2642.55,341254
GOLDENTOBC,20110907,59.5,61.5,59.5,60.5,925
GOLDIAM,20110907,31,34.9,31,34.65,5106
GOLDINFRA,20110907,13.6,14.35,13.6,13.7,2149
GOLDSHARE,20110907,2694.95,2709,2650,2676.7,17405
GOLDTECH,20110907,7.1,7.2,6.95,7.1,28474
GPIL,20110907,134.1,137.8,134.1,136.8,15151
GPPL,20110907,67.5,74,65.5,66.55,158740
GRABALALK,20110907,19.25,19.25,18.85,18.85,1780
GRANULES,20110907,70.6,73.5,70.6,73.5,2431
GRAPHITE,20110907,80,80,78.6,79.3,30330
GRASIM,20110907,2173.8,2224.9,2162.05,2213.2,107568
GRAVITA,20110907,334.65,334.65,323.65,326.35,69059
GREAVESCOT,20110907,88.85,88.85,86.7,87.7,25101
GREENPLY,20110907,191.5,196,189.9,195.65,11961
GREENPOWER,20110907,13.3,13.75,13.1,13.35,342693
GRINDWELL,20110907,235,238.9,233.55,235.65,4824
GRUH,20110907,477,484.95,475.1,484.4,5627
GSFC,20110907,433,437.7,424,430.05,217549
GSKCONS,20110907,2341,2445,2340,2437.5,155351
GSLNOVA,20110907,2.8,2.8,2.6,2.75,2264
GSPL,20110907,104.9,107.7,104,106.15,2470966
GSS,20110907,135.7,144,133,141.9,18295
GTL,20110907,51,53.6,51,51.85,1657551
GTLINFRA,20110907,12.4,12.8,12.35,12.45,1039034
GTNIND,20110907,11.5,13.55,11.5,13.55,3
GTNTEX,20110907,11,13,10.75,12.1,1356
GTOFFSHORE,20110907,146.5,153.8,146.2,150.15,219406
GUFICBIO,20110907,6.05,6.5,6.05,6.3,2753
GUJALKALI,20110907,143.3,148.35,143.3,147.2,78688
GUJAPOLLO,20110907,131,137,130.55,133.75,6544
GUJFLUORO,20110907,533.75,545,532,540.2,119999
GUJNRECOKE,20110907,26.65,27.75,26.65,27.35,2161527
GUJNREDVR,20110907,17.9,18.25,17.5,17.75,95404
GUJRATGAS,20110907,451,458,447.9,450.25,54181
GUJSIDHCEM,20110907,8.1,9,8.1,8.7,342592
GULFOILCOR,20110907,79.4,81.45,78.6,79.9,53457
GVKPIL,20110907,17.75,18.3,17.65,18.15,8385125
HALONIX,20110907,68.4,69.75,66,66.65,1331
HANUNG,20110907,103.7,108,103.7,107.3,444948
HARITASEAT,20110907,82.8,82.8,82.8,82.8,780
HARRMALAYA,20110907,66.4,67,65,65.4,34507
HATHWAY,20110907,85.7,90,85.7,87.95,79272
HAVELLS,20110907,356.6,363.25,353.5,360.35,236781
HBLPOWER,20110907,16.45,16.45,15.95,16.25,62383
HBSTOCK,20110907,14,14,12.25,13.35,1377
HCC,20110907,29.7,31.7,29.4,31.25,3695732
HCIL,20110907,52.25,52.65,51.55,52.3,29695
HCL-INSYS,20110907,67.6,68.4,67.45,67.7,83063
HCLTECH,20110907,397,410.65,395.85,406.55,1868058
HDFC,20110907,659.7,670.7,657.4,667.5,2961076
HDFCBANK,20110907,476,489.95,472.85,488.1,3686643
HDFCMFGETF,20110907,2769.9,2769.9,2702,2729.55,5749
HDIL,20110907,104,110.25,104,108.8,8975502
HEG,20110907,219.6,225.65,219.6,224.4,14214
HEIDELBERG,20110907,35.5,37.5,35.4,36,334180
HELIOSMATH,20110907,25.85,26,24.7,25.3,9557
HERCULES,20110907,260.7,272.4,258,260.7,658941
HERITGFOOD,20110907,180,181,177.9,178.1,1298
HEROMOTOCO,20110907,2180,2187.2,2135.25,2172.9,527380
HEXAWARE,20110907,80.6,81.9,78.4,80.5,1385997
HFCL,20110907,12.95,13.35,12.8,13.1,1132668
HGSL,20110907,336,346.5,336,342.8,2220
HIKAL,20110907,286.85,286.9,278.35,280,1660
HILTON,20110907,15.7,15.7,14.65,15.3,5611
HIMATSEIDE,20110907,33,33,31.25,31.6,26314
HINDALCO,20110907,156.2,163.7,154.85,159.9,10346586
HINDCOMPOS,20110907,490,490,473,473,7
HINDCOPPER,20110907,231,234.5,229.95,231.3,45211
HINDDORROL,20110907,35.45,39.5,35.45,37.55,296595
HINDMOTORS,20110907,14.45,14.85,14.3,14.45,201082
HINDNATGLS,20110907,195,199.9,190,197.7,506
HINDOILEXP,20110907,128,131.7,126.55,130.15,1189270
HINDPETRO,20110907,389.1,392.4,385,391.8,784820
HINDSYNTEX,20110907,2.65,2.9,2.65,2.9,90
HINDUJAFO,20110907,71,73.55,71,73.5,3605
HINDUJAVEN,20110907,318,318,307,313.95,1053
HINDUNILVR,20110907,320,322.5,318.35,320.5,2609747
HINDZINC,20110907,126.95,130.3,126.95,128.3,606728
HIRECT,20110907,43.25,46.2,43.25,45.65,8809
HITACHIHOM,20110907,170.05,175.75,164.4,168.25,96931
HITECHGEAR,20110907,131,139,127.25,137.85,3462
HITECHPLAS,20110907,78,79.9,75.3,78.55,919
HMT,20110907,44.45,45.8,44.15,45.05,139493
HMVL,20110907,147.9,147.9,143.5,144.75,8730
HNGSNGBEES,20110907,1230,1271,1215.3,1256.43,73
HOCL,20110907,25,26,24.95,25.2,111044
HONAUT,20110907,2537.6,2620,2537.6,2579.8,928
HONDAPOWER,20110907,391.65,397.7,391.65,393.6,725
HOPFL,20110907,59.3,63.5,59.3,62.65,1397
HORIZONINF,20110907,269.95,278.8,260.35,272.1,5633
HOTELEELA,20110907,39.35,39.9,39.15,39.35,230168
HOTELRUGBY,20110907,7.3,7.8,7.3,7.8,5362
HOVS,20110907,52.3,54.25,51,51.9,70962
HSIL,20110907,201.05,204.55,200.5,203,113665
HTMEDIA,20110907,149.9,149.9,147.05,147.65,102473
HYDRBADIND,20110907,320,333,320,329.45,9689
HYDROS&S,20110907,22.5,22.5,19.25,20.45,2523
IBPOW,20110907,14.9,15.2,14.8,15.1,144227
IBREALEST,20110907,83.1,88.5,83.1,87.85,4201517
IBSEC,20110907,9.3,9.6,9.15,9.5,335617
IBWSL,20110907,3.6,3.6,3.6,3.6,88736
ICICIBANK,20110907,894,906.55,890.1,897.35,3356380
ICIL,20110907,8.05,10,8.05,10,1631
ICRA,20110907,970.15,989.5,970.15,979.1,4655
ICSA,20110907,80.35,84,79.95,82.95,96492
IDBI,20110907,108.15,111.05,108.1,110.15,1813677
IDEA,20110907,98.6,100.7,98.6,99.7,4378530
IDFC,20110907,113.2,117.2,112.2,115.6,10518580
IFBIND,20110907,117.5,124.3,117.5,121.5,98447
IFCI,20110907,35.9,37.5,35.55,36.5,18942541
IFGLREFRAC,20110907,32,34.2,30.35,33.4,8142
IGARASHI,20110907,45.65,48.45,45.65,46.45,1570
IGL,20110907,448,454,441.05,444.2,187228
IGPL,20110907,23.5,25,23.5,24.95,766
IL&FSENGG,20110907,89.8,90.9,87,89.8,34185
IL&FSTRANS,20110907,184.95,184.95,181,182.05,57256
IMFA,20110907,335,360.3,335,359.55,15238
IMPAL,20110907,650,650,630.5,630.5,62
IMPEXFERRO,20110907,7.7,8.4,7.7,7.95,597
INDBANK,20110907,8.6,8.8,8.2,8.65,27530
INDHOTEL,20110907,72.8,74.55,72.2,73.55,777654
INDIABULLS,20110907,147.7,153.85,147.65,152.95,519141
INDIACEM,20110907,70.85,73.35,70,72.35,2011966
INDIAGLYCO,20110907,129.8,134.4,129.35,132.3,57965
INDIAINFO,20110907,75.2,76.5,74.2,75.85,364905
INDIANB,20110907,210.7,216.45,210.7,211.5,279254
INDIANCARD,20110907,90.7,98.4,90.7,94.5,30
INDIANHUME,20110907,127.95,132,127.95,130,3920
INDLMETER,20110907,82,83.45,81,82.7,729
INDNIPPON,20110907,283.25,283.25,258,261.8,108
INDOCO,20110907,382.8,409.65,382,405.8,2323
INDORAMA,20110907,33.85,35,33.1,34.15,29981
INDOSOLAR,20110907,9.45,9.5,9,9.05,328352
INDOTECH,20110907,118.2,123.5,118.1,119.2,10772
INDOWIND,20110907,13.95,14.15,13.95,14.15,54366
INDRAMEDCO,20110907,35.3,35.3,34.75,35.05,8395
INDSWFTLAB,20110907,84.5,87.95,84.05,86.1,37990
INDSWFTLTD,20110907,27,30.7,27,30,42532
INDTERRAIN,20110907,110,113,110,112.35,197
INDUSFILA,20110907,17.5,17.75,17.5,17.55,878
INDUSINDBK,20110907,253.1,264.95,253.1,262.95,318743
INEABS,20110907,550,569.9,547.05,556.6,4883
INFINITE,20110907,95.65,95.7,95.65,95.7,4902
INFODRIVE,20110907,10.9,11.15,10.3,10.65,11884
INFOMEDIA,20110907,13.4,13.65,13,13.55,10765
INFOTECENT,20110907,126.8,126.8,122.5,123.15,3448
INFRABEES,20110907,278.5,286.5,278.5,285.05,49
INFY,20110907,2297.9,2314.3,2267.65,2291.45,1644679
INGERRAND,20110907,470,475,463,471.55,8197
INGVYSYABK,20110907,294,299.65,293.9,295.75,254626
INNOIND,20110907,85,86.4,82.55,85.25,45036
INOXLEISUR,20110907,46.5,49.8,44.75,48.25,267460
INSECTICID,20110907,388.35,391.5,382.2,387.95,110262
INVENTURE,20110907,141.1,147.5,138.6,145.9,414199
IOB,20110907,108.8,112.85,108.1,111.15,742374
IOC,20110907,318,320,315.95,317.1,227467
IOLCP,20110907,31.95,31.95,30.5,31.35,194
IOLN,20110907,6.6,6.6,6.6,6.6,2194
IPCALAB,20110907,315,316,312,314,141921
IPGETF,20110907,2782.8,2789.5,2703,2744.65,1013
IPRINGLTD,20110907,67,70,67,70,504
IRB,20110907,163.2,172.15,162.45,170.5,1431753
ISFT,20110907,57.1,57.95,55.6,55.95,90
ISMTLTD,20110907,38.05,39.35,37.75,38.55,35571
ITC,20110907,203,203.55,199.5,200.05,7186851
ITDCEM,20110907,149.6,154,145,151,3007
ITI,20110907,25.75,26.3,25.7,25.8,114095
IVC,20110907,29.8,31.9,29.1,29.9,26050
IVP,20110907,48,48,44.5,46,1204
IVRCLAH,20110907,30.75,36.5,30.75,33.55,219428
IVRCLINFRA,20110907,39,45.5,39,44.75,17970319
J&KBANK,20110907,801.05,814,800,801.65,11519
JAGRAN,20110907,107.25,112.4,106.85,107.5,161380
JAGSNPHARM,20110907,13.1,13.3,13.1,13.15,1099
JAIBALAJI,20110907,132,144.9,128,138.75,338650
JAICORPLTD,20110907,86.5,91.35,85.65,89.8,873029
JAINSTUDIO,20110907,8.7,9.25,8.7,9.25,5795
JAMNAAUTO,20110907,120,120,118.05,119.3,438
JAYAGROGN,20110907,87.45,91.05,86.95,88.05,20544
JAYBARMARU,20110907,63,68,61.55,64.35,1706
JAYNECOIND,20110907,18.25,20,18.25,19.75,124615
JAYSREETEA,20110907,140.9,143.5,139.3,141.95,33296
JBCHEPHARM,20110907,86.5,88.7,86.1,86.9,383413
JBFIND,20110907,129.95,135.8,128.2,134.75,103217
JBMA,20110907,62,62.35,62,62.35,640
JCTEL,20110907,1.45,1.5,1.4,1.5,257670
JENSONICOL,20110907,4,4.15,3.95,4.1,14174
JETAIRWAYS,20110907,294.7,308.3,291.2,305.1,1799634
JHS,20110907,37.9,42,37.9,40.95,182406
JIKIND,20110907,6.2,6.45,6.2,6.4,1895
JINDALPHOT,20110907,152.55,161.3,152.25,155.3,143493
JINDALPOLY,20110907,214,223.7,212,216.3,561018
JINDALSAW,20110907,126.6,132.7,126.4,130.2,331795
JINDALSTEL,20110907,553.5,570,545,563.05,2725222
JINDALSWHL,20110907,675,703,673,692.95,85039
JINDCOT,20110907,95.65,97.8,93.6,93.9,18514
JINDRILL,20110907,360.55,373.9,360.1,366.45,2553
JINDWORLD,20110907,135,144,133.7,138.35,27733
JISLJALEQS,20110907,174.05,176.35,170,170.95,1578609
JKCEMENT,20110907,112,116.7,109.45,114.8,19685
JKIL,20110907,116.85,125.9,114.1,121.8,64755
JKLAKSHMI,20110907,40,43,39.4,42.25,217218
JKPAPER,20110907,45.15,46.9,44.55,45.85,70290
JKTYRE,20110907,86.4,86.8,84.6,85.4,61957
JMCPROJECT,20110907,130.55,137.9,130.55,134.2,3996
JMFINANCIL,20110907,18.4,19.35,18.2,18.9,494870
JMTAUTOLTD,20110907,60.5,64,60.3,63.05,900
JOCIL,20110907,276,281.65,276,279.65,3739
JPASSOCIAT,20110907,67.3,71.8,67.3,71.35,35553777
JPINFRATEC,20110907,42.05,43.2,42,42.65,357420
JPPOWER,20110907,33.9,34.9,33.7,34.7,527636
JSL,20110907,98.6,99.8,98.1,98.35,11383
JSWENERGY,20110907,56,58.6,55.75,57.75,770866
JSWISPAT,20110907,15.25,15.5,15.15,15.3,2614454
JSWSTEEL,20110907,729.65,746.3,722.4,736.85,1813922
JUBILANT,20110907,193.9,200.7,193.35,198.2,259913
JUBLFOOD,20110907,1005,1008.9,948,956.75,1385281
JUBLINDS,20110907,176.7,182.2,171.3,178.95,8780
JUMBO,20110907,19,19,18.55,18.9,2248
JUNIORBEES,20110907,101.51,103.7,101.51,102.79,61699
JUPITER,20110907,15.6,16.65,15.5,16.3,466975
JVLAGRO,20110907,14.6,14.7,13.5,14,146673
JYOTHYLAB,20110907,175.75,182,174,177.1,282870
JYOTISTRUC,20110907,69,69.4,67.25,68.85,84493
KABRAEXTRU,20110907,40,42,39.5,41.8,13016
KAJARIACER,20110907,106.8,109.9,105,107.55,38529
KAKATCEM,20110907,71,72.5,69.8,71.2,855
KALECONSUL,20110907,74,74.85,72.35,72.9,3295
KALINDEE,20110907,117.9,125.9,116.9,121.45,402480
KALPATPOWR,20110907,114.9,116.5,113.5,115.8,14279
KAMATHOTEL,20110907,83.5,86,83.5,84.35,3446
KANDAGIRI,20110907,70,73,70,70,310
KANORICHEM,20110907,34.6,34.85,34,34.4,34197
KANSAINER,20110907,823,834,782.9,825.1,1404
KARMAENG,20110907,11.45,12.2,11.45,11.95,6227
KARURKCP,20110907,29.95,29.95,28.2,28.9,1457
KARURVYSYA,20110907,362.1,374.95,362.1,374.1,113224
KAUSHALYA,20110907,8.45,8.85,8.45,8.55,5708
KAVVERITEL,20110907,126.05,132.65,126.05,130.25,24487
KBIL,20110907,699,699,655,659.5,697
KCP,20110907,26.35,26.75,25.65,26.35,40579
KCPSUGIND,20110907,15.4,15.4,15,15.1,21146
KEC,20110907,57.35,60.8,57.1,58.55,412171
KECL,20110907,33.7,35.95,33.55,35.95,3388
KEI,20110907,17,17.35,17,17.1,28053
KEMROCK,20110907,539.9,544.8,535,538.25,3446
KERNEX,20110907,102.4,105.3,100.2,103.05,94326
KESARENT,20110907,51.1,51.9,50.5,50.7,431
KESORAMIND,20110907,129.65,133.4,126.65,130.3,32936
KEYCORPSER,20110907,49.2,52,48.55,48.55,501
KFA,20110907,27.55,28.35,27.1,28,1988273
KGL,20110907,9.35,9.35,9,9.1,948158
KHAITANELE,20110907,96.8,102,95.8,100.6,3967
KICL,20110907,491,524.8,491,515.45,466
KIL,20110907,13.5,14,13.4,13.7,10299
KILITCH,20110907,84.45,84.45,84.45,84.45,3791
KINETICMOT,20110907,16,16.8,15.65,16.5,40163
KIRIINDUS,20110907,154.5,159,151.15,152.5,22798
KIRLOSBROS,20110907,159,159,153.5,156.5,2233
KIRLOSENG,20110907,120.1,127.95,120.1,126.45,4787
KIRLOSIND,20110907,310,323.95,299,301.95,846
KITPLYIND,20110907,3.6,3.65,3.6,3.6,581
KKCL,20110907,824,858.65,819.95,830.05,6132
KLGSYSTEL,20110907,32.65,36.4,32.65,35.45,41734
KLRF,20110907,28,28,23.45,25.5,1072
KMSUGAR,20110907,3,3.1,2.85,2.85,6888
KNRCON,20110907,104.5,106.5,103.65,105.55,12536
KOHINOOR,20110907,39.3,40.2,39.3,39.65,33522
KOLTEPATIL,20110907,38.35,40.15,38.35,39.95,21742
KOPDRUGS,20110907,4.8,4.8,4.8,4.8,1
KOPRAN,20110907,24.7,25.55,24.3,24.7,63586
KOTAKBANK,20110907,463.45,470.2,459,468.6,862258
KOTAKGOLD,20110907,2705,2710,2622,2666.2,148615
KOTAKNIFTY,20110907,519,522,517.05,519.66,3060
KOTAKPSUBK,20110907,343,351,343,348.43,704
KOTARISUG,20110907,6.15,6.3,6.05,6.1,18036
KOTHARIPET,20110907,7.2,7.6,7.2,7.3,5135
KOTHARIPRO,20110907,593.95,594,578.35,582.2,3508
KOUTONS,20110907,21.35,22.95,21.15,22.35,107560
KPIT,20110907,152.7,154.85,150,151.65,82988
KPRMILL,20110907,99,102,97.1,100.35,2685
KRBL,20110907,26.2,26.5,25.85,25.95,506556
KRISHNAENG,20110907,3.25,3.5,3.2,3.5,2829
KSBPUMPS,20110907,219,220.8,217.5,218.8,3546
KSCL,20110907,460,480,460,472.9,22964
KSK,20110907,102,105.8,99.55,99.9,498076
KSL,20110907,58,59.65,57,58.95,80924
KSOILS,20110907,9.45,10.2,9.45,9.9,8018897
KTIL,20110907,74.05,77.85,72.3,72.5,266
KTKBANK,20110907,97.7,100,97.5,98.45,1119206
KWALITY,20110907,160,166.5,160,166.15,479991
L&TFH,20110907,52,52.7,51.35,52.1,5477769
LAKPRE,20110907,38.25,41.4,38.25,40.5,2826
LAKSHMIEFL,20110907,24.8,25.95,24.5,25.35,40431
LAKSHMIMIL,20110907,1799.95,1799.95,1799.95,1799.95,10
LAKSHVILAS,20110907,106,107.85,105.1,105.9,36374
LANCOIN,20110907,33.5,36.6,33.5,34.85,17763
LAOPALA,20110907,125,135.8,113.9,117.15,684141
LAXMIMACH,20110907,2000,2060,1993.4,2035.7,2894
LCCINFOTEC,20110907,0.6,0.6,0.55,0.6,16717
LGBBROSLTD,20110907,282.45,286,277,285.85,1927
LGBFORGE,20110907,2.7,3.2,2.7,3.1,101261
LIBERTSHOE,20110907,83.75,84.5,82.7,84.05,26676
LICHSGFIN,20110907,222,223.7,218.6,219.9,2268960
LIQUIDBEES,20110907,1000,1000.01,999.99,1000,117797
LITL,20110907,17.6,18.6,17.55,18.4,17877285
LLOYDELENG,20110907,50.8,53.2,50.8,52.85,21085
LLOYDFIN,20110907,1.05,1.1,1.05,1.1,2650
LLOYDSTEEL,20110907,15.15,15.3,14.9,15.1,194564
LML,20110907,9.2,9.65,9.15,9.45,208755
LOGIXMICRO,20110907,13.3,13.5,12.7,13.35,7465
LOKESHMACH,20110907,40.85,41.75,40.85,41.7,707
LOTUSEYE,20110907,9.8,10,9.8,9.9,18309
LOVABLE,20110907,625.5,637,612.5,617.35,1324407
LPDC,20110907,2.9,2.95,2.6,2.9,6331
LT,20110907,1644.15,1693.9,1644.15,1680.05,2107322
LUMAXAUTO,20110907,25.5,27.25,25.5,27.2,1652
LUMAXIND,20110907,320.05,329.95,320.05,325,5141
LUMAXTECH,20110907,170,175.2,168.5,174.05,14669
LUPIN,20110907,487.6,487.6,466.7,468.95,1389012
LYKALABS,20110907,15.45,15.45,14.8,15,16635
M&M,20110907,800.55,810.65,779.65,785.4,2480050
M&MFIN,20110907,660,671.7,641.1,662.45,121375
M100,20110907,7.47,7.47,7.3,7.38,126539
M50,20110907,68,69.7,67.75,68.6,37546
MAANALU,20110907,51.85,51.85,48.1,50,126
MADHAV,20110907,17.5,19.2,17.5,18.4,1048
MADHUCON,20110907,79.9,81,77.55,79.45,9741
MADRASCEM,20110907,89.55,92.35,89.15,91.2,792266
MADRASFERT,20110907,24.5,24.85,23.75,23.9,307452
MAGMA,20110907,74,74,72.2,72.75,1696
MAGNUM,20110907,4.9,5.4,4.8,5.3,10885
MAHABANK,20110907,50.5,51.55,50.4,50.75,115101
MAHINDFORG,20110907,65.7,65.7,63.2,63.9,13226
MAHINDUGIN,20110907,48.15,50.5,48.15,48.5,2546
MAHLIFE,20110907,316.55,319.9,306.4,307.85,9918
MAHSCOOTER,20110907,325,334.95,325,327.45,196
MAHSEAMLES,20110907,350,360,350,357.4,2168
MAITHANALL,20110907,98,103,98,102,1200
MALUPAPER,20110907,12.2,12.2,11.8,11.9,987
MALWACOTT,20110907,26.5,29.95,26.5,28.6,830
MANAKSIA,20110907,59,62.5,59,61.75,9632
MANALIPETC,20110907,11.35,11.65,11.05,11.6,96575
MANAPPURAM,20110907,58,58.45,56.5,56.85,607837
MANDHANA,20110907,212,212.45,206.25,211.9,142639
MANGALAM,20110907,13,13.9,12.55,13.05,3591
MANGCHEFER,20110907,33.95,38,33.4,34.6,762269
MANGLMCEM,20110907,106.75,106.75,103,105.95,37805
MANGTIMBER,20110907,17.05,18.25,17.05,17.35,1487
MANINDS,20110907,135.05,149.95,135.05,141.75,33208
MANINFRA,20110907,117.9,119.8,112.5,117.6,8370
MANJEERA,20110907,97.4,97.4,86.05,86.1,112
MANJUSHREE,20110907,89.1,90.5,87.05,89.8,23049
MANUGRAPH,20110907,50,50.75,49.6,49.95,11373
MARALOVER,20110907,11.1,12,11.1,12,102
MARG,20110907,83,94,82.1,86.55,267753
MARICO,20110907,160.95,165,160.75,164.35,131858
MARKSANS,20110907,2.45,2.55,2.35,2.35,487536
MARUTI,20110907,1103.45,1139.9,1093.3,1126.4,720712
MASTEK,20110907,95.25,100.75,95.05,98.55,199225
MAWANASUG,20110907,19.1,19.35,19.1,19.2,3140
MAX,20110907,192.3,204.75,192,200.75,871935
MAXWELL,20110907,24.5,25.9,24.5,25.3,71016
MBECL,20110907,131.6,131.6,127.5,129.9,8898
MBLINFRA,20110907,136.45,136.45,125.1,130.35,18514
MCDHOLDING,20110907,61.1,62.8,61.1,62.05,12238
MCDOWELL-N,20110907,925,931.2,902.55,923.7,213611
MCLEODRUSS,20110907,249.55,254,247.9,252.35,142527
MEGASOFT,20110907,17.4,18.4,17.15,17.65,9043
MEGH,20110907,10.15,10.2,9.95,10,72581
MELSTAR,20110907,7.9,8.5,7.9,8.5,5228
MERCK,20110907,643,650,638.2,640,1066
MHRIL,20110907,348,355,348,351.7,2600
MIC,20110907,12.6,12.8,12.25,12.4,364152
MICROSEC,20110907,27.1,28.9,27.1,28.75,3236
MICROTECH,20110907,120,121.5,119,120.05,23139
MINDAIND,20110907,198,203.8,188,190.65,3816
MINDTREE,20110907,344.05,347,337,338.8,27131
MIRCELECTR,20110907,18.35,19.4,18.35,19.15,37384
MIRZAINT,20110907,17.7,18.7,17.5,18,58055
MLL,20110907,25.15,27.2,25.05,26.75,2400136
MMFL,20110907,98.05,103.45,98.05,100.45,4506
MMFSL,20110907,105,105.15,103.5,105.15,23872
MMTC,20110907,696.05,737,690,716.2,30936
MOIL,20110907,303.25,306,301.3,302.1,113990
MONNETISPA,20110907,499.8,503.95,497.95,499.95,3394
MONSANTO,20110907,1800,1819,1791.1,1807.95,1173
MORARJETEX,20110907,13.05,14.95,13.05,14.35,1819
MOREPENLAB,20110907,4.05,4.15,4,4.05,327101
MOSERBAER,20110907,22.6,23.7,22.3,23.3,1715414
MOTHERSUMI,20110907,207.6,216.8,207,211.15,478634
MOTILALOFS,20110907,85.5,88.45,85,86.65,4252
MOTOGENFIN,20110907,42.5,42.5,40.5,40.55,429
MPHASIS,20110907,356.3,365.05,354.15,356.35,457469
MPSLTD,20110907,35.05,35.9,34.05,34.45,1082
MRF,20110907,7300,7370,7200,7249.35,13833
MRO-TEK,20110907,11.2,12.25,10.9,11.3,65526
MRPL,20110907,67,68,66.25,67.45,844641
MSPL,20110907,45,45.45,43.3,44.85,9777
MTNL,20110907,36.25,37.3,36.25,37,656757
MUDRA,20110907,23.6,24.75,23.6,24.6,4034
MUKANDENGG,20110907,27.8,29.9,27.8,28.65,2718
MUKANDLTD,20110907,34.15,36.3,34.1,35.55,34481
MUKTAARTS,20110907,38.5,41.4,38.5,40.3,2458
MUNDRAPORT,20110907,155.3,162,154.5,160.05,1871504
MUNJALAU,20110907,177,179.8,175.3,176.3,8652
MUNJALSHOW,20110907,64,66,64,64.7,12576
MURLIIND,20110907,25.5,25.6,25.5,25.6,6250
MURUDCERA,20110907,17.3,17.5,16.85,17.2,18005
MUTHOOTFIN,20110907,183.5,186.5,181.75,182.4,78864
MVL,20110907,25.8,25.8,24.15,24.6,215336
MVLIND,20110907,13.25,14.45,13.05,13.6,1832
MYSOREBANK,20110907,615.3,634.5,608.05,615.1,7234
N100,20110907,99.98,100,96.65,98.95,394
NAGREEKCAP,20110907,25.1,26.6,25.1,25.65,452
NAGREEKEXP,20110907,18,22.5,18,22.5,8356
NAHARCAP,20110907,53.5,56.5,53.4,54.05,6140
NAHARINDUS,20110907,43.05,47,43.05,45.05,1134
NAHARPOLY,20110907,24,24.75,23.6,24.3,423
NAHARSPING,20110907,61.35,65.85,61.35,63.6,15397
NANDAN,20110907,2.75,2.8,2.65,2.8,175389
NATCOPHARM,20110907,248.95,252.7,248.95,250.4,6191
NATIONALUM,20110907,66.25,68.4,65.2,66.05,375892
NATNLSTEEL,20110907,15.6,17.4,15.6,16.95,39303
NAUKRI,20110907,709,721.5,697,715.9,1399
NAVINFLUOR,20110907,340,358.45,339.9,349.1,44576
NAVNETPUBL,20110907,65,66.5,63.7,65.8,275285
NBVENTURES,20110907,171.9,172.75,168.55,170.3,10677
NCC,20110907,61.5,68.3,61.5,64.9,2081063
NCLIND,20110907,35.35,37,35.2,36.3,21330
NDTV,20110907,49.3,51.2,48.4,50.6,65802
NECLIFE,20110907,18.7,19.45,18.4,19.15,51151
NEHAINT,20110907,118,122.2,116.2,121.35,166159
NELCAST,20110907,28.3,29.55,24.6,25.25,144572
NELCO,20110907,58.95,61.5,58.95,59.5,77389
NEOCURE,20110907,2.35,2.45,2.35,2.45,202
NEPCMICON,20110907,3.8,4.1,3.8,3.95,11189
NESCO,20110907,606,632,600.2,615.55,222339
NESTLEIND,20110907,4448.6,4495,4433.05,4454.1,22592
NET4,20110907,144,145,137.75,141.3,32218
NETWORK18,20110907,94,96.9,94,96.6,49921
NEULANDLAB,20110907,86.85,93.5,85,90.25,2808
NEXTMEDIA,20110907,5,5,4.65,5,11329
NEYVELILIG,20110907,87.25,89.3,87.15,87.6,225599
NFL,20110907,78.6,79.7,78.3,78.65,68446
NHPC,20110907,23.8,24.05,23.75,23.85,5083104
NICCO,20110907,2.85,2.9,2.8,2.9,2000
NIFTYBEES,20110907,518,523.5,517,521.28,108333
NIITLTD,20110907,47,47.15,46.05,46.45,125611
NIITTECH,20110907,197,212,197,210.2,335361
NILKAMAL,20110907,244,280,244,268.5,3797
NIPPOBATRY,20110907,395,400,395,399.05,171
NISSAN,20110907,2.2,2.3,2.2,2.25,116507
NITCO,20110907,51.05,53.45,51.05,52.3,7485
NITESHEST,20110907,19.4,20.4,19.4,19.7,179939
NITINFIRE,20110907,142,147.4,141.45,144.1,846220
NITINSPIN,20110907,6.65,7.35,6.65,7.2,15441
NMDC,20110907,230,231.45,227.9,230.1,114803
NOCIL,20110907,16.05,16.5,16.05,16.35,176314
NOIDATOLL,20110907,24.3,24.85,23.85,24.35,124003
NOL,20110907,38,38,37.8,37.8,2000
NORBTEAEXP,20110907,5.3,5.5,5.15,5.2,3014
NORTHGATE,20110907,11.4,11.5,10.8,10.8,17511
NOVOPANIND,20110907,40.25,42,40.25,41.1,1607
NRBBEARING,20110907,45.9,45.9,44.75,45.05,20330
NRC,20110907,4.5,4.55,4.2,4.25,24382
NSIL,20110907,625.1,709.95,625.1,657.75,1377
NTPC,20110907,162.9,168.35,162.5,167.9,4435549
NUCENT,20110907,1.7,1.7,1.7,1.7,34
NUCHEM,20110907,3,3.25,3,3.1,4928
NUCLEUS,20110907,64.5,64.6,63.7,64.1,7854
NUMERICPW,20110907,209.7,209.7,204,207.95,2527
NUTEK,20110907,3.1,3.5,3,3.05,7659848
OBEROIRLTY,20110907,225,228.9,223,223.85,55749
OCL,20110907,96,99,94.3,97.7,15389
OFSS,20110907,1822.05,1914.65,1815.05,1899.85,79228
OIL,20110907,1289.6,1302.95,1289.6,1297.05,35592
OILCOUNTUB,20110907,65.25,67,65.25,66.15,6221
OISL,20110907,60,60,53.55,54.25,19529
OMAXAUTO,20110907,40,40.9,38.5,39.95,5445
OMAXE,20110907,138.7,140.8,137.3,140.05,190847
OMKARCHEM,20110907,70.4,71.55,69,69.35,4821
OMMETALS,20110907,28,29.9,28,28.7,6100
OMNITECH,20110907,144.05,149.9,143.5,147.75,68190
ONGC,20110907,261,264.1,260.5,262.45,5736392
ONMOBILE,20110907,65,65.8,63,63.95,762067
ONWARDTEC,20110907,36,36,34,34.2,471
OPTOCIRCUI,20110907,258.65,260.95,256.5,257.35,334221
ORBITCORP,20110907,37.9,38.45,37.1,37.8,403862
ORCHIDCHEM,20110907,208.25,210.4,201,202,1696221
ORIENTABRA,20110907,31.5,34,31.5,33.35,53066
ORIENTALTL,20110907,8.05,8.1,8,8.1,1125
ORIENTBANK,20110907,305.7,316.65,305.7,313.1,242936
ORIENTCERA,20110907,50,50,48,49.05,236
ORIENTHOT,20110907,28.4,29.95,25.6,26.95,47727
ORIENTLTD,20110907,80,80,77,77,238
ORIENTPPR,20110907,58.1,62.35,58.1,61.9,595676
ORISSAMINE,20110907,48270.05,51940.15,47800.2,49621.5,4494
OSWALMIN,20110907,23.15,23.15,23.15,23.15,1
OUDHSUG,20110907,23.8,24.1,23.1,23.95,13662
PAEL,20110907,23.55,24.05,23.2,23.4,2857
PAGEIND,20110907,2594.95,2769.95,2570,2592.25,36192
PANACEABIO,20110907,142.1,145.6,142,143.4,2288
PANASONIC,20110907,113,114.9,110.9,114.9,2281
PANCARBON,20110907,132,132,132,132,100
PANORAMUNI,20110907,13.3,13.55,13,13.45,42462
PANTALOONR,20110907,306.8,310.5,300.2,302.9,273548
PAPERPROD,20110907,78.9,82.9,78.9,81.7,16728
PARABDRUGS,20110907,26.75,28.5,26.4,27.75,85894
PARACABLES,20110907,3.05,3.2,3.05,3.1,9216
PARAL,20110907,236.15,273.95,236,259.25,217711
PARAPRINT,20110907,25.2,25.55,24.25,24.65,91674
PARASPETRO,20110907,0.5,0.55,0.5,0.55,64947
PARRYSUGAR,20110907,96,100,95.55,98.35,261
PARSVNATH,20110907,57.5,59.95,57.5,59.65,3376467
PATELENG,20110907,104,110.9,103.55,109.75,1494535
PATINTLOG,20110907,31,35,30.9,32.9,98553
PATNI,20110907,284.65,286.75,277.55,280,110102
PATSPINLTD,20110907,12.3,13.45,12.3,12.55,2187
PBAINFRA,20110907,45.65,48.2,45.65,47.8,13822
PDPL,20110907,101,104,97.65,102.75,783
PDUMJEIND,20110907,19.1,19.1,19,19.1,112
PDUMJEPULP,20110907,18.5,19,18.35,18.55,7664
PEACOCKIND,20110907,3.2,3.2,2.75,3.1,14
PEARLPOLY,20110907,22,23.5,22,23.15,6625
PENIND,20110907,38.45,39,37.9,38.4,5629
PENINLAND,20110907,48.75,48.75,46.15,47.35,111789
PERIATEA,20110907,145.5,145.5,145.5,145.5,2
PERSISTENT,20110907,314.45,314.45,301,306.15,12184
PETRONENGG,20110907,321.1,337.8,321.1,323.8,1838
PETRONET,20110907,178,179.4,173.3,173.75,1292386
PFC,20110907,146,153.3,146,150.25,3301086
PFIZER,20110907,1430,1440,1420,1432.55,2925
PFOCUS,20110907,60.45,62.9,59.45,61.05,1011589
PFS,20110907,16.6,17,16.3,16.6,64854
PGHH,20110907,1958,1994.95,1931.1,1971.4,1116
PHILIPCARB,20110907,140.25,150.95,140.25,149.6,93484
PHOENIXLTD,20110907,222.9,225,220.05,221.65,19758
PIDILITIND,20110907,172,172,169.5,171.1,304772
PIIND,20110907,601,628.5,600,616.3,12895
PIONDIST,20110907,51,51,48,48,452
PIONEEREMB,20110907,12,12,11.95,12,3471
PIPAVAVYD,20110907,81,81,76.25,76.8,3862364
PIRGLASS,20110907,125.25,132.85,125.25,132.2,10927
PIRHEALTH,20110907,359.9,363.35,358.1,361.95,298156
PIRLIFE,20110907,86.2,87.3,86.2,87.25,44668
PITTILAM,20110907,40.45,42.3,40.25,41,3676
PLASTIBLEN,20110907,184.9,184.9,184.9,184.9,4
PLETHICO,20110907,374.5,378.75,373.3,374.8,66889
PNB,20110907,935,967,934.4,953.55,420596
PNBGILTS,20110907,23.95,24.5,23.95,24.25,21967
PNC,20110907,14.85,16.15,14.45,15.05,23087
POCHIRAJU,20110907,12.95,13.45,12.75,13.2,9339
POLARIND,20110907,4.05,4.2,4.05,4.15,5218
POLARIS,20110907,126,136.3,124.2,133.9,1306272
POLYPLEX,20110907,186.05,203.95,186,197.4,111311
PONDYOXIDE,20110907,31.95,31.95,30.5,31.3,3807
PONNIERODE,20110907,85.4,86.5,82.4,82.8,3829
POWERGRID,20110907,95.7,97.75,95.6,96.8,6483633
PPAP,20110907,90.6,90.6,88.45,89.3,11846
PRADIP,20110907,56,57.85,55.35,56.5,15287
PRAENG,20110907,7.75,7.95,7.6,7.7,45607
PRAJIND,20110907,74.3,75.55,73.15,73.8,1159011
PRAKASH,20110907,50.5,50.95,49.4,49.55,343865
PRAKASHSTL,20110907,125,125,122.5,122.6,1555
PRATIBHA,20110907,46.25,49,46,48.1,56525
PRECOT,20110907,116.9,117.45,114.3,114.4,2888
PRECWIRE,20110907,98.25,98.25,94.5,95.2,669
PREMIER,20110907,87.05,88.9,83.65,85.8,4864
PRESTIGE,20110907,95.3,100.1,94.2,95,1610232
PRETAILDVR,20110907,196.95,196.95,189,194.8,1530
PRICOL,20110907,16.8,17,16.5,16.75,39270
PRIMESECU,20110907,15.65,17.7,15.6,16.8,12553
PRISMCEM,20110907,41.05,43.7,41.05,42.85,93814
PRITHVI,20110907,22.05,22.5,22,22.4,20740
PROVOGUE,20110907,30,30.5,29.85,30.3,167861
PSB,20110907,73.8,73.9,72.75,73.35,172291
PSL,20110907,62,64.15,62,63.3,72809
PSUBNKBEES,20110907,334.41,345.5,334.41,344.54,11662
PTC,20110907,74.25,75.95,73.1,75.55,868318
PTL,20110907,30.75,32.05,30.75,31.25,15867
PUNJABCHEM,20110907,71.05,75.85,71.05,73,597
PUNJLLOYD,20110907,62.2,64.25,62.15,63.45,4617362
PURVA,20110907,69.95,71.25,69.5,69.95,12910
PVP,20110907,6.4,6.4,6.15,6.2,26828
PVR,20110907,118.05,123.1,116.15,120.3,37884
QGOLDHALF,20110907,1344.95,1354.85,1305.5,1323.7,2912
QNIFTY,20110907,520.2,521.1,519.25,519.25,32
QUINTEGRA,20110907,3,3.1,2.85,2.9,25335
RADAAN,20110907,2.25,2.4,2.25,2.4,7853
RADICO,20110907,128.5,130,125.45,128.2,282254
RAINBOWPAP,20110907,59.25,61.3,59.25,61.2,90018
RAINCOM,20110907,28.15,30.45,28.15,29.9,358727
RAJESHEXPO,20110907,112.95,113.05,112,112.55,286860
RAJOIL,20110907,21.35,21.55,21.05,21.3,30984
RAJPALAYAM,20110907,206.5,227.5,204,206.35,1418
RAJRAYON,20110907,10.1,10.85,10.05,10.1,2537
RAJSREESUG,20110907,38,45.95,38,41.8,14639
RAJTV,20110907,54.6,56.1,54.2,54.95,25151
RAJVIR,20110907,106.7,106.75,101,103.5,239
RALLIS,20110907,175.8,176.35,174.05,174.9,123185
RAMANEWS,20110907,11.95,12,11.45,11.8,25605
RAMCOIND,20110907,41,41,39.65,40,5198
RAMCOSYS,20110907,63.5,64.4,63,64.2,2100
RAMKY,20110907,232.65,234.6,227.1,228,41990
RAMSARUP,20110907,9.95,10.4,9.7,10,46078
RANASUG,20110907,4.1,4.35,4.1,4.3,143499
RANBAXY,20110907,476.1,493.5,476.1,486.4,1106902
RANEENGINE,20110907,220,222,205.4,215,22
RANEHOLDIN,20110907,221,221.45,212.25,215,570
RANKLIN,20110907,14.3,14.35,13.6,14.05,38579
RATNAMANI,20110907,103.1,107,102,105.25,8553
RAYMOND,20110907,364.95,371.45,359.8,367.5,340260
RBL,20110907,112.3,112.5,111,112.35,107
RBN,20110907,86.6,89.3,85.5,87.7,43011
RCF,20110907,81.2,82.3,80.25,80.8,428048
RCOM,20110907,86.35,91.3,86.2,88.85,11888655
RECLTD,20110907,171.7,178.7,171.4,174.65,3127000
REDINGTON,20110907,99,99.5,94.3,94.95,168220
REFEX,20110907,14.85,15.5,14.35,15.45,9868
REIAGROLTD,20110907,25,26,24.6,24.65,660063
REISIXTEN,20110907,28,28.4,27,27.6,7290
RELAXO,20110907,354,384.7,351,366.35,2673
RELBANK,20110907,922.95,922.95,893,913,81
RELCAPITAL,20110907,427.4,436.4,424.35,428.1,2513453
RELGOLD,20110907,2684.9,2684.9,2552.6,2592.25,57861
RELGRNIFTY,20110907,480.05,483.1,480.05,483.1,17
RELIANCE,20110907,824,843.5,823.7,833.5,7186238
RELIGARE,20110907,416.35,418.9,415,415.65,3125
RELIGAREGO,20110907,2792.8,2792.8,2716,2744.3,802
RELINFRA,20110907,469.85,483.2,468.35,478.7,1128843
RELMEDIA,20110907,101.4,104.4,100.35,101.6,749332
RENUKA,20110907,60,62.5,59.95,61.6,7903440
REPRO,20110907,145.05,146.55,142.25,143.1,35580
RESPONIND,20110907,110.75,115.55,110,115.55,18889
RESURGERE,20110907,0.35,0.35,0.3,0.35,9564621
REVATHI,20110907,387.85,387.85,387.85,387.85,21
RICOAUTO,20110907,12.75,13.2,12.3,12.9,145432
RIIL,20110907,440,456.5,439.8,446.5,352957
RJL,20110907,90,90,89.25,89.75,14660
RKDL,20110907,16.05,17.3,16,17.05,29705
RKFORGE,20110907,107.95,108,101.8,102,1310
RMCL,20110907,5.05,5.4,5.05,5.1,11711
ROHITFERRO,20110907,30.6,32.5,30.6,31.85,66325
ROHLTD,20110907,55,55.95,54,55.05,14336
ROLTA,20110907,100.95,102.45,99.05,101,528700
ROMAN,20110907,22.75,24.1,22.75,23.05,2149
RPGLIFE,20110907,80.5,80.5,79.3,79.3,3748
RPOWER,20110907,83.95,87.25,83.7,85,6297364
RPPINFRA,20110907,68.45,71.45,66.75,69.9,15011
RSSOFTWARE,20110907,47.7,53.35,47.7,53,10168
RSWM,20110907,101.1,104.25,99.6,100.05,22381
RSYSTEMS,20110907,106.7,106.7,101,104.6,1112
RUBYMILLS,20110907,930,960,899.5,920.65,1227
RUCHINFRA,20110907,17.45,17.45,16.5,16.85,21056
RUCHIRA,20110907,8.55,8.55,8.5,8.5,700
RUCHISOYA,20110907,109.85,109.9,106.55,107.65,350429
RUSHIL,20110907,151.4,156.65,125.95,127.7,4010601
SABERORGAN,20110907,122,122.8,118.55,122,4318
SABTN,20110907,62,64.5,61.5,62.25,30078
SADBHAV,20110907,130,140.9,130,139.7,15153
SAGCEM,20110907,142,142.9,137.35,141.3,3205
SAHPETRO,20110907,34,34.7,32.1,33.95,4485
SAIL,20110907,117.15,123,117.15,121.45,3867981
SAKHTISUG,20110907,28.6,29.5,28.2,29,61935
SAKSOFT,20110907,85,85,80.1,82.9,3654
SAKUMA,20110907,13.15,15.1,13.1,14,1217
SALONACOT,20110907,14.3,18.5,14.3,18.5,101
SALORAINTL,20110907,27.9,29,27,28.4,1157
SALSTEEL,20110907,5.55,5.7,5.35,5.5,30768
SAMBANDAM,20110907,72,84,72,77.75,226
SAMBHAAV,20110907,1.5,1.5,1.3,1.4,1336
SANDESH,20110907,272,289,270.2,283.5,3735
SANGAMIND,20110907,32,34,32,33.55,4884
SANGHIPOLY,20110907,1.4,1.5,1.4,1.4,7049
SANGHVIFOR,20110907,25.5,26.7,25,26.05,15033
SANGHVIMOV,20110907,125.1,126.5,123.1,124.45,11396
SANWARIA,20110907,17.85,18.2,17.5,18.2,54697
SARDAEN,20110907,143.95,156.25,141.25,152,58049
SAREGAMA,20110907,61.2,64.5,61.15,62.25,23910
SARLAPOLY,20110907,109.3,109.35,109.3,109.35,125
SASKEN,20110907,101.9,102.85,100.5,102.1,40209
SATHAISPAT,20110907,41.8,44.4,41.8,43.7,17912
SATYAMCOMP,20110907,74.2,75.5,71.6,72,6274344
SAVERA,20110907,40,40,37.75,38.55,745
SB&TINTL,20110907,20.35,21,19.25,20.95,118119
SBBJ,20110907,423,437,421.05,425.35,32792
SBIGETS,20110907,2770,2772,2700.9,2725.35,21807
SBIN,20110907,1983.4,2042.65,1983.25,2027.75,2504677
SBT,20110907,646.1,666,632.5,644.65,30138
SCI,20110907,87,88.25,86.65,87.3,543387
SEAMECLTD,20110907,103,103,99.95,101.15,2843
SEINVEST,20110907,8.1,8.45,8,8.2,124813
SELAN,20110907,289,296,285.05,293.3,18397
SELMCL,20110907,13.2,15.6,13.15,15.4,2158573
SENTINEL,20110907,12.2,14.15,12.2,14.15,12665
SERVALL,20110907,6.5,6.7,6.4,6.6,30381
SESAGOA,20110907,233.55,239.8,231.8,233.4,3059091
SESHAPAPER,20110907,201,205.7,200,201,65
SEZALGLASS,20110907,2.75,2.75,2.65,2.75,23220
SGFL,20110907,4.35,4.35,4.35,4.35,1400
SGJHL,20110907,133,141,133,138.8,41434
SGL,20110907,4.5,4.55,4.3,4.3,300
SHAHALLOYS,20110907,10.55,10.55,10,10,105
SHALPAINTS,20110907,401,407,394.6,402.2,3636
SHANTIGEAR,20110907,42,42.5,41.7,42.15,37408
SHARIABEES,20110907,113.8,114,112.6,112.6,1125
SHARRESLTD,20110907,58.5,61,55.05,56.4,108298
SHASUNPHAR,20110907,67.2,70.85,67.2,69.55,20235
SHILPAMED,20110907,216.85,216.85,211.55,213,1012
SHILPI,20110907,12.25,12.8,12.15,12.3,36674
SHIV-VANI,20110907,175.95,179.8,170.85,176.9,64380
SHIVAMAUTO,20110907,112,115.9,111.55,115.4,607
SHIVTEX,20110907,26.1,28.25,26.1,27.65,1995
SHLAKSHMI,20110907,78.25,83.95,77.4,81.5,74292
SHOPERSTOP,20110907,393,401.05,391,394.05,38830
SHPRE,20110907,6,6.4,6,6.3,12323
SHREEASHTA,20110907,6.5,6.5,5.95,6,12348834
SHREECEM,20110907,1656,1698,1655,1661.45,7581
SHREERAMA,20110907,4.7,5.35,4.7,5,6171
SHRENUJ,20110907,59.5,59.5,55.65,56.15,26970
SHREYANIND,20110907,19.5,19.5,19.5,19.5,1
SHREYAS,20110907,27,28.45,27,27.35,4351
SHRIRAMCIT,20110907,540,550,537,544.85,14897
SHRIRAMEPC,20110907,125.1,128.95,125.1,126.05,2797
SHYAMTEL,20110907,39.45,39.45,38.8,39.1,2113
SICAGEN,20110907,19.7,20,18.75,19.3,9271
SICAL,20110907,70,71,62.4,67.6,384000
SIEMENS,20110907,864.9,872.4,858,866.55,144246
SILINV,20110907,93.35,96.95,93.15,94.65,2504
SIMBHSUGAR,20110907,32.5,33,31.7,31.85,3595
SIMPLEX,20110907,85,85.5,79,80.5,3875
SIMPLEXINF,20110907,244.4,252,237,249.6,4154
SINTEX,20110907,154.1,159.8,154.1,159.1,828555
SIRPAPER,20110907,47,51.2,47,51.2,1950
SITASHREE,20110907,8.15,8.4,8,8.25,15385
SIYSIL,20110907,298.1,318,298.1,314.6,767
SJVN,20110907,23,23.15,22.75,22.85,118520
SKFINDIA,20110907,650,653.95,640,649.45,9357
SKMEGGPROD,20110907,8.4,8.4,7.4,7.55,39738
SKSMICRO,20110907,240.9,240.9,229.55,240.9,377346
SKUMARSYNF,20110907,49.65,50.95,49.05,49.7,1328846
SMARTLINK,20110907,43.45,44,42.2,43.25,2479
SMLISUZU,20110907,355,414,348,411.8,49200
SMOBILITY,20110907,106.7,107.85,105,106.1,94872
SMPL,20110907,7.55,8.35,7.55,8.05,110200
SMSPHARMA,20110907,161,165,161,162.95,630
SOBHA,20110907,229.85,235,227.25,229.45,81550
SOFTTECHGR,20110907,5,5,4.3,4.65,9823
SOLARINDS,20110907,774.95,774.95,748.1,750,8241
SOMANYCERA,20110907,47.5,47.5,46.25,46.6,10714
SOMATEX,20110907,6.05,6.5,6.05,6.2,1610
SONASTEER,20110907,15.7,16.15,15.6,15.9,166600
SONATSOFTW,20110907,31.85,32.75,31.15,31.8,159006
SOTL,20110907,624,630,620,621.5,2434
SOUISPAT,20110907,6.85,6.9,6.6,6.8,22209
SOUTHBANK,20110907,21.35,22.2,21.25,21.95,3366274
SPANCO,20110907,122.8,127.8,122.15,123.15,39318
SPARC,20110907,73.9,76.9,73.3,75.55,105091
SPECTACLE,20110907,16,16.8,16,16.8,19453
SPENTEX,20110907,10.55,11.65,10.55,10.65,12087
SPIC,20110907,29.5,30.25,29.45,29.95,447845
SPMLINFRA,20110907,124.5,134,124.5,132.15,15014
SPYL,20110907,23.4,24,22.6,23.9,6247
SREINFRA,20110907,40.6,41.9,40.3,40.7,1168494
SRF,20110907,300,305,300,302.5,15330
SRGINFOTEC,20110907,0.45,0.5,0.45,0.45,8581
SRHHLINDST,20110907,4.3,4.4,3.8,4.25,1400
SRHHYPOLTD,20110907,41.8,42.95,39.1,39.75,950
SRTRANSFIN,20110907,695.05,708.65,671.8,686,742440
SSWL,20110907,251,264.95,251,254.5,23355
STAR,20110907,290.7,294.8,289,292.05,74464
STARPAPER,20110907,23.8,25.75,23.25,24.9,15488
STCINDIA,20110907,168.7,176,168.7,170,155775
STER,20110907,134.45,138.55,133.65,137.2,8465253
STERLINBIO,20110907,77.4,77.9,75.6,77.4,616513
STERTOOLS,20110907,114,114,109,110.9,661
STOREONE,20110907,15.1,15.2,15.05,15.2,11416
STRTECH,20110907,40.8,44.2,40.55,42.45,1313371
SUBEX,20110907,46.4,48.65,46.4,47.9,843990
SUDAR,20110907,80.7,81.35,77.2,78.25,84216
SUDARSCHEM,20110907,729,729,700,726.95,369
SUJANATOW,20110907,28.3,29.4,28.15,28.95,3840852
SUJANAUNI,20110907,5.3,5.4,5.05,5.15,56986
SUMEETINDS,20110907,28.35,28.45,27.95,28.15,18992
SUMMITSEC,20110907,77.5,81,77.05,78.4,924
SUNCLAYTON,20110907,140,140,133,134.15,14854
SUNDARAM,20110907,42.5,42.85,42.2,42.45,73484
SUNDARMFIN,20110907,535,535,522.55,529.35,1506
SUNDRMBRAK,20110907,157,159.9,156.4,159.05,183
SUNDRMFAST,20110907,63.75,64.9,62.1,63.1,105472
SUNFLAG,20110907,27.6,27.85,27.5,27.5,59877
SUNILHITEC,20110907,91.95,98.5,90.25,92.05,78103
SUNPHARMA,20110907,495.7,497.4,486.4,493.45,704458
SUNTECK,20110907,255,260.05,250.05,254.95,117798
SUNTV,20110907,302.15,303.35,296.8,301.3,220679
SUPER,20110907,193,199.9,193,195,105
SUPERSPIN,20110907,7.75,9.15,7.75,8.3,15818
SUPPETRO,20110907,72.5,72.95,72,72.25,12184
SUPRAJIT,20110907,18.5,20.2,18.5,19.35,85180
SUPREMEIND,20110907,217.7,245.1,215.05,217.4,158064
SUPREMEINF,20110907,244.95,249.9,235.25,238.25,10458
SURAJDIAMN,20110907,44.2,46.3,44.2,45.45,18181
SURANACORP,20110907,98,102,98,102,14
SURANAIND,20110907,417,419,415.5,418.35,3326
SURANAT&P,20110907,15.15,15.2,14.5,14.8,7370
SURANAVEL,20110907,34.8,34.85,33.5,33.95,8201
SURYAJYOTI,20110907,22.35,22.5,21.7,22.1,69410
SURYALAXMI,20110907,67.8,67.8,61.1,61.75,6689
SURYAPHARM,20110907,16.9,17.15,16.55,16.95,79863
SURYAROSNI,20110907,66.25,71.85,66,70.4,59772
SUTLEJTEX,20110907,165.7,182,165.7,179.2,2650
SUVEN,20110907,17.65,17.75,17.1,17.55,47193
SUZLON,20110907,40.5,41.55,40.35,41.35,17160176
SWARAJENG,20110907,465,482,460,469.95,8280
SYMPHONY,20110907,1202,1225,1200,1202.15,717
SYNCOM,20110907,16.4,16.65,16.05,16.4,13008
SYNDIBANK,20110907,104.9,106.4,104.85,105.55,363987
TAINWALCHM,20110907,22.3,23.05,22.3,23.05,2384
TAJGVK,20110907,90,91,89.75,89.9,17974
TAKE,20110907,30.5,33.5,30.2,32.85,11314
TALBROAUTO,20110907,45.85,46,43.5,45.1,12687
TALWALKARS,20110907,190.8,200.8,190.8,195.6,189214
TANFACIND,20110907,25,25.55,25,25,1450
TANLA,20110907,10.4,10.55,10,10.1,230025
TANTIACONS,20110907,56.7,57.1,55.1,56.2,9316
TARAPUR,20110907,17.5,18.8,17.25,18.55,8817
TATACHEM,20110907,333.35,338.3,331.85,337.05,735211
TATACOFFEE,20110907,875,919.9,870,895.65,1963480
TATACOMM,20110907,209.65,209.65,203.05,205,209253
TATAELXSI,20110907,199.75,221,199.7,215.4,196638
TATAGLOBAL,20110907,95,95.9,94.05,94.4,1094307
TATAINVEST,20110907,455.9,514.85,455.15,510,80244
TATAMETALI,20110907,76.3,82,76.3,78.45,88099
TATAMOTORS,20110907,771.25,780.65,754.15,769.1,2948824
TATAMTRDVR,20110907,449.3,459.6,442.4,448.25,347478
TATAPOWER,20110907,1008,1052,1008,1038.55,655874
TATASPONGE,20110907,308.75,316.85,302.1,308.95,10490
TATASTEEL,20110907,495,503.5,494.9,498.5,3219888
TCI,20110907,89.5,89.5,83.6,85.2,6832
TCIDEVELOP,20110907,163,173,163,173,262
TCIFINANCE,20110907,32.25,34.1,31,34,31556
TCS,20110907,1034.1,1050,1025,1031,2216078
TECHM,20110907,668.7,693.8,663.25,690.25,450030
TECHNO,20110907,197.25,197.7,191.2,192.75,3051
TECHNOFAB,20110907,140,142,137.05,140.1,438
TECPRO,20110907,243.95,247.9,242,245.7,18180
TELEDATAIT,20110907,0.35,0.35,0.3,0.35,344607
TELEMARINE,20110907,0.6,0.65,0.6,0.6,67739
TEXMACOLTD,20110907,31.95,32.4,31.6,31.8,204928
TEXMOPIPES,20110907,38.7,38.7,36.3,36.65,204872
TEXRAIL,20110907,77.45,81.8,77.25,79.65,27513
TFCILTD,20110907,29.5,30.9,29.4,30.15,91870
TFL,20110907,15.7,15.7,14.6,15.15,5890
THANGAMAYL,20110907,151,152.75,148.1,149.55,8264
THEMISMED,20110907,117.8,121.85,117.8,120.95,111
THERMAX,20110907,500,517.95,500,512.9,69105
THINKSOFT,20110907,35.75,35.9,35,35.5,29117
THIRUSUGAR,20110907,89.95,91.5,89,90.85,328
THOMASCOOK,20110907,48.2,49.2,47.8,48.75,191686
TI,20110907,35.2,37.5,35.2,37.1,270962
TIDEWATER,20110907,6840,6950,6750,6841.9,1616
TIIL,20110907,39.45,41.75,39.45,41.2,8982
TIL,20110907,407.8,415.6,399.55,413.1,2266
TIMESGTY,20110907,31.6,33,31.6,33,76
TIMETECHNO,20110907,66,68.5,66,68.3,10951
TIMKEN,20110907,213.95,221.4,213.15,217.05,227946
TINPLATE,20110907,48.5,50.65,48.35,49.1,100970
TIPSINDLTD,20110907,26.7,27,25.45,26.7,7109
TIRUMALCHM,20110907,73,74.45,72.45,73.9,1318
TITAN,20110907,217.7,219.95,215.6,217.75,2064342
TNPETRO,20110907,15.05,15.8,15.05,15.7,17874
TNPL,20110907,107.5,107.5,105,105.7,34823
TODAYS,20110907,5.15,5.75,5.1,5.45,9615
TOKYOPLAST,20110907,15.05,15.05,15.05,15.05,2
TORNTPHARM,20110907,588.8,650,585,610.05,28907
TORNTPOWER,20110907,225,232.95,225,227.55,87446
TREEHOUSE,20110907,126.3,129.6,125.65,127,273075
TRENT,20110907,1120,1176,1120,1166.7,10507
TRF,20110907,342,357.65,341.3,342.65,26247
TRICOM,20110907,13.1,13.15,12.75,12.8,16623
TRIDENT,20110907,12.25,12.9,12.15,12.65,70028
TRIGYN,20110907,14.2,14.4,14,14.05,14954
TRIL,20110907,223.3,228.3,223.3,227.3,2758
TRIVENI,20110907,22.9,24.4,22.7,23.9,871283
TTKHEALTH,20110907,517,536.45,512.35,517.6,484002
TTKPRESTIG,20110907,3061.6,3066.85,2931.25,2973.3,135634
TTL,20110907,23.55,25.25,23.55,24.65,14650
TTML,20110907,18.85,19.4,18.7,19.25,3725597
TUBEINVEST,20110907,143,144.4,140.75,143.3,32167
TULIP,20110907,148.65,149.4,145,145.8,86098
TULSI,20110907,12,12.45,12,12.3,50134
TULSYAN,20110907,41,41,39.9,39.9,281
TV18BRDCST,20110907,39.9,42.8,39.5,41.7,392693
TVSELECT,20110907,19.4,20.85,19.4,20.25,3356
TVSMOTOR,20110907,59.35,61.2,58.1,60.85,3984124
TVSSRICHAK,20110907,365,374,364,369.45,687
TVTODAY,20110907,51.25,52,51.2,51.6,108025
TWILITAKA,20110907,40.6,40.6,40.6,40.6,29245
TWL,20110907,406,414,402,403.6,38934
UBENGG,20110907,52.9,57.7,52.7,52.95,128530
UBHOLDINGS,20110907,118.85,121.45,118.15,118.8,43323
UBL,20110907,433,440,424,431.55,35309
UCALFUEL,20110907,74.15,76.95,74.15,76.85,9288
UCOBANK,20110907,69,71.4,69,70.65,2425344
UFLEX,20110907,174.25,175.8,170.35,171.3,720317
UGARSUGAR,20110907,14.25,14.25,13.85,13.95,7841
ULTRACEMCO,20110907,1105.55,1123,1100,1117.15,217231
UMESLTD,20110907,18,18.4,17.5,18,4904
UNICHEMLAB,20110907,143.95,143.95,140.65,142.55,3259
UNIENTER,20110907,32.5,32.5,30.7,31.2,16496
UNIONBANK,20110907,231.5,243.8,230.65,241.05,1195535
UNIPHOS,20110907,151.7,151.7,145.1,146.1,1528474
UNIPLY,20110907,11.6,11.65,11.55,11.55,11
UNITECH,20110907,26.8,28.7,26.6,28.45,44356684
UNITEDBNK,20110907,75.7,77.6,75.55,76.15,101847
UNITEDTEA,20110907,136,139,136,137.25,51
UNITY,20110907,50.9,51.9,49.8,50,383864
UNIVCABLES,20110907,48.9,50.75,47.65,50.5,5735
UPERGANGES,20110907,45.95,47.9,45.95,46.15,5724
USHAMART,20110907,36.5,37.45,35,35.95,675246
USHERAGRO,20110907,129.25,130.8,127.6,128.25,223075
UTISUNDER,20110907,905,940,856,891.92,687
UTTAMSTL,20110907,81.5,84,80.5,82.2,30618
UTTAMSUGAR,20110907,30.1,32.9,30.1,32.3,8718
UTVSOF,20110907,994.3,998.7,981.2,988.15,182607
VADILALIND,20110907,125,134.95,125,130.55,3696
VAIBHAVGEM,20110907,35.05,38.5,35.05,37.7,5294
VAKRANSOFT,20110907,382.1,388.95,378,384.9,4180
VALECHAENG,20110907,83.4,91.6,81,81.6,195916
VALUEIND,20110907,17.25,18.75,17.25,18.55,11425
VARDHACRLC,20110907,9.35,10.15,9.2,9.9,154984
VARDMNPOLY,20110907,98.25,102,97,99.8,108090
VARUN,20110907,254.3,278,252,272.3,956859
VARUNSHIP,20110907,20.3,21.15,20.1,21,92665
VASCONEQ,20110907,45,53.85,45,53.85,423282
VENKEYS,20110907,460,467.75,436.75,439.8,277470
VENUSREM,20110907,223.9,229.5,218.65,224.3,8639
VESUVIUS,20110907,362.1,369.75,362.1,364.65,1761
VGUARD,20110907,213.8,219,213.25,214.25,127301
VHL,20110907,358.5,391,358.5,374.75,60
VICEROY,20110907,27.2,28.15,25.9,26.7,38017
VIDEOIND,20110907,180,183.75,179.05,180.8,246607
VIJAYABANK,20110907,57.25,60.15,57.25,59.45,3075652
VIJSHAN,20110907,15.3,19.15,15.3,17.9,15276
VIKASHMET,20110907,10.4,11.7,9.9,10.4,801253
VIMTALABS,20110907,21.95,23.65,21.95,23.65,15422
VINATIORGA,20110907,67.75,70,67.5,68.2,10248
VINDHYATEL,20110907,172.2,172.2,170,170.9,113
VINYLINDIA,20110907,11,11.25,10.5,11.15,1963
VIPIND,20110907,926.9,933.65,903.3,913.55,652977
VIPUL,20110907,11,11.1,11,11,2401
VISAKAIND,20110907,93,93,90.6,91.75,10393
VISASTEEL,20110907,57,57.5,57,57.1,27586
VISESHINFO,20110907,4.05,4.15,3.95,4,14803
VISHALRET,20110907,25.2,25.25,24.85,25,51525
VISUINTL,20110907,2,2.25,1.9,2,34077
VIVIMEDLAB,20110907,270,276,266.1,267.45,46486
VLSFINANCE,20110907,11.85,12.6,11.6,11.8,14264
VOLTAMP,20110907,500,514,500,503.75,9325
VOLTAS,20110907,120.7,124.25,120,121.95,1727534
VSTIND,20110907,1266,1294,1266,1277.15,8469
VSTTILLERS,20110907,537.05,537.05,526.05,530,1399
VTL,20110907,194,196.75,185,192.6,7878
VTXIND,20110907,12.6,13.9,12.6,13.8,3001
WABAG,20110907,364.5,364.8,351,351.5,10106
WABCOINDIA,20110907,1290,1313.8,1280,1295.15,974
WALCHANNAG,20110907,96.5,101.4,94,98.8,113463
WANBURY,20110907,23.75,25.45,23.7,25,4498
WEBELSOLAR,20110907,47.4,47.4,45.05,46.05,5148
WEIZFOREX,20110907,78.85,78.9,78.85,78.9,150
WEIZMANIND,20110907,9,9.9,9,9.45,1663
WELCORP,20110907,128.25,132.8,128.15,130.1,338607
WELGLOB,20110907,55,60.45,55,60.45,404
WELINV,20110907,45,51.4,43.2,47.65,176
WELPROJ,20110907,46.5,47.5,45,46.55,9259
WELSPUNIND,20110907,31,32.9,29.6,31.85,164020
WENDT,20110907,1645,1659.95,1620,1626.55,280
WHEELS,20110907,281.95,282,257.3,259.4,618
WHIRLPOOL,20110907,227.6,235.9,226,234.05,129509
WILLAMAGOR,20110907,52,55,52,54.1,3392
WINDMACHIN,20110907,26.7,27.2,26.7,26.95,9491
WINSOME,20110907,27.25,28,25.9,27.35,12559
WIPRO,20110907,326.6,330.95,326.1,329.55,1529887
WOCKPHARMA,20110907,395.7,408,395,396.45,331534
WSI,20110907,17.55,17.85,17.05,17.5,2851
WSTCSTPAPR,20110907,75.5,78,75.1,76.1,12299
WWIL,20110907,7.6,7.85,7.35,7.4,1027734
WYETH,20110907,1020,1020,1010,1012.35,69165
XLENERGY,20110907,7.5,7.8,7.4,7.75,30351
XPROINDIA,20110907,52.5,53.2,52,52.25,7777
YESBANK,20110907,288.05,292.1,286.45,290.65,1519756
ZANDUREALT,20110907,1673.7,1811,1656.05,1745.2,3801
ZEEL,20110907,116,121.85,115.65,119.15,1149514
ZEELEARN,20110907,18.9,18.95,18.1,18.6,1080403
ZEENEWS,20110907,13.45,14.3,13.35,14.05,778170
ZENITHBIR,20110907,5.1,6,5.1,5.4,497702
ZENITHCOMP,20110907,16.1,16.1,15.5,15.65,3755
ZENITHINFO,20110907,190,196,189,189.9,1376
ZENSARTECH,20110907,134.4,146,125,127.65,12080
ZICOM,20110907,35.8,38.15,35.5,36.95,30943
ZODIACLOTH,20110907,349.5,350,335,336,1097
ZODJRDMKJ,20110907,24.65,24.9,24.65,24.9,200
ZUARIAGRO,20110907,625,642,618,633.95,7454
ZYDUSWELL,20110907,600.85,601.95,592.65,594.3,3286
ZYLOG,20110907,405,409.4,399.05,405.95,105785
NSENIFTY,20110907,5080.15,5154.50,5076.30,5124.65,193856202,6883.16
NIFTYJUNIOR,20110907,10155.90,10352.30,10155.90,10333.10,92102455,1515.98
BANKNIFTY,20110907,9698.40,9906.80,9683.95,9858.90,18045978,1444.74
NSEMIDCAP,20110907,7398.20,7530.60,7398.20,7508.00,169832457,1716.62
NSEIT,20110907,5366.80,5423.50,5337.90,5374.95,20994995,993.31
NSE100,20110907,4999.75,5076.50,4999.75,5050.80,285958657,8399.14
NSE500,20110907,4101.95,4165.25,4101.95,4146.40,606835597,11249.67
MIDCAP50,20110907,2213.20,2249.70,2213.20,2240.60,118725529,1122.82
VIX,20110907,28.66,28.77,27.40,27.86,28.66,-0.80
