20MICRONS,20111007,53.8,54,52.7,53.2,66310
3IINFOTECH,20111007,25.9,26.35,24.9,25.8,954886
3MINDIA,20111007,4189,4245,4189,4223.35,61
A2ZMES,20111007,205.7,209.45,195.55,197.3,102554
AANJANEYA,20111007,408.9,417.4,398,402.25,24696
AARTIDRUGS,20111007,103,104.6,98.6,99.1,8842
AARTIIND,20111007,46.4,46.55,45.15,45.55,164253
AARVEEDEN,20111007,35,35.3,35,35.1,140
ABAN,20111007,344.95,353.4,343,346.3,531056
ABB,20111007,676.35,692.4,662,665.85,102605
ABBOTINDIA,20111007,1449.05,1450.75,1435.65,1449.95,5761
ABCIL,20111007,95.1,96,94,94.4,2466
ABGSHIP,20111007,384,387.75,380.05,385.1,195216
ABHISHEK,20111007,9.25,9.9,9.25,9.9,1606
ABIRLANUVO,20111007,879.85,890,864.7,877.5,63855
ACC,20111007,1120,1128.55,1103,1113.5,266268
ACE,20111007,42,46,42,42.25,34515
ACKRUTI,20111007,192,196.15,184,193.1,19036
ACROPETAL,20111007,14.4,14.7,14.4,14.5,52849
ADANIENT,20111007,484.95,510.85,447.6,461.9,804156
ADANIPOWER,20111007,82.5,83.4,75.55,78.05,1068114
ADFFOODS,20111007,56.6,57.7,56,56.2,1212
ADHUNIK,20111007,44.75,46.5,42.4,44.55,140395
ADORWELD,20111007,143,148,143,144.9,4419
ADSL,20111007,26,26.4,25.1,25.5,119454
ADVANTA,20111007,354,363,347,360.25,32675
AEGISCHEM,20111007,181,194,181,184.8,30413
AFL,20111007,39.15,39.15,38.25,38.35,511
AFTEK,20111007,10.75,10.75,10.35,10.4,53796
AGCNET,20111007,135.05,153.9,135.05,145.65,1920
AGRE,20111007,39.6,44.25,39.6,40,3725
AGRODUTCH,20111007,7.35,7.4,7.05,7.1,12080
AHLEAST,20111007,292,301,292,300,340
AHLUCONT,20111007,106,106.95,103.15,106.3,2977
AHLWEST,20111007,156.6,156.6,144.5,146.15,1524
AHMEDFORGE,20111007,96.5,99,95.75,96.1,18523
AIAENG,20111007,310.05,324,306.1,310.75,5422
AJANTPHARM,20111007,302,307.5,301.15,303.9,1792
AJMERA,20111007,118.5,119,114.5,115.2,9395
AKSHOPTFBR,20111007,6.2,6.3,6,6.15,236497
AKZOINDIA,20111007,937.85,937.85,910.5,917.2,4846
ALBK,20111007,144,147.95,143.55,145.15,478785
ALCHEM,20111007,258,258.6,256.95,257.5,94103
ALEMBICLTD,20111007,18.55,19.15,18.3,18.5,25546
ALFALAVAL,20111007,2299.95,2299.95,2194.95,2204.5,7272
ALKALI,20111007,38.45,39.35,38.15,38.75,4926
ALKYLAMINE,20111007,83.8,89.35,83.2,86.9,87
ALLCARGO,20111007,140,145,140,143.75,1601
ALLSEC,20111007,13.3,13.9,13.3,13.8,226
ALMONDZ,20111007,22,24.9,22,24,14736
ALOKTEXT,20111007,17.95,18.55,17.95,18.05,3428157
ALPA,20111007,7.5,7.95,7.5,7.9,1569
ALPHAGEO,20111007,93.85,93.9,86.1,86.8,346
AMAR,20111007,114.5,115.9,112.6,114,100552
AMARAJABAT,20111007,208.9,218,206,207.45,4878
AMARJOTHI,20111007,53,54.95,53,53.1,804
AMBIKCO,20111007,172.1,177.95,169.2,171.7,2574
AMBUJACEM,20111007,150.5,152,144.55,145.15,2661579
AMDIND,20111007,18.15,18.75,18,18.4,3336
AMLSTEEL,20111007,13.35,13.85,12,13.85,7465
AMRUTANJAN,20111007,701.1,715,701.1,704.65,15117
AMTEKAUTO,20111007,111.45,119.5,111.45,116.85,805275
AMTEKINDIA,20111007,148,149.9,142.25,143.45,239959
ANANTRAJ,20111007,55.95,57,51.15,54.35,868605
ANDHRABANK,20111007,116.9,120.5,116.5,117.6,520559
ANDHRSUGAR,20111007,95.1,96.9,95.1,96,4301
ANGIND,20111007,21,21,19.6,19.65,817
ANIKINDS,20111007,35.5,35.65,33.6,35.65,327
ANSALAPI,20111007,32.5,33.2,32.2,32.5,57122
ANSALHSG,20111007,36.5,37.45,35.95,37.25,4497
APARINDS,20111007,152,159,148,149.7,3704
APCOTEXIND,20111007,159.5,168.2,159.5,163.95,593
APIL,20111007,500.05,516.5,500.05,513.85,43977
APLAB,20111007,31.6,31.6,31.6,31.6,201
APLLTD,20111007,38,43.25,38,42.1,53721
APOLLOHOSP,20111007,512,519.65,506.25,508.95,21991
APOLLOTYRE,20111007,54.1,55.4,53.8,54.6,1131667
APPAPER,20111007,174.2,174.2,174.2,174.2,1026
APTECHT,20111007,111.55,113.3,110.1,111.35,334552
AQUA,20111007,13,13.3,12.55,12.6,613674
ARCHIES,20111007,39.5,39.55,38.6,38.7,13017
AREVAT&D,20111007,231,231,217.4,219.05,115279
ARIES,20111007,87.5,89.95,84.55,85.6,4065
ARIHANT,20111007,67.45,67.45,67.45,67.45,58
ARL,20111007,2.2,2.25,2.15,2.2,34941
AROGRANITE,20111007,37.15,37.15,37.05,37.05,566
ARROWTEX,20111007,9,10.45,9,9.5,943
ARSHIYA,20111007,128,129.5,125.2,127,179043
ARSSINFRA,20111007,351.7,365.8,329.6,360.75,412391
ARVIND,20111007,96.35,97.6,95.2,96.4,2539172
ASAHIINDIA,20111007,64.05,66.9,62.5,63.65,31085
ASAHISONG,20111007,87,87.95,82,82.25,4073
ASAL,20111007,47.3,51.5,47.3,50.95,3173
ASHAPURMIN,20111007,14.65,15.5,14.65,14.95,13670
ASHCONIUL,20111007,2.05,2.35,2.05,2.25,3146
ASHIANA,20111007,135,139,126.7,135.05,2514
ASHIMASYN,20111007,4.15,4.4,4.15,4.2,226
ASHOKA,20111007,243.55,249.6,240.1,242.25,391
ASHOKLEY,20111007,24.7,25.65,24.45,24.55,3825810
ASIANHOTNR,20111007,177.7,177.7,169.15,171.3,742
ASIANPAINT,20111007,3084.8,3154.9,3030.05,3128.85,72131
ASIANTILES,20111007,41,43,41,42.2,244
ASSAMCO,20111007,10.6,10.6,10.25,10.35,43299
ASTEC,20111007,34,34.3,33,33.75,3823
ASTERSILI,20111007,16,16.9,16,16.6,8472
ASTRAL,20111007,194,198,187.1,191.1,3901
ASTRAMICRO,20111007,29.5,31.2,29.35,30.95,117449
ASTRAZEN,20111007,1202.05,1247,1202,1239.95,135
ATFL,20111007,371.1,382.3,371.1,376.65,10105
ATLANTA,20111007,60.65,62.5,59.5,60.1,63250
ATLASCYCLE,20111007,317.8,326.9,311,317.05,38418
ATNINTER,20111007,0.85,0.9,0.85,0.85,746
ATUL,20111007,208.5,214,204.6,209.55,13104
AURIONPRO,20111007,130,140,130,135.7,416
AUROPHARMA,20111007,119.5,123.7,119.25,120.45,609844
AUSOMENT,20111007,32.8,32.8,32.8,32.8,200
AUTOAXLES,20111007,415,415,387.6,395.5,85
AUTOIND,20111007,106,108,104.55,105.65,41038
AUTOLITIND,20111007,15.9,15.95,15.1,15.2,807
AVENTIS,20111007,2309.05,2330,2280,2301.4,5333
AVTNPL,20111007,360.1,385,355,369.25,6848
AXIS-IT&T,20111007,93,97.7,93,97.7,3651
AXISBANK,20111007,977.15,1038.5,977.15,1030.3,2544501
AXISGOLD,20111007,2628,2628,2595,2605.05,270
BAGFILMS,20111007,5.8,5.8,5,5.05,94216
BAJAJ-AUTO,20111007,1517.4,1538.5,1489.1,1503.1,414572
BAJAJCORP,20111007,100.55,109.8,100.1,101.05,102195
BAJAJELEC,20111007,183.1,185,181,183.5,41993
BAJAJFINSV,20111007,504.6,520.9,504.6,507.15,233306
BAJAJHIND,20111007,38,38.7,37.2,37.5,1029325
BAJAJHLDNG,20111007,729,732,715,727.7,19862
BAJFINANCE,20111007,625.05,639.95,625,629.8,3445
BALAJITELE,20111007,30.15,31,30,30.4,13144
BALAMINES,20111007,34,35.5,33,33.35,5462
BALKRISIND,20111007,170,170.5,168,169.45,14199
BALLARPUR,20111007,25.3,25.65,24.9,25.25,384336
BALMLAWRIE,20111007,600,604.45,591.05,596.3,3056
BALPHARMA,20111007,20.5,21.45,20.5,21.35,554
BALRAMCHIN,20111007,45.35,46.55,45.3,45.8,804932
BANARISUG,20111007,599.85,599.85,575,578.35,135
BANCOINDIA,20111007,72.5,74.8,70,70.1,3001
BANG,20111007,21.1,22,20.25,20.35,1549
BANKBARODA,20111007,740,750.4,735.8,740.55,312107
BANKBEES,20111007,930,932,910.05,912.84,5358
BANKINDIA,20111007,309,319.45,309,312.55,737658
BANSWRAS,20111007,85.1,87.5,84.95,85.9,18721
BARTRONICS,20111007,51.05,51.9,51,51.1,40792
BASF,20111007,609.9,609.9,598,600.9,2964
BASML,20111007,59.5,60.95,58.2,58.5,1430
BATAINDIA,20111007,629,635,617,623.55,390161
BATLIBOI,20111007,16.05,17.25,16.05,16.75,1271
BAYERCROP,20111007,835,839.6,822,824.85,624
BBL,20111007,670.75,690.95,670,676.75,1271
BBTC,20111007,417,438.4,417,429.25,6050
BEARDSELL,20111007,41.5,41.5,38,38,1434
BEDMUTHA,20111007,96.1,117.4,96.1,117.4,655084
BEL,20111007,1451.1,1547.7,1434.65,1519.2,22256
BELLCERATL,20111007,13.3,13.5,13,13.1,888
BEML,20111007,485,485,455.1,468.1,36589
BEPL,20111007,23,25.2,23,24.1,1230
BERGEPAINT,20111007,100,100.7,99,99.2,143584
BFINVEST,20111007,52,52,51.25,51.3,6331
BFUTILITIE,20111007,431.45,443.8,424.9,434.55,313639
BGLOBAL,20111007,11.4,12.15,11.35,11.7,24085
BGRENERGY,20111007,313.2,317,309.1,313.7,281433
BHAGWATIHO,20111007,75.5,76.9,73.15,74.3,2018
BHAGYNAGAR,20111007,14,14.75,14,14.25,2410
BHARATFORG,20111007,257,264,251.3,255.6,110343
BHARATGEAR,20111007,45.15,45.5,45,45.25,1842
BHARATRAS,20111007,98.85,112.55,98.85,110,946
BHARTIARTL,20111007,371.2,375.9,348.2,354.8,13527004
BHARTISHIP,20111007,89.5,89.5,87,88,70443
BHEL,20111007,321.25,326.9,318.05,325.05,2332874
BHUSANSTL,20111007,340.05,343.1,329.05,331.15,216693
BIL,20111007,48.45,49.4,47.2,47.35,4833
BILPOWER,20111007,78.5,79.5,76.05,78.05,1778
BIMETAL,20111007,249,259.75,249,255.75,129
BINANIIND,20111007,128,136,127,127.65,10061
BINDALAGRO,20111007,61.45,62,60,60.1,80693
BIOCON,20111007,340.15,345.55,338.9,342.7,191377
BIRLACORPN,20111007,329,329,323,324.2,459
BIRLACOT,20111007,0.35,0.4,0.35,0.35,444945
BIRLAERIC,20111007,13.05,13.05,12.6,12.8,980
BIRLAPOWER,20111007,0.7,0.7,0.65,0.7,1418937
BLBLIMITED,20111007,3.5,3.5,3.4,3.4,1656
BLISSGVS,20111007,20.95,21.35,20.85,21.1,22024
BLKASHYAP,20111007,8.85,9.1,8.65,8.8,130708
BLUECHIP,20111007,0.9,0.95,0.8,0.9,31174
BLUEDART,20111007,1600,1608,1560.25,1565.95,871
BLUESTARCO,20111007,241.85,241.85,220.6,221.8,5278
BLUESTINFO,20111007,65.65,68,65.5,67.2,990
BOC,20111007,298,302,295,295.75,3555
BODALCHEM,20111007,17.5,18.35,17.5,17.55,2148
BOMDYEING,20111007,361.05,376.4,361,373.1,266368
BOSCHLTD,20111007,7065,7109.9,7042.05,7080.65,6514
BPCL,20111007,669.85,674.2,665.25,669.25,193909
BPL,20111007,20,20,19.25,19.5,17717
BRANDHOUSE,20111007,14.8,15.45,14.4,15,34094
BRFL,20111007,278.8,278.8,273.1,275.5,51632
BRIGADE,20111007,62.7,68.1,61.95,64.1,39982
BRITANNIA,20111007,456,464,443.45,450.8,35392
BROADCAST,20111007,7.65,7.65,7.1,7.15,27
BROOKS,20111007,19.9,20.95,19.4,20.95,167204
BSELINFRA,20111007,3.4,3.8,3.35,3.5,28491
BSL,20111007,20.25,22.6,20.25,21.75,730
BSLGOLDETF,20111007,2637,2743,2630,2652,104
BSLNIFTY,20111007,49.98,50,48.99,49.48,111
BSTRANSCOM,20111007,99,102,94.55,95.8,42911
BVCL,20111007,13.6,14.35,13.6,14.35,47
CADILAHC,20111007,760.05,778.95,756.2,762.05,51411
CAIRN,20111007,274.45,279.7,268,270.25,2062786
CALSOFT,20111007,26.3,27,25.75,25.75,600
CAMBRIDGE,20111007,21.35,22.6,21.35,22.45,1715
CAMLIN,20111007,62.95,62.95,55.3,55.85,73320
CANBK,20111007,434.8,438,421.1,423.25,473985
CANDC,20111007,114,114.85,108.2,109.1,2456
CANFINHOME,20111007,92.6,93.8,92.6,93,5257
CANTABIL,20111007,26.05,26.05,24.45,24.65,13925
CARBORUNIV,20111007,136.3,149,136.3,147.85,4720
CAROLINFO,20111007,153,164,150.2,150.3,638
CASTROL,20111007,450,464.85,450,458.65,118659
CCCL,20111007,19,20,18.8,19,24995
CCL,20111007,165.5,166.35,161.15,163.05,7341
CEATLTD,20111007,75.5,78,74.45,74.85,30184
CEBBCO,20111007,30.05,33.85,30.05,31,2823
CELEBRITY,20111007,5.8,6.25,5.7,5.75,3777
CELESTIAL,20111007,22,22,20.3,21.15,5143
CENTENKA,20111007,146,146,142.15,143.4,13322
CENTEXT,20111007,2.95,3,2.8,2.95,7533
CENTRALBK,20111007,91.65,100,91.65,99.6,334079
CENTURYPLY,20111007,58.5,59,57.8,58,2006
CENTURYTEX,20111007,288.85,297.45,288.85,292.7,321783
CERA,20111007,188.2,194.15,188.05,188.9,1688
CESC,20111007,274.5,274.5,260,266.25,234322
CHAMBLFERT,20111007,91.95,93.1,87.6,88.95,2006334
CHEMPLAST,20111007,5.6,5.8,5.4,5.5,56503
CHENNPETRO,20111007,203.55,209,200,202.85,20282
CHESLINTEX,20111007,10.1,12.35,10.1,10.65,1553
CHETTINAD,20111007,465,480.1,460.5,470,288
CHOLAFIN,20111007,141.9,151.65,141.9,145.5,7848
CILNOVA,20111007,17.4,17.4,17.15,17.15,7200
CINEMAX,20111007,36.5,36.9,35.7,35.75,22780
CINEVISTA,20111007,3.05,3.15,3,3.15,14939
CIPLA,20111007,285,289.85,283.15,285.1,1048259
CLASSIC,20111007,9.8,10.05,9.65,9.7,12944
CLNINDIA,20111007,710,720.95,700.1,711.65,5345
CLUTCHAUTO,20111007,34.25,35.75,33.8,34.35,7202
CMAHENDRA,20111007,184.5,186.45,179,180.25,3171
CMC,20111007,799,805,793,799.7,60740
COALINDIA,20111007,334,339.9,331.3,337.55,7803489
COLPAL,20111007,991.55,1003,973.05,986,83168
COMPUAGE,20111007,106.95,106.95,103,105.6,14
CONCOR,20111007,920.05,942.3,910.15,919.4,65745
CONSOFINVT,20111007,57.1,57.75,57.05,57.35,579
CORAL-HUB,20111007,4.35,4.85,4.35,4.55,18338
CORDSCABLE,20111007,29.25,30.1,29.25,30,2381
COREEDUTEC,20111007,284.1,286.8,282,286.3,27504
COROMANDEL,20111007,300.9,309.2,300.9,305.1,132050
CORPBANK,20111007,405.1,412.95,404.3,405.25,30306
COSMOFILMS,20111007,87.3,87.3,85,85.05,9329
COX&KINGS,20111007,209.35,217.85,207.9,213.65,367230
CPIL,20111007,248,257,245.55,248.45,11513
CREATIVEYE,20111007,5,5.2,5,5.2,529
CRESTANI,20111007,31.5,33.4,31.25,32.9,42496
CREWBOS,20111007,34.5,34.9,33.5,34.9,26366
CRISIL,20111007,787,805.5,787,793.65,6931
CROMPGREAV,20111007,149,151.5,147.8,149.1,673701
CRONIMET,20111007,113,122.5,113,117.5,34536
CTE,20111007,6.95,6.95,6.65,6.8,1926
CUB,20111007,43.2,44,42.65,42.9,185555
CUBEXTUB,20111007,9.8,10.4,9.65,10.05,68
CUMMINSIND,20111007,400,409,400,406.35,116280
CURATECH,20111007,126.8,126.85,117.5,117.6,299
CYBERMEDIA,20111007,14.25,14.95,14.25,14.35,106
CYBERTECH,20111007,10.4,11.45,10.1,11.1,5897
DAAWAT,20111007,41.75,42.5,41.15,41.85,27038
DABUR,20111007,101.5,101.8,99.5,100.7,1912832
DALMIABEL,20111007,103.3,108.75,103.3,105.9,441
DALMIASUG,20111007,16.3,16.9,16.3,16.5,9205
DATAMATICS,20111007,27.5,27.5,26.75,26.85,570
DBCORP,20111007,200.9,200.9,196,197,29881
DBREALTY,20111007,51.25,52.75,51,51.25,258626
DCB,20111007,39.4,39.8,38.45,39.45,3365978
DCHL,20111007,55.55,56,54,54.4,209461
DCM,20111007,59.95,59.95,56.5,56.9,17562
DCMSRMCONS,20111007,43.5,46.3,43.5,45.2,189115
DCW,20111007,8.8,8.8,8.55,8.55,74752
DECCANCE,20111007,146,148,140.55,143.3,606
DECOLIGHT,20111007,4,4,3.85,3.85,3402
DEEPAKFERT,20111007,160.65,166,160.65,163.5,17366
DEEPAKNTR,20111007,175,175,175,175,201
DEEPIND,20111007,72.85,75.8,71.75,72.15,3377
DELTACORP,20111007,94.25,96,92.35,93.45,4112272
DEN,20111007,70,72,68.5,70.9,182671
DENABANK,20111007,73,74.5,73,73.5,689656
DENORA,20111007,75.85,80,75.85,80,31
DENSO,20111007,50.9,50.9,49.1,49.45,4090
DEWANHOUS,20111007,216.1,223.9,214.2,217.55,183038
DHAMPURSUG,20111007,38.8,39.8,38.8,39.2,22277
DHANBANK,20111007,71,73.7,70.8,71.35,342426
DHANUKA,20111007,101,101.2,99.35,100.3,33360
DHARSUGAR,20111007,26,27.6,25.8,26.6,5478
DIAPOWER,20111007,102.4,103.9,100.1,101.35,11788
DICIND,20111007,224,225,218.05,220.2,2517
DIGJAM,20111007,8.25,9.3,8.25,8.6,20374
DISHMAN,20111007,59.2,59.7,58.3,58.85,51741
DISHTV,20111007,74.9,79.3,74.85,78.9,3294212
DIVISLAB,20111007,723,731.9,722.2,723.8,47725
DLF,20111007,215,220.75,213.3,218.1,5385630
DLINKINDIA,20111007,20.1,20.4,19.55,19.75,5285
DOLPHINOFF,20111007,132,133.2,128,128.2,5355
DONEAR,20111007,20,20,19.5,19.5,432
DPSCLTD,20111007,2050,2050,1905,1915,42
DPTL,20111007,120.25,126.5,120.25,123.65,1139
DQE,20111007,33.05,33.7,32.15,32.4,6730
DREDGECORP,20111007,232.1,239,232.1,237.2,5146
DRREDDY,20111007,1496,1525,1495,1503.15,314836
DSKULKARNI,20111007,53.3,55,53.3,54.05,5276
DUNCANSIND,20111007,12.95,12.95,12.95,12.95,19518
DWARKESH,20111007,37.7,38.3,36.45,37.65,12319
DYNAMATECH,20111007,987,1005,987,1003.15,98
DYNASYS,20111007,0.75,0.85,0.75,0.8,202
EASTSILK,20111007,6.3,6.3,5.85,5.95,12640
ECEIND,20111007,101.1,102,100.65,100.95,829
ECLERX,20111007,729.95,730,715,723.9,1735
EDELWEISS,20111007,26.05,26.9,25.75,26.15,84040
EDL,20111007,88.85,88.85,79.1,80.45,15896
EDSERV,20111007,84.8,86.65,83,84.6,106705
EDUCOMP,20111007,247,258,246.9,254.8,1653428
EICHERMOT,20111007,1627,1658.5,1605,1612.25,35120
EIDPARRY,20111007,229,230.85,223.1,223.95,38069
EIHAHOTELS,20111007,150.9,158.9,149.2,152.35,926
EIHOTEL,20111007,87.3,88.35,86,86.5,46330
EIMCOELECO,20111007,169.5,174.95,168.5,174.5,107
EKC,20111007,70.25,71,68.3,69.85,137650
ELDERPHARM,20111007,370,376,366.65,370.1,32794
ELECON,20111007,71.85,73.2,71.05,71.15,41645
ELECTCAST,20111007,29,29,28.65,28.7,181972
ELECTHERM,20111007,123,145,123,143.05,166905
ELFORGE,20111007,9.95,10.45,9.95,10.35,4067
ELGIEQUIP,20111007,68.2,71,66.6,66.9,36550
ELGIRUBCO,20111007,24.2,26.2,24.1,25.95,4075
ELNET,20111007,34.8,34.8,31.65,32.05,599
EMAMIINFRA,20111007,32.05,33.55,31.2,33.1,5660
EMAMILTD,20111007,408.95,411,403.35,407.85,8834
EMCO,20111007,54.5,54.5,52.05,52.65,35982
EMKAY,20111007,48.6,48.6,46.55,48.25,6657
EMMBI,20111007,13.45,13.9,13.3,13.75,11488
EMPEESUG,20111007,16.55,18.85,16.55,18.85,1165
ENERGYDEV,20111007,32.5,35.95,32.5,35.95,6526
ENGINERSIN,20111007,247,250,244.1,248.5,34823
ENIL,20111007,255,259.85,251,253.6,15061
EONELECT,20111007,64.15,65.95,63.55,65,16304
ERAINFRA,20111007,152.2,152.2,151.6,151.8,223614
EROSMEDIA,20111007,236.35,241,234.55,235.35,102322
ESABINDIA,20111007,514,525,514,515.2,972
ESCORTS,20111007,70.5,72.8,70.35,71,1320509
ESL,20111007,6.25,6.75,5.85,6,3401852
ESSAROIL,20111007,76.5,79,75.7,77.1,870295
ESSARPORTS,20111007,55,55.25,53.2,53.8,21992
ESSDEE,20111007,182.1,187.95,181.9,182.85,13046
ESSELPACK,20111007,34.3,35.45,34.3,34.85,30026
ESTER,20111007,27,28,27,27.4,10523
EUROMULTI,20111007,6.55,7.3,6.5,6.8,5243
EUROTEXIND,20111007,19.55,19.55,19,19,200
EVEREADY,20111007,35.75,36.65,35.25,35.65,60907
EVERESTIND,20111007,140,144,140,140.85,2638
EVERONN,20111007,377,379.9,368,369.75,147200
EXCELCROP,20111007,141,165,141,155.4,256092
EXCELINDUS,20111007,66.5,67.95,65,66.8,516
EXCELINFO,20111007,12.05,13.65,12.05,13.35,150725
EXIDEIND,20111007,132.3,133.85,130.5,131.2,1225362
FACT,20111007,33.3,33.5,32.6,32.85,7236
FAGBEARING,20111007,1145,1175,1145,1160.95,2434
FAME,20111007,41.2,42.8,41.1,41.65,3764
FARMAXIND,20111007,2.55,2.6,2.4,2.4,83025
FCH,20111007,128.35,129.9,125.3,127.4,44686
FCSSOFT,20111007,0.6,0.65,0.6,0.6,686226
FDC,20111007,92.5,100,89.2,90.35,28545
FEDDERLOYD,20111007,60.9,62.95,60,61.1,8221
FEDERALBNK,20111007,340.4,359.8,340.4,351.6,159208
FIEMIND,20111007,162,162,158.05,159.95,819
FILATEX,20111007,40.9,41.95,39.9,40.6,52896
FINANTECH,20111007,750,759,739.1,744.35,105273
FINCABLES,20111007,36.2,37.25,36.05,36.3,21590
FINPIPE,20111007,63.4,64.45,61.55,62.35,15591
FIRSTLEASE,20111007,68.6,69.4,67,68.2,7486
FIRSTWIN,20111007,15,15.7,14.1,15.7,1258
FKONCO,20111007,109.4,113.25,107,108.15,3863
FMGOETZE,20111007,247,247,228,229.6,432
FORTIS,20111007,122,123.35,120.4,121.15,246216
FOSECOIND,20111007,537.95,537.95,503,507.45,202
FSL,20111007,10.75,11.1,10.75,10.9,1138463
FUTUREVENT,20111007,9.05,9.25,9,9.05,131487
GABRIEL,20111007,40.05,40.8,40,40,5041
GAEL,20111007,23.1,25.15,22.55,24.25,30588
GAIL,20111007,413.65,419,408.75,411.1,1097774
GAL,20111007,17.9,19.5,17.85,18.65,308638
GALLANTT,20111007,24.2,24.8,22.5,23.9,50421
GALLISPAT,20111007,101,116.9,100.1,110,122587
GAMMNINFRA,20111007,13.55,13.8,13.45,13.45,30076
GAMMONIND,20111007,68.3,69.35,67.15,67.25,40817
GANDHITUBE,20111007,115.65,121.45,115.6,121.45,509
GANESHHOUC,20111007,122.5,125,120.1,120.45,14043
GANGOTRI,20111007,4.1,4.5,4.1,4.4,424
GARDENSILK,20111007,71,71,68.6,68.7,4415
GARWALLROP,20111007,53,53.85,52.6,52.6,257
GATI,20111007,53.7,54.25,53.2,53.55,74389
GAYAPROJ,20111007,135,144.8,130,139.3,13406
GDL,20111007,137.5,141,137.1,139.2,107416
GEECEE,20111007,30.25,30.25,29.75,30,2003
GEINDSYS,20111007,123,127.95,122.85,123.9,4003
GEMINI,20111007,21.7,23.45,21.7,22.05,8906
GENESYS,20111007,201.05,208.95,196.05,197.6,765
GENUSPOWER,20111007,14.2,14.2,13.5,13.55,39905
GEODESIC,20111007,50.5,51.4,49.9,50.8,236109
GEOJITBNPP,20111007,18.55,19.3,18.4,18.5,53027
GEOMETRIC,20111007,42.9,43.7,42,42.9,18341
GESHIP,20111007,234.05,242.65,231,239.4,219239
GHCL,20111007,35.6,36.55,35.6,36.3,19327
GICHSGFIN,20111007,92.1,92.1,89.5,89.85,108856
GILLANDERS,20111007,82.5,84.6,82.1,82.85,958
GILLETTE,20111007,2093.55,2093.55,2027.6,2041.1,2335
GINNIFILA,20111007,7.8,7.85,7.4,7.4,573
GIPCL,20111007,79.5,80.45,79.5,79.85,6338
GISOLUTION,20111007,12,12,11.3,11.3,142
GITANJALI,20111007,354,359.9,351.5,358.65,697145
GKB,20111007,40,40,39.5,39.5,199
GKWLIMITED,20111007,451,451,450,450,130
GLAXO,20111007,2110,2130,2090,2098.85,66582
GLENMARK,20111007,302,305.9,289.1,293.7,716955
GLFL,20111007,2.8,3.05,2.8,2.95,610
GLOBALVECT,20111007,19.65,20.5,19.4,20,245
GLOBOFFS,20111007,86.8,86.8,81.1,81.4,4319
GLOBUSSPR,20111007,105.7,115,102.6,105.2,12961
GLODYNE,20111007,389.5,399,365.4,375.75,216993
GLORY,20111007,3.4,3.45,3.35,3.35,17800
GMBREW,20111007,87.4,91.65,87.4,90.75,2568
GMDCLTD,20111007,160.1,164.15,157.3,158.2,266939
GMRINFRA,20111007,26.8,26.8,25.5,26.05,4506408
GNFC,20111007,90,90.75,88,88.15,41654
GOACARBON,20111007,71.2,82.8,71.2,79.15,64238
GODFRYPHLP,20111007,3051,3540,3050,3408.3,6534
GODREJCP,20111007,404,406,393,394.6,521581
GODREJIND,20111007,185,189.3,184.55,187.75,412445
GODREJPROP,20111007,639.95,660,624,653,113623
GOENKA,20111007,36.6,36.6,34.7,35.05,14128
GOKEX,20111007,90,91.25,86.05,88.2,3311
GOKUL,20111007,90,90,83.55,88.65,88724
GOLDBEES,20111007,2525,2553.45,2525,2535.1,122598
GOLDENTOBC,20111007,59.2,59.45,57.8,58,716
GOLDIAM,20111007,30,33,30,30.6,8571
GOLDINFRA,20111007,13,13.8,13,13.25,1682
GOLDSHARE,20111007,2521,2566.85,2521,2545.25,7670
GOLDTECH,20111007,7.7,7.7,6.6,7,38429
GPIL,20111007,110.05,114.65,108,110.1,33337
GPPL,20111007,65.1,68.75,64.45,67.85,76132
GRABALALK,20111007,17.35,17.45,16.75,17.45,4544
GRANULES,20111007,64,65.9,63.9,64.65,6207
GRAPHITE,20111007,70.7,73,67.5,72.65,11870
GRASIM,20111007,2328.8,2394.95,2309.3,2335,102849
GRAVITA,20111007,366.7,379.8,353.65,372.4,290805
GREAVESCOT,20111007,87,88,86.4,87.5,15538
GREENPLY,20111007,200,202,195,196.25,1475
GREENPOWER,20111007,15,15.25,14.6,15,346234
GRINDWELL,20111007,235,235,231.05,232,864
GRUH,20111007,516.95,516.95,510,512.35,5950
GSFC,20111007,445.05,450.05,436.35,441.65,55302
GSKCONS,20111007,2407,2489,2290.5,2384.15,31396
GSLNOVA,20111007,2.8,2.85,2.65,2.65,4167
GSPL,20111007,106,106.5,101,102.05,1526435
GSS,20111007,131,133.55,126.1,130,1120
GTL,20111007,55.2,56.35,54.1,54.6,1089935
GTLINFRA,20111007,11.25,11.35,11.05,11.05,441437
GTNIND,20111007,13.05,14,13.05,14,755
GTNTEX,20111007,11.8,13.2,11.8,13.2,1104
GTOFFSHORE,20111007,115,120.3,115,117.1,34794
GUFICBIO,20111007,6.3,6.7,6.25,6.65,8457
GUJALKALI,20111007,139,141.3,139,140.55,5052
GUJAPOLLO,20111007,126.55,134.5,126,128.65,3582
GUJFLUORO,20111007,505,519.05,500.65,503.9,54277
GUJNRECOKE,20111007,22.75,22.75,20.6,20.7,2190940
GUJNREDVR,20111007,15.5,16.05,15.5,15.85,38231
GUJRATGAS,20111007,420,429.95,420,423,7730
GUJSIDHCEM,20111007,8.6,8.95,8.6,8.8,68249
GULFOILCOR,20111007,67.95,69.9,67.95,69.05,26991
GVKPIL,20111007,14.85,15.55,14.85,15.15,5165663
HALONIX,20111007,64,64,60.55,60.7,641
HANUNG,20111007,105.75,108.25,105,105.85,169132
HARITASEAT,20111007,70,70,67,67.05,52
HARRMALAYA,20111007,67,75.7,67,70.8,121273
HATHWAY,20111007,81.5,86.8,81.5,84.45,104222
HAVELLS,20111007,350,354.1,340.3,344,101915
HBLPOWER,20111007,16.5,17.3,16.5,17,33786
HBSTOCK,20111007,12,12.5,12,12.3,1470
HCC,20111007,27.6,28.25,27.5,27.9,1344025
HCIL,20111007,49,49.05,48.8,48.85,3156
HCL-INSYS,20111007,64.5,64.5,62.1,62.95,65197
HCLTECH,20111007,407,416,402,405.35,1128859
HDFC,20111007,640,655.55,636.7,645.4,3144918
HDFCBANK,20111007,452.7,460,446.2,450,4721751
HDFCMFGETF,20111007,2592,2628,2592,2608.3,4456
HDIL,20111007,92.5,95,92.45,93.1,5136312
HEG,20111007,207,210.95,206,206.95,6755
HEIDELBERG,20111007,33.8,36.2,33.8,34.8,93879
HELIOSMATH,20111007,23.65,24.7,23.65,24.1,3181
HERCULES,20111007,238.25,247.95,235,237.9,48669
HERITGFOOD,20111007,165,171.5,164.75,165.35,912
HEROMOTOCO,20111007,1985,1999.9,1912.2,1940.9,542327
HEXAWARE,20111007,82.5,83.65,80.65,81.95,570802
HFCL,20111007,11,11.3,10.95,11,344993
HGSL,20111007,329.9,329.9,317,324.7,1544
HIKAL,20111007,271,278.9,271,273.3,740
HILTON,20111007,15.15,15.15,13.5,14,1201
HIMATSEIDE,20111007,32,32.6,31.75,31.9,4194
HINDALCO,20111007,125.85,127.2,123.85,125.9,13680194
HINDCOMPOS,20111007,485,485,480,485,23
HINDCOPPER,20111007,208.5,214.9,205.55,211.85,54602
HINDDORROL,20111007,36.5,37,35.05,35.8,108285
HINDMOTORS,20111007,12.75,13.15,12.65,12.75,75786
HINDNATGLS,20111007,172.25,188.9,172.25,178,73
HINDOILEXP,20111007,103,107,102.1,105.55,767150
HINDPETRO,20111007,365,369.5,365,367.85,423972
HINDUJAFO,20111007,70,70,67.9,70,632
HINDUJAVEN,20111007,303.25,320,303.15,317.35,5344
HINDUNILVR,20111007,328,331.65,325.05,329.35,2500289
HINDZINC,20111007,113.1,119.4,113.1,118.1,719777
HIRECT,20111007,45.25,45.25,42.15,42.3,605
HITACHIHOM,20111007,153.1,159.8,151.5,155.55,30293
HITECHGEAR,20111007,125,127.95,123.15,125.4,42
HITECHPLAS,20111007,77.2,79.65,77.1,77.1,667
HMT,20111007,37.8,38.25,37.25,37.55,37592
HMVL,20111007,127.8,133,125.4,127,10308
HNGSNGBEES,20111007,1125,1200,1121.01,1174.93,276
HOCL,20111007,21.25,22.05,21.1,21.2,15978
HONAUT,20111007,2665,2699,2510,2609.35,1147
HONDAPOWER,20111007,333,340,330,337.9,1364
HOPFL,20111007,52.1,54.95,52.1,52.2,420
HORIZONINF,20111007,285,296,275,289.15,1640
HOTELEELA,20111007,33.45,36.9,33.45,36.2,101005
HOTELRUGBY,20111007,7.75,7.95,7.6,7.6,6282
HOVS,20111007,52.9,57,52.9,53.6,17777
HSIL,20111007,185,205.8,179,181.05,70295
HTMEDIA,20111007,146.8,147.4,141.25,141.75,6175
HYDRBADIND,20111007,310.4,318.35,310.4,315.1,1972
HYDROS&S,20111007,20.8,20.95,18.65,19.3,530
IBPOW,20111007,11.5,12.4,11.5,12,303882
IBREALEST,20111007,71,73.1,69.3,70.65,3358716
IBSEC,20111007,8,8.25,8,8.1,274142
IBWSL,20111007,3.4,3.75,3.4,3.4,741016
ICICIBANK,20111007,817.1,831.6,815,824.45,6215157
ICIL,20111007,9.1,10.65,9.1,10.15,363
ICRA,20111007,874.5,960,874.5,918.95,3409
ICSA,20111007,59.95,60.6,57.25,57.8,111706
IDBI,20111007,96.5,100.2,96.5,98.85,1957161
IDEA,20111007,95.5,95.95,86.05,90.25,15190867
IDFC,20111007,114,117.75,112.6,116.4,6097492
IFBIND,20111007,110,113.8,110,112.95,12308
IFCI,20111007,29.2,29.9,29,29.25,7499612
IFGLREFRAC,20111007,30.7,33.5,30.7,32,2307
IGARASHI,20111007,42,43.95,41.2,41.9,1860
IGL,20111007,431,439,418,427,567289
IGPL,20111007,21.3,21.45,20.7,20.7,302
IL&FSENGG,20111007,86.5,90.2,86.05,87,19950
IL&FSTRANS,20111007,201,201,198.05,199.7,38091
IMFA,20111007,280,292,278,284.95,1062
IMPAL,20111007,600,614,595.1,596.5,23
IMPEXFERRO,20111007,7.25,7.25,7.25,7.25,200
INDBANK,20111007,7.45,7.65,7.3,7.5,11226
INDHOTEL,20111007,70.3,70.3,68.55,68.95,1096569
INDIABULLS,20111007,150,158,148.5,156.45,503049
INDIACEM,20111007,72.65,73,69.7,71.45,748721
INDIAGLYCO,20111007,119.05,122.9,119.05,121.45,106557
INDIAINFO,20111007,74.5,74.7,71.5,72.7,475869
INDIANB,20111007,194.95,199.5,194.95,196.25,168616
INDIANCARD,20111007,84,87,80.2,81.5,820
INDIANHUME,20111007,117,118.95,114.5,117.1,545
INDLMETER,20111007,73,74,69.2,71,4609
INDNIPPON,20111007,162.2,173.45,162.2,165.1,673
INDOCO,20111007,392.5,405,385.05,397.6,1367
INDORAMA,20111007,31,32.3,31,31.9,13456
INDOSOLAR,20111007,9.1,9.1,8.75,8.8,125121
INDOTECH,20111007,109.95,116,109.95,111,1326
INDOWIND,20111007,11.8,11.95,11.55,11.95,155217
INDRAMEDCO,20111007,32,34.95,31.65,32.55,40210
INDSWFTLAB,20111007,83.5,84.35,81.35,81.7,38656
INDSWFTLTD,20111007,29.05,32,28.55,29.75,3626
INDTERRAIN,20111007,110,116.05,106,116.05,3419
INDUSFILA,20111007,14.2,14.25,14.2,14.25,301
INDUSINDBK,20111007,247.9,259.9,235.95,243.35,2407560
INEABS,20111007,605,624,588.4,592.6,4043
INFINITE,20111007,95.5,95.5,91.5,93.75,12020
INFODRIVE,20111007,9.6,9.85,9.05,9.25,774
INFOMEDIA,20111007,11.55,11.95,10.95,11.1,9521
INFOTECENT,20111007,109,118.4,108,114.95,43189
INFRABEES,20111007,259,259.5,253.5,255,166
INFY,20111007,2560,2574.9,2487.65,2508.7,2307216
INGERRAND,20111007,488.45,498.05,485,485.85,5941
INGVYSYABK,20111007,280.2,295.85,280.2,287.95,71440
INNOIND,20111007,87,87.2,75,80.85,6597
INOXLEISUR,20111007,46.4,52,46.4,50.45,221058
INSECTICID,20111007,379.8,404.2,379.8,397.15,159580
INVENTURE,20111007,152.15,156.95,147.1,149.9,138677
IOB,20111007,87.05,93,87.05,91.6,510084
IOC,20111007,305.3,320,305.3,319.35,268497
IOLCP,20111007,29.05,31,28.55,31,3070
IOLN,20111007,6.35,6.65,6.35,6.4,16622
IPCALAB,20111007,240,252.9,240,250.55,84328
IPGETF,20111007,2605,2646.45,2605,2618.35,178
IPRINGLTD,20111007,60,60,56.6,56.6,300
IRB,20111007,163.6,166.45,162.05,163.3,807978
ISFT,20111007,54.5,55.45,53.25,54.7,2282
ISMTLTD,20111007,31,32,29.9,30.05,59820
ITC,20111007,197.75,200.25,194,199.15,22819406
ITDCEM,20111007,144.95,146.95,142.2,142.5,815
ITI,20111007,19.95,20.3,19.75,19.95,63893
IVC,20111007,29.65,29.65,28,28.15,28191
IVP,20111007,50,50,46.65,48.9,10189
IVRCLAH,20111007,28.5,30.4,27.6,27.9,37028
IVRCLINFRA,20111007,36,36.8,35.8,36.1,2679917
J&KBANK,20111007,772,779,742.05,751.7,36031
JAGRAN,20111007,105.5,105.5,102.35,103.85,45116
JAGSNPHARM,20111007,11.75,12.75,11.75,11.85,12071
JAIBALAJI,20111007,109.9,109.9,98.2,100.05,19013
JAICORPLTD,20111007,77.35,79.35,76.55,77.5,183012
JAINSTUDIO,20111007,8.25,8.95,8.25,8.8,700
JAMNAAUTO,20111007,130,130,126,126,302
JAYAGROGN,20111007,82,84.45,82,82.55,1750
JAYBARMARU,20111007,58.1,62,58.1,58.8,1435
JAYNECOIND,20111007,18.05,19.85,17.85,18,39974
JAYSREETEA,20111007,120.2,125.35,119,123.25,42120
JBCHEPHARM,20111007,68.5,71.4,67.7,68.2,86839
JBFIND,20111007,122.2,125,120,121.5,68173
JBMA,20111007,61,62,59.85,60,40
JCTEL,20111007,1.15,1.2,1.1,1.15,45575
JENSONICOL,20111007,3.5,3.95,3.5,3.75,11074
JETAIRWAYS,20111007,235,238.9,230.15,232.35,667477
JHS,20111007,30,32.55,30,31.55,13215
JIKIND,20111007,5.3,5.55,5.25,5.3,4291
JINDALPHOT,20111007,155.4,161.95,155.4,158.5,59310
JINDALPOLY,20111007,195.95,200.8,194.05,199.3,257880
JINDALSAW,20111007,133.3,141.35,133.3,135.95,1450416
JINDALSTEL,20111007,460,490.65,457.15,483.2,4208813
JINDALSWHL,20111007,533,533,521,525.7,31631
JINDCOT,20111007,80.4,81.35,65.1,79.5,171674
JINDRILL,20111007,317,320.9,310,311.05,27584
JINDWORLD,20111007,110.95,110.95,104.55,106.45,4757
JISLJALEQS,20111007,135.6,138.2,133.25,135.5,2321952
JKCEMENT,20111007,111,113.5,110.2,111.15,2118
JKIL,20111007,127,132,127,130,6107
JKLAKSHMI,20111007,39.5,41,39.5,40.75,44018
JKPAPER,20111007,41.55,45,39.2,40.05,14464
JKTYRE,20111007,72.35,73.3,70.4,70.65,61593
JMCPROJECT,20111007,119,121.95,117.1,120.95,1067
JMFINANCIL,20111007,16.5,16.6,15.85,15.95,270459
JMTAUTOLTD,20111007,56.6,62.8,56.1,56.1,2058
JOCIL,20111007,143.95,145.95,135.3,136.9,1416
JPASSOCIAT,20111007,74.1,75.5,72.1,72.9,18493394
JPINFRATEC,20111007,49.9,50.65,47.2,47.65,406372
JPPOWER,20111007,34.5,35,33.95,34.4,274014
JSL,20111007,91.2,92.95,91,91.35,12484
JSWENERGY,20111007,50.3,51.15,49.3,49.8,766288
JSWISPAT,20111007,12.7,13.15,12.65,12.75,3249501
JSWSTEEL,20111007,569,579,560,564.75,1422512
JUBILANT,20111007,195,196.4,179.05,181.5,90518
JUBLFOOD,20111007,676,715.9,673,710.85,2505457
JUBLINDS,20111007,178.95,181.35,178.1,178.85,1792
JUMBO,20111007,15.75,15.9,15.4,15.55,3065
JUNIORBEES,20111007,96,98,95.98,97.47,23335
JUPITER,20111007,14.55,14.75,14.1,14.2,170935
JVLAGRO,20111007,15,15.95,14,14.7,15168
JYOTHYLAB,20111007,152,153,147.3,148.4,27132
JYOTISTRUC,20111007,63.7,65.35,61.6,61.75,81132
KABRAEXTRU,20111007,40.2,41.45,39.1,40.3,3088
KAJARIACER,20111007,107,113.95,107,112.7,126669
KAKATCEM,20111007,66.15,68.6,66.15,67.05,490
KALECONSUL,20111007,77.45,79,76.5,76.8,4620
KALINDEE,20111007,109.8,109.9,107.45,108.2,66542
KALPATPOWR,20111007,105.1,105.95,103.1,104.45,22762
KAMATHOTEL,20111007,90.2,91.7,90,90.2,13698
KANDAGIRI,20111007,72,72,72,72,5
KANORICHEM,20111007,32,32.8,32,32.1,6286
KANSAINER,20111007,846.7,856,836.1,845.65,895
KARMAENG,20111007,12.1,12.45,11.6,12.45,1679
KARURVYSYA,20111007,365,380,352.65,363.45,1418488
KAUSHALYA,20111007,7.9,8.5,7.9,8.35,7514
KAVVERITEL,20111007,129,136.8,129,131.65,20931
KBIL,20111007,630,630,605.1,620,37
KCP,20111007,24.65,25.4,24.65,24.75,2553
KCPSUGIND,20111007,14.3,16.35,14.3,15,23049
KEC,20111007,53.6,58.2,53.6,55.7,43159
KECL,20111007,34,34,31.5,31.8,3172
KEI,20111007,15.1,15.5,14.8,14.95,44444
KEMROCK,20111007,510.15,511.5,508,509.35,13799
KERNEX,20111007,94.8,99,90.5,91.25,29905
KESARENT,20111007,54,54.45,53.85,54,685
KESORAMIND,20111007,120.3,128.2,120.3,122.9,54299
KFA,20111007,20,21.05,19.95,20.1,1880163
KGL,20111007,7.1,7.1,6.4,6.6,2467720
KHAITANELE,20111007,90.1,94,90.1,90.9,1203
KHAITANLTD,20111007,24.95,24.95,24.95,24.95,10
KHANDSE,20111007,19.3,19.3,17.5,17.8,1450
KICL,20111007,493,514.95,487.05,495.5,742
KIL,20111007,13.1,13.5,13.1,13.4,7673
KILITCH,20111007,83.9,83.9,83.9,83.9,2223
KINETICMOT,20111007,16,17.2,15.9,16.15,11989
KIRIINDUS,20111007,125.05,128.95,123.1,125.4,48363
KIRLOSBROS,20111007,141.5,141.5,132.5,136.05,1532
KIRLOSENG,20111007,136,136,125.15,125.85,1263
KIRLOSIND,20111007,279.9,279.9,269.1,269.5,186
KITPLYIND,20111007,3.85,3.85,3.5,3.7,3351
KKCL,20111007,799,799,767.05,777.55,569
KLGSYSTEL,20111007,32.2,33.6,31.5,32.1,4209
KLRF,20111007,23.25,23.25,23.25,23.25,100
KMSUGAR,20111007,2.55,2.7,2.55,2.65,1262
KNRCON,20111007,103,106.75,103,105,2005
KOHINOOR,20111007,42.8,43.2,42.15,42.3,25097
KOLTEPATIL,20111007,35.1,35.15,34.25,34.45,14962
KOPDRUGS,20111007,4.45,4.45,4.45,4.45,100
KOPRAN,20111007,21.25,21.85,21.25,21.75,21068
KOTAKBANK,20111007,441,454.95,441,446.75,575842
KOTAKGOLD,20111007,2526.8,2594.4,2526.8,2559.55,25651
KOTAKNIFTY,20111007,498,501,495.5,496.62,476
KOTAKPSUBK,20111007,330,335,317.1,318.98,2047
KOTARISUG,20111007,6.05,6.25,6,6,16294
KOTHARIPET,20111007,7.4,7.95,7.4,7.75,16800
KOTHARIPRO,20111007,480,489.65,477.65,481.5,551
KOUTONS,20111007,26.5,26.5,24.1,24.7,202764
KPIT,20111007,149.4,150.05,145,145.5,17453
KPRMILL,20111007,92.5,97.8,90.8,91.35,3172
KRBL,20111007,22.9,24.25,22.9,24.05,646765
KRISHNAENG,20111007,3.3,3.65,3.3,3.3,7039
KSBPUMPS,20111007,205,205,199.1,200.55,3175
KSCL,20111007,440.2,449,431,432.9,23005
KSE,20111007,204,204,204,204,1
KSK,20111007,102,102.2,98.25,99.05,91261
KSL,20111007,52.2,52.2,48.2,48.4,11715
KSOILS,20111007,9.75,10,9.7,9.8,4649576
KTIL,20111007,62.3,63.2,62.3,63.2,14
KTKBANK,20111007,80.8,87,80.2,81.6,627996
KWALITY,20111007,175.5,190,174.5,182.3,2212692
L&TFH,20111007,48.2,49.9,47.65,48.9,1410397
LAKPRE,20111007,38.1,39.9,37.75,38.15,4008
LAKSHMIEFL,20111007,22.15,22.95,21.55,21.65,40573
LAKSHMIMIL,20111007,1648,1649.9,1586,1586,19
LAKSHVILAS,20111007,93.65,95.85,91.25,91.9,73489
LANCOIN,20111007,33.6,34.05,33.35,33.5,2914
LAOPALA,20111007,104.8,104.8,101.1,102.45,12865
LAXMIMACH,20111007,1901,1963,1850,1875.05,1737
LCCINFOTEC,20111007,0.5,0.6,0.5,0.5,48740
LGBBROSLTD,20111007,283,291,283,286.2,1527
LIBERTSHOE,20111007,81.15,83.05,81.15,81.45,11810
LICHSGFIN,20111007,216.4,218.5,214.1,216.9,2480712
LIQUIDBEES,20111007,1000,1000.01,999.99,999.99,85224
LITL,20111007,15.25,15.45,15.05,15.25,6034959
LLOYDELENG,20111007,48,49.75,47.5,47.7,6348
LLOYDFIN,20111007,1,1.15,0.95,0.95,7170
LLOYDSTEEL,20111007,12.1,12.45,12,12.05,118389
LML,20111007,8.8,9,8.7,8.7,100938
LOGIXMICRO,20111007,17.7,17.75,15.3,15.5,41185
LOKESHMACH,20111007,39.65,41.1,39.65,39.7,3720
LOTUSEYE,20111007,9,11.2,9,10,12058
LOVABLE,20111007,434.9,444,426,430.4,363259
LPDC,20111007,2.95,2.95,2.7,2.75,980
LT,20111007,1381,1398.5,1375,1393.15,1769145
LUMAXAUTO,20111007,27.7,27.7,27.7,27.7,119
LUMAXIND,20111007,398.9,398.9,387,390.9,29986
LUMAXTECH,20111007,173,176,172,174.85,22369
LUPIN,20111007,478,478,448.8,459.4,1001972
LYKALABS,20111007,15.45,15.45,14.25,14.25,478
M&M,20111007,797.2,804.8,791,796.3,1386008
M&MFIN,20111007,625.1,649,625.1,637,23414
M100,20111007,7.14,7.15,6.75,6.79,1072600
M50,20111007,65.01,66.92,65.01,66.91,43828
MAANALU,20111007,49,49.7,49,49.55,148
MADHAV,20111007,16.95,18.45,16,16.95,1267
MADHUCON,20111007,73.4,73.5,70.5,70.55,6335
MADRASCEM,20111007,99,100.9,96.55,98.55,17002
MADRASFERT,20111007,20.7,21.45,20.55,20.7,24999
MAGMA,20111007,68.55,69.5,68.15,69,3009
MAGNUM,20111007,4.3,4.95,4.3,4.5,2213
MAHABANK,20111007,45,46.6,44.5,44.75,101675
MAHINDFORG,20111007,59.2,60.45,57.55,58.65,19057
MAHINDUGIN,20111007,45,45,43,43.2,2532
MAHLIFE,20111007,286.35,296.25,282.2,283.95,11616
MAHSCOOTER,20111007,312,325.95,310,324.85,603
MAHSEAMLES,20111007,345,348.5,338.1,339,70039
MAITHANALL,20111007,91,101,91,96,2948
MALUPAPER,20111007,10.5,10.65,10.2,10.5,4301
MALWACOTT,20111007,25,29,25,27.35,1487
MANAKSIA,20111007,54.15,55.95,54.15,54.8,6490
MANALIPETC,20111007,10.6,10.85,10.6,10.75,40186
MANAPPURAM,20111007,52.9,53,50.5,51.05,953496
MANDHANA,20111007,206,218,206,210.1,70931
MANGALAM,20111007,15,15,13.3,13.65,618
MANGCHEFER,20111007,30.95,31.25,30.7,31.15,168651
MANGLMCEM,20111007,101.45,103.45,101.45,101.85,9981
MANGTIMBER,20111007,17.4,17.4,16.55,16.85,1148
MANINDS,20111007,117.2,129.9,117.2,121.35,3222
MANINFRA,20111007,138,140,126.4,127.75,99228
MANJEERA,20111007,86,95.9,83.05,92.85,135
MANJUSHREE,20111007,89.1,90,88.05,88.05,1033
MANUGRAPH,20111007,48.5,49.95,48.5,49.3,664
MARALOVER,20111007,12.3,12.55,12.3,12.3,980
MARG,20111007,81.95,82.5,79.5,81.15,18513
MARICO,20111007,145.45,147,142.5,144.25,246079
MARKSANS,20111007,2.2,2.25,2.15,2.15,81913
MARUTI,20111007,1115,1125,1096.8,1113.2,449114
MASTEK,20111007,93.05,94.2,93.05,93.9,13618
MAWANASUG,20111007,17.9,17.9,16.5,16.5,462
MAX,20111007,178.05,179.8,168,170.3,246152
MAXWELL,20111007,27.1,27.1,25.75,25.9,15873
MBECL,20111007,116.35,118.95,113.5,117.65,50812
MBLINFRA,20111007,127.1,132.35,127.1,128.2,9867
MCDHOLDING,20111007,50.5,54,50.1,50.95,8338
MCDOWELL-N,20111007,788.05,838.2,783.15,832.4,561327
MCLEODRUSS,20111007,229.85,229.85,225,227.35,117265
MEGASOFT,20111007,14.1,15,14.1,14.65,30539
MEGH,20111007,9.4,9.75,9.4,9.7,64667
MELSTAR,20111007,6.85,7.6,6.85,7.4,3716
MERCK,20111007,635,639,625.55,632.8,1040
MHRIL,20111007,326,326,315,316.25,1474
MIC,20111007,11.45,11.45,10.3,10.45,253002
MICROSEC,20111007,30.2,30.5,28.05,29,5432
MICROTECH,20111007,122.5,123.1,120.4,122.3,12724
MINDAIND,20111007,183,183,174,176.6,208
MINDTREE,20111007,342,345.75,338,340.15,104533
MIRCELECTR,20111007,18.6,18.9,18.2,18.65,206070
MIRZAINT,20111007,20.4,20.4,19.15,19.45,83216
MLL,20111007,22.55,23.5,22.25,23.05,783030
MMFL,20111007,100,100.75,98.2,99.05,6380
MMFSL,20111007,91.05,95.1,91.05,93.15,5858
MMTC,20111007,631,645,630.1,634.85,4485
MOIL,20111007,264,271,264,265.3,79135
MONNETISPA,20111007,492,499.6,490,491.9,9528
MONSANTO,20111007,846,850,830.5,836.2,2030
MORARJETEX,20111007,12.1,12.8,12,12.15,7193
MOREPENLAB,20111007,3.8,3.9,3.6,3.7,204795
MOSERBAER,20111007,20.95,21.75,20.8,21.5,495433
MOTHERSUMI,20111007,169,172.65,160.9,165,343228
MOTILALOFS,20111007,84.8,84.8,79.55,81.95,7532
MOTOGENFIN,20111007,45,45,39.5,40.35,858
MPHASIS,20111007,319,328.5,311.5,321.95,105157
MPSLTD,20111007,35,35.5,34,35.45,1300
MRF,20111007,6625,6640,6500.05,6563.9,2831
MRO-TEK,20111007,10.1,10.25,9.65,9.8,4796
MRPL,20111007,60.6,62.05,60.6,61.45,288723
MSPL,20111007,42.45,42.45,41.5,42,11900
MTNL,20111007,30.85,30.85,29.8,30.3,652966
MUDRA,20111007,24.3,25.5,24.3,24.55,10620
MUKANDENGG,20111007,25.1,26.5,25.05,25.3,573
MUKANDLTD,20111007,34.9,34.9,31.5,32.05,14551
MUKTAARTS,20111007,36.9,37,36.9,37,20
MUNDRAPORT,20111007,155.55,157.8,151.2,156.45,806599
MUNJALAU,20111007,161.25,165.7,161.25,163.1,1181
MUNJALSHOW,20111007,61.4,63.5,61.4,62.65,1898
MURLIIND,20111007,21,23.85,21,22.4,2275
MURUDCERA,20111007,16.8,17.4,16.8,16.85,1704
MUTHOOTFIN,20111007,160.3,163.3,158.95,159.85,134329
MVL,20111007,22.85,23.35,22.35,23.1,976297
MVLIND,20111007,13,13.5,13,13,23467
MYSOREBANK,20111007,560,575.9,530,559.6,399
N100,20111007,104.5,108.98,103.5,107.03,7925
NAGREEKCAP,20111007,21.1,22.3,21.1,22.3,100
NAGREEKEXP,20111007,23.7,25.45,21.7,24.9,10898
NAHARCAP,20111007,48.5,50,48.5,49.3,1799
NAHARINDUS,20111007,40.25,41.9,40,40.25,520
NAHARPOLY,20111007,23.95,23.95,21.3,21.75,2373
NAHARSPING,20111007,58.5,61.85,58.5,59.8,4879
NANDAN,20111007,2.4,2.45,2.35,2.4,57274
NATCOPHARM,20111007,232,233,231,231.05,2332
NATHSEED,20111007,12,13.7,12,13.05,6025
NATIONALUM,20111007,61.5,62.5,61.5,61.85,136538
NATNLSTEEL,20111007,14.25,16.7,14.25,16.65,72467
NAUKRI,20111007,651.25,675,651.25,662.25,359
NAVINFLUOR,20111007,351.1,356.9,348,349.2,7142
NAVNETPUBL,20111007,64.55,65,63.65,64.8,75955
NBVENTURES,20111007,175.75,193.35,175.75,180,8970
NCC,20111007,58.6,60.3,57.5,57.8,294623
NCLIND,20111007,38,38,36.5,37,8909
NDTV,20111007,50.8,51.5,49.25,49.85,59010
NECLIFE,20111007,21.45,21.75,20.55,21,33934
NELCAST,20111007,22,22.25,21.15,21.95,9968
NELCO,20111007,53,58,50.8,51.7,67284
NEOCURE,20111007,2.4,2.6,2.4,2.5,16
NEPCMICON,20111007,3.35,3.7,3.35,3.45,43658
NESCO,20111007,543.9,554.9,543.9,547.3,9523
NESTLEIND,20111007,4234.95,4285,4172.05,4214.25,20190
NET4,20111007,146,146,140,144.7,23805
NETWORK18,20111007,66,66.45,64.5,65.3,301107
NEULANDLAB,20111007,91,91,81.5,86.9,2888
NEXTMEDIA,20111007,4.45,4.75,4.45,4.65,27568
NEYVELILIG,20111007,76.7,77.65,75.8,77.1,86003
NFL,20111007,68.2,69,66,66.35,37938
NHPC,20111007,23.1,23.55,23.1,23.25,4968660
NICCO,20111007,2.85,2.9,2.55,2.55,23559
NIFTYBEES,20111007,495,505,494.2,497.99,89034
NIITLTD,20111007,43.5,44,43,43.75,57059
NIITTECH,20111007,196.3,200.8,195.5,196.2,17418
NILKAMAL,20111007,259,263.3,255,260.5,989
NIPPOBATRY,20111007,384.05,391.85,384,385.65,505
NITCO,20111007,44,46.8,44,45.85,22485
NITESHEST,20111007,16.2,16.45,16.1,16.1,23752
NITINFIRE,20111007,36.2,40.8,36.05,39.1,2269226
NITINSPIN,20111007,5.55,6.25,5.55,6.2,16100
NMDC,20111007,226.85,239,225,235.85,254018
NOCIL,20111007,15.75,16.4,15.7,15.85,171043
NOIDATOLL,20111007,22.65,23.3,22.55,22.75,84610
NOL,20111007,39,39,39,39,150
NORBTEAEXP,20111007,5,5.35,5,5.05,436
NORTHGATE,20111007,12,12.7,12,12.3,11900
NOVOPANIND,20111007,40,43.9,40,43,1424
NRBBEARING,20111007,44.95,50.85,43.25,47.15,1343445
NRC,20111007,3.75,3.9,3.75,3.75,3138
NSIL,20111007,610,619.95,600,600.75,214
NTPC,20111007,168.5,169.2,165.25,166.9,3350320
NUCHEM,20111007,2.9,3.1,2.45,2.65,57633
NUCLEUS,20111007,69.75,69.75,67,67.2,5096
NUMERICPW,20111007,188.45,192,185,186.3,2480
NUTEK,20111007,2.7,2.95,2.65,2.85,987390
OBEROIRLTY,20111007,229.8,231.6,227,230.05,116807
OCL,20111007,90.55,93.5,90.55,92.95,1253
OFSS,20111007,1900.15,1965,1886.05,1937.45,189059
OIL,20111007,1320,1348.9,1312.25,1327.35,56652
OILCOUNTUB,20111007,59,61.45,56.5,58.9,7078
OISL,20111007,48,50,47.5,48.85,4137
OMAXAUTO,20111007,37.1,38.8,36.55,37.25,5288
OMAXE,20111007,136.5,141,136.5,138.2,231744
OMKARCHEM,20111007,66.55,69.65,66.55,67.75,3873
OMMETALS,20111007,24.35,24.35,24.1,24.1,200
OMNITECH,20111007,138.9,142.5,130,135,238336
ONGC,20111007,268.9,271.35,259.75,264.45,4201401
ONMOBILE,20111007,59.1,61.35,58.75,60.65,353736
ONWARDTEC,20111007,39,39.85,37.25,39.6,5201
OPTOCIRCUI,20111007,211,219.5,187.9,210.65,1038041
ORBITCORP,20111007,32.55,35.5,32.05,34.1,328576
ORCHIDCHEM,20111007,155,158,151.5,154,1414582
ORIENTABRA,20111007,34,35.8,34,35.1,14649
ORIENTALTL,20111007,8,8,8,8,1200
ORIENTBANK,20111007,285.35,298.95,281.2,289,639075
ORIENTCERA,20111007,45.5,49.35,45.5,45.5,83
ORIENTHOT,20111007,26.55,27.3,26.35,26.6,1413
ORIENTLTD,20111007,74.85,74.85,73.4,73.4,2
ORIENTPPR,20111007,59.05,60.9,59.05,60,611604
ORISSAMINE,20111007,43201,45400,43101.5,43802.05,1838
OSWALMIN,20111007,41,42.6,41,42.6,562
OUDHSUG,20111007,19.8,20.25,19.25,19.5,4225
PAEL,20111007,21.6,22.7,21.6,22.7,551
PAGEIND,20111007,2400,2500,2384,2452.75,1123
PANACEABIO,20111007,118,119.7,115.2,115.8,9794
PANAMAPET,20111007,231,233,224,224.1,10067
PANASONIC,20111007,109.75,109.8,103,103.9,628
PANORAMUNI,20111007,11.2,11.35,10.4,11.35,8152
PANTALOONR,20111007,187.1,190.5,182.25,184.95,692597
PAPERPROD,20111007,76,77.7,75,75.45,18386
PARABDRUGS,20111007,35,36.75,34.95,35.45,54240
PARACABLES,20111007,2.9,3.25,2.9,2.95,19653
PARAL,20111007,233,233,221,223.85,3328
PARAPRINT,20111007,23.05,25.9,23.05,23.95,223649
PARASPETRO,20111007,0.45,0.5,0.45,0.45,2525
PARRYSUGAR,20111007,82.1,88,82,82.35,39
PARSVNATH,20111007,63.65,65.75,63.5,65.45,5450640
PATELENG,20111007,91.3,94,91.3,92.75,264943
PATINTLOG,20111007,30.85,32.3,30.85,32.05,117705
PATNI,20111007,293.4,295,285.15,287.9,85534
PATSPINLTD,20111007,11.15,13.8,11.15,12.65,1123
PBAINFRA,20111007,41.35,43,40.2,41.8,8278
PDPL,20111007,90.1,94.7,88.1,90.1,526
PDUMJEIND,20111007,16,16,15.55,15.95,501
PDUMJEPULP,20111007,17.95,19.2,17.2,17.3,1250
PEACOCKIND,20111007,3,3.05,3,3.05,764
PEARLPOLY,20111007,18.25,20.2,18.25,20.2,1525
PENIND,20111007,37.2,37.4,37,37,8968
PENINLAND,20111007,42.9,43.05,41.35,42.3,11390
PEPL,20111007,2.2,2.2,2.2,2.2,1
PERIATEA,20111007,130.05,130.05,130.05,130.05,45
PERSISTENT,20111007,286.55,309,286.55,300,12276
PETRONENGG,20111007,281,282,274.7,280.45,1754
PETRONET,20111007,160,161.9,150.55,154.6,2673443
PFC,20111007,135,140.65,135,139.1,1957709
PFIZER,20111007,1332,1356,1320,1321.4,2284
PFOCUS,20111007,53.4,55.4,53.4,54.2,197700
PFS,20111007,15.1,15.95,15.1,15.8,73232
PGEL,20111007,210,222,202.65,214.2,842119
PGHH,20111007,1925,1925,1902.15,1909.45,11538
PHILIPCARB,20111007,134.1,141,134.1,137.2,13421
PHOENIXLTD,20111007,202,203.85,201.3,202.1,2854
PIDILITIND,20111007,165.35,166.65,164,165.35,20991
PIIND,20111007,588.6,589,565,565.95,4143
PIONDIST,20111007,50.95,51,46.9,47,508
PIONEEREMB,20111007,12.75,12.75,11.5,12.15,1104
PIPAVAVDOC,20111007,74.8,80.25,74.6,79.9,5640052
PIRGLASS,20111007,118,125.85,118,122.35,3461
PIRHEALTH,20111007,357,357.65,349,351.95,103579
PIRLIFE,20111007,88,88.5,87,87.75,4706
PITTILAM,20111007,45.05,46.45,44.7,45.95,8541
PLASTIBLEN,20111007,173,173,164.2,165.6,160
PLETHICO,20111007,373,373,368.5,369.55,50558
PNB,20111007,925.45,944.15,913.45,925,328299
PNBGILTS,20111007,23.6,24.45,23.6,24.1,21618
PNC,20111007,12.5,13.5,12.5,13.3,6625
POCHIRAJU,20111007,12.15,13.95,12.15,12.4,4111
POLARIND,20111007,3.85,4.35,3.8,3.9,15435
POLARIS,20111007,125.5,129.9,125.5,128.8,284317
POLYPLEX,20111007,168.65,176,167.2,173.35,138113
PONDYOXIDE,20111007,29.9,29.9,28.6,28.85,5819
PONNIERODE,20111007,81.8,81.8,78,78,496
POWERGRID,20111007,96.9,98.85,96.5,97.25,2495070
PPAP,20111007,79,81,79,79.8,416
PRADIP,20111007,62.6,63.75,62.1,62.2,1563
PRAENG,20111007,6,6.25,5.85,5.9,42518
PRAJIND,20111007,70.25,73,69.2,71.05,908436
PRAKASH,20111007,50,50.8,49,49.3,118094
PRAKASHCON,20111007,169.7,174.7,147.2,167.9,3670466
PRAKASHSTL,20111007,121.55,122.8,120.75,121,3368
PRATIBHA,20111007,43.05,46.5,42.5,43.7,124997
PRECOT,20111007,112.75,114,107.55,108.5,509
PRECWIRE,20111007,87.95,87.95,84.7,85.15,479
PREMIER,20111007,80,81.5,78.95,79.25,2136
PRESTIGE,20111007,89.45,90,86.2,87.3,20029
PRETAILDVR,20111007,151.6,158,150.1,155.35,513
PRICOL,20111007,14.8,15.65,14.8,15.1,9485
PRIMESECU,20111007,16.2,17.25,16.2,16.6,13007
PRISMCEM,20111007,42.6,44.95,41.5,41.85,2341013
PRITHVI,20111007,20.45,20.45,19.05,19.15,3107
PROVOGUE,20111007,30.35,31.2,29.5,29.7,65307
PSB,20111007,66.8,67.45,64.85,65.1,103418
PSL,20111007,64.9,64.9,61.75,62.1,65214
PSUBNKBEES,20111007,314.1,327.8,310.05,315.06,1194
PTC,20111007,69,69.4,68.1,68.7,197621
PTL,20111007,43.9,43.9,42,42.45,6811
PUNJABCHEM,20111007,70,70.95,68.05,69,511
PUNJLLOYD,20111007,54.2,55.1,53.55,54.15,2361019
PURVA,20111007,67.2,67.2,62.55,63.1,5508
PVP,20111007,4.7,4.85,4.45,4.65,96736
PVR,20111007,117.35,119.9,109,111.65,68499
QGOLDHALF,20111007,1261,1273.8,1261,1270.45,1220
QNIFTY,20111007,499.9,499.9,499,499.9,16
QUINTEGRA,20111007,3,3.2,2.9,3,2413
RADAAN,20111007,2.25,2.25,2.15,2.2,4943
RADICO,20111007,122.1,125.8,121.3,121.7,151645
RAINBOWPAP,20111007,64.5,65.85,64.5,65.5,74754
RAINCOM,20111007,26.5,26.8,25.5,25.75,91777
RAJESHEXPO,20111007,122.4,124.75,119.6,120,305763
RAJOIL,20111007,21,21.25,20.4,20.7,22054
RAJPALAYAM,20111007,220,220,200,204.95,142
RAJRAYON,20111007,9.2,10,9.2,9.75,5
RAJSREESUG,20111007,37.5,37.5,33.75,34.1,10182
RAJTV,20111007,58.35,58.95,57.2,58.1,10356
RAJVIR,20111007,111.85,120.9,110,117.3,160
RALLIS,20111007,176.8,180.55,175.25,179.95,267432
RAMANEWS,20111007,10.7,11,10.4,10.65,20982
RAMCOIND,20111007,41.9,41.9,41.4,41.5,5211
RAMCOSYS,20111007,57.5,58.5,57.1,58.3,1866
RAMKY,20111007,214.9,214.9,205.1,206,2116
RAMSARUP,20111007,9.7,10.2,9.35,9.8,13105
RANASUG,20111007,3.75,3.85,3.75,3.75,72386
RANBAXY,20111007,528.1,530.55,514.5,517.2,592434
RANEENGINE,20111007,189,197.8,179.05,185.4,238
RANEHOLDIN,20111007,203,203.6,197,200.35,719
RANKLIN,20111007,14.15,14.25,13.8,14.25,11328
RATNAMANI,20111007,102.5,104.3,102,102,1604
RAYMOND,20111007,330.85,336.4,330.5,334.45,142161
RBL,20111007,102,110,102,107.1,1406
RBN,20111007,62.05,65,61.3,64.35,154463
RCF,20111007,70.95,71.45,69.9,70.2,185410
RCOM,20111007,74.65,75.2,72.3,72.85,5939960
RECLTD,20111007,159,162.6,156.65,160.45,1213512
REDINGTON,20111007,91.4,91.9,90.05,90.55,82572
REFEX,20111007,11,12.05,11,12.05,8002
REIAGROLTD,20111007,23.9,24.5,23.2,23.45,236080
REISIXTEN,20111007,24.8,24.95,22.55,22.65,2121
RELAXO,20111007,425.4,439,425.4,428.1,276
RELBANK,20111007,902,902,870,878,74
RELCAPITAL,20111007,326.2,328.2,320,321.55,3352488
RELGOLD,20111007,2465.55,2505.95,2465.55,2491.5,9093
RELGRNIFTY,20111007,463.2,491.7,463.2,484.8,9
RELIANCE,20111007,786.7,808,784.9,802.9,4551326
RELIGARE,20111007,419.7,419.7,410.05,413,4558
RELIGAREGO,20111007,2615,2640,2600.05,2605.75,219
RELINFRA,20111007,387.9,395.8,384.5,390.5,1485783
RELMEDIA,20111007,87.5,90.4,87.5,88.25,172695
RENUKA,20111007,51.8,53.65,51.45,52.1,7160391
REPRO,20111007,133.25,136.6,131.3,132.6,4906
RESPONIND,20111007,106.5,107.45,106,106.1,7782
RESURGERE,20111007,0.3,0.3,0.25,0.3,2286325
REVATHI,20111007,344,344,344,344,101
RICOAUTO,20111007,11.1,11.4,10.9,11.05,121518
RIIL,20111007,389,396.9,384.05,389.8,80899
RJL,20111007,88,89.35,86.6,87.45,804
RKDL,20111007,16.45,16.6,16.05,16.4,6390
RKFORGE,20111007,105.7,106,99.5,105.7,8022
RMCL,20111007,5.6,5.6,5.1,5.15,16005
RML,20111007,124.65,124.7,118,118.35,638
ROHITFERRO,20111007,26.5,27.2,26.5,26.7,7729
ROHLTD,20111007,49.7,52.25,49.7,50.45,5160
ROLTA,20111007,73.75,74.55,71.35,71.75,1202628
ROMAN,20111007,21.65,22.2,21.65,22.2,156
RPGLIFE,20111007,84.55,84.55,76.15,79.6,6856
RPOWER,20111007,81.25,82.25,80.2,81.2,2225386
RPPINFRA,20111007,59.8,59.8,58.6,58.65,104
RSSOFTWARE,20111007,53.3,56.1,53.3,54.5,3276
RSWM,20111007,82.8,84.9,82.8,84.6,3905
RSYSTEMS,20111007,100.5,101.5,99,100.5,316
RUBYMILLS,20111007,810,848,802,807.7,906
RUCHINFRA,20111007,20.05,21.55,20,21.25,61081
RUCHIRA,20111007,8.3,8.85,8.3,8.85,4151
RUCHISOYA,20111007,111,113.5,110.5,111.95,146941
RUSHIL,20111007,177.9,182.4,170.5,171.7,683925
SABERORGAN,20111007,120.5,120.8,119.15,120.1,27302
SADBHAV,20111007,130,130,124.3,128.95,270278
SAGCEM,20111007,135,138,135,135,2359
SAHPETRO,20111007,28.5,30,27.8,28.2,2560
SAIL,20111007,101,104.25,101,103.5,3524558
SAKHTISUG,20111007,25,25.95,25,25.5,24399
SAKSOFT,20111007,78,79.85,75.2,79.2,5592
SAKUMA,20111007,13.9,13.9,12.8,13.1,1356
SALORAINTL,20111007,25.15,26,25.1,25.15,21
SALSTEEL,20111007,5.35,5.65,5.35,5.45,13823
SAMBANDAM,20111007,83,83,78,78,13
SAMBHAAV,20111007,1.25,1.25,1.15,1.15,112
SANDESH,20111007,297.6,297.6,276.25,280.65,91
SANGAMIND,20111007,29.1,29.95,28.7,29.3,1959
SANGHIPOLY,20111007,1.3,1.5,1.3,1.5,1442
SANGHVIFOR,20111007,22.5,25,22.1,23.9,5916
SANGHVIMOV,20111007,119,119.9,117,117,8768
SANWARIA,20111007,15.35,15.8,13.9,14.4,397291
SARDAEN,20111007,125.05,128.9,123,124.1,8331
SAREGAMA,20111007,68.9,69.95,66.8,67.45,29164
SARLAPOLY,20111007,108,108,108,108,100
SASKEN,20111007,109.9,109.95,106.3,107.2,16952
SATHAISPAT,20111007,36.5,36.5,34.1,34.9,5061
SATYAMCOMP,20111007,64.85,67.9,64.85,67.55,2808619
SAVERA,20111007,38,38,38,38,44
SB&TINTL,20111007,14.5,14.55,13.65,14.45,12358
SBBJ,20111007,382,385,377.1,378.6,8685
SBIGETS,20111007,2616,2638,2601,2605.8,7092
SBIN,20111007,1763,1777.85,1742.55,1752.3,2998504
SBT,20111007,591.5,602,591.05,593.1,4911
SCI,20111007,70.1,72.75,68.45,68.9,891990
SEAMECLTD,20111007,103,104,101,103.05,12117
SELAN,20111007,294.9,294.9,283,283.8,9976
SELMCL,20111007,11.6,12,11.6,11.75,165743
SENTINEL,20111007,12.8,13.95,12.8,13.6,1983
SERVALL,20111007,6,6.3,6,6.1,16165
SESAGOA,20111007,201,206.4,199.8,205,1816683
SESHAPAPER,20111007,195,200,191.05,197.6,290
SEZALGLASS,20111007,2.5,2.5,2.4,2.5,163299
SGFL,20111007,4.85,4.85,4.85,4.85,2
SGJHL,20111007,141,144,139.95,142.65,232745
SGL,20111007,3.7,4.15,3.7,3.85,4182
SHAHALLOYS,20111007,9.35,10.05,9.05,9.25,4995
SHALPAINTS,20111007,453,454.95,422.1,430.35,5734
SHANTIGEAR,20111007,39.2,40,38.6,39,44341
SHARIABEES,20111007,112.95,112.95,112.95,112.95,1
SHARRESLTD,20111007,53.5,55,53.25,54.2,78532
SHASUNPHAR,20111007,62.85,63,57.5,58.6,89006
SHILPAMED,20111007,216.05,221,216,220,423
SHILPI,20111007,12.1,13.55,12.1,13.1,28100
SHIV-VANI,20111007,195,196.8,192.5,194.45,6739
SHIVAMAUTO,20111007,119,120,119,120,204
SHIVTEX,20111007,23,24.25,23,23.7,812
SHLAKSHMI,20111007,99.95,100.9,98,98.3,50115
SHOPERSTOP,20111007,323,347.5,323,344.85,16157
SHREEASHTA,20111007,5.75,5.8,5.55,5.6,2695456
SHREECEM,20111007,1880,1918.7,1755,1763.5,37992
SHREERAMA,20111007,4.4,4.55,4.35,4.4,23694
SHRENUJ,20111007,55.1,62.2,55.1,61.5,13644
SHREYANIND,20111007,18.05,18.05,18.05,18.05,50
SHREYAS,20111007,33.1,35.5,33.1,34.15,3762
SHRIRAMCIT,20111007,511.1,529.9,511,519.8,5481
SHRIRAMEPC,20111007,117,123,116.05,118.35,3989
SHYAMTEL,20111007,32.8,34.4,32.8,33.05,3465
SICAGEN,20111007,20.35,20.35,18.4,18.95,11511
SICAL,20111007,70.5,73.9,70.5,72.9,16954
SIEMENS,20111007,835,856.7,835,836.85,194949
SILINV,20111007,94.95,94.95,81.1,82.35,2826
SIMBHSUGAR,20111007,27.55,29,27.1,27.35,2001
SIMPLEX,20111007,88.5,89.5,83.55,84.95,1482
SIMPLEXINF,20111007,224,231,221.65,223.9,536
SINTEX,20111007,112,116.5,112,115.45,2715790
SIRPAPER,20111007,45.15,49.4,45.15,47.8,3152
SITASHREE,20111007,7.5,8.4,7.5,8,5931
SIYSIL,20111007,263,268.65,259.85,264.35,6120
SJVN,20111007,21.3,21.5,21.1,21.25,68545
SKFINDIA,20111007,675,675,664.05,665.65,4763
SKMEGGPROD,20111007,7.25,7.7,7.2,7.25,7538
SKSMICRO,20111007,217.95,221.55,205,214.05,507902
SKUMARSYNF,20111007,39,39.95,38.65,38.8,859300
SMARTLINK,20111007,38.35,40.2,38.35,38.8,5966
SMLISUZU,20111007,387.55,393,385,390.15,1111
SMOBILITY,20111007,100.4,104.6,100,103.6,105781
SMPL,20111007,6.9,7.65,6.6,7.1,126626
SMSPHARMA,20111007,167.05,168.95,165,166.25,462
SOBHA,20111007,205,213.7,205,211.65,89371
SOFTTECHGR,20111007,4.8,5,4.5,4.8,1068
SOLARINDS,20111007,784.95,784.95,756.5,779.55,7314
SOMANYCERA,20111007,40.5,41.85,40.1,41.8,4157
SOMATEX,20111007,6,6.35,5.95,5.95,9788
SONASTEER,20111007,14,14.7,13.6,13.8,57817
SONATSOFTW,20111007,28.4,29.4,28,29.1,497226
SOTL,20111007,525,535,515.05,521.65,3097
SOUISPAT,20111007,5.1,5.1,4.65,4.65,82702
SOUTHBANK,20111007,20.8,22.3,20.8,22.15,1286208
SPANCO,20111007,122.1,137,122.1,134.95,97012
SPARC,20111007,80.6,81.8,79.25,81,81818
SPENTEX,20111007,8.3,9.4,8.3,8.65,1742
SPIC,20111007,24.05,24.7,23.7,23.95,101781
SPMLINFRA,20111007,120.45,127.9,120.45,120.8,1322
SPYL,20111007,21,22.9,21,21.15,927
SREINFRA,20111007,30.95,32.5,30.95,32,418194
SRF,20111007,303,309.6,293,294.55,34695
SRGINFOTEC,20111007,0.45,0.5,0.45,0.45,6061
SRHHLINDST,20111007,3.65,4.1,3.65,3.85,1440
SRSLTD,20111007,30.25,30.95,29.75,30.15,244346
SRTRANSFIN,20111007,605,610,573.05,576.8,1127609
SSWL,20111007,225.05,233,221.15,224.3,8685
STAR,20111007,330,356.7,329.45,342.3,189633
STARPAPER,20111007,22.5,25.8,21.95,24.6,17124
STCINDIA,20111007,150,152.9,148,150.85,47517
STER,20111007,110.05,114,110.05,113.5,10305918
STERLINBIO,20111007,69.4,69.45,66.55,67.8,779656
STERTOOLS,20111007,101.9,105.15,101.9,102.6,660
STOREONE,20111007,13.05,13.95,12.75,13,5283
STRTECH,20111007,36.7,36.7,35.2,35.45,334553
SUBEX,20111007,41.7,41.85,40.7,40.85,349737
SUDAR,20111007,70.5,71.5,66.15,66.95,143799
SUDARSCHEM,20111007,700,710,700,705,673
SUJANATOW,20111007,25.7,26.8,25.6,25.85,915558
SUJANAUNI,20111007,4.25,4.55,4.25,4.45,71281
SUMEETINDS,20111007,24.9,26.1,24.45,24.75,246167
SUMMITSEC,20111007,75,79,72.2,76,1141
SUNCLAYTON,20111007,139,139,134.5,134.75,2329
SUNDARAM,20111007,42.25,42.95,42.05,42.25,135440
SUNDARMFIN,20111007,519.7,519.7,501.65,509.1,5005
SUNDRMBRAK,20111007,152,152,145,149.6,52
SUNDRMFAST,20111007,59.5,60.1,59.1,59.2,9844
SUNFLAG,20111007,22.35,24.9,22.35,24.15,11997
SUNILHITEC,20111007,80.9,83.5,80.9,82,4465
SUNPHARMA,20111007,472.6,477.75,460.25,469.6,993707
SUNTECK,20111007,326,339.85,325.95,329.95,51662
SUNTV,20111007,238.35,265,236.2,262.9,2945490
SUPER,20111007,168.25,175,164.5,171.25,207
SUPERSPIN,20111007,7.05,7.9,7.05,7.65,6344
SUPPETRO,20111007,70.05,71,70.05,70.25,10659
SUPRAJIT,20111007,19,19,18.75,18.9,29939
SUPREMEIND,20111007,174.05,188.45,174.05,183.9,6750
SUPREMEINF,20111007,213,226.95,213,218.95,10739
SURAJDIAMN,20111007,44.05,44.9,43.3,43.5,6864
SURANACORP,20111007,97,99.45,96,96,436
SURANAIND,20111007,429,429,407.9,409.05,4907
SURANAT&P,20111007,13.85,14.15,13.85,14.1,191
SURANAVEL,20111007,27,27.1,26,26.4,5677
SURYAJYOTI,20111007,21.75,23.25,21.75,22.15,2522
SURYALAXMI,20111007,59,60.15,59,59.55,1434
SURYAPHARM,20111007,15.35,15.6,14.6,15.3,28756
SURYAROSNI,20111007,59,62,59,60,2798
SUTLEJTEX,20111007,184.5,184.7,171.1,175.45,2059
SUVEN,20111007,16,16.3,15.75,15.9,15075
SUZLON,20111007,36.2,36.55,35.4,35.95,8795524
SWARAJENG,20111007,469.75,469.75,448.7,450.35,1574
SYMPHONY,20111007,1253.95,1255.55,1201,1211.85,379
SYNCOM,20111007,14.1,14.5,13.5,13.65,16329
SYNDIBANK,20111007,100.55,102,98.6,100,293056
TAINWALCHM,20111007,21.5,22,21.5,22,1610
TAJGVK,20111007,86.55,89.15,86.55,87.45,7338
TAKE,20111007,29,30,28.75,29.05,17377
TALBROAUTO,20111007,40.5,41,39,39.15,2264
TALWALKARS,20111007,162.7,167.2,162.7,163.55,38296
TANFACIND,20111007,24.5,24.5,23.9,24.1,230
TANLA,20111007,7.55,7.85,7.25,7.35,249554
TANTIACONS,20111007,48,49.5,47.5,47.75,1542
TARAPUR,20111007,17.4,17.95,17.3,17.3,2275
TATACHEM,20111007,298.8,303.85,295.4,297.5,180389
TATACOFFEE,20111007,805,814.9,798.2,804.05,102606
TATACOMM,20111007,180.65,183.9,180.05,182,89882
TATAELXSI,20111007,197,200.95,196,197,17687
TATAGLOBAL,20111007,82.55,83.5,82.1,82.55,845994
TATAINVEST,20111007,468,482,468,478.55,2366
TATAMETALI,20111007,74,75.45,72.6,73,25848
TATAMOTORS,20111007,153.05,160.35,153.05,159.15,15720334
TATAMTRDVR,20111007,83,89,82.05,88.3,896657
TATAPOWER,20111007,102,103.3,97.25,98.3,3409751
TATASPONGE,20111007,300,304.4,299,302.05,3349
TATASTEEL,20111007,413.5,421.4,410.65,419.7,4394107
TCI,20111007,83.55,83.55,78.7,79.3,3278
TCIDEVELOP,20111007,159.55,160,159.55,159.9,57
TCIFINANCE,20111007,30.55,31.7,30.1,30.55,5136
TCS,20111007,1075.1,1077.8,1037.5,1048.55,2542904
TDPOWERSYS,20111007,257,262.95,254,259.85,31912
TECHM,20111007,536.1,565.4,535.1,563.05,268789
TECHNO,20111007,210,211.85,202.45,207.1,14389
TECHNOFAB,20111007,139.8,139.8,133.5,133.95,213
TECPRO,20111007,211,220,209.25,214.45,47961
TELEDATAIT,20111007,0.3,0.35,0.3,0.35,279754
TELEMARINE,20111007,0.5,0.6,0.5,0.6,85340
TEXMACOLTD,20111007,30.25,31.5,30.15,30.45,44566
TEXMOPIPES,20111007,35.15,36.35,33.8,34.85,136909
TEXRAIL,20111007,80,84.9,79.2,81.9,20299
TFCILTD,20111007,27.2,28.2,27.2,27.5,16942
TFL,20111007,13.2,15.15,13.2,13.7,1239
THANGAMAYL,20111007,152.25,157,148.1,151.9,89413
THERMAX,20111007,421.8,421.8,413.55,418.35,280180
THINKSOFT,20111007,38.75,39.5,37,37.2,33056
THIRUSUGAR,20111007,71,73.9,68.15,69.55,2668
THOMASCOOK,20111007,45.8,47.25,45,45.15,88354
TI,20111007,31.4,32.6,30.15,32.35,291205
TIDEWATER,20111007,6360,6454.95,6260,6395.55,1276
TIIL,20111007,40.5,40.85,39.05,39.45,2407
TIL,20111007,398,401,394.2,397.15,330
TIMESGTY,20111007,27.6,27.6,26.35,26.5,2540
TIMETECHNO,20111007,63.35,66.5,63.35,64.35,19417
TIMKEN,20111007,211.5,215.5,207.25,208.25,53559
TINPLATE,20111007,45.9,45.9,44.5,44.75,18202
TIPSINDLTD,20111007,28.95,28.95,27.4,28.35,1190
TIRUMALCHM,20111007,68.2,73,67.55,69.85,823
TITAN,20111007,201,209.6,201,208.4,5109623
TNPETRO,20111007,15,15.95,15,15.2,15012
TNPL,20111007,98.1,99.95,97.55,98.15,20786
TODAYS,20111007,5.35,5.4,5.05,5.15,1329
TOKYOPLAST,20111007,13.2,13.2,13.2,13.2,1
TORNTPHARM,20111007,545,571.6,544.9,550.45,17753
TORNTPOWER,20111007,226,228.75,222.5,225.1,40058
TREEHOUSE,20111007,166,173.5,164,171.85,474129
TRENT,20111007,1080,1089,1063.25,1067.3,2114
TRF,20111007,323.7,323.7,308,310.35,9137
TRICOM,20111007,11.25,12.15,11.2,11.7,4492
TRIDENT,20111007,11.35,11.55,11.15,11.25,33996
TRIGYN,20111007,13.35,13.75,13.25,13.55,14617
TRIL,20111007,218.55,221.9,217.2,218.9,5675
TRIVENI,20111007,20.6,21.2,20.2,20.55,394424
TTKHEALTH,20111007,443,459.85,435.6,442.5,44679
TTKPRESTIG,20111007,2429.95,2685,2429.95,2626.45,184117
TTL,20111007,24.15,24.15,22.1,23.35,8806
TTML,20111007,16.55,17.2,16.4,16.55,2136766
TUBEINVEST,20111007,132,134,129.5,132.05,33615
TULIP,20111007,152.95,155.95,152.7,155.05,111307
TULSI,20111007,11.05,11.5,11.05,11.35,43900
TULSYAN,20111007,35.5,38.4,35.5,37.05,280
TV18BRDCST,20111007,41.5,42.05,41.25,41.5,66267
TVSELECT,20111007,18,18.8,18,18.7,1742
TVSMOTOR,20111007,59,60.5,58.35,58.45,954343
TVSSRICHAK,20111007,380,380,365.5,372.05,645
TVTODAY,20111007,50.55,51.6,50.15,50.3,15391
TWILITAKA,20111007,33.2,33.2,30.85,31.5,30779
TWL,20111007,410,411,405,406.7,3247
UBENGG,20111007,48.15,49.4,48,48.65,8173
UBHOLDINGS,20111007,96.15,98.9,95.5,97.2,76799
UBL,20111007,360.1,372,357.25,368.15,22213
UCALFUEL,20111007,69.05,71.75,69.05,70.3,9222
UCOBANK,20111007,65,65,62,64,728398
UFLEX,20111007,126.9,149.95,126,145.7,2401956
UGARSUGAR,20111007,12.85,13.35,12.5,12.6,11892
ULTRACEMCO,20111007,1125,1146.4,1084.15,1095.55,184226
UMESLTD,20111007,17.1,17.9,16.5,17.5,7255
UNICHEMLAB,20111007,138.4,138.4,132.85,133.15,6134
UNIENTER,20111007,29.7,29.8,26,26.9,611
UNIONBANK,20111007,227.35,239,225.55,230.4,605717
UNIPHOS,20111007,126.3,129.85,126.25,128.25,1197739
UNIPLY,20111007,11,11.1,10.75,10.8,1110
UNITECH,20111007,25.65,26.35,25.55,25.9,13712673
UNITEDBNK,20111007,71,73.9,71,72.6,34234
UNITEDTEA,20111007,133,143.7,133,140.1,425
UNITY,20111007,41.9,45.75,41.2,41.65,76643
UNIVCABLES,20111007,48,48,44.1,47.35,864
UPERGANGES,20111007,45.35,45.35,42.4,42.85,251
USHAMART,20111007,31.5,32.8,30.35,30.7,146307
USHERAGRO,20111007,124.25,124.7,117,118.8,337337
UTTAMSTL,20111007,67,69.35,65.55,66.75,17101
UTTAMSUGAR,20111007,29.55,30.4,29.5,30.3,8739
UTVSOF,20111007,958.9,974,942.6,943.35,20163
VADILALIND,20111007,117.9,117.9,110.05,110.75,237
VAIBHAVGEM,20111007,32.5,33.1,30.35,30.7,1785
VAKRANSOFT,20111007,364.1,364.5,351.15,355.6,7839
VALECHAENG,20111007,74.45,76.95,73.7,74.45,46836
VALUEIND,20111007,17.45,17.5,16.9,17,1545
VARDHACRLC,20111007,8.95,9.15,8.9,9.1,41674
VARDMNPOLY,20111007,103,107.3,101.75,106.05,76213
VARUN,20111007,249,255.85,246.25,249.4,125066
VARUNSHIP,20111007,18,18.8,18,18.35,64405
VASCONEQ,20111007,45.55,48,44.15,44.95,13630
VENKEYS,20111007,393.7,395.4,380.25,386.2,22144
VENUSREM,20111007,195,198,191,192.15,3603
VESUVIUS,20111007,391,402,391,399.95,36614
VGUARD,20111007,203.9,210.3,203.1,204.7,52565
VHL,20111007,375,389.7,361.65,389.7,62
VICEROY,20111007,28,28,23.4,23.85,10572
VIDEOIND,20111007,170,172,169.25,170.7,73945
VIJAYABANK,20111007,52.3,53.75,52.3,53.2,798412
VIJSHAN,20111007,15.1,17.75,14.1,16.05,3918
VIKASHMET,20111007,9.9,10.15,9.75,9.85,43575
VIMTALABS,20111007,17.8,17.85,16.15,16.5,200119
VINATIORGA,20111007,67.7,67.7,64.25,65.65,8750
VINYLINDIA,20111007,9.75,9.75,9.05,9.1,3189
VIPIND,20111007,867.7,899.9,858,889.55,591233
VIPUL,20111007,10.75,10.95,10.55,10.7,10567
VISAKAIND,20111007,84,85.3,83.65,84.1,1201
VISASTEEL,20111007,58.5,58.85,58.5,58.5,20297
VISESHINFO,20111007,3.15,3.2,2.95,3,42487
VISHALRET,20111007,24.55,24.55,22.8,23.05,18532
VISUINTL,20111007,1.8,2.05,1.8,1.95,11669
VIVIMEDLAB,20111007,249.95,252,246,248.15,9548
VLSFINANCE,20111007,11.9,11.9,11,11.05,11739
VOLTAMP,20111007,495.4,505,492,495.85,1866
VOLTAS,20111007,103.1,108.65,103.1,104.75,1168192
VSTIND,20111007,1278.85,1310,1241.7,1257.1,9896
VSTTILLERS,20111007,501.05,515,496.55,498.7,472
VTL,20111007,187,194.2,187,193.35,8793
WABAG,20111007,346,369,346,364.2,7626
WABCOINDIA,20111007,1270,1270,1235,1241.45,694
WALCHANNAG,20111007,83.45,86.25,83.45,84.35,28286
WANBURY,20111007,23.4,23.95,23.2,23.55,2742
WEBELSOLAR,20111007,36.55,38.85,36.55,37.35,1684
WEIZFOREX,20111007,68,76,68,76,140
WEIZMANIND,20111007,9.3,9.3,9,9,509
WELCORP,20111007,111.7,111.7,108.3,110,191555
WELGLOB,20111007,39,39,39,39,69
WELINV,20111007,49.95,49.95,43.5,47.4,923
WELPROJ,20111007,37.6,37.6,34.65,35,11487
WENDT,20111007,1649.95,1649.95,1547,1570,34
WHEELS,20111007,232,254.8,231.6,236.9,370
WHIRLPOOL,20111007,218.5,221,211.15,213.2,38847
WILLAMAGOR,20111007,49.5,49.95,47.35,47.55,1253
WINDMACHIN,20111007,21.1,22,21.1,21.35,7200
WINSOME,20111007,22.85,25,22.8,24.95,12320
WIPRO,20111007,338,345,330,333.8,1872134
WOCKPHARMA,20111007,395.5,402,388,391.7,71842
WSI,20111007,16.8,16.8,16.1,16.35,1650
WSTCSTPAPR,20111007,65,68.5,65,66.55,3535
WWIL,20111007,6.65,6.85,6.65,6.7,394913
WYETH,20111007,951,969.4,940,944.7,757
XLENERGY,20111007,7.05,7.35,7,7,10268
XPROINDIA,20111007,50.3,51.9,50.3,50.85,3996
YESBANK,20111007,254.7,264.95,251.5,262.95,3842327
ZEEL,20111007,113.15,116.95,111.45,112,4008524
ZEELEARN,20111007,19.4,19.7,18.8,19.55,492262
ZEENEWS,20111007,12,12.15,11.65,11.9,122665
ZENITHBIR,20111007,4.6,4.9,4.5,4.6,134328
ZENITHCOMP,20111007,13.3,13.6,13.3,13.5,2174
ZENITHINFO,20111007,146,153.9,141.5,150.5,192
ZENSARTECH,20111007,125.9,125.9,118.5,119.3,1730
ZICOM,20111007,30.85,34.85,30.85,33.5,17306
ZODIACLOTH,20111007,243,243,217.55,227.75,2514
ZODJRDMKJ,20111007,22.25,22.4,22.25,22.4,101
ZUARIAGRO,20111007,547,562,540.3,554.4,5817
ZYDUSWELL,20111007,549,555,530,535.55,8505
ZYLOG,20111007,420,420,398.3,401.8,78944
NSENIFTY,20111007,4883.65,4922.60,4861.20,4888.05,198288782,6914.62
NIFTYJUNIOR,20111007,9391.50,9609.65,9391.50,9518.90,70625574,1428.90
BANKNIFTY,20111007,8970.55,9120.05,8970.55,9038.25,22109757,1685.63
NSEMIDCAP,20111007,6826.10,6969.05,6826.10,6894.15,96173420,1244.11
NSEIT,20111007,5734.45,5772.20,5601.85,5640.95,14513136,1105.46
NSE100,20111007,4775.90,4824.80,4766.55,4789.95,268914356,8343.52
NSE500,20111007,3894.40,3942.10,3894.40,3913.95,470756383,10336.35
MIDCAP50,20111007,2013.20,2049.20,2013.10,2022.60,62085579,703.15
VIX,20111007,35.37,35.37,29.90,33.02,35.37,-2.35
