20MICRONS,20110708,46,49.35,45.9,48.35,14194
3IINFOTECH,20110708,46.75,46.75,45.3,45.6,585584
3MINDIA,20110708,4175,4175,4135,4140.25,102
A2ZMES,20110708,259.5,260.1,248.15,250.05,180489
AANJANEYA,20110708,368.1,374.75,364.1,368.85,224315
AARTIDRUGS,20110708,138.9,138.9,133,134,6146
AARTIIND,20110708,51.05,51.5,49.7,50.45,51808
AARVEEDEN,20110708,50.5,51.9,49.9,50.5,817
ABAN,20110708,540,540.2,523.25,525.65,752861
ABB,20110708,857.9,872,855.1,859.2,234682
ABBOTINDIA,20110708,1476.05,1521,1476.05,1488.25,516
ABCIL,20110708,130,130.2,127.05,127.8,5692
ABGSHIP,20110708,381.85,381.9,372.15,374.3,117308
ABHISHEK,20110708,14,14.45,13.75,14,3150
ABIRLANUVO,20110708,899.8,926.85,898.8,904,145712
ACC,20110708,993,998,962.6,975.35,315851
ACE,20110708,48,48,46.8,47.05,33171
ACKRUTI,20110708,196.9,203.9,195.1,196.2,69282
ACROPETAL,20110708,17.1,17.15,17,17,250394
ADANIENT,20110708,705.65,717.15,700.75,702.95,357263
ADANIPOWER,20110708,110.75,111.2,108.9,109.1,309948
ADFFOODS,20110708,74,74,69,70.3,25252
ADHUNIK,20110708,84.25,85.8,79,79.45,111337
ADORWELD,20110708,183.75,192.45,180.5,183,39380
ADSL,20110708,52.95,52.95,49.25,49.7,231320
ADVANIHOTR,20110708,37,37.85,36.05,36.15,843
ADVANTA,20110708,265.25,275.9,257.2,258.85,221687
AEGISCHEM,20110708,229.25,232.55,226.55,228.15,5533
AFL,20110708,40.2,42.2,40.2,41.35,4102
AFTEK,20110708,14.15,14.25,13.9,13.95,104835
AGCNET,20110708,165.65,168,165,166.45,834
AGRE,20110708,49.6,50.3,48.35,48.75,5447
AGRODUTCH,20110708,11.6,12.1,10.75,11.75,20987
AHLUCONT,20110708,125.25,126,120.25,122.65,11827
AHLWEST,20110708,195.9,195.9,188.6,189.2,1186
AHMEDFORGE,20110708,122.5,122.75,117.55,118.3,24507
AIAENG,20110708,361,371.8,361,369.6,6086
AJANTPHARM,20110708,318,319.95,307,308.9,9860
AJMERA,20110708,155,164.5,154,161,57609
AKSHOPTFBR,20110708,6.95,7.15,6.95,7.05,584865
AKZOINDIA,20110708,935.75,947.35,926.1,928.55,2887
ALBK,20110708,209.8,211.7,203.55,205.25,949134
ALCHEM,20110708,229.7,229.9,229,229.3,109235
ALEMBICLTD,20110708,22.5,23.2,20.3,22.6,516522
ALFALAVAL,20110708,1550,1550.05,1538.05,1548.6,1210
ALKALI,20110708,57,57,54.15,55.8,21286
ALKYLAMINE,20110708,86.05,86.3,86.05,86.25,269
ALLCARGO,20110708,170.4,172.75,170.4,171.15,5008
ALLSEC,20110708,20.1,20.25,19.25,19.65,2420
ALMONDZ,20110708,27.55,27.55,25.8,26.75,1048
ALOKTEXT,20110708,26.1,26.25,25.25,25.4,3336367
ALPA,20110708,9.8,10,9.65,9.7,3849
ALPHAGEO,20110708,103.95,113,103.95,104.25,11200
ALPSINDUS,20110708,3.6,3.6,3.45,3.45,11454
AMAR,20110708,100.6,101.4,98.05,98.35,93244
AMARAJABAT,20110708,231,235,229.3,233.3,28742
AMARJOTHI,20110708,63,63,63,63,899
AMBIKCO,20110708,199.4,199.4,190.55,195.25,2600
AMBUJACEM,20110708,130.45,131,125.85,126.25,1671815
AMDIND,20110708,17.7,18,17.7,17.8,1311
AMLSTEEL,20110708,16.6,17.5,15.75,16.95,243
AMRUTANJAN,20110708,738.15,747.8,726,728.95,49333
AMTEKAUTO,20110708,163.1,167,163.1,165.65,249942
AMTEKINDIA,20110708,91.9,92.9,90.4,91.6,183772
ANANTRAJ,20110708,75,77.55,73.4,75.25,1653145
ANDHRABANK,20110708,134.7,135.7,133.8,134.25,566409
ANDHRACEMT,20110708,11.25,11.7,11.25,11.5,34306
ANDHRSUGAR,20110708,98,99.3,96.3,98.35,9095
ANGIND,20110708,25.4,26.45,24.15,24.85,6674
ANIKINDS,20110708,39.1,39.1,37.7,37.95,936
ANKURDRUGS,20110708,42.45,42.7,41.25,41.45,30360
ANSALAPI,20110708,43.35,44.75,43.1,43.2,119151
ANSALHSG,20110708,43.1,44.15,41.1,43.3,9880
ANTGRAPHIC,20110708,0.3,0.3,0.25,0.3,171371
APARINDS,20110708,232,237,232,235.75,5102
APCOTEXIND,20110708,183,183,178.05,179.35,522
APIL,20110708,530.5,539.65,528.25,533.55,203761
APOLLOHOSP,20110708,497.8,503,491.1,494,99978
APOLLOTYRE,20110708,79.6,80.4,78.65,79.15,1340377
APPAPER,20110708,369.1,370.35,369.1,369.25,23643
APTECHT,20110708,96.3,96.7,94.8,95.25,222862
AQUA,20110708,15.7,15.8,15.3,15.45,105640
ARCHIDPLY,20110708,14.7,14.7,13.8,14.15,3063
ARCHIES,20110708,40.85,40.85,39.85,40.05,27625
AREVAT&D,20110708,258,259,251.55,252.95,36490
ARIES,20110708,105,105.5,102,102.9,2675
ARIHANT,20110708,58,58,58,58,17
ARL,20110708,2.3,2.4,2.3,2.35,148043
AROGRANITE,20110708,39.2,43.2,39.2,41.85,2145
ARROWTEX,20110708,12.5,12.5,11.5,11.6,4836
ARSHIYA,20110708,150.5,154.5,149.15,149.65,25188
ARSSINFRA,20110708,458,462,442.2,445.6,316129
ARVIND,20110708,83.1,83.2,79.55,80,793985
ASAHIINDIA,20110708,86.4,86.4,82.75,83.45,10093
ASAL,20110708,73.05,73.05,64.2,69.75,29264
ASHAPURMIN,20110708,21.9,22.8,21.35,21.5,138723
ASHCONIUL,20110708,2.75,2.75,2.7,2.7,9330
ASHIANA,20110708,149.5,150,139,148.55,2901
ASHOKA,20110708,272,278.4,271,276.7,5482
ASHOKLEY,20110708,52.3,53.5,51.7,52.8,2846544
ASIANELEC,20110708,10.1,10.35,10,10,51474
ASIANHOTNR,20110708,221.5,221.5,215,215.8,2267
ASIANPAINT,20110708,3205.8,3244,3150.15,3158.6,66354
ASIANTILES,20110708,45.45,45.45,42.05,43.1,475
ASIL,20110708,2.7,2.7,2.7,2.7,1
ASSAMCO,20110708,16.2,16.45,15.8,15.9,326515
ASTEC,20110708,44.6,44.6,42.5,42.7,4734
ASTERSILI,20110708,25,26.25,24.8,24.85,15216
ASTRAL,20110708,192.5,193,185,187.7,19013
ASTRAMICRO,20110708,30.45,30.45,28.75,29,33220
ASTRAZEN,20110708,1299.95,1300,1275,1280.55,77
ATFL,20110708,384,384.95,376,377.1,1788
ATLANTA,20110708,87.7,87.7,82.5,82.85,532569
ATLASCYCLE,20110708,278,286,263.6,269.35,118370
ATNINTER,20110708,1.15,1.2,1.1,1.2,5969
ATUL,20110708,198.05,202.4,190,190.85,131585
AURIONPRO,20110708,153,155,151.2,152,450
AUROPHARMA,20110708,172.1,173.7,169.2,169.75,802692
AUSTRAL,20110708,2.85,2.85,2.7,2.75,451903
AUTOAXLES,20110708,412.6,424.7,412.6,421,329
AUTOIND,20110708,164,164.55,158,158.6,53168
AUTOLITIND,20110708,21.4,22.45,21.4,21.7,203
AVANTI,20110708,33.5,33.5,33.5,33.5,200
AVENTIS,20110708,2079.95,2082,2040.05,2048,306
AVTNPL,20110708,260.1,264.9,255,256.45,7470
AXIS-IT&T,20110708,89.6,92.5,86.5,87.4,18058
AXISBANK,20110708,1334.1,1337.9,1302.8,1305.95,854488
AXISGOLD,20110708,2187.6,2197.95,2187,2187.55,210
BAGFILMS,20110708,7.95,7.95,7.3,7.4,307894
BAJAJ-AUTO,20110708,1462.5,1476.5,1452.5,1459.8,284939
BAJAJCORP,20110708,119.1,119.1,116,116.25,12378
BAJAJELEC,20110708,256.5,259.7,252.7,254,45385
BAJAJFINSV,20110708,529.9,529.9,515.1,517.2,55673
BAJAJHIND,20110708,75,75.8,73.45,73.75,1131113
BAJAJHLDNG,20110708,742,761.45,742,757.35,54049
BAJFINANCE,20110708,642,644.7,628.05,636.4,21836
BALAJITELE,20110708,33.95,33.95,32.8,33.05,43853
BALAMINES,20110708,41.5,42.3,41,41.2,6860
BALKRISIND,20110708,163.95,168,162.55,166.3,16579
BALLARPUR,20110708,33,33.5,33,33.1,153049
BALMLAWRIE,20110708,639.95,644.5,632.55,638.55,10780
BALPHARMA,20110708,27.5,29.7,27,27.9,1808
BALRAMCHIN,20110708,65.55,67,64.5,64.9,1674763
BANARISUG,20110708,600,608.95,596,605.9,1205
BANCOINDIA,20110708,72.95,73,71.7,72.05,3218
BANG,20110708,36.65,36.65,34.5,34.8,2936
BANKBARODA,20110708,909.95,915.3,890.15,895.75,194025
BANKBEES,20110708,1147,1164.84,1133.85,1142.02,195
BANKINDIA,20110708,413.5,416.6,410,412.9,576942
BANSWRAS,20110708,126.15,131.3,126,129,948
BARTRONICS,20110708,63.05,63.55,62.15,62.4,59698
BASF,20110708,669.95,674,642.25,646.4,8477
BASML,20110708,89.5,89.5,84,84.85,947
BATAINDIA,20110708,624.2,635,621.05,627.6,1185071
BATLIBOI,20110708,19,22.8,19,22.3,4507
BAYERCROP,20110708,923.9,923.9,881.4,886.3,1108
BBL,20110708,899,906,872.5,878.15,12820
BBTC,20110708,475,475,448.4,450.8,6470
BECREL,20110708,10.05,11.4,10.05,11.05,200
BEDMUTHA,20110708,136.7,138.7,133.25,133.5,99457
BEL,20110708,1667.55,1679.85,1644.05,1669.95,79484
BELLCERATL,20110708,14.05,17.25,14.05,15.3,1551
BEML,20110708,609.35,614,601,602.75,24450
BERGEPAINT,20110708,106.25,106.9,104,104.6,201413
BFINVEST,20110708,73.6,73.6,64.25,65.6,193129
BFUTILITIE,20110708,760.6,766.8,742.15,744.65,327818
BGRENERGY,20110708,483.3,483.3,461.55,466,196461
BHAGWATIHO,20110708,99.65,103.3,97.35,98.5,18655
BHAGYNAGAR,20110708,19.15,20,17.1,19.2,25123
BHARATFORG,20110708,331.1,332.4,324,330.85,221863
BHARATGEAR,20110708,61.4,61.95,57.9,59.1,16612
BHARATRAS,20110708,139,139.9,125,126.9,2809
BHARTIARTL,20110708,399.85,409.9,395.65,398.15,5606368
BHARTISHIP,20110708,137,138,133.05,133.8,78341
BHEL,20110708,1992,2003,1971.35,1984.1,425109
BHUSANSTL,20110708,453.05,455.4,442.35,444.15,185761
BIL,20110708,59,59.45,57.15,57.75,15928
BILENERGY,20110708,29.75,33,29.05,29.4,915
BILPOWER,20110708,93.1,93.1,91.5,91.9,2690
BIMETAL,20110708,310,322.5,310,321.25,574
BINANIIND,20110708,171.8,171.95,167,167.75,12718
BINDALAGRO,20110708,90.1,90.5,89.9,90,392655
BIOCON,20110708,366.25,366.25,357,358.2,148714
BIRLACORPN,20110708,340,341.75,335.65,340.05,4580
BIRLACOT,20110708,0.45,0.5,0.45,0.45,2916005
BIRLAERIC,20110708,16.15,16.15,15.25,15.25,3094
BIRLAMONEY,20110708,20.95,21.1,20.5,20.8,4955
BIRLAPOWER,20110708,0.85,0.85,0.8,0.8,6834685
BLBLIMITED,20110708,5.5,5.6,5.15,5.15,47931
BLISSGVS,20110708,20.5,23.7,20.2,22.2,670159
BLKASHYAP,20110708,19.5,19.9,18.65,19.25,169626
BLUECHIP,20110708,1.1,1.2,1.1,1.15,26945
BLUEDART,20110708,1599.8,1649.8,1525,1560.05,12849
BLUESTARCO,20110708,314.9,314.9,307,309.3,11541
BLUESTINFO,20110708,93,93.35,90.2,93.05,8229
BOC,20110708,290.05,298.7,288.3,294,4946
BOMDYEING,20110708,372,383.85,368,375.8,605902
BOSCHLTD,20110708,7040,7049.35,6982,7012.35,2616
BPCL,20110708,658.65,796.9,648.15,669.25,1270739
BPL,20110708,24.75,25.15,24.35,24.5,27695
BRANDHOUSE,20110708,21.7,21.7,20.75,20.9,70052
BRFL,20110708,285,288.2,285,286.55,12360
BRIGADE,20110708,74,77.9,73,74.9,158981
BRITANNIA,20110708,485.5,489.4,473.3,477.3,50777
BROADCAST,20110708,10.2,10.25,10.15,10.2,1023
BSELINFRA,20110708,5.4,5.4,5,5.15,97972
BSL,20110708,24.7,26.65,24.7,25.6,6853
BSLGOLDETF,20110708,2201.5,2237.5,2201.5,2237.5,56
BSTRANSCOM,20110708,132.2,146,132.2,137.45,133621
BURNPUR,20110708,7.8,8.05,7.75,7.9,28003
BVCL,20110708,17.3,17.55,17.1,17.55,3448
CADILAHC,20110708,942.8,943,927,940.05,51988
CAIRN,20110708,321.55,324.9,316.55,323.2,1527206
CALSOFT,20110708,30.75,33.05,30.75,33.05,72
CAMLIN,20110708,74.8,74.95,72.5,72.65,303059
CANBK,20110708,531.2,537.65,526.2,528.85,450624
CANDC,20110708,112.3,113,107.15,110.3,14776
CANFINHOME,20110708,112,114.7,112,112.45,44060
CANTABIL,20110708,33.05,33.7,32.75,33.15,8550
CARBORUNIV,20110708,307.6,308.5,296.05,299.05,6149
CAROLINFO,20110708,174,180.6,172.55,174.6,1021
CASTROL,20110708,566.7,570.7,553.05,554.95,57466
CCCL,20110708,32.5,33.8,32.5,33.65,9680
CCL,20110708,213.5,215.9,210.1,210.35,4264
CEATLTD,20110708,109.5,114.8,108.5,111.1,564255
CEBBCO,20110708,46,48.9,45.4,48.9,237985
CELEBRITY,20110708,9.5,9.75,9.3,9.3,741
CELESTIAL,20110708,36.95,37,34.6,35.15,23372
CENTENKA,20110708,183.9,183.9,180.1,181.9,7453
CENTEXT,20110708,3.55,3.55,3.35,3.35,14889
CENTRALBK,20110708,130.3,132.9,129,129.5,944986
CENTUM,20110708,95,95,91,93,470
CENTURYPLY,20110708,66.75,67,65.2,65.35,23037
CENTURYTEX,20110708,373.05,377.75,365.1,367.45,539003
CERA,20110708,218.95,218.95,212,213.6,3539
CESC,20110708,320,331.8,317,325.45,645661
CHAMBLFERT,20110708,83,83.45,81.3,81.55,813538
CHEMFALKAL,20110708,48.1,49.05,48,48,973
CHEMPLAST,20110708,6.85,7,6.85,6.9,14803
CHENNPETRO,20110708,228.9,229.95,226.05,227.75,29573
CHESLINTEX,20110708,13.5,13.5,12.3,13.25,2177
CHETTINAD,20110708,445,456,445,456,30
CHOLAFIN,20110708,177,179,172,172.85,19856
CILNOVA,20110708,15.6,16,15.55,15.65,4050
CINEMAX,20110708,35.2,36.55,35,35.55,53310
CINEVISTA,20110708,3.6,3.8,3.5,3.6,3691
CIPLA,20110708,336.15,337.95,331.45,332.6,488170
CLASSIC,20110708,11.4,12.4,11.4,11.75,3138
CLNINDIA,20110708,785,785,774.5,780.6,13111
CMAHENDRA,20110708,244.5,245.5,238.15,240.05,65165
CMC,20110708,1162.1,1215.7,1153,1180.9,23781
COALINDIA,20110708,370,378.7,361,362.65,19402497
COLPAL,20110708,1008.75,1026.5,1003.05,1006.65,47046
COMPUAGE,20110708,100.05,100.05,85.25,98.95,16464
CONCOR,20110708,1152,1166,1131.05,1138.3,2582
CONSOFINVT,20110708,72.85,72.85,68.5,68.5,716
CORAL-HUB,20110708,6.2,6.5,6.2,6.35,9529
CORDSCABLE,20110708,38,40.1,37.7,39.95,11633
COREPROTEC,20110708,296,303,289.95,301.5,16153
COROMANDEL,20110708,347.3,351.5,339,341.35,37424
CORPBANK,20110708,521.65,525.45,517,519.1,109381
COSMOFILMS,20110708,102.1,103.5,101.8,102.05,13715
COX&KINGS,20110708,208.7,208.7,204,205.95,64146
CPIL,20110708,339.1,342,331.3,333.3,4933
CREATIVEYE,20110708,5.65,6.1,5.65,5.85,5069
CRESTANI,20110708,51,52,50,50,14474
CREWBOS,20110708,94,95.4,91.8,92.4,40361
CRISIL,20110708,7251,7410,7075,7293.15,5930
CROMPGREAV,20110708,263.95,266.5,250.95,252.65,1225645
CRONIMET,20110708,130.3,136,128.5,132.25,22828
CTE,20110708,9.65,10,9.55,9.65,4761
CUB,20110708,48.35,49.4,47.8,49,1485289
CUBEXTUB,20110708,12.35,13,12.3,12.5,1263
CUMMINSIND,20110708,678.95,690,675,681.6,256850
CURATECH,20110708,202.1,210,202.1,210,20
CYBERMEDIA,20110708,19.7,21,19.7,21,315
CYBERTECH,20110708,13.8,14,13.75,13.8,2133
DAAWAT,20110708,52.4,53.7,52.05,52.3,185951
DABUR,20110708,113.65,114.8,111.35,111.65,580077
DALMIABEL,20110708,158.2,167,158.2,164.05,800
DALMIASUG,20110708,18.2,18.6,17.7,17.9,33043
DATAMATICS,20110708,28.6,29.2,28.5,28.8,13067
DBCORP,20110708,233,234.3,230,230.8,7922
DBREALTY,20110708,76.95,89.5,74.5,85.4,4473999
DCB,20110708,60.8,64.1,60.7,62.7,11728513
DCHL,20110708,69.2,70.6,68,68.15,818309
DCM,20110708,92,92,88.3,90.05,239868
DCMSRMCONS,20110708,45.45,45.45,44.5,44.9,98754
DCW,20110708,11.15,11.2,10.95,11,120473
DECCANCE,20110708,145,151,144.05,145,1953
DECOLIGHT,20110708,9.8,9.8,8.05,8.3,14916
DEEPAKFERT,20110708,164.9,164.9,162.75,163.3,46767
DEEPAKNTR,20110708,180.1,185,180.05,185,712
DEEPIND,20110708,71.85,77.35,71.55,73.7,99826
DELTACORP,20110708,111,111.7,103.05,103.65,8514060
DELTAMAGNT,20110708,46,50.5,46,50.5,200
DEN,20110708,87.9,87.9,84.5,85.45,23645
DENABANK,20110708,88.6,88.9,86.95,87.1,1709101
DENORA,20110708,88.9,88.9,84.4,85.2,1873
DENSO,20110708,69.95,71,67.9,69.4,4571
DEWANHOUS,20110708,226.4,226.55,220,221.2,261249
DHAMPURSUG,20110708,59.45,61.05,58.6,59.95,132980
DHANBANK,20110708,119,122,113.5,113.95,956413
DHANUKA,20110708,91.9,92.95,89.6,90.95,76381
DHARSUGAR,20110708,34.15,38.8,32.5,33.05,24675
DHUNINV,20110708,72,73.1,71.6,73,103
DIAPOWER,20110708,165,166,158.25,159.5,12553
DICIND,20110708,255.2,263.5,252.2,259.1,2345
DIGJAM,20110708,12.2,13.15,11.75,12.2,242221
DISHMAN,20110708,91.75,92.9,89.15,89.8,67776
DISHTV,20110708,89.6,89.7,86.75,87.05,1751069
DIVISLAB,20110708,827,831.4,807.4,811.2,209643
DLF,20110708,236,242.5,234.75,237.15,10235190
DLINKINDIA,20110708,27.1,27.6,26.95,27.2,17300
DOLPHINOFF,20110708,128.5,131.9,125.25,126.5,12288
DONEAR,20110708,24.5,24.5,22.35,23,1561
DPSCLTD,20110708,2070,2080,2030,2050,24
DPTL,20110708,154,154,146.3,152.4,5501
DQE,20110708,40.95,43.4,39.4,39.7,165434
DREDGECORP,20110708,299.3,302.85,294.1,294.95,10447
DRREDDY,20110708,1573,1573.9,1545.1,1550.1,194829
DSKULKARNI,20110708,64.8,65.3,63.25,64,41366
DUNCANSIND,20110708,15.5,15.5,15.1,15.2,31704
DWARKESH,20110708,71.65,72.3,68.5,69.15,26299
DYNAMATECH,20110708,1500,1503,1491,1497.55,4296
DYNASYS,20110708,0.75,0.75,0.65,0.7,5427
EASTSILK,20110708,8,8.8,8,8.25,47814
EASUNREYRL,20110708,76.45,76.6,75.05,75.25,16913
ECEIND,20110708,122,122.5,112.4,114.6,6393
ECLERX,20110708,854,875,832.3,840.4,51930
EDELWEISS,20110708,33.4,33.45,32.9,33.05,133167
EDL,20110708,101,103.5,100.5,101.6,4118
EDSERV,20110708,133.9,135.25,131.65,133,73147
EDUCOMP,20110708,407,408,391.8,393.4,913537
EICHERMOT,20110708,1326.75,1328,1300,1316.35,3866
EIDPARRY,20110708,256,265,252.05,261.8,131708
EIHAHOTELS,20110708,136.8,138.5,136,136.05,706
EIHOTEL,20110708,85.5,86.25,84.4,85.95,61020
EIMCOELECO,20110708,225.25,235,225.25,232.75,147
EKC,20110708,92.1,93,89.6,90.65,212775
ELDERPHARM,20110708,401,401,390.1,392.55,70637
ELECON,20110708,74.8,76.05,73.2,74.6,159912
ELECTCAST,20110708,29.25,29.45,28.9,28.9,67282
ELECTHERM,20110708,182.55,193,182.55,183.25,13400
ELFORGE,20110708,11,11.45,10.8,10.9,5039
ELGIEQUIP,20110708,81,83,81,82,36097
ELNET,20110708,35.5,37.45,35.5,36.35,80
EMAMIINFRA,20110708,38.25,39.7,38,38.8,95358
EMAMILTD,20110708,508,508,495.3,499.7,10262
EMCO,20110708,52.35,53.6,51.35,51.85,26362
EMKAY,20110708,40.5,42.5,39,39.7,4990
EMMBI,20110708,13.25,13.9,13.05,13.35,32989
EMPEESUG,20110708,26.2,26.75,25.15,25.95,30684
ENERGYDEV,20110708,35,35.4,35,35,2319
ENGINERSIN,20110708,291.2,291.8,286.1,288.5,87881
ENIL,20110708,278.5,295.8,265.05,266.9,1401293
ENTEGRA,20110708,24,25.7,23.05,23.25,14819
ERAINFRA,20110708,170.2,170.8,169.1,169.55,220900
EROSMEDIA,20110708,191.9,196,185.4,186.75,218534
ESABINDIA,20110708,510,542,505.95,530.1,109440
ESCORTS,20110708,114.2,114.45,111,111.45,690409
ESL,20110708,8.55,8.75,8.2,8.35,368956
ESSAROIL,20110708,126.6,130.9,125.5,128.8,1745595
ESSARPORTS,20110708,100.9,101.4,96.6,97.95,11914
ESSDEE,20110708,365,383.4,359.05,372.75,51621
ESSELPACK,20110708,47,47.4,45.05,46.15,381364
ESTER,20110708,49.5,50.2,47.75,48.25,46938
EUROCERA,20110708,22.65,24.1,22.65,23.25,3111
EUROMULTI,20110708,10.55,11.15,10.35,10.7,5762
EUROTEXIND,20110708,21.5,23.55,21.5,23.5,1346
EVEREADY,20110708,42.45,42.45,41,41.05,45397
EVERESTIND,20110708,162.1,163.95,161.55,163.1,30831
EVERONN,20110708,551.75,554,537.55,539.4,92807
EVINIX,20110708,0.95,1.05,0.95,0.95,47782
EXCELCROP,20110708,165.05,170.5,165.05,167.3,6441
EXCELINDUS,20110708,85.75,86.6,84,84.05,2460
EXCELINFO,20110708,25.15,25.3,25,25,125032
EXIDEIND,20110708,172.45,173.5,166.15,167.7,1313254
FACT,20110708,39.2,39.2,38.5,38.5,25846
FAGBEARING,20110708,1192.7,1192.7,1161.05,1183.7,789
FAME,20110708,50.05,50.5,48.25,48.55,4918
FARMAXIND,20110708,3.9,3.9,3.75,3.8,67032
FCH,20110708,143.1,144.25,139.1,139.8,34623
FCSSOFT,20110708,0.8,0.85,0.8,0.8,828781
FDC,20110708,90.05,94.5,90.05,93.95,32419
FEDDERLOYD,20110708,74.5,75,72.75,72.95,9726
FEDERALBNK,20110708,471.05,473.65,459.15,460.55,345583
FIEMIND,20110708,150.5,152.25,150,151.05,8458
FINANTECH,20110708,887.95,888.4,863.5,866.55,126321
FINCABLES,20110708,47.9,48.6,47.2,47.8,59393
FINPIPE,20110708,79.05,79.45,77.05,77.5,35626
FIRSTLEASE,20110708,94,97.35,93.65,95.1,324215
FIRSTWIN,20110708,18.9,19.7,18.7,19.45,5528
FKONCO,20110708,125,130.5,125,127.3,22151
FMGOETZE,20110708,276.05,281,270.05,277.95,15229
FORTIS,20110708,165,165.75,163.25,164.35,195398
FOSECOIND,20110708,550.15,555.55,535.1,539.55,882
FOURSOFT,20110708,13.25,13.5,13,13.15,36507
FSL,20110708,19.2,19.3,18.35,18.5,3894740
FTCSF5YDIV,20110708,10.5,11,10.4,11,10001
FTCSF5YGRO,20110708,13.05,13.05,13.05,13.05,1000
FUTUREVENT,20110708,8.95,9.05,8.9,8.9,413705
GABRIEL,20110708,48.5,49.4,48.3,48.65,17421
GAEL,20110708,29.25,30.2,29.2,29.4,33701
GAIL,20110708,468,471.9,462,462.85,792686
GAL,20110708,12.5,13.2,12.4,12.5,46638
GALLANTT,20110708,16.6,17.25,16.05,16.5,17481
GALLISPAT,20110708,89.75,91.5,88.95,90.2,194269
GAMMNINFRA,20110708,15.75,15.75,14.6,15.05,105648
GAMMONIND,20110708,95,95.5,92.45,93.1,49088
GANESHHOUC,20110708,134,136.9,133.1,134.15,1949
GANGOTRI,20110708,6.8,6.8,6.2,6.45,8012
GARDENSILK,20110708,95,95.7,93.7,94.65,10523
GARWALLROP,20110708,64,64,62,62.15,4062
GATI,20110708,69.9,69.9,65.3,65.95,158210
GDL,20110708,124,125,122.1,122.8,29653
GEECEE,20110708,37.1,38.25,36.3,37.05,2184
GEINDSYS,20110708,170,172.4,169,170.05,19768
GEMINI,20110708,25.5,26,24.25,24.8,66271
GENESYS,20110708,266.5,287,264.25,281.4,121707
GENUSPOWER,20110708,18.9,19,18.35,18.5,127854
GEODESIC,20110708,71.35,71.8,69.65,70.05,266638
GEOJITBNPP,20110708,23.6,23.6,23.2,23.25,49668
GEOMETRIC,20110708,54.2,55.5,53.2,53.65,153403
GESHIP,20110708,280.9,280.9,274,274.8,113090
GHCL,20110708,40,40.4,39.4,39.5,21048
GICHSGFIN,20110708,119.95,119.95,117.15,117.9,392530
GILLANDERS,20110708,105.65,108,105.65,106.75,1478
GILLETTE,20110708,2161,2180,2140,2158.4,1136
GINNIFILA,20110708,9.05,9.35,8.85,8.9,14699
GIPCL,20110708,80.2,80.2,77.55,77.8,42950
GISOLUTION,20110708,11.9,12,11.65,11.9,1002
GITANJALI,20110708,298,303.4,294.35,302.8,1080921
GKB,20110708,39.5,43,39.5,42.95,800
GKWLIMITED,20110708,475.5,475.5,475.5,475.5,15
GLAXO,20110708,2351,2364.9,2306.55,2318.15,5043
GLENMARK,20110708,312,315.15,308.25,309.95,290380
GLFL,20110708,3.4,3.6,3.4,3.6,1750
GLOBALVECT,20110708,22,26,21.8,22.55,8504
GLOBOFFS,20110708,116.1,117.9,115,115.6,1464
GLOBUSSPR,20110708,149,149,141.15,142.65,42932
GLODYNE,20110708,337,339.6,327,329.65,23967
GMBREW,20110708,108.2,114.9,105,107.75,35850
GMDCLTD,20110708,165,165,155,158.85,821321
GMRINFRA,20110708,33,33.65,32.3,32.5,3913658
GNFC,20110708,98.6,101.25,97.6,97.75,195734
GOACARBON,20110708,94.75,94.75,87.5,88.35,15738
GODFRYPHLP,20110708,3019.45,3089.95,3001,3026.4,2019
GODREJCP,20110708,447,451.35,429,437.5,294091
GODREJIND,20110708,222.9,227.75,218.6,220,2036293
GODREJPROP,20110708,776.1,788,769,772.55,21375
GOENKA,20110708,59,59.8,58.8,58.8,4344
GOKEX,20110708,97.95,97.95,95.6,97.15,247
GOKUL,20110708,91.8,94.1,90.4,91.25,103686
GOLDBEES,20110708,2150,2151.5,2139.4,2140.7,32186
GOLDENTOBC,20110708,72,72.3,71.2,71.25,2130
GOLDIAM,20110708,34,37.65,34,36.35,2735
GOLDINFRA,20110708,18,18.1,18,18,54220
GOLDSHARE,20110708,2152,2152,2138.05,2140.05,2774
GOLDTECH,20110708,7.2,7.7,7.2,7.45,17316
GPIL,20110708,166,167.5,162.6,163.65,16140
GPPL,20110708,66.75,67,65.6,66.2,42853
GRABALALK,20110708,29,29,25,26.85,193519
GRANULES,20110708,84,84.7,83.15,83.45,6660
GRAPHITE,20110708,90,91.7,89.6,90.05,784912
GRASIM,20110708,2249.7,2259.8,2149.1,2166.65,57212
GRAVITA,20110708,368,368.15,358.6,360.4,13872
GREAVESCOT,20110708,93.35,93.35,90.05,91.6,28232
GREENPLY,20110708,188,191.9,187.5,191.05,3724
GREENPOWER,20110708,17.2,17.25,16.7,16.95,501298
GRINDWELL,20110708,241.45,241.45,237.7,238.05,360
GRUH,20110708,438,443,431.05,439.45,10406
GSFC,20110708,360.95,362.9,356.55,362.05,35612
GSKCONS,20110708,2490,2510,2473.1,2486.9,5195
GSLNOVA,20110708,3.45,3.55,3.45,3.5,2842
GSPL,20110708,95.95,97.8,94.85,96.6,1560548
GSSAMERICA,20110708,160.55,165,160.1,160.7,11815
GTL,20110708,94.6,94.85,90.3,90.6,4082419
GTLINFRA,20110708,16.1,16.3,15.4,15.5,3028601
GTNIND,20110708,14,15.05,14,14.8,2713
GTNTEX,20110708,13.25,15.45,13.25,15.1,1183
GTOFFSHORE,20110708,224.5,224.5,215,216.2,27573
GUJALKALI,20110708,148.15,154,147.2,151.25,111319
GUJAPOLLO,20110708,139.95,142,138.4,140.3,2344
GUJFLUORO,20110708,419.1,422.85,400.15,404.15,66770
GUJNRECOKE,20110708,45.75,46.15,45.2,45.4,713100
GUJNREDVR,20110708,24.65,25.5,24.5,25.05,67505
GUJRATGAS,20110708,401.15,408.7,397.1,405,100859
GUJSIDHCEM,20110708,9.65,9.9,9.55,9.6,83628
GULFOILCOR,20110708,90,94.55,89.35,90.5,504202
GVKPIL,20110708,19.9,20.25,19.6,19.8,4285842
HALONIX,20110708,75.55,75.75,74.6,75.15,1335
HANUNG,20110708,155.65,155.65,148.8,149.75,205800
HARITASEAT,20110708,72.5,75.55,72.3,75.55,592
HARRMALAYA,20110708,76,77.7,74.75,75.2,27206
HATHWAY,20110708,117.25,120.5,115.3,115.7,66477
HAVELLS,20110708,401.2,403.85,393.25,395.85,743074
HBLPOWER,20110708,17.8,18.6,17.8,17.9,14265
HBSTOCK,20110708,13.75,13.75,13.05,13.5,3894
HCC,20110708,33.35,34.8,32.8,34.05,5143797
HCIL,20110708,44,45.1,42.25,44.2,329544
HCL-INSYS,20110708,91.1,91.8,90.5,90.9,40762
HCLTECH,20110708,510,512.45,501.05,502.25,380343
HDFC,20110708,726,732.95,712.1,714.2,3348765
HDFCBANK,20110708,2566,2583.3,2553.7,2559.15,754468
HDFCMFGETF,20110708,2199.95,2199.95,2181.25,2186.6,983
HDIL,20110708,169,175.7,166.15,172.5,7196814
HEG,20110708,239.05,239.05,235.15,236,6232
HEIDELBERG,20110708,39.45,39.75,38,38.3,44679
HELIOSMATH,20110708,34,34.45,32.85,33.3,16617
HERCULES,20110708,262.85,286.4,260.1,264.2,237179
HERITGFOOD,20110708,195,195,190.6,190.7,1524
HEROHONDA,20110708,1881.1,1918,1881.1,1902.2,429962
HEXAWARE,20110708,77,78,75.2,76.25,1630845
HFCL,20110708,17.2,17.45,16.15,16.45,2348956
HGSL,20110708,418.95,423,413.2,414.5,4389
HIKAL,20110708,293.75,299.9,293.75,295.15,447
HILTON,20110708,17.25,17.25,17.25,17.25,500
HIMATSEIDE,20110708,33.4,33.4,32.9,33.3,9169
HINDALCO,20110708,194.8,194.8,187.25,188.1,10383793
HINDCOMPOS,20110708,476,476,470.65,475,92
HINDCOPPER,20110708,274,274.45,262.3,264.6,42330
HINDDORROL,20110708,58.5,58.5,56,56.2,60730
HINDMOTORS,20110708,17.75,17.75,17.1,17.2,286881
HINDNATGLS,20110708,210,212,204.65,209.05,30879
HINDOILEXP,20110708,187.6,187.6,179.6,180.45,580689
HINDPETRO,20110708,398,480.35,387.3,392.6,833771
HINDUJAFO,20110708,80,82,80,81.95,609
HINDUJAVEN,20110708,291.5,294,286.1,287.5,2857
HINDUNILVR,20110708,334,338.4,331.65,333.45,1714115
HINDZINC,20110708,137.2,138.5,129.55,131.1,1602024
HIRECT,20110708,48.4,54.5,48.4,50.35,120327
HITACHIHOM,20110708,205.3,205.3,194.6,195.05,33497
HITECHGEAR,20110708,115,117,113.4,116.05,1126
HITECHPLAS,20110708,96.95,96.95,96.95,96.95,350
HMT,20110708,60.25,61.35,59.45,59.85,84980
HMVL,20110708,135.35,143.9,134.1,139.75,3000
HNGSNGBEES,20110708,1328,1350,1320,1320,22
HOCL,20110708,33.7,33.7,32.8,32.95,29424
HONAUT,20110708,2707,2810,2706.5,2789.85,8715
HONDAPOWER,20110708,400.15,404.85,397.55,402.95,527
HOTELEELA,20110708,43,43.2,42.2,42.45,281172
HOTELRUGBY,20110708,9.7,9.8,9.1,9.2,931
HOVS,20110708,90,90.85,87.2,87.55,5625
HSIL,20110708,177.1,183,177.1,180.15,49094
HTMEDIA,20110708,164.25,165.6,160,160.5,14954
HYDRBADIND,20110708,401,404.35,391.6,394.85,11521
HYDROS&S,20110708,20.5,20.8,20.25,20.35,209
IBN18,20110708,78,78.3,76.5,77,81039
IBPOW,20110708,17.9,18.55,17.15,17.65,241492
IBREALEST,20110708,119,120.9,116.5,117,2941140
IBSEC,20110708,13.95,14.15,13.55,13.6,359499
ICICIBANK,20110708,1091.15,1094.85,1056.75,1060.2,4104516
ICIL,20110708,11.05,11.9,11.05,11.7,1104
ICRA,20110708,1130.5,1175.05,1130.5,1147.45,766
ICSA,20110708,104.2,105.2,102.2,102.7,50155
IDBI,20110708,136.7,139.25,134.6,136.15,2709603
IDEA,20110708,82.95,84.5,80.7,81.65,4975508
IDFC,20110708,139.85,139.85,133.9,134.3,8491079
IFBAGRO,20110708,81.8,82.7,77.5,78.45,12669
IFBIND,20110708,134.25,137,127.4,129.5,105842
IFCI,20110708,49.35,49.35,46.95,47.2,6933433
IFGLREFRAC,20110708,32.65,32.95,32.4,32.45,5370
IGARASHI,20110708,47.2,49,47.2,47.75,2518
IGL,20110708,390,393.9,385.65,391.3,292021
IGPL,20110708,24.9,26.15,24.9,25.65,1726
IL&FSENGG,20110708,145.1,145.6,142.5,143,9395
IL&FSTRANS,20110708,218,220.75,214.7,215.15,46595
IMPAL,20110708,663.05,680,663.05,678,41
IMPEXFERRO,20110708,10,10,9.5,9.9,1725
INDBANK,20110708,10.7,10.85,10.55,10.6,15391
INDHOTEL,20110708,81.8,82.35,80.6,81.9,802343
INDIABULLS,20110708,170.25,171.45,165.5,166.8,216028
INDIACEM,20110708,75.1,75.8,74,74.4,801188
INDIAGLYCO,20110708,134.1,139.8,131.2,134.3,151041
INDIAINFO,20110708,87.15,89,86.5,87.3,284279
INDIANB,20110708,217.2,222.5,214.5,216.15,209326
INDIANCARD,20110708,104.6,116,104.6,109.2,125
INDIANHUME,20110708,131.75,131.75,131.75,131.75,351
INDLMETER,20110708,90.55,95.9,90.55,92.55,4526
INDNIPPON,20110708,241.5,255.95,241.25,249.45,734
INDOASIFU,20110708,83.5,85.5,77.6,79.15,326140
INDOCO,20110708,431.3,448,431.05,443.55,121
INDORAMA,20110708,42.1,43.2,42.1,42.75,23630
INDOSOLAR,20110708,14.7,14.95,14.5,14.6,116415
INDOTECH,20110708,139.05,140.9,136.5,137.15,4799
INDOWIND,20110708,27.1,27.95,26.45,26.65,567232
INDRAMEDCO,20110708,36.05,36.3,35.9,35.95,20900
INDSWFTLAB,20110708,103.9,104.9,99.7,100.3,88669
INDSWFTLTD,20110708,33,34.4,31.3,31.6,80172
INDUSFILA,20110708,20.05,20.45,19.25,19.6,30083
INDUSINDBK,20110708,286.95,291.4,285.15,287.5,2070936
INEABS,20110708,647.4,657,625.2,627.25,9715
INFINITE,20110708,135.95,136.75,133,133.55,19873
INFODRIVE,20110708,14,14.5,13.8,14,4864
INFOMEDIA,20110708,15.75,16,15.25,15.3,25035
INFOTECENT,20110708,139.8,141.8,138.5,138.7,9738
INFRABEES,20110708,314.3,314.3,311.25,311.25,550
INFY,20110708,3000,3023.9,2967.25,2976.55,708724
INGERRAND,20110708,490,494.9,478.9,482.7,7445
INGVYSYABK,20110708,342.1,344.45,324.3,328.35,54599
INNOIND,20110708,93.05,95,93,93.95,5973
INOXLEISUR,20110708,44.05,46.4,43.4,45.25,187777
INSECTICID,20110708,337,344,327.25,328.75,132744
IOB,20110708,145.25,146.6,143.05,143.55,129461
IOC,20110708,338,343.85,335.55,338.55,487919
IOLCP,20110708,34.05,34.65,34,34.1,1789
IOLN,20110708,6.1,6.75,6.05,6.7,29966
IPCALAB,20110708,339.3,348,339.3,343.95,14077
IPGETF,20110708,2210,2210,2182,2185.45,191
IPRINGLTD,20110708,82.5,82.5,80,81.9,441
IRB,20110708,173.45,177.3,173,175.6,1156509
ISFT,20110708,60.3,61.95,60.3,61.9,5051
ISMTLTD,20110708,43,43.2,42.1,42.15,33794
ISPATIND,20110708,20.4,20.4,19.7,19.8,2929275
ITC,20110708,203.75,205.1,199.65,200.55,6489098
ITDCEM,20110708,155.2,160,155.2,158.5,425
ITI,20110708,32.95,33,32,32.05,117642
IVC,20110708,34,34.25,33.65,33.85,78330
IVP,20110708,46,49.95,45.5,46.6,535
IVRCLAH,20110708,46.6,49.75,46.05,48.05,52155
IVRCLINFRA,20110708,73.85,74.6,72.2,72.75,2283371
J&KBANK,20110708,850,851.2,846.1,849.2,43850
JAGRAN,20110708,122.1,122.8,120.1,120.5,508997
JAGSNPHARM,20110708,14.7,14.75,14.1,14.4,7577
JAIBALAJI,20110708,195.25,198.25,187,188.2,35681
JAICORPLTD,20110708,129.7,133.9,128.6,129.45,1342808
JAINSTUDIO,20110708,10.4,10.4,9.5,9.95,1145
JAMNAAUTO,20110708,126,126,125,125,350
JAYAGROGN,20110708,84.65,84.65,82,83.8,5473
JAYBARMARU,20110708,81.85,87,80.65,84.15,11757
JAYNECOIND,20110708,22.5,22.65,21.7,21.8,50457
JAYSREETEA,20110708,179.05,179.8,172.5,173.25,28307
JBCHEPHARM,20110708,137.9,137.9,131.9,132.65,223281
JBFIND,20110708,167.9,168.3,162,162.95,58318
JCTEL,20110708,1.3,1.35,1.25,1.3,79729
JENSONICOL,20110708,4.95,4.95,4.75,4.75,20382
JETAIRWAYS,20110708,491.05,491.05,479,481.15,276193
JHS,20110708,56,56,49.6,50.05,77823
JIKIND,20110708,7.7,8.3,7.7,7.7,5135
JINDALPHOT,20110708,168.1,170.35,164.1,165.3,59787
JINDALPOLY,20110708,301.7,302.9,295,295.4,152229
JINDALSAW,20110708,166.05,166.2,163.1,164.65,170488
JINDALSTEL,20110708,656.15,656.15,634,643.6,1133589
JINDALSWHL,20110708,1029,1032,987.3,991.7,35807
JINDCOT,20110708,109.15,112.1,105.2,106.15,29624
JINDRILL,20110708,456,467,451.85,454.65,1702
JINDWORLD,20110708,189.85,189.85,182.15,182.65,11306
JISLJALEQS,20110708,180.1,181.75,178.85,179.65,657726
JKCEMENT,20110708,107,107.45,105.5,105.95,9422
JKIL,20110708,144.5,144.5,137.2,141.35,5864
JKLAKSHMI,20110708,43.6,43.65,43.1,43.15,65503
JKPAPER,20110708,49.75,49.75,47.8,48.15,282954
JKTYRE,20110708,102,105.8,101,101.95,494345
JMCPROJECT,20110708,161.5,164.95,160,160.65,2958
JMFINANCIL,20110708,23.5,23.6,22.9,23,389648
JMTAUTOLTD,20110708,67.1,67.1,67,67.1,485
JOCIL,20110708,261,262,245,250.85,3547
JPASSOCIAT,20110708,82.45,82.5,79.5,79.7,12045421
JPINFRATEC,20110708,55.55,56.25,54.4,54.6,93258
JPPOWER,20110708,48.2,48.35,46.05,46.4,232771
JSL,20110708,97.95,104.95,96.95,104,252704
JSWENERGY,20110708,69.1,69.5,67.6,67.85,271108
JSWSTEEL,20110708,910.15,915.15,879,882.75,653228
JUBILANT,20110708,216.2,216.2,207.2,209.65,174594
JUBLFOOD,20110708,835,867.7,835,853.8,1675621
JUBLINDS,20110708,190,190,179.25,183.1,3749
JUMBO,20110708,18.6,23,18.6,23,90831
JUNIORBEES,20110708,115,115.5,112.55,113.39,14501
JUPITER,20110708,21.3,21.75,20.75,20.9,331763
JVLAGRO,20110708,23.6,23.7,21.5,21.9,51596
JYOTHYLAB,20110708,220,222,216,218.8,22886
JYOTISTRUC,20110708,89,94.6,88.45,91.85,395365
KABRAEXTRU,20110708,53.25,55.9,53.25,54.95,20189
KAJARIACER,20110708,100,101.9,97.6,98.35,137433
KAKATCEM,20110708,70.1,71.45,70.1,70.95,922
KALECONSUL,20110708,87,89.9,85.4,85.8,103559
KALINDEE,20110708,107.5,107.95,106.5,106.75,55726
KALPATPOWR,20110708,130.85,132,128.15,131.1,28589
KAMATHOTEL,20110708,94.2,98.7,93.2,96.05,18598
KANDAGIRI,20110708,89,89,89,89,3
KANORICHEM,20110708,52.8,53.4,52.5,53,45660
KANSAINER,20110708,925,925,906.1,911.1,484
KARURKCP,20110708,40,40,37.3,37.6,8375
KARURVYSYA,20110708,418.5,421.4,416.05,420.2,39910
KAUSHALYA,20110708,9.65,9.85,9.4,9.75,6164
KAVVERITEL,20110708,158,167,157.75,163.2,80828
KCP,20110708,25,25.35,25,25.2,3790
KCPSUGIND,20110708,15.95,16.4,15.65,15.8,62213
KEC,20110708,82.8,84.2,78.1,78.75,367354
KECL,20110708,44,44.8,42.1,43.15,2882
KEI,20110708,22.35,22.8,22,22.15,48625
KEMROCK,20110708,510,515.85,510,512.55,3769
KERNEX,20110708,96.7,97.6,96,96.15,6528
KESARENT,20110708,51.05,54.7,51.05,52,2927
KESORAMIND,20110708,168,168,164.45,165.1,24194
KFA,20110708,39.8,40.5,38.7,38.95,1122437
KGL,20110708,12.7,13.25,12.5,13,3905165
KHAITANELE,20110708,108,110.95,106,108.15,9785
KHAITANLTD,20110708,28.25,28.25,28.25,28.25,2
KHANDSE,20110708,17.6,18.35,17.25,17.95,22499
KICL,20110708,700,725,691.25,707.3,748
KIL,20110708,17.55,17.8,17.45,17.5,6288
KILITCH,20110708,54.9,62,54.9,60.55,26416
KINETICMOT,20110708,19.8,20.5,19.3,19.75,33584
KIRIINDUS,20110708,214.7,216.75,212,214.15,24047
KIRLOSBROS,20110708,162,164.35,159,162.75,31168
KIRLOSENG,20110708,130,130,125.4,126.65,12146
KIRLOSIND,20110708,290.55,298.95,288,295.45,1954
KITPLYIND,20110708,3.7,4,3.7,3.95,11461
KKCL,20110708,722.5,725,692,698.6,2811
KLGSYSTEL,20110708,56.25,56.7,54.4,54.65,27339
KLRF,20110708,26.35,26.35,26.35,26.35,207
KMSUGAR,20110708,3.35,3.55,3.3,3.35,11482
KNRCON,20110708,132.95,134.25,129.05,131.2,2804
KOHINOOR,20110708,51,52.85,50.7,51.35,172413
KOLTEPATIL,20110708,47.7,51.7,47.7,49.45,170216
KOPRAN,20110708,22.9,22.9,21.5,21.85,18710
KOTAKBANK,20110708,489,491,478,480.9,672105
KOTAKGOLD,20110708,2149.8,2149.8,2136.3,2140.75,18546
KOTAKNIFTY,20110708,580,580,578,580,239
KOTAKPSUBK,20110708,426,426,425,425,246
KOTARISUG,20110708,6.6,6.75,6.55,6.6,15645
KOTHARIPET,20110708,7.5,7.95,7.5,7.8,3401
KOTHARIPRO,20110708,467.95,467.95,456.05,458.1,281
KOUTONS,20110708,28.2,28.6,27.6,27.75,77426
KPIT,20110708,179.95,181.5,177.15,180.05,230613
KPRMILL,20110708,121,121.75,119,120.95,602
KRBL,20110708,31.25,33,31.15,31.65,3094462
KRISHNAENG,20110708,4.35,4.35,4,4.1,6357
KSBPUMPS,20110708,234,234.7,230.5,233.5,1496
KSCL,20110708,436.55,443.95,421.5,424.7,67082
KSE,20110708,217.5,225.1,216.05,224.1,2147
KSERASERA,20110708,11.05,11.05,11,11,538437
KSK,20110708,111,112.7,111,112.2,353823
KSL,20110708,77.45,78.3,75.25,75.9,32212
KSOILS,20110708,22.65,22.75,21.5,21.7,3491506
KTIL,20110708,88,88,78.6,84.95,8
KTKBANK,20110708,129.45,129.45,125,125.6,522050
KWALITY,20110708,140.05,141.45,138.5,138.6,411381
LAKPRE,20110708,45,45.8,45,45.8,202
LAKSHMIEFL,20110708,39.05,39.05,37.65,37.9,126730
LAKSHMIMIL,20110708,1755,1791,1752,1752,30
LAKSHVILAS,20110708,120.5,120.7,118.5,120,296433
LANCOIN,20110708,37.85,38.15,37.3,37.6,6316
LAOPALA,20110708,83.9,85.95,81.6,82.15,5956
LAXMIMACH,20110708,2177.4,2225,2121.1,2155.5,2666
LCCINFOTEC,20110708,0.75,0.75,0.65,0.75,9403
LGBBROSLTD,20110708,287.6,289.95,282.65,283.25,2992
LGBFORGE,20110708,2.7,2.95,2.6,2.95,33886
LIBERTSHOE,20110708,104.4,106.3,101.5,101.8,142104
LICHSGFIN,20110708,225,225.15,216,216.65,8368451
LIQUIDBEES,20110708,1000.01,1000.01,999.99,1000,72393
LITL,20110708,24.55,25.2,24.2,24.45,10886917
LLOYDELENG,20110708,53.4,53.4,52.35,52.65,15051
LLOYDFIN,20110708,1.35,1.35,1.25,1.35,2120
LLOYDSTEEL,20110708,18,18.15,17.05,17.15,581616
LML,20110708,9.25,10.9,9.05,10.5,1994964
LOGIXMICRO,20110708,17.75,18.05,17.5,17.6,1824
LOKESHMACH,20110708,43.85,45,43,44.1,27885
LOTUSEYE,20110708,10.6,10.85,10.4,10.75,5748
LOVABLE,20110708,430.65,438.7,420,422.5,750781
LPDC,20110708,3,3.3,2.85,3,14677
LT,20110708,1864,1868.45,1823.75,1836.6,1217320
LUMAXAUTO,20110708,39.2,40.7,39.15,39.15,740
LUMAXIND,20110708,330.3,333.5,323.3,331.7,4305
LUMAXTECH,20110708,173,175,173,174.95,3455
LUPIN,20110708,463.1,466.8,455,455.4,554675
LYKALABS,20110708,18.95,19.05,18.35,18.5,20719
M&M,20110708,724.4,738.45,711.1,717.6,1553465
M&MFIN,20110708,686.9,695.85,669.75,676.9,195191
M100,20110708,8,8.1,7.25,7.92,280106
M50,20110708,75,78.25,75,76.09,58081
MADHAV,20110708,17.25,17.35,16.85,17.05,1193
MADHUCON,20110708,88.95,89.85,88.25,88.85,7140
MADRASCEM,20110708,83.55,84.6,82,82.5,28964
MADRASFERT,20110708,26.5,27.3,26.15,26.65,311849
MAGMA,20110708,80.95,80.95,76.5,77.15,56827
MAGNUM,20110708,5.95,6.4,5.9,5.9,4882
MAHABANK,20110708,56.5,56.8,55.85,56,79999
MAHINDFORG,20110708,71,73.4,70.25,70.75,46014
MAHINDUGIN,20110708,51.1,53,50,50.1,18438
MAHLIFE,20110708,372.35,380.85,372.35,375.05,2758
MAHSCOOTER,20110708,363,364,358,362.4,1278
MAHSEAMLES,20110708,376.1,378.9,372.3,374.9,9721
MAITHANALL,20110708,142.3,143,139.5,140.2,2294
MALUPAPER,20110708,13.05,14.25,13.05,14.25,2914
MALWACOTT,20110708,33.45,35.45,33.45,33.65,6149
MANAKSIA,20110708,69.7,69.7,67.65,67.7,8148
MANALIPETC,20110708,14.15,15.05,14.1,14.4,473780
MANAPPURAM,20110708,56.7,58,56.05,56.5,1037102
MANDHANA,20110708,186,188.4,183.2,186.6,133315
MANGALAM,20110708,12.1,13.95,12.1,13.25,2267
MANGCHEFER,20110708,32,32.1,31,31.15,217736
MANGLMCEM,20110708,108.5,109,107.55,108.35,17803
MANGTIMBER,20110708,16.15,17.45,16.15,16.5,11098
MANINDS,20110708,141,143.1,140.2,141.65,64975
MANINFRA,20110708,129.25,140,126.4,135.4,248042
MANJEERA,20110708,89,96.4,86.1,88,643
MANJUSHREE,20110708,73.55,74.65,73.1,73.15,2154
MANUGRAPH,20110708,50.6,51,50.5,50.5,6027
MARALOVER,20110708,12.5,13.6,12.5,13.5,2772
MARG,20110708,96.2,96.5,92.55,93,59165
MARICO,20110708,161.1,169,161.1,164.9,627032
MARKSANS,20110708,3,3.2,2.8,2.85,597297
MARUTI,20110708,1184.8,1202,1177.05,1184.25,341435
MASTEK,20110708,124.3,126.3,120.5,121.3,88373
MAWANASUG,20110708,24,24.7,24,24.2,9284
MAX,20110708,183.95,184.9,179.2,180.05,131779
MAXWELL,20110708,19.75,20.9,19.75,19.95,64788
MBECL,20110708,146.7,151,143.1,144.3,89450
MBLINFRA,20110708,151.8,155.4,151.8,152.45,20795
MCDHOLDING,20110708,86.65,88,86.2,86.6,7661
MCDOWELL-N,20110708,1080,1124.5,1075.55,1079.25,288652
MCLEODRUSS,20110708,287,295.6,277,278.2,194018
MEGASOFT,20110708,22.6,23.25,22.6,23.15,5543
MEGH,20110708,12.55,12.7,12.35,12.55,203130
MELSTAR,20110708,8.85,8.85,8.05,8.6,375
MERCK,20110708,678.65,684,667.15,672.55,11117
MHRIL,20110708,362.05,371.5,362.05,369.6,12723
MIC,20110708,14.1,14.2,13.8,13.9,205710
MICROSEC,20110708,39.4,40.6,37.25,37.5,127732
MICROTECH,20110708,130.9,133,128,130.95,13660
MINDAIND,20110708,240.55,240.55,233.1,235.4,1112
MINDTREE,20110708,370.15,382,370.15,372.75,40535
MIRCELECTR,20110708,24.35,24.6,23.9,24.1,48417
MIRZAINT,20110708,22.1,22.35,21.8,21.9,45381
MLL,20110708,40.7,41.1,39.85,40.05,1343533
MMFL,20110708,109,113,109,111.25,2053
MMFSL,20110708,87.35,87.35,83.15,87.35,164275
MMTC,20110708,949.6,949.6,915.15,917.75,27050
MOIL,20110708,356.1,358.45,347.5,348.75,395062
MONNETISPA,20110708,508,510,504,508.2,5566
MONSANTO,20110708,1843.85,1843.85,1750,1756,1525
MORARJETEX,20110708,14.05,15.5,14.05,15.5,3
MOREPENLAB,20110708,4.4,5.35,4.4,4.85,2808819
MOSERBAER,20110708,40.9,40.9,38.75,38.95,326031
MOTHERSUMI,20110708,226.9,233.7,221.1,225.3,92364
MOTILALOFS,20110708,103.75,104,100.15,102.35,10176
MOTOGENFIN,20110708,48.65,48.65,46,46.25,661
MPHASIS,20110708,464.3,475,461.15,463.9,294469
MPSLTD,20110708,41,41.5,39.6,40.05,15270
MRF,20110708,7121,7324.9,7101.95,7240.05,28841
MRO-TEK,20110708,15.75,16.25,15.75,16.1,2980
MRPL,20110708,82.45,83.9,81.05,81.55,1037953
MSPL,20110708,46.85,46.85,44,45.9,19217
MTNL,20110708,45,45.4,44.2,44.4,236310
MUDRA,20110708,42.35,43.7,42.35,42.5,13226
MUKANDENGG,20110708,32.8,32.8,32.2,32.3,4064
MUKANDLTD,20110708,46,46.15,45.2,45.4,19893
MUKTAARTS,20110708,38.5,39.8,36.45,37.65,3723
MUNDRAPORT,20110708,162.55,162.6,157.1,157.85,360582
MUNJALAU,20110708,137,141.2,136,139,5223
MUNJALSHOW,20110708,58.3,61.25,58.3,59.75,11322
MURLIIND,20110708,28.85,29.3,28.75,29.3,8563
MURUDCERA,20110708,18.1,18.45,18,18.2,9856
MUTHOOTFIN,20110708,167.65,173.8,165,166.35,415999
MVL,20110708,25,25.1,23,24.65,212290
MVLIND,20110708,15.3,16,15,15.95,2283
MYSOREBANK,20110708,639,646.8,637,641.35,1270
N100,20110708,103,103.99,101.1,102.99,3117
NAGARFERT,20110708,35.15,35.4,34.6,34.7,689943
NAGREEKCAP,20110708,27.6,28.35,27,27.7,3153
NAGREEKEXP,20110708,21,22.7,21,22.25,1301
NAHARCAP,20110708,61,64.5,61,62,895
NAHARINDUS,20110708,52.25,54.65,52.25,53.45,1578
NAHARPOLY,20110708,28.25,28.45,28.2,28.35,1271
NAHARSPING,20110708,82,82,80,80.3,6693
NANDAN,20110708,2.7,2.9,2.6,2.65,138719
NATCOPHARM,20110708,271.3,274.2,269.1,272.95,12597
NATIONALUM,20110708,86.4,86.4,83.65,84.05,198242
NATNLSTEEL,20110708,18.8,19,18,18.2,26637
NAUKRI,20110708,731,731,720.2,722,140306
NAVINFLUOR,20110708,300,304,296,296.55,10230
NAVNETPUBL,20110708,65,66.5,64.4,64.85,436420
NBVENTURES,20110708,224.3,235.9,222.2,230.55,40563
NCC,20110708,83.6,85.75,82.45,83.45,417860
NCLIND,20110708,35.1,35.65,34.85,35.15,20651
NDTV,20110708,72,72,68.25,68.9,59873
NECLIFE,20110708,25.4,25.4,25.2,25.3,23661
NEHAINT,20110708,192.7,197.5,184.3,188.2,40448
NELCAST,20110708,103.1,103.3,100.05,100.35,2641
NELCO,20110708,78.7,78.95,75.5,76,65405
NEOCURE,20110708,3.35,3.4,3.35,3.4,29857
NEPCMICON,20110708,4.2,4.4,4.1,4.3,23020
NESCO,20110708,669.95,729,638,673.3,3372977
NESTLEIND,20110708,4329,4329,4250,4262.45,7422
NET4,20110708,118.05,119,115.75,116.95,25645
NETWORK18,20110708,127.5,128,126.25,126.95,76685
NEULANDLAB,20110708,110.25,116.7,110.25,112.2,2353
NEXTMEDIA,20110708,6.65,6.85,6.15,6.25,63919
NEYVELILIG,20110708,103,104,100.25,100.95,331335
NFL,20110708,95.1,95.8,93.5,93.6,48475
NHPC,20110708,25,25,24.65,24.85,2312385
NIFTYBEES,20110708,582,583,573,574.38,63852
NIITLTD,20110708,55.9,56.45,54.75,55.05,70456
NIITTECH,20110708,185.5,185.95,180.6,181.4,36937
NILKAMAL,20110708,287.05,296,280,282.95,123595
NIPPOBATRY,20110708,486.4,486.4,476.15,480.7,998
NISSAN,20110708,2.6,2.7,2.6,2.65,78299
NITCO,20110708,61.1,61.4,60,60.05,18870
NITESHEST,20110708,24.25,24.45,23.1,23.65,236443
NITINFIRE,20110708,104.05,108.6,100.7,102,1823538
NITINSPIN,20110708,8.2,9.95,8.2,9.25,19707
NMDC,20110708,260,268,256,257.55,250146
NOCIL,20110708,17.55,17.95,17.5,17.6,169718
NOIDATOLL,20110708,26.55,26.85,26.1,26.2,121799
NOL,20110708,53,57.7,53,53,161
NORBTEAEXP,20110708,7.25,7.25,6.75,6.85,4570
NORTHGATE,20110708,11.55,11.95,11.3,11.85,17374
NOVOPANIND,20110708,42.5,42.5,41.45,42.5,1123
NRBBEARING,20110708,52.4,52.95,51.4,51.8,13880
NRC,20110708,6,6.05,5.6,5.8,29111
NSIL,20110708,799,799,769.55,771.3,40
NTPC,20110708,190.25,192.45,189.35,190.85,2849440
NUCENT,20110708,1.75,1.75,1.75,1.75,9
NUCHEM,20110708,4.8,4.8,4.55,4.6,31613
NUCLEUS,20110708,85.1,85.4,84.1,84.55,15370
NUMERICPW,20110708,228.4,228.4,221.4,223.4,4025
NUTEK,20110708,6.3,6.8,5.05,5.2,13195995
OBEROIRLTY,20110708,244.8,246,240,241.25,35206
OCL,20110708,102.1,102.95,101,101.45,8669
OFSS,20110708,2325.05,2325.05,2291.1,2300.05,25841
OIL,20110708,1299,1299,1268.1,1271.2,57672
OILCOUNTUB,20110708,71.2,72.1,70.3,70.65,16488
OISL,20110708,38.45,40.45,38.45,39.4,14171
OMAXAUTO,20110708,42.2,43.7,42.2,43.35,22890
OMAXE,20110708,140.6,142,137,139.55,266230
OMKARCHEM,20110708,70.5,71,68.75,70,17869
OMMETALS,20110708,36,36,33.1,34.9,9325
OMNITECH,20110708,153.15,154,146.55,147.95,6924
ONGC,20110708,276.7,280.65,275.9,277.15,2810510
ONMOBILE,20110708,110.55,112,105.7,107.95,185952
ONWARDTEC,20110708,38.3,38.35,37.45,37.45,433
OPTOCIRCUI,20110708,288.05,292.9,284.4,287.25,537753
ORBITCORP,20110708,44.3,46.8,43.8,45.75,1579279
ORCHIDCHEM,20110708,273.05,274.8,241.6,248.65,6805982
ORIENTABRA,20110708,30,31.5,30,31.2,35721
ORIENTALTL,20110708,9,9,8.7,8.8,3278
ORIENTBANK,20110708,339.85,339.85,330,330.55,975920
ORIENTCERA,20110708,55.75,55.75,52.95,55,1525
ORIENTHOT,20110708,32.95,32.95,30.1,31.1,5024
ORIENTLTD,20110708,85,92.95,85,85.55,424
ORIENTPPR,20110708,55.2,56.45,55.2,55.95,12915
ORISSAMINE,20110708,61820.05,63001,59555.05,59951,2381
OUDHSUG,20110708,31.3,32,30.35,30.6,19399
PAEL,20110708,33.5,33.9,31.5,31.75,14988
PAGEIND,20110708,1940,1968,1901,1909.75,2386
PANACEABIO,20110708,166,166.6,164,164.7,2803
PANASONIC,20110708,112.2,112.2,108.4,111.75,253
PANCARBON,20110708,168.5,168.5,160,161.35,2541
PANORAMUNI,20110708,14.75,14.9,14.4,14.75,8044
PANTALOONR,20110708,331,332.45,322.1,324.6,563309
PAPERPROD,20110708,74.8,74.8,73.3,73.9,26349
PARABDRUGS,20110708,40.85,41.3,40.3,40.5,16814
PARACABLES,20110708,3.75,3.85,3.7,3.8,13724
PARAL,20110708,287.45,287.45,279,279.8,4948
PARAPRINT,20110708,21.9,21.9,21.25,21.55,482757
PARASPETRO,20110708,0.55,0.6,0.55,0.55,18035
PAREKHPLAT,20110708,4.15,5.1,4.15,4.6,39423
PARSVNATH,20110708,48.55,49.5,48.25,48.8,1112322
PATELENG,20110708,156,158.65,153.5,154.15,661398
PATINTLOG,20110708,30.1,31.75,29.85,30.5,7784
PATNI,20110708,342.5,345.95,340,342.35,139090
PATSPINLTD,20110708,16,17.15,16,17.15,2334
PBAINFRA,20110708,65.5,67.9,63.65,64.25,32992
PDPL,20110708,126,126,115.5,119.65,47191
PDUMJEIND,20110708,20.15,20.3,20.1,20.3,920
PDUMJEPULP,20110708,19.7,19.9,19.15,19.4,4831
PEACOCKIND,20110708,3.25,3.3,3,3.1,16771
PENIND,20110708,39.25,41.4,39,40.6,63228
PENINLAND,20110708,53.5,56.35,52.55,54.5,152850
PEPL,20110708,3.15,3.2,3.15,3.2,160
PERIATEA,20110708,181.95,181.95,166,167.5,85
PERSISTENT,20110708,371.1,377.5,370,371.95,13182
PETRONENGG,20110708,350.7,362.8,347.35,354.95,10144
PETRONET,20110708,142.65,143.2,140.15,142.2,732622
PFC,20110708,201,201,192,193.95,1907406
PFIZER,20110708,1460,1479.95,1438.05,1445.25,987
PFOCUS,20110708,69.05,69.5,64.55,65.35,1734682
PFS,20110708,17.65,17.8,17.5,17.5,72409
PGHH,20110708,2050,2074.8,2001.05,2017.4,1325
PHILIPCARB,20110708,141,144,141,142.05,15948
PHOENIXLTD,20110708,205,215.55,205,212.9,150828
PIDILITIND,20110708,172,172.05,169.2,170.65,100598
PIIND,20110708,790,800,770,778.2,2235
PIONDIST,20110708,51,54.9,50.55,51.1,3844
PIONEEREMB,20110708,18.5,18.5,18.15,18.2,870
PIPAVAVYD,20110708,78.1,78.6,76.4,76.75,564921
PIRGLASS,20110708,136.1,141,135,135.45,24751
PIRHEALTH,20110708,397.55,397.7,386.35,392.6,52002
PIRLIFE,20110708,92,93.45,91.55,92,4395
PITTILAM,20110708,40,40,37.8,38.5,8226
PLASTIBLEN,20110708,205.05,206.1,202.3,204.6,753
PLETHICO,20110708,350,351,347.2,350.05,95866
PNB,20110708,1144.55,1169.7,1139.55,1153.15,150697
PNBGILTS,20110708,25,25.1,24.25,24.35,29198
PNC,20110708,16.75,17.8,16.3,16.9,7139
POCHIRAJU,20110708,16.05,16.15,15.75,15.8,17136
POLARIND,20110708,7.45,7.45,7.25,7.25,6878
POLARIS,20110708,185.05,189.5,184.6,185.3,596695
POLYPLEX,20110708,205.8,206.95,199,199.85,65185
PONDYOXIDE,20110708,33.9,33.9,31,31.3,3263
PONNIERODE,20110708,93.15,95,93.1,93.45,2685
POWERGRID,20110708,109.25,110.75,108.85,109.2,7101951
PPAP,20110708,106.8,108.9,106.7,107.1,5037
PRADIP,20110708,90,91.5,88.8,90.1,19988
PRAENG,20110708,11.2,11.4,10.85,10.95,57531
PRAJIND,20110708,79.15,79.65,76.45,76.75,396939
PRAKASH,20110708,70.45,70.95,68.3,68.55,102380
PRAKASHSTL,20110708,141.45,150,141.45,143.9,21455
PRATIBHA,20110708,54.85,54.95,54.05,54.2,43770
PRECOT,20110708,144.5,147,142,143.1,501
PRECWIRE,20110708,126,127.45,124,125.1,3107
PREMIER,20110708,95.5,95.55,91.5,91.65,10505
PRESTIGE,20110708,144,144,119.6,122.5,286607
PRETAILDVR,20110708,185.85,185.85,180,180.7,75641
PRICOL,20110708,20.5,20.5,20.05,20.2,42523
PRIMESECU,20110708,23.1,23.95,23.1,23.65,4047
PRISMCEM,20110708,46.5,47.2,45.55,45.75,42025
PRITHVI,20110708,30.6,32.6,29.6,29.8,11791
PROVOGUE,20110708,38.3,38.3,36.5,36.65,236428
PSB,20110708,101.5,101.7,99.75,99.9,150624
PSL,20110708,71.9,72.3,71,71.05,81579
PSUBNKBEES,20110708,413.4,413.5,409,409.02,1255
PTC,20110708,80.65,81.3,78.9,79.5,835711
PTL,20110708,28.7,28.7,27.1,27.75,5861
PUNJABCHEM,20110708,85.15,91.8,85.15,90.4,2859
PUNJLLOYD,20110708,77.25,79.75,75.8,77.8,9053848
PURVA,20110708,90.5,94.25,90.35,91.7,69787
PVP,20110708,9.05,9.25,9,9,39474
PVR,20110708,105.6,109,104,106.45,240787
QGOLDHALF,20110708,1068,1069.95,1058.6,1063.6,600
QNIFTY,20110708,574,574,574,574,4
QUINTEGRA,20110708,3.85,3.9,3.8,3.9,15865
RADAAN,20110708,2.4,2.55,2.4,2.45,8134
RADICO,20110708,128.75,131.45,128,129.15,274316
RAINBOWPAP,20110708,64.5,64.8,60.6,60.85,486284
RAINCOM,20110708,36.5,37.05,34.5,36.45,285053
RAJESHEXPO,20110708,107.6,107.6,104.1,105.2,248647
RAJOIL,20110708,32.55,33,32.3,32.4,29855
RAJPALAYAM,20110708,628,643.95,616.05,622.25,8819
RAJRAYON,20110708,11.25,11.8,11.25,11.5,2572
RAJSREESUG,20110708,49,50.75,48.8,49.3,15973
RAJTV,20110708,52.15,52.7,51,51.05,26885
RAJVIR,20110708,152,161.75,150.25,153.55,2586
RALLIS,20110708,1580.05,1600,1524,1534.3,64031
RAMANEWS,20110708,15.6,15.9,15.3,15.5,9736
RAMCOIND,20110708,42,42,40,40.1,52984
RAMCOSYS,20110708,93.05,93.2,91.85,92.3,6147
RAMKY,20110708,282.1,282.1,277,280.1,16920
RAMSARUP,20110708,16.7,17.45,15.8,16.05,53495
RANASUG,20110708,5.55,5.8,5.55,5.7,499843
RANBAXY,20110708,542.95,559.4,541,550.55,896558
RANEENGINE,20110708,225.2,233,225.2,228.5,614
RANEHOLDIN,20110708,245.5,247,245.5,245.75,645
RANKLIN,20110708,14.8,15.35,14.3,14.35,5430
RATNAMANI,20110708,114,116.3,108,115,42021
RAYMOND,20110708,384.5,394.5,377,386.25,735430
RBL,20110708,117.5,117.5,113,113.8,1020
RBN,20110708,86.1,89.2,82.5,83.85,535835
RCF,20110708,79.2,79.45,77,77.25,319811
RCOM,20110708,98.6,99.25,97.4,97.75,2602052
RECLTD,20110708,207.5,207.9,203,206.05,1396576
REDINGTON,20110708,88,89.9,87.4,88.8,584900
REFEX,20110708,22.5,22.8,21.65,22.45,62696
REIAGROLTD,20110708,28.75,29.5,28.15,29,948537
REISIXTEN,20110708,33,35.9,32.25,32.65,10234
RELAXO,20110708,281,299.95,281,287.75,25313
RELBANK,20110708,1040,1069.95,1040,1060.6,25
RELCAPITAL,20110708,605.2,605.7,588,589.85,1010752
RELGOLD,20110708,2082.85,2090.1,2075.05,2082.4,5090
RELGRNIFTY,20110708,540.5,565,540.5,561.83,2608
RELIANCE,20110708,873,874,852,854.85,4785969
RELIGARE,20110708,464.15,464.15,459,459,547
RELIGAREGO,20110708,2195,2213.7,2185,2191.45,255
RELINFRA,20110708,589.65,601,576.6,582.65,1363049
RELMEDIA,20110708,130,133.95,127.7,129.2,566680
RENUKA,20110708,73,76.2,73,74.85,8328333
REPRO,20110708,134.7,135.6,130,134.05,16816
RESPONIND,20110708,96.25,97.2,96.1,96.5,7300
RESURGERE,20110708,0.55,0.55,0.5,0.5,14127346
REVATHI,20110708,400,405,396.3,399.8,153
RICOAUTO,20110708,15.5,15.6,15.15,15.25,49523
RIIL,20110708,558.9,571,545.6,550.25,354395
RKDL,20110708,23.85,23.85,22.4,22.65,76170
RKFORGE,20110708,120,120.05,119.95,120,360
RMCL,20110708,7,7.25,7,7.2,4937
RML,20110708,140,140,138.1,138.6,566
ROHITFERRO,20110708,35.7,35.85,34.7,34.85,47446
ROHLTD,20110708,68,68,65.6,66.5,3920
ROLTA,20110708,133.95,134.25,130.85,131.4,342810
ROMAN,20110708,25,25,24.1,24.5,1370
RPGLIFE,20110708,82.25,83.4,82,82.4,6173
RPOWER,20110708,118.8,119.9,118.1,118.65,1509132
RPPINFRA,20110708,82,83,81.25,81.65,40250
RSSOFTWARE,20110708,63.35,63.9,61.7,62.25,10174
RSWM,20110708,137.25,140,137.25,137.75,6469
RSYSTEMS,20110708,108.75,109.65,108.3,108.4,773
RUBYMILLS,20110708,750,765,731,743.3,466
RUCHINFRA,20110708,19.55,20.65,19.55,20.25,13269
RUCHIRA,20110708,10.7,10.7,9.65,9.95,1217
RUCHISOYA,20110708,98,99.5,97,97.5,88755
RUSHIL,20110708,121.2,133.55,107.25,120.6,26645360
SABTN,20110708,51,51.75,51,51,1562
SADBHAV,20110708,135,149.95,135,141.75,46106
SAGCEM,20110708,148,148,135,137.9,1671
SAHPETRO,20110708,35.5,35.5,34,35.05,7399
SAIL,20110708,141.05,141.95,136.1,136.45,2666033
SAKHTISUG,20110708,36.6,37.7,36,36.3,103547
SAKSOFT,20110708,62.9,64,62.25,62.5,4010
SAKUMA,20110708,14.85,15,14.85,15,2425
SALONACOT,20110708,23,23,23,23,1
SALORAINTL,20110708,30.3,30.3,30.3,30.3,20
SALSTEEL,20110708,7,7.2,6.9,6.95,22509
SAMBANDAM,20110708,90.05,90.05,90,90,26
SAMBHAAV,20110708,1.5,1.6,1.5,1.55,220
SANGAMIND,20110708,40.55,41.65,39.2,39.75,11129
SANGHIIND,20110708,17.7,18.2,17.7,18.1,1440
SANGHIPOLY,20110708,1.7,1.75,1.65,1.65,5880
SANGHVIFOR,20110708,42.3,42.85,40.55,40.75,26161
SANGHVIMOV,20110708,124,125.45,120.05,124.25,7567
SANWARIA,20110708,29.45,30.4,28.6,29.45,33719
SARDAEN,20110708,220.6,222.95,215.55,217.85,8838
SAREGAMA,20110708,70.45,70.45,66.7,67.2,40632
SARLAPOLY,20110708,125,125,110.15,110.5,403
SASKEN,20110708,148,148,139,139.65,186500
SATHAISPAT,20110708,50.05,50.25,49.65,50,9910
SATYAMCOMP,20110708,92.05,92.4,88.8,89.5,4534488
SBBJ,20110708,499.35,501.95,494,496,5428
SBIGETS,20110708,2181,2184.75,2170,2173.3,2747
SBIN,20110708,2481.25,2515,2457.9,2478.45,1472265
SBT,20110708,714.5,721.95,713,718.7,6047
SCI,20110708,106,108.5,105.05,106.25,342466
SEAMECLTD,20110708,90.4,94,90,93.5,52273
SEINVEST,20110708,15.85,15.95,15.35,15.6,220867
SELAN,20110708,341.05,344.3,325.25,327.45,224562
SELMCL,20110708,17.85,17.85,17.2,17.3,272644
SENTINEL,20110708,13.85,15.8,13.85,15.25,4902
SERVALL,20110708,8.25,8.45,8.2,8.3,75627
SESAGOA,20110708,290,290,256.8,281.75,5844923
SESHAPAPER,20110708,240,240.95,238.15,239.1,453
SGFL,20110708,6.5,6.5,6.4,6.4,2
SGJHL,20110708,269,269.8,258.55,260.35,95206
SGL,20110708,4.2,5,4.2,4.3,20884
SHAHALLOYS,20110708,12.6,13.6,12.6,12.75,273
SHANTIGEAR,20110708,45,45.45,43.7,44.95,165863
SHARIABEES,20110708,124.25,126.45,124,124,496
SHARRESLTD,20110708,50.85,50.9,50.85,50.9,141
SHASUNPHAR,20110708,75.65,76.25,74.35,75.4,17628
SHILPAMED,20110708,261.05,273.9,261,270,2234
SHILPI,20110708,18,18,17,17.05,35447
SHIV-VANI,20110708,229,229.85,220.55,221.9,34035
SHIVAMAUTO,20110708,113.5,117,113.5,114.9,336
SHIVTEX,20110708,32,33.6,30.6,30.85,24556
SHLAKSHMI,20110708,87,87,82.15,83.9,31420
SHOPERSTOP,20110708,492,495,469.1,472.35,137029
SHPRE,20110708,6.1,6.45,6.1,6.35,278
SHREEASHTA,20110708,5.05,5.1,4.9,4.95,2361340
SHREECEM,20110708,1749,1758.95,1730,1747.1,24479
SHREERAMA,20110708,5.5,5.7,5.5,5.7,474
SHRENUJ,20110708,57.2,59,56.25,56.3,4751
SHREYANIND,20110708,20.75,20.75,19.55,19.55,200
SHREYAS,20110708,29.25,31.35,29.25,30.85,1733
SHRIRAMCIT,20110708,555.95,556,548.3,550,1388
SHRIRAMEPC,20110708,158.25,161.3,157.05,157.25,3347
SHYAMTEL,20110708,41.3,41.9,40.8,41.15,4808
SICAGEN,20110708,26.25,26.25,24,24.3,37642
SICAL,20110708,72,73.5,72,72.55,8183
SIEMENS,20110708,888.15,928,888.15,915.5,342024
SILINV,20110708,98.5,98.5,91.1,91.35,516
SIMBHSUGAR,20110708,41.65,41.7,40.4,41.05,29949
SIMPLEX,20110708,114,114,100.5,102.35,6662
SIMPLEXINF,20110708,268,285,267.5,275.05,57025
SINTEX,20110708,184.55,187.65,182.65,183.9,1477338
SIRPAPER,20110708,54.5,58.6,53.75,54.35,3990
SITASHREE,20110708,6,6.35,6,6.2,13261
SIYSIL,20110708,390,394.9,378.45,381.25,5928
SJVN,20110708,21.7,21.8,21.45,21.75,2893241
SKFINDIA,20110708,660,663.6,652,654,12231
SKMEGGPROD,20110708,8.6,9.15,8.55,8.9,15837
SKSMICRO,20110708,417.55,494.2,417.55,494.2,1535947
SKUMARSYNF,20110708,56.7,57.4,53.4,54.55,3619915
SMARTLINK,20110708,52.5,52.9,51.5,52,37235
SMLISUZU,20110708,397,405,387,397.05,2293
SMPL,20110708,10.2,10.2,9.8,9.85,111874
SMSPHARMA,20110708,195,199.5,195,196.3,5347
SOBHA,20110708,281.2,294.45,280.4,284.95,232883
SOFTTECHGR,20110708,5.25,5.45,5.05,5.05,859
SOLARINDS,20110708,634,640,634,635,379
SOMANYCERA,20110708,41.05,42.4,41.05,41.5,1003
SOMATEX,20110708,7.75,7.75,7.55,7.55,1044
SONASTEER,20110708,16.35,16.65,16.25,16.4,55969
SONATSOFTW,20110708,44.25,44.6,42.75,42.9,208822
SOTL,20110708,572.75,572.75,555,565,4416
SOUISPAT,20110708,8.6,8.85,8.25,8.35,159107
SOUTHBANK,20110708,24.2,24.45,23.9,24.25,5338115
SPANCO,20110708,144.9,144.9,138.75,140.25,55428
SPARC,20110708,99.55,99.95,96.25,96.9,173958
SPECTACLE,20110708,17,17,16.5,16.5,3
SPENTEX,20110708,13.15,14.45,13.15,14.05,7733
SPIC,20110708,32.9,34.6,32.45,33.35,3102546
SPICEMOBIL,20110708,115.5,117,107.25,110.45,80396
SPLIL,20110708,3.9,3.9,3.8,3.85,2003
SPMLINFRA,20110708,174,203.55,168.5,184.05,132429
SPYL,20110708,29.9,31.45,29.9,30.3,6760
SREINFRA,20110708,44,44.65,43.25,43.6,600194
SRF,20110708,313.45,313.8,305,309.1,46023
SRGINFOTEC,20110708,0.55,0.6,0.55,0.55,45251
SRHHLINDST,20110708,3.8,3.85,3.8,3.85,387
SRHHYPOLTD,20110708,43,43,42.6,42.6,200
SRICHAMUND,20110708,42.5,42.5,42.5,42.5,10
SRTRANSFIN,20110708,676.5,684.85,669,672.5,279403
SSWL,20110708,287.45,293,281,281.65,24615
STAR,20110708,358.5,365,355,358.5,358472
STARPAPER,20110708,22.25,23.25,21.95,22.6,6053
STCINDIA,20110708,221.95,221.95,211.6,212.85,62992
STER,20110708,169.7,169.95,161,163.4,6449473
STERLINBIO,20110708,91.3,92.25,88,90.15,688375
STERTOOLS,20110708,115.9,118.9,115.9,118.9,311
STRTECH,20110708,56.1,56.4,54.8,55.2,711417
SUBEX,20110708,59,59.6,57.3,57.6,591163
SUDAR,20110708,107.1,108,104.5,105.65,21768
SUDARSCHEM,20110708,779,784,761.75,770,689
SUJANATOW,20110708,33.5,33.95,31.45,32,1250544
SUJANAUNI,20110708,5.9,5.9,5.7,5.75,18914
SUMEETINDS,20110708,38.75,39.4,37.4,37.9,230765
SUMMITSEC,20110708,84,100,84,86,579
SUNCLAYTON,20110708,164.8,164.8,149,149.5,8457
SUNDARAM,20110708,42.9,43.2,42.55,42.9,155349
SUNDARMFIN,20110708,556,561.85,543.2,549.8,7304
SUNDRMBRAK,20110708,164.8,169,164.8,165.8,1324
SUNDRMFAST,20110708,66,66.75,63.1,64.4,67928
SUNFLAG,20110708,27.1,28,26.9,27.8,52840
SUNILHITEC,20110708,120.6,122.4,119,119.8,7164
SUNPHARMA,20110708,507,512.5,500.9,502.8,321608
SUNTECK,20110708,290,309.8,290,293.3,38644
SUNTV,20110708,315,320,311.05,317,2946226
SUPER,20110708,248.5,248.5,226.05,231.95,3446
SUPERSPIN,20110708,8.55,8.55,8,8,13502
SUPPETRO,20110708,65,67.9,65,66.55,29417
SUPRAJIT,20110708,19.5,20,19.45,19.5,7931
SUPREMEIND,20110708,186,186.5,183,184.1,51813
SUPREMEINF,20110708,265.95,265.95,260.1,261.35,4174
SURAJDIAMN,20110708,47.4,48.65,47.4,48.15,30726
SURANACORP,20110708,96,96,96,96,92
SURANAIND,20110708,344.55,370,344.55,365.1,4829
SURANAT&P,20110708,15.5,16.05,15.5,15.6,970
SURANAVEL,20110708,40.4,41,40.25,40.5,3050
SURYAJYOTI,20110708,30.8,31.4,29.05,29.15,34370
SURYALAXMI,20110708,69.05,70.8,69.05,70.1,4281
SURYAPHARM,20110708,21.55,21.55,21,21.1,87357
SURYAROSNI,20110708,84.6,85,83,83.35,7703
SUTLEJTEX,20110708,199.7,204,199.7,201.1,2280
SUVEN,20110708,20.45,20.65,20,20.1,21795
SUZLON,20110708,52.2,52.95,51.8,52,14306306
SWARAJENG,20110708,453,459.85,445.1,451.05,1862
SYMPHONY,20110708,1305,1305,1270,1275.6,474
SYNCOM,20110708,22.45,22.75,22,22.15,31260
SYNDIBANK,20110708,118,120.3,117,118.75,867238
TAINWALCHM,20110708,32.9,33.25,31.5,31.9,2306
TAJGVK,20110708,104.3,104.35,102.1,102.35,13622
TAKE,20110708,40,40.3,39,39.2,21654
TALBROAUTO,20110708,54.75,55,54,54,266
TALWALKARS,20110708,256.85,261,249.35,250.65,124056
TANFACIND,20110708,33.1,33.1,25.9,30.3,2604
TANLA,20110708,15.25,16.7,15.25,16.15,849071
TANTIACONS,20110708,66.3,67.5,66.3,66.45,4467
TARAPUR,20110708,20.15,20.4,20.1,20.1,8321
TATACHEM,20110708,387,387,378.4,379.5,129010
TATACOFFEE,20110708,883.05,887.5,857.3,859.6,322916
TATACOMM,20110708,219,219.5,210.6,211.75,178597
TATAELXSI,20110708,257.7,258.8,250.05,251.05,74322
TATAGLOBAL,20110708,104.8,105.7,98.35,100,1037626
TATAINVEST,20110708,500,504,497.45,499.5,6670
TATAMETALI,20110708,105.5,106.8,102,102.35,19296
TATAMOTORS,20110708,1057,1074.3,1046,1054,1886461
TATAMTRDVR,20110708,584.95,607.45,574.9,592.65,928311
TATAPOWER,20110708,1314,1326,1281.4,1290.65,809115
TATASPONGE,20110708,355.05,356.9,345.55,346.85,5193
TATASTEEL,20110708,606,606,592.1,594.9,4050786
TCI,20110708,94.9,95,91.65,92.45,13248
TCIDEVELOP,20110708,185.15,194.8,185,187.15,418
TCIFINANCE,20110708,54,54.75,53,54,4147
TCS,20110708,1196,1205,1169.25,1171.65,1706030
TECHM,20110708,741.65,750,733.15,735.65,149894
TECHNO,20110708,235,238,227,229.55,7466
TECHNOFAB,20110708,140,141,134.3,135.35,11515
TECPRO,20110708,280,282.75,273.1,279.7,58911
TELEDATAIT,20110708,0.35,0.4,0.35,0.35,275671
TEXMACOLTD,20110708,32.5,33.1,31.65,32.05,91742
TEXMOPIPES,20110708,35.25,40.8,35.25,37.7,315076
TEXRAIL,20110708,94.5,94.85,92.15,92.5,57663
TFCILTD,20110708,30,30.45,29.25,29.85,191003
TFL,20110708,16.5,16.5,14.8,15.05,413
THANGAMAYL,20110708,156.8,157.35,152.7,153.7,20623
THEMISMED,20110708,156.25,159,155,155.2,195
THERMAX,20110708,600,618,598,609,229895
THINKSOFT,20110708,51.85,51.85,49.7,49.95,31981
THIRUSUGAR,20110708,98.55,99.75,98.1,99.65,218
THOMASCOOK,20110708,51.25,51.25,50,50.15,137451
TI,20110708,45.4,46.2,43.25,43.65,216053
TIDEWATER,20110708,7699,7750,7415.15,7480.15,4222
TIIL,20110708,54,55,53.65,54,8881
TIL,20110708,444,467,443,446.5,10532
TIMBOR,20110708,42.95,42.95,42.95,42.95,10894
TIMESGTY,20110708,34,36,33.85,33.95,4781
TIMETECHNO,20110708,70.45,70.9,68,70.25,80736
TIMKEN,20110708,227.65,228.75,222.25,223.65,81607
TINPLATE,20110708,61,61.2,59.65,59.9,35521
TIPSINDLTD,20110708,28.2,29.45,27.75,28,32971
TIRUMALCHM,20110708,97.2,100.5,97.2,99.7,718
TITAN,20110708,229,231.85,225.55,226.15,2589148
TNPETRO,20110708,18,18,16.85,16.9,60234
TNPL,20110708,119.05,119.4,117.5,117.85,26526
TODAYS,20110708,7.3,7.35,7.1,7.1,3816
TOKYOPLAST,20110708,14.35,14.35,14.35,14.35,9
TORNTPHARM,20110708,647,652.8,635.1,649.95,18021
TORNTPOWER,20110708,247,254.2,246.05,248.65,113363
TRENT,20110708,1222.2,1231,1195,1201.3,15985
TRF,20110708,388.8,442.9,388,413.75,1134776
TRICOM,20110708,15.25,15.5,15.1,15.1,3548
TRIDENT,20110708,14.35,14.35,14.1,14.15,36237
TRIGYN,20110708,18.35,18.35,17.9,18.1,2472
TRIL,20110708,262.65,266.6,253.5,255.45,7393
TRIVENI,20110708,37.9,38.65,37.25,37.5,657647
TTKHEALTH,20110708,411.25,419.65,409.25,415.4,6320
TTKPRESTIG,20110708,2847.7,2855.25,2742.1,2753.4,88910
TTL,20110708,26,28.8,26,28.1,16443
TTML,20110708,20.95,21.5,20.45,20.75,6827484
TUBEINVEST,20110708,148.5,153.55,146.7,149.85,260225
TULIP,20110708,160,161.5,156.65,157.45,73689
TULSI,20110708,17.65,17.65,16.3,16.4,135382
TULSYAN,20110708,45.7,46.7,45,46.65,522
TVSELECT,20110708,23,23.8,23,23.65,1188
TVSMOTOR,20110708,53.45,53.5,52.4,52.65,790262
TVSSRICHAK,20110708,330,336.95,330,333.1,656
TVTODAY,20110708,66.3,67.1,65.2,66.8,66717
TWILITAKA,20110708,53.25,55.7,53.1,54.3,52752
TWL,20110708,412.55,415.95,407,408.05,7606
UBENGG,20110708,85,87,83,84.1,176497
UBHOLDINGS,20110708,161.8,162.7,154.1,155.15,76213
UBL,20110708,509.05,509.05,494.05,495.6,87261
UCALFUEL,20110708,88.7,89.85,86.4,86.7,30607
UCOBANK,20110708,92.85,93.8,91.7,91.9,1087096
UFLEX,20110708,220.5,221.15,213.5,214.3,713541
UGARSUGAR,20110708,15.75,16.75,15.5,16,47222
ULTRACEMCO,20110708,983.5,993.95,975.15,981.65,36894
UMESLTD,20110708,23,24,23,23.65,883
UNICHEMLAB,20110708,168,169,163,166.75,12462
UNIENTER,20110708,26.8,26.8,26,26.1,4349
UNIONBANK,20110708,300.55,303.85,299,300.05,741690
UNIPHOS,20110708,159,159.5,153.7,155.05,1177595
UNIPLY,20110708,13.75,13.75,13.4,13.4,1281
UNITECH,20110708,34.75,37,34.75,36.55,50467622
UNITEDBNK,20110708,96.2,99.7,95.6,98.4,246139
UNITY,20110708,62,65.45,62,63.1,58758
UNIVCABLES,20110708,61.05,61.05,59.6,60,2926
UPERGANGES,20110708,56.85,59,56.7,57.9,8680
USHAMART,20110708,55.3,55.4,52,52.95,418736
USHERAGRO,20110708,123.5,124.3,122.6,123,157186
UTISUNDER,20110708,875,875,834.2,834.2,2
UTTAMSTL,20110708,111.6,111.65,107.25,107.7,39571
UTTAMSUGAR,20110708,39.7,40.5,39.5,39.95,17365
UTVSOF,20110708,796.5,824.9,791,797.05,490387
VADILALIND,20110708,162,173.7,159.3,164.15,19103
VAIBHAVGEM,20110708,45,47.3,44.8,45.35,6081
VAKRANSOFT,20110708,400,400,381.05,389.85,54533
VALECHAENG,20110708,99.7,99.7,96.05,96.5,31697
VALUEIND,20110708,20.35,20.35,19.65,19.8,11403
VARDHACRLC,20110708,10.2,10.3,10.15,10.25,23164
VARDMNPOLY,20110708,101,101,95,96.9,86542
VARUN,20110708,219.95,222.5,214,216.65,56863
VARUNSHIP,20110708,25,25.15,24.35,24.45,47514
VASCONEQ,20110708,78.3,79.9,75.65,76.55,16247
VENKEYS,20110708,630.85,638.7,614,617.35,38975
VENUSREM,20110708,197.9,198,191.1,192.35,3346
VESUVIUS,20110708,412.5,416,402.4,403.95,3839
VGUARD,20110708,233.5,234.5,229.5,231,101585
VHL,20110708,465.5,469.75,460,465.45,630
VICEROY,20110708,31.65,31.9,30.7,30.8,14567
VIDEOIND,20110708,195.35,204.65,194.3,200.55,597450
VIJAYABANK,20110708,71.5,71.9,69.65,70,2019648
VIJSHAN,20110708,19.5,20.5,19.5,20.2,958
VIKASHMET,20110708,12.15,13.1,12,12,1988832
VINATIORGA,20110708,72.6,74,72.1,72.4,22352
VINDHYATEL,20110708,175.2,178,173.15,173.55,781
VINYLINDIA,20110708,12.8,12.8,12.45,12.7,2152
VIPIND,20110708,863,888.9,842.6,846.7,1314726
VIPUL,20110708,11.5,11.5,11.3,11.5,1207
VISAKAIND,20110708,105.05,105.55,103.25,104.85,4021
VISASTEEL,20110708,59,59.5,59,59,29730
VISESHINFO,20110708,8.95,8.95,8.9,8.9,4963
VISHALRET,20110708,34.6,35.15,33.35,34.95,107343
VISUINTL,20110708,2.95,3.1,2.95,3,24247
VIVIMEDLAB,20110708,299.15,299.15,282.3,284.45,22711
VLSFINANCE,20110708,15.15,15.15,14.2,14.2,4215
VOLTAMP,20110708,528.9,528.9,515,519.2,15095
VOLTAS,20110708,166.6,167.5,163.65,165.1,677594
VSTIND,20110708,1046.15,1054.4,999,1024.65,22394
VSTTILLERS,20110708,551,567,547,551,12605
VTL,20110708,225.15,232,225.05,226.6,4197
VTXIND,20110708,17.45,17.45,17,17,2100
WABAG,20110708,1291,1299,1285,1289.9,65429
WABCO-TVS,20110708,1116.1,1164.9,1084.95,1150.05,2937
WALCHANNAG,20110708,127.5,131.65,126.5,127,121366
WANBURY,20110708,31.65,32.5,30.4,31.2,28061
WEBELSOLAR,20110708,63.95,63.95,60.75,61.05,28390
WEIZMANIND,20110708,12.4,12.4,11.9,12.05,4031
WELCORP,20110708,171.15,176.8,171.15,171.9,202303
WELINV,20110708,62.85,68,62.85,63.45,122
WELPROJ,20110708,67.15,67.2,65.15,65.5,23328
WELSPUNIND,20110708,43.9,43.9,42.35,42.85,47820
WENDT,20110708,1569,1569,1480,1488.6,652
WHEELS,20110708,274.7,274.7,266,266.1,40
WHIRLPOOL,20110708,264.55,270.5,260.8,262.65,71592
WILLAMAGOR,20110708,54.4,57.85,50.35,50.7,1440
WINSOMYARN,20110708,3.45,3.55,3.25,3.4,9810
WIPRO,20110708,431,435,350,431.5,1154821
WOCKPHARMA,20110708,399.75,406.8,393.7,395.2,155422
WSI,20110708,18.4,19.35,18.4,19,1925
WSTCSTPAPR,20110708,84.8,85.5,84.2,84.8,27501
WWIL,20110708,9.05,9.25,8.9,8.9,962112
WYETH,20110708,910.5,999,910.5,978.9,3358
XLENERGY,20110708,9.05,9.4,9.05,9.25,38133
XPROINDIA,20110708,53.9,53.9,52.35,52.45,2657
YESBANK,20110708,327.15,328.1,320.2,322.25,1209849
ZANDUREALT,20110708,2220,2265,2133.1,2151.95,1730
ZEEL,20110708,133,133.45,127.8,128.3,2580582
ZEELEARN,20110708,21.4,22.2,20.9,21.25,813133
ZEENEWS,20110708,12,12.1,11.85,12,575269
ZENITHBIR,20110708,6.8,6.9,6.7,6.75,592023
ZENITHCOMP,20110708,20.2,20.55,19.05,19.15,12647
ZENITHINFO,20110708,205,209,205,207.2,688
ZENSARTECH,20110708,165.1,166.7,162.3,162.9,16909
ZICOM,20110708,39.2,40.2,39.1,39.45,14187
ZODIACLOTH,20110708,364,367.95,358.15,360.95,202
ZODJRDMKJ,20110708,24,24.9,22.95,23.1,836
ZUARIAGRO,20110708,670,683.8,670,680.4,15980
ZYDUSWELL,20110708,745,745,699,703.1,37226
ZYLOG,20110708,410,413.7,401.2,404.8,116119
NSENIFTY,20110708,5734.65,5740.40,5651.05,5660.65,129276449,5659.53
NIFTYJUNIOR,20110708,11492.70,11526.10,11339.55,11356.75,86050317,1993.67
BANKNIFTY,20110708,11431.95,11451.25,11270.00,11285.15,13657343,1319.80
NSEMIDCAP,20110708,8176.05,8195.85,8107.25,8115.90,113093776,1599.48
NSEIT,20110708,6793.00,6835.25,6714.00,6723.85,11587450,631.28
NSE100,20110708,5650.35,5652.60,5566.00,5574.40,215326766,7653.20
NSE500,20110708,4610.90,4611.40,4549.70,4554.80,478459259,10583.62
MIDCAP50,20110708,2510.35,2515.70,2483.75,2487.25,74796964,832.71
VIX,20110708,18.62,18.79,18.02,18.67,18.62,0.05
