20MICRONS,20111108,67.4,67.4,65.3,66,83913
3IINFOTECH,20111108,25.65,25.65,24.2,24.75,1057288
3MINDIA,20111108,4363,4463,4350,4421.15,304
A2ZMES,20111108,171.95,171.95,166.6,168.1,80455
AANJANEYA,20111108,423.65,461.4,423.65,447.65,295936
AARTIDRUGS,20111108,97.5,98,95.85,96.8,4573
AARTIIND,20111108,48.25,48.45,47.8,48.05,16724
AARVEEDEN,20111108,35,38,34.5,34.95,391
ABAN,20111108,430,439,425.6,435.85,923786
ABB,20111108,681,717.3,672,710.3,774039
ABBOTINDIA,20111108,1526.55,1550,1519.95,1531.1,1737
ABCIL,20111108,93.4,93.4,90.55,91.65,4823
ABGSHIP,20111108,419.5,421.95,413.55,417.8,307802
ABHISHEK,20111108,9.25,9.4,9,9.05,1109
ABIRLANUVO,20111108,912.2,945.9,912.2,933.85,56092
ACC,20111108,1224,1229.75,1211.45,1218.6,176541
ACE,20111108,39.5,39.5,38,38.8,71621
ACKRUTI,20111108,192,196,181.65,188.25,9215
ACROPETAL,20111108,13.7,13.7,13.45,13.65,89862
ADANIENT,20111108,464.8,464.8,458.1,462.25,365331
ADANIPOWER,20111108,86,87,85.45,85.8,133858
ADFFOODS,20111108,55.7,56.55,55.15,55.55,6076
ADHUNIK,20111108,42.8,43.5,41.6,43.2,190821
ADORWELD,20111108,142,142.95,140.6,141.95,1670
ADSL,20111108,34.4,35.35,31.15,31.9,124775
ADVANIHOTR,20111108,31.35,34.6,31.35,34.6,252
ADVANTA,20111108,410,410,390.25,394.3,16419
AEGISCHEM,20111108,179,181.5,178.9,179.75,7250
AFL,20111108,40.45,40.95,40.15,40.15,617
AFTEK,20111108,14.4,15.35,13.95,15.1,821305
AGCNET,20111108,141.3,150.95,141.3,144.1,389
AGRE,20111108,40.55,40.55,39.5,40.15,4945
AGRODUTCH,20111108,7,7.1,6.7,7,15281
AHLEAST,20111108,306,309.95,302,306.8,422
AHLUCONT,20111108,104,105.05,103.5,104.75,2279
AHLWEST,20111108,150.9,151.5,150.9,151.25,3
AHMEDFORGE,20111108,104.5,106.05,103.5,104.4,6217
AIAENG,20111108,310,311,305.95,309.55,27096
AJANTPHARM,20111108,341.5,352.6,335,349.25,24488
AJMERA,20111108,119.5,120.9,115.35,116.15,17741
AKSHOPTFBR,20111108,6.55,6.55,6.2,6.2,29365
AKZOINDIA,20111108,875,875,850,859.65,53864
ALBK,20111108,170,173.6,168,172.65,1106189
ALCHEM,20111108,258.95,258.95,257.9,258.3,109396
ALEMBICLTD,20111108,18.25,18.5,18.2,18.25,14424
ALFALAVAL,20111108,2310,2310,2260,2274.4,4637
ALKALI,20111108,42.2,47.4,41.25,47.3,493933
ALKYLAMINE,20111108,94.25,97.45,94,96.1,1545
ALLCARGO,20111108,144.6,146.8,138.5,140,15186
ALLSEC,20111108,13.6,13.6,13.25,13.5,1421
ALMONDZ,20111108,22,25,22,24.8,1723
ALOKTEXT,20111108,20.2,20.25,19.7,20,2716764
ALPA,20111108,8,8.3,8,8.05,1302
ALPHAGEO,20111108,84.5,85.7,83.85,84.1,2251
AMAR,20111108,128,129.9,125.35,126.85,192564
AMARAJABAT,20111108,218,222,212,217.55,41965
AMARJOTHI,20111108,56,56,53.05,54,399
AMBIKCO,20111108,192,192,185.3,190,695
AMBUJACEM,20111108,161.25,164.4,160,162.9,2650149
AMDIND,20111108,18.15,18.15,17.3,17.8,2160
AMRUTANJAN,20111108,784.4,854.8,781,830.7,1147970
AMTEKAUTO,20111108,128,128,122,122.8,563228
AMTEKINDIA,20111108,141.25,148,141.25,144.3,95106
ANANTRAJ,20111108,57.9,59,56.1,57.9,429359
ANDHRABANK,20111108,118.85,119.7,115.95,117.05,696407
ANDHRSUGAR,20111108,120.05,122.3,120,121.15,32241
ANGIND,20111108,19.6,19.6,18.85,18.85,1151
ANIKINDS,20111108,34.5,35.45,34,34.5,1007
ANSALAPI,20111108,37,37.4,36.15,36.35,30311
ANSALHSG,20111108,40.5,40.5,38.8,39.95,807
APARINDS,20111108,147,147.9,142.05,144.2,3121
APCOTEXIND,20111108,159,163.95,153.65,158,1125
APIL,20111108,536,541.45,530.8,534.9,33282
APLAB,20111108,31.55,31.55,31.55,31.55,46
APLLTD,20111108,44.75,48.8,44.75,48.4,108426
APOLLOHOSP,20111108,543.05,588,543.05,576.55,308912
APOLLOTYRE,20111108,57,60.35,56.1,59.85,3117251
APPAPER,20111108,195,209.4,175.1,190.05,113557
APTECHT,20111108,125.7,127.8,123.8,125.3,366976
AQUA,20111108,13.55,14.1,13.55,13.65,203847
ARCHIES,20111108,36.3,37.4,36.3,36.8,19199
AREVAT&D,20111108,215,221.45,213.2,220.15,259077
ARIES,20111108,92.5,93.5,90.6,92.2,2198
ARL,20111108,2.15,2.2,2.1,2.15,103502
AROGRANITE,20111108,38.5,38.5,37.35,38,351
ARROWTEX,20111108,9.1,9.35,8.95,9.3,400
ARSHIYA,20111108,164,167.85,160.15,165,242829
ARSSINFRA,20111108,329.05,340.9,328.05,335.65,260083
ARVIND,20111108,107.1,109,107,107.65,1204684
ASAHIINDIA,20111108,64.6,64.6,63.35,63.55,6279
ASAHISONG,20111108,103.8,103.8,96.3,96.55,2431
ASAL,20111108,52.25,52.4,51,52,6834
ASHAPURMIN,20111108,16,16.95,16,16.3,23424
ASHCONIUL,20111108,1.95,2.25,1.95,2.25,29023
ASHIANA,20111108,170.35,173,163.1,166.15,3648
ASHIMASYN,20111108,5,5.05,5,5,1729
ASHOKA,20111108,239,240,238,238,501
ASHOKLEY,20111108,27.75,28.1,27.2,27.4,3302159
ASIANHOTNR,20111108,183.35,183.35,180,180,47
ASIANPAINT,20111108,3215.05,3256,3152,3160.2,69140
ASIANTILES,20111108,42,42.35,41.05,42.2,188
ASIL,20111108,2.1,2.1,2.1,2.1,1000
ASSAMCO,20111108,10.9,11,10.7,10.95,55806
ASTEC,20111108,33.55,33.95,32,32.9,11389
ASTERSILI,20111108,14.25,14.35,13.15,13.35,19250
ASTRAL,20111108,188,188,185.05,187.25,17332
ASTRAMICRO,20111108,38.6,39.85,38.25,38.8,108133
ASTRAZEN,20111108,1265,1348.9,1265,1326.05,1725
ATFL,20111108,414,414,406.25,407.75,1818
ATLANTA,20111108,69.45,71.5,68,70.15,250969
ATLASCYCLE,20111108,344.8,347.5,339.2,341.7,20895
ATNINTER,20111108,0.9,1,0.9,0.95,10151
ATUL,20111108,190.8,192.85,188.25,190.15,20411
AURIONPRO,20111108,135,137,130.5,136.95,15
AUROPHARMA,20111108,128.9,128.9,122.55,123,1777202
AUTOAXLES,20111108,381.5,383.95,375.1,378.05,1320
AUTOIND,20111108,100.25,101.95,94.5,96.15,63855
AUTOLITIND,20111108,14.3,14.95,14.3,14.75,690
AVENTIS,20111108,2340,2369,2330,2349.55,2295
AVTNPL,20111108,427.5,434.3,411,423.05,1766
AXIS-IT&T,20111108,93.55,101,93.55,100.15,28204
AXISBANK,20111108,1139,1153.9,1129.3,1140.35,1569232
AXISGOLD,20111108,2770,2827,2770,2807.1,1260
BAGFILMS,20111108,5.55,5.7,5.4,5.45,82647
BAJAJ-AUTO,20111108,1738,1753.9,1717.15,1724,186399
BAJAJCORP,20111108,98.55,100.75,98.55,100.05,38021
BAJAJELEC,20111108,196,197.9,192.25,195.85,40103
BAJAJFINSV,20111108,532,542.4,531.25,535.1,30188
BAJAJHIND,20111108,34.8,34.8,33.05,33.7,5953792
BAJAJHLDNG,20111108,751,755,746,752.65,18781
BAJFINANCE,20111108,700,710,691.35,696.6,9993
BALAJITELE,20111108,31.4,32,31.1,31.65,42149
BALAMINES,20111108,36.1,38.4,36.1,37.85,6297
BALKRISIND,20111108,187,189,185.1,188.15,2158
BALLARPUR,20111108,26.3,26.65,26.15,26.25,201189
BALMLAWRIE,20111108,594.35,600,588.2,594.15,6774
BALPHARMA,20111108,21.35,22.3,21.25,22.15,2920
BALRAMCHIN,20111108,53.9,53.95,52.5,52.85,697240
BANARISUG,20111108,585,585,575,582.2,324
BANCOINDIA,20111108,73,73.45,71,72.95,3526
BANG,20111108,21,21.7,20.5,20.9,2345
BANKBARODA,20111108,817.85,825,802.5,818.75,247018
BANKBEES,20111108,1003.48,1003.48,985,997.97,820
BANKINDIA,20111108,346.9,346.9,321,327.8,3017845
BANSWRAS,20111108,89,89,86,88.85,9527
BARTRONICS,20111108,52,53.45,50.15,50.8,102683
BASF,20111108,608.95,625,599.1,616.8,6505
BASML,20111108,62.6,63.75,62.5,63.25,10105
BATAINDIA,20111108,723.85,727.3,708.35,711.7,196257
BATLIBOI,20111108,16.1,16.9,16.1,16.6,157
BAYERCROP,20111108,827,852,827,837.9,2140
BBL,20111108,701.15,710,700.05,702.7,670
BBTC,20111108,463,463,448,451.5,4409
BEDMUTHA,20111108,102.5,111.9,100.1,105.9,104062
BEL,20111108,1577.95,1591.9,1560,1580.95,3796
BELLCERATL,20111108,12.85,12.9,12.3,12.4,102
BEML,20111108,554.7,556.5,546.4,548.05,68568
BEPL,20111108,24,25,23.15,23.6,566
BERGEPAINT,20111108,105.9,109,105,108.1,233446
BFINVEST,20111108,50.6,55,50.2,51.05,9617
BFUTILITIE,20111108,513,524.2,513,517.7,607977
BGLOBAL,20111108,11.65,12,11.55,11.8,18278
BGRENERGY,20111108,345.9,347,334.85,336.75,239385
BHAGWATIHO,20111108,75,76,74.05,75.35,4237
BHAGYNAGAR,20111108,17,18.55,16.4,18.15,13472
BHARATFORG,20111108,297,299.5,288.05,290.35,280362
BHARATGEAR,20111108,57.8,57.8,53.7,54.4,14989
BHARATRAS,20111108,108,111.9,106.9,108.1,85
BHARTIARTL,20111108,397,402.3,395.15,397.15,3987770
BHARTISHIP,20111108,99,99.85,98.1,99.45,72440
BHEL,20111108,335,338,333.85,335.1,1739271
BHUSANSTL,20111108,338,341.9,334.35,339.5,168303
BIL,20111108,57.5,66.5,55.75,64.6,60307
BILPOWER,20111108,81,95,78.1,89.85,30243
BIMETAL,20111108,260,271,255,264.55,196
BINANIIND,20111108,132.3,132.95,128.8,129.45,13010
BINDALAGRO,20111108,60.2,62.45,60,61.25,138403
BIOCON,20111108,348,349.5,344.4,346.3,92952
BIRLACORPN,20111108,330,330,320.4,324.6,32767
BIRLACOT,20111108,0.4,0.4,0.35,0.35,495315
BIRLAERIC,20111108,13.05,13.5,12.6,13,2770
BIRLAPOWER,20111108,0.7,0.7,0.65,0.7,1120181
BLBLIMITED,20111108,4.25,4.25,3.8,3.8,9194
BLISSGVS,20111108,23.15,24.95,22.75,23.4,202242
BLKASHYAP,20111108,11,11.1,10.6,10.85,53884
BLUECHIP,20111108,0.85,0.9,0.85,0.9,22428
BLUEDART,20111108,1570,1599.4,1569.95,1571.7,10131
BLUESTARCO,20111108,201.4,203.65,198.75,199.75,9017
BLUESTINFO,20111108,70,71.5,70,70,878
BOC,20111108,309,313.25,308,311.65,1761
BODALCHEM,20111108,20.25,20.25,19.5,19.6,469
BOMDYEING,20111108,418.8,420.45,410.15,411.7,159643
BOSCHLTD,20111108,7015,7224,6985.55,7199.9,14946
BPCL,20111108,626,626,601.1,603.45,492217
BPL,20111108,19.75,22.45,19.6,20.75,146672
BRANDHOUSE,20111108,14.85,15.05,14.5,14.65,16745
BRFL,20111108,291.2,292.9,291.05,291.85,344801
BRIGADE,20111108,65.6,66,63.7,64.3,16073
BRITANNIA,20111108,468,474.3,468,472.05,14545
BROADCAST,20111108,7.6,7.6,7,7,1801
BROOKS,20111108,21.15,21.95,20.95,21.2,49018
BSELINFRA,20111108,3.65,3.65,3.45,3.5,22491
BSL,20111108,22.5,23.15,22.5,23.15,522
BSLGOLDETF,20111108,2800,2877.95,2800,2855.7,516
BSLNIFTY,20111108,52.99,52.99,52.99,52.99,46
BSTRANSCOM,20111108,105.9,123.95,105,118.9,77133
BVCL,20111108,14.3,14.65,14.25,14.6,160
CADILAHC,20111108,767.95,771,759.8,766.8,24780
CAIRN,20111108,307,323,307,321.5,4713110
CALSOFT,20111108,24.7,24.7,23.45,23.45,1193
CAMBRIDGE,20111108,22.7,23,21.05,22.15,2668
CAMLIN,20111108,47,47.25,46.3,46.45,53413
CANBK,20111108,492.5,494.65,480.1,482.1,710172
CANDC,20111108,109,111.85,107.3,108.1,1677
CANFINHOME,20111108,105,105,102,103.15,1971
CANTABIL,20111108,23.8,24.3,22.5,22.8,12032
CARBORUNIV,20111108,161,175,161,167.95,139794
CAROLINFO,20111108,150,152,147.1,148.3,475
CASTROL,20111108,471.8,476.55,467.5,473.85,50818
CCCL,20111108,20,20.5,19.15,20.25,11356
CCL,20111108,166.9,170.9,164,167.85,22243
CEATLTD,20111108,75.5,76.4,73.8,74.7,61396
CEBBCO,20111108,51,56.2,50.1,54.4,405213
CELEBRITY,20111108,5.45,5.95,5.4,5.7,5304
CELESTIAL,20111108,26.45,26.45,24.6,25.15,16345
CENTENKA,20111108,144.1,144.9,142.3,143.65,4291
CENTEXT,20111108,2.65,2.7,2.6,2.6,18572
CENTRALBK,20111108,102.45,103.9,102.45,102.9,207120
CENTUM,20111108,60.45,64.5,60.45,62.05,10
CENTURYPLY,20111108,59.7,60.8,57.55,59.75,41319
CENTURYTEX,20111108,336.95,337.9,325.5,330.6,267696
CERA,20111108,204.75,204.75,199.05,203.9,3668
CESC,20111108,279.25,280.8,276.6,280,78372
CHAMBLFERT,20111108,93.8,93.9,91.5,92.65,933510
CHEMFALKAL,20111108,46.5,46.5,46.5,46.5,163
CHEMPLAST,20111108,5.4,5.45,5.35,5.4,40219
CHENNPETRO,20111108,195.2,198,194.9,196.25,10708
CHESLINTEX,20111108,10.5,10.5,10.25,10.25,210
CHETTINAD,20111108,485,500,482,489.8,505
CHOLAFIN,20111108,152,156.5,152,153.65,1016
CILNOVA,20111108,17.5,17.5,16.35,17,1552
CIMMCO,20111108,75,75,75,75,50
CINEMAX,20111108,35.85,37,35.7,36,13207
CINEVISTA,20111108,3.75,3.75,3.25,3.35,2676
CIPLA,20111108,293.5,293.95,289,290.9,297449
CLASSIC,20111108,9.85,9.85,9.15,9.4,27359
CLNINDIA,20111108,662.35,669.6,659.75,667.15,4731
CLUTCHAUTO,20111108,35,35,33.8,34.4,18182
CMAHENDRA,20111108,167.8,171.4,163.2,170.2,4338
CMC,20111108,866.1,879.8,865,869.9,11474
COALINDIA,20111108,328.45,330.2,326.55,327.3,2300152
COLPAL,20111108,1072.55,1085,1058.65,1068.15,71002
COMPUAGE,20111108,87.85,87.85,84,84.9,362
CONCOR,20111108,977.3,980,965.05,969.45,191501
CONSOFINVT,20111108,58.15,58.9,58.15,58.6,5403
CORAL-HUB,20111108,4.8,5.1,4.8,5.05,10319
CORDSCABLE,20111108,30.25,30.75,29.6,29.95,935
COREEDUTEC,20111108,284.5,284.5,278.5,280,21428
COROENGG,20111108,252.15,252.15,240,248.95,650
COROMANDEL,20111108,334.75,335.5,331,332.05,65622
CORPBANK,20111108,428.1,430.2,427.45,428.45,17680
COSMOFILMS,20111108,88.2,88.85,87.45,88,14811
COX&KINGS,20111108,222.8,224.85,218.55,223.95,70778
CPIL,20111108,285,285,278.5,280.85,3192
CREATIVEYE,20111108,5.05,5.3,5,5.05,1463
CRESTANI,20111108,37.9,37.9,36.1,36.8,7094
CREWBOS,20111108,40.25,40.25,38.1,39,36682
CRISIL,20111108,918,951,914,940.55,73059
CROMPGREAV,20111108,144.95,147.2,142,146.5,993146
CRONIMET,20111108,30,30.05,28.25,28.45,29181
CTE,20111108,10.6,11,10.35,10.4,1667
CUB,20111108,47.95,49,45.7,46.15,345920
CUBEXTUB,20111108,11.45,12,10.55,11.5,1316
CUMMINSIND,20111108,379.9,382.25,375,377.45,137787
CURATECH,20111108,114.5,114.5,95,100.35,377
CYBERMEDIA,20111108,14.1,15.55,14.1,14.7,721
CYBERTECH,20111108,10.85,10.95,10.85,10.95,1108
DAAWAT,20111108,50.3,51.75,49.35,50.3,37300
DABUR,20111108,99.5,100.5,99.5,99.7,337238
DALMIABEL,20111108,107,114.35,106,109.85,11663
DALMIASUG,20111108,16.85,17.8,16.6,17.1,4126
DATAMATICS,20111108,27.35,28.5,27.3,27.5,6029
DBCORP,20111108,219,224,218,218.3,1655
DBREALTY,20111108,70.7,72.15,69.1,70.4,334457
DCB,20111108,45.1,45.25,44.1,44.7,1376517
DCHL,20111108,51.05,51.25,49.25,50.25,197737
DCM,20111108,55.4,55.4,53.25,53.9,12011
DCMSRMCONS,20111108,46.9,46.9,45.45,45.9,10713
DCW,20111108,10,10.25,10,10.15,82133
DECCANCE,20111108,147,147,145.2,145.2,190
DECOLIGHT,20111108,3.55,3.85,3.5,3.85,8929
DEEPAKFERT,20111108,165,166.25,164.95,165,21360
DEEPAKNTR,20111108,164,166.95,160.45,160.45,926
DEEPIND,20111108,75.2,78,75.2,76.45,2582
DELTACORP,20111108,102.1,103.2,100.8,102.5,4704409
DEN,20111108,76.6,77.8,73.5,74.05,77599
DENABANK,20111108,81.2,81.8,79.75,80.15,1509279
DENORA,20111108,88,89.9,87.2,87.95,1126
DENSO,20111108,56.25,56.25,54,54.6,799
DEWANHOUS,20111108,216.3,217.2,213.1,215,42795
DHAMPURSUG,20111108,39.4,39.9,39.25,39.35,52151
DHANBANK,20111108,68.05,69,67.1,67.6,353015
DHANUKA,20111108,111.25,115,103,108.85,281754
DHARSUGAR,20111108,34.5,35.5,34,34.25,323
DIAPOWER,20111108,105,109.3,105,108.85,10093
DICIND,20111108,222.1,227.65,222,225.7,3704
DIGJAM,20111108,9.05,9.4,9.05,9.1,11093
DISHMAN,20111108,50,50.5,48.85,49.1,84626
DISHTV,20111108,76.85,76.85,74.7,75.25,1153358
DIVISLAB,20111108,774.7,774.7,761.1,765,97307
DLF,20111108,247,249.55,238.4,242.75,5019274
DLINKINDIA,20111108,21.15,22.4,21.15,22.05,17423
DOLPHINOFF,20111108,106.9,106.9,103.05,103.3,5070
DONEAR,20111108,22,22.1,20.85,21.7,1446
DPSCLTD,20111108,2309.9,2309.9,2000,2309.9,1041
DPTL,20111108,113.75,114.5,112,113.25,6140
DQE,20111108,32.5,33.35,32.5,33.25,23225
DREDGECORP,20111108,232.5,234.7,228.6,229.9,5852
DRREDDY,20111108,1605.05,1631.85,1601,1623.1,127956
DSKULKARNI,20111108,58.8,59.9,57.15,58.15,5211
DWARKESH,20111108,41.95,41.95,40.25,40.5,3901
DYNAMATECH,20111108,1226.2,1235,1193,1199.25,348
EASTSILK,20111108,6.1,6.1,5.8,5.95,8498
ECEIND,20111108,125,129,125,127.35,2467
ECLERX,20111108,780,795,773,792.7,6108
EDELWEISS,20111108,25.9,27.45,25.9,27.25,663993
EDL,20111108,79.15,79.75,78.15,78.55,7206
EDSERV,20111108,96.55,99.65,96.5,99.15,257089
EDUCOMP,20111108,268,271.5,262,269.05,919323
EICHERMOT,20111108,1743,1762,1720.05,1735.25,4296
EIDPARRY,20111108,225.75,226.7,223.5,225,124188
EIHAHOTELS,20111108,150.1,157.85,150.1,156.75,1464
EIHOTEL,20111108,93.1,93.1,89.8,90.6,75436
EIMCOELECO,20111108,181.95,182,178.25,178.9,532
EKC,20111108,60.8,62.2,60.65,61.35,352671
ELDERPHARM,20111108,397.4,400,392,393.8,50519
ELECON,20111108,69.25,69.9,69,69.35,31723
ELECTCAST,20111108,25.85,27.4,25.85,26.9,285055
ELFORGE,20111108,9.6,9.6,9.6,9.6,602
ELGIEQUIP,20111108,72.1,73,69.5,71.2,132656
ELGIRUBCO,20111108,23,23.15,22.5,23,7989
ELNET,20111108,33.95,34.05,32.25,33.9,8638
EMAMIINFRA,20111108,32,32.75,31.25,31.95,3910
EMAMILTD,20111108,416,433.4,405.25,421.8,139407
EMCO,20111108,47,47,46,46.1,16201
EMKAY,20111108,46.7,47.85,46.45,47,14748
EMMBI,20111108,14.75,15.75,14.75,15.65,20004
EMPEESUG,20111108,16.85,17.85,16.85,17.05,25383
ENERGYDEV,20111108,47.1,49.8,44.5,44.9,17660
ENGINERSIN,20111108,239,249,238.4,246.3,111279
ENIL,20111108,251.2,253,248.45,251.75,10995
EONELECT,20111108,49.25,49.75,43.3,43.9,17563
ERAINFRA,20111108,152.45,153.4,152.1,152.6,239052
EROSMEDIA,20111108,257.65,269.7,257.65,268.15,522751
ESABINDIA,20111108,517.9,518.9,508.5,510.05,1373
ESCORTS,20111108,91.1,91.65,89.65,90.2,1147812
ESL,20111108,5.9,5.95,5.85,5.9,332817
ESSAROIL,20111108,86,87.25,84.85,85.25,1322526
ESSARPORTS,20111108,85.6,90.7,85.6,87.25,264162
ESSDEE,20111108,177.05,178.85,175.25,176.6,14326
ESSELPACK,20111108,36.7,38.5,36.05,37.5,63210
ESTER,20111108,34.2,34.85,32.55,32.55,59912
EUROMULTI,20111108,6.7,6.9,6.55,6.75,3389
EUROTEXIND,20111108,21.25,21.45,20.2,21.45,7976
EVEREADY,20111108,34.8,35.1,34.6,34.75,30143
EVERESTIND,20111108,154.9,161.2,152.15,158.15,79927
EVERONN,20111108,383.45,383.45,378.45,380.45,71520
EXCELCROP,20111108,146.45,147.75,145,145.85,2839
EXCELINDUS,20111108,65.45,68.95,65.25,66.8,401
EXCELINFO,20111108,12.45,12.8,12.4,12.5,15305
EXIDEIND,20111108,125.95,126.4,122.4,123.75,760369
FACT,20111108,34.3,34.65,33.95,34.2,17777
FAGBEARING,20111108,1314.85,1319.75,1301.15,1307.15,468
FAME,20111108,51.4,52,49.5,49.85,4155
FARMAXIND,20111108,3,3.1,2.9,3,102660
FCH,20111108,158,158,152.6,153.8,198955
FCSSOFT,20111108,0.6,0.6,0.55,0.6,838482
FDC,20111108,92.45,93,91.25,91.45,29693
FEDDERLOYD,20111108,63,63.7,62.5,62.7,2886
FEDERALBNK,20111108,420,421.7,410.4,412.8,160174
FIEMIND,20111108,180.1,180.1,172.5,173.25,17616
FILATEX,20111108,47,49.9,46.6,48.25,63607
FINANTECH,20111108,739.8,748.8,726,730.25,74369
FINCABLES,20111108,36.45,37.65,36.35,37.2,87600
FINPIPE,20111108,65,65,62.6,64.15,7719
FIRSTLEASE,20111108,68.5,69,67,68.05,12625
FIRSTWIN,20111108,17.8,17.8,15.5,15.6,1871
FKONCO,20111108,115,119.9,115,117.2,17674
FLEXITUFF,20111108,219.85,262.6,219.85,262.6,1730201
FMGOETZE,20111108,225,226.95,222.95,225.2,1450
FORTIS,20111108,131.45,132.45,129.35,131.55,274610
FOSECOIND,20111108,583,603.9,580,597.65,233
FSL,20111108,11,11,10.7,10.75,566278
FUTUREVENT,20111108,8.9,8.9,8.75,8.75,100991
GABRIEL,20111108,49,49,47.8,48.25,78576
GAEL,20111108,23.4,23.5,22.8,22.85,17299
GAIL,20111108,426.9,426.9,420.1,421.6,213978
GAL,20111108,19.35,21.4,18.3,20.55,101646
GALLANTT,20111108,36.95,37,34.2,35.4,175244
GAMMNINFRA,20111108,14,14.2,13.9,14.05,28369
GAMMONIND,20111108,66.85,66.9,65.05,65.6,13787
GANDHITUBE,20111108,134,134,123,125,623
GANESHHOUC,20111108,117.5,122,117,118.05,5123
GANGOTRI,20111108,4,4.2,4,4.1,3865
GARDENSILK,20111108,70,71.5,68.6,69.55,27944
GARWALLROP,20111108,53.45,53.45,51.75,52.55,10528
GATI,20111108,54.2,54.2,49.25,50.1,541858
GAYAPROJ,20111108,147.9,147.9,141.25,142.4,17527
GDL,20111108,145.55,148,143.7,144.15,56205
GEECEE,20111108,30.5,32,30.3,31.45,10183
GEINDSYS,20111108,147.7,149.9,144.05,144.65,2436
GEMINI,20111108,21.85,23.2,21.4,22.9,47514
GENESYS,20111108,203,203,191.1,195,12964
GENUSPOWER,20111108,13.65,14,13.65,13.85,14265
GEODESIC,20111108,58.9,60.3,55.65,56.05,375050
GEOJITBNPP,20111108,18.4,19.2,18.4,18.85,135300
GEOMETRIC,20111108,46.8,46.8,44.8,45.65,26374
GESHIP,20111108,231.65,232.85,228.4,230.4,17165
GHCL,20111108,35.9,36.5,35.75,35.9,14221
GICHSGFIN,20111108,89.2,90.9,89.1,89.7,41297
GILLANDERS,20111108,88,88,86.25,87.9,1388
GILLETTE,20111108,2200,2200,2150,2165.05,1533
GINNIFILA,20111108,7.6,7.7,7,7.1,94145
GIPCL,20111108,80.45,80.45,78.05,78.55,10970
GISOLUTION,20111108,13.05,14.1,13.05,14.1,961
GITANJALI,20111108,354.75,359.7,350.2,357.45,1902138
GKWLIMITED,20111108,474,474,450,450,50
GLAXO,20111108,2104.8,2104.8,2035,2045.25,19870
GLENMARK,20111108,313.55,323.85,313.05,322,747130
GLFL,20111108,3.5,3.5,2.8,2.95,2693
GLOBALVECT,20111108,18.85,19.05,18.55,18.65,1165
GLOBOFFS,20111108,79,84,79,81.7,5659
GLOBUSSPR,20111108,121,122.55,119.4,120.85,3950
GLODYNE,20111108,333,335,328,331.7,83088
GLORY,20111108,3.3,3.35,3.25,3.3,29621
GMBREW,20111108,76.85,78,76.2,77,2773
GMDCLTD,20111108,191.95,192.7,185,186.1,185221
GMRINFRA,20111108,26.6,26.8,26.3,26.45,2209021
GNFC,20111108,92,92.8,91.55,91.85,172096
GOACARBON,20111108,79.5,80.1,77.25,77.55,1822
GODFRYPHLP,20111108,3375,3418.25,3303.1,3321.4,1198
GODREJCP,20111108,425,426,412.1,415.65,126556
GODREJIND,20111108,209,210.65,205.65,207.15,388765
GODREJPROP,20111108,680,684.3,673.6,681.8,2025
GOENKA,20111108,36.05,37.3,36.05,36.55,2054
GOKEX,20111108,93.5,96.2,91.6,95.3,634
GOKUL,20111108,91.5,93.3,91.5,92.95,1729
GOLDBEES,20111108,2722.25,2751,2722.25,2746.9,210115
GOLDENTOBC,20111108,57,57,55.2,55.45,652
GOLDIAM,20111108,31.25,31.8,31.25,31.8,6
GOLDINFRA,20111108,12.2,12.3,12.2,12.25,450
GOLDSHARE,20111108,2710.15,2731,2708.2,2726.8,13084
GOLDTECH,20111108,7,7.35,6.9,7.25,8170
GPIL,20111108,120.5,121.95,118,121.35,13760
GPPL,20111108,68.25,70,68,68.95,113194
GRANULES,20111108,65,66.7,65,66.2,1057
GRAPHITE,20111108,72.1,73,71.6,72.1,72663
GRASIM,20111108,2519,2529.95,2502.05,2519.9,32701
GRAVITA,20111108,545,563.8,516,520.45,671756
GREAVESCOT,20111108,86.85,86.85,84.2,84.35,29396
GREENPLY,20111108,203.5,209.8,203.25,207.15,1105
GREENPOWER,20111108,14.55,15.35,14.35,14.5,1690742
GRINDWELL,20111108,268.5,277,260.7,267.35,5112
GRUH,20111108,565,602.9,562,598.95,103135
GSFC,20111108,495,504,491.2,500.35,153202
GSKCONS,20111108,2510.1,2567.75,2510.1,2558.05,66361
GSLNOVA,20111108,2.5,2.75,2.5,2.55,6826
GSPL,20111108,102.2,102.75,101,101.8,153993
GSS,20111108,125,125,122.8,124.3,737
GTL,20111108,51,51.1,49.75,50.2,545565
GTLINFRA,20111108,10.5,10.5,10.2,10.25,286394
GTNIND,20111108,12.8,14.5,12.5,12.6,1629
GTNTEX,20111108,12.5,12.55,12.25,12.55,358
GTOFFSHORE,20111108,131.7,136.75,130.4,131.6,211146
GUFICBIO,20111108,6.5,7.25,6.5,7,7007
GUJALKALI,20111108,143.65,145,140.1,143.75,15792
GUJAPOLLO,20111108,132.05,135.9,131.35,132.05,6880
GUJFLUORO,20111108,538.75,538.75,529,532.3,33910
GUJNRECOKE,20111108,24.5,24.5,23,23.1,1311094
GUJNREDVR,20111108,17.25,17.7,17.1,17.3,9764
GUJRATGAS,20111108,437.9,451,417,419.3,160673
GUJSIDHCEM,20111108,9.25,9.35,9.1,9.2,61075
GULFOILCOR,20111108,74.4,75.5,74.4,74.5,6414
GVKPIL,20111108,14,14.05,13.4,13.6,9571979
HALONIX,20111108,67,67.25,65,66,354
HANUNG,20111108,112.95,116.6,112.95,114.8,135346
HARITASEAT,20111108,67,68,65.65,68,41
HARRMALAYA,20111108,80.1,82,80,80.6,8384
HATHWAY,20111108,123.1,124.9,118.1,121.35,315389
HAVELLS,20111108,421,423,408.7,416.55,735343
HBLPOWER,20111108,18.45,19.4,18.45,19,36238
HBSTOCK,20111108,13.6,14,13,13,7750
HCC,20111108,27.1,28.1,27.1,27.55,1366096
HCIL,20111108,55.15,55.15,53,53.65,33542
HCL-INSYS,20111108,63.3,63.75,61.85,62.8,332911
HCLTECH,20111108,437,438.8,427.1,428.45,458955
HDFC,20111108,683,690.3,675.05,679.85,832846
HDFCBANK,20111108,483,487.35,478.5,484.25,2098202
HDFCMFGETF,20111108,2772.05,2816,2761.05,2809.2,11098
HDIL,20111108,102,102.8,98.6,100,6575149
HEG,20111108,207,210,202.5,208.5,20438
HEIDELBERG,20111108,34.5,35.4,33.95,34.45,145096
HELIOSMATH,20111108,24.35,24.6,24.1,24.15,6671
HERCULES,20111108,264.5,267.5,262.5,263.8,42152
HERITGFOOD,20111108,185,185,175.4,177.9,4316
HEROMOTOCO,20111108,2136,2151.6,2111,2119.7,211070
HEXAWARE,20111108,89.9,89.9,87.7,88.75,556927
HFCL,20111108,14,14.25,13.7,13.85,1102659
HGSL,20111108,341,355,341,347.5,1892
HIKAL,20111108,280.05,287.95,278.2,279.85,1883
HILTON,20111108,13.55,14.15,13.55,13.75,640
HIMATSEIDE,20111108,34.5,34.85,33.3,33.85,10032
HINDALCO,20111108,140.25,141.7,137.65,139.85,4602343
HINDCOMPOS,20111108,480,488.2,480,480.15,106
HINDCOPPER,20111108,223.25,229.9,215.5,225.05,289506
HINDDORROL,20111108,37.55,37.55,36.15,36.45,61675
HINDMOTORS,20111108,13.5,13.5,13.1,13.2,104311
HINDNATGLS,20111108,174.85,174.85,172,173.5,126
HINDOILEXP,20111108,120,128.2,118.6,126.85,1731943
HINDPETRO,20111108,337.9,338.05,329.35,332.35,921737
HINDUJAFO,20111108,70.3,73,70.3,71.95,210
HINDUJAVEN,20111108,336,342,329,331.55,1702
HINDUNILVR,20111108,377.6,386.4,377.6,380.7,4298936
HINDZINC,20111108,123.9,124.7,121.9,122.2,346991
HIRECT,20111108,44.85,47,42.5,46.7,818
HITACHIHOM,20111108,163.05,163.8,157,159,46863
HITECHGEAR,20111108,127,131.05,126.05,128.55,1790
HITECHPLAS,20111108,82.95,83.95,80,81.5,1016
HMT,20111108,43,43.3,42.15,42.3,34593
HMVL,20111108,133,140.45,130.5,136.45,10866
HNGSNGBEES,20111108,1300,1300,1300,1300,5
HOCL,20111108,23.25,23.9,22.8,23,30391
HONAUT,20111108,2325,2354,2310,2341.45,1565
HONDAPOWER,20111108,355.65,355.65,352.05,354.8,643
HOPFL,20111108,54,54,52.35,52.6,982
HORIZONINF,20111108,291,292.7,291,292.7,105
HOTELEELA,20111108,40,40.25,39.2,39.3,137581
HOTELRUGBY,20111108,6,6.25,5.95,6.1,31528
HOVS,20111108,57.95,59.8,55.8,56.25,58406
HSIL,20111108,175.8,175.8,172,174.1,57979
HTMEDIA,20111108,141.75,141.75,137.8,138.15,7978
HYDRBADIND,20111108,344.7,353.9,341.1,347.85,6847
HYDROS&S,20111108,19.2,19.9,19.2,19.7,76
IBPOW,20111108,11.3,11.4,10.85,10.9,968299
IBREALEST,20111108,77,78.5,73.75,74.6,3911334
IBSEC,20111108,7.85,8.25,7.75,8.05,1926503
IBWSL,20111108,5.85,5.95,5.55,5.55,325890
ICICIBANK,20111108,884.5,887,870.65,881.3,2644096
ICIL,20111108,10.1,10.1,10.1,10.1,3
ICRA,20111108,973.95,981,962.1,965.7,1669
ICSA,20111108,53.7,54.2,51.7,51.95,126573
IDBI,20111108,115.85,116.4,112.9,114.3,949507
IDEA,20111108,98,98.25,95.3,96.45,2288365
IDFC,20111108,128.5,129.85,125.25,125.6,5594498
IFBIND,20111108,105.55,105.55,97.35,99.3,16903
IFCI,20111108,32.45,32.5,31.5,32,4815737
IFGLREFRAC,20111108,37.5,39.2,37.5,38.4,88609
IGARASHI,20111108,48.75,48.8,40.65,40.7,1648
IGL,20111108,421.55,425,415,421.25,317322
IGPL,20111108,23.35,23.35,22,22,735
IIFLNIFTY,20111108,528.6,529.6,524.45,527.02,5480
IL&FSENGG,20111108,93,93,90,90.75,7243
IL&FSTRANS,20111108,206.95,214.8,202.7,204.7,12892
IMFA,20111108,316,339,316,330.05,247
IMPAL,20111108,628,648.65,628,648,249
INDBANK,20111108,7.8,7.9,7.65,7.8,8357
INDHOTEL,20111108,71.55,71.9,70.6,71,392779
INDIABULLS,20111108,153.9,155,151.5,152.45,1028780
INDIACEM,20111108,81,81.75,79.65,80,595348
INDIAGLYCO,20111108,140.8,143.7,140.5,141.85,27650
INDIAINFO,20111108,71.5,72,70.7,70.9,510377
INDIANB,20111108,219,220,215,216.55,51425
INDIANCARD,20111108,94.7,97,91.35,93.2,778
INDIANHUME,20111108,113.3,119,113.3,114.4,1498
INDLMETER,20111108,64,64,64,64,6
INDNIPPON,20111108,165.35,168.75,165,167.95,1043
INDOCO,20111108,397,397,385,387.3,4700
INDORAMA,20111108,34,34,32.85,32.9,8798
INDOSOLAR,20111108,9.15,9.4,8.9,8.95,79454
INDOTECH,20111108,128.05,131.4,127.1,129.2,1681
INDOTHAI,20111108,21.75,22.4,21,21.25,627411
INDOWIND,20111108,8.9,8.9,8.4,8.45,226497
INDRAMEDCO,20111108,35.9,36.4,35.55,36.05,39857
INDSWFTLAB,20111108,100,108.9,100,107.05,279023
INDSWFTLTD,20111108,32,33.35,31.5,31.85,62286
INDTERRAIN,20111108,115.5,121.45,115.5,119.9,927
INDUSFILA,20111108,14.35,14.35,13.8,13.8,470
INDUSINDBK,20111108,278.5,279.9,270.55,276.25,235520
INEABS,20111108,620,639,605.05,613.75,15252
INFINITE,20111108,98.5,98.8,96,96.5,5551
INFODRIVE,20111108,9,9,8.5,8.6,225
INFOMEDIA,20111108,12.35,12.35,11.9,12.3,3067
INFOTECENT,20111108,124.5,127.5,123.55,124.6,4717
INFRABEES,20111108,268.55,271.5,267.1,271.5,607
INFY,20111108,2815.05,2848,2790.85,2842.1,763417
INGERRAND,20111108,477,485,477,483.2,3393
INGVYSYABK,20111108,331.4,338,331.35,335.25,35410
INNOIND,20111108,93,95.5,92.15,93.15,1233
INOXLEISUR,20111108,52,53,51.65,51.8,41150
INSECTICID,20111108,388.95,397.25,380,383.6,53745
INVENTURE,20111108,160,188,160,174.75,98690
IOB,20111108,108.3,108.3,102.65,103.75,652174
IOC,20111108,298,300.5,294.1,299.3,645844
IOLCP,20111108,32.95,32.95,32.95,32.95,20
IOLN,20111108,7.7,7.85,7.4,7.8,5501
IPCALAB,20111108,269.5,272.75,263.15,268.75,132512
IPGETF,20111108,2780,2825,2750,2822.6,2061
IPRINGLTD,20111108,63.65,63.65,63.65,63.65,300
IRB,20111108,171.15,172,168.4,170.05,510891
ISFT,20111108,50,53.5,50,53.25,4613
ISMTLTD,20111108,34.5,35.85,34.1,34.3,300765
ITC,20111108,210.1,212.1,208.5,210.8,4773131
ITDCEM,20111108,157.95,159.45,155.1,156.15,844
ITI,20111108,24,24.9,23.1,23.3,67259
IVC,20111108,28.95,29.1,28.3,28.95,15258
IVP,20111108,50.35,50.35,50.25,50.3,1600
IVRCLAH,20111108,35,35.3,33.1,33.55,44617
IVRCLINFRA,20111108,41,41.1,38.9,40.05,3768204
J&KBANK,20111108,828,838.95,828,835.2,13299
JAGRAN,20111108,107.15,110.8,107.15,110,31172
JAGSNPHARM,20111108,12.5,12.85,12,12.65,6803
JAIBALAJI,20111108,96,98.3,94,95.7,46234
JAICORPLTD,20111108,93.2,96.9,91.35,92.25,2496115
JAINSTUDIO,20111108,7.6,8.6,7.55,7.7,317
JAMNAAUTO,20111108,119,119.45,117,117.9,1250
JAYAGROGN,20111108,84.05,92,84,86.9,13208
JAYBARMARU,20111108,51.05,54.55,51,51,1507
JAYNECOIND,20111108,18.9,19.25,18.7,18.8,15975
JAYSREETEA,20111108,141,142.5,139.5,140.3,8510
JBCHEPHARM,20111108,76.1,78,76,76.6,22061
JBFIND,20111108,128.2,128.85,125.85,126.3,22928
JBMA,20111108,59.75,61.95,59.75,61.45,227
JCTEL,20111108,1.4,1.5,1.4,1.5,201390
JENSONICOL,20111108,3.8,3.95,3.8,3.85,954
JETAIRWAYS,20111108,258.3,268.6,253.1,267.45,1806573
JHS,20111108,37,37,35.2,35.5,25768
JIKIND,20111108,5.8,6.3,5.7,5.95,3254
JINDALPHOT,20111108,166.05,170,164.15,168.05,27004
JINDALPOLY,20111108,225.2,226.65,220.1,222.15,197261
JINDALSAW,20111108,152.05,154.4,150.05,152.75,199805
JINDALSTEL,20111108,581,583,570,573.45,876150
JINDALSWHL,20111108,618,674.45,605,616.25,88863
JINDCOT,20111108,81.3,94.2,79.5,94.2,289410
JINDRILL,20111108,318,323.95,315,320.8,4111
JINDWORLD,20111108,106,116.6,105.8,107.95,14410
JISLJALEQS,20111108,109.9,122.55,107.05,121.4,7638147
JKCEMENT,20111108,110.95,113.95,109.55,112.6,16395
JKIL,20111108,151.5,158,147.25,149.2,226059
JKLAKSHMI,20111108,46.25,47.3,45.85,46.05,52439
JKPAPER,20111108,39.15,39.35,38.45,38.55,657561
JKTYRE,20111108,75.4,76.45,75.1,76.05,41240
JMCPROJECT,20111108,130,136,129.55,134.15,1829
JMFINANCIL,20111108,18.5,18.9,18.4,18.55,132418
JMTAUTOLTD,20111108,67.9,67.9,61,61.75,1064
JOCIL,20111108,133.05,135.8,123.1,127.1,9797
JPASSOCIAT,20111108,80.5,81.2,78,78.4,14579941
JPINFRATEC,20111108,54.1,54.6,53.05,53.25,1364535
JPPOWER,20111108,36.6,38.3,36.15,37.75,1022493
JSL,20111108,92.45,92.9,89.55,90.2,202757
JSWENERGY,20111108,52.9,52.95,51.8,52.35,696669
JSWISPAT,20111108,13.5,13.55,13.35,13.45,789771
JSWSTEEL,20111108,713.15,717.8,694.4,703.4,1954277
JUBILANT,20111108,212.85,212.85,206,210.3,77868
JUBLFOOD,20111108,810.15,817.9,799.1,803.85,972209
JUBLINDS,20111108,187.45,194.4,187,192.6,8608
JUMBO,20111108,16,16,15.3,15.3,8715
JUNIORBEES,20111108,101.55,102,101.05,101.46,14587
JUPITER,20111108,14.3,14.55,14,14.2,158209
JVLAGRO,20111108,15.55,15.75,14.8,15,8825
JYOTHYLAB,20111108,134.9,135,132.2,134.65,21863
JYOTISTRUC,20111108,62.9,62.9,61.05,61.55,53045
KABRAEXTRU,20111108,40,40.5,39.15,40,1665
KAJARIACER,20111108,119,119,115.25,115.65,36559
KAKATCEM,20111108,71.4,75,71.25,72.35,8010
KALECONSUL,20111108,86,103.75,84.5,103.75,288655
KALINDEE,20111108,122,122,118.8,120,69223
KALPATPOWR,20111108,109.8,109.9,103,106.55,47292
KAMATHOTEL,20111108,134,134,103.2,106.3,168600
KANDAGIRI,20111108,69.95,69.95,69.95,69.95,25
KANORICHEM,20111108,34,34,32.1,32.6,9052
KANSAINER,20111108,840,854.85,839,850.55,1769
KARMAENG,20111108,13.4,13.5,13.4,13.5,97
KARURVYSYA,20111108,399,399.8,392.5,393.25,18420
KAUSHALYA,20111108,7.2,7.7,7.2,7.35,6227
KAVVERITEL,20111108,143,143.8,140,141.85,35074
KBIL,20111108,633,659.45,630,633.85,16
KCP,20111108,27.85,29,27.25,27.75,81141
KCPSUGIND,20111108,20.05,20.35,19.15,19.35,61801
KEC,20111108,55.2,55.95,51.6,52.1,572629
KECL,20111108,31.15,35.5,30.7,34.45,52069
KEI,20111108,17.6,17.6,16.8,17,20623
KEMROCK,20111108,514.05,523.4,506.35,517.75,2479
KERNEX,20111108,100.8,101.35,98.5,99.95,41223
KESARENT,20111108,56.25,57.25,55.25,55.65,2338
KESORAMIND,20111108,122.45,124.9,122.1,122.35,13631
KFA,20111108,23.75,24.2,23.1,23.85,1795478
KGL,20111108,6.1,6.1,5.95,6.1,4432978
KHAITANELE,20111108,95,95,91.45,91.75,216
KHAITANLTD,20111108,19.6,19.6,19.6,19.6,100
KICL,20111108,505,519.05,500,502.6,94
KIL,20111108,14,14.7,14,14.7,259
KILITCH,20111108,61,64.35,61,62.05,396
KINETICMOT,20111108,17.65,18.45,17.4,17.5,5318
KIRIINDUS,20111108,126.45,126.45,122.2,123.1,11018
KIRLOSBROS,20111108,125.6,126,123.05,124.25,6953
KIRLOSENG,20111108,140,141,135.1,140.6,17430
KIRLOSIND,20111108,275,275,270.1,270.45,683
KITPLYIND,20111108,3.7,3.9,3.55,3.65,12700
KKCL,20111108,775.25,782,765.2,775.05,553
KLGSYSTEL,20111108,36,37,35.75,36,11786
KMSUGAR,20111108,2.5,2.8,2.5,2.65,1033
KNRCON,20111108,105,105,103.1,104.45,1311
KOHINOOR,20111108,46,46.5,45,45.3,36339
KOLTEPATIL,20111108,37,37.8,36.8,37.05,131925
KOPDRUGS,20111108,4.95,4.95,4.15,4.25,102
KOPRAN,20111108,19.2,20.5,19.2,19.9,130691
KOTAKBANK,20111108,502.1,505,491.4,499.4,511623
KOTAKGOLD,20111108,2715.55,2760,2715.55,2753.35,32647
KOTAKNIFTY,20111108,540,541,535,541,548
KOTAKPSUBK,20111108,372,372,345,352.99,357
KOTARISUG,20111108,6.2,6.35,6.2,6.2,5738
KOTHARIPET,20111108,7.05,7.75,7.05,7.45,9482
KOTHARIPRO,20111108,496,496.9,478.05,481.65,729
KOUTONS,20111108,21.65,21.95,21.2,21.35,26293
KPIT,20111108,161.75,161.75,157.6,158.1,15735
KPRMILL,20111108,110.6,122,110.6,117.35,9353
KRBL,20111108,24.9,25.3,24.65,24.85,388326
KRISHNAENG,20111108,2.95,3.35,2.9,2.9,981
KSBPUMPS,20111108,204,204,193,193.6,1898
KSCL,20111108,476,478.35,470,475.1,11641
KSE,20111108,227.35,237,227.35,230.1,76
KSK,20111108,101.25,101.65,97.8,98.55,38176
KSL,20111108,49.8,49.8,48.4,48.65,9061
KSOILS,20111108,9.65,9.7,9.2,9.4,3735685
KTKBANK,20111108,89.9,90,87.6,88.75,432136
KWALITY,20111108,180.8,181.6,179.25,181.4,983816
L&TFH,20111108,51.8,51.8,51.1,51.2,360389
LAKPRE,20111108,42.9,42.9,39.55,40.1,1392
LAKSHMIEFL,20111108,19.4,21.2,19.3,19.65,92884
LAKSHMIMIL,20111108,1655,1780.15,1655,1780.15,12
LAKSHVILAS,20111108,100.4,101.5,100.2,100.5,13736
LANCOIN,20111108,30.1,30.4,29.1,29.65,5627
LAOPALA,20111108,125.75,127.55,122.1,124.4,36957
LAXMIMACH,20111108,1940,1943.8,1892.05,1901.95,1614
LCCINFOTEC,20111108,0.5,0.5,0.45,0.5,36757
LGBBROSLTD,20111108,322.15,347,322.15,343.9,7222
LIBERTSHOE,20111108,83,83.95,83,83.45,7384
LICHSGFIN,20111108,240,240.8,231.3,235.2,1291277
LIQUIDBEES,20111108,1000,1000.01,999.99,1000,83424
LITL,20111108,16.9,18.2,16.1,16.25,9334895
LLOYDELENG,20111108,51,51,48.65,49.2,10716
LLOYDFIN,20111108,1,1,0.95,1,2696
LLOYDSTEEL,20111108,12.1,12.85,12.1,12.5,93736
LML,20111108,10.1,10.3,9.7,9.95,378958
LOGIXMICRO,20111108,21.05,21.05,19.2,20.55,14140
LOKESHMACH,20111108,41.5,41.5,40,40,1211
LOTUSEYE,20111108,10,10.45,9.9,10.3,10665
LOVABLE,20111108,500,521.4,500,515.65,1061776
LPDC,20111108,2.65,2.75,2.5,2.55,11688
LT,20111108,1401,1405,1378.55,1392.6,1572009
LUMAXAUTO,20111108,37.6,37.6,35.65,35.65,5216
LUMAXIND,20111108,400,402,392,394,32683
LUMAXTECH,20111108,178,178,173,173.05,2572
LUPIN,20111108,486.7,486.7,479,480.65,503557
LYKALABS,20111108,14.2,14.25,13.85,14.05,2002
M&M,20111108,840,846.5,830.2,835.65,795161
M&MFIN,20111108,670,677.55,667.75,675.9,161903
M100,20111108,7.22,7.39,7.18,7.34,800765
M50,20111108,69.14,71.6,69.14,71.01,128865
MAANALU,20111108,53.6,53.6,49.25,49.25,101
MADHAV,20111108,17.35,18.6,17.25,18.5,3140
MADHUCON,20111108,67.5,69,67.5,67.75,2032
MADRASCEM,20111108,120,120,112,116.25,480396
MADRASFERT,20111108,24,24,23.55,24,36893
MAGMA,20111108,62.35,63,61.1,61.85,7076
MAGNUM,20111108,4.85,5,4.85,5,100
MAHABANK,20111108,50,50.5,49.5,50,144231
MAHINDFORG,20111108,67.4,68,64.95,65.25,11006
MAHINDUGIN,20111108,52.6,54.9,52.6,54.1,27479
MAHLIFE,20111108,308,315.6,304.8,307.8,1287
MAHSCOOTER,20111108,331.05,331.05,323.3,325.1,1230
MAHSEAMLES,20111108,334.95,338.95,332,335.15,7310
MAITHANALL,20111108,104.95,104.95,104,104,2
MALUPAPER,20111108,10.85,11,10.8,10.9,2063
MALWACOTT,20111108,27.05,28.9,26.55,27.2,2631
MANAKSIA,20111108,57.75,58.9,57.6,57.6,20377
MANALIPETC,20111108,11.2,11.2,10.7,11,83747
MANAPPURAM,20111108,61.4,63.3,61,62.35,6511974
MANDHANA,20111108,230.5,249,223,245.9,626564
MANGALAM,20111108,14,14.1,14,14,1510
MANGCHEFER,20111108,32.35,32.35,31.4,31.75,145013
MANGLMCEM,20111108,102.9,102.9,100,102.2,19724
MANGTIMBER,20111108,20.9,20.9,18.6,19.1,645
MANINDS,20111108,117.5,121.2,115.65,120.2,8763
MANINFRA,20111108,126.5,127.25,124.55,125.5,2406
MANJEERA,20111108,87.95,89,86.05,86.05,403
MANJUSHREE,20111108,91.7,92.85,89.25,90.05,25350
MANUGRAPH,20111108,48,52.45,48,48.5,1871
MARALOVER,20111108,12.25,13.05,12.25,12.3,1953
MARG,20111108,85.45,87,85.25,85.75,42307
MARICO,20111108,149.2,150.9,147.65,148.55,657329
MARKSANS,20111108,2.2,2.25,2.15,2.2,91198
MARUTI,20111108,1130,1133.95,1118,1124.15,228195
MASTEK,20111108,87.3,89.65,86.3,88.15,12281
MAWANASUG,20111108,18,18.3,17.7,17.8,2186
MAX,20111108,187.4,188.9,182.15,183.5,44495
MAXWELL,20111108,30,32.15,29.8,32.15,394032
MBECL,20111108,123,123,117.45,117.85,4224
MBLINFRA,20111108,128.25,128.9,124.6,127.4,8428
MBSWITCH,20111108,162.4,175.5,162.4,166.1,843949
MCDHOLDING,20111108,54,55.8,53.55,54.05,14417
MCDOWELL-N,20111108,844.8,880,844.8,874.3,789709
MCLEODRUSS,20111108,245,249.25,243,247.75,194660
MEGASOFT,20111108,14.8,15.4,14.15,15.25,15160
MEGH,20111108,9.8,9.85,9.5,9.5,5034
MERCK,20111108,660,667.9,652.35,663.55,3216
MHRIL,20111108,330,330,326,327.6,8435
MIC,20111108,9.25,9.3,8.9,9.05,194423
MICROSEC,20111108,30.9,32.5,30.25,32.2,41710
MICROTECH,20111108,130.5,131.5,127.45,130,31113
MINDAIND,20111108,184.9,184.9,181.95,181.95,2
MINDTREE,20111108,390,396.8,388,393.75,17813
MIRCELECTR,20111108,20,20.7,19.5,20.4,165227
MIRZAINT,20111108,20.1,20.2,19.25,19.35,90234
MLL,20111108,26.75,26.75,25.95,26.5,402166
MMFL,20111108,100.05,108,100.05,106,7050
MMFSL,20111108,105.9,110,102,107,4679
MMTC,20111108,658.7,668,655,660.1,4007
MOIL,20111108,253.55,255,251.85,252.35,247610
MONNETISPA,20111108,448.7,452,434.2,442.55,32125
MONSANTO,20111108,789.95,794,775.05,783.25,4947
MORARJETEX,20111108,13.7,14,13,13.55,2300
MOREPENLAB,20111108,3.75,3.8,3.75,3.75,112825
MOSERBAER,20111108,25.8,26.3,24.6,25.2,570521
MOTHERSUMI,20111108,189,189,176,176.55,246101
MOTILALOFS,20111108,85.5,86,83.5,85.45,6249
MOTOGENFIN,20111108,38.2,38.7,38.2,38.7,202
MPHASIS,20111108,344,344,337.1,339.25,73648
MPSLTD,20111108,34.05,35,34.05,34.7,3275
MRF,20111108,6750,6850,6686.15,6805.6,8310
MRO-TEK,20111108,11.15,11.15,10.6,10.7,2169
MRPL,20111108,64.65,64.65,63.55,63.7,103566
MSPL,20111108,41.1,42,41.1,41.45,2452
MTNL,20111108,30.9,31.6,30.8,31.05,791154
MUDRA,20111108,23.9,24.4,23.1,23.45,5309
MUKANDENGG,20111108,26.15,27.45,26.15,27,1540
MUKANDLTD,20111108,33,33,31.85,32.05,10455
MUKTAARTS,20111108,36.95,37,36.05,36.9,682
MUNDRAPORT,20111108,165.05,166.7,160.2,161.55,873158
MUNJALAU,20111108,214.05,218.4,193.65,203.3,63563
MUNJALSHOW,20111108,74,75.5,73,73.75,38431
MURLIIND,20111108,23,23,22.05,22.1,645
MURUDCERA,20111108,17.8,17.8,16.9,16.9,2061
MUTHOOTFIN,20111108,181.95,189.4,180.5,188.2,387686
MVL,20111108,30.6,30.6,29,29.6,238742
MVLIND,20111108,13,13,13,13,285
MYSOREBANK,20111108,558,558,548,550.1,983
N100,20111108,112.5,114.88,112.5,113.01,2197
NAGREEKCAP,20111108,22.5,22.5,20.6,21.5,8981
NAGREEKEXP,20111108,20.8,20.8,20.8,20.8,190
NAHARCAP,20111108,57.5,57.8,51.6,52.2,1214
NAHARINDUS,20111108,41.05,41.1,40.75,41.05,394
NAHARPOLY,20111108,23.45,23.45,21.6,22.8,153
NAHARSPING,20111108,59.8,60.9,57.25,58.2,8780
NANDAN,20111108,2.25,2.3,2.25,2.25,10396
NATCOPHARM,20111108,249,249.05,238.35,246.55,12259
NATHSEED,20111108,12,12.2,11.1,11.4,2328
NATIONALUM,20111108,63.6,63.9,63,63.3,52562
NATNLSTEEL,20111108,15.3,16.7,15.3,16.1,12906
NAUKRI,20111108,697,712,690,704.95,13630
NAVINFLUOR,20111108,389.95,389.95,376.4,378.7,6934
NAVNETPUBL,20111108,68.2,68.4,67.05,67.85,84135
NBVENTURES,20111108,181,194.5,180,186.8,11446
NCC,20111108,53.45,56.6,52.8,54.75,858905
NCLIND,20111108,38.25,38.3,37.4,38.05,32822
NCOPPER,20111108,19.75,20.75,19.7,19.95,22502
NDTV,20111108,47.6,47.6,46.5,46.7,34867
NECLIFE,20111108,20.8,20.95,20.35,20.7,15247
NELCAST,20111108,24.5,26.3,24.3,25.1,117949
NELCO,20111108,61.95,62.9,58.3,58.5,33395
NEOCURE,20111108,2.95,3,2.5,2.5,1558
NEPCMICON,20111108,3.5,3.55,3.05,3.3,38047
NESCO,20111108,615,639.1,610.9,629.35,136096
NESTLEIND,20111108,4540,4588.7,4348.7,4364.85,17108
NET4,20111108,159.7,159.95,156.75,157.35,30674
NETWORK18,20111108,62,62.6,56,59.75,46584
NEULANDLAB,20111108,86.05,86.05,83,83.9,1306
NEXTMEDIA,20111108,5,5.6,5,5.45,19329
NEYVELILIG,20111108,81.65,82.5,81.5,82.3,91174
NFL,20111108,70,70.35,68.55,69.2,12782
NHPC,20111108,25.4,25.4,24.3,24.65,1636283
NICCO,20111108,2.3,2.5,2.3,2.45,5855
NIFTYBEES,20111108,535.1,538.9,531.4,537.01,63531
NIITLTD,20111108,48.5,48.5,47.7,48,52599
NIITTECH,20111108,227.95,227.95,223.15,224.5,13107
NILKAMAL,20111108,282,282,270,271.05,9918
NIPPOBATRY,20111108,392.35,393.05,392.35,393,14
NITCO,20111108,49.4,49.85,48.05,48.4,6615
NITESHEST,20111108,17.9,18.05,17.6,17.65,3415
NITINFIRE,20111108,37.65,38.5,37.15,37.55,454303
NITINSPIN,20111108,6.6,6.6,6.25,6.45,15844
NMDC,20111108,232.9,235,228.5,229.7,166160
NOCIL,20111108,16.15,16.4,15.85,16.2,51745
NOIDATOLL,20111108,23.9,24.9,23.6,24.8,617157
NORBTEAEXP,20111108,5.85,5.85,5.5,5.5,1200
NORTHGATE,20111108,11.05,11.95,11.05,11.3,8860
NOVOPANIND,20111108,41.3,41.3,39.65,40.4,475
NRBBEARING,20111108,44,44.5,42.9,43.45,14760
NRC,20111108,4.55,4.55,3.8,4.2,16369
NSIL,20111108,624.9,624.9,602,621.9,37
NTPC,20111108,178.8,180.4,176.65,178.15,1039668
NUCHEM,20111108,2.85,2.95,2.75,2.8,1806
NUCLEUS,20111108,72.75,73.9,70.55,71,6658
NUMERICPW,20111108,207,213.75,203,206.85,4923
NUTEK,20111108,1.3,1.3,1.3,1.3,306685
OBEROIRLTY,20111108,230.1,231.7,228.1,228.65,6238
OCL,20111108,94.5,95,91.15,94.65,6635
OFSS,20111108,2062.35,2088.35,2062.35,2069.75,5507
OIL,20111108,1325,1328,1303,1304.85,32288
OILCOUNTUB,20111108,62,67.85,62,65.8,67242
OISL,20111108,46.5,47.5,46,46,3304
OMAXAUTO,20111108,40.5,41.25,40.15,40.6,3053
OMAXE,20111108,149.5,149.5,146.2,148.1,185314
OMKARCHEM,20111108,65.15,68,65.1,65.3,610
OMMETALS,20111108,30.1,31,30,30.2,8472
OMNITECH,20111108,146.5,149.95,145.5,148.3,6450
ONELIFECAP,20111108,225,236,218.05,220.65,1739219
ONGC,20111108,286,288.05,277,277.8,4113733
ONMOBILE,20111108,68.55,70.7,67.5,68.05,2015268
ONWARDTEC,20111108,39.5,40,39.5,39.95,581
OPTOCIRCUI,20111108,250.5,254,247.35,251.25,213094
ORBITCORP,20111108,34.55,36.3,34,35.55,531029
ORCHIDCHEM,20111108,187.05,187.45,181.65,183.75,929698
ORIENTABRA,20111108,36,40.25,36,38.6,357652
ORIENTALTL,20111108,8.1,8.65,8.05,8.65,385
ORIENTBANK,20111108,308,310,296.1,297.8,426444
ORIENTHOT,20111108,26.5,26.85,26.1,26.3,6109
ORIENTLTD,20111108,85.75,85.8,74.05,76.95,2236
ORIENTPPR,20111108,58.55,60.85,58.55,59,56534
ORISSAMINE,20111108,49399.9,49710,48200,49308.35,1302
OSWALMIN,20111108,44.05,48.45,44.05,44.05,171
OUDHSUG,20111108,19,19.7,18.6,18.95,73261
PAEL,20111108,21.65,23.8,21.65,23.05,208
PAGEIND,20111108,2600,2690,2600,2654.7,3948
PANACEABIO,20111108,105,106,102.05,103.8,7197
PANAMAPET,20111108,225.5,227.9,224,224.5,4887
PANASONIC,20111108,100.6,107,100.6,105,933
PANCARBON,20111108,135.95,141.9,131,135.55,544
PANORAMUNI,20111108,9.9,10.05,9,9.85,16971
PANTALOONR,20111108,193,196,190.4,193.2,324644
PAPERPROD,20111108,77.2,78.25,75.85,76.4,20513
PARABDRUGS,20111108,38.15,39.15,37,38.75,11399
PARACABLES,20111108,2.8,3,2.8,2.8,24970
PARAL,20111108,240,240,236.1,237.95,431
PARAPRINT,20111108,24.7,25.4,24.4,24.7,200915
PARASPETRO,20111108,0.5,0.5,0.45,0.45,3392
PARRYSUGAR,20111108,95,95.4,95,95.25,320
PARSVNATH,20111108,77.5,78,75.15,75.5,1239786
PATELENG,20111108,99,100.4,97,98.05,204166
PATINTLOG,20111108,33.9,34,33,33.95,85677
PATNI,20111108,355.9,363.8,355,361.05,320058
PATSPINLTD,20111108,10.85,11.2,10.8,10.9,2950
PBAINFRA,20111108,45.5,46.45,44.7,45.05,2272
PDPL,20111108,101.8,102,95.75,95.85,3225
PDUMJEIND,20111108,17,17,17,17,1
PDUMJEPULP,20111108,18.35,18.5,17.3,17.95,4156
PEACOCKIND,20111108,3,3.3,3,3.3,1321
PEARLPOLY,20111108,16.05,18.5,15.8,17.25,2705
PENIND,20111108,40,40,38,38.85,5330
PENINLAND,20111108,43.75,43.75,41.65,42.85,13225
PEPL,20111108,2,2.15,2,2.15,10480
PERIATEA,20111108,161,176.8,160.55,169.05,851
PERSISTENT,20111108,351.2,351.2,309.4,310.25,2870
PETRONENGG,20111108,295,304.9,295,301.95,2063
PETRONET,20111108,173.2,174.5,171.25,171.9,1709622
PFC,20111108,164.65,171.45,164.25,170.35,3230446
PFIZER,20111108,1348,1348,1326.5,1337,1020
PFOCUS,20111108,61.6,62.9,60.95,61.6,547323
PFS,20111108,15.2,15.3,15,15.1,30974
PGEL,20111108,211.9,219,210.5,215.9,42350
PGHH,20111108,2150,2160,2065,2128.1,1889
PHILIPCARB,20111108,136.25,144,135.8,137,12294
PHOENIXLTD,20111108,201.6,205.95,198,201.55,51458
PIDILITIND,20111108,166.9,170.75,165.5,168.7,108968
PIIND,20111108,578,578,533,542.8,43562
PIONDIST,20111108,48.75,50.4,47,47,120
PIONEEREMB,20111108,12.05,12.85,12.05,12.8,2286
PIPAVAVDOC,20111108,85.45,85.5,84.7,84.95,3015375
PIRGLASS,20111108,123.9,123.9,119.95,120.5,11502
PIRHEALTH,20111108,363.3,371.8,363.3,368.4,63336
PIRLIFE,20111108,92,95,92,92.6,11507
PITTILAM,20111108,65.9,67,64.85,65.35,26584
PLASTIBLEN,20111108,159,159.55,152.35,159.55,48
PLETHICO,20111108,386.35,386.35,377.05,379.7,101010
PNB,20111108,987.4,987.4,965.6,978.25,245536
PNBGILTS,20111108,26,26,25.1,25.45,26145
PNC,20111108,15.2,15.2,14,14.05,1049
POCHIRAJU,20111108,13.4,14.45,13.4,13.85,3643
POLARIND,20111108,3.8,4,3.7,3.85,6703
POLARIS,20111108,141.85,142.6,137.1,139.1,332287
POLYPLEX,20111108,179,181.5,175,177.6,23057
PONDYOXIDE,20111108,29,29.3,28.2,28.2,6905
PONNIERODE,20111108,77,80,75.25,79.85,385
POWERGRID,20111108,103.85,104,103.4,103.85,519252
PPAP,20111108,79.5,81.5,78.1,80.5,354
PRADIP,20111108,100,103.55,99.3,101.05,99846
PRAENG,20111108,5.75,5.95,5.6,5.7,81203
PRAJIND,20111108,85,85.2,82.75,84.2,989818
PRAKASH,20111108,46.25,46.5,45.15,45.6,102292
PRAKASHCON,20111108,250,284,245.55,276.1,1877866
PRAKASHSTL,20111108,123,129,122.2,126.65,6977
PRATIBHA,20111108,44.65,45,43.55,43.65,17189
PRECOT,20111108,100.95,100.95,94,95.2,3945
PRECWIRE,20111108,90,94.5,90,93.3,1097
PREMIER,20111108,79.1,81.1,79.1,79.8,3235
PRESTIGE,20111108,92.8,94.2,87.2,87.9,240916
PRETAILDVR,20111108,140.95,143,120,135.1,9080
PRICOL,20111108,15.5,15.6,15.15,15.25,12613
PRIMESECU,20111108,17.8,17.8,17.8,17.8,150
PRISMCEM,20111108,46.2,46.65,45.3,45.4,89796
PRITHVI,20111108,19.35,19.95,19.15,19.3,6252
PROVOGUE,20111108,28.7,29.15,28.6,28.75,57738
PSB,20111108,74.55,75.45,74.3,75.25,48585
PSL,20111108,63,64,61.75,62.95,24374
PSUBNKBEES,20111108,340.11,344.65,340,344.64,589
PTC,20111108,72.6,73.85,72.25,73.25,851785
PTL,20111108,40,40,40,40,100
PUNJABCHEM,20111108,73.1,74.35,72.25,72.3,723
PUNJLLOYD,20111108,58,60.15,58,58.95,5531128
PURVA,20111108,78,80.6,76.6,77.4,5618
PVP,20111108,7,7.15,6.2,6.4,122882
PVR,20111108,156,156.7,148.25,149.75,54630
QGOLDHALF,20111108,1351,1385.65,1350,1367.3,1773
QNIFTY,20111108,537.6,537.6,536.75,536.75,20
QUINTEGRA,20111108,3.05,3.35,2.9,2.95,100114
RADAAN,20111108,2.1,2.15,2.05,2.05,8692
RADICO,20111108,124.95,124.95,123.25,123.6,28733
RAINBOWPAP,20111108,63.1,65,63,64.1,71263
RAINCOM,20111108,29.8,30.1,29.25,29.3,131798
RAJESHEXPO,20111108,145.25,147.95,145.25,146.6,414969
RAJOIL,20111108,17.05,18.45,13.6,13.6,1704664
RAJPALAYAM,20111108,203.25,205.7,200.1,205.65,44
RAJRAYON,20111108,9.7,10,9.65,10,731
RAJTV,20111108,70,72.2,68.55,72,32960
RALLIS,20111108,163.3,165.9,162.65,163.85,95418
RAMANEWS,20111108,12.3,12.85,12,12.4,14110
RAMCOIND,20111108,43.6,43.6,42,42.55,20342
RAMCOSYS,20111108,64.95,69.9,58.05,59.95,31139
RAMKY,20111108,228,245,225,240.8,7439
RAMSARUP,20111108,10,10.35,9.8,9.95,12631
RANASUG,20111108,4,4,3.9,3.95,58084
RANBAXY,20111108,505.1,507.2,495,496.8,443770
RANEENGINE,20111108,198,198,191,191,9
RANEHOLDIN,20111108,198.1,204.2,194.15,195.8,5253
RANKLIN,20111108,15.3,15.45,14.75,15.1,3073
RATNAMANI,20111108,102.05,104.75,102.05,102.25,1727
RAYMOND,20111108,373,390,373,386.45,113336
RBL,20111108,110.25,116.95,110.25,114.2,13866
RBN,20111108,65.1,65.95,64,65.15,37657
RCF,20111108,73.2,73.25,72,72.9,151699
RCOM,20111108,83.95,87.25,83.4,86.8,10116037
RECLTD,20111108,196.2,203.8,194.7,202.55,3233044
REDINGTON,20111108,96,96.4,95.05,96.15,31669
REFEX,20111108,14.3,14.3,13.6,13.7,262
REIAGROLTD,20111108,22.65,22.75,21.8,22.2,1430884
REISIXTEN,20111108,19.3,19.5,18.6,18.65,5723
RELAXO,20111108,365,385,365,376.35,9793
RELBANK,20111108,910,922,882,901.62,368
RELCAPITAL,20111108,376.6,377.55,364,375.75,2087980
RELGOLD,20111108,2725,2800,2636.5,2679.2,24197
RELGRNIFTY,20111108,501.1,501.1,501.01,501.05,18
RELIANCE,20111108,879,885,868.5,883.7,2313308
RELIGARE,20111108,439,446,430,435.75,5620
RELIGAREGO,20111108,2749,2835,2749,2827.05,3082
RELINFRA,20111108,461.3,478.35,460.1,475.6,1598325
RELMEDIA,20111108,93.25,95.75,92.9,94.65,316566
REMSONSIND,20111108,29.2,29.65,29.2,29.5,3122
RENUKA,20111108,57.05,57.5,55.6,57,3590361
REPRO,20111108,192,202.9,189,194.7,127401
RESPONIND,20111108,103.5,105.8,103.05,103.6,5670
RESURGERE,20111108,0.35,0.35,0.3,0.35,2312009
REVATHI,20111108,356.5,378.75,356.5,365.65,19308
RICOAUTO,20111108,12.2,12.4,11.8,12.3,57856
RIIL,20111108,434.2,439.9,426.95,429.25,209195
RJL,20111108,90,92.5,89.05,90.15,700
RKDL,20111108,16.45,16.7,16.3,16.6,6507
RKFORGE,20111108,102.2,103,102.2,103,17
RMCL,20111108,6.1,6.75,6.1,6.6,53470
RML,20111108,113,113,107.6,107.95,706
ROHITFERRO,20111108,28.95,29.5,28.25,29.2,54778
ROHLTD,20111108,53.65,54.45,53,53.3,5865
ROLTA,20111108,81,81.5,79.2,79.45,581912
ROMAN,20111108,23,24,23,23.65,572
RPGLIFE,20111108,78.2,79.75,78.2,79.45,1950
RPOWER,20111108,99.45,103.6,99.4,102.95,5420507
RPPINFRA,20111108,61.5,72.1,60.4,72.1,27516
RSSOFTWARE,20111108,56,56,54.7,54.8,5683
RSWM,20111108,83.85,84.8,83.05,83.8,3798
RSYSTEMS,20111108,115,115.25,111.5,112.25,1569
RUBYMILLS,20111108,874,874.95,840,859.9,61
RUCHINFRA,20111108,24.5,24.5,22.8,22.9,25157
RUCHIRA,20111108,10.85,10.85,9.65,9.8,680
RUCHISOYA,20111108,110.25,110.85,109.6,110.15,95428
RUSHIL,20111108,152.7,154.7,147.65,149.85,299171
SABERORGAN,20111108,127,129.5,126,128.95,126340
SADBHAV,20111108,134,137,132.1,135.75,6614
SAHPETRO,20111108,28.6,29.9,28.6,29.7,746
SAIL,20111108,111.75,112.35,109.1,109.9,1965457
SAKHTISUG,20111108,27,27.25,26.5,26.85,21709
SAKSOFT,20111108,57.65,57.65,56.05,56.45,900
SAKUMA,20111108,13,13.45,13,13.45,654
SALORAINTL,20111108,24,26.7,23.85,26.4,1821
SALSTEEL,20111108,5.85,6.35,5.85,6.1,17595
SAMBANDAM,20111108,71,74.6,65.15,69.9,124
SAMBHAAV,20111108,1.1,1.2,1.05,1.2,5605
SANDESH,20111108,279,280,268,268.8,110
SANGAMIND,20111108,30.85,31.4,30.8,31.35,916
SANGHVIFOR,20111108,25.05,30,25.05,30,47628
SANGHVIMOV,20111108,125.5,125.5,122.25,122.85,1525
SANWARIA,20111108,13,15.3,12.55,15.25,1301166
SARDAEN,20111108,120.6,124.5,120.6,122.3,16057
SAREGAMA,20111108,67.4,70.05,67.4,67.8,15372
SARLAPOLY,20111108,124,124,110.1,116,48
SASKEN,20111108,110.05,110.5,109,109.25,13182
SATHAISPAT,20111108,36.75,36.8,35.8,36.5,5218
SATYAMCOMP,20111108,73.1,74.2,72.3,72.65,2137689
SAVERA,20111108,35.05,38,35.05,36.65,33
SB&TINTL,20111108,15,16.75,14.8,16.7,66461
SBBJ,20111108,402,403,395.5,400.25,3614
SBIGETS,20111108,2761.05,2808,2761.05,2802.15,17005
SBIN,20111108,1977,2004,1960,1997.3,2429408
SBT,20111108,601,604.95,590,594.65,7519
SCI,20111108,73,73,71.8,72.4,153237
SEAMECLTD,20111108,102.45,103.4,101.45,102.35,5597
SEINV,20111108,144.25,144.25,131.1,144.25,12488
SELAN,20111108,310,310,290.2,292.9,259268
SELMCL,20111108,13.65,13.8,13.05,13.3,113059
SERVALL,20111108,5.6,6.25,5.6,5.85,40918
SESAGOA,20111108,209.4,214.7,208,212.45,2614407
SESHAPAPER,20111108,200.2,205,199.05,200.95,1693
SEZALGLASS,20111108,2.4,2.55,2.3,2.55,18563
SGFL,20111108,4.05,4.15,4.05,4.15,50
SGJHL,20111108,147.8,149.55,145.15,147.05,136172
SGL,20111108,4.05,4.2,3.75,4.2,4093
SHAHALLOYS,20111108,10,10,9.6,9.6,935
SHAKTIPUMP,20111108,43.7,43.95,41,42.5,7918
SHALPAINTS,20111108,493.5,508,491.1,491.15,252
SHANTIGEAR,20111108,39.8,40.4,39.05,39.2,22171
SHARIABEES,20111108,123.3,123.3,120.85,120.85,1117
SHARRESLTD,20111108,67,67,61.55,63.4,24798
SHASUNPHAR,20111108,67.9,69,65,67.05,60945
SHILPAMED,20111108,220.05,223,220,221.25,1012
SHILPI,20111108,14.05,14.2,13.4,13.6,19036
SHIV-VANI,20111108,213.1,215,211.1,213.45,5151
SHIVAMAUTO,20111108,127.6,127.6,113.2,117.05,3632
SHIVTEX,20111108,24.85,24.85,24,24.45,1209
SHLAKSHMI,20111108,114,114.4,106.3,109.55,197981
SHOPERSTOP,20111108,347,354,340.4,343.25,5174
SHREEASHTA,20111108,6.55,6.9,6.55,6.6,14324412
SHREECEM,20111108,1927.6,2045,1918,1994.75,5299
SHREERAMA,20111108,4.05,4.05,4,4,2810
SHRENUJ,20111108,67.9,68.95,67.3,67.7,2837
SHREYAS,20111108,32,32.6,30.55,31.3,2251
SHRIRAMCIT,20111108,535,570,535,541.45,8907
SHRIRAMEPC,20111108,125,125,118,120.5,3059
SHYAMTEL,20111108,34.5,34.95,33.75,34.2,1265
SICAGEN,20111108,19.9,20.65,19.4,20,27067
SICAL,20111108,70.5,71.6,70.5,70.85,4550
SIEMENS,20111108,859,864.65,844.35,850.75,82282
SILINV,20111108,82.5,87,82.5,83.05,200
SIMBHSUGAR,20111108,30.35,31.2,30.2,30.9,85058
SIMPLEX,20111108,91,91,88.05,88.1,1125
SIMPLEXINF,20111108,213.9,213.9,208,212.65,300
SINTEX,20111108,116.6,119.7,116.5,119.45,1295191
SIRPAPER,20111108,46.15,49.5,42.65,46.7,2018
SITASHREE,20111108,7,7.3,7,7.15,162
SIYSIL,20111108,315,318.8,300.6,310.1,613
SJVN,20111108,22.2,22.35,21.85,21.95,134386
SKFINDIA,20111108,652,660,650,655.9,6834
SKMEGGPROD,20111108,8.6,8.6,8.2,8.4,5776
SKSMICRO,20111108,201.75,202.85,188.3,192.75,1542963
SKUMARSYNF,20111108,39.4,39.4,38.65,39,404500
SMARTLINK,20111108,44.55,49,44.55,46.55,37304
SMOBILITY,20111108,99.7,99.7,98.5,98.95,25282
SMPL,20111108,7.65,8.7,7.65,8.25,658807
SMSPHARMA,20111108,169.5,173,168.25,172,853
SOBHA,20111108,244.75,244.9,239,239.95,40774
SOFTTECHGR,20111108,4.45,4.85,4.45,4.7,527
SOLARINDS,20111108,820.1,829.9,812,817.3,2868
SOMANYCERA,20111108,44.5,44.5,41.5,42.65,4813
SOMATEX,20111108,4.8,5,4.45,4.8,42126
SONASTEER,20111108,14.25,14.25,13.75,13.85,106124
SONATSOFTW,20111108,27.25,27.7,26,26.65,404160
SOTL,20111108,502,502,481.2,483.85,5810
SOUISPAT,20111108,4,4.25,4,4.2,6739
SOUTHBANK,20111108,23.7,23.7,23.2,23.25,1182265
SPANCO,20111108,120.5,123.95,118.15,120.4,47481
SPARC,20111108,82.7,83.6,79.25,82,30897
SPENTEX,20111108,8.5,8.5,8,8.05,1893
SPIC,20111108,26,26,24.45,24.9,471470
SPMLINFRA,20111108,119.95,119.95,114.25,114.85,3918
SPYL,20111108,29.5,31.9,29.4,30.4,22090
SREINFRA,20111108,34.6,35.6,34.1,34.25,458923
SRF,20111108,311.05,314,307.3,310.45,74215
SRGINFOTEC,20111108,0.5,0.5,0.45,0.45,6184
SRHHLINDST,20111108,4.35,4.45,4.35,4.45,2000
SRHHYPOLTD,20111108,48,48,45.35,45.35,756
SRICHAMUND,20111108,30.6,30.6,27.85,28.25,305
SRSLTD,20111108,33.4,33.4,32.8,32.95,79750
SRTRANSFIN,20111108,605,609.7,585.5,587.9,418591
SSWL,20111108,221.1,222,218,218.6,5559
STAR,20111108,412.25,430.5,412,428.9,186973
STARPAPER,20111108,23.2,23.2,23.1,23.2,1235
STCINDIA,20111108,160.45,163.6,158.1,161.1,95801
STEL,20111108,15,15,14.5,14.65,22
STER,20111108,124.75,124.75,122,123.85,2396531
STERLINBIO,20111108,64.5,65.9,63.85,65.55,591770
STERTOOLS,20111108,108.9,109.85,105.2,108.85,520
STOREONE,20111108,13.4,14,12.7,13.2,14645
STRTECH,20111108,40.7,40.8,39.6,40.1,180306
SUBEX,20111108,41.05,41.6,39.25,39.6,890332
SUDAR,20111108,68.1,68.5,66.1,66.8,17997
SUDARSCHEM,20111108,684,684,660,667.5,129
SUJANATOW,20111108,23.55,24.3,23.5,23.7,806911
SUJANAUNI,20111108,4.15,4.2,3.95,4,149034
SUMEETINDS,20111108,23.95,24.3,23.6,23.8,5193
SUMMITSEC,20111108,72,79.95,72,77.95,823
SUNCLAYTON,20111108,158,166,156.1,164.85,47913
SUNDARAM,20111108,51,51,48.75,49.05,65685
SUNDARMFIN,20111108,570,573.4,553.5,559.35,1534
SUNDRMBRAK,20111108,151.1,159.9,151.1,157.1,100
SUNDRMFAST,20111108,62.55,63.3,60.15,60.35,64820
SUNFLAG,20111108,25.85,25.85,25.5,25.55,14956
SUNILHITEC,20111108,92.15,94,91.5,92.35,5624
SUNPHARMA,20111108,511,514.95,495,499.4,437718
SUNTECK,20111108,359.8,365.4,358.9,364.85,3964
SUNTV,20111108,289,294.9,282.55,289.9,885692
SUPER,20111108,142.95,144.65,140,144.55,890
SUPERSPIN,20111108,7.1,7.4,6.95,7.2,31728
SUPPETRO,20111108,63.75,63.75,62.85,63,2516
SUPRAJIT,20111108,20.9,20.9,19.8,19.9,21550
SUPREMEIND,20111108,193.15,195.2,187,193.3,21586
SUPREMEINF,20111108,223.9,223.9,218.05,221.9,5545
SURAJDIAMN,20111108,47.9,50.55,45,48.85,203287
SURANACORP,20111108,90,90,85.1,86.65,2719
SURANAIND,20111108,409,409,399.9,402.5,20944
SURANAT&P,20111108,14.5,14.75,14.5,14.75,525
SURANAVEL,20111108,30,30,24.5,25.7,1757
SURYAJYOTI,20111108,21.25,21.6,20.7,21.35,4797
SURYALAXMI,20111108,64.95,66.95,63,65.25,1547
SURYAPHARM,20111108,15.6,15.9,15.35,15.5,60662
SURYAROSNI,20111108,60.8,63.8,60.35,62.3,46967
SUTLEJTEX,20111108,165.5,171,164.45,169.5,872
SUVEN,20111108,16.3,16.45,16.15,16.25,15898
SUZLON,20111108,37,37.35,36.45,37.15,8340842
SWARAJENG,20111108,472.8,472.8,456.85,459.3,1204
SYMPHONY,20111108,1499,1500,1433.35,1445.95,1831
SYNCOM,20111108,13.4,14,13.4,13.85,6053
SYNDIBANK,20111108,106.3,106.85,105,105.95,279973
TAJGVK,20111108,92,92,90.05,90.7,16913
TAKE,20111108,27.35,27.4,25.75,25.8,42065
TAKSHEEL,20111108,21.1,22.5,21.1,21.65,214932
TALBROAUTO,20111108,39.45,39.5,37,37,2068
TALWALKARS,20111108,178.6,179.85,171.05,172.6,47323
TANLA,20111108,9,9.1,8.9,8.9,49920
TANTIACONS,20111108,49.2,50.4,49.2,49.7,1138
TARAPUR,20111108,17.3,19.9,17.3,18.8,69038
TATACHEM,20111108,331.3,333.8,327.2,329.8,56038
TATACOFFEE,20111108,900,907,892.45,894.5,138745
TATACOMM,20111108,188.15,188.9,185.25,186.8,112082
TATAELXSI,20111108,228.55,233.95,228,228.5,58769
TATAGLOBAL,20111108,91.1,91.65,90.5,90.75,331397
TATAINVEST,20111108,483,486,480,480.5,3929
TATAMETALI,20111108,75.5,75.7,74.05,74.35,20359
TATAMOTORS,20111108,189.5,190.7,185.25,189.7,12237849
TATAMTRDVR,20111108,103.6,104.55,100.5,102.5,1769909
TATAPOWER,20111108,104.45,104.5,102.25,103.1,958419
TATASPONGE,20111108,331.6,334.5,328.05,332.25,7448
TATASTEEL,20111108,470.35,472,464,467.4,2152106
TCI,20111108,74,75.9,72.9,73.75,6096
TCIDEVELOP,20111108,157.05,176,157.05,164.05,61
TCIFINANCE,20111108,28,28,27,27.05,1455
TCS,20111108,1096,1114.8,1096,1105.25,846052
TDPOWERSYS,20111108,252.1,255.4,251.45,253.55,12514
TECHM,20111108,632.05,634,608.8,615.75,141925
TECHNO,20111108,220.5,224.45,215.2,221.85,489
TECHNOFAB,20111108,136.1,142.05,136.1,141.75,382
TECPRO,20111108,221,221,218,218.55,4306
TELEDATAIT,20111108,0.3,0.3,0.25,0.25,198623
TELEMARINE,20111108,0.6,0.7,0.6,0.65,53527
TEXMACOLTD,20111108,30.45,30.85,30.3,30.45,31470
TEXMOPIPES,20111108,30.9,30.9,25.8,26.15,757624
TEXRAIL,20111108,81.6,82.5,81.1,81.75,12478
TFCILTD,20111108,26,26.05,25,25.25,62124
TFL,20111108,14.5,14.55,14.5,14.55,240
THANGAMAYL,20111108,170,172.9,169,171.3,4777
THEMISMED,20111108,108,108,108,108,4
THERMAX,20111108,493,494,462.65,491.25,36781
THINKSOFT,20111108,47.95,49.25,46.55,48.1,114453
THIRUSUGAR,20111108,85,86,76.05,78.7,131
THOMASCOOK,20111108,49.95,50.4,49.25,49.4,60565
TI,20111108,32.45,33.8,32.45,33.5,163318
TIDEWATER,20111108,7019.95,7019.95,6900,6909.9,268
TIIL,20111108,37.65,38.65,37.3,37.35,892
TIJARIA,20111108,12,12.95,12,12.8,298333
TIL,20111108,378.4,378.4,355.15,357.6,6242
TIMESGTY,20111108,26,26.95,26,26.95,70
TIMETECHNO,20111108,59.75,59.9,57.5,58,11299
TIMKEN,20111108,225.2,251.35,225.2,242.05,1517169
TINPLATE,20111108,46.45,47.7,46.1,47.05,105758
TIPSINDLTD,20111108,33.75,33.95,33,33.8,5819
TIRUMALCHM,20111108,71.2,71.2,65.05,66.05,4097
TITAN,20111108,217.2,222.4,217.2,221.9,3064297
TNPETRO,20111108,15.2,15.5,15.1,15.25,44637
TNPL,20111108,109.45,109.45,101,102.25,14686
TODAYS,20111108,6.2,6.65,5.5,5.6,16366
TOKYOPLAST,20111108,16,16,15.55,15.55,750
TORNTPHARM,20111108,582,583.75,573.35,577.35,41969
TORNTPOWER,20111108,229,234.5,227,229.05,22574
TREEHOUSE,20111108,196.35,203.95,195.95,200.4,126288
TRENT,20111108,1046.3,1050,1030,1037.85,3271
TRF,20111108,342,345.85,330,331.4,13733
TRICOM,20111108,11.1,11.1,10.6,10.7,19093
TRIDENT,20111108,12.35,12.35,12.05,12.15,19410
TRIGYN,20111108,13.05,13.2,13,13.2,1050
TRIL,20111108,220.75,221.2,218.1,220.65,642
TRIVENI,20111108,22.85,23.25,21.65,21.8,693176
TTKHEALTH,20111108,480,493.55,426.65,480.95,43707
TTKPRESTIG,20111108,2675.5,2694.4,2633,2643.95,44972
TTL,20111108,24.9,24.95,24.1,24.9,1903
TTML,20111108,17.5,17.7,17.3,17.55,925758
TUBEINVEST,20111108,141.7,143.5,141.15,142.1,18169
TULIP,20111108,152.5,152.5,148.5,150.6,152963
TULSI,20111108,10.8,10.9,10.55,10.6,58927
TULSYAN,20111108,38.55,39.95,38.55,39.05,250
TV18BRDCST,20111108,43.1,44.75,40.65,42.35,355444
TVSELECT,20111108,21,21,19.7,20,2347
TVSMOTOR,20111108,67.5,67.95,66.45,66.65,1349900
TVSSRICHAK,20111108,357.9,359.95,351,358.1,4779
TVTODAY,20111108,59.55,59.9,58.5,58.65,12842
TWILITAKA,20111108,41.55,41.75,40.25,40.25,21260
TWL,20111108,448,453,439,448.4,14685
UBENGG,20111108,49.8,50,49,49.4,21105
UBHOLDINGS,20111108,99.1,102.05,99,99.8,55326
UBL,20111108,405,409,394.6,401.1,20717
UCALFUEL,20111108,72.55,73,71.7,71.9,4195
UCOBANK,20111108,74.25,74.6,73.1,73.7,1013731
UFLEX,20111108,165.2,166.2,161.35,162.9,254414
UGARSUGAR,20111108,12.7,12.95,12.6,12.75,9101
ULTRACEMCO,20111108,1147.65,1162.5,1147.65,1157.95,152906
UMESLTD,20111108,19.7,19.7,18.5,18.7,9827
UNICHEMLAB,20111108,127,127,123.15,124.65,17609
UNIENTER,20111108,26.35,27,26,26.25,1987
UNIONBANK,20111108,221.1,233.6,220.05,229.95,445509
UNIPHOS,20111108,148.65,149.35,146,148.05,180816
UNIPLY,20111108,10.9,11.55,10.85,10.9,372
UNITECH,20111108,29,29.15,28.25,28.95,15477362
UNITEDBNK,20111108,71.8,71.9,70.2,70.65,80191
UNITEDTEA,20111108,148,148,142,142,18
UNITY,20111108,38.9,40,38.75,38.9,38917
UNIVCABLES,20111108,48.2,50,46.55,49.2,2759
UPERGANGES,20111108,44.95,48,44.35,47.75,13172
USHAMART,20111108,31.9,31.95,30.8,31.7,197455
USHERAGRO,20111108,126.25,126.7,124.55,125.25,371030
UTISUNDER,20111108,1802,2024,1700,1846.08,1603
UTTAMSTL,20111108,76.1,77,75.5,75.9,13813
UTTAMSUGAR,20111108,33,33.45,31.35,31.9,8783
UTVSOF,20111108,964,964,949.05,950.3,6459
VADILALIND,20111108,140,140,130.65,131.65,1452
VAIBHAVGEM,20111108,31.9,31.9,29.85,29.9,1690
VAKRANSOFT,20111108,400,400,350.05,350.85,6464
VALECHAENG,20111108,75.35,75.8,74.1,74.55,5245
VALUEIND,20111108,17,17.35,16.7,17.35,1928
VARDHACRLC,20111108,8.9,9,8.65,8.95,39225
VARDMNPOLY,20111108,98.5,99,96.75,97.65,30243
VARUN,20111108,266.7,269,264,265.75,303120
VARUNSHIP,20111108,18.05,18.35,16.95,17,240056
VASCONEQ,20111108,50.8,52.9,50.8,52.45,6815
VASWANI,20111108,12.1,13.55,12.1,12.8,462839
VENKEYS,20111108,492.05,495.95,480.1,484.05,47885
VENUSREM,20111108,204.1,204.1,196,197.6,11677
VESUVIUS,20111108,410,412,397,399.8,15283
VGUARD,20111108,206.75,211.8,202,205.8,63485
VHL,20111108,399.95,399.95,383,398,13
VICEROY,20111108,27,27.7,26.1,27,60597
VIDEOIND,20111108,177.3,177.3,173.3,174.3,42137
VIJAYABANK,20111108,61,61.3,59.65,60.75,1279708
VIJSHAN,20111108,16.5,19.6,16.5,18.15,17494
VIKASHMET,20111108,9.45,9.65,9.35,9.45,34321
VIMTALABS,20111108,20,20.4,19,19.75,7896
VINATIORGA,20111108,66,66,63.9,64.3,5470
VINDHYATEL,20111108,175.2,183,175.1,181.35,2394
VINYLINDIA,20111108,10,10.95,10,10.4,1165
VIPIND,20111108,158,159.1,153.1,155.65,1822682
VIPUL,20111108,9.8,10.65,9.8,10.2,735
VISAKAIND,20111108,90,92.5,90,91.25,9226
VISASTEEL,20111108,58.5,58.95,58.5,58.55,4655
VISESHINFO,20111108,3,3,2.75,3,14648
VISHALRET,20111108,21.15,21.7,21.05,21.45,8582
VISUINTL,20111108,2,2.15,1.95,2,3799
VIVIMEDLAB,20111108,279.75,281.65,271,279.5,48391
VLSFINANCE,20111108,11.85,11.85,11.45,11.6,3513
VOLTAMP,20111108,487,502.2,487,496.4,4968
VOLTAS,20111108,106.4,109.45,106,107.8,1805812
VSTIND,20111108,1240,1251.9,1236.05,1239.65,1466
VSTTILLERS,20111108,500,510,475,503.35,1613
VTL,20111108,214.25,216.85,211,212.55,13356
VTXIND,20111108,14.5,15.4,14.4,15.4,23353
WABAG,20111108,359.5,359.85,347,349.6,1714
WABCOINDIA,20111108,1424.15,1500,1414.15,1494.75,1799
WALCHANNAG,20111108,92,93.25,89.55,90.35,109642
WANBURY,20111108,24.45,25.45,24.2,24.55,29400
WEBELSOLAR,20111108,36,36,35.35,36,14074
WEIZFOREX,20111108,66,66,63.05,64,142
WEIZMANIND,20111108,8.5,8.65,8.5,8.5,552
WELCORP,20111108,106.45,106.55,103.5,105.6,540659
WELGLOB,20111108,34,40,33.6,40,57
WELINV,20111108,48,49.9,47.95,49.05,138
WELPROJ,20111108,38.85,38.85,37.1,37.9,4139
WENDT,20111108,1697,1715,1645,1686.05,83
WHEELS,20111108,315,372,315,363.5,199586
WHIRLPOOL,20111108,191,202.3,191,200.85,21994
WILLAMAGOR,20111108,48.65,50,48.6,49.15,960
WINDMACHIN,20111108,20.3,20.3,19,20,2552
WINSOME,20111108,20.45,20.45,20.45,20.45,100
WIPRO,20111108,368.35,373.5,367.2,369.3,374870
WOCKPHARMA,20111108,430.05,446.95,430,442.65,182569
WSI,20111108,17,17,16.1,17,1019
WSTCSTPAPR,20111108,70,70.25,67.25,68.7,34948
WYETH,20111108,987,990,981,987.25,120
XLENERGY,20111108,7.3,7.3,7.05,7.1,9556
XPROINDIA,20111108,55.75,56.75,55.5,56.15,11710
YESBANK,20111108,317.9,318.5,307.75,309.35,1616571
ZEEL,20111108,124.3,125.4,119.8,120.75,1245609
ZEELEARN,20111108,19.75,20,19.3,19.4,85954
ZEENEWS,20111108,12.15,12.3,12.15,12.15,86972
ZENITHBIR,20111108,4.95,5,4.8,4.8,54793
ZENITHCOMP,20111108,14.05,14.8,14.05,14.65,4509
ZENITHINFO,20111108,52.9,52.9,51,51.45,9973
ZENSARTECH,20111108,129.9,130,126.5,127,6238
ZICOM,20111108,38.9,40,38.4,39.85,15802
ZODIACLOTH,20111108,207,209.95,206,208,380
ZODJRDMKJ,20111108,21.65,23.35,21.65,23.35,252
ZUARIAGRO,20111108,598,602,591,594.85,2361
ZYDUSWELL,20111108,598,599,580,589.85,8540
ZYLOG,20111108,455,456.95,450.35,452.3,102635
NSENIFTY,20111108,5292.25,5304.25,5252.00,5289.35,120652007,4159.75
NIFTYJUNIOR,20111108,10179.70,10215.35,10095.70,10138.15,52701865,1173.33
BANKNIFTY,20111108,9855.95,9893.95,9732.85,9852.55,15103668,1225.53
NSEMIDCAP,20111108,7320.30,7353.10,7294.70,7323.30,104361032,1066.23
NSEIT,20111108,6176.20,6227.20,6154.20,6216.45,8546672,434.43
NSE100,20111108,5175.85,5187.70,5137.50,5170.10,173353872,5333.08
NSE500,20111108,4205.55,4216.60,4179.30,4203.05,381767000,7209.46
MIDCAP50,20111108,2166.05,2174.90,2154.65,2164.90,93431435,784.97
VIX,20111108,20.75,24.74,20.75,23.71,23.43,0.28
