20MICRONS,20110909,58.9,59.5,55.8,57.15,84621
3IINFOTECH,20110909,29.45,31.15,29.15,30.05,2325996
3MINDIA,20110909,4555,4560,4460,4474.35,490
A2ZMES,20110909,200.3,208.8,199,200.35,295636
AANJANEYA,20110909,423.1,450,417.8,436,183745
AARTIDRUGS,20110909,119,119,113,114.45,2738
AARTIIND,20110909,48.85,49.85,47.3,48.05,90464
AARVEEDEN,20110909,33.95,35.3,33,35,3571
ABAN,20110909,415.8,417.3,399,401.05,870879
ABB,20110909,862.9,875,850,855.55,35703
ABBOTINDIA,20110909,1569.9,1569.9,1523.05,1551.4,540
ABCIL,20110909,108.35,109.75,106,106.2,4127
ABGSHIP,20110909,378,382,370.05,378.2,162032
ABHISHEK,20110909,11.4,11.4,10.5,10.95,3857
ABIRLANUVO,20110909,941.65,963,941.65,944.8,52918
ACC,20110909,1060,1063.8,1011,1028.75,417813
ACE,20110909,46.5,47.1,45.2,46.4,80357
ACKRUTI,20110909,193,195.95,188,189.7,3529
ACROPETAL,20110909,17,17.5,16.15,17.45,970853
ADANIENT,20110909,565.75,568.4,541.45,552.55,399710
ADANIPOWER,20110909,92,92.5,88.25,88.45,696116
ADFFOODS,20110909,58.55,58.7,56.9,57.2,8923
ADHUNIK,20110909,56.95,58,55.55,56.8,67368
ADORWELD,20110909,155,157,152,152.3,4001
ADSL,20110909,30,32.15,29.6,32,1036557
ADVANIHOTR,20110909,35.55,36.75,35.5,36.05,2002
ADVANTA,20110909,363.9,375.05,362.15,363.95,91625
AEGISCHEM,20110909,197.1,198,192,195.2,6089
AFL,20110909,38,39.5,38,39.2,13754
AFTEK,20110909,12.05,12.4,11.8,12,142735
AGCNET,20110909,106.25,109,104.8,106.8,1578
AGRE,20110909,43,45.5,42.2,43.8,3158
AGRODUTCH,20110909,8.35,8.35,7.1,8.05,37947
AHLEAST,20110909,301,314,301,305.4,151
AHLUCONT,20110909,118.9,118.9,112.55,115,19262
AHLWEST,20110909,157.9,166.5,151.65,159,587
AHMEDFORGE,20110909,119.8,119.8,112.25,112.85,18943
AIAENG,20110909,327,334.9,327,328.6,5141
AJANTPHARM,20110909,338.95,338.95,323.2,327.55,15137
AJMERA,20110909,129,131.7,127.1,128.15,45896
AKSHOPTFBR,20110909,6.65,6.85,6.5,6.55,63331
AKZOINDIA,20110909,954.9,968.5,942,964.8,8319
ALBK,20110909,176,177.35,169.1,170.4,616630
ALCHEM,20110909,271.5,275,266,266.05,100040
ALEMBICLTD,20110909,20.1,20.1,19.45,19.7,39646
ALFALAVAL,20110909,1902.1,1915,1871,1880,1214
ALKALI,20110909,42.5,43.4,40.7,41.1,15936
ALKYLAMINE,20110909,89,91.8,87.15,87.35,2155
ALLCARGO,20110909,148.1,150.05,147.6,148.8,3108
ALLSEC,20110909,15.7,15.7,15,15.15,3603
ALMONDZ,20110909,23.95,23.95,22.5,22.9,16379
ALOKTEXT,20110909,20.45,20.5,19.25,19.45,8725637
ALPA,20110909,8.2,9.15,8.2,8.95,1524
ALPHAGEO,20110909,106,110.9,100.25,104.35,4292
ALPSINDUS,20110909,3.2,3.3,3.05,3.25,38278
AMAR,20110909,109.95,111.5,107.55,108.1,63142
AMARAJABAT,20110909,232,236.25,225.25,226.1,48363
AMARJOTHI,20110909,54.5,54.5,54.2,54.25,560
AMBIKCO,20110909,187,188.95,181.05,181.3,178
AMBUJACEM,20110909,146.15,147.8,137.5,138.7,2798398
AMDIND,20110909,20.8,21.5,20.75,21.25,8561
AMLSTEEL,20110909,13.5,13.9,12.65,13.9,1919
AMRUTANJAN,20110909,834.55,869.6,832.1,837.5,299356
AMTEKAUTO,20110909,145.15,148.9,142.4,146.3,705607
AMTEKINDIA,20110909,121.4,125.5,118.05,119.6,360116
ANANTRAJ,20110909,65.65,65.65,63.2,63.95,169637
ANDHRABANK,20110909,128.5,131.8,126.7,128.25,360122
ANDHRSUGAR,20110909,118,118.45,114.6,114.9,32794
ANGIND,20110909,23.1,24.85,22,22.95,4903
ANIKINDS,20110909,36.35,36.35,34.5,34.5,886
ANKURDRUGS,20110909,34.55,37.7,34.3,36.5,538554
ANSALAPI,20110909,31.9,32.9,31.1,31.25,171897
ANSALHSG,20110909,43.25,43.25,40.5,41.05,6162
APARINDS,20110909,173.9,173.9,166,166.2,11844
APCOTEXIND,20110909,169.7,169.7,164.5,165.9,853
APIL,20110909,558.8,559.95,542.5,546.85,62961
APLAB,20110909,31.2,31.2,31.2,31.2,100
APOLLOHOSP,20110909,524.25,529.25,520,520.85,11024
APOLLOTYRE,20110909,62.75,63.3,59.95,60.15,1571938
APPAPER,20110909,361,367.3,360,363,74975
APTECHT,20110909,131.85,134.4,129.1,130.3,962021
AQUA,20110909,14.05,14.4,13.9,13.95,549568
ARCHIDPLY,20110909,13.4,13.4,11.4,11.85,817
ARCHIES,20110909,42.4,42.9,40.5,40.75,114401
AREVAT&D,20110909,226.05,231.3,226,229.85,73153
ARIES,20110909,89,91,85.25,86.65,17474
ARIHANT,20110909,55,55,55,55,150
ARL,20110909,2.35,2.45,2.3,2.3,259152
AROGRANITE,20110909,37.45,38.15,37.35,37.35,369
ARROWTEX,20110909,10.05,10.75,10,10.05,3492
ARSHIYA,20110909,130.15,139.75,130.15,132.6,13154
ARSSINFRA,20110909,304.95,306.65,292,294.25,195126
ARVIND,20110909,85.6,93.9,85.55,92.2,10275136
ASAHIINDIA,20110909,72.5,73.9,71,71.35,13212
ASAHISONG,20110909,105,109,101.3,105.9,499
ASAL,20110909,54,54.4,51,53.05,1231
ASHAPURMIN,20110909,16.95,17.4,16.35,16.85,39750
ASHCONIUL,20110909,2.5,2.5,2.15,2.3,9156
ASHIANA,20110909,152.3,152.5,143,143.05,451
ASHIMASYN,20110909,4.7,5.2,4.7,5.15,3123
ASHOKA,20110909,268.05,270.1,262.5,265.65,501
ASHOKLEY,20110909,27.1,27.7,26.15,26.4,3545398
ASIANHOTNR,20110909,191.05,192.85,189.05,190.8,1390
ASIANPAINT,20110909,3191,3227,3162.2,3188.65,32649
ASIANTILES,20110909,43,47,40.85,42.5,7789
ASSAMCO,20110909,12.7,12.9,12.45,12.5,170787
ASTEC,20110909,36.95,38.5,36.95,37.9,8941
ASTERSILI,20110909,17.9,18.25,17.15,17.95,13717
ASTRAL,20110909,188.45,189.95,183.1,185.75,978
ASTRAMICRO,20110909,25.05,26,24.85,25.25,25409
ASTRAZEN,20110909,1310,1310,1285,1287.8,162
ATFL,20110909,412,427.95,412,416.1,20262
ATLANTA,20110909,70.5,71,68.7,69.7,126483
ATLASCYCLE,20110909,379.7,403.5,374.4,388.75,196184
ATNINTER,20110909,0.9,1,0.9,0.9,7963
ATUL,20110909,228,234,219.15,222.3,207312
AURIONPRO,20110909,140,157.1,134.05,140.8,2447
AUROPHARMA,20110909,137.5,139,132.35,134.05,611958
AUSTRAL,20110909,2.25,2.4,2.2,2.4,1541770
AUTOAXLES,20110909,418.8,418.8,412.05,414.45,506
AUTOIND,20110909,121.55,125.9,121.55,122.4,13292
AUTOLITIND,20110909,20.7,20.7,18.15,18.2,305
AVENTIS,20110909,2230,2275,2162.25,2172.4,408
AVTNPL,20110909,450.25,450.25,426.05,430.2,15043
AXIS-IT&T,20110909,100.1,109.75,99.05,101.2,84588
AXISBANK,20110909,1147.2,1153.9,1096.3,1103.3,2311891
AXISGOLD,20110909,2742.5,2794.9,2742.5,2786.1,1043
BAGFILMS,20110909,6.05,6.2,5.9,6,120062
BAJAJ-AUTO,20110909,1628,1650,1623.15,1625.45,297225
BAJAJCORP,20110909,125,125,121.35,124.45,11326
BAJAJELEC,20110909,179.85,181.35,175,176.95,264047
BAJAJFINSV,20110909,548,564,541,553.2,250121
BAJAJHIND,20110909,58.2,58.95,56.05,56.5,1042440
BAJAJHLDNG,20110909,749,751.5,740.6,746.15,36357
BAJFINANCE,20110909,630.25,667,630.25,652.9,47784
BALAJITELE,20110909,32.5,32.55,30.5,30.8,24461
BALAMINES,20110909,36.4,36.4,35,35.05,4415
BALKRISIND,20110909,164,168,164,165.75,6800
BALLARPUR,20110909,28.4,28.65,27.5,27.65,163839
BALMLAWRIE,20110909,647.85,647.85,625,634.75,18381
BALPHARMA,20110909,24.7,24.7,23.7,23.75,3609
BALRAMCHIN,20110909,55,55.4,53.95,54.15,1052079
BANARISUG,20110909,621.5,630.5,620,620,266
BANCOINDIA,20110909,77.9,77.9,74.7,75.95,4382
BANG,20110909,29.1,29.35,26.8,28.05,20353
BANKBARODA,20110909,759,778.15,756.3,761.55,371836
BANKBEES,20110909,1008.48,1010,985,988.65,411
BANKINDIA,20110909,335.05,338.95,325.55,327,481293
BANSWRAS,20110909,97,99,92.65,98.45,10951
BARTRONICS,20110909,52.8,57.8,52.1,54.95,718366
BASF,20110909,603,613,596,600.75,2675
BASML,20110909,77.9,77.9,69.5,69.6,345
BATAINDIA,20110909,680,703.9,668.15,689.45,2212125
BATLIBOI,20110909,18,20.8,18,19.85,9172
BAYERCROP,20110909,824,838,824,835.4,1606
BBL,20110909,730.05,740,725,728.05,912
BBTC,20110909,452,466,440,442.6,3383
BEARDSELL,20110909,43,43,43,43,20
BEDMUTHA,20110909,125.1,136.6,124.5,125.25,138449
BEL,20110909,1617.65,1617.65,1595,1605.7,13558
BELLCERATL,20110909,13.7,13.7,13.4,13.4,603
BEML,20110909,469,470.65,451.2,455.2,69383
BEPL,20110909,19.4,24.55,19.4,23.1,284056
BERGEPAINT,20110909,102.6,109.9,101.35,107.75,550318
BFINVEST,20110909,45.65,46.4,43.55,44.9,22856
BFUTILITIE,20110909,543.7,564.75,520.55,529.7,1474870
BGLOBAL,20110909,13,13.5,12.75,13.5,60733
BGRENERGY,20110909,340.2,345.75,330.85,333.05,329398
BHAGWATIHO,20110909,84.1,84.5,82.5,84,872
BHAGYNAGAR,20110909,15.5,16.5,15.4,15.75,7510
BHARATFORG,20110909,292.5,295.75,286.15,290,264316
BHARATGEAR,20110909,51,52,48.45,48.65,6857
BHARATRAS,20110909,104,104,102.3,102.3,39
BHARTIARTL,20110909,403.9,407,395.6,400.15,5413450
BHARTISHIP,20110909,114,116.7,108,108.55,508135
BHEL,20110909,1774.9,1786.4,1730.25,1738.05,458858
BHUSANSTL,20110909,349,351.8,340.2,341.55,168020
BIL,20110909,50.2,53.45,50.2,51.65,16436
BILPOWER,20110909,86.6,88.9,84.5,85.5,1993
BIMETAL,20110909,267,274,260.25,265.6,523
BINANIIND,20110909,147.5,147.9,140.85,141.6,18898
BINDALAGRO,20110909,74.15,76.35,73.15,73.9,151113
BIOCON,20110909,345,345,332.65,334,138167
BIRLACORPN,20110909,324,328.95,315,315.2,588
BIRLACOT,20110909,0.35,0.4,0.35,0.4,851353
BIRLAERIC,20110909,14.45,14.65,13.3,13.4,2541
BIRLAPOWER,20110909,0.75,0.75,0.65,0.7,1777020
BLBLIMITED,20110909,3.9,3.9,3.55,3.75,2658
BLISSGVS,20110909,21.25,25.45,20.75,21,282313
BLKASHYAP,20110909,11.4,11.85,10.75,11,224621
BLUECHIP,20110909,1,1.05,1,1.05,12004
BLUEDART,20110909,1709,1718.95,1672.1,1679.35,1463
BLUESTARCO,20110909,258.15,264,252.5,253.9,9104
BLUESTINFO,20110909,73,75,72.55,72.6,214
BOC,20110909,280,281,277,278.8,3514
BODALCHEM,20110909,22,22,20.5,20.6,25364
BOMDYEING,20110909,324.45,331.4,319,320.8,208705
BOSCHLTD,20110909,7240,7319.95,7165.05,7190.25,1368
BPCL,20110909,668.2,672.85,654.5,662.6,488149
BPL,20110909,22.7,22.8,21.7,21.8,33438
BRANDHOUSE,20110909,16.2,16.6,16,16.05,37758
BRFL,20110909,277.9,277.9,273.35,274.95,77014
BRIGADE,20110909,71.4,72,67.5,68.4,14469
BRITANNIA,20110909,389,482,389,470.2,60897
BROADCAST,20110909,8.05,8.3,8.05,8.05,5727
BROOKS,20110909,41.2,43.9,40,42.1,2047786
BSELINFRA,20110909,4.05,4.55,4.05,4.25,114629
BSL,20110909,23.3,25.25,22.6,23.25,4371
BSLGOLDETF,20110909,2859.65,2875.9,2810.4,2862.45,116
BSTRANSCOM,20110909,96.6,98,94.5,95.05,19771
BURNPUR,20110909,9.2,9.35,8.35,8.95,189698
BVCL,20110909,14.95,15.4,14.1,15.4,1677
CADILAHC,20110909,825.5,840,815.1,823.3,24767
CAIRN,20110909,290,292.5,282.15,284.15,2897007
CALSOFT,20110909,28,29.4,28,28.2,226
CAMBRIDGE,20110909,24.9,24.9,22.8,24.6,1890
CAMLIN,20110909,74.9,74.9,72.65,73.25,265120
CANBK,20110909,439,451.45,433.75,437.5,638535
CANDC,20110909,117.1,123.5,117.1,118.8,4481
CANFINHOME,20110909,101,101.9,100.15,101.05,10421
CANTABIL,20110909,27,27.3,26.5,26.75,7150
CARBORUNIV,20110909,282,307,282,306,2767
CAROLINFO,20110909,201.55,203.5,199,199.05,1562
CASTROL,20110909,525,528,516,517.45,55723
CCCL,20110909,20.95,20.95,20.3,20.5,170621
CCL,20110909,180.65,188.5,175.65,176.95,35011
CEATLTD,20110909,85.65,86.4,84.15,84.35,76499
CEBBCO,20110909,34.5,35.5,33.8,34.45,152173
CELEBRITY,20110909,6.75,7,6.65,6.65,15412
CELESTIAL,20110909,26.65,26.75,25.75,26.45,7908
CENTENKA,20110909,162.95,164,158,158.35,9678
CENTEXT,20110909,3,3.1,2.85,3.05,3606
CENTRALBK,20110909,105,106.8,101.25,102.4,644994
CENTURYPLY,20110909,63.3,67,63.3,64.05,6163
CENTURYTEX,20110909,300.05,306.4,286.3,288.2,425318
CERA,20110909,211.95,211.95,202,203.4,5788
CESC,20110909,301.05,304.4,290.2,291.9,114545
CHAMBLFERT,20110909,116.5,118.45,114.6,115.5,3465143
CHEMFALKAL,20110909,44.8,45.2,44.8,45,3020
CHEMPLAST,20110909,6.35,6.35,6.1,6.2,68335
CHENNPETRO,20110909,205.9,205.9,201.15,202.7,36101
CHESLINTEX,20110909,12.3,14,12.3,12.75,2200
CHETTINAD,20110909,460,469.95,460,469.9,1028
CHOLAFIN,20110909,167.95,169.85,162.05,165.65,11174
CILNOVA,20110909,17.75,18,17.5,17.5,9700
CINEMAX,20110909,32.5,33.15,31.6,31.7,14583
CINEVISTA,20110909,3.35,3.4,3.35,3.35,23173
CIPLA,20110909,293.5,294,286,287.35,1635398
CLASSIC,20110909,10.5,10.7,10.35,10.5,5613
CLNINDIA,20110909,734.45,734.45,720,726.2,5982
CLUTCHAUTO,20110909,38.9,40,38.5,38.7,14179
CMAHENDRA,20110909,156.5,181,150.5,166.3,80172
CMC,20110909,900,909,886,889.9,12752
COALINDIA,20110909,388.95,393.45,379.65,381.05,2337246
COLPAL,20110909,1024.6,1027,990,995.4,159444
COMPUAGE,20110909,118.9,118.9,112.95,112.95,53
CONCOR,20110909,946,952.95,940,943.8,18522
CONSOFINVT,20110909,64.2,64.2,61.1,64.15,1074
CORAL-HUB,20110909,5.2,5.4,5.05,5.25,29100
CORDSCABLE,20110909,35.9,35.9,33.4,33.65,2543
COREEDUTEC,20110909,295.1,296.4,291.3,293.85,12033
COROENGG,20110909,275.05,275.05,270.75,270.75,84
COROMANDEL,20110909,301.75,305.5,298.1,299.9,60235
CORPBANK,20110909,438,451.05,438,441.25,25899
COSMOFILMS,20110909,89.9,91.45,88,88.45,20956
COX&KINGS,20110909,218.7,227,218.7,220.3,189675
CPIL,20110909,288,291,282,282.15,2856
CREATIVEYE,20110909,5.45,5.45,5.45,5.45,261
CRESTANI,20110909,37.5,37.55,36.1,36.45,16477
CREWBOS,20110909,44,44,41.7,42.1,61778
CRISIL,20110909,8310,8450,7956.6,8353.6,1969
CROMPGREAV,20110909,152.6,155.35,150.6,150.95,2232877
CRONIMET,20110909,101,106.9,101,104,2311
CTE,20110909,7.55,7.55,7.05,7.5,931
CUB,20110909,47.1,47.2,46.1,46.15,111253
CUBEXTUB,20110909,11.75,11.75,10.7,10.75,1204
CUMMINSIND,20110909,617.6,624.5,612.05,614.15,310077
CURATECH,20110909,167.65,167.9,167.65,167.75,811
CYBERMEDIA,20110909,15.3,15.3,15.3,15.3,50
CYBERTECH,20110909,12.8,13,12.65,12.8,3497
DAAWAT,20110909,48.4,50.5,47.55,48.8,303275
DABUR,20110909,109.5,111,108.5,109.5,863030
DALMIABEL,20110909,118.3,122.55,118.3,121.7,1761
DALMIASUG,20110909,18,19,17.55,17.85,29120
DATAMATICS,20110909,28,28,27.05,27.3,2304
DBCORP,20110909,225,226.65,223.1,224.35,7914
DBREALTY,20110909,59.1,60.2,57.9,58.15,612038
DCB,20110909,49.4,50,47.5,47.75,2637045
DCHL,20110909,60.65,63.15,59,59.65,678296
DCM,20110909,51.8,52.25,49.05,49.75,31388
DCMSRMCONS,20110909,47.5,47.7,45.4,45.75,81993
DCW,20110909,9.4,10.05,9.3,9.4,206343
DECCANCE,20110909,160,160,140.1,147.75,104
DECOLIGHT,20110909,5,5.05,5,5,3403
DEEPAKFERT,20110909,173.7,174.95,169,169.85,54376
DEEPAKNTR,20110909,179,180,179,180,250
DEEPIND,20110909,71.5,74.1,71.1,71.45,46508
DELTACORP,20110909,106.05,112,105.4,106.3,19903231
DEN,20110909,43.9,46.95,43.55,45.35,266608
DENABANK,20110909,86,87.3,83.55,83.9,1857382
DENORA,20110909,83.5,85.45,82.65,83.65,1430
DENSO,20110909,58,58,55,57.45,2848
DEWANHOUS,20110909,225.1,225.1,216.4,220.6,96476
DHAMPURSUG,20110909,47.6,47.6,45.75,46.1,79351
DHANBANK,20110909,82.5,85,79,79.45,411078
DHANUKA,20110909,101.35,103,101.35,101.6,48946
DHARSUGAR,20110909,27.7,27.7,27,27.55,3394
DIAPOWER,20110909,106.1,108,100.6,106.65,152347
DICIND,20110909,235,235,230.15,231.45,282
DIGJAM,20110909,10.2,10.4,9.85,9.95,73634
DISHMAN,20110909,65,65.1,64,64.2,91982
DISHTV,20110909,80.4,80.9,76.65,77.3,5521948
DIVISLAB,20110909,722,744,716.5,721.05,65933
DLF,20110909,205.25,205.7,199.5,200.45,5573015
DLINKINDIA,20110909,22.75,24.6,22.75,23.8,38712
DOLPHINOFF,20110909,138.95,138.95,134.8,135.7,4000
DONEAR,20110909,22.4,22.4,19.2,20.65,8734
DPSCLTD,20110909,1925,2000,1925,1988.2,289
DPTL,20110909,128.95,139,128.95,137.2,1633
DQE,20110909,33.5,36.5,33.2,34.2,22533
DREDGECORP,20110909,269.9,285,269.9,277.3,45460
DRREDDY,20110909,1475,1484.95,1460.15,1467.8,333283
DSKULKARNI,20110909,57.4,58,56.3,57.1,6028
DUNCANSIND,20110909,11.4,11.7,10.9,11.2,20823
DWARKESH,20110909,46.3,46.85,44.5,45.2,10588
DYNAMATECH,20110909,1101,1129.95,1064,1077.85,969
DYNASYS,20110909,0.75,0.75,0.7,0.7,6594
EASTSILK,20110909,6.6,6.9,6.55,6.8,18086
EASUNREYRL,20110909,76.45,77,72.05,74.3,11090
ECEIND,20110909,112.95,112.95,106.2,109.45,909
ECLERX,20110909,724.2,724.2,711.25,715.25,5586
EDELWEISS,20110909,29.45,29.45,28.5,28.6,94624
EDL,20110909,103,105,102,102.9,13663
EDSERV,20110909,102.8,107.5,102,102.7,245720
EDUCOMP,20110909,231,234,222.8,224.45,2023027
EICHERMOT,20110909,1420,1453.8,1391.1,1431.85,89147
EIDPARRY,20110909,252.95,252.95,245,245.7,100623
EIHAHOTELS,20110909,150,150,143,145.5,32095
EIHOTEL,20110909,89.6,90.4,87.6,88.8,91766
EIMCOELECO,20110909,192.5,192.5,185,185.55,871
EKC,20110909,77.15,79.6,73.55,75.2,556835
ELDERPHARM,20110909,399.5,401.55,388.4,393.35,34382
ELECON,20110909,70.35,72.1,70.1,71.2,51223
ELECTCAST,20110909,30.25,31,29.75,30,555204
ELECTHERM,20110909,121.3,124.5,119.1,123.2,2064
ELFORGE,20110909,10.3,10.35,9.75,10.05,5594
ELGIEQUIP,20110909,69.55,70.9,69.55,70,9307
ELGIRUBCO,20110909,26.5,28.5,26.2,26.6,9057
ELNET,20110909,34,34,33.2,33.25,43
EMAMIINFRA,20110909,43.55,43.7,41.6,41.95,14630
EMAMILTD,20110909,471,482,454,457.7,22683
EMCO,20110909,49.5,50.8,48,49.95,93713
EMKAY,20110909,46.45,47,46.1,46.6,1626
EMMBI,20110909,13.7,13.8,13.3,13.4,16537
EMPEESUG,20110909,22.6,22.6,20.65,21.3,911
ENERGYDEV,20110909,35.7,38.8,35.6,37.65,11971
ENGINERSIN,20110909,248.4,260.95,248.4,254.2,174947
ENIL,20110909,255.1,263.95,250,254.2,27127
ENTEGRA,20110909,20.5,20.5,19.9,20.2,3814
EONELECT,20110909,63.85,63.85,60.55,62.3,7429
ERAINFRA,20110909,154.6,155,154.05,154.4,332577
EROSMEDIA,20110909,245,245.7,234.3,235.6,383242
ESABINDIA,20110909,505,509.95,496.05,499.75,2777
ESCORTS,20110909,75,76.3,71.25,71.75,1520773
ESL,20110909,7.05,7.05,6.95,7,558512
ESSAROIL,20110909,97,98.25,93.05,94.15,941505
ESSARPORTS,20110909,76,78.4,73,75,53694
ESSDEE,20110909,212,217,199,202.5,71992
ESSELPACK,20110909,38.5,39.4,37.15,37.9,19360
ESTER,20110909,31.8,32,30.5,30.65,29065
EUROMULTI,20110909,8.7,8.7,8,8.15,2590
EUROTEXIND,20110909,21.2,21.2,21.2,21.2,7
EVEREADY,20110909,40.9,40.9,38.35,38.6,195947
EVERESTIND,20110909,144.95,146.65,142.5,142.85,5591
EVERONN,20110909,262.5,270.7,255.1,256.4,2017207
EXCELCROP,20110909,148,154.7,146.05,150.8,17140
EXCELINDUS,20110909,63.35,65.4,62.1,63.8,1077
EXCELINFO,20110909,12.6,14.1,12.55,13.35,147222
EXIDEIND,20110909,142.7,143.55,135,136.95,3233401
FACT,20110909,40.2,40.8,38.25,38.4,59469
FAGBEARING,20110909,1230,1265,1210.25,1243.3,3398
FAME,20110909,44.7,46.85,44.7,44.7,73
FARMAXIND,20110909,2.7,2.8,2.35,2.4,153331
FCH,20110909,159,160.65,154.3,155.25,52832
FCSSOFT,20110909,0.65,0.75,0.65,0.7,943678
FDC,20110909,90,90,87.8,88.75,45518
FEDDERLOYD,20110909,71.5,72.4,69.55,70.5,10780
FEDERALBNK,20110909,385,397.6,383.05,385.5,652212
FIEMIND,20110909,159,160,155.2,156.9,621
FILATEX,20110909,42.5,42.7,42,42,4700
FINANTECH,20110909,811.15,812.25,770,776.3,97032
FINCABLES,20110909,40.6,40.8,39.6,40.2,43766
FINPIPE,20110909,70.75,71.8,69.55,70.1,22036
FIRSTLEASE,20110909,79,81.9,77,77.85,47760
FIRSTWIN,20110909,15.25,16.3,14.55,15.3,6613
FKONCO,20110909,109.6,115.3,107.5,111.7,27927
FMGOETZE,20110909,236.65,236.75,225.95,228.3,4368
FORTIS,20110909,155.2,156.4,151.6,151.95,174118
FOSECOIND,20110909,538,538,517,517.25,267
FOURSOFT,20110909,11.15,11.55,11.15,11.3,23554
FSL,20110909,13,13.4,12.65,12.75,3130220
FTCSF5YDIV,20110909,10.7,10.7,10.7,10.7,5000
FTCSF5YGRO,20110909,13.45,13.5,13.45,13.45,4438
FUTUREVENT,20110909,8.85,9.05,8.8,8.95,444330
GABRIEL,20110909,42.45,42.45,41.5,41.55,7998
GAEL,20110909,24.45,25.4,24.35,24.65,16854
GAIL,20110909,423.2,425,412.7,414.15,1480221
GAL,20110909,10.8,11.05,10.25,10.75,91225
GALLANTT,20110909,15.75,15.9,15.5,15.8,100
GALLISPAT,20110909,99,99,89,89.65,119257
GAMMNINFRA,20110909,14.95,14.95,14.35,14.65,211478
GAMMONIND,20110909,83.35,83.35,80.25,80.85,21157
GANDHITUBE,20110909,126,128.95,126,126,1040
GANESHHOUC,20110909,125,129.8,121.2,121.8,2831
GANGOTRI,20110909,4.1,4.5,4.1,4.4,12118
GARDENSILK,20110909,75.4,76.45,74,74.95,6554
GARWALLROP,20110909,60,60,58.7,59.05,10709
GATI,20110909,59,59.3,56.75,57.1,148364
GAYAPROJ,20110909,157,158.65,153.3,154.6,16270
GDL,20110909,135,142,134.25,140,198478
GEECEE,20110909,34.35,34.7,34.25,34.25,5560
GEINDSYS,20110909,144.55,147.6,142.1,145,4102
GEMINI,20110909,20.8,22,20.8,21.15,42910
GENESYS,20110909,219.5,226.95,216.25,220.75,10669
GENUSPOWER,20110909,15.45,16.25,15.4,15.7,182191
GEODESIC,20110909,62.1,62.85,60.15,60.7,281971
GEOJITBNPP,20110909,19.8,19.8,18.7,18.85,71833
GEOMETRIC,20110909,39,42.4,39,41.4,85130
GESHIP,20110909,248,248,237.4,244.7,450961
GHCL,20110909,39.6,39.75,38.1,38.6,81932
GICHSGFIN,20110909,92.65,92.9,90.15,90.5,53476
GILLANDERS,20110909,96,96,89,91,5053
GILLETTE,20110909,2020,2058.4,2002,2016.75,2659
GINNIFILA,20110909,8.15,8.5,7.9,8.05,17294
GIPCL,20110909,79.1,79.5,78.45,78.6,20422
GISOLUTION,20110909,11.15,12.55,11.15,12.55,4
GITANJALI,20110909,332.9,348,332.9,343.35,3816651
GKB,20110909,41,41,39.25,40.9,574
GKWLIMITED,20110909,480,480,465,467.55,54
GLAXO,20110909,2122.35,2130,2092.25,2094.35,6199
GLENMARK,20110909,324.4,326.5,320.1,323.95,112020
GLFL,20110909,3.4,3.5,3.25,3.35,10388
GLOBALVECT,20110909,20,20,19.6,19.6,100
GLOBOFFS,20110909,107.9,107.9,95.85,98.35,7284
GLOBUSSPR,20110909,125,125,122,122.5,2641
GLODYNE,20110909,328,328,320.5,323.85,39849
GLORY,20110909,3.55,3.75,3.55,3.65,166643
GMBREW,20110909,96.5,100.1,96.2,97.7,5283
GMDCLTD,20110909,189.95,189.95,177,182.1,362175
GMRINFRA,20110909,30,30.2,28.3,28.55,5461881
GNFC,20110909,99,99,94.05,94.4,132661
GOACARBON,20110909,76.1,78.5,76.1,76.7,1956
GODFRYPHLP,20110909,3599.9,3599.9,3432.05,3467.95,711
GODREJCP,20110909,423,431.7,420.6,428.1,69769
GODREJIND,20110909,212,213.2,201.2,203.55,495064
GODREJPROP,20110909,691,732.85,681,702.75,4031
GOENKA,20110909,45,46,44.4,45.45,14582
GOKEX,20110909,77.1,83,77.1,79.85,247
GOKUL,20110909,89.5,91.5,88.55,89.8,274076
GOLDBEES,20110909,2665.25,2722,2665.25,2713.45,191873
GOLDENTOBC,20110909,61.65,62.85,61,61.15,2056
GOLDIAM,20110909,34.4,34.6,33,33.45,7102
GOLDINFRA,20110909,14.55,14.55,13.75,14,6659
GOLDSHARE,20110909,2725,2730,2689.8,2723.35,8380
GOLDTECH,20110909,7,7.35,7,7,15243
GPIL,20110909,143,161.9,141.5,151.05,316478
GPPL,20110909,67.7,67.7,66,66.05,30521
GRABALALK,20110909,19.7,20.45,18.9,18.9,3161
GRANULES,20110909,74,77.45,72.75,76.1,5569
GRAPHITE,20110909,80.1,80.4,78.05,79.3,72581
GRASIM,20110909,2250,2280,2145,2155.15,111697
GRAVITA,20110909,332.7,334.65,325,326.2,34972
GREAVESCOT,20110909,88,88.95,87.15,88.45,34664
GREENPLY,20110909,193.9,195.95,190,193.85,2714
GREENPOWER,20110909,14.3,14.65,13.9,14,694127
GRINDWELL,20110909,233.7,237,230,231.05,3755
GRUH,20110909,480,486,480,485,8947
GSFC,20110909,421.5,443.5,421.5,432.4,202419
GSKCONS,20110909,2399.95,2413.5,2336.7,2345.9,1591
GSLNOVA,20110909,2.7,2.9,2.7,2.75,10812
GSPL,20110909,112.5,113.2,108.7,109.05,2630733
GSS,20110909,149.85,150,139,140.65,3283
GTL,20110909,52.8,73.6,52.65,70.05,52584405
GTLINFRA,20110909,12.6,15.1,12.6,13.75,35687000
GTNIND,20110909,13.5,14.6,13.5,14.6,914
GTNTEX,20110909,12,13.1,11.05,12.5,2300
GTOFFSHORE,20110909,150.95,152.7,144.25,145.3,110327
GUFICBIO,20110909,6.35,6.7,6.35,6.6,1454
GUJALKALI,20110909,149.95,149.95,141.65,146.65,299512
GUJAPOLLO,20110909,136.9,139.4,135.05,138.75,8408
GUJFLUORO,20110909,480,544.9,480,537.9,92789
GUJNRECOKE,20110909,29,29.4,27.9,28,3452133
GUJNREDVR,20110909,17.85,18.85,17.85,18.05,86362
GUJRATGAS,20110909,442,452,441.1,448,139808
GUJSIDHCEM,20110909,9.25,9.3,8.9,8.95,90218
GULFOILCOR,20110909,80.5,81.5,78.7,79.1,33996
GVKPIL,20110909,17.9,18.45,17.75,17.85,7896141
HALONIX,20110909,65.55,68,64.15,66.6,1486
HANUNG,20110909,122.7,126.75,119.8,121.05,1384221
HARITASEAT,20110909,74.55,74.55,74.55,74.55,25
HARRMALAYA,20110909,67.7,67.7,65.65,66.1,29807
HATHWAY,20110909,85,85,81.65,83.05,38571
HAVELLS,20110909,358.05,360.95,345.4,347.2,180121
HBLPOWER,20110909,16.2,17.1,16.2,17,137798
HBSTOCK,20110909,14.75,14.75,13.2,13.2,1303
HCC,20110909,31.8,31.8,30.45,30.7,2279434
HCIL,20110909,52,53,51.2,52.4,125695
HCL-INSYS,20110909,67.9,67.9,66.5,66.7,122738
HCLTECH,20110909,414.9,419.3,401.45,406,1253546
HDFC,20110909,664.85,671.9,660,661.55,2815669
HDFCBANK,20110909,483.9,485.7,470.7,473.25,2582854
HDFCMFGETF,20110909,2743,2789.3,2743,2773.9,4146
HDIL,20110909,110.45,110.75,105.1,105.55,6330997
HEG,20110909,223,225.75,219.05,220.4,4521
HEIDELBERG,20110909,36.3,38.2,35.7,35.95,242375
HELIOSMATH,20110909,25.9,26.55,25.15,25.45,7456
HERCULES,20110909,270,275.5,260.15,261.65,388624
HERITGFOOD,20110909,176,183.95,176,181.4,1052
HEROMOTOCO,20110909,2165.5,2237,2165.45,2222.5,868373
HEXAWARE,20110909,81.2,82.1,75.85,76.65,963643
HFCL,20110909,13.3,13.8,12.65,12.75,1436285
HGSL,20110909,349.45,349.5,333.15,340.5,1545
HIKAL,20110909,282.5,283,277,277.75,913
HILTON,20110909,14.2,15.95,14.2,15.35,3542
HIMATSEIDE,20110909,32.2,32.5,31.75,32.15,72679
HINDALCO,20110909,159.9,159.9,149.5,149.9,6304038
HINDCOMPOS,20110909,480,490,480,480,36
HINDCOPPER,20110909,230.55,252.15,230.55,239.35,427857
HINDDORROL,20110909,45.55,47.45,41.2,43.8,762124
HINDMOTORS,20110909,14.6,15.1,14.45,14.7,246497
HINDNATGLS,20110909,196.5,197.05,192,193.1,103
HINDOILEXP,20110909,133.15,134.45,127.2,128.05,826460
HINDPETRO,20110909,374.6,375.6,357.6,360.75,1122884
HINDUJAFO,20110909,74,74,71,71.3,1190
HINDUJAVEN,20110909,314.5,317.55,308.2,312.45,3803
HINDUNILVR,20110909,325.15,338,325,333.15,5585928
HINDZINC,20110909,130.9,130.9,126.9,128.85,380876
HIRECT,20110909,48,48,47.1,47.1,2442
HITACHIHOM,20110909,183.05,188.5,170.3,174.95,119031
HITECHGEAR,20110909,131.5,138,131.5,136.1,2289
HITECHPLAS,20110909,76.2,87,76.2,80.5,2118
HMT,20110909,45.25,47.7,45.2,45.6,137540
HMVL,20110909,147.45,147.45,142.1,143.05,573
HNGSNGBEES,20110909,1253,1270,1250,1270,11
HOCL,20110909,25.4,26.4,25.1,25.2,71314
HONAUT,20110909,2735,2736,2612.3,2630.9,6341
HONDAPOWER,20110909,390,404,382,400.3,6629
HOPFL,20110909,61,61,59.4,59.45,445
HORIZONINF,20110909,282.5,300.95,275,296.05,17084
HOTELEELA,20110909,40.15,40.15,37.5,38,211668
HOTELRUGBY,20110909,8.5,8.65,8.25,8.55,28635
HOVS,20110909,50.4,58.6,50.25,54.6,347712
HSIL,20110909,201,203.55,200,201.3,70739
HTMEDIA,20110909,144.1,144.6,141.25,142.75,17049
HYDRBADIND,20110909,325,328.95,315,318.05,6123
HYDROS&S,20110909,19.25,22.3,19.25,20.2,1062
IBPOW,20110909,15.4,15.4,15.1,15.15,141709
IBREALEST,20110909,87.45,88.75,84.75,85.95,4745724
IBSEC,20110909,9.45,9.8,9.25,9.35,373230
IBWSL,20110909,3.3,3.65,3.3,3.65,4358483
ICICIBANK,20110909,925.75,925.75,893.7,896.8,3239751
ICIL,20110909,11.3,11.3,10.7,10.7,300
ICRA,20110909,989.4,989.4,961.15,969.7,2638
ICSA,20110909,80.3,81,78,78.8,21302
IDBI,20110909,112.2,114,109,109.45,1726934
IDEA,20110909,100,101.8,94.75,96.25,6631361
IDFC,20110909,115.55,118.45,113.35,113.85,9260467
IFBIND,20110909,121.6,124,116.8,117.5,27408
IFCI,20110909,36.95,38.4,36.65,37,22845000
IFGLREFRAC,20110909,33,34.3,32.3,34,4419
IGARASHI,20110909,51.9,51.9,45.5,45.6,1396
IGL,20110909,435.25,446.4,435.25,442.05,105959
IGPL,20110909,24.1,25.45,24.1,25,693
IL&FSENGG,20110909,97.55,107.9,96.6,102.05,151616
IL&FSTRANS,20110909,185,205.95,185,191.5,193800
IMFA,20110909,352.1,357.35,340.05,343.45,707
IMPAL,20110909,633.2,639.95,630,635.15,138
IMPEXFERRO,20110909,7.75,8.25,7.75,8.25,41
INDBANK,20110909,8.55,8.7,8.35,8.6,16756
INDHOTEL,20110909,72.55,73.45,71.95,72.2,1171852
INDIABULLS,20110909,150.55,151.3,147.05,147.8,297664
INDIACEM,20110909,73.5,74.25,69.15,69.75,1819273
INDIAGLYCO,20110909,130.3,141.8,130.3,135.5,92016
INDIAINFO,20110909,74.3,74.35,72.1,73,262081
INDIANB,20110909,212,214.75,209,210.15,172425
INDIANCARD,20110909,99.75,99.75,93.1,97.65,12
INDIANHUME,20110909,132,132,127.35,130,785
INDLMETER,20110909,80,80.3,79.25,80.05,900
INDNIPPON,20110909,274.95,274.95,260.3,265.7,4339
INDOCO,20110909,404,404,386.05,393.75,525
INDORAMA,20110909,35.75,36.9,34.55,36.45,36976
INDOSOLAR,20110909,9.35,9.35,8.85,8.95,118463
INDOTECH,20110909,119.4,123,118,118.25,5412
INDOWIND,20110909,17.2,17.2,15.25,15.55,2032109
INDRAMEDCO,20110909,34.8,35.4,34.6,34.8,20127
INDSWFTLAB,20110909,89.25,91.9,88.3,88.75,76492
INDSWFTLTD,20110909,32,33.1,31,32.05,87691
INDTERRAIN,20110909,112.25,116,110.1,115.45,114
INDUSFILA,20110909,18.25,18.5,18.25,18.5,535
INDUSINDBK,20110909,266,272.4,262,267.7,667866
INEABS,20110909,555.1,578.9,548.2,562.75,1178
INFINITE,20110909,102,103.35,99.1,102.95,75611
INFODRIVE,20110909,11.05,11.3,10.65,10.65,2903
INFOMEDIA,20110909,13.9,13.9,13.25,13.35,4882
INFOTECENT,20110909,127.6,127.6,122,122.75,3494
INFRABEES,20110909,288,288,283,283,120
INFY,20110909,2328.1,2328.1,2261,2274.3,1549013
INGERRAND,20110909,498.4,509.9,480,483.7,41711
INGVYSYABK,20110909,298,307.8,296,297.7,230177
INNOIND,20110909,86,86.45,85,85.5,41736
INOXLEISUR,20110909,49.3,49.9,46.6,47.1,52909
INSECTICID,20110909,381.85,389.7,374.1,377.85,61081
INVENTURE,20110909,148.5,150.9,144.35,148.65,147932
IOB,20110909,112.25,113.5,108.1,108.65,585515
IOC,20110909,317.2,318,311,312.6,368127
IOLCP,20110909,31,31,31,31,17
IOLN,20110909,6.7,7.3,6.7,7.25,9405
IPCALAB,20110909,310,319.6,310,311.85,71006
IPGETF,20110909,2815.65,2815.65,2751.4,2797.95,1179
IRB,20110909,171.5,173.45,164.35,165.85,1464307
ISFT,20110909,56,56,54.4,55.65,123
ISMTLTD,20110909,40,40.6,39,39.55,41639
ITC,20110909,199.7,200.75,196.5,197.65,8053638
ITDCEM,20110909,151.95,152,148,148.7,788
ITI,20110909,25.55,26.9,25.4,25.8,175457
IVC,20110909,29.7,30.35,29.6,30,26599
IVP,20110909,49,49,47.1,47.7,1860
IVRCLAH,20110909,33.75,33.9,31.7,32,93997
IVRCLINFRA,20110909,45.85,47,44,44.3,8471971
J&KBANK,20110909,810,888.7,795.45,833,58985
JAGRAN,20110909,106,106.9,103.3,105,165967
JAGSNPHARM,20110909,13.75,13.9,13.75,13.8,1453
JAIBALAJI,20110909,140.95,143.75,131,132.95,21429
JAICORPLTD,20110909,92.65,92.8,87.7,88.1,337693
JAINSTUDIO,20110909,9.05,9.5,8.85,9.2,2631
JAMNAAUTO,20110909,126.8,126.8,118,118.05,486
JAYAGROGN,20110909,87,88.25,85.5,85.9,10629
JAYBARMARU,20110909,64.05,66.85,61.15,65.15,661
JAYNECOIND,20110909,20.85,20.95,19.5,19.55,102735
JAYSREETEA,20110909,142.55,145.8,142.25,142.85,15131
JBCHEPHARM,20110909,87,89.25,86,88,257815
JBFIND,20110909,139,143,137.5,139.9,87123
JBMA,20110909,61.5,63.05,61.5,63.05,110
JCTEL,20110909,1.6,1.8,1.45,1.5,2003217
JENSONICOL,20110909,4,4.05,3.9,4,39059
JETAIRWAYS,20110909,305,306.2,288.05,290.75,1246798
JHS,20110909,38.45,40.5,37.5,37.8,39000
JIKIND,20110909,6.2,6.65,6.2,6.4,3530
JINDALPHOT,20110909,157.15,161,155.25,156.2,66895
JINDALPOLY,20110909,220.3,220.9,211.7,213.25,210319
JINDALSAW,20110909,130,130.7,123.6,124.95,248632
JINDALSTEL,20110909,550,555,536.1,540.2,1466448
JINDALSWHL,20110909,672.4,689.5,657,661.25,37932
JINDCOT,20110909,94.95,95.9,93.2,93.7,51043
JINDRILL,20110909,350,388,350,369.35,3499
JINDWORLD,20110909,138.8,141,134.2,134.6,5540
JISLJALEQS,20110909,172,172.65,169.7,170.35,770763
JKCEMENT,20110909,118.5,118.5,113.2,114.3,10338
JKIL,20110909,120.15,123.8,115.15,116.8,23558
JKLAKSHMI,20110909,42.8,43.4,41,41.25,51322
JKPAPER,20110909,44.75,44.75,43.6,43.9,115215
JKTYRE,20110909,85,85.95,82.5,83.1,67660
JMCPROJECT,20110909,135,135.85,130.6,132.3,1233
JMFINANCIL,20110909,18.85,19.1,18.35,18.45,265687
JMTAUTOLTD,20110909,60,60,60,60,1500
JOCIL,20110909,288,290,285,288.35,2234
JPASSOCIAT,20110909,71.75,71.75,67.1,67.55,14822152
JPINFRATEC,20110909,43.7,44.7,42.2,42.75,361766
JPPOWER,20110909,35,35.2,34,34.1,315044
JSL,20110909,100.9,102,98,100.55,48089
JSWENERGY,20110909,59,62.95,57,59.3,1850759
JSWISPAT,20110909,16,16,15.05,15.3,3694102
JSWSTEEL,20110909,722.15,725,681.3,687.65,1884894
JUBILANT,20110909,212.7,224.95,209.2,222.9,803323
JUBLFOOD,20110909,925,947.9,902.7,914.35,1365225
JUBLINDS,20110909,174.8,182.9,174.8,178.8,18543
JUMBO,20110909,19.75,19.75,18.5,18.85,1582
JUNIORBEES,20110909,104.1,104.98,101.5,101.75,23554
JUPITER,20110909,17.3,17.75,16.85,17.05,378053
JVLAGRO,20110909,14.6,14.7,14,14.45,46938
JYOTHYLAB,20110909,173.5,174.4,171.05,171.55,37147
JYOTISTRUC,20110909,76.05,77,71.25,72,346774
KABRAEXTRU,20110909,43.3,43.4,41.55,42.6,1576
KAJARIACER,20110909,106.5,107.85,105.55,107.5,223032
KAKATCEM,20110909,74.95,74.95,72.5,72.55,477
KALECONSUL,20110909,72.9,73.9,71.3,71.85,1612
KALINDEE,20110909,122,122.6,117.15,117.9,136190
KALPATPOWR,20110909,115,116.8,114.15,115.2,11347
KAMATHOTEL,20110909,85,85.1,84,84.3,3119
KANDAGIRI,20110909,69.5,71,69.5,71,5
KANORICHEM,20110909,34.05,34.95,31.1,33.95,19760
KANSAINER,20110909,805.1,829.9,801.55,810.2,2881
KARMAENG,20110909,12,13,11.5,12,3302
KARURKCP,20110909,30.05,30.05,28.75,30,670
KARURVYSYA,20110909,370,377.7,368.1,376.35,155539
KAUSHALYA,20110909,8.45,8.8,8.4,8.75,2034
KAVVERITEL,20110909,130,132.05,129.05,129.95,24445
KBIL,20110909,660,674.95,660,660,172
KCP,20110909,26.35,26.35,25.75,25.85,18405
KCPSUGIND,20110909,16.2,16.2,15.6,15.65,5511
KEC,20110909,63,63.4,60.9,61.35,126121
KECL,20110909,35.55,38.55,35.55,36.2,1355
KEI,20110909,17.85,17.85,17.15,17.35,16453
KEMROCK,20110909,550.05,558.5,538.05,545.2,4374
KERNEX,20110909,102,103.15,98.9,99.3,37225
KESARENT,20110909,53,53,50.3,50.55,562
KESORAMIND,20110909,130,132.5,128.5,129.2,34216
KEYCORPSER,20110909,47,51,47,51,70
KFA,20110909,28.1,28.3,26.8,26.95,1394071
KGL,20110909,9.6,10.2,9.15,9.35,1653821
KHAITANELE,20110909,100,100,99,99,502
KHANDSE,20110909,15.85,15.85,15.75,15.75,955
KICL,20110909,509,537.2,495.5,503.4,221
KIL,20110909,14,14.6,13.9,14,9036
KILITCH,20110909,82,84,78.3,78.3,14679
KINETICMOT,20110909,16.6,17.45,16.1,16.9,23217
KIRIINDUS,20110909,152.6,155,147.55,149.55,17689
KIRLOSBROS,20110909,157.9,157.9,154.05,156.15,2084
KIRLOSENG,20110909,126.75,126.75,124.2,125,2145
KIRLOSIND,20110909,315,315,294,298.1,752
KITPLYIND,20110909,4,4.25,3.85,4.05,5702
KKCL,20110909,849.3,849.3,831,836.8,801
KLGSYSTEL,20110909,34.7,37.95,34.15,36.9,55561
KLRF,20110909,24,25.05,23,25,610
KMSUGAR,20110909,3.1,3.25,3,3.05,8816
KNRCON,20110909,106,106.4,104,105.25,4980
KOHINOOR,20110909,45.5,51,44.7,45.15,330155
KOLTEPATIL,20110909,40,41.2,39,39.8,19779
KOPDRUGS,20110909,5.8,5.8,5.55,5.8,1581
KOPRAN,20110909,25.4,25.4,23.9,24,12440
KOTAKBANK,20110909,470.35,471,457.1,459.7,554690
KOTAKGOLD,20110909,2725,2919.2,2686.05,2737.85,36583
KOTAKNIFTY,20110909,521.5,522.5,514,514.97,509
KOTAKPSUBK,20110909,348,349,344,345.65,620
KOTARISUG,20110909,6.15,6.65,6.15,6.2,29362
KOTHARIPET,20110909,7.15,7.6,7.1,7.6,38555
KOTHARIPRO,20110909,588,608,578,582.05,10433
KOUTONS,20110909,22.15,23.45,21.4,21.7,128982
KPIT,20110909,154.4,155.2,148,148.85,64929
KPRMILL,20110909,101.7,103.9,100,100.2,53845
KRBL,20110909,27.5,29.7,27.45,29.15,3596872
KRISHNAENG,20110909,3.15,3.8,3.15,3.8,14749
KSBPUMPS,20110909,225.5,225.5,218.1,219.55,898
KSCL,20110909,490,490,466.05,473.4,8645
KSK,20110909,101,101.7,100.75,101.3,158866
KSL,20110909,57.15,58.2,56,56.35,16055
KSOILS,20110909,10.85,11.65,10.55,11.05,32427099
KTIL,20110909,74,75.8,74,74.05,502
KTKBANK,20110909,99.5,100.7,96.25,97.2,857811
KWALITY,20110909,166.95,167,165.75,166.8,445161
L&TFH,20110909,51.9,52.2,50.8,50.95,1657760
LAKPRE,20110909,39.2,42.3,39.2,42.05,4362
LAKSHMIEFL,20110909,28.4,29,26.9,28,408352
LAKSHMIMIL,20110909,1680,1681,1675,1679.6,12
LAKSHVILAS,20110909,106,107.9,104.15,104.75,51781
LANCOIN,20110909,37.7,37.7,35.9,36.2,9554
LAOPALA,20110909,123.05,125,117,117.6,67623
LAXMIMACH,20110909,2055.4,2055.4,1995,2010.8,6250
LCCINFOTEC,20110909,0.55,0.6,0.55,0.55,146151
LGBBROSLTD,20110909,286.9,289,282,282.85,687
LGBFORGE,20110909,3.25,3.25,2.85,2.9,69684
LIBERTSHOE,20110909,87.85,91.85,87.1,88.15,124664
LICHSGFIN,20110909,219,223.9,216.75,218.35,2405371
LIQUIDBEES,20110909,1000,1000.01,999.99,1000,206238
LITL,20110909,18.9,18.9,17.65,17.8,20201274
LLOYDELENG,20110909,54.3,54.3,52.75,53.6,17409
LLOYDFIN,20110909,1.1,1.1,1,1.05,7722
LLOYDSTEEL,20110909,16.15,16.4,15.25,15.4,396949
LML,20110909,9.75,10.25,9.5,9.65,360452
LOGIXMICRO,20110909,14.1,14.9,13.5,13.75,4605
LOKESHMACH,20110909,41.55,42,40,40.7,5203
LOTUSEYE,20110909,9.75,10,9.75,9.85,4028
LOVABLE,20110909,609.95,632.3,607.05,612.3,1195913
LPDC,20110909,3,3.15,2.4,2.85,62877
LT,20110909,1705.05,1714,1678.65,1692.55,1955931
LUMAXAUTO,20110909,28.6,31.5,28.6,29.75,2598
LUMAXIND,20110909,359.95,365,341.8,348.6,44987
LUMAXTECH,20110909,175,175.25,172.25,172.9,1549
LUPIN,20110909,474.65,480.8,471.55,474.95,640556
LYKALABS,20110909,15,16.1,15,15.45,11467
M&M,20110909,791.9,801.9,788,791.45,1821141
M&MFIN,20110909,665,665.5,651,654.8,57355
M100,20110909,7.52,7.52,7.25,7.26,36131
M50,20110909,69.45,69.45,67.1,67.19,10222
MAANALU,20110909,59.9,59.9,51,52.1,678
MADHAV,20110909,18.35,18.45,18.2,18.2,805
MADHUCON,20110909,82.75,82.75,80.6,81.2,13373
MADRASCEM,20110909,100.5,100.75,92.3,93.2,279699
MADRASFERT,20110909,23.9,24.15,23.15,23.3,268528
MAGMA,20110909,73.7,73.7,71.9,72.45,8507
MAGNUM,20110909,5,5.2,5,5.05,2156
MAHABANK,20110909,52.3,52.3,51.05,51.15,98527
MAHINDFORG,20110909,65.9,65.9,63.45,63.75,4798
MAHINDUGIN,20110909,49.1,50.4,49.1,49.7,3900
MAHLIFE,20110909,313.9,313.9,296,299.15,6995
MAHSCOOTER,20110909,334.95,339,330.2,330.2,135
MAHSEAMLES,20110909,367.95,373,355,369.8,17727
MAITHANALL,20110909,106.75,107,106,107,192
MALUPAPER,20110909,12,12,11.55,11.9,760
MALWACOTT,20110909,30.95,31.05,29.2,30.5,1972
MANAKSIA,20110909,61.2,61.35,60.3,60.3,1483
MANALIPETC,20110909,11.9,12.05,11.5,11.55,57703
MANAPPURAM,20110909,55,56.5,55,55.35,478245
MANDHANA,20110909,219.95,223.95,216.05,218,153195
MANGALAM,20110909,16,16,13.1,13.25,2626
MANGCHEFER,20110909,35.2,35.65,34.1,34.3,346555
MANGLMCEM,20110909,106,106,104.4,105.1,5674
MANGTIMBER,20110909,17.65,17.8,17,17.6,916
MANINDS,20110909,135.2,148.95,135.2,145.35,38519
MANINFRA,20110909,115,116.85,114,116.65,7263
MANJEERA,20110909,89,93,89,92.95,104
MANJUSHREE,20110909,88.05,91,87.6,89.35,2610
MANUGRAPH,20110909,48.6,49,48.15,48.2,7252
MARALOVER,20110909,11.45,12.25,11.45,11.7,550
MARG,20110909,89.6,89.6,83.8,84.4,33526
MARICO,20110909,160.6,163,157,157.4,63731
MARKSANS,20110909,2.3,2.35,2.2,2.25,426453
MARUTI,20110909,1136,1149,1098.9,1103.4,355468
MASTEK,20110909,98.8,100,95.75,96.45,44710
MAWANASUG,20110909,19.45,19.55,18.5,18.8,6191
MAX,20110909,200,209.45,197.15,206.25,798822
MAXWELL,20110909,26.2,26.2,24.65,26.2,163033
MBECL,20110909,132.25,135.55,128.6,129.6,3198
MBLINFRA,20110909,128,135.5,128,133.25,8680
MCDHOLDING,20110909,63.65,63.65,61.1,61.55,6523
MCDOWELL-N,20110909,916.7,921.8,886.9,891.8,128403
MCLEODRUSS,20110909,256,260.6,250.05,256.25,228398
MEGASOFT,20110909,18,18,17.05,17.15,1386
MEGH,20110909,10.15,10.3,10,10.15,39855
MELSTAR,20110909,8,8.55,7.8,8.25,134
MERCK,20110909,646.6,670,633.9,660,64148
MHRIL,20110909,340.1,344.4,337.05,338.75,6252
MIC,20110909,11.3,12.6,11.3,12.4,180832
MICROSEC,20110909,30,31.95,29.8,30.9,59383
MICROTECH,20110909,122,122.8,119.3,121.5,35329
MINDAIND,20110909,199.8,199.8,191,191,278
MINDTREE,20110909,348.35,359.95,348.35,352.8,19098
MIRCELECTR,20110909,19.35,19.35,18.55,18.7,40348
MIRZAINT,20110909,18.6,18.6,17.8,17.9,34006
MLL,20110909,27.3,27.9,25.5,25.75,1248494
MMFL,20110909,100,106.35,100,102.25,1710
MMFSL,20110909,116.1,120.05,104,106.95,65198
MMTC,20110909,717.75,751,712,721.95,44596
MOIL,20110909,305.8,305.8,298.05,298.8,104053
MONNETISPA,20110909,503.8,503.8,492,493.7,5601
MONSANTO,20110909,1815.05,1815.05,1796,1797.35,1836
MORARJETEX,20110909,15.05,15.05,13.8,14.2,4247
MOREPENLAB,20110909,4,4.2,4,4,188064
MOSERBAER,20110909,24.1,25.15,23.15,23.3,1886525
MOTHERSUMI,20110909,201,204.5,196.45,202.1,35708
MOTILALOFS,20110909,89.05,89.65,84.15,84.85,3841
MOTOGENFIN,20110909,40.5,41.85,40.5,41.85,28
MPHASIS,20110909,356,358.25,340.2,343.5,193486
MPSLTD,20110909,34.75,37.8,34.5,37.25,2975
MRF,20110909,7319,7319,7053.15,7095.9,7405
MRO-TEK,20110909,11.6,11.75,11.4,11.6,3848
MRPL,20110909,68.5,69.75,67.3,67.7,738485
MSPL,20110909,45.75,46,44.65,45.05,11333
MTNL,20110909,37.5,38,35.55,35.8,933673
MUDRA,20110909,25.9,26.2,25.5,25.55,5537
MUKANDENGG,20110909,28.3,29.7,28.3,28.55,1740
MUKANDLTD,20110909,36.35,36.35,35,35.15,5487
MUKTAARTS,20110909,39.95,39.95,36.5,38.7,256
MUNDRAPORT,20110909,162.45,162.45,153.05,154.15,541841
MUNJALAU,20110909,185,185,177.5,178.65,29076
MUNJALSHOW,20110909,63.15,65.9,63.15,64.7,11042
MURLIIND,20110909,26,28.95,25.15,26.1,11432
MURUDCERA,20110909,16.85,18,16.25,17.35,7942
MUTHOOTFIN,20110909,177.95,182,175,179.05,106637
MVL,20110909,24.5,25.9,24.5,25.45,1771916
MVLIND,20110909,13.7,13.7,13.25,13.65,253
MYSOREBANK,20110909,618,622.25,603,607.3,2533
N100,20110909,100,100.98,97.18,98.2,5115
NAGREEKCAP,20110909,26.9,27.35,25.05,25.55,254
NAGREEKEXP,20110909,22.1,27,22.1,24.4,34157
NAHARCAP,20110909,53,56,53,53.9,783
NAHARINDUS,20110909,46.5,46.8,44.25,44.25,252
NAHARPOLY,20110909,22.8,23.7,22.8,23.55,2628
NAHARSPING,20110909,64,64.85,60.5,64.4,12214
NANDAN,20110909,2.65,2.7,2.6,2.6,39189
NATCOPHARM,20110909,250,251.85,245.25,246.85,4313
NATIONALUM,20110909,69.9,69.9,65.2,65.6,357121
NATNLSTEEL,20110909,16.4,16.85,16.25,16.3,18664
NAUKRI,20110909,713.75,713.75,695,703.15,645
NAVINFLUOR,20110909,352.15,372,350.2,369.85,86193
NAVNETPUBL,20110909,65.3,65.85,62.55,65.5,59979
NBVENTURES,20110909,189.95,189.95,173.1,181.1,23094
NCC,20110909,66,67.4,65,66.3,1257121
NCLIND,20110909,36.15,37.45,35.05,35.4,30615
NDTV,20110909,50.5,52.3,49.75,50.25,35449
NECLIFE,20110909,23.5,25,23.5,24.05,557914
NEHAINT,20110909,134,134.95,123,128.65,27783
NELCAST,20110909,23.9,23.9,22.1,22.55,52243
NELCO,20110909,60.4,60.4,57.25,57.6,23848
NEOCURE,20110909,2.75,2.75,2.75,2.75,34914
NEPCMICON,20110909,4.1,4.5,4.05,4.25,17353
NESCO,20110909,608.4,614.5,586,588.5,37666
NESTLEIND,20110909,4410,4449.9,4375.05,4387.15,2251
NET4,20110909,146.5,148.95,138.95,139.9,19548
NETWORK18,20110909,96,96.45,94,94.1,63601
NEULANDLAB,20110909,90.05,91.5,90.05,91.5,2
NEXTMEDIA,20110909,5.25,5.25,4.7,4.8,88842
NEYVELILIG,20110909,87.2,90.1,86.7,87.2,195223
NFL,20110909,81.4,83.7,78.7,79.55,168958
NHPC,20110909,24.2,24.65,24,24.2,4217377
NICCO,20110909,2.9,3,2.85,2.95,13125
NIFTYBEES,20110909,522.99,524,514,515.29,62733
NIITLTD,20110909,47.6,47.6,45.85,46.1,118780
NIITTECH,20110909,206.1,208.5,203.6,205.25,70871
NILKAMAL,20110909,271.65,274,261.5,264.45,51912
NIPPOBATRY,20110909,400,400,390,393.95,186
NISSAN,20110909,2.25,2.4,2.25,2.25,58031
NITCO,20110909,53,54,52,52.4,18130
NITESHEST,20110909,19.8,20,19.25,19.85,79496
NITINFIRE,20110909,142.65,146.25,139.7,141.45,373729
NITINSPIN,20110909,7,7.3,7,7.05,8489
NMDC,20110909,232.05,248.5,227,232.45,474351
NOCIL,20110909,16.4,17.2,16.35,16.4,221576
NOIDATOLL,20110909,24.25,24.25,23.65,23.8,105111
NORBTEAEXP,20110909,5.35,5.65,5.3,5.5,286
NORTHGATE,20110909,11.7,11.7,10.95,11.1,24139
NOVOPANIND,20110909,41.4,41.95,40,41.85,2268
NRBBEARING,20110909,46.2,47.9,45,45.6,26177
NRC,20110909,4.25,4.5,4.25,4.3,8553
NSIL,20110909,655.1,655.1,655.1,655.1,4
NTPC,20110909,167,168,162.8,163.35,2350184
NUCHEM,20110909,3.05,3.3,3,3,11464
NUCLEUS,20110909,66.55,68.75,65.15,65.6,19008
NUMERICPW,20110909,207.3,208.9,201.15,202.8,1180
NUTEK,20110909,3.1,3.1,3,3.05,1016086
OBEROIRLTY,20110909,227.5,227.5,219,221.1,12126
OCL,20110909,100.3,102,98.5,99.85,8136
OFSS,20110909,1940,1944,1861.5,1888.3,19019
OIL,20110909,1325,1327,1310.1,1319.55,46376
OILCOUNTUB,20110909,66,68,64.5,65,5989
OISL,20110909,47.35,53.15,47.35,52.65,2983
OMAXAUTO,20110909,40.45,40.8,39.8,40.05,5413
OMAXE,20110909,140.2,140.5,138.25,138.7,119130
OMKARCHEM,20110909,69.8,72.9,69.8,70.3,10159
OMMETALS,20110909,28,28.65,28,28.55,1200
OMNITECH,20110909,145.1,148,143,143.8,28438
ONGC,20110909,262.05,263.8,261,262.2,4277538
ONMOBILE,20110909,65.3,69,63.6,64.15,1565134
ONWARDTEC,20110909,34.5,34.5,34,34.15,728
OPTOCIRCUI,20110909,257.8,266.6,257,260.9,501476
ORBITCORP,20110909,37.9,38.15,35.9,36.25,221108
ORCHIDCHEM,20110909,200.7,205.8,192.4,193.55,1279077
ORIENTABRA,20110909,34.05,34.5,33.5,33.95,56458
ORIENTALTL,20110909,9,9,8.2,8.25,1725
ORIENTBANK,20110909,320.75,321,301,302.7,462320
ORIENTCERA,20110909,50,50.85,50,50.25,814
ORIENTHOT,20110909,26.6,27.6,26.05,26.55,17374
ORIENTLTD,20110909,76,78.15,74,77.8,1057
ORIENTPPR,20110909,62.95,62.95,60.1,60.8,46165
ORISSAMINE,20110909,48998.95,49700,47321,47554.9,1512
OSWALMIN,20110909,25.6,25.6,25.6,25.6,11
OUDHSUG,20110909,24.2,25.2,24,24.05,8149
PAEL,20110909,23.05,23.35,22.7,22.7,1746
PAGEIND,20110909,2709,2709,2650,2686.65,8838
PANACEABIO,20110909,145,147.5,141.25,142.1,9792
PANASONIC,20110909,117,123,111.3,119.7,1660
PANCARBON,20110909,135,135,135,135,120
PANORAMUNI,20110909,12.6,13,12.35,12.4,13479
PANTALOONR,20110909,299.9,303.5,285.15,288.5,267746
PAPERPROD,20110909,81.8,81.9,78.55,79.15,42397
PARABDRUGS,20110909,28,31.25,27.4,30.3,550907
PARACABLES,20110909,3.25,4,3.25,3.55,91052
PARAL,20110909,260,267,258,264.8,36338
PARAPRINT,20110909,24.6,25.75,24.25,24.85,101119
PARASPETRO,20110909,0.55,0.55,0.5,0.5,71882
PARRYSUGAR,20110909,102,102,100.1,101.35,140
PARSVNATH,20110909,61,61,57.05,60.25,2790729
PATELENG,20110909,109.45,113.6,106.5,107.15,692211
PATINTLOG,20110909,32,33.5,31,32,82258
PATNI,20110909,287,289,277.3,279.45,30021
PATSPINLTD,20110909,12,12.8,12,12.5,12692
PBAINFRA,20110909,46.5,47.85,46.05,46.3,3188
PDPL,20110909,116.65,124.4,116.65,118.9,3262
PDUMJEPULP,20110909,20,20,18,18.55,8204
PEACOCKIND,20110909,2.85,3.05,2.7,2.95,2002
PEARLPOLY,20110909,24.15,24.15,23.05,23.1,270930
PENIND,20110909,38.05,38.95,37.65,38.15,9188
PENINLAND,20110909,46,47.9,46,46.8,109155
PERIATEA,20110909,146,146,138.65,139.1,370
PERSISTENT,20110909,314,314,304,306.1,4216
PETRONENGG,20110909,321.1,327.05,321.1,326.65,88
PETRONET,20110909,177,177.9,173.4,174.1,1755948
PFC,20110909,149.55,153.7,146.45,148,3335756
PFIZER,20110909,1415,1429.95,1378.2,1391.15,3336
PFOCUS,20110909,63.75,63.75,60.5,60.8,577632
PFS,20110909,16.5,17.5,16.25,16.55,183998
PGHH,20110909,1951.5,1975,1951.5,1959.45,84
PHILIPCARB,20110909,150,156,150,153.15,69681
PHOENIXLTD,20110909,218.95,229,218.8,220.4,58887
PIDILITIND,20110909,167,168.4,165.5,166.35,19750
PIIND,20110909,618,618,597,599.95,4800
PIONDIST,20110909,50,50,50,50,50
PIONEEREMB,20110909,11.75,12.1,11.75,11.9,1378
PIPAVAVYD,20110909,79.1,83.65,78.3,81.7,6808846
PIRGLASS,20110909,128,139.4,128,135.25,41341
PIRHEALTH,20110909,369,369,356,356.8,194774
PIRLIFE,20110909,88,88,86,86.35,18290
PITTILAM,20110909,40.6,42.5,40.55,41.55,3704
PLASTIBLEN,20110909,181,186,177.5,177.5,162
PLETHICO,20110909,372,375,372,373.75,51729
PNB,20110909,963.7,976,946.35,966.6,698020
PNBGILTS,20110909,25.05,25.05,24.4,24.6,22093
PNC,20110909,15.85,15.85,14.55,15.1,10290
POCHIRAJU,20110909,13,13.95,12.9,13.85,14096
POLARIND,20110909,4.3,4.55,4.2,4.35,4796
POLARIS,20110909,134.9,137.5,129.5,130.25,674010
POLYPLEX,20110909,199.85,200,194.5,194.9,27601
PONDYOXIDE,20110909,31.75,32,31.6,31.9,4074
PONNIERODE,20110909,81.55,83.5,81.5,81.55,902
POWERGRID,20110909,96.1,96.95,95.45,96.1,3815259
PPAP,20110909,91.95,91.95,89.85,90.1,427
PRADIP,20110909,56.85,58.85,56,57.2,4658
PRAENG,20110909,8,8.2,7.7,7.85,82348
PRAJIND,20110909,74.5,75.95,71.55,72.2,1086660
PRAKASH,20110909,54,55.7,52.7,53.2,282437
PRAKASHSTL,20110909,123,129,123,126.15,5015
PRATIBHA,20110909,51.15,51.15,48.6,49.1,35008
PRECOT,20110909,113.1,116.55,113.1,116.1,886
PRECWIRE,20110909,99.7,99.75,96.6,96.6,433
PREMIER,20110909,85.5,88,83.2,84,776
PRESTIGE,20110909,96.3,98.9,94.2,94.8,86573
PRETAILDVR,20110909,191,194,185.05,190.45,593
PRICOL,20110909,16.85,17,16.6,16.75,8566
PRIMESECU,20110909,17.1,17.15,16.5,16.7,8124
PRISMCEM,20110909,44.9,46.25,42.25,42.5,212311
PRITHVI,20110909,23.25,23.25,21.75,21.95,17894
PRITHVISOF,20110909,15,15,15,15,10
PROVOGUE,20110909,31.85,32.15,31.25,31.4,365745
PSB,20110909,73,73.75,72.5,72.65,122056
PSL,20110909,64.55,64.8,63.1,63.45,45621
PSUBNKBEES,20110909,345,348,337,338.29,4719
PTC,20110909,75.8,75.8,73.25,73.6,331040
PTL,20110909,31,32.7,31,31.8,4508
PUNJABCHEM,20110909,73.5,76.5,72.65,75.05,2102
PUNJLLOYD,20110909,65,65.15,61.4,62.05,3592764
PURVA,20110909,70.8,72.5,70.35,70.75,12612
PVP,20110909,6.25,6.25,5.85,5.9,27623
PVR,20110909,122.3,124,120,120.2,23211
QGOLDHALF,20110909,1340.15,1364.95,1339.85,1361.5,1252
QNIFTY,20110909,554,554,516,516,31
QUINTEGRA,20110909,2.9,3.35,2.9,3.1,30400
RADAAN,20110909,2.3,2.45,2.3,2.35,10000
RADICO,20110909,125.95,126,124.2,125.4,485657
RAINBOWPAP,20110909,60.95,61.2,60.2,60.95,49577
RAINCOM,20110909,30.05,30.85,29.5,29.65,109303
RAJESHEXPO,20110909,113.25,113.25,112.25,112.8,170530
RAJOIL,20110909,22.2,22.25,21.05,21.3,100595
RAJPALAYAM,20110909,213,216.2,211,214.15,1502
RAJRAYON,20110909,10.1,10.1,10.1,10.1,392
RAJSREESUG,20110909,38.5,41.9,38.5,39.45,4079
RAJTV,20110909,57.1,57.1,53.5,56.1,108494
RAJVIR,20110909,109,117,104,114,563
RALLIS,20110909,172.4,174.8,169,170,49807
RAMANEWS,20110909,12.55,12.9,12.3,12.55,23843
RAMCOIND,20110909,41.5,41.5,40.05,41.2,9349
RAMCOSYS,20110909,65.6,65.8,64.3,65.15,7179
RAMKY,20110909,230,231,222.2,224.55,11265
RAMSARUP,20110909,10.85,10.95,10.2,10.55,36370
RANASUG,20110909,4.5,4.5,4.3,4.3,160324
RANBAXY,20110909,508.4,517,498.6,502.6,950128
RANEENGINE,20110909,218.3,218.3,210.1,217.9,14
RANEHOLDIN,20110909,215.1,217.95,211.9,214.6,1575
RANKLIN,20110909,15,16.05,15,16.05,44259
RATNAMANI,20110909,106.7,107.95,106.05,106.1,640
RAYMOND,20110909,361.85,368.8,346.3,349.8,233414
RBL,20110909,110.25,114.95,110.25,114.95,27
RBN,20110909,87.9,88.9,83.8,84.75,50148
RCF,20110909,84,85.4,80.85,81.35,717830
RCOM,20110909,89.9,93.3,81.05,83.8,17703714
RECLTD,20110909,181,182,171.3,172.8,2870342
REDINGTON,20110909,95.2,98.05,95.15,96.25,27453
REFEX,20110909,15.2,16,15.15,15.7,7058
REIAGROLTD,20110909,25.95,26.9,25.95,26.5,704445
REISIXTEN,20110909,27.55,28.4,26.5,27.1,5920
RELAXO,20110909,369,369.95,343.7,353.45,848
RELBANK,20110909,917,917,891,897.74,127
RELCAPITAL,20110909,426.2,432,404.15,409.5,2366170
RELGOLD,20110909,2622,2663.9,2616.05,2651.65,27764
RELGRNIFTY,20110909,412.35,508.91,412.35,490,35
RELIANCE,20110909,852.15,858.55,823.7,825.75,6757863
RELIGARE,20110909,415,416.5,408,409.85,8262
RELIGAREGO,20110909,2768.4,2809.8,2768.4,2790.55,3051
RELINFRA,20110909,487.9,492,461,465.25,1387773
RELMEDIA,20110909,101.55,102.9,95.6,97.15,487003
RENUKA,20110909,62.65,63.2,60.1,60.8,6025650
REPRO,20110909,148,154.9,144,144.3,25521
RESPONIND,20110909,115.1,117.5,114.5,115.5,10751
RESURGERE,20110909,0.35,0.35,0.3,0.35,5627193
REVATHI,20110909,400,400,369,369.05,659
RICOAUTO,20110909,13,13,12.5,12.6,71958
RIIL,20110909,464,476,445,447.95,262640
RJL,20110909,91.2,97,90.5,96.95,3397
RKDL,20110909,16.5,18.5,16.5,17.65,13839
RKFORGE,20110909,107,115.95,106.25,107.65,7534
RMCL,20110909,5.2,5.45,5.2,5.4,5690
RML,20110909,129.55,129.55,120,120,473
ROHITFERRO,20110909,31.95,32.05,31,31.25,24160
ROHLTD,20110909,55.4,55.5,55,55.05,13445
ROLTA,20110909,101,102.4,97,97.5,486409
ROMAN,20110909,24.25,24.25,22.65,22.85,504
RPGLIFE,20110909,80.85,80.85,79,79.05,1221
RPOWER,20110909,85,86.05,81.1,81.6,4276850
RPPINFRA,20110909,68,74,67.1,71.6,16693
RSSOFTWARE,20110909,51.2,56.95,51.2,53.05,4607
RSWM,20110909,102,102.9,100.9,101.45,12239
RSYSTEMS,20110909,104.6,104.6,104.55,104.55,962
RUBYMILLS,20110909,1010,1010,935,939.05,437
RUCHINFRA,20110909,16.5,19,16.5,17.85,51187
RUCHIRA,20110909,9.45,10.05,8.85,9.9,30419
RUCHISOYA,20110909,108.4,109,106.15,107.15,145240
RUSHIL,20110909,134.45,145.85,134.45,144.65,1402304
SABERORGAN,20110909,121,121.9,121,121.45,5976
SABTN,20110909,65.9,66.05,62.25,64.05,66831
SADBHAV,20110909,132.1,145,132.1,135.1,18400
SAGCEM,20110909,144,144,138.55,138.55,343
SAHPETRO,20110909,32.35,33.55,32.35,32.45,794
SAIL,20110909,117.5,118,111.1,112.1,3729368
SAKHTISUG,20110909,29.9,30.15,29.2,29.3,41309
SAKSOFT,20110909,82,82,79.65,81.15,3899
SAKUMA,20110909,14,14.05,14,14,229
SALONACOT,20110909,17,17,16.65,16.65,212
SALSTEEL,20110909,5.8,5.8,5.5,5.55,24803
SAMBANDAM,20110909,79.85,80,74,76.55,1392
SAMBHAAV,20110909,1.45,1.45,1.25,1.25,2057
SANDESH,20110909,285,292,273.55,285.6,81
SANGAMIND,20110909,33.5,34.4,33.1,33.5,6502
SANGHIPOLY,20110909,1.6,1.7,1.4,1.4,12251
SANGHVIFOR,20110909,25.35,26.7,25.35,26.25,8322
SANGHVIMOV,20110909,123.1,125.45,119.2,120.5,12013
SANWARIA,20110909,23.25,25.85,21.6,22.2,448648
SARDAEN,20110909,153,159,151.05,151.2,36958
SAREGAMA,20110909,62.65,64.9,62.3,62.35,15171
SARLAPOLY,20110909,111,114,109,109.05,2010
SASKEN,20110909,110.85,111.9,105.15,105.9,59265
SATHAISPAT,20110909,44.5,45.5,43.4,43.85,5010
SATYAMCOMP,20110909,72.1,72.25,69.1,69.55,3014165
SAVERA,20110909,39,39.3,36.7,38.8,2841
SB&TINTL,20110909,21,22,21,21.3,128371
SBBJ,20110909,428.3,434.7,421,422.35,12337
SBIGETS,20110909,2775.85,2788.7,2745,2779.95,9205
SBIN,20110909,2030,2047.95,1940,1952.7,3651478
SBT,20110909,651.9,652,637.15,640.3,7588
SCI,20110909,88.05,91.65,87.6,88.35,939253
SEAMECLTD,20110909,106.1,107,103.1,103.4,5544
SEINVEST,20110909,9,9.1,8.75,9.05,124075
SELAN,20110909,304.05,315.4,292,299.95,31155
SELMCL,20110909,14.6,15.15,14.05,14.2,689997
SENTINEL,20110909,14.05,15.6,14.05,14.7,11892
SERVALL,20110909,6.75,7.1,6.7,6.95,59928
SESAGOA,20110909,232,232.85,227.2,228.3,1991135
SESHAPAPER,20110909,206,206.95,203.95,204,128
SEZALGLASS,20110909,2.85,2.95,2.7,2.85,24873
SGJHL,20110909,138.95,154.3,138.05,146.55,347996
SGL,20110909,4.25,4.25,4.25,4.25,100
SHAHALLOYS,20110909,10.35,11,10.35,10.85,450
SHALPAINTS,20110909,486.7,486.7,460,486.35,46630
SHANTIGEAR,20110909,41.75,42.4,41.3,41.5,36997
SHARIABEES,20110909,115.5,115.5,113,113.9,260
SHARRESLTD,20110909,55,58.8,54.65,56.5,100756
SHASUNPHAR,20110909,69.95,70.3,66.5,68,64326
SHILPAMED,20110909,211.05,221,210,220.35,2194
SHILPI,20110909,12.4,14.05,12.4,13.65,60911
SHIV-VANI,20110909,178.1,181.2,176.35,178.65,22767
SHIVTEX,20110909,28,29.8,28,28.7,3864
SHLAKSHMI,20110909,85,87,82.65,83.65,48819
SHOPERSTOP,20110909,393.1,397,384,386.4,5715
SHPRE,20110909,7.4,7.4,6.35,6.45,16588
SHREEASHTA,20110909,5.5,6.05,5.2,5.9,16329108
SHREECEM,20110909,1650,1670,1632.05,1641.35,955
SHREERAMA,20110909,5.3,5.3,4.85,4.9,2069
SHRENUJ,20110909,55,56.3,54,55.7,4365
SHREYANIND,20110909,21.35,21.35,20.5,20.55,472
SHREYAS,20110909,29,29.5,28.5,28.55,725
SHRIRAMCIT,20110909,544.95,544.95,538,540.3,1121
SHRIRAMEPC,20110909,127.15,128.95,126.5,126.7,1300
SHYAMTEL,20110909,39.6,42,39,39.8,29211
SICAGEN,20110909,21,21.8,20.4,20.95,454963
SICAL,20110909,63.1,71.9,63.1,69.7,69524
SIEMENS,20110909,869,872.15,848.1,852.65,99829
SILINV,20110909,94.95,97,92.9,96.8,648
SIMBHSUGAR,20110909,32.15,33.9,32.1,32.85,16144
SIMPLEX,20110909,84,84,80.9,81,137
SIMPLEXINF,20110909,252,254,244,246.25,413
SINTEX,20110909,157.15,160.4,154.25,155.5,536823
SIRPAPER,20110909,48,52.5,48,51.85,1019
SITASHREE,20110909,8.1,8.75,8,8.1,24480
SIYSIL,20110909,326,326,316,321.95,294
SJVN,20110909,22.55,22.95,22.55,22.9,123856
SKFINDIA,20110909,652.45,665,640.5,653.05,11386
SKMEGGPROD,20110909,8.8,8.9,8,8.6,29610
SKSMICRO,20110909,259.4,265.6,259,265.6,112979
SKUMARSYNF,20110909,50.25,51.75,50,50.15,1867147
SMARTLINK,20110909,43.65,44.85,42.65,43.25,4081
SMLISUZU,20110909,384,392,372,388.25,1800
SMOBILITY,20110909,104.4,106.4,103.4,105.35,64175
SMPL,20110909,8.15,8.7,8.05,8.15,344189
SMSPHARMA,20110909,155,165,152.25,159,1051
SOBHA,20110909,234.9,234.9,220.25,222.2,71249
SOFTTECHGR,20110909,5.65,5.65,4.75,4.95,9954
SOLARINDS,20110909,772.3,772.3,734.05,757.7,1351
SOMANYCERA,20110909,46.5,47.7,45,45.3,6043
SOMATEX,20110909,6.45,6.45,6.1,6.1,1242
SONASTEER,20110909,16,16,15.35,15.45,45208
SONATSOFTW,20110909,32.55,32.6,30.65,31,97703
SOTL,20110909,615.25,615.25,602.8,606.4,1067
SOUISPAT,20110909,6.85,6.9,6.7,6.75,24541
SOUTHBANK,20110909,22.55,22.9,21.85,22.45,4303764
SPANCO,20110909,121.8,122.8,120.6,121.5,24264
SPARC,20110909,76.4,77.9,75.05,75.75,105315
SPECTACLE,20110909,16.65,16.7,15.6,16,5856
SPENTEX,20110909,11.3,11.5,10.65,10.9,1606
SPIC,20110909,29.5,29.55,28.15,28.35,298032
SPMLINFRA,20110909,128.05,138,128.05,128.95,5352
SPYL,20110909,28.95,28.95,24.05,24.2,2942
SREINFRA,20110909,40.95,41.2,38.3,38.6,720078
SRF,20110909,310,311,303.45,306.6,34698
SRGINFOTEC,20110909,0.5,0.5,0.45,0.45,224
SRHHLINDST,20110909,4.3,4.3,3.65,3.7,132
SRHHYPOLTD,20110909,40,44.65,39.35,39.45,275
SRTRANSFIN,20110909,681.95,689.35,655.1,666.5,294514
SSWL,20110909,252.25,256,249.6,250.75,5564
STAR,20110909,298.85,307.45,286.2,287.7,219001
STARPAPER,20110909,24,25.7,23.5,24.15,2965
STCINDIA,20110909,173,183.95,171.15,176.45,620470
STER,20110909,137.45,138.4,129.85,130.65,5938562
STERLINBIO,20110909,76.05,76.05,72.5,74.05,695164
STERTOOLS,20110909,111,112.65,109.05,112.65,689
STOREONE,20110909,14.5,14.5,13.85,13.85,5901
STRTECH,20110909,43.3,43.5,40.8,41.35,466794
SUBEX,20110909,49,49.5,47.4,47.6,559294
SUDAR,20110909,83.9,85.3,80.05,81.05,193631
SUDARSCHEM,20110909,702.5,710,702,709.65,171
SUJANATOW,20110909,29.3,30.8,29.3,29.65,2936551
SUJANAUNI,20110909,5.35,5.6,5.05,5.25,82414
SUMEETINDS,20110909,28.4,29.4,27.65,28.1,104978
SUMMITSEC,20110909,76.65,82.35,76.65,80.5,1645
SUNCLAYTON,20110909,136,137.8,136,136,3068
SUNDARAM,20110909,42.6,42.7,42.3,42.45,7153
SUNDARMFIN,20110909,544,544,525.75,527.95,2436
SUNDRMBRAK,20110909,165,165,157,159.55,681
SUNDRMFAST,20110909,65.1,65.7,64.5,64.5,18453
SUNFLAG,20110909,27.5,28.1,27.5,27.55,44218
SUNILHITEC,20110909,92.05,94,83.6,89.6,18560
SUNPHARMA,20110909,493,495.45,477.1,482.75,691068
SUNTECK,20110909,264,293.4,261,270,50722
SUNTV,20110909,296.35,305.25,295,298.3,345486
SUPER,20110909,192.25,192.25,191.9,192.05,102
SUPERSPIN,20110909,8.3,8.5,8.15,8.35,9798
SUPPETRO,20110909,72,72.75,71,72.05,31679
SUPRAJIT,20110909,19.25,19.65,19.2,19.25,10927
SUPREMEIND,20110909,217,217,209.25,214.15,15657
SUPREMEINF,20110909,238.1,238.1,232.15,233.45,1306
SURAJDIAMN,20110909,46.1,47.85,45.7,46.2,40374
SURANACORP,20110909,96.6,103.95,95.9,99.5,658
SURANAIND,20110909,418.25,422,414,420.65,7005
SURANAT&P,20110909,14.9,14.9,14,14.4,8644
SURANAVEL,20110909,34,34,33.05,33.5,12530
SURYAJYOTI,20110909,22.05,22.25,21.5,22,104026
SURYALAXMI,20110909,63,65,61,61.85,2479
SURYAPHARM,20110909,17.2,17.75,15.85,16.05,171570
SURYAROSNI,20110909,69.5,71.75,68.75,69.1,12828
SUTLEJTEX,20110909,178.9,179.9,173.55,176.05,1708
SUVEN,20110909,18.4,18.4,17.4,17.55,55265
SUZLON,20110909,42,42.5,40.7,41,15841532
SWARAJENG,20110909,469,479.25,468.6,474.45,1871
SYMPHONY,20110909,1207.05,1210,1189,1203.95,1526
SYNCOM,20110909,16.65,17.4,16.5,16.75,10957
SYNDIBANK,20110909,108.4,109.5,104.8,106.5,704446
TAINWALCHM,20110909,25.4,25.45,25,25,5451
TAJGVK,20110909,91,99.5,90.3,95.05,169703
TAKE,20110909,33.2,36.05,31.95,32.8,73724
TALBROAUTO,20110909,45.45,45.45,45.45,45.45,100
TALWALKARS,20110909,201.85,208.65,194.4,196.45,173074
TANLA,20110909,10.3,10.3,9.85,9.95,138569
TANTIACONS,20110909,57,64.4,55.4,56,24753
TARAPUR,20110909,20,20.5,18.4,19.75,36998
TATACHEM,20110909,340.1,342.3,331,332.35,467686
TATACOFFEE,20110909,883.4,929,872.15,886.2,1056991
TATACOMM,20110909,209.85,213.7,206.1,207.2,269952
TATAELXSI,20110909,220.2,220.2,208.2,209.35,39807
TATAGLOBAL,20110909,94.95,96.9,92.8,93.3,1774124
TATAINVEST,20110909,530,541.7,520.15,538.6,64417
TATAMETALI,20110909,78.7,81.25,76.7,77.15,74107
TATAMOTORS,20110909,791.4,791.4,760.5,764.9,2010560
TATAMTRDVR,20110909,464,465,447,448.45,196623
TATAPOWER,20110909,1033.95,1034,998.5,1002.05,391110
TATASPONGE,20110909,310,314.9,309,310.1,3274
TATASTEEL,20110909,490,490.8,475.1,476.9,4584623
TCI,20110909,95.85,95.9,85,85.8,5832
TCIDEVELOP,20110909,175,175,166.55,166.55,55
TCIFINANCE,20110909,36.5,37.5,35.5,37.45,23555
TCS,20110909,1040,1051.6,1010.65,1016.05,2531325
TDPOWERSYS,20110909,274,313.4,274,306.45,4861201
TECHM,20110909,691,693.95,656.1,664.45,136078
TECHNO,20110909,185.65,215.5,185.65,209.65,58791
TECHNOFAB,20110909,144,144,136,136.15,793
TECPRO,20110909,253.5,254.9,247.05,249.8,11597
TELEDATAIT,20110909,0.3,0.35,0.3,0.35,166714
TELEMARINE,20110909,0.55,0.65,0.55,0.6,22070
TEXMACOLTD,20110909,31.4,31.95,31.4,31.6,47646
TEXMOPIPES,20110909,40.7,41.25,39.2,39.35,141261
TEXRAIL,20110909,80.1,80.9,78.2,79.5,23743
TFCILTD,20110909,29.7,30.5,29.65,30.15,42437
TFL,20110909,17,17,15.55,15.6,3820
THANGAMAYL,20110909,148.2,150.45,144.05,147.25,17681
THEMISMED,20110909,116.05,121,116.05,119.1,219
THERMAX,20110909,534.7,543.95,524.25,530.35,50104
THINKSOFT,20110909,36.5,37.5,35.9,37,41074
THIRUSUGAR,20110909,91,91.9,88,89.5,56225
THOMASCOOK,20110909,49.1,50.7,48,49.2,190850
TI,20110909,36.5,36.9,35.55,35.8,144475
TIDEWATER,20110909,7166,7277.95,7075.25,7108.55,774
TIIL,20110909,44,44,41.4,41.65,2541
TIL,20110909,408,428,404,404.45,1181
TIMETECHNO,20110909,68.95,69.25,67.75,68.15,99244
TIMKEN,20110909,217.9,219.45,213.1,214.45,56607
TINPLATE,20110909,49.7,51,49,50.05,100381
TIPSINDLTD,20110909,27.25,27.75,26.15,26.55,5593
TIRUMALCHM,20110909,77,77.95,76.3,76.5,86
TITAN,20110909,224.9,230.3,223.15,226.85,3852042
TNPETRO,20110909,15.85,15.85,15.45,15.5,40683
TNPL,20110909,104.15,105.65,104.15,104.65,30409
TODAYS,20110909,5.9,5.95,5.3,5.6,10048
TOKYOPLAST,20110909,15.9,17.25,15.9,17.25,21
TORNTPHARM,20110909,615.9,616,603,609.05,4652
TORNTPOWER,20110909,228.2,231.9,226.5,228.1,22438
TREEHOUSE,20110909,123.5,128.1,121.7,123.1,130354
TRENT,20110909,1151.8,1154,1127.5,1134.15,1030
TRF,20110909,352.75,359,349.5,355.65,17767
TRICOM,20110909,12.95,12.95,12.55,12.8,10569
TRIDENT,20110909,13.4,13.5,13.1,13.35,63755
TRIGYN,20110909,14.7,14.7,14.25,14.35,2450
TRIL,20110909,228,230,224,225.55,4002
TRIVENI,20110909,24.3,24.4,23.05,23.25,335369
TTKHEALTH,20110909,510.55,557.15,509.9,530.45,590235
TTKPRESTIG,20110909,2924.25,3049,2907,2971.15,156072
TTL,20110909,24.95,26.5,24.95,25,30230
TTML,20110909,19.55,19.8,18.85,19.1,3578269
TUBEINVEST,20110909,146.4,146.4,142,143.4,88907
TULIP,20110909,147.5,147.6,144.1,144.8,82658
TULSI,20110909,13.45,13.45,12.7,13.05,59069
TULSYAN,20110909,47.5,47.5,40.1,40.8,1056
TV18BRDCST,20110909,42.7,43,41.75,42.45,106489
TVSELECT,20110909,20.5,21.4,20.1,20.5,3727
TVSMOTOR,20110909,60.9,62.2,60,60.65,3092190
TVSSRICHAK,20110909,360,368.9,360,360,171
TVTODAY,20110909,53.1,53.1,52.5,52.85,16546
TWILITAKA,20110909,43.4,43.45,40.55,40.6,74429
TWL,20110909,407.1,409.8,394,394.95,13397
UBENGG,20110909,55.65,57.55,53.6,53.95,60569
UBHOLDINGS,20110909,117.5,121,117.5,118.1,37418
UBL,20110909,431,440,426,429.8,30039
UCALFUEL,20110909,79.95,81.75,79.5,80.15,16394
UCOBANK,20110909,74.4,75.4,71.95,72.25,4165309
UFLEX,20110909,172,172,166.5,167.2,415407
UGARSUGAR,20110909,14.15,14.15,13.6,13.85,8628
ULTRACEMCO,20110909,1111.65,1119.6,1052.65,1088.95,129276
UMESLTD,20110909,18,19.8,18,18.35,3685
UNICHEMLAB,20110909,144.9,145,141.05,142.4,12904
UNIENTER,20110909,30.5,31.5,29.85,30,6907
UNIONBANK,20110909,244.9,249,236,239.95,834787
UNIPHOS,20110909,150.4,151.9,147.1,148.05,631085
UNIPLY,20110909,11.25,11.85,11.25,11.45,1348
UNITECH,20110909,29,29.2,28.1,28.3,21789918
UNITEDBNK,20110909,78,81.8,77.8,78.35,126380
UNITEDTEA,20110909,136,136,136,136,50
UNITY,20110909,49.9,50.7,49,49.3,72291
UNIVCABLES,20110909,50,57.8,49,50.55,4775
UPERGANGES,20110909,47.05,47.05,46.2,46.8,684
USHAMART,20110909,37,37,36,36.4,480954
USHERAGRO,20110909,129.25,130.4,128.55,129,188834
UTISUNDER,20110909,903,935,890,899,71
UTTAMSTL,20110909,83.9,83.9,77,78.4,37537
UTTAMSUGAR,20110909,32.8,34.45,31.55,32.1,5749
UTVSOF,20110909,970,977,965.3,967.65,23872
VADILALIND,20110909,133.9,135.75,130,131.5,1216
VAIBHAVGEM,20110909,36.1,40.45,36,38.1,9860
VAKRANSOFT,20110909,388.8,388.8,375.1,379.1,2254
VALECHAENG,20110909,82.95,83.4,80.7,81.45,55436
VALUEIND,20110909,17.7,18.15,17.55,17.55,6684
VARDHACRLC,20110909,9.6,9.65,9.3,9.5,81200
VARDMNPOLY,20110909,100.85,103.8,100.5,102.4,106616
VARUN,20110909,271.9,274.35,265.15,266.9,184475
VARUNSHIP,20110909,21.75,21.9,21,21.25,41421
VASCONEQ,20110909,52.1,53.15,49.25,49.55,57262
VENKEYS,20110909,449,449.85,424.2,426.05,87676
VENUSREM,20110909,223.7,223.9,216,217.95,4494
VESUVIUS,20110909,365.05,414.4,365,384.1,25315
VGUARD,20110909,214.5,216.5,212.35,213.65,22193
VHL,20110909,366.1,397.9,365.1,397.9,144
VICEROY,20110909,26.5,26.6,25.8,26.45,27721
VIDEOIND,20110909,182.65,183.8,175.65,178.15,158077
VIJAYABANK,20110909,63.2,63.3,60.15,60.55,2509711
VIJSHAN,20110909,18.3,18.65,16.8,18,1479
VIKASHMET,20110909,10.5,10.6,10.2,10.35,131509
VIMTALABS,20110909,25.95,28.65,25.95,26.2,46001
VINATIORGA,20110909,68,68.9,67.05,67.3,3896
VINDHYATEL,20110909,169.95,169.95,160.25,162,74
VINYLINDIA,20110909,10.95,10.95,10.95,10.95,165
VIPIND,20110909,989,1002.5,960.55,968.8,2134272
VIPUL,20110909,10.45,11.35,10.2,11.1,4153
VISAKAIND,20110909,93.15,93.5,91.5,91.9,3977
VISASTEEL,20110909,57.5,58.5,57.5,58.4,16365
VISESHINFO,20110909,4,4.35,4,4,8166
VISHALRET,20110909,25.3,25.8,24.6,24.75,24140
VISUINTL,20110909,2.05,2.05,2,2,8898
VIVIMEDLAB,20110909,269.15,269.65,260.45,261.3,18711
VLSFINANCE,20110909,11.5,11.95,11.2,11.45,13137
VOLTAMP,20110909,505,515,505,511.25,12184
VOLTAS,20110909,124.95,125.35,121.2,122.3,1093208
VSTIND,20110909,1308,1334,1292.5,1302.95,12954
VSTTILLERS,20110909,520.05,535,506.05,509.3,1144
VTL,20110909,199,199,187.25,190.4,3036
VTXIND,20110909,15.6,15.6,13.25,13.25,1302
WABAG,20110909,359,359,343.25,350,78080
WABCOINDIA,20110909,1268,1285,1268,1272.6,173
WALCHANNAG,20110909,102,103.75,98.5,99.25,41964
WANBURY,20110909,26,26.4,26,26.15,4582
WEBELSOLAR,20110909,49,51,44.1,45.3,9820
WEIZFOREX,20110909,75,79,73.25,79,45106
WEIZMANIND,20110909,10,10,9.55,9.55,2608
WELCORP,20110909,129,130.95,125.3,125.95,389068
WELGLOB,20110909,60.4,60.4,56,56,181
WELINV,20110909,49.5,52,46,50.6,25
WELPROJ,20110909,51.9,54.95,47.8,48.7,17236
WELSPUNIND,20110909,33,33,31.35,31.55,48355
WENDT,20110909,1660,1690,1611.1,1635.3,405
WHEELS,20110909,256,261.95,255.1,256.65,593
WHIRLPOOL,20110909,228.9,235.5,220.55,224.35,33295
WILLAMAGOR,20110909,53.75,53.75,51.35,52.1,1533
WINDMACHIN,20110909,27.15,27.45,24,24.5,27158
WINSOME,20110909,29,29.9,27.15,28.9,4347
WIPRO,20110909,338.25,342,332.3,338.35,1805002
WOCKPHARMA,20110909,396.9,399.45,385.2,393.9,92401
WSI,20110909,18.3,18.3,17,17,1884
WSTCSTPAPR,20110909,76,78.25,76,76.75,2347
WWIL,20110909,7.3,7.6,7.25,7.3,902257
WYETH,20110909,1000,1016,1000,1011,13740
XLENERGY,20110909,8.3,8.45,8.1,8.3,22761
XPROINDIA,20110909,54.65,54.65,52,52.1,6022
YESBANK,20110909,294.5,300.4,292.6,293.9,1975962
ZANDUREALT,20110909,1810,1870,1791.2,1799.9,2553
ZEEL,20110909,123,124.9,121,121.65,1636753
ZEELEARN,20110909,19.1,19.1,18.5,18.55,180268
ZEENEWS,20110909,13.75,14,13.6,13.7,552409
ZENITHBIR,20110909,5.2,5.2,5.1,5.15,169282
ZENITHCOMP,20110909,15.8,16,15.55,15.55,8076
ZENITHINFO,20110909,190,191,189.9,190,407
ZENSARTECH,20110909,130.8,130.8,128.1,128.45,1345
ZICOM,20110909,36.8,41,36.6,38.25,106082
ZODIACLOTH,20110909,340,350,331,341.4,1286
ZODJRDMKJ,20110909,27.4,27.4,24.5,24.5,2253
ZUARIAGRO,20110909,622,625,614,620.95,10167
ZYDUSWELL,20110909,605.1,614,590,593.1,14835
ZYLOG,20110909,407.65,423.75,404.1,414,153783
NSENIFTY,20110909,5161.30,5163.75,5046.80,5059.45,158713071,6482.27
NIFTYJUNIOR,20110909,10342.45,10417.15,10188.35,10199.50,81600949,1274.12
BANKNIFTY,20110909,9947.10,9972.00,9647.60,9678.70,17554389,1628.12
NSEMIDCAP,20110909,7512.80,7545.60,7406.10,7413.50,145328908,1363.21
NSEIT,20110909,5450.80,5456.20,5313.70,5339.20,67522782,1192.57
NSE100,20110909,5081.60,5088.45,4976.40,4986.35,240314020,7756.39
NSE500,20110909,4168.50,4175.65,4090.90,4098.10,656997201,11059.55
MIDCAP50,20110909,2254.35,2262.60,2208.50,2211.55,91880945,843.62
VIX,20110909,27.64,28.28,26.15,28.15,27.64,0.51
