20MICRONS,20111209,58.6,60,57.2,57.8,106978
3IINFOTECH,20111209,19,19.2,17.7,17.85,2845547
3MINDIA,20111209,3698.75,3698.75,3600,3646.9,330
A2ZMES,20111209,120.25,127.4,120,126.2,210661
AANJANEYA,20111209,446.1,456.4,435.65,446.55,5863
AARTIDRUGS,20111209,81.65,81.65,77.25,79.05,2053
AARTIIND,20111209,48,49.85,48,49.3,43231
AARVEEDEN,20111209,33.55,33.85,32,33.55,412
ABAN,20111209,348.8,366.1,342.5,359.6,854291
ABB,20111209,610,610,592.5,605.55,85071
ABBOTINDIA,20111209,1487.5,1487.5,1461,1474.1,995
ABCIL,20111209,80.45,80.45,77.9,78.1,955
ABGSHIP,20111209,420.25,425,416.65,423.8,33819
ABHISHEK,20111209,7.5,8,7.15,7.65,6748
ABIRLANUVO,20111209,904,924,895.45,917.65,92635
ACC,20111209,1189.5,1198.3,1160.55,1163.8,475795
ACE,20111209,34.5,38.5,34.5,37,248507
ACROPETAL,20111209,13.7,14.3,13.5,13.9,35901
ADANIENT,20111209,329.5,334.5,317.35,324.65,849980
ADANIPOWER,20111209,75.5,75.6,74.1,74.5,747180
ADFFOODS,20111209,52.5,53.7,51,52.05,5926
ADHUNIK,20111209,38,40.1,37.7,38.75,71622
ADORWELD,20111209,126,126,120.1,122.05,553
ADSL,20111209,24.2,24.6,23.65,23.95,38784
ADVANIHOTR,20111209,34.95,34.95,33.05,33.05,507
ADVANTA,20111209,294,338.2,288,332.35,511213
AEGISCHEM,20111209,140,143.9,138.65,140.1,12115
AFL,20111209,36,39,35.6,37.85,1553
AFTEK,20111209,10.5,10.5,10.3,10.35,46741
AGCNET,20111209,143,143,133.9,135.1,3182
AGRE,20111209,38.55,40.7,36.55,37.65,3338
AGRODUTCH,20111209,6.1,6.6,6,6.4,4305
AHLEAST,20111209,280,289,270.1,279.95,612
AHLUCONT,20111209,68.05,68.05,67,67.25,242
AHLWEST,20111209,135,141.4,131.6,132.65,154
AHMEDFORGE,20111209,92,94.45,91.25,92.85,5599
AIAENG,20111209,290,295.75,281.4,290,62426
AJANTPHARM,20111209,330.35,340,330.3,334.05,6374
AJMERA,20111209,106,106,102.1,103.3,18921
AKSHOPTFBR,20111209,6.95,7,6.75,6.95,140486
AKZOINDIA,20111209,809.95,809.95,786.7,792.05,1779
ALBK,20111209,151.95,159,150.25,157.8,1040366
ALCHEM,20111209,257.7,257.7,255.85,256.6,91831
ALEMBICLTD,20111209,15.5,16.15,15.5,15.8,45072
ALFALAVAL,20111209,2170,2190,2165,2170.8,1727
ALKALI,20111209,33.05,34.1,33.05,33.5,3801
ALKYLAMINE,20111209,89,89,88.6,88.6,25
ALLCARGO,20111209,135,141.05,133.4,138.85,5444
ALLSEC,20111209,13,13,12.4,12.65,359
ALMONDZ,20111209,17,18.35,16.3,17.75,2353
ALOKTEXT,20111209,19.4,20.2,19.25,20.1,7067313
ALPA,20111209,7.75,7.75,7.1,7.1,1440
ALPHAGEO,20111209,67,69.95,65,65.4,1349
ALPSINDUS,20111209,2.2,2.3,2.2,2.25,5265
AMAR,20111209,123.4,124.45,123,124,127592
AMARAJABAT,20111209,215,216.55,210.2,215.1,5294
AMARJOTHI,20111209,51,51,49.9,49.9,30
AMBIKCO,20111209,161.15,166.75,161,162.95,3717
AMBUJACEM,20111209,159.85,160.95,156.7,159.6,1800138
AMDIND,20111209,15.8,15.8,14.95,14.95,6248
AMRUTANJAN,20111209,699.95,704.95,690.25,693.3,30298
AMTEKAUTO,20111209,114.95,114.95,112.1,113.6,55280
AMTEKINDIA,20111209,88.05,89.65,83.15,84.95,68864
ANANTRAJ,20111209,47,49.85,44.7,48.65,1451042
ANDHRABANK,20111209,96.25,98.55,95,97.1,464382
ANDHRSUGAR,20111209,112.5,114.65,112.5,114,9162
ANGIND,20111209,18.4,18.4,18.4,18.4,153
ANIKINDS,20111209,29,31.6,28.65,29.25,306
ANKURDRUGS,20111209,22.7,22.8,21.2,21.8,30915
ANSALAPI,20111209,26.15,27.5,25.6,26.45,70887
ANSALHSG,20111209,35,35,32.5,33.4,18908
ANTGRAPHIC,20111209,0.25,0.25,0.2,0.2,58045
APARINDS,20111209,126,131,124,129.75,9754
APCOTEXIND,20111209,141.5,144.9,139.95,142.05,1974
APIL,20111209,361.8,363.35,352.1,357.45,108458
APLLTD,20111209,38.1,40.55,38.1,39.4,8750
APOLLOHOSP,20111209,630,651.5,620.2,627.05,406674
APOLLOTYRE,20111209,63.8,65.8,63.1,65.4,1065115
APPAPER,20111209,161,167.95,161,165.1,4370
APTECHT,20111209,93,93.45,90.1,91.8,192437
AQUA,20111209,13.1,13.95,12.6,12.95,119506
ARCHIDPLY,20111209,14.9,15.45,14.55,15.15,8839
ARCHIES,20111209,31.25,31.8,29.55,30.3,72232
AREVAT&D,20111209,198.1,202.6,198.1,201.05,58695
ARIES,20111209,80,83.5,79.45,80.85,4817
ARIHANT,20111209,47.8,47.8,47.8,47.8,1
ARL,20111209,2,2,1.9,1.95,48739
ARROWTEX,20111209,7.2,7.65,6.75,6.75,251
ARSHIYA,20111209,138,142,136.05,139.6,109239
ARSSINFRA,20111209,181.45,183,177.25,180.4,177756
ARVIND,20111209,83.05,84.25,81.5,82.5,2106699
ASAHIINDIA,20111209,59.05,60.65,59,60,17913
ASAHISONG,20111209,78.15,83.6,78.15,82.45,562
ASAL,20111209,44.5,45,43,44.1,1693
ASHAPURMIN,20111209,14,14.7,13.85,14.2,14801
ASHIANA,20111209,146,150,146,149.85,2645
ASHIMASYN,20111209,4,4.1,4,4.1,203
ASHOKA,20111209,200,200,179.95,194.95,5722
ASHOKLEY,20111209,22.6,25.75,22.6,25.5,1491291
ASIANELEC,20111209,6.4,6.4,6.2,6.25,13862
ASIANHOTNR,20111209,179.9,179.9,173,174.5,377
ASIANPAINT,20111209,2834.9,2858.55,2810.25,2830.25,54312
ASIANTILES,20111209,34,39.4,32.5,37.75,4029
ASSAMCO,20111209,7.95,8,7.8,7.9,39092
ASTEC,20111209,31.85,32.4,30.25,31.85,4642
ASTERSILI,20111209,10.1,10.3,9.9,10.1,5223
ASTRAL,20111209,145,149.75,142.4,146.85,2617
ASTRAMICRO,20111209,35.25,37.25,34.5,36.8,23659
ASTRAZEN,20111209,1240,1256.95,1240,1241.75,94
ATFL,20111209,400.25,407.3,398.2,401.1,7128
ATLANTA,20111209,60,60.5,59,59.6,31957
ATLASCYCLE,20111209,284.05,290.9,280.55,283.45,10510
ATNINTER,20111209,0.85,1,0.85,1,5857
ATUL,20111209,175,175,170.5,171.45,5604
AURIONPRO,20111209,128,128,128,128,1
AUROPHARMA,20111209,90.45,91,88.8,89.75,487735
AUSOMENT,20111209,33.6,33.6,33.6,33.6,150
AUSTRAL,20111209,1.65,1.65,1.65,1.65,20510
AUTOAXLES,20111209,345.6,369.95,345.6,350.9,414
AUTOIND,20111209,122,129.4,115.25,118.05,475863
AUTOLITIND,20111209,15.85,15.85,14.1,15.2,6646
AVENTIS,20111209,2200,2224.95,2186.4,2202.15,376
AVTNPL,20111209,337.6,337.6,308.05,313.2,2051
AXIS-IT&T,20111209,87.8,87.8,73.55,81.5,5363
AXISBANK,20111209,981.35,1012.9,978.2,991.9,2175543
AXISGOLD,20111209,2858,2873.95,2844,2858.9,529
BAGFILMS,20111209,4.6,4.6,4.3,4.45,40866
BAJAJ-AUTO,20111209,1719,1719,1656.5,1670.35,496143
BAJAJCORP,20111209,105.25,107.55,103,104.95,5188
BAJAJELEC,20111209,175.7,176.95,172,174.25,7342
BAJAJFINSV,20111209,428.1,439,422,424.55,27404
BAJAJHIND,20111209,26.4,27.15,26.15,26.55,1747933
BAJAJHLDNG,20111209,707.4,707.4,695.05,701.45,11498
BAJFINANCE,20111209,645.7,664.9,645.7,662.95,3778
BALAJITELE,20111209,33,33.4,31.5,32.05,302737
BALAMINES,20111209,36.1,38,36.1,37.7,7999
BALKRISIND,20111209,170,174,170,172,4896
BALLARPUR,20111209,22.95,22.95,22.3,22.5,166789
BALMLAWRIE,20111209,526,533,526,529,2374
BALPHARMA,20111209,20,20,18.85,19.05,1442
BALRAMCHIN,20111209,42.1,43.45,41.05,42.25,1400191
BANARISUG,20111209,501,518,501,510,249
BANCOINDIA,20111209,65.5,66,63.65,65.05,4929
BANG,20111209,18.4,18.4,17.8,18,201
BANKBARODA,20111209,728,739.8,702.8,726.1,235139
BANKBEES,20111209,890,900,879.95,892.14,2063
BANKINDIA,20111209,334,340.55,326.6,336.75,355577
BANSWRAS,20111209,74.25,76.45,73.05,74,14990
BARTRONICS,20111209,34.1,36.85,34.1,36.55,61959
BASF,20111209,527.05,547,526.7,527.9,2158
BASML,20111209,60,63,56.35,60.4,6546
BATAINDIA,20111209,607.75,614.75,589,603.1,724805
BATLIBOI,20111209,15,16,15,15.5,250
BAYERCROP,20111209,760.4,775,760.4,771,548
BBL,20111209,591,605.05,590.6,602.35,706
BBTC,20111209,385,386.4,380.05,380.25,366
BECREL,20111209,8,8,7.7,7.7,55
BEDMUTHA,20111209,45.5,47.4,44,45.6,78212
BEL,20111209,1518,1535,1493.1,1529.85,5388
BELLCERATL,20111209,12.2,12.2,10.65,10.8,266
BEML,20111209,503,509.4,493,504.2,56026
BEPL,20111209,21.5,22,21,21.3,52
BERGEPAINT,20111209,98,99.35,97.15,98.85,37510
BFINVEST,20111209,44.95,46.7,44.95,46,859
BFUTILITIE,20111209,351.5,362,346.65,354.9,332202
BGLOBAL,20111209,10.1,10.6,9.9,10.5,24691
BGRENERGY,20111209,252.05,252.05,231,236.4,902891
BHAGWATIHO,20111209,69,69.9,67.35,68.3,1696
BHAGYNAGAR,20111209,17.05,18.1,17,17.35,20023
BHARATFORG,20111209,263,267.05,259.1,263.25,221977
BHARATGEAR,20111209,44.6,44.65,43.1,44.6,782
BHARATRAS,20111209,113,115.5,109.55,115.5,306
BHARTIARTL,20111209,364.4,365.9,351.65,358.7,8867119
BHARTISHIP,20111209,82.95,83,80.1,81.7,87912
BHEL,20111209,266.8,267.95,260.35,263.75,2935665
BHUSANSTL,20111209,309.05,314.9,309.05,311.75,166901
BIL,20111209,62.5,64,61.1,63.75,10111
BILENERGY,20111209,61.85,64.65,61.45,63.15,3362
BILPOWER,20111209,68,68,62.9,65.9,2657
BIMETAL,20111209,250,251,245.55,245.55,449
BINANIIND,20111209,99.1,101,97.7,100.2,8368
BINDALAGRO,20111209,60.05,60.2,59.65,60,69327
BIOCON,20111209,319.7,319.7,312.55,313.7,180315
BIRLACORPN,20111209,262,264.7,255,261.1,2727
BIRLACOT,20111209,0.35,0.35,0.3,0.35,596262
BIRLAERIC,20111209,11,11.5,10.5,11.4,374
BIRLAMONEY,20111209,15.2,15.2,14.3,14.35,3005
BIRLAPOWER,20111209,0.55,0.6,0.55,0.6,862129
BLBLIMITED,20111209,3.6,3.75,3.6,3.7,4785
BLISSGVS,20111209,23.55,24.45,23.15,23.95,13934
BLKASHYAP,20111209,10.2,10.65,9.4,10.5,70880
BLUECHIP,20111209,1,1,0.95,0.95,21017
BLUEDART,20111209,1487,1510,1475.05,1502.4,1686
BLUESTARCO,20111209,168,173.2,164,171.35,10822
BLUESTINFO,20111209,71.5,71.95,68,71.4,937
BOC,20111209,280.05,282.7,280,280.9,1733
BODALCHEM,20111209,14,14.8,14,14.8,4744
BOMDYEING,20111209,394,395,384.1,390.35,124774
BOSCHLTD,20111209,6900,6999.75,6860,6875.65,1705
BPCL,20111209,545.05,558.9,545,554.5,559871
BPL,20111209,19.5,20.25,18.4,19.25,138738
BRANDHOUSE,20111209,12.4,12.7,12.2,12.25,66082
BRFL,20111209,227,245.9,227,243.45,361921
BRIGADE,20111209,51.5,52,49.85,50.1,29739
BRITANNIA,20111209,465,469.75,451.15,457.2,46515
BROADCAST,20111209,7.6,7.7,6.85,7.05,2217
BROOKS,20111209,16.8,16.8,15.9,16.1,29434
BSELINFRA,20111209,2.95,3.15,2.95,3.05,33100
BSL,20111209,20.2,20.2,19.6,19.6,702
BSLGOLDETF,20111209,2910.05,2927.35,2881,2900,223
BSLNIFTY,20111209,49.91,49.91,48.69,48.75,313
BSTRANSCOM,20111209,122.5,125.5,122.5,124.6,25333
BURNPUR,20111209,6.8,7.15,6.7,7.05,21979
BVCL,20111209,12.9,13,12.65,13,6739
CADILAHC,20111209,699.95,700,694,696,124678
CAIRN,20111209,312,314.5,302.75,306.65,2040351
CALSOFT,20111209,18.75,19.15,18.75,19.15,115
CAMBRIDGE,20111209,15.5,16.6,15.05,16,1828
CAMLIN,20111209,36.8,36.8,35.4,35.6,92833
CANBK,20111209,434.95,437.75,428,433,547455
CANDC,20111209,91,91.95,87.35,89.1,1853
CANFINHOME,20111209,93.5,94.5,91.1,91.9,4009
CANTABIL,20111209,15.1,15.8,15,15.25,7391
CARBORUNIV,20111209,136,151,136,147.05,3251
CAREERP,20111209,252,252.65,247,249.1,1915
CAROLINFO,20111209,146.6,153,146.5,148.45,1500
CASTROL,20111209,401,407,394,402.35,60707
CCCL,20111209,18,18.8,17.2,18.25,11020
CCL,20111209,137,138.15,134.1,136.5,3389
CEATLTD,20111209,77.1,79.7,75.55,78.15,36871
CEBBCO,20111209,45.6,47,44.5,46.45,47284
CELEBRITY,20111209,6.75,6.75,5.45,6,2576
CELESTIAL,20111209,20.85,20.85,19.2,19.9,5995
CENTENKA,20111209,128,130.95,127.5,130.45,1305
CENTEXT,20111209,2.65,2.65,2.45,2.5,17380
CENTRALBK,20111209,90,91,87.1,90.1,293162
CENTURYPLY,20111209,48.5,50,48.15,49.15,16169
CENTURYTEX,20111209,266.05,272,263.45,265.95,275728
CERA,20111209,180,180.9,176.1,180,1071
CESC,20111209,240,240,229,230,547063
CHAMBLFERT,20111209,90.95,92.05,89.2,91.15,1016911
CHEMFALKAL,20111209,45,45,44.6,44.6,323
CHEMPLAST,20111209,4.4,4.45,4.35,4.4,18848
CHENNPETRO,20111209,183.1,183.75,178.55,179.4,13028
CHESLINTEX,20111209,9.7,9.7,9.7,9.7,50
CHETTINAD,20111209,490,494,488.3,488.3,2511
CHOLAFIN,20111209,130,134.75,130,133.75,2683
CILNOVA,20111209,15.6,15.6,15.5,15.5,600
CIMMCO,20111209,77,77,77,77,200
CINEMAX,20111209,29.9,30.95,29.9,30.5,4498
CINEVISTA,20111209,2.85,2.85,2.7,2.75,1089
CIPLA,20111209,325,329,323.9,325.65,968288
CLASSIC,20111209,6.45,7.1,6.3,6.9,4060
CLNINDIA,20111209,640,640,616.1,620.45,1545
CLUTCHAUTO,20111209,28.5,29.1,27.35,28.85,4401
CMAHENDRA,20111209,125.4,134.5,125.4,132.8,5145
CMC,20111209,870,882,865.05,876.9,2102
COALINDIA,20111209,309.05,318.5,305.75,316.05,2245578
COLPAL,20111209,1022.75,1022.75,992.1,999.75,23732
COMPUAGE,20111209,59.2,62.1,59,61.8,80
CONCOR,20111209,925,925,891.15,899,21906
CONSOFINVT,20111209,51,51,50,50.95,2493
CORAL-HUB,20111209,4.3,4.3,3.7,3.9,164654
CORDSCABLE,20111209,26.9,26.95,26.5,26.75,1376
COREEDUTEC,20111209,275,275.9,260.5,271.5,139212
COROMANDEL,20111209,293.55,293.55,286.25,287.55,22972
CORPBANK,20111209,349.15,350.05,344,346.15,132728
COSMOFILMS,20111209,79.5,79.5,78.1,78.8,6073
COX&KINGS,20111209,185,185.2,179.95,182.1,29013
CREATIVEYE,20111209,4.85,5,4.55,4.55,1383
CRESTANI,20111209,29.9,29.9,28.05,29.9,51213
CREWBOS,20111209,28.15,28.2,26.8,27.25,17107
CRISIL,20111209,872,890,870,872.95,5457
CROMPGREAV,20111209,129,129,123.35,125.1,1979398
CRONIMET,20111209,20,22.3,19.55,21.85,30975
CTE,20111209,8.35,9.3,8.3,9.3,3809
CUB,20111209,43.3,44.15,43.3,44,190844
CUBEXTUB,20111209,9.3,9.3,8.7,8.7,1300
CUMMINSIND,20111209,334.15,342,332.95,336.55,116102
CURATECH,20111209,81.9,95.1,71.1,72.9,443
CYBERMEDIA,20111209,12.25,12.25,12.2,12.2,62
CYBERTECH,20111209,10.8,10.8,10.35,10.55,16518
DAAWAT,20111209,44.5,45.3,42.2,43.15,17381
DABUR,20111209,97.5,97.5,94.6,95.5,1069251
DALMIABEL,20111209,115,118,113,116.05,18452
DALMIASUG,20111209,13.25,14.65,13,13.85,4420
DATAMATICS,20111209,26,26,25.5,25.75,1400
DBCORP,20111209,205,205,201.05,201.45,903
DBREALTY,20111209,64.95,65,63.05,63.55,231732
DCB,20111209,38.05,38.9,37.3,38.1,2265205
DCHL,20111209,46.2,46.7,45.35,46,162222
DCM,20111209,48.6,50.7,48.6,50,16556
DCMSRMCONS,20111209,42,42,42,42,1051
DCW,20111209,8.4,10.3,8.3,8.75,132406
DECCANCE,20111209,147.95,150,146.5,146.5,152
DECOLIGHT,20111209,3.4,3.5,3.25,3.45,4505
DEEPAKFERT,20111209,143.1,143.75,141.1,142,9214
DEEPAKNTR,20111209,154.95,155,154.95,154.95,2
DEEPIND,20111209,66.8,67.55,66.4,66.95,3644
DELTACORP,20111209,71,71,68.2,69.35,4116355
DEN,20111209,60,60,57.6,58.35,43605
DENABANK,20111209,63,64.45,62.05,63.15,1147752
DENORA,20111209,89,89.05,87.25,87.7,2545
DENSO,20111209,51.75,51.75,48.15,49.7,277
DEWANHOUS,20111209,215,216.45,200.2,202.35,411379
DHAMPURSUG,20111209,31.5,32.5,30.3,30.6,212335
DHANBANK,20111209,58.9,61.25,58.25,59.1,3967908
DHANUKA,20111209,95.45,98.5,95.45,97.1,20042
DHARSUGAR,20111209,25,25,22.8,23.2,17801
DHUNINV,20111209,69.1,70,69.1,69.65,262
DIAPOWER,20111209,102.7,102.7,99,99.3,7294
DICIND,20111209,205.1,205.1,203.6,203.8,191
DIGJAM,20111209,7.45,7.65,7.4,7.45,14227
DISHMAN,20111209,40,40.45,39,39.25,96472
DISHTV,20111209,64.65,64.65,60,61,5808272
DIVISLAB,20111209,739.95,739.95,710.95,729.4,104989
DLF,20111209,210.4,216.6,208.6,213.85,5184017
DLINKINDIA,20111209,18.05,18.85,17.7,18.75,6467
DOLPHINOFF,20111209,80.05,81.05,78.5,79.5,4586
DONEAR,20111209,19.5,23.8,18.55,21.3,655
DPSCLTD,20111209,2825,2825,2727,2752.15,499
DPTL,20111209,112,115,112,113.7,6278
DQE,20111209,22.5,23.4,21.05,22.7,49599
DREDGECORP,20111209,212,216,210.65,213.5,3240
DRREDDY,20111209,1536,1600,1536,1572.45,574454
DSKULKARNI,20111209,51.75,52.75,51.2,52,6509
DSSL,20111209,5.85,5.9,5.4,5.9,3419
DUNCANSIND,20111209,10,10.3,9.85,10.25,10486
DWARKESH,20111209,35.2,35.8,34.5,35.1,2772
DYNAMATECH,20111209,1050,1070,1040,1040.1,395
EASTSILK,20111209,4.6,4.75,4.55,4.65,16092
EASUNREYRL,20111209,54.1,56.5,54.1,55.45,3321
ECEIND,20111209,98.9,99.85,94.05,98.05,1339
ECLERX,20111209,759,769,749.05,756.4,3272
EDELWEISS,20111209,25.6,26.45,24.8,25.1,97120
EDL,20111209,68.15,69.45,68.15,68.75,2077
EDSERV,20111209,56.25,58.45,55.95,56,115094
EDUCOMP,20111209,210.15,210.15,200.6,202.9,2371441
EICHERMOT,20111209,1560,1560,1532.5,1556.7,3950
EIDPARRY,20111209,198,200.9,196.4,198.8,52455
EIHAHOTELS,20111209,151,156,146,148.05,7804
EIHOTEL,20111209,85,86.5,84.5,85.85,159301
EIMCOELECO,20111209,175,176,175,175.05,561
EKC,20111209,37.7,37.7,35.8,36.15,671220
ELDERPHARM,20111209,362,365.1,358.7,359.45,82015
ELECON,20111209,59.5,60.25,58.9,59.7,9145
ELECTCAST,20111209,18.05,18.7,17.7,17.8,196174
ELECTHERM,20111209,148.4,161.5,148.4,159.5,11777
ELGIEQUIP,20111209,69,69.9,68.55,69.1,3455
ELGIRUBCO,20111209,21.5,22,21.5,21.85,3964
ELNET,20111209,28.15,28.45,28.15,28.2,900
EMAMIINFRA,20111209,21.5,22,21,21.5,3881
EMAMILTD,20111209,391,399.5,387.15,389.8,114089
EMCO,20111209,34,35.95,33.2,35.1,6618
EMKAY,20111209,37.2,37.2,32.15,32.7,1195
EMMBI,20111209,13.2,14.9,13.2,14.15,4765
EMPEESUG,20111209,12,13.65,11.5,12.85,675
ENERGYDEV,20111209,40.5,41.4,40.1,40.1,12104
ENGINERSIN,20111209,211,212.5,203.2,210.9,29513
ENIL,20111209,235,239.95,235,238.75,6360
ENTEGRA,20111209,13.25,13.7,12.75,13.25,2253
EONELECT,20111209,40,41.7,39,39.6,1821
ERAINFRA,20111209,148.95,149,148.05,148.55,233144
EROSMEDIA,20111209,212.3,222.6,212.3,218.9,139907
ESABINDIA,20111209,459.1,466.95,459.1,462.65,1835
ESCORTS,20111209,78.95,78.95,76.2,77.45,888895
ESL,20111209,4.35,4.55,4.25,4.25,673331
ESSAROIL,20111209,67,68.6,66.45,67,796299
ESSARPORTS,20111209,69.1,71,66,67.1,171947
ESSARSHPNG,20111209,24.1,24.5,23.7,24.2,14004
ESSDEE,20111209,139,140,137,139.25,12320
ESSELPACK,20111209,24.5,25.9,24,24.8,14861
ESTER,20111209,24.25,24.25,22,23.45,7823
EUROCERA,20111209,11.3,11.3,11.25,11.25,850
EUROMULTI,20111209,6.3,6.3,5.7,5.75,4990
EUROTEXIND,20111209,19,20.5,19,20.5,180
EVEREADY,20111209,27.1,27.25,26.55,27.15,25874
EVERESTIND,20111209,127,128.4,124.05,125.15,4611
EVERONN,20111209,349.8,358.45,349,352.7,300233
EXCELCROP,20111209,131,134,130,130.5,2852
EXCELINDUS,20111209,65.7,65.7,60,60.15,493
EXCELINFO,20111209,9.85,11.8,9.85,11.3,172634
EXIDEIND,20111209,117.1,119.7,116,119,643810
FACT,20111209,23.3,23.7,22.15,22.75,20067
FAGBEARING,20111209,1157,1180,1138,1168.1,18626
FAME,20111209,42.45,42.5,41.2,41.55,953
FARMAXIND,20111209,2,2.1,2,2,5079987
FCH,20111209,137.5,139.7,134.1,136.9,142803
FCSSOFT,20111209,0.5,0.5,0.45,0.45,557127
FDC,20111209,79.05,80.5,78.45,80,22088
FEDDERLOYD,20111209,58.05,60.85,57.5,59.75,5288
FEDERALBNK,20111209,382,393.5,382,388.95,882226
FIEMIND,20111209,153.1,160,153.1,157.25,855
FILATEX,20111209,39.95,39.95,38.1,39.55,5101
FINANTECH,20111209,603.1,615.55,592.75,606.9,73683
FINCABLES,20111209,29.85,29.85,28.2,28.55,17874
FINPIPE,20111209,47.25,48.1,46.85,46.9,39958
FIRSTLEASE,20111209,57.8,58.5,56.75,58.15,3833
FIRSTWIN,20111209,14.35,14.35,14.35,14.35,20
FKONCO,20111209,95,95.5,92.55,94.85,1937
FLEXITUFF,20111209,258.1,264.6,252.1,256.65,123414
FMGOETZE,20111209,220,220,208.2,209.8,1117
FORTIS,20111209,111.45,113.45,108.9,112.05,315012
FOSECOIND,20111209,578,578,561.1,571.4,50
FOURSOFT,20111209,8,8.3,7.75,8.25,6750
FSL,20111209,7.85,8,7.8,7.85,1422332
FTCSF5YDIV,20111209,10.9,10.9,10.9,10.9,100
FUTUREVENT,20111209,9.15,9.25,9,9.2,1152984
GABRIEL,20111209,43.25,43.7,43,43.05,8094
GAEL,20111209,20.7,21.45,20.6,20.6,4959
GAIL,20111209,390.95,397.6,386.15,392.55,882417
GAL,20111209,12.8,13.45,12.7,13.15,45066
GALLANTT,20111209,19,19,19,19,17745
GALLISPAT,20111209,113.6,114.5,111.25,111.7,85181
GAMMNINFRA,20111209,12.3,12.7,11.95,12.25,78150
GAMMONIND,20111209,44,50.9,44,49.9,30702
GANDHITUBE,20111209,124.55,124.55,124.55,124.55,21
GANESHHOUC,20111209,105,109,102.05,103.65,575
GANGOTRI,20111209,3.95,3.95,3.5,3.75,2781
GARDENSILK,20111209,59.8,59.8,57.9,58.2,6807
GARWALLROP,20111209,51,51,48,48.8,16372
GATI,20111209,29.9,30.5,29.15,29.8,178200
GAYAPROJ,20111209,118,119.45,116,118.4,13338
GDL,20111209,131.5,131.5,125.1,125.95,66468
GEECEE,20111209,31,31.5,30.6,30.75,2546
GEINDSYS,20111209,122,127.45,120.35,124.8,3555
GEMINI,20111209,22,22.7,22,22.5,8216
GENESYS,20111209,150.5,150.5,141.15,145.85,1548
GENUSPOWER,20111209,9.75,10,9,9.95,99119
GEODESIC,20111209,51,52.8,50.35,51.5,58389
GEOJITBNPP,20111209,16.3,18,16.2,17.25,321670
GEOMETRIC,20111209,49.5,53.5,48.4,52.9,265210
GESHIP,20111209,210,220.45,210,216.6,223986
GHCL,20111209,31.15,31.4,30.75,30.95,36685
GICHSGFIN,20111209,75.5,75.7,72.7,75.4,28097
GILLANDERS,20111209,69,73.3,68.3,70.7,165
GILLETTE,20111209,1932,1978,1920,1964.2,942
GINNIFILA,20111209,5.05,5.25,5.05,5.2,2032
GIPCL,20111209,71.3,72.25,69.8,70.15,8100
GISOLUTION,20111209,10.8,10.8,10.75,10.75,11
GITANJALI,20111209,333.2,334.3,330,331.5,383776
GKB,20111209,30.35,35,30.35,30.55,252
GLAXO,20111209,1890,1915,1854,1863.15,15959
GLENMARK,20111209,310,311.9,301.8,304.7,362984
GLFL,20111209,3.5,3.5,3.15,3.25,6116
GLOBALVECT,20111209,15.05,15.8,15.05,15.5,1412
GLOBOFFS,20111209,65.75,70,65.15,68.4,10544
GLOBUSSPR,20111209,105,107.8,104,106.25,15971
GLODYNE,20111209,247.5,271,247.5,266.8,242216
GLORY,20111209,3,3.1,3,3.05,32168
GMBREW,20111209,63.85,63.85,61.5,61.75,1769
GMDCLTD,20111209,180,180.5,177.4,178.4,73804
GMRINFRA,20111209,19.25,19.3,18.5,18.75,5245616
GNFC,20111209,81,82.6,81,82.05,18431
GOACARBON,20111209,68,69.85,67.05,67.8,974
GODFRYPHLP,20111209,2800,2895,2800,2868.7,117
GODREJCP,20111209,384,389.8,381,387.75,27687
GODREJIND,20111209,196.3,199.5,193.2,197.3,337740
GODREJPROP,20111209,680,686.9,669.95,675.15,3294
GOENKA,20111209,38.1,39,34.55,34.95,52370
GOKEX,20111209,80.1,81.1,80.1,80.7,326
GOKUL,20111209,84.35,84.9,79,81.15,260573
GOLDBEES,20111209,2772,2788.5,2772,2780.85,98365
GOLDENTOBC,20111209,46.45,46.5,44.1,44.25,691
GOLDIAM,20111209,29,29.85,28.6,29.7,855
GOLDINFRA,20111209,9.6,10.7,9.6,10.7,6072
GOLDSHARE,20111209,2762,2767,2750.25,2756.85,3832
GOLDTECH,20111209,6.1,6.55,6,6.35,8141
GPIL,20111209,107.7,107.75,102,102.85,163014
GPPL,20111209,57.05,57.45,54.25,54.95,197861
GRABALALK,20111209,17.7,19.8,17.6,19.25,16139
GRANULES,20111209,64.5,67,63.15,65,1671
GRAPHITE,20111209,69.6,70.25,69.15,69.85,290416
GRASIM,20111209,2389.8,2433,2362.25,2411.75,65618
GRAVITA,20111209,374.7,374.7,355.1,364.95,102246
GREAVESCOT,20111209,75.5,75.95,74.3,75.2,15802
GREENPLY,20111209,197.05,200,195,196.35,249
GREENPOWER,20111209,10.5,10.65,10.25,10.3,185497
GRINDWELL,20111209,237.8,238.4,231,233.75,1120
GRUH,20111209,531,536,530,530.25,3826
GSFC,20111209,428,437,425,433.7,14244
GSKCONS,20111209,2595,2618.65,2550,2575.85,13007
GSLNOVA,20111209,2.2,2.75,2.2,2.6,6684
GSPL,20111209,85,86,83.15,83.85,1795791
GSS,20111209,122,122.9,120,122.15,4167
GTL,20111209,38.45,38.75,37.6,37.75,433899
GTLINFRA,20111209,8.65,8.7,8.5,8.55,238334
GTNIND,20111209,11,11,10.55,10.55,1872
GTNTEX,20111209,10.8,10.8,10.4,10.4,837
GTOFFSHORE,20111209,93.95,94.7,92,93.6,66480
GUFICBIO,20111209,5.85,6.05,5.8,6.05,2623
GUJALKALI,20111209,127.5,137.2,126.5,135.75,310670
GUJAPOLLO,20111209,130,134.35,128.5,133.8,7587
GUJFLUORO,20111209,402.4,405.7,386.85,402.5,87133
GUJNRECOKE,20111209,17.5,18.6,17.5,18.2,705947
GUJNREDVR,20111209,13.75,14.2,13.4,13.7,8156
GUJRATGAS,20111209,360.55,366.7,352,356.95,22940
GUJSIDHCEM,20111209,7.8,8,7.65,7.85,39942
GULFOILCOR,20111209,60.5,60.5,58.35,59.55,16790
GVKPIL,20111209,10.6,10.9,10.3,10.7,9048761
HALONIX,20111209,58.25,63.9,55.55,56.7,58916
HANUNG,20111209,93,93.45,91,91.95,66794
HARRMALAYA,20111209,62,62.5,60.7,61.25,3952
HATHWAY,20111209,109.95,115.6,109.85,113.05,138117
HAVELLS,20111209,436.1,438.25,432.1,434.9,378578
HBLPOWER,20111209,16.55,17,16.5,16.8,6788
HBSTOCK,20111209,10.8,10.85,10.8,10.8,159
HCC,20111209,21.2,21.85,19.3,21.4,1626386
HCIL,20111209,51,52,50,51.4,3097
HCL-INSYS,20111209,49.9,50,48.7,49,121806
HCLTECH,20111209,410.5,414.9,404.3,407.75,921848
HDFC,20111209,660,663.75,652.35,655.4,1486874
HDFCBANK,20111209,447,451.2,440.5,443.75,3401728
HDFCMFGETF,20111209,2854.8,2854.8,2826.25,2840.2,6939
HDIL,20111209,61.5,61.5,58.7,59.75,12906302
HEG,20111209,170.5,171.25,167.2,170.1,6507
HEIDELBERG,20111209,29,30.6,28.5,29.85,40908
HELIOSMATH,20111209,20.8,21,20.75,21,412
HERCULES,20111209,220.85,225,218.25,220.8,15093
HERITGFOOD,20111209,155.1,159,155.1,158.95,650
HEROMOTOCO,20111209,2043,2057.65,2011,2033.4,330459
HEXAWARE,20111209,82.7,84.9,81.55,83.8,597488
HFCL,20111209,11.25,11.6,11.15,11.3,1371985
HGS,20111209,312.15,322.5,312.15,318.6,2257
HIKAL,20111209,243.1,251.75,241.7,250,1080
HILTON,20111209,12.9,13,12.5,12.75,250
HIMATSEIDE,20111209,27.5,28.65,27.1,28.25,4896
HINDALCO,20111209,126.9,135.6,125.95,132.15,11322225
HINDCOMPOS,20111209,470.95,470.95,440,440.25,13
HINDCOPPER,20111209,184,185,181.4,183.4,11119
HINDDORROL,20111209,26.25,29.6,25.75,29,287253
HINDMOTORS,20111209,10.25,10.35,10.1,10.2,48966
HINDNATGLS,20111209,148,151.95,145.15,147,1767
HINDOILEXP,20111209,122.3,123,117.7,119.45,891987
HINDPETRO,20111209,289.65,296,286,294.65,567611
HINDUJAFO,20111209,66.5,67.8,63.7,63.75,64
HINDUJAVEN,20111209,329,329,321.05,324.5,1688
HINDUNILVR,20111209,390.4,390.95,384.65,385.7,1789135
HINDZINC,20111209,122.6,124.85,120.6,123.8,675339
HIRAFERRO,20111209,23,26,23,26,1600
HIRECT,20111209,42.5,43.1,42,42.05,3460
HITACHIHOM,20111209,126,126,123.1,124.65,3272
HITECHGEAR,20111209,120,120.5,120,120,9046
HITECHPLAS,20111209,62.05,63.15,61.3,62.85,705
HMT,20111209,32.6,32.6,31,31.6,48104
HMVL,20111209,124.55,134.7,124.55,130.05,18625
HNGSNGBEES,20111209,1311,1311,1309,1309,10
HOCL,20111209,19.05,19.2,18.65,19.1,19910
HONAUT,20111209,1914.95,1944,1880,1888.5,1501
HONDAPOWER,20111209,312,319.8,302,309.55,1821
HOPFL,20111209,55,56.75,54,54.55,1023
HORIZONINF,20111209,249,258,226,241.6,236
HOTELEELA,20111209,31.95,32.5,31.5,32.35,133258
HOTELRUGBY,20111209,5.55,5.8,5.55,5.7,1502
HOVS,20111209,39.25,39.25,38.5,38.7,4226
HSIL,20111209,144.1,145.35,141.1,142.35,64898
HTMEDIA,20111209,123,124.7,120.45,124.35,1415
HUBTOWN,20111209,178,184.8,178,181.05,1937
HYDRBADIND,20111209,299,303.95,298,301.6,2227
HYDROS&S,20111209,15.05,15.95,15,15.9,49
IBPOW,20111209,10.05,10.1,9.85,10,377423
IBREALEST,20111209,51.05,53.75,49.65,53.15,7752272
IBSEC,20111209,6.5,6.65,6.35,6.55,481242
IBWSL,20111209,5.5,5.65,5.2,5.65,514949
ICICIBANK,20111209,731,741.95,722.1,731.15,7491358
ICIL,20111209,7.75,8.45,7.75,8.45,136
ICRA,20111209,901.9,916,901.9,913.3,647
ICSA,20111209,37,37.9,36.5,36.75,54757
IDBI,20111209,93,93.8,91.4,92.8,1235211
IDBIGOLD,20111209,2929.95,2929.95,2888.2,2912.85,151
IDEA,20111209,86.4,87.75,83.2,86.35,13767540
IDFC,20111209,111.1,113.25,109.2,109.65,7083406
IFBAGRO,20111209,155.9,164,155.8,159.65,6491
IFBIND,20111209,70.5,72.5,70,70.45,7213
IFCI,20111209,24.75,24.9,23.55,24.25,13358305
IFGLREFRAC,20111209,35,37.1,34.5,35.75,6925
IGARASHI,20111209,37.95,37.95,35.55,36.95,1945
IGL,20111209,375.05,377.75,364.5,370.05,373918
IIFLNIFTY,20111209,484.9,491.55,483.85,486.33,10636
IL&FSENGG,20111209,67,68.5,64,66.75,5982
IL&FSTRANS,20111209,168,170.45,166,167.4,10912
IMFA,20111209,242,253.5,240,241.75,909
IMPAL,20111209,620,630,620,624,203
IMPEXFERRO,20111209,6.2,6.2,6.2,6.2,1000
INDBANK,20111209,6.45,6.7,6.15,6.65,15404
INDHOTEL,20111209,59.5,59.95,58.55,59.45,180812
INDIABULLS,20111209,142,151.95,140.35,148.35,1646467
INDIACEM,20111209,72.3,74.75,70.15,73.9,391896
INDIAGLYCO,20111209,120.65,125.7,120.65,125.05,7510
INDIAINFO,20111209,58,58.8,56.2,57.95,327846
INDIANB,20111209,193.25,198.7,193.25,194.85,329759
INDIANCARD,20111209,90.8,90.8,90.8,90.8,1
INDIANHUME,20111209,106.95,107,104,104.05,355
INDNIPPON,20111209,173.15,173.15,159.15,160.2,13
INDOCO,20111209,388.05,395,388.05,392,12
INDORAMA,20111209,25,26.4,24.2,26,5680
INDOSOLAR,20111209,6.95,6.95,6.55,6.7,47819
INDOTECH,20111209,93.85,93.85,86.65,88.85,5312
INDOTHAI,20111209,10.8,11.3,10.75,11.2,61437
INDOWIND,20111209,7.5,7.6,7.3,7.45,498291
INDRAMEDCO,20111209,34.2,37.6,34.15,36.45,74014
INDSWFTLAB,20111209,82.5,84.7,82.1,83.95,19471
INDSWFTLTD,20111209,25.1,25.95,25.1,25.3,5937
INDTERRAIN,20111209,103,109.8,101.7,101.7,159
INDUSFILA,20111209,14,15.8,13.8,14.8,5838
INDUSINDBK,20111209,254.35,262.95,251.7,260.4,932789
INEABS,20111209,588.05,595,586,589,1293
INFINITE,20111209,67,69,65.6,67.75,5489
INFODRIVE,20111209,7.2,7.25,7.2,7.2,890
INFOMEDIA,20111209,9.35,9.35,9.05,9.1,4367
INFOTECENT,20111209,124,124,122,123.85,1181
INFRABEES,20111209,236,237.4,235.78,235.78,25
INFY,20111209,2668.15,2739.8,2660.2,2710.3,1321344
INGERRAND,20111209,410.05,419,410.05,415.5,581
INGVYSYABK,20111209,309,309,302.25,305.2,24250
INNOIND,20111209,81.5,86,80.5,85,8207
INOXLEISUR,20111209,40,40.95,39.4,39.75,37054
INSECTICID,20111209,397.4,414.4,397.4,403.9,52141
INVENTURE,20111209,150,153,150,151.45,12132
IOB,20111209,88.2,89.4,86,88.65,339702
IOC,20111209,266,272.9,264,270.1,507221
IOLCP,20111209,25.25,26.95,25.25,25.6,2411
IOLN,20111209,6.8,6.8,6.7,6.7,3854
IPCALAB,20111209,260,263.15,259.05,261.05,13625
IPGETF,20111209,2879,2888,2840.2,2875.6,321
IPRINGLTD,20111209,54.1,54.1,54.1,54.1,10
IRB,20111209,149.5,151.75,145,148.6,528035
ISFT,20111209,50.5,52,48.75,51.65,461
ISMTLTD,20111209,25.5,25.9,24.95,25.45,17953
ITC,20111209,197.1,198.6,194.7,197.15,5583387
ITDCEM,20111209,126.7,127.85,123,125.35,2083
ITI,20111209,19.2,19.35,18.7,18.85,49163
IVC,20111209,27.95,27.95,26.9,27.1,21418
IVP,20111209,44,44.05,44,44,101
IVRCLAH,20111209,28,28,27,27.35,12878
IVRCLINFRA,20111209,35.05,36.35,34.55,35.25,2500882
J&KBANK,20111209,762.45,770,751.35,759.2,2713
JAGRAN,20111209,101,101,98.2,99.65,19902
JAGSNPHARM,20111209,11.5,11.5,11.2,11.2,1902
JAIBALAJI,20111209,46.55,46.75,43,45.2,14472
JAICORPLTD,20111209,67.5,69.5,66.35,67.65,267239
JAINSTUDIO,20111209,7.15,7.15,7.15,7.15,5
JAMNAAUTO,20111209,99,99.8,95,99.8,3167
JAYAGROGN,20111209,81.65,84.7,81.6,83.65,3022
JAYBARMARU,20111209,44,44.65,43,44,2850
JAYNECOIND,20111209,14.05,14.65,14.05,14.2,18652
JAYSREETEA,20111209,103.15,103.15,100.75,101.15,11462
JBCHEPHARM,20111209,70.25,70.75,69.5,69.65,12355
JBFIND,20111209,110.05,112.6,107.25,111.8,37967
JBMA,20111209,55,56,53,53.05,773
JCTEL,20111209,1.15,1.15,1.1,1.1,51194
JENSONICOL,20111209,3.1,3.3,3.1,3.3,12910
JETAIRWAYS,20111209,247.5,249,229.45,235.8,2562277
JHS,20111209,36.7,37.25,35.15,35.85,62250
JIKIND,20111209,4,4.75,4,4.25,3459
JINDALPHOT,20111209,125.15,139,125.15,131.25,12040
JINDALPOLY,20111209,170,176.75,167.9,169.7,632153
JINDALSAW,20111209,126.95,130,125.45,128.7,137989
JINDALSTEL,20111209,518.3,539.4,514.05,532.15,1881203
JINDALSWHL,20111209,415,425,401.15,418.4,69436
JINDCOT,20111209,68,68.45,66.15,67.35,109367
JINDRILL,20111209,306.5,306.5,296.3,299.25,246
JINDWORLD,20111209,83.25,84.45,82,82.1,973
JISLDVREQS,20111209,49.1,49.75,47.5,47.9,236514
JISLJALEQS,20111209,112,116.4,112,114.55,829493
JKCEMENT,20111209,104,106,103.95,105.05,11315
JKIL,20111209,148,151.95,145.05,148.95,2421
JKLAKSHMI,20111209,42,42.5,41,41.7,18244
JKPAPER,20111209,37.1,37.5,36.4,37.25,113784
JKTYRE,20111209,65,65.55,64.2,64.4,25461
JMCPROJECT,20111209,111.05,114,109.75,111.65,2178
JMFINANCIL,20111209,14.8,15.15,14.55,14.9,118996
JMTAUTOLTD,20111209,51.05,52.9,50,52.8,1074
JOCIL,20111209,110,110.9,100,100.95,13652
JPASSOCIAT,20111209,65.25,65.8,63.05,63.35,21454999
JPINFRATEC,20111209,42.5,42.5,41.05,42.05,487033
JPPOWER,20111209,38.25,38.5,37.5,38.05,935525
JSL,20111209,73,75.8,71.25,74.55,20499
JSWENERGY,20111209,42.15,43.65,42.15,43.25,277359
JSWISPAT,20111209,10.15,10.45,10,10.35,1425807
JSWSTEEL,20111209,594.5,595,572.5,586.3,2089108
JUBILANT,20111209,176,177.95,171,174.3,45505
JUBLFOOD,20111209,800,800,766.1,772.65,1130112
JUBLINDS,20111209,190.8,202,190.8,200.35,6200
JUMBO,20111209,14,14,14,14,2
JUNIORBEES,20111209,92.47,92.9,90.7,92.67,24294
JUPITER,20111209,9.65,10,9.65,9.9,143822
JVLAGRO,20111209,14.5,15.15,14.25,14.9,10173
JYOTHYLAB,20111209,148.65,152,148.15,150.6,10023
JYOTISTRUC,20111209,47.5,47.8,43.25,47.05,36559
KABRAEXTRU,20111209,35.5,37.5,34.3,35.3,744
KAJARIACER,20111209,102.5,105,102,102.7,32404
KAKATCEM,20111209,65,66.7,65,65.35,743
KALECONSUL,20111209,112,114,110.2,112.25,11462
KALINDEE,20111209,112,113.7,108.65,109.95,664482
KALPATPOWR,20111209,98,100.5,98,99.05,4671
KAMATHOTEL,20111209,92,94.55,91.1,92.75,4106
KANORICHEM,20111209,26,26.9,26,26.4,8624
KANSAINER,20111209,870,882,864,875.75,1084
KARURKCP,20111209,20.9,20.9,18.5,20,1564
KARURVYSYA,20111209,382.5,384.9,375.6,378.95,53953
KAUSHALYA,20111209,6.15,6.7,6.15,6.4,8144
KAVVERITEL,20111209,134,137,131.7,135.25,44143
KBIL,20111209,635,635,635,635,4
KCP,20111209,25.45,25.5,25,25.1,8637
KCPSUGIND,20111209,14.1,15.1,14.1,14.75,39357
KEC,20111209,38,38.95,38,38.4,56695
KECL,20111209,29.9,30.3,29.3,29.85,3348
KEI,20111209,15,15.9,14.6,15.5,72415
KEMROCK,20111209,525,558,525,544,236150
KERNEX,20111209,74.7,77.3,70.5,72.35,439852
KESARENT,20111209,40.5,40.65,40.5,40.65,2
KESORAMIND,20111209,102.6,105.3,102.6,104.3,6565
KFA,20111209,23.8,24.3,23.1,23.95,4734098
KGL,20111209,4.7,4.7,4.5,4.6,880101
KHAITANELE,20111209,91.85,91.9,84.1,84.1,182
KHANDSE,20111209,18.05,18.5,18.05,18.5,1000
KICL,20111209,436,436,413,413,4
KIL,20111209,13.5,13.55,13,13,627
KILITCH,20111209,53,53.05,53,53,40
KINETICMOT,20111209,14.75,15,14.65,14.9,14482
KIRIINDUS,20111209,76,76.8,74.5,75.15,11384
KIRLOSBROS,20111209,121,123.5,117.65,123,806
KIRLOSENG,20111209,131,135.95,128.05,131.95,2493
KIRLOSIND,20111209,245.15,266.9,245.1,249.95,72
KITPLYIND,20111209,3.15,3.15,3,3,8642
KKCL,20111209,722.1,725,690.05,699.85,1338
KLGSYSTEL,20111209,28.5,28.5,25.55,26.65,8090
KLRF,20111209,25.95,25.95,25.95,25.95,2
KMSUGAR,20111209,2.2,2.4,2.2,2.25,30
KNRCON,20111209,97,99.95,96.05,96.75,700
KOHINOOR,20111209,37.95,37.95,36.8,37,18610
KOLTEPATIL,20111209,34.5,36.4,34.2,35.4,44514
KOPDRUGS,20111209,3.85,4.15,3.6,4,903
KOPRAN,20111209,17.6,18.4,17.3,18.2,22214
KOTAKBANK,20111209,477,493.85,474.2,488.9,543652
KOTAKGOLD,20111209,2800,2804.8,2786.25,2788.35,21951
KOTAKNIFTY,20111209,500,505,494,500.83,3218
KOTAKPSUBK,20111209,321,323,321,323,111
KOTARISUG,20111209,5.75,5.95,5.75,5.95,9472
KOTHARIPET,20111209,5.95,6.65,5.95,6.15,21601
KOTHARIPRO,20111209,385,405,378.1,391.95,2292
KOUTONS,20111209,18.25,19,18.25,18.45,125033
KPIT,20111209,159.25,159.95,157,158,18540
KPRMILL,20111209,98,100,97.5,97.55,268
KRBL,20111209,15.9,16,15.15,15.45,480248
KRISHNAENG,20111209,2.45,2.5,2.4,2.5,177
KRITIIND,20111209,3.75,5.25,3.75,5.25,701
KSBPUMPS,20111209,176.95,176.95,161.55,168.55,4328
KSCL,20111209,480,486,465.3,480.6,18044
KSERASERA,20111209,2.9,2.95,2.85,2.85,45352
KSK,20111209,50,50.5,46.55,47.1,49728
KSL,20111209,41.5,41.5,38.3,40.05,5889
KSOILS,20111209,6.7,6.75,6.35,6.65,4669348
KTIL,20111209,65.7,65.7,59.35,63,101
KTKBANK,20111209,76,77.9,75,77.1,476726
KWALITY,20111209,42.1,42.1,42.1,42.1,15220
L&TFH,20111209,45.4,46,45,45.55,220128
LAKPRE,20111209,35,37.5,32.65,36.2,633
LAKSHMIEFL,20111209,13.75,13.95,13.05,13.8,18271
LAKSHMIMIL,20111209,1615,1697,1604,1660,609
LAKSHVILAS,20111209,86.7,87.9,85.2,86.15,36689
LANCOIN,20111209,24,24.55,24,24.2,4317
LAOPALA,20111209,105.15,109,105.15,107.75,8888
LAXMIMACH,20111209,1703,1749,1675,1729.95,923
LCCINFOTEC,20111209,0.4,0.45,0.4,0.45,5398
LGBBROSLTD,20111209,310,315,310,310.05,1021
LGBFORGE,20111209,2.55,2.7,2.55,2.6,13302
LIBERTSHOE,20111209,68,69.4,66,66.65,9304
LICHSGFIN,20111209,228,232,224.15,228.95,1736754
LIQUIDBEES,20111209,1000,1000.01,999.99,999.99,166441
LITL,20111209,11.75,11.9,11.3,11.45,8121805
LLOYDELENG,20111209,44,44.3,43.05,44.1,5837
LLOYDFIN,20111209,1,1,0.85,0.9,14591
LLOYDSTEEL,20111209,8.25,8.75,8.25,8.3,121304
LML,20111209,8.7,8.85,8.6,8.7,89204
LOGIXMICRO,20111209,20.2,20.2,18.75,19.95,23477
LOKESHMACH,20111209,38.7,40.35,38.2,38.65,5264
LOTUSEYE,20111209,9.8,9.8,8.4,8.55,5818
LOVABLE,20111209,370.1,372.9,362.05,366.8,329645
LPDC,20111209,2,2.05,1.85,1.9,1023
LT,20111209,1244.8,1254.3,1218.3,1226.85,2285391
LUMAXAUTO,20111209,30.75,30.75,29.25,29.65,2725
LUMAXIND,20111209,384.5,388.95,382.15,386.65,5344
LUMAXTECH,20111209,147,147,141,145,3552
LUPIN,20111209,442.85,449.5,434.55,441.35,1011067
LYKALABS,20111209,9.1,9.45,8.75,9.15,7717
M&M,20111209,715.2,719.85,697.2,703.25,2447462
M&MFIN,20111209,661.1,687.9,661.1,668.5,7829
M100,20111209,6.6,6.68,6.5,6.54,66932
M50,20111209,64.5,65.4,63.55,64.42,2973
MAANALU,20111209,42,44.5,40.3,42,604
MADHUCON,20111209,57,58,55.6,57.55,5050
MADRASCEM,20111209,112,116.25,111.6,115.75,30040
MADRASFERT,20111209,18.55,19.2,18.3,18.5,35428
MAGMA,20111209,57,57.5,54.25,55.35,274293
MAGNUM,20111209,4.05,4.3,4,4.25,19700
MAHABANK,20111209,45.25,46.4,44.55,45.8,65013
MAHINDFORG,20111209,57.1,58,56.25,57.25,5859
MAHINDUGIN,20111209,50,52.2,49.15,52,10933
MAHLIFE,20111209,277.8,277.8,260.2,263,3119
MAHSCOOTER,20111209,295.15,295.15,295.15,295.15,25
MAHSEAMLES,20111209,339.85,344.5,335.6,337.05,32666
MAITHANALL,20111209,91.15,91.2,91.15,91.2,155
MALUPAPER,20111209,9.25,10,9.25,9.3,2450
MALWACOTT,20111209,20.35,20.75,20,20.75,465
MANAKSIA,20111209,49.55,50.3,49.55,50.25,3368
MANALIPETC,20111209,9.5,9.75,9.5,9.7,19566
MANAPPURAM,20111209,53.8,55.8,52.5,54.7,1794262
MANDHANA,20111209,209,216,209,214.4,68194
MANGALAM,20111209,12.6,12.65,12.45,12.5,1708
MANGCHEFER,20111209,34.35,34.35,33.5,33.95,158333
MANGLMCEM,20111209,93.25,93.8,91.15,92.5,8250
MANGTIMBER,20111209,17.5,18.5,17.5,18.5,2
MANINDS,20111209,113,118.25,112,114.25,25454
MANINFRA,20111209,100.1,103.75,100.1,102.2,3092
MANJEERA,20111209,80.95,81.9,72.05,74.95,70
MANJUSHREE,20111209,82.7,82.7,81.2,82,23641
MANUGRAPH,20111209,49,50.65,49,50,814
MARALOVER,20111209,10,10.5,9.5,10.5,412
MARG,20111209,80.6,82.85,80.3,81.55,18968
MARICO,20111209,145.6,146.5,143.55,144,165929
MARKSANS,20111209,1.95,1.95,1.75,1.85,206598
MARUTI,20111209,963.5,994.5,956.35,985.8,634649
MASTEK,20111209,76,78.55,75.5,77.55,10967
MAWANASUG,20111209,13.2,14.1,13.1,13.9,3768
MAX,20111209,167.5,180,165.35,167.35,19191700
MAXWELL,20111209,24,24.8,23.45,24.5,15544
MBECL,20111209,98,98.35,95.15,96.3,4430
MBLINFRA,20111209,103.95,103.95,99.25,102.65,8194
MBSWITCH,20111209,77.55,85,77.55,81.8,129736
MCDHOLDING,20111209,47.45,52,45.2,46.05,18813
MCDOWELL-N,20111209,739.65,750,712.4,717.75,380076
MCLEODRUSS,20111209,227.95,227.95,218,221.3,217532
MEGASOFT,20111209,11.5,11.5,11,11,5082
MEGH,20111209,9.5,9.8,9.35,9.65,27399
MELSTAR,20111209,7,7,7,7,550
MERCATOR,20111209,20.9,21.2,20.3,20.9,476169
MERCK,20111209,620,630,610.25,620.2,1254
MHRIL,20111209,297.55,304.55,297.55,301.45,176
MIC,20111209,7.2,7.2,6.9,7.05,237407
MICROSEC,20111209,27,27.3,26.1,27,9559
MICROTECH,20111209,155,156.95,150.5,152.85,42291
MINDAIND,20111209,168,171,164.8,169.45,1045
MINDTREE,20111209,406,408.5,406,407,5862
MIRCELECTR,20111209,16.35,16.45,15.9,16.15,28252
MIRZAINT,20111209,17.05,17.45,16.6,16.95,41181
MMFL,20111209,90,95.95,90,95,587
MMFSL,20111209,103,105,101.1,103.25,6353
MMTC,20111209,545,550,531,534.3,5065
MOIL,20111209,231.6,234,230.5,231.35,58430
MONNETISPA,20111209,376,379.8,370,373.55,19043
MONSANTO,20111209,716,721,710,712.1,863
MORARJETEX,20111209,11.05,11.05,11.05,11.05,335
MOREPENLAB,20111209,3.3,3.35,3.2,3.3,44122
MOSERBAER,20111209,18.3,18.4,17.5,17.75,974758
MOTHERSUMI,20111209,152,154.5,151.3,152,8489
MOTILALOFS,20111209,87.5,88,83.5,83.8,1618
MOTOGENFIN,20111209,37,39.5,36.5,39.2,191
MPHASIS,20111209,324.7,329.45,318.95,324.65,182453
MPSLTD,20111209,35.85,36.3,35.85,36.1,52099
MRF,20111209,7289,7325,7165.1,7234.4,7392
MRO-TEK,20111209,9.5,9.85,9.4,9.8,168
MRPL,20111209,60.25,60.8,58.8,60.05,117069
MSPL,20111209,31.5,32.9,30.35,32,6857
MTNL,20111209,27.15,27.5,26.8,27.1,418021
MUDRA,20111209,18,19.65,18,19.25,6716
MUKANDENGG,20111209,25.65,25.65,22.5,22.75,1703
MUKANDLTD,20111209,26,26.9,25.1,26.45,1806
MUKTAARTS,20111209,31.5,31.95,30.65,31.05,342
MUNDRAPORT,20111209,127.35,131,124.4,127.3,535841
MUNJALAU,20111209,180,185,178,182.45,1619
MUNJALSHOW,20111209,67.05,69.45,67.05,68.65,7670
MURLIIND,20111209,19,20.5,19,19.4,1378
MURUDCERA,20111209,15.6,15.6,14.6,15.4,583
MUTHOOTFIN,20111209,171.95,173,170.15,171.25,59712
MVL,20111209,23.4,24,22.95,23.8,241984
MVLIND,20111209,12.2,12.2,11.25,11.5,759
MYSOREBANK,20111209,467,481.35,467,474.1,689
N100,20111209,113,118.5,111,114.2,43659
NAGREEKCAP,20111209,18,18,17.2,17.4,7
NAGREEKEXP,20111209,16.4,16.4,16.4,16.4,1
NAHARCAP,20111209,43,45,41.7,42,132
NAHARINDUS,20111209,36,39.9,35,35.25,2450
NAHARPOLY,20111209,20.4,21,20.4,20.5,1552
NAHARSPING,20111209,50,50.95,49.2,50.25,1272
NANDAN,20111209,1.85,1.9,1.85,1.9,21807
NATCOPHARM,20111209,250.1,264,245,247.95,183873
NATHSEED,20111209,8,8.3,8,8.25,946
NATIONALUM,20111209,49.9,51.4,48.5,51.05,190466
NATNLSTEEL,20111209,14.5,14.6,13.3,14.1,12572
NAUKRI,20111209,639.9,645,634.85,638.7,10342
NAVINFLUOR,20111209,339.9,339.9,335,335.9,11754
NAVNETPUBL,20111209,53.6,56.9,53.3,55.4,32506
NBVENTURES,20111209,191.9,207,186.2,199.65,58309
NCC,20111209,39.15,39.15,37.6,38.25,314128
NCLIND,20111209,36.05,37,35.15,35.85,7806
NCOPPER,20111209,17.25,18.3,17.25,17.65,13056
NDTV,20111209,35.15,35.25,34,34.2,162324
NECLIFE,20111209,17.05,18.45,16.55,18,104214
NEHAINT,20111209,41.3,41.3,41.3,41.3,1937
NELCAST,20111209,24.3,25.45,24.2,24.85,219374
NELCO,20111209,48.05,48.35,46.25,47.35,47618
NEOCURE,20111209,2,2,2,2,2
NEPCMICON,20111209,3,3.05,2.95,2.95,3626
NESCO,20111209,600,610.05,592.5,600.9,12445
NESTLEIND,20111209,4239.95,4248.7,4167,4190.55,14142
NET4,20111209,150,150.5,148,149.3,31543
NETWORK18,20111209,40.6,42.65,40.35,41.1,57813
NEULANDLAB,20111209,82,82,75.05,77.25,777
NEXTMEDIA,20111209,4.5,4.8,4.45,4.5,16606
NEYVELILIG,20111209,72,74.3,72,73.7,81383
NFL,20111209,54.6,55.4,53.3,53.65,12032
NHPC,20111209,22.05,22.15,21.8,21.95,3033803
NICCO,20111209,2,2.2,2,2.1,3580
NIFTYBEES,20111209,500,502.4,480.55,497.6,140605
NIITLTD,20111209,45.2,45.5,44,44.8,29655
NIITTECH,20111209,203.95,204,200.5,201.2,30275
NILKAMAL,20111209,233.05,243.2,230,237.65,901
NIPPOBATRY,20111209,378,385.95,377.25,385.15,502
NITCO,20111209,38.6,38.85,37.3,37.65,5966
NITESHEST,20111209,16.6,16.95,16.6,16.7,19071
NITINFIRE,20111209,26.95,27.35,26.55,27,135068
NITINSPIN,20111209,6,6.15,6,6,4135
NMDC,20111209,178.95,180,175.7,176.85,300834
NOCIL,20111209,16.15,17.1,16.15,16.55,220379
NOIDATOLL,20111209,21.7,21.7,21.15,21.25,145177
NOL,20111209,38.85,38.85,38.8,38.8,400
NORBTEAEXP,20111209,5.35,5.35,5,5,3064
NORTHGATE,20111209,9,9.1,8.75,8.9,36670
NOVOPANIND,20111209,36,36,35,35.15,200
NRBBEARING,20111209,38,38,36.6,37.4,1224
NRC,20111209,3.7,3.7,3.4,3.45,1656
NSIL,20111209,585,600,581,583,38
NTPC,20111209,163.25,167.8,162.65,166.1,1953522
NUCHEM,20111209,2.75,2.9,2.45,2.55,42759
NUCLEUS,20111209,61.1,64.2,61.1,63.15,14652
NUMERICPW,20111209,181,185,181,183.3,2505
NUTEK,20111209,1.25,1.25,1.15,1.25,1958494
OBEROIRLTY,20111209,216.5,220,216.5,218.45,6967
OCL,20111209,91,93.95,90.4,92.2,2581
OFSS,20111209,1935.2,1980,1912.25,1955.55,26932
OIL,20111209,1165.2,1195.9,1162,1190.15,46464
OILCOUNTUB,20111209,49.05,50.5,49,49.85,3170
OISL,20111209,45.5,46.5,43.65,45.45,3182
OMAXAUTO,20111209,37.95,37.95,36.05,37.45,1051
OMAXE,20111209,145.55,145.55,142.5,144.2,33366
OMKARCHEM,20111209,65.9,65.9,62,63.6,1401
OMMETALS,20111209,26,27.8,25.5,27.2,700
OMNITECH,20111209,144.75,144.75,137,139.8,3208
ONELIFECAP,20111209,202.5,207.8,191.1,201.6,486145
ONGC,20111209,262.4,266.1,260.25,261.4,1487840
ONMOBILE,20111209,65.75,69.95,64.5,69,912447
OPTOCIRCUI,20111209,192.05,210.45,188.95,205.25,1634060
ORBITCORP,20111209,31,32.6,30.55,32.4,245628
ORCHIDCHEM,20111209,159.6,168,157,165.7,974075
ORIENTABRA,20111209,11,11.1,10.7,10.95,4942
ORIENTALTL,20111209,7,7.15,7,7.05,1658
ORIENTBANK,20111209,265.05,269,261.3,267.5,202813
ORIENTCERA,20111209,49.75,49.75,46.1,48.4,67
ORIENTHOT,20111209,24.5,24.85,24.5,24.6,3821
ORIENTLTD,20111209,91,91,80.2,85,49
ORIENTPPR,20111209,51.65,51.9,50.1,50.3,224299
ORISSAMINE,20111209,36998.95,36998.95,36325,36573.1,509
OUDHSUG,20111209,22.4,22.75,21.55,22.6,7185
PAGEIND,20111209,2621,2678,2621,2655.25,1852
PANACEABIO,20111209,87.55,89.9,87.55,88.55,2115
PANAMAPET,20111209,211.05,230.9,211.05,229.9,2054
PANASONIC,20111209,85,88.45,84,86,962
PANORAMUNI,20111209,8.9,8.9,8.5,8.7,2760
PANTALOONR,20111209,181.25,185,178,181.55,3000786
PAPERPROD,20111209,67.1,69.15,65.2,68.25,34981
PARABDRUGS,20111209,35,36.15,34.75,35.4,26803
PARACABLES,20111209,2.3,2.35,2.25,2.35,15108
PARAL,20111209,191.2,193,190.05,191.45,2601
PARAPRINT,20111209,6.1,6.1,6.1,6.1,7208
PARASPETRO,20111209,0.45,0.5,0.45,0.5,27591
PARRYSUGAR,20111209,112,112.9,110,110,1488
PARSVNATH,20111209,43.8,44.3,42.2,43.25,729632
PATELENG,20111209,83.3,94.3,81.75,91.45,672361
PATINTLOG,20111209,24.15,25.9,24.15,25.1,1188
PATNI,20111209,448.2,455,443.55,445.45,129244
PATSPINLTD,20111209,9.55,9.95,9.5,9.95,822
PBAINFRA,20111209,34.5,34.8,33,34.3,3612
PDPL,20111209,110.7,117.9,110,112.85,11913
PDUMJEIND,20111209,14.8,14.8,14.8,14.8,50
PDUMJEPULP,20111209,15.1,15.3,15.05,15.05,2100
PEACOCKIND,20111209,3,3.15,3,3.1,10730
PEARLPOLY,20111209,15.2,15.25,13.8,13.95,3830
PENIND,20111209,37.1,38.95,37.1,38.45,6436
PENINLAND,20111209,31.7,32.9,30.15,31.8,14235
PERIATEA,20111209,141,141,141,141,2
PERSISTENT,20111209,301,307,298,305.15,79826
PETRONENGG,20111209,256.2,279,256.2,273.15,223
PETRONET,20111209,156,159.5,153.35,158.9,1389118
PFC,20111209,162,167.5,161.5,162.45,2925814
PFIZER,20111209,1152,1169.85,1150,1152.4,1228
PFOCUS,20111209,47.95,49.4,47.15,47.95,152271
PFS,20111209,12.1,12.3,11.8,11.85,136797
PGEL,20111209,189,200.5,189,197.85,48989
PGHH,20111209,1854,1882.45,1854,1868.85,440
PHILIPCARB,20111209,98.15,105.45,98.15,105.05,5097
PHOENIXLTD,20111209,182.9,187,178,182.4,9680
PIDILITIND,20111209,149,149.95,147,148.85,11153
PIIND,20111209,551,555,532.15,550.2,4113
PIONDIST,20111209,50,51,41.35,44.5,4609
PIONEEREMB,20111209,11,11.45,10.75,10.95,922
PIPAVAVDOC,20111209,66.1,68,64.95,67.7,4096306
PIRGLASS,20111209,100.1,104,100.1,103.45,4955
PIRHEALTH,20111209,384.1,384.1,372.8,379.8,173343
PIRLIFE,20111209,98,98.05,96,97.75,103829
PITTILAM,20111209,61.95,61.95,57.6,58,18646
PLASTIBLEN,20111209,148,148,146.2,146.2,2
PLETHICO,20111209,370,372,369.05,370.85,37153
PNB,20111209,915.15,943.85,902.25,927,400680
PNBGILTS,20111209,24.3,24.65,24.15,24.35,39747
PNC,20111209,13.75,13.75,12.1,12.1,1003
POCHIRAJU,20111209,10.4,11.1,10.35,10.8,2163
POLARIND,20111209,3,3.35,3,3.25,4235
POLARIS,20111209,126,128.2,125.05,127.65,241924
POLYMED,20111209,287.25,287.25,250.2,260.75,523
POLYPLEX,20111209,172.2,172.4,169.35,170.75,26756
PONDYOXIDE,20111209,25,25,24,24.05,2127
PONNIERODE,20111209,77.5,81,75.65,80.15,25021
POWERGRID,20111209,97.55,98.75,97.1,98.55,2417043
PPAP,20111209,67.1,69.45,65.05,68.9,370
PRADIP,20111209,100,106.1,98,99.75,163096
PRAENG,20111209,4.3,4.45,4.15,4.15,147803
PRAJIND,20111209,74.45,76.45,73.5,75.25,439254
PRAKASH,20111209,36.3,36.75,35.15,35.3,112897
PRAKASHCON,20111209,197.95,198.9,192.1,194.6,108366
PRAKASHSTL,20111209,116.05,118,116.05,116.7,10494
PRATIBHA,20111209,34.8,38.65,34.1,37.25,465786
PRECOT,20111209,82,82,77.5,78,392
PRECWIRE,20111209,84.45,84.45,82.1,82.25,252
PREMIER,20111209,69,69.25,65.35,68.75,1087
PRESTIGE,20111209,78,78.2,76.7,77.6,16032
PRETAILDVR,20111209,115.2,115.2,111.1,112,114751
PRICOL,20111209,14.2,14.25,13.85,14,15111
PRIMESECU,20111209,13.5,14.15,13.5,13.7,2237
PRISMCEM,20111209,43.05,43.6,42.5,42.7,22041
PRITHVI,20111209,14.7,15.15,14.7,15,4729
PROVOGUE,20111209,24.95,25.4,24.15,24.55,65671
PSB,20111209,67.9,68.6,67,67.7,52347
PSL,20111209,56.05,57.4,56.05,57.15,27632
PSUBNKBEES,20111209,317.45,318.75,310.05,318.31,547
PTC,20111209,49.1,49.8,47.9,48.7,1104719
PTL,20111209,35.5,35.5,34.75,34.75,101
PUNJABCHEM,20111209,59.9,61,58.5,60.4,2029
PUNJLLOYD,20111209,47.95,48.75,46.2,47.6,2119880
PURVA,20111209,65.5,68,63.9,64.35,3585
PVP,20111209,5,5,4.75,4.8,42392
PVR,20111209,132,135.8,131,134.8,17100
QGOLDHALF,20111209,1393,1393,1386,1392.2,614
QNIFTY,20111209,495.7,495.75,493.5,495.75,49
QUINTEGRA,20111209,2.35,2.65,2.35,2.6,5707
RADAAN,20111209,2,2,1.9,1.9,5074
RADICO,20111209,116,119.8,116,118.9,46794
RAINBOWPAP,20111209,61,61.9,60.5,61.15,174681
RAINCOM,20111209,29.1,29.4,29.1,29.25,200489
RAJESHEXPO,20111209,140,140.35,137,138.4,220050
RAJOIL,20111209,10.55,11.3,10.55,11.2,31925
RAJPALAYAM,20111209,180,190,177,185.1,130
RAJRAYON,20111209,7.7,8.4,7.7,8,2775
RAJSREESUG,20111209,33,34,33,33.9,3244
RAJTV,20111209,72,73.9,70.1,72.9,28245
RAJVIR,20111209,93.9,93.9,84.5,84.9,4964
RALLIS,20111209,137,142.2,137,140.65,378599
RAMANEWS,20111209,9,9.8,9,9.5,14574
RAMCOIND,20111209,42,42.5,41.5,42.25,6556
RAMCOSYS,20111209,74.8,80.7,66.2,68.8,405609
RAMKY,20111209,210.2,212.2,204.45,208.45,3374
RAMSARUP,20111209,7.5,8.3,7.5,7.75,9094
RANASUG,20111209,3.1,3.2,3.1,3.15,63192
RANBAXY,20111209,412.5,418.25,405.55,415.95,1347761
RANEENGINE,20111209,170,175.8,170,170.5,76
RANEHOLDIN,20111209,191,201.5,191,193.2,203
RANKLIN,20111209,14,14.7,14,14.25,8150
RATNAMANI,20111209,104,105.25,103.05,105,1559
RAYMOND,20111209,399,401.45,385.25,388.2,348197
RBL,20111209,109.5,109.9,105.5,109.4,209
RBN,20111209,55,55.75,54.1,54.25,14479
RCF,20111209,54.1,54.8,53.6,54.35,117982
RCOM,20111209,74.05,76.85,73.1,76.05,7563490
RECLTD,20111209,185.1,190.2,183.5,184.7,1479629
REDINGTON,20111209,82,82.7,79,82.25,9145
REFEX,20111209,10.05,10.75,10.05,10.25,5156
REIAGROLTD,20111209,20.9,21,20.15,20.3,162677
REISIXTEN,20111209,16.2,16.3,15.6,15.65,9496
RELAXO,20111209,280,299.95,280,286.35,162
RELBANK,20111209,822.3,937.9,820,841.1,213
RELCAPITAL,20111209,285,299.75,284,294.1,3161922
RELGOLD,20111209,2724.9,2733.8,2715.05,2719.05,3379
RELGRNIFTY,20111209,466,479.5,466,475.69,2255
RELIANCE,20111209,769.9,769.9,752.7,755.7,5044876
RELIGARE,20111209,427,427,415,418.15,22241
RELIGAREGO,20111209,2871.25,2883,2841,2877,98
RELINFRA,20111209,392.9,396.25,385.25,387.9,1126231
RELMEDIA,20111209,83.85,83.85,82,82.6,158754
REMSONSIND,20111209,27.7,27.7,27.7,27.7,90
RENUKA,20111209,29,29.5,28.1,28.55,8037286
REPRO,20111209,167,170.25,165.1,165.75,7345
RESPONIND,20111209,100.1,101.25,100.1,101.05,4800
RESURGERE,20111209,0.25,0.25,0.2,0.25,1939285
REVATHI,20111209,333.7,333.8,333.7,333.8,3
RICOAUTO,20111209,10.1,10.5,10,10.15,43719
RIIL,20111209,344.45,349.7,341.25,344.45,41830
RJL,20111209,77,79.9,77,79.5,115
RKDL,20111209,13.35,13.85,13.35,13.55,8097
RKFORGE,20111209,97,99,97,97,5
RMCL,20111209,6,6.4,6,6.15,2096
RML,20111209,101.5,101.5,101.5,101.5,50
ROHITFERRO,20111209,23.8,24.3,23,23.25,33394
ROHLTD,20111209,46.8,46.9,46,46.3,2300
ROLTA,20111209,59.9,59.9,58.3,58.9,415861
ROMAN,20111209,20.5,20.5,19.45,19.45,109
RPGLIFE,20111209,76,76.8,71.4,72.3,4271
RPOWER,20111209,82.2,85.7,81.6,84.45,3242943
RPPINFRA,20111209,62,62,60.3,60.9,6240
RSSOFTWARE,20111209,45,50.45,45,49.15,1111
RSWM,20111209,70.5,72.65,69.2,71.75,2793
RUBYMILLS,20111209,691,714.45,691,692.6,73
RUCHINFRA,20111209,16.75,16.75,16.1,16.25,5240
RUCHIRA,20111209,8,8.85,8,8.5,1422
RUCHISOYA,20111209,99,99.7,97,97.95,99867
RUPA,20111209,144,145.25,144,145,1775
RUSHIL,20111209,140.2,143.95,140.1,141,336336
SABERORGAN,20111209,89,92.7,86,87.7,3448
SABTN,20111209,69.55,72.8,69.4,70.2,5533
SADBHAV,20111209,110.05,114,110.05,112.15,2978
SAGCEM,20111209,136.45,146,136.45,145.1,3273
SAHPETRO,20111209,23.5,26,23,25,1517
SAIL,20111209,86,86.1,82.4,83,8519007
SAKHTISUG,20111209,21.2,21.2,20,20.8,35869
SAKSOFT,20111209,41.65,45.5,41.4,42.95,493
SAKUMA,20111209,12.75,13.25,12.7,13.25,85
SALONACOT,20111209,14.3,14.3,14,14,3
SALORAINTL,20111209,24,24.7,22.45,24.7,443
SALSTEEL,20111209,4.95,5.2,4.9,5.2,8382
SAMBANDAM,20111209,65,70,63,64.2,127
SAMBHAAV,20111209,0.8,0.8,0.8,0.8,2
SANDESH,20111209,273.95,273.95,265,265,338
SANGAMIND,20111209,37.5,38.85,36.8,37.3,50339
SANGHIIND,20111209,13,13.15,12.8,12.8,3353
SANGHVIFOR,20111209,26.15,26.75,23.5,26.05,53219
SANGHVIMOV,20111209,107.85,108.5,103.05,103.15,203266
SANWARIA,20111209,12.8,12.85,12.1,12.6,97362
SARDAEN,20111209,94,95.65,92.25,94.05,5037
SAREGAMA,20111209,63.5,64,61.65,62.85,3144
SASKEN,20111209,106,107.4,104.7,105.85,10097
SATHAISPAT,20111209,28.65,28.65,26.6,27.2,5372
SATYAMCOMP,20111209,64.05,66.7,64,65.05,2410127
SAVERA,20111209,34.2,34.8,33.2,33.95,60
SB&TINTL,20111209,12.25,12.5,11.9,12.3,14437
SBBJ,20111209,336,341,334.25,337.25,4711
SBIGETS,20111209,2853.2,2854,2826.05,2849.65,4567
SBIN,20111209,1830.25,1884.9,1820,1865.55,3791970
SBT,20111209,528,531,512,515.15,6575
SCI,20111209,57.9,58,56.1,56.55,563885
SEAMECLTD,20111209,91,95.6,91,93.85,7275
SEINV,20111209,166.9,166.9,162.35,164,4609
SELAN,20111209,264.05,266,256.15,258.75,11205
SELMCL,20111209,10.7,10.95,10.7,10.85,72719
SERVALL,20111209,4.9,4.9,4.55,4.75,11781
SESAGOA,20111209,175.1,177.2,172.6,174.6,2181920
SESHAPAPER,20111209,193,193,178.5,183.85,590
SEZAL,20111209,14.25,17.8,14.25,16.7,8172
SGFL,20111209,3.3,3.3,3.1,3.1,179
SGJHL,20111209,117,118.85,114.15,116.3,29404
SHAHALLOYS,20111209,8,8,7.2,7.2,11968
SHAKTIPUMP,20111209,35.5,36.7,35,35.95,987
SHALPAINTS,20111209,450,465.95,450,462.25,2267
SHANTIGEAR,20111209,34.5,35.7,34.2,34.8,11408
SHARIABEES,20111209,116,116,115.19,115.19,94
SHARONBIO,20111209,290,298,290,296,18650
SHARRESLTD,20111209,52.85,52.85,49.1,50.5,12015
SHASUNPHAR,20111209,53.5,53.5,52.1,53.15,4425
SHILPAMED,20111209,163.05,165,157.65,164.8,1902
SHILPI,20111209,10.85,11,10.65,10.95,20570
SHIV-VANI,20111209,186,187.9,184,185.45,5207
SHIVAMAUTO,20111209,92.3,98,92.3,96.8,2233
SHIVTEX,20111209,18.1,18.9,18.1,18.8,1090
SHLAKSHMI,20111209,106,106.9,105,105.5,203270
SHOPERSTOP,20111209,340.95,344,329,331.9,34382
SHPRE,20111209,4.45,4.6,4.45,4.6,16922
SHREEASHTA,20111209,4.4,4.4,4.25,4.35,2607798
SHREECEM,20111209,2095,2109,2066.05,2079.9,1401
SHREERAMA,20111209,3.5,3.7,3.45,3.6,9134
SHRENUJ,20111209,62,62,59.7,60.4,3156
SHREYANIND,20111209,18.2,18.2,18.2,18.2,100
SHREYAS,20111209,25.05,25.9,25.05,25.8,659
SHRIRAMCIT,20111209,506,506,494,500,2794
SHRIRAMEPC,20111209,100,103.9,97.5,100.05,1876
SHYAMTEL,20111209,26,27.6,25,26.85,3547
SICAGEN,20111209,16.6,17.75,16.6,17.55,394129
SICAL,20111209,70.05,74,70.05,70.2,4782
SIEMENS,20111209,704.3,717.05,680.05,690.65,295417
SILINV,20111209,78.7,78.7,65.55,74.9,22
SIMBHSUGAR,20111209,27.65,29.6,27.65,29.1,673
SIMPLEX,20111209,86,86,86,86,46
SIMPLEXINF,20111209,211,211,198.5,206.45,2132
SINTEX,20111209,93.1,94,90.5,93,2048523
SIRPAPER,20111209,39,39,39,39,600
SITASHREE,20111209,5.85,6.15,5.85,6.05,6634
SIYSIL,20111209,278.3,285,272,281.35,1625
SJVN,20111209,20.8,20.85,20.45,20.6,72067
SKFINDIA,20111209,589,598.4,572.15,578.55,2240
SKMEGGPROD,20111209,6.95,7,6.5,6.75,4514
SKSMICRO,20111209,118.8,124,116,118.75,919319
SKUMARSYNF,20111209,30.25,31.4,29.7,31.05,990106
SMLISUZU,20111209,395,424,395,423.1,367
SMOBILITY,20111209,96.7,96.7,86,87.1,5823
SMPL,20111209,4,4.15,3.9,3.95,1097511
SMSPHARMA,20111209,158.95,165.5,153,162.85,1093
SOBHA,20111209,232,232,220.2,229.9,50740
SOFTTECHGR,20111209,3.3,4.25,3.3,4.15,695
SOLARINDS,20111209,755,784,746.2,771.35,1157
SOMANYCERA,20111209,38,38,36,36,55
SOMATEX,20111209,4.25,4.3,4.1,4.25,2571
SONASTEER,20111209,11.55,11.95,11.5,11.8,17152
SONATSOFTW,20111209,23.4,23.8,22.85,23.4,58222
SOTL,20111209,438,441.95,438,438.45,1098
SOUISPAT,20111209,3.65,3.75,3.6,3.75,25284
SOUTHBANK,20111209,21.6,22,21.45,21.8,791225
SPANCO,20111209,84.55,84.8,81.5,82.3,25829
SPARC,20111209,74.05,75.8,73.5,75,46458
SPECTACLE,20111209,9,9.5,8.8,8.95,324119
SPENTEX,20111209,7,7.05,6.65,7.05,6543
SPIC,20111209,19,19.3,18.5,18.85,129372
SPLIL,20111209,2.2,2.3,2.2,2.3,102
SPMLINFRA,20111209,80,83,78,79.7,659
SPYL,20111209,26.2,26.55,25.4,25.55,1508
SREINFRA,20111209,28,28.9,26.15,28.2,2670500
SRF,20111209,287.95,287.95,275.5,277.3,37273
SRGINFOTEC,20111209,0.4,0.4,0.35,0.4,16096
SRHHLINDST,20111209,3,3.8,3,3.15,16630
SRHHYPOLTD,20111209,39,39,39,39,50
SRSLTD,20111209,35.75,36.1,34,35.55,127210
SRTRANSFIN,20111209,551,559.1,528.25,530.1,758045
SSWL,20111209,208.5,231.3,208.5,219.3,137055
STAR,20111209,405.1,430,405.1,428.6,703969
STARPAPER,20111209,19.05,19.2,18.45,18.75,3993
STCINDIA,20111209,130,130,126.15,127.4,33566
STEL,20111209,12,12.4,11.35,12.3,512
STER,20111209,101.65,102.95,100,101.3,10168956
STERLINBIO,20111209,62.5,62.65,60.75,61.8,214860
STERTOOLS,20111209,104.6,104.6,104.45,104.45,2
STINDIA,20111209,24.2,26.2,24.2,26.2,1013
STOREONE,20111209,14.35,15.5,14.35,14.75,1252
STRTECH,20111209,33.65,34.3,33.05,33.85,126434
SUBEX,20111209,32.35,32.9,31.3,32.15,168036
SUBROS,20111209,23.25,24,23.25,23.7,3420
SUDAR,20111209,58,59.9,56.8,57.3,38323
SUDARSCHEM,20111209,545,545,525.05,525.05,352
SUJANATOW,20111209,7.8,8.6,7.8,7.8,8147730
SUJANAUNI,20111209,3,3,2.9,2.95,36737
SUMEETINDS,20111209,23.9,24.2,23.6,23.75,24419
SUMMITSEC,20111209,69,75.95,69,69.5,161
SUNCLAYTON,20111209,160,162.95,158.2,159,1084
SUNDARAM,20111209,49.5,49.5,46.7,47.55,75209
SUNDARMFIN,20111209,533.45,545.05,533,535.6,2276
SUNDRMBRAK,20111209,163,164,160,160.25,670
SUNDRMFAST,20111209,58.05,58.5,57.15,57.8,12002
SUNFLAG,20111209,23.75,25.25,23.75,24.3,22896
SUNILHITEC,20111209,70,70,67.5,68.5,3025
SUNPHARMA,20111209,512.2,518.9,507.2,512.9,578091
SUNTECK,20111209,371,371,366.6,368.9,4245
SUNTV,20111209,279,285.65,265.4,282.1,659079
SUPER,20111209,137.1,137.1,137.1,137.1,1
SUPERSPIN,20111209,6,6.95,5.75,6.6,2534
SUPPETRO,20111209,49.35,51.7,49.35,49.8,2576
SUPRAJIT,20111209,17.3,17.8,17.3,17.55,14935
SUPREMEIND,20111209,174,178.75,174,176.5,5129
SUPREMEINF,20111209,173,179,170.2,175.35,1573
SURAJDIAMN,20111209,38.1,40,38.1,39.5,15002
SURANACORP,20111209,90,94.5,90,91.15,1387
SURANAIND,20111209,401,401,397,400,6392
SURANAT&P,20111209,14.4,14.4,13.55,14.4,202
SURYAJYOTI,20111209,14.9,14.9,13.85,14,1221
SURYALAXMI,20111209,53.5,57,51.5,53.35,1136
SURYAPHARM,20111209,10.5,10.6,10.3,10.55,46592
SURYAROSNI,20111209,47.25,49.15,46.6,47.9,5355
SUTLEJTEX,20111209,152,152,145,146.35,569
SUVEN,20111209,14.8,15,14.05,14.2,131136
SUZLON,20111209,22.5,22.9,22,22.4,17288847
SWARAJENG,20111209,390.1,401.95,382.1,398.9,787
SYMPHONY,20111209,1305.2,1330,1280.2,1297.05,515
SYNCOM,20111209,12.2,12.9,12.2,12.75,201753
SYNDIBANK,20111209,99.1,100.25,97.1,99.4,353639
TAINWALCHM,20111209,17,17,16.05,16.7,4758
TAJGVK,20111209,75.05,75.8,74.3,75.35,6085
TAKE,20111209,22.8,23.5,22.8,23,10756
TAKSHEEL,20111209,16.05,16.5,15.6,15.75,77256
TALBROAUTO,20111209,37,37,36.55,36.7,3362
TALWALKARS,20111209,138,145,136,143.2,35720
TANLA,20111209,7.2,7.2,6.65,6.8,66880
TANTIACONS,20111209,43,43.7,42,43.25,16683
TARAPUR,20111209,17,18.5,16.55,18,3168
TATACHEM,20111209,350.5,354,349.6,351.8,146178
TATACOFFEE,20111209,804.3,804.3,781.5,790.5,60405
TATACOMM,20111209,188,192.85,187,190.5,88694
TATAELXSI,20111209,194.05,202.2,194.05,197.65,41346
TATAGLOBAL,20111209,88.75,90.25,87.75,89.7,357702
TATAINVEST,20111209,439,444,436.25,439.85,2977
TATAMETALI,20111209,60.6,61.1,58.65,60.45,16431
TATAMOTORS,20111209,183.7,185.7,180.1,183,14871345
TATAMTRDVR,20111209,96.35,96.95,93.55,95.35,718615
TATAPOWER,20111209,97.05,97.3,93.8,95.2,1844114
TATASPONGE,20111209,302.5,302.5,293,299.35,3345
TATASTEEL,20111209,395,404.4,391.05,397.55,4673869
TCI,20111209,64.5,64.5,60.15,60.6,9808
TCIDEVELOP,20111209,134,134,123,123,1457
TCIFINANCE,20111209,20.9,21.95,20.8,20.95,4852
TCS,20111209,1161,1182.8,1161,1172.4,1381615
TDPOWERSYS,20111209,236.05,259,230.75,241.85,76845
TECHM,20111209,572.2,575,553,558.65,134090
TECHNO,20111209,193.9,193.9,185.5,189.35,729
TECHNOFAB,20111209,122,129.9,122,127.3,869
TECPRO,20111209,175.5,175.5,169.95,171.05,6210
TEXMACOLTD,20111209,29,29.7,28.2,28.65,91211
TEXMOPIPES,20111209,19,19.75,18.2,19.6,94728
TEXRAIL,20111209,73.5,75.4,72.5,73.1,11409
TFCILTD,20111209,22.95,22.95,22.6,22.85,5018
TFL,20111209,9.9,10.95,9.85,10.9,1471
THANGAMAYL,20111209,153,153,150,151.25,2452
THERMAX,20111209,451.55,461.3,444.95,455,95786
THINKSOFT,20111209,40.5,40.5,39.2,39.85,19326
THIRUSUGAR,20111209,77.8,77.8,73.1,77,1089
THOMASCOOK,20111209,39.7,39.8,38.35,38.7,83436
TI,20111209,36,39.1,35.3,38.2,519845
TIDEWATER,20111209,6310.55,6390,6310.55,6342.1,242
TIIL,20111209,32.6,32.6,30.35,30.6,302
TIJARIA,20111209,11.15,12.15,11.15,11.85,56785
TIL,20111209,236,239.3,236,238.55,639
TIMBOR,20111209,30.4,30.4,28.65,29.6,1728
TIMESGTY,20111209,21.4,21.4,19.75,21,403
TIMETECHNO,20111209,49,51.3,45.65,50.35,18241
TIMKEN,20111209,187,192.95,186,188.75,60720
TINPLATE,20111209,38,38.65,37.25,37.4,22175
TIPSINDLTD,20111209,39,41,37.7,39.9,14915
TIRUMALCHM,20111209,56,56.75,53,54.2,1482
TITAN,20111209,181,187.55,178.8,185.1,3294554
TNPETRO,20111209,13.35,13.5,13.3,13.5,5049
TNPL,20111209,85,85,82.6,83,16756
TODAYS,20111209,5.1,5.4,5.05,5.3,5772
TORNTPHARM,20111209,548,568.3,540.15,550.55,5283
TORNTPOWER,20111209,199,199.95,196.6,198.55,22501
TREEHOUSE,20111209,171.7,171.7,165,168.95,18768
TRENT,20111209,927.15,935,919,924.2,3862
TRF,20111209,259,264.85,253.7,254.5,6687
TRICOM,20111209,12.8,12.8,12.45,12.45,121
TRIDENT,20111209,10.15,10.9,10.15,10.85,27417
TRIGYN,20111209,14.1,14.1,13.9,13.95,3878
TRIL,20111209,165.2,169.95,164.2,168.55,1446
TRITURBINE,20111209,34.15,35.5,34,35.4,16138
TRIVENI,20111209,14.4,15.25,14.4,14.85,420886
TTKHEALTH,20111209,449.8,452.9,437.4,439.35,75584
TTKPRESTIG,20111209,2678.8,2739.95,2649.25,2723.85,59700
TTL,20111209,20.1,20.2,19.9,20.05,3956
TTML,20111209,14.2,14.4,14.05,14.2,605402
TUBEINVEST,20111209,120.5,121.9,120.25,121.25,12888
TULIP,20111209,129.1,130.8,127.6,129.6,102072
TULSI,20111209,10.15,10.45,10.15,10.35,26568
TULSYAN,20111209,35.75,35.75,33.75,34.4,286
TV18BRDCST,20111209,35.15,36.55,34.7,35.7,36493
TVSELECT,20111209,18.55,19.7,18.55,19.15,698
TVSMOTOR,20111209,55.3,56.6,53.45,55.9,807921
TVSSRICHAK,20111209,309,310.5,301.5,308.5,3377
TVTODAY,20111209,47.6,48.9,46.95,48.35,8567
TWILITAKA,20111209,30.5,31.8,30.1,31.2,11058
TWL,20111209,435.2,436.95,422.3,425.9,31766
UBENGG,20111209,39.8,40.3,38.6,38.8,16759
UBHOLDINGS,20111209,83.95,87,81,81.85,193095
UBL,20111209,478.1,498,449.2,456.8,1545241
UCALFUEL,20111209,64.5,73.5,64.5,71.4,194752
UCOBANK,20111209,61.8,62.9,60.1,61.35,1473770
UFLEX,20111209,128,130.85,127.3,128.85,480879
UGARSUGAR,20111209,11.8,11.8,11.15,11.45,2051
ULTRACEMCO,20111209,1214.95,1220.05,1199,1208.15,91662
UMESLTD,20111209,14.15,14.9,14.15,14.5,771
UNICHEMLAB,20111209,102,104.4,101.55,102.95,89212
UNIENTER,20111209,26.2,27.2,25.05,26.9,4970
UNIONBANK,20111209,220,220,206.5,213.95,1663467
UNIPHOS,20111209,134.95,135.9,129,132.5,792152
UNIPLY,20111209,9.35,9.35,9,9,271
UNITECH,20111209,22.7,22.7,21.75,22.1,23225290
UNITEDBNK,20111209,59,60.4,58.1,59.8,54278
UNITY,20111209,29.2,29.2,28,28,110180
UNIVCABLES,20111209,34.95,36.15,34.15,35.75,2099
UPERGANGES,20111209,43,43.4,41.5,42.1,68
USHAMART,20111209,23,23.25,22.3,22.9,951351
USHERAGRO,20111209,101,102.7,99.25,100.35,189157
UTISUNDER,20111209,1205.11,1316.9,1205.01,1271,58
UTTAMSTL,20111209,60.65,61.7,59.2,60.7,11036
UTTAMSUGAR,20111209,26.2,27,25.95,26.55,2612
UTVSOF,20111209,973.8,984.45,973.8,981,90554
VADILALIND,20111209,106.3,111,106.3,108.7,1068
VAIBHAVGEM,20111209,29,30.6,27.65,30.45,1111
VAKRANSOFT,20111209,350,350,338,341.65,130637
VALECHAENG,20111209,60.05,60.75,58.1,59.1,24280
VALUEIND,20111209,14.15,15.05,14.15,14.7,3277
VARDHACRLC,20111209,7.5,7.75,7.5,7.65,9903
VARDMNPOLY,20111209,89.7,91.45,88.5,88.55,15941
VARUN,20111209,252.3,254.45,247.6,250.05,140698
VARUNSHIP,20111209,17.5,17.9,16.9,17.55,53770
VASCONEQ,20111209,43.15,44.6,42.15,42.7,9266
VASWANI,20111209,10,10.05,9.65,9.9,31815
VENKEYS,20111209,418.95,418.95,402.35,405.75,26028
VENUSREM,20111209,164.5,167.95,164.5,166.25,2782
VESUVIUS,20111209,377.95,377.95,357,364.8,146
VGUARD,20111209,177.05,183.5,175,179.9,39690
VHL,20111209,402,428.9,402,402.1,41
VICEROY,20111209,23.85,23.85,23,23.05,18076
VIDEOIND,20111209,169.15,171.85,169.15,171.1,24012
VIJAYABANK,20111209,52.5,55.5,52.1,54.4,1848611
VIJSHAN,20111209,14.55,15.7,14.55,15.3,1209
VIKASHMET,20111209,7.25,7.3,6.55,6.95,20574
VIMTALABS,20111209,16.05,16.5,15.7,16.45,7472
VINATIORGA,20111209,67,70,67,68.75,10231
VINDHYATEL,20111209,159,159,159,159,100
VINYLINDIA,20111209,8.9,8.9,8.65,8.75,735
VIPIND,20111209,100,104.1,97.1,102.05,10928173
VIPUL,20111209,9.8,9.8,9,9.05,500
VISAKAIND,20111209,67.15,67.55,67,67.2,4717
VISASTEEL,20111209,58.5,58.65,58,58,14075
VISESHINFO,20111209,2.9,2.9,2.9,2.9,2480
VISHALRET,20111209,17.5,18.2,17.1,17.2,117787
VISUINTL,20111209,1.8,2,1.6,1.9,45995
VIVIMEDLAB,20111209,224.3,232,223.1,229.4,14639
VLSFINANCE,20111209,9.95,10.1,8.2,9.7,30028
VOLTAMP,20111209,496.05,507,496.05,503.75,2152
VOLTAS,20111209,88.1,88.8,85.25,87.75,1381916
VSTIND,20111209,1225,1225,1130,1148.05,1698
VSTTILLERS,20111209,425,440,420,439,418
VTL,20111209,174.9,177.45,171.25,173.55,720
VTXIND,20111209,13,13.85,12.5,13.7,112
WABAG,20111209,350,351.95,345.1,346.45,546
WABCOINDIA,20111209,1266,1295,1261.25,1277.5,1936
WALCHANNAG,20111209,71.25,81,70.3,72.15,36778
WANBURY,20111209,22.75,22.95,21.8,22.65,1650
WEBELSOLAR,20111209,20.4,21.05,20.3,20.75,2999
WEIZFOREX,20111209,64,64.5,61.6,61.6,94
WEIZMANIND,20111209,7.9,8.3,7.8,7.8,1579
WELCORP,20111209,66,68.3,64.7,67.05,784619
WELGLOB,20111209,50,51,50,51,250
WELINV,20111209,40.8,41,40.8,41,101
WELPROJ,20111209,30.5,31.7,29.55,31.35,2003
WELSPUNIND,20111209,25.95,26.85,25.25,25.95,22276
WENDT,20111209,1480,1480,1420,1440,56
WHEELS,20111209,292.9,292.9,280.8,287.2,1388
WHIRLPOOL,20111209,170,173.6,168,169.25,21060
WILLAMAGOR,20111209,40.5,41.5,40.35,40.6,1264
WINDMACHIN,20111209,15.5,16,15.5,15.95,3080
WIPRO,20111209,408.5,412.9,401.55,404.95,1472016
WOCKPHARMA,20111209,411.95,411.95,401.6,403.4,85515
WSI,20111209,14.9,15,14,14,335
WSTCSTPAPR,20111209,50.1,53.35,50.1,52.45,4518
WWIL,20111209,7,7,6.8,6.9,159130
WYETH,20111209,930,936.95,919,928.95,630
XLENERGY,20111209,5.95,6.6,5.6,5.95,11319
XPROINDIA,20111209,51,53.25,49.2,52.35,9885
YESBANK,20111209,284.5,287.8,279.2,286.55,3797489
ZANDUREALT,20111209,1485,1539,1441.05,1472,737
ZEEL,20111209,127.85,127.85,122.5,124.2,1011431
ZEELEARN,20111209,15.4,15.5,15.2,15.25,74365
ZEENEWS,20111209,10.5,10.7,10.2,10.35,129361
ZENITHBIR,20111209,4,4,3.9,3.95,30281
ZENITHCOMP,20111209,13.3,14.25,13.25,13.4,3530
ZENITHINFO,20111209,43.3,43.3,42.35,42.35,1148
ZENSARTECH,20111209,145,148.8,142,146.5,30297
ZICOM,20111209,29,30.4,29,30.1,4354
ZODIACLOTH,20111209,220,225.55,201.3,219.15,658
ZODJRDMKJ,20111209,27,27,24.95,25.25,565
ZUARIAGRO,20111209,515,523,510,520.2,740
ZYDUSWELL,20111209,442,455.9,441,449.9,3592
ZYLOG,20111209,393.25,396.85,363.75,386.05,79627
NSENIFTY,20111209,4870.75,4918.35,4841.75,4866.70,173612823,6040.22
NIFTYJUNIOR,20111209,9250.75,9250.75,9113.10,9148.35,83390577,1232.22
BANKNIFTY,20111209,8786.35,8932.00,8689.85,8811.10,22774569,1809.10
NSEMIDCAP,20111209,6692.75,6692.75,6598.85,6654.25,172208191,1516.97
NSEIT,20111209,6079.70,6194.50,6064.95,6135.25,10987339,719.09
NSE100,20111209,4754.10,4790.90,4720.10,4742.50,257003400,7272.44
NSE500,20111209,3843.95,3866.00,3815.00,3830.85,503442918,9378.90
MIDCAP50,20111209,1920.80,1932.10,1901.90,1919.00,90902176,659.08
VIX,20111209,28.03,29.98,28.03,29.53,28.58,0.95
