20MICRONS,20111010,53.7,58.9,53.7,56.45,120363
3IINFOTECH,20111010,26,26.2,25.35,25.95,456105
3MINDIA,20111010,4235,4279.95,4221,4254.8,436
A2ZMES,20111010,198.05,204.8,192,193.55,171477
AANJANEYA,20111010,404.15,416.9,404.1,411.85,28410
AARTIDRUGS,20111010,100,101.9,99.1,100.95,864
AARTIIND,20111010,45.1,46.75,45.1,46.35,3743
AARVEEDEN,20111010,35.75,35.75,34.15,34.35,401
ABAN,20111010,348,369,347.95,367.25,726031
ABB,20111010,666.5,673.85,660,664.95,86653
ABBOTINDIA,20111010,1425,1464.5,1425,1461.6,1984
ABCIL,20111010,94.9,95.5,93.5,95.45,3277
ABGSHIP,20111010,382.1,391,381,388.6,121649
ABHISHEK,20111010,9.85,10.4,9.8,10.4,135
ABIRLANUVO,20111010,880.1,905,871.2,899.45,105417
ACC,20111010,1108,1138.05,1092.3,1131.15,406348
ACE,20111010,42,43.3,41.5,41.95,178722
ACKRUTI,20111010,192,195.35,190,194,18057
ACROPETAL,20111010,14.5,14.75,14.1,14.2,44168
ADANIENT,20111010,464.95,470.95,457,460.4,355527
ADANIPOWER,20111010,78.55,79.35,76,78.6,619530
ADFFOODS,20111010,56.1,57.25,55.25,56.25,834
ADHUNIK,20111010,44,45.4,43.75,45.05,156288
ADORWELD,20111010,141.25,145.65,141.25,144.55,2505
ADSL,20111010,26.4,26.8,25.6,25.95,70297
ADVANTA,20111010,363.5,369,360.05,364.8,18108
AEGISCHEM,20111010,187,189.4,182,183.1,17996
AFL,20111010,38,38.95,37.5,38.15,6972
AFTEK,20111010,10.4,10.65,10.35,10.55,51730
AGCNET,20111010,144,145,141.15,141.2,1913
AGRE,20111010,40,40.4,40,40,1494
AGRODUTCH,20111010,7,7.2,6.85,7.05,12282
AHLEAST,20111010,291.05,312.4,291.05,300.1,742
AHLUCONT,20111010,105,105.4,102,103.7,3949
AHLWEST,20111010,147.05,154.45,145.1,146.85,347
AHMEDFORGE,20111010,96.5,98.5,95.7,98.05,16430
AIAENG,20111010,312,317.7,310,313.15,21082
AJANTPHARM,20111010,303.5,307.5,300.05,303.3,2543
AJMERA,20111010,115.3,118,114,116.25,5853
AKSHOPTFBR,20111010,6.3,6.3,6.1,6.2,47482
AKZOINDIA,20111010,911,920,911,916.6,2591
ALBK,20111010,145.3,147.25,141,146.35,538156
ALCHEM,20111010,259.05,260,255,257.5,106654
ALEMBICLTD,20111010,18.25,18.9,18,18.3,17757
ALFALAVAL,20111010,2205.05,2294.9,2203,2216.45,4078
ALKALI,20111010,38,39.6,38,39.05,2207
ALKYLAMINE,20111010,88.7,93,86,88.15,1156
ALLCARGO,20111010,142,142.4,137.15,139.3,8947
ALLSEC,20111010,14,14,13.25,13.25,951
ALMONDZ,20111010,23,24.4,22.55,22.8,155
ALOKTEXT,20111010,18.25,19,18.1,18.9,8138295
ALPA,20111010,7.7,8.3,7.7,8.1,1400
ALPHAGEO,20111010,85,95.3,85,92.35,329
AMAR,20111010,114.55,117.35,114,115.2,50208
AMARAJABAT,20111010,210.25,211.75,201.25,203.6,66833
AMARJOTHI,20111010,52,58,51,55.95,27
AMBIKCO,20111010,173,175.9,172.1,173.5,74
AMBUJACEM,20111010,144,145,142.55,144.55,2242891
AMDIND,20111010,19.5,19.55,18.4,18.5,627
AMLSTEEL,20111010,13.1,15.25,13.05,15.25,1613
AMRUTANJAN,20111010,705.1,770,690.6,755.35,377770
AMTEKAUTO,20111010,116.85,133.8,116.85,131.25,1013207
AMTEKINDIA,20111010,146,146,135.6,141.15,67051
ANANTRAJ,20111010,54,54,51.1,51.3,420616
ANDHRABANK,20111010,118.5,119,117.2,117.65,424342
ANDHRSUGAR,20111010,96,96.9,95.1,96.35,2380
ANGIND,20111010,19.65,20.35,19.3,19.8,2460
ANIKINDS,20111010,34.9,34.9,33.35,33.85,490
ANSALAPI,20111010,32.3,33.6,32.25,33.4,78864
ANSALHSG,20111010,36.5,38.95,36,37.4,1301
APARINDS,20111010,150,153.45,150,151.15,3269
APCOTEXIND,20111010,157,174.45,157,163.75,192
APIL,20111010,512.95,534,512.9,525.65,37443
APLAB,20111010,29.75,31.55,29.75,31.55,4
APLLTD,20111010,40.1,42.5,40.1,41.15,46006
APOLLOHOSP,20111010,498,511,485.2,499.45,411925
APOLLOTYRE,20111010,54.75,56.65,54.05,56.45,1412200
APPAPER,20111010,165.5,165.5,165.5,165.5,1399
APTECHT,20111010,111.8,114.8,110.65,113.45,530950
AQUA,20111010,13.5,13.7,12.05,13.6,245380
ARCHIES,20111010,38.7,39.65,38.55,38.75,53498
AREVAT&D,20111010,222,222,214.5,215.2,61635
ARIES,20111010,88,89.75,85,87.1,4243
ARL,20111010,2.2,2.25,2.15,2.15,72576
AROGRANITE,20111010,36,37,35.5,36.05,103
ARROWTEX,20111010,8.8,9.8,8.8,9.25,6005
ARSHIYA,20111010,127,135.4,126.5,134.3,223941
ARSSINFRA,20111010,361,363.85,352.1,354.9,264133
ARVIND,20111010,97,98.7,94.7,97.9,2594452
ASAHIINDIA,20111010,65,67,61.2,65.85,14415
ASAHISONG,20111010,82,83,78.5,80.7,8211
ASAL,20111010,49.5,50.3,49.5,50.3,53
ASHAPURMIN,20111010,14.75,15.35,14.6,14.7,29223
ASHCONIUL,20111010,2,2.4,2,2.2,5653
ASHIANA,20111010,139,140,135,137.3,1146
ASHIMASYN,20111010,4.45,4.45,4.15,4.35,797
ASHOKA,20111010,244.5,245,242.25,243.95,188
ASHOKLEY,20111010,24.55,24.85,24.5,24.7,2887154
ASIANHOTNR,20111010,177,177,170.1,170.7,623
ASIANPAINT,20111010,3127.95,3188,3112.25,3173,56284
ASIANTILES,20111010,41.25,44,41.25,42.25,24
ASIL,20111010,2.5,2.5,2.4,2.4,4
ASSAMCO,20111010,10.5,10.55,10.3,10.4,84407
ASTEC,20111010,34.1,34.9,33.8,34.35,2670
ASTERSILI,20111010,16.05,16.9,15.7,16.2,20091
ASTRAL,20111010,190.05,196,189.25,194.85,7193
ASTRAMICRO,20111010,30,31.35,30,30.5,50857
ASTRAZEN,20111010,1240,1279.95,1217.05,1270.8,541
ATFL,20111010,375.1,383.65,371.5,375.6,6881
ATLANTA,20111010,60.4,62.8,60,61.45,75140
ATLASCYCLE,20111010,321.75,335.5,316.8,327.85,60376
ATNINTER,20111010,0.95,0.95,0.75,0.85,21171
ATUL,20111010,211.7,213.95,207.5,210.1,9672
AURIONPRO,20111010,144.9,145,135.95,137.2,342
AUROPHARMA,20111010,121.65,128.4,120.85,127.45,1311483
AUTOAXLES,20111010,439,439,383,386.15,478
AUTOIND,20111010,104.15,108.8,104.15,107.9,86369
AUTOLITIND,20111010,16.2,16.2,15.15,15.65,267
AVENTIS,20111010,2261.25,2310,2250,2301,2589
AVTNPL,20111010,353.2,377,353.2,365.85,5371
AXIS-IT&T,20111010,102.6,102.6,97,102.6,24816
AXISBANK,20111010,1030,1055,1016.85,1048.85,1471142
AXISGOLD,20111010,2603,2615,2596.05,2612.05,1019
BAGFILMS,20111010,5,5.15,4.9,5,103833
BAJAJ-AUTO,20111010,1495.1,1572.9,1493.1,1553.55,420110
BAJAJCORP,20111010,97.25,101.75,97.05,99.8,39241
BAJAJELEC,20111010,184.35,199.7,184.35,197.85,341302
BAJAJFINSV,20111010,507,516.9,507,514.4,24265
BAJAJHIND,20111010,37.8,38.2,37.4,37.6,983324
BAJAJHLDNG,20111010,727.7,733.8,714.1,716.35,78130
BAJFINANCE,20111010,629,636.85,623.25,634.35,2819
BALAJITELE,20111010,30.9,32,30.25,31.5,73823
BALAMINES,20111010,34,35.35,33.5,34.7,7278
BALKRISIND,20111010,170,170.9,166.3,170,105839
BALLARPUR,20111010,25.3,25.5,24.9,25,593222
BALMLAWRIE,20111010,598,602.9,597,600.2,2214
BALPHARMA,20111010,21,21.85,21,21.85,651
BALRAMCHIN,20111010,46.65,47.95,45.25,45.75,1285698
BANARISUG,20111010,580,580,580,580,7
BANCOINDIA,20111010,72,74.4,70,74,8215
BANG,20111010,20.2,20.9,20.05,20.9,579
BANKBARODA,20111010,743.8,749.7,733.65,741.55,287823
BANKBEES,20111010,908,927,907.6,923.25,3407
BANKINDIA,20111010,313,319.9,310,316.9,481652
BANSWRAS,20111010,86,86.45,85.05,86,14340
BARTRONICS,20111010,51.1,51.9,51.1,51.5,38543
BASF,20111010,609,615.8,600,614.85,4819
BASML,20111010,61.8,61.8,59.6,61.05,2373
BATAINDIA,20111010,623.6,659.15,623.6,656.3,751115
BATLIBOI,20111010,16,17,16,16.8,1063
BAYERCROP,20111010,805.2,855.1,805.1,831.65,8211
BBL,20111010,690,709,689.5,704.55,3650
BBTC,20111010,435,449.4,433,445.35,7903
BEDMUTHA,20111010,122.05,134.8,111,114.95,924296
BEL,20111010,1527,1527,1506.1,1521,5717
BELLCERATL,20111010,12.75,13.85,12.55,13.85,1717
BEML,20111010,462.65,498,462.65,489.6,109436
BEPL,20111010,24.5,26,24.25,24.5,4132
BERGEPAINT,20111010,98.25,103,98.25,101.4,358098
BFINVEST,20111010,51.3,53.65,51.3,53.05,6919
BFUTILITIE,20111010,439.8,455.65,434,450.25,321750
BGLOBAL,20111010,11.8,11.85,11.6,11.75,30587
BGRENERGY,20111010,314,326.85,312.4,323.65,397307
BHAGWATIHO,20111010,74.3,75.8,72.2,74.15,1416
BHAGYNAGAR,20111010,14.35,14.6,14.15,14.25,5392
BHARATFORG,20111010,255.25,271.8,255.05,266.4,172504
BHARATGEAR,20111010,44.7,46,44.5,45.75,3198
BHARATRAS,20111010,114.85,128,100.25,107.2,3281
BHARTIARTL,20111010,352,368,343.55,363.55,10066752
BHARTISHIP,20111010,105.55,105.55,88,90.05,111801
BHEL,20111010,325,333.95,325,332.5,1570830
BHUSANSTL,20111010,333.5,335.9,327.25,328.65,258536
BIL,20111010,46.8,48.85,46.8,48.5,1724
BILPOWER,20111010,77,80.25,75.05,78.05,4446
BIMETAL,20111010,251,256.4,251,256,5
BINANIIND,20111010,129,129,127.5,128.05,8578
BINDALAGRO,20111010,60.05,61.65,60.05,60.2,74741
BIOCON,20111010,345.9,349.45,344,345,103255
BIRLACORPN,20111010,329,329,316.2,325.2,1427
BIRLACOT,20111010,0.4,0.4,0.3,0.35,1631260
BIRLAERIC,20111010,12.5,13.9,12.5,13.9,920
BIRLAPOWER,20111010,0.7,0.7,0.65,0.65,634843
BLBLIMITED,20111010,3.4,3.6,3.3,3.5,721
BLISSGVS,20111010,21.5,22,20.8,21.9,29426
BLKASHYAP,20111010,8.95,9,8.7,8.85,152424
BLUECHIP,20111010,0.85,0.9,0.8,0.9,5247
BLUEDART,20111010,1570.1,1599.9,1562,1574.1,739
BLUESTARCO,20111010,220.5,223,214,218.55,15673
BLUESTINFO,20111010,66.1,68.95,64.75,67.75,1497
BOC,20111010,296.4,305,296.4,300.65,7199
BODALCHEM,20111010,18.45,18.45,17.3,18.45,2751
BOMDYEING,20111010,374,400.7,374,397.25,526784
BOSCHLTD,20111010,7100,7125,7020,7032.9,6595
BPCL,20111010,656.6,677,656.6,672.35,188657
BPL,20111010,19.6,20.55,19.25,19.9,25141
BRANDHOUSE,20111010,14.6,15.4,14.6,15.25,17229
BRFL,20111010,275,280.95,275,280.15,47587
BRIGADE,20111010,64.45,64.45,62,62.35,25953
BRITANNIA,20111010,435.1,457,435,446.35,45554
BROADCAST,20111010,7,7.75,7,7,2829
BROOKS,20111010,22,22,21.4,22,31711
BSELINFRA,20111010,3.35,3.6,3.35,3.45,31521
BSL,20111010,20.1,22.5,20.1,22.15,377
BSLGOLDETF,20111010,2602.45,2685.45,2602.45,2680.05,51
BSLNIFTY,20111010,49.74,49.74,47.25,48.9,93
BSTRANSCOM,20111010,96.25,98,96,96.8,11000
BVCL,20111010,13.6,13.9,13.15,13.55,1048
CADILAHC,20111010,759,769.25,752.6,757,75587
CAIRN,20111010,273.5,278.4,270.4,275.65,1622391
CALSOFT,20111010,25.75,27.9,25.75,27.2,521
CAMBRIDGE,20111010,21,22.8,21,22.25,542
CAMLIN,20111010,55.6,55.6,48.25,54.4,398351
CANBK,20111010,424.1,434,421.6,432.55,349062
CANDC,20111010,109.4,113,108.75,111.95,20245
CANFINHOME,20111010,92.6,94.5,92.3,94.35,10176
CANTABIL,20111010,24,25.35,24,24.5,9900
CARBORUNIV,20111010,146,152.5,142.35,146.4,3753
CAROLINFO,20111010,150.1,150.1,150,150,251
CASTROL,20111010,455.6,479.8,451.5,475.6,62189
CCCL,20111010,19.25,19.6,18.9,18.95,28072
CCL,20111010,165,178,163.15,168.8,82924
CEATLTD,20111010,74.05,75,73.65,73.95,44007
CEBBCO,20111010,32,32.4,29.7,30.65,74354
CELEBRITY,20111010,5.55,6.85,5.55,6.6,9009
CELESTIAL,20111010,20.3,22.25,20.1,20.9,4083
CENTENKA,20111010,144,152.2,143.1,147.85,10284
CENTEXT,20111010,2.9,2.95,2.9,2.9,2176
CENTRALBK,20111010,99.9,102,99.3,101.45,475229
CENTUM,20111010,79.95,79.95,72.05,75.9,240
CENTURYPLY,20111010,58.5,59.85,58.25,59.15,3090
CENTURYTEX,20111010,296.65,305.5,293.4,304.55,258144
CERA,20111010,188,198.05,186,197,2781
CESC,20111010,267,271.95,263.4,270.05,118679
CHAMBLFERT,20111010,89,90.75,88.35,88.95,2688221
CHEMFALKAL,20111010,45,45.8,44.4,45,535
CHEMPLAST,20111010,5.45,5.7,5.45,5.55,30280
CHENNPETRO,20111010,201.2,205.2,201.2,203.05,10524
CHESLINTEX,20111010,10.15,11.05,10.15,11.05,3
CHETTINAD,20111010,470,470,470,470,5
CHOLAFIN,20111010,142,149,142,147.2,1819
CILNOVA,20111010,17.4,17.4,17.2,17.25,6950
CINEMAX,20111010,36,36.45,35,35.2,14138
CINEVISTA,20111010,3.1,3.15,3,3.05,1110
CIPLA,20111010,285,288.65,280.8,282.55,1340422
CLASSIC,20111010,9.65,9.9,9.5,9.8,5601
CLNINDIA,20111010,702.05,720,702.05,716.6,1858
CLUTCHAUTO,20111010,33.1,35,33.1,34.7,5370
CMAHENDRA,20111010,181.5,185.9,178,181.3,2029
CMC,20111010,800,800,781,795.35,9049
COALINDIA,20111010,341,345,330.85,343.65,10170568
COLPAL,20111010,984,990,978.8,984.05,23522
COMPUAGE,20111010,107.5,107.5,98.65,101.85,46
CONCOR,20111010,930,933.3,910.05,930.25,1625
CONSOFINVT,20111010,56,59,56,57.05,1769
CORAL-HUB,20111010,4.1,4.95,4.1,4.85,5912
CORDSCABLE,20111010,30,31,29.8,30.25,3912
COREEDUTEC,20111010,286.7,287.5,282.05,282.95,47590
COROENGG,20111010,240.05,240.05,237.4,237.4,100
COROMANDEL,20111010,302.5,307,301,302.05,34622
CORPBANK,20111010,409.7,419,403.05,406.95,38136
COSMOFILMS,20111010,85.1,86.7,85,86.2,6954
COX&KINGS,20111010,214.8,216.9,211.5,212.9,77109
CPIL,20111010,246.1,249.85,245.1,248.7,6930
CREATIVEYE,20111010,5.4,5.4,5.1,5.15,6
CRESTANI,20111010,33.9,39.5,33.3,39.5,172599
CREWBOS,20111010,35.7,36.1,34.4,34.85,77300
CRISIL,20111010,797,801,731.75,794.5,11378
CROMPGREAV,20111010,149.9,154,148.7,152.6,1047351
CRONIMET,20111010,112,117.45,111.05,112,23933
CTE,20111010,6.95,7,6.5,6.75,1952
CUB,20111010,43.4,43.95,42.5,43.5,235427
CUBEXTUB,20111010,10.5,10.5,10,10,433
CUMMINSIND,20111010,410,415,406.2,410.55,209502
CURATECH,20111010,117.65,124.75,117.6,118.45,59
CYBERMEDIA,20111010,14.1,14.1,14.1,14.1,38
CYBERTECH,20111010,11.05,11.1,10.75,10.75,1695
DAAWAT,20111010,41.45,43.4,41.45,43.1,48902
DABUR,20111010,100.7,101.5,99.15,99.9,1044100
DALMIABEL,20111010,107.75,107.75,103,105.1,3273
DALMIASUG,20111010,16.2,16.95,16.1,16.45,12991
DATAMATICS,20111010,26.8,27.8,26.8,27.45,1043
DBCORP,20111010,197,200,193.15,199.3,20942
DBREALTY,20111010,51.25,52.4,50.8,52,201613
DCB,20111010,39.55,40.85,39.3,39.95,3168551
DCHL,20111010,54.8,54.9,52.9,54.4,251698
DCM,20111010,56.8,58.5,55.85,56.4,35122
DCMSRMCONS,20111010,46,46.2,45.5,46,22129
DCW,20111010,8.85,8.85,8.55,8.7,38787
DECCANCE,20111010,142,147.8,142,147.5,768
DECOLIGHT,20111010,4,4,3.85,3.85,1374
DEEPAKFERT,20111010,162.15,166.5,162.15,164.45,12456
DEEPAKNTR,20111010,170,182.3,170,179.4,209
DEEPIND,20111010,71,76.5,70.1,74.9,20736
DELTACORP,20111010,94,101.2,93.7,100.45,6054026
DEN,20111010,71.5,75,71,72.95,161166
DENABANK,20111010,74,74.5,73,74.2,599431
DENORA,20111010,78,81.35,77.05,80.6,459
DENSO,20111010,52.4,52.4,47.55,50.1,4670
DEWANHOUS,20111010,219.9,219.9,214.4,216.1,44608
DHAMPURSUG,20111010,40.15,42,38.55,41.2,62728
DHANBANK,20111010,70.85,72.65,70.85,71.5,402313
DHANUKA,20111010,102,102.45,99.65,100.55,44382
DHARSUGAR,20111010,26.8,26.85,25.65,26.55,1794
DIAPOWER,20111010,100.1,102.75,100.1,101.7,7169
DICIND,20111010,220,224.55,219,221,2026
DIGJAM,20111010,8.35,8.95,8.35,8.8,18932
DISHMAN,20111010,58.1,62,58.1,61.45,54190
DISHTV,20111010,79.1,81.55,78.1,79.5,7027949
DIVISLAB,20111010,720.5,735.8,720.1,732.95,70554
DLF,20111010,214.6,229.3,214.3,228.65,7800952
DLINKINDIA,20111010,19.85,20.45,19.3,19.8,13082
DOLPHINOFF,20111010,132,132,126.55,128.25,9133
DONEAR,20111010,19.5,21.35,19.5,20.15,1850
DPSCLTD,20111010,1999.9,1999.9,1900,1918.95,48
DPTL,20111010,119,126.35,119,123.05,517
DQE,20111010,27,34.9,27,33.15,8848
DREDGECORP,20111010,237,242.4,235.4,239.4,3828
DRREDDY,20111010,1517,1517,1489.4,1510.05,344192
DSKULKARNI,20111010,53.7,56.5,53.65,55.35,9754
DUNCANSIND,20111010,13.6,13.6,13.05,13.6,400952
DWARKESH,20111010,38,38.9,37.5,38.75,15829
DYNAMATECH,20111010,1005,1020,981.6,990.1,378
DYNASYS,20111010,0.75,0.75,0.75,0.75,1000
EASTSILK,20111010,6,6.25,5.7,5.8,41241
ECEIND,20111010,104.8,110,102.5,107.45,1037
ECLERX,20111010,734.8,734.8,721.55,730,2367
EDELWEISS,20111010,26,26.4,25.75,25.9,35158
EDL,20111010,80,82.7,80,80.85,5637
EDSERV,20111010,84.95,87.5,83.2,84.8,277252
EDUCOMP,20111010,287.75,287.75,254.1,277.35,3609372
EICHERMOT,20111010,1604.25,1689.85,1604.2,1679.3,81069
EIDPARRY,20111010,223.5,227.7,223.05,224.45,16195
EIHAHOTELS,20111010,153.45,153.45,148.05,150,825
EIHOTEL,20111010,87.9,88.8,85.8,87.3,39760
EIMCOELECO,20111010,183.9,183.9,162.6,172,580
EKC,20111010,70.25,71.7,69.2,70.7,147652
ELDERPHARM,20111010,372.5,374.9,369.05,370.4,32437
ELECON,20111010,70.05,71.8,68.4,69.5,146836
ELECTCAST,20111010,28.7,29,28.7,28.75,179741
ELECTHERM,20111010,146.95,162.7,140.1,158.95,316164
ELFORGE,20111010,12,12,10,10.05,209
ELGIEQUIP,20111010,68.75,70,66.95,67.05,12182
ELGIRUBCO,20111010,25,26.25,24.45,25.9,3267
ELNET,20111010,32.05,32.05,32.05,32.05,110
EMAMIINFRA,20111010,33.1,34.5,33.1,33.55,7829
EMAMILTD,20111010,402,415,401,410.1,31569
EMCO,20111010,52,53.5,51.4,52,24053
EMKAY,20111010,47,47,47,47,50
EMMBI,20111010,13.75,15.25,13.25,15.05,18063
EMPEESUG,20111010,18.85,19.5,18.15,18.45,1125
ENERGYDEV,20111010,35,37,33.25,36.9,10952
ENGINERSIN,20111010,248,249.45,242.25,243.05,70273
ENIL,20111010,254.95,257.45,250.1,251.1,18107
EONELECT,20111010,65,67.45,64.7,65,208603
ERAINFRA,20111010,151.9,152.8,151.7,152.05,259638
EROSMEDIA,20111010,236.75,239.45,236,238,106151
ESABINDIA,20111010,510,531,510,515.65,6315
ESCORTS,20111010,71.6,73.3,70.4,72.65,933225
ESL,20111010,5.85,6.1,5.85,5.95,2342031
ESSAROIL,20111010,76,80,76,79.2,768183
ESSARPORTS,20111010,54.05,56.35,54.05,55.2,19153
ESSDEE,20111010,180.6,186.4,180.35,184.35,9573
ESSELPACK,20111010,34.9,35.6,34.2,34.95,26146
ESTER,20111010,27.25,28.45,27.25,28.4,4036
EUROMULTI,20111010,6.75,7.45,6.75,7.05,12944
EUROTEXIND,20111010,18.5,18.6,18.5,18.6,200
EVEREADY,20111010,35.95,36.55,35.4,35.85,38175
EVERESTIND,20111010,144.9,144.9,139.5,141.75,4918
EVERONN,20111010,367,377.3,366.7,373.05,133253
EXCELCROP,20111010,155,161.45,148.1,151.15,106713
EXCELINDUS,20111010,66,67.65,64.05,65.05,192
EXCELINFO,20111010,15.6,15.6,12.95,13.75,99027
EXIDEIND,20111010,131.2,131.55,128.9,129.95,2836097
FACT,20111010,32.75,33.4,32.75,33.1,5453
FAGBEARING,20111010,1145,1172.9,1138.05,1148,1192
FAME,20111010,42,43,41,42.85,3794
FARMAXIND,20111010,2.55,2.65,2.45,2.65,169432
FCH,20111010,128.7,132.5,126.1,131.65,61457
FCSSOFT,20111010,0.65,0.65,0.55,0.6,1349022
FDC,20111010,90.1,91.5,90,90.95,17286
FEDDERLOYD,20111010,60.9,62.5,60.2,61.8,6740
FEDERALBNK,20111010,354.45,364.9,352,362.9,321262
FIEMIND,20111010,159,161.9,156.05,158.55,16473
FILATEX,20111010,41.7,41.7,40.2,40.8,18998
FINANTECH,20111010,748.95,768,740.3,749.15,186778
FINCABLES,20111010,37.1,37.35,36,37.3,29104
FINPIPE,20111010,62.1,63.95,61.6,63.55,14929
FIRSTLEASE,20111010,69.4,69.85,68,68.4,8385
FIRSTWIN,20111010,15.7,15.7,15.05,15.15,225
FKONCO,20111010,109,111.4,108.05,110.2,4328
FMGOETZE,20111010,227.5,235,227.15,230.2,3000
FORTIS,20111010,122,122.3,119.8,120.2,857277
FOSECOIND,20111010,509.5,520,509.5,516.8,125
FSL,20111010,10.85,11.15,10.85,11.05,856220
FUTUREVENT,20111010,9.1,9.1,8.95,9,113732
GABRIEL,20111010,40.3,41.4,40.05,40.35,13201
GAEL,20111010,24.25,24.5,23.35,23.9,11903
GAIL,20111010,411.25,422.65,410.15,421.6,1126412
GAL,20111010,18.9,19.4,18.5,18.6,108061
GALLANTT,20111010,24.35,24.5,22.3,22.55,24361
GALLISPAT,20111010,109,110.95,109,109.1,126855
GAMMNINFRA,20111010,13.45,13.6,13.45,13.55,44577
GAMMONIND,20111010,69,69,67.35,67.55,12694
GANDHITUBE,20111010,115.05,116.75,115,116.75,31
GANESHHOUC,20111010,122,122,118.85,121.15,9594
GANGOTRI,20111010,4.6,4.6,4.3,4.35,4283
GARDENSILK,20111010,68.8,70.1,68.8,69.25,3411
GARWALLROP,20111010,53.5,53.5,52.5,53,2159
GATI,20111010,52.55,54.4,52.55,54,117953
GAYAPROJ,20111010,141.5,141.95,138,139.3,7827
GDL,20111010,140.5,142.35,137.8,138.5,54508
GEECEE,20111010,30,31,30,30.15,425
GEINDSYS,20111010,139,145,130,137.4,555495
GEMINI,20111010,22.1,22.1,20.35,21.45,43353
GENESYS,20111010,194,204,194,200.1,828
GENUSPOWER,20111010,13.9,13.9,13.5,13.8,116105
GEODESIC,20111010,51,52.5,51,51.95,75986
GEOJITBNPP,20111010,18.45,18.75,18.35,18.5,41760
GEOMETRIC,20111010,43.2,45,42.5,44,17345
GESHIP,20111010,240.05,242.5,240,240.9,24983
GHCL,20111010,36.5,37,36,36.8,36776
GICHSGFIN,20111010,90.8,92.1,90,90.3,118683
GILLANDERS,20111010,83.05,85,83,84.2,144
GILLETTE,20111010,2018,2060,2016.2,2031.8,593
GINNIFILA,20111010,7.45,7.6,7.3,7.55,3423
GIPCL,20111010,79,80.55,78.6,80.35,7037
GISOLUTION,20111010,11.5,11.5,11.5,11.5,100
GITANJALI,20111010,359.95,378,358.35,375.2,3212737
GKB,20111010,42.5,42.5,40,40,87
GKWLIMITED,20111010,450,450,450,450,13
GLAXO,20111010,2105,2105,2079,2083.25,5398
GLENMARK,20111010,292.65,301.7,288.3,297.6,656632
GLFL,20111010,2.85,3.1,2.8,2.9,4325
GLOBALVECT,20111010,21.5,21.5,19.5,19.9,1061
GLOBOFFS,20111010,80,82.2,79.2,81,2608
GLOBUSSPR,20111010,108.5,110,104.2,108.15,10684
GLODYNE,20111010,377,391.85,377,381.05,143874
GLORY,20111010,3.3,3.5,3.3,3.5,38345
GMBREW,20111010,90.05,92.95,89.05,89.7,929
GMDCLTD,20111010,155.15,166,155.15,164.9,352813
GMRINFRA,20111010,26.05,26.1,25.55,25.8,4279384
GNFC,20111010,89.7,89.7,88.5,88.75,11377
GOACARBON,20111010,80,84.65,79.5,83.3,39500
GODFRYPHLP,20111010,3327.25,3495,3327.05,3436.25,789
GODREJCP,20111010,398.95,399,388,389.65,260510
GODREJIND,20111010,188.05,189.9,186.2,187.95,425462
GODREJPROP,20111010,655,664,643.05,662,4826
GOENKA,20111010,34.7,35.8,34.4,35.2,6218
GOKEX,20111010,86.15,91,86.1,89.85,1297
GOKUL,20111010,87,88.95,85.55,86.6,1615
GOLDBEES,20111010,2535,2549.9,2530.1,2543.45,109995
GOLDENTOBC,20111010,58.2,59.4,56.15,57.1,1296
GOLDIAM,20111010,31,31.45,30.2,31.1,2110
GOLDINFRA,20111010,13,13.35,12.85,13.1,3212
GOLDSHARE,20111010,2549.9,2570,2545,2562.75,6675
GOLDTECH,20111010,7,7,6.6,6.85,20663
GPIL,20111010,110.55,111.9,110.45,110.95,22054
GPPL,20111010,65.25,69.3,65.25,68.7,440301
GRABALALK,20111010,17.8,17.8,17.8,17.8,500
GRANULES,20111010,64,66.4,64,65.15,4019
GRAPHITE,20111010,72.25,73.95,72.2,72.65,10016
GRASIM,20111010,2335,2348,2303.05,2323.45,102713
GRAVITA,20111010,373.4,387,366.1,370.25,198283
GREAVESCOT,20111010,87.7,88.7,85.7,86,130769
GREENPLY,20111010,195.2,209.4,195.05,207.6,2041
GREENPOWER,20111010,15.25,15.5,15,15.25,215616
GRINDWELL,20111010,232.9,233,231,231.9,502
GRUH,20111010,506,517.5,506,514.8,6355
GSFC,20111010,437,448,432,444,79509
GSKCONS,20111010,2375.05,2439,2350,2370.7,10934
GSLNOVA,20111010,2.75,2.8,2.75,2.75,913
GSPL,20111010,102,104,99.75,103.5,493066
GSS,20111010,128.2,131.75,128.2,130.05,1132
GTL,20111010,54.9,56.35,54.1,54.9,1362853
GTLINFRA,20111010,11.05,11.4,11.05,11.3,892913
GTNIND,20111010,13.7,13.95,12.55,13.8,725
GTNTEX,20111010,13.45,13.5,12.7,13.45,1423
GTOFFSHORE,20111010,117,120.15,117,118.45,58147
GUFICBIO,20111010,6.4,6.65,6.35,6.4,25956
GUJALKALI,20111010,140,140.5,138.5,139.25,5826
GUJAPOLLO,20111010,132,132,124.5,130.65,1794
GUJFLUORO,20111010,500.1,529.2,495.2,526.85,65539
GUJNRECOKE,20111010,20.65,21.75,20.5,21.6,1674756
GUJNREDVR,20111010,15.85,16.25,15.55,15.9,30122
GUJRATGAS,20111010,424.1,425,418,422,11358
GUJSIDHCEM,20111010,8.55,9,8.55,8.75,339523
GULFOILCOR,20111010,70,70,68.3,68.85,20758
GVKPIL,20111010,15.05,15.4,15.05,15.2,5182988
HALONIX,20111010,60.4,62.7,60.4,61.6,416
HANUNG,20111010,106.3,108.5,105.4,107.45,217080
HARITASEAT,20111010,69.8,69.8,69.7,69.7,20
HARRMALAYA,20111010,71.05,73.6,70.15,71.15,30049
HATHWAY,20111010,82.35,87.4,82.35,86.05,44675
HAVELLS,20111010,341.75,352,341.75,345.8,339473
HBLPOWER,20111010,17,18.4,16.6,17.85,72780
HBSTOCK,20111010,12,12.55,12,12.45,1093
HCC,20111010,27.5,28.75,27.1,28.5,1158082
HCIL,20111010,48.05,49.9,47.9,49.45,43536
HCL-INSYS,20111010,61.3,64.85,61.3,63.75,46125
HCLTECH,20111010,404.1,415,404.1,413.9,828420
HDFC,20111010,643.2,666.65,643.2,662.55,1614355
HDFCBANK,20111010,452,458,450.05,454.7,6031496
HDFCMFGETF,20111010,2605,2620,2601,2610.9,4017
HDIL,20111010,93,96.3,91.85,95.85,6555311
HEG,20111010,209.1,209.95,207,208.1,3291
HEIDELBERG,20111010,35,35.55,34.4,35.2,25942
HELIOSMATH,20111010,24,24.05,23.8,24,2629
HERCULES,20111010,239.7,247,237.05,244.8,80406
HERITGFOOD,20111010,165.1,168,164.25,166,6652
HEROMOTOCO,20111010,1931,1972.7,1918.5,1960.8,409363
HEXAWARE,20111010,82.4,85.5,81.25,84.35,1614045
HFCL,20111010,11.2,11.7,11.1,11.5,641499
HGSL,20111010,329.75,329.75,318.55,320,4238
HIKAL,20111010,275,281.5,275,280.35,656
HILTON,20111010,13.15,14.4,13.15,13.6,1496
HIMATSEIDE,20111010,31.85,32.95,31.8,32.55,2679
HINDALCO,20111010,126,129.9,125.1,127.05,13395507
HINDCOPPER,20111010,214,215.5,210.8,214.55,38361
HINDDORROL,20111010,36,40.2,35.15,39.65,493077
HINDMOTORS,20111010,12.7,13.05,12.65,13,74332
HINDNATGLS,20111010,180,180,175,175.55,308
HINDOILEXP,20111010,106,108.3,103.8,107.85,545659
HINDPETRO,20111010,366.45,368.7,362.6,367.55,1081465
HINDUJAFO,20111010,70.95,70.95,70,70.45,2
HINDUJAVEN,20111010,308.05,319.9,308.05,317.4,3043
HINDUNILVR,20111010,329.35,334,325.25,331.15,2980788
HINDZINC,20111010,118.15,120.9,117.45,119.25,463919
HIRECT,20111010,44.4,44.4,42.8,43.45,2277
HITACHIHOM,20111010,164.7,164.7,157.15,158,43011
HITECHGEAR,20111010,122.1,124.95,120.55,124.95,184
HITECHPLAS,20111010,80,81.4,77.65,78.6,637
HMT,20111010,37.9,39.2,37.4,38.85,51689
HMVL,20111010,131.85,131.85,126.55,126.6,6848
HNGSNGBEES,20111010,1180,1180,1150,1150,26
HOCL,20111010,21.5,23.45,21.25,23.15,74207
HONAUT,20111010,2573.4,2677,2526,2620,1096
HONDAPOWER,20111010,337,340,335.05,338.05,1418
HOPFL,20111010,53,53.45,51,51.5,1347
HORIZONINF,20111010,295.9,305,279,280.75,9733
HOTELEELA,20111010,36,36.75,35.8,36.15,74414
HOTELRUGBY,20111010,7.25,7.5,7.25,7.25,1362
HOVS,20111010,52.7,55.15,52.7,54.75,9589
HSIL,20111010,183.8,183.8,180.5,181.35,57592
HTMEDIA,20111010,143,143,138.6,138.7,10302
HYDRBADIND,20111010,312,318.85,311.5,313.05,4583
HYDROS&S,20111010,20,20,18.65,18.7,100
IBPOW,20111010,12,12.25,11.85,11.95,442106
IBREALEST,20111010,70.65,73.95,69.45,72.95,3296580
IBSEC,20111010,8.05,8.2,8,8.05,167839
IBWSL,20111010,3.45,3.6,3.25,3.45,736008
ICICIBANK,20111010,824.9,847.8,816.15,842.65,3193148
ICIL,20111010,10,10,10,10,1
ICRA,20111010,917,926,916,919.65,969
ICSA,20111010,58.1,64.95,57.25,58.75,140657
IDBI,20111010,99.1,101.85,98.25,101.55,2319325
IDEA,20111010,89.5,93.1,86.1,92.1,9444988
IDFC,20111010,116.1,122.7,116.1,122.2,10764906
IFBIND,20111010,115,115.5,112.75,113.25,38882
IFCI,20111010,29.5,30.65,29.1,30.45,8890035
IFGLREFRAC,20111010,31.5,33.9,31,31.2,3067
IGARASHI,20111010,45,45,42.5,44.4,5410
IGL,20111010,429.95,432,422.05,430.2,393135
IGPL,20111010,21.45,21.45,20.4,20.75,422
IITL,20111010,149.6,165.35,149.6,154.6,522
IL&FSENGG,20111010,86.2,88.5,86.2,87.9,4656
IL&FSTRANS,20111010,198.55,205,197.5,203.4,7580
IMFA,20111010,287,298.8,287,295.7,599
IMPAL,20111010,618.9,639,600.05,625.5,2380
INDBANK,20111010,7.45,7.95,7.4,7.8,5527
INDHOTEL,20111010,69.65,70,69.1,69.6,345882
INDIABULLS,20111010,156,160.3,155.45,159.4,201706
INDIACEM,20111010,72.05,72.65,70.5,72.4,528769
INDIAGLYCO,20111010,121.1,124.9,121.1,124.35,26512
INDIAINFO,20111010,73,73.35,71.6,72.55,104728
INDIANB,20111010,197.5,204.2,194.35,201.65,277416
INDIANCARD,20111010,82,85.4,82,83.9,1631
INDIANHUME,20111010,115.1,115.95,115,115,926
INDLMETER,20111010,73.95,73.95,73.95,73.95,50
INDNIPPON,20111010,165.1,175,165.1,169.1,142
INDOCO,20111010,403.5,407.8,389.95,392.9,110
INDORAMA,20111010,33.15,33.15,31.25,32.05,7386
INDOSOLAR,20111010,8.6,9.05,8.55,8.65,157450
INDOTECH,20111010,109.05,122,109.05,114,3875
INDOWIND,20111010,12.55,12.55,12.05,12.55,831039
INDRAMEDCO,20111010,32.05,32.95,31.7,32.5,28328
INDSWFTLAB,20111010,90.1,90.1,82,83.35,7965
INDSWFTLTD,20111010,30.45,30.55,29.75,29.75,1729
INDTERRAIN,20111010,124,126,118.55,125.95,793
INDUSFILA,20111010,15.5,15.5,15.5,15.5,100
INDUSINDBK,20111010,244.75,252.9,241,251.85,396475
INEABS,20111010,607,607,591.25,591.55,517
INFINITE,20111010,92.1,95.5,92.1,94.2,5058
INFODRIVE,20111010,8.65,9.95,8.65,9.4,9193
INFOMEDIA,20111010,11.6,11.7,11.05,11.25,11471
INFOTECENT,20111010,113.5,116.85,112.1,112.1,3120
INFRABEES,20111010,257.15,259.3,254.5,259.3,126
INFY,20111010,2545,2600.9,2528.4,2589.95,2118304
INGERRAND,20111010,499,499,485,491.55,4343
INGVYSYABK,20111010,291.6,291.6,286.5,288.45,29000
INNOIND,20111010,78,88.9,78,88.05,29083
INOXLEISUR,20111010,51,52.6,49.3,51.9,206532
INSECTICID,20111010,392.8,402.3,377.65,384.15,168239
INVENTURE,20111010,150.3,152.3,148.5,149.15,32898
IOB,20111010,91.9,93.95,91.15,92.95,682188
IOC,20111010,317.6,319,312.1,313.45,434927
IOLCP,20111010,30.9,31,29.9,30.45,1380
IOLN,20111010,6.4,6.65,6.35,6.6,650
IPCALAB,20111010,253,253,243.3,248.1,118441
IPGETF,20111010,2615,2630,2601.1,2619.7,147
IPRINGLTD,20111010,61.45,61.45,60,60,20
IRB,20111010,165.5,168,163.5,165.2,985951
ISFT,20111010,54.9,55.2,53.55,54.9,2421
ISMTLTD,20111010,30.85,31,30.3,30.7,35914
ITC,20111010,198,201.4,197.55,200.1,6958449
ITDCEM,20111010,144.95,144.95,139.25,140.6,1127
ITI,20111010,20.1,21.9,19.5,21.2,118326
IVC,20111010,29.4,29.4,28,28.1,13885
IVP,20111010,48,48,47.05,47.6,248
IVRCLAH,20111010,28,28.55,27.35,28,28722
IVRCLINFRA,20111010,36.1,37.85,35.2,37.45,3029966
J&KBANK,20111010,740.3,778.85,740.3,763.35,35263
JAGRAN,20111010,103.25,105.1,102.5,104.85,51578
JAGSNPHARM,20111010,12.05,12.05,12.05,12.05,150
JAIBALAJI,20111010,105,105,98.55,99.65,14688
JAICORPLTD,20111010,78,79.6,76.75,78.55,233997
JAINSTUDIO,20111010,8.15,8.25,8.1,8.25,207
JAMNAAUTO,20111010,125.1,140,125.1,131.05,24093
JAYAGROGN,20111010,82.25,85.5,82.1,84.2,5498
JAYBARMARU,20111010,58,60.5,56.25,60,6297
JAYNECOIND,20111010,17.95,18.25,17.8,18.15,33079
JAYSREETEA,20111010,123.45,127.9,122.1,126.75,18543
JBCHEPHARM,20111010,67.2,71,67.2,70.6,72303
JBFIND,20111010,124.5,124.85,122,122.3,38650
JBMA,20111010,61,62.5,60,61.95,116
JCTEL,20111010,1.1,1.25,1.1,1.15,414744
JENSONICOL,20111010,3.6,3.8,3.6,3.8,2500
JETAIRWAYS,20111010,236.95,238,229.45,236.05,660145
JHS,20111010,30.7,33.95,30.7,32.85,18619
JIKIND,20111010,5.2,5.5,5.1,5.2,3574
JINDALPHOT,20111010,158.65,161.55,158,159.6,33543
JINDALPOLY,20111010,199.75,203.8,198.15,199.25,206672
JINDALSAW,20111010,136.45,136.45,132.4,134.05,693584
JINDALSTEL,20111010,477.5,492.9,468.85,475.05,2307699
JINDALSWHL,20111010,525,539.8,523.75,537.3,24166
JINDCOT,20111010,78.95,79,76.7,78,170111
JINDRILL,20111010,317,318.9,307,309.35,2782
JINDWORLD,20111010,105,109.4,102.95,103.85,14543
JISLJALEQS,20111010,137.65,137.7,135.2,136,948089
JKCEMENT,20111010,109.9,112.5,106.1,109.5,13827
JKIL,20111010,131.3,132,130,130.2,1451
JKLAKSHMI,20111010,42,42,40.5,40.95,39465
JKPAPER,20111010,40.7,40.7,40,40.2,17965
JKTYRE,20111010,70,72,69.1,69.85,462304
JMCPROJECT,20111010,129,129,116.3,116.7,6056
JMFINANCIL,20111010,16,16.3,15.95,16.2,75449
JMTAUTOLTD,20111010,62.95,62.95,59,62.4,29
JOCIL,20111010,142.5,142.5,136,137.75,929
JPASSOCIAT,20111010,73.05,74.1,71.7,73.2,13593669
JPINFRATEC,20111010,48.15,49.8,47.05,48.1,482585
JPPOWER,20111010,33.2,35,33.2,34.85,176034
JSL,20111010,91.4,92.5,90,91.5,11632
JSWENERGY,20111010,50.05,50.15,48.7,49,695335
JSWISPAT,20111010,12.75,13.3,12.55,13.2,2559572
JSWSTEEL,20111010,566,586.6,565.2,582.8,1466180
JUBILANT,20111010,183.05,185,176.2,177.55,65781
JUBLFOOD,20111010,711.25,759.9,711.25,752,2069920
JUBLINDS,20111010,180.4,182.95,177,179.6,1594
JUMBO,20111010,15.55,16,14.65,15.95,2110
JUNIORBEES,20111010,96.2,100.9,96.1,100.13,31679
JUPITER,20111010,14,15.2,14,14.4,98734
JVLAGRO,20111010,14.5,14.95,14.3,14.75,2042
JYOTHYLAB,20111010,148.3,151.5,148,149.6,20906
JYOTISTRUC,20111010,61.8,63.3,61.75,62.35,64360
KABRAEXTRU,20111010,40,41.5,40,41,944
KAJARIACER,20111010,113,116,111.1,114.35,69321
KAKATCEM,20111010,68,68.4,67.4,67.4,127
KALECONSUL,20111010,78,78,75.65,77.15,5255
KALINDEE,20111010,107.95,110.9,107.6,109.6,68166
KALPATPOWR,20111010,103.05,105.4,101.5,101.95,40740
KAMATHOTEL,20111010,89.1,94.65,89.1,93.2,3880
KANORICHEM,20111010,32.1,33.5,32.1,32.7,9869
KANSAINER,20111010,846.7,860,846.5,850,30685
KARMAENG,20111010,12,12.3,11.3,11.85,1439
KARURKCP,20111010,27.95,30.15,27.95,28.95,7
KARURVYSYA,20111010,363.45,380,357.6,360.2,641882
KAUSHALYA,20111010,8.1,8.3,8.1,8.25,3556
KAVVERITEL,20111010,128,133.7,128,131.8,23671
KBIL,20111010,625,639.9,621,632.05,66
KCP,20111010,25.3,25.3,24.5,24.7,13052
KCPSUGIND,20111010,14.55,15.7,14.55,14.95,14133
KEC,20111010,55.5,56.9,53.6,56.7,127278
KECL,20111010,32.15,33.95,32.15,33.4,1192
KEI,20111010,14.65,15.35,14.65,15.1,24402
KEMROCK,20111010,513,520,507,508.05,13091
KERNEX,20111010,92,93,91.5,92,23603
KESARENT,20111010,53,57.3,53,55,6856
KESORAMIND,20111010,122.2,126.6,122.2,123.3,42437
KFA,20111010,20.4,20.45,19.55,20.3,1249219
KGL,20111010,6.65,6.7,5.4,5.9,12894144
KHAITANELE,20111010,90.4,93.65,90.3,90.3,209
KHAITANLTD,20111010,23.25,23.95,23.25,23.95,2
KHANDSE,20111010,18,18.95,17.05,18.8,500
KICL,20111010,481.4,505,481.4,495,62
KIL,20111010,13,13.9,13,13.6,7555
KILITCH,20111010,88.1,88.1,79.7,79.7,10516
KINETICMOT,20111010,16.15,16.3,15.9,16.15,9087
KIRIINDUS,20111010,125.7,131.6,125.25,127.25,34317
KIRLOSBROS,20111010,141,146,134.75,145.35,12930
KIRLOSENG,20111010,138.5,138.5,122.55,126.95,10962
KIRLOSIND,20111010,271,279.45,269.05,272.4,166
KITPLYIND,20111010,3.45,3.85,3.45,3.7,2002
KKCL,20111010,795.95,814.9,772.05,812.95,534
KLGSYSTEL,20111010,31.55,32.5,31.2,32.05,5365
KLRF,20111010,24,24,22.75,22.75,203
KMSUGAR,20111010,2.45,2.7,2.45,2.7,3034
KNRCON,20111010,106,114.5,104.15,105.15,765
KOHINOOR,20111010,42.7,43.6,42,42.85,15165
KOLTEPATIL,20111010,34.15,35.5,33.35,34.85,15379
KOPDRUGS,20111010,4.5,4.6,4.5,4.6,1025
KOPRAN,20111010,21.9,22.65,21.9,22,25168
KOTAKBANK,20111010,443.05,456.9,443,454.45,246524
KOTAKGOLD,20111010,2549.9,2560.75,2536.8,2553.1,41129
KOTAKNIFTY,20111010,500,506,500,504.09,144
KOTAKPSUBK,20111010,318,319.8,317,317.94,455
KOTARISUG,20111010,6.05,6.1,5.95,5.95,7432
KOTHARIPET,20111010,7.35,7.8,7.25,7.6,5215
KOTHARIPRO,20111010,484,484,476.55,478.7,516
KOUTONS,20111010,24.7,25.25,23.5,23.7,158098
KPIT,20111010,146.75,148,145.2,145.65,35317
KPRMILL,20111010,91.3,93.85,91.05,91.65,993
KRBL,20111010,24.1,25.1,23.8,24.9,633713
KRISHNAENG,20111010,2.75,3.3,2.75,3.3,323
KSBPUMPS,20111010,205.7,205.7,202.15,203.8,582
KSCL,20111010,437,438,430.1,431.25,6166
KSK,20111010,101.6,101.6,98.1,100,233225
KSL,20111010,49.7,51.3,48.55,49.25,22156
KSOILS,20111010,10,10,9.7,9.9,4255991
KTKBANK,20111010,81.65,83.25,80.8,81.4,699252
KWALITY,20111010,185,198,179,180.4,1930838
L&TFH,20111010,49,49.9,49,49.8,974262
LAKPRE,20111010,37.1,39.05,37.1,39.05,4
LAKSHMIEFL,20111010,21.05,22.7,21.05,21.3,81951
LAKSHMIMIL,20111010,1648,1667,1646,1653.2,33
LAKSHVILAS,20111010,92.1,93.25,88.75,89.05,214542
LANCOIN,20111010,33.45,33.95,33.25,33.4,8830
LAOPALA,20111010,104.75,114.9,104,112.4,60066
LAXMIMACH,20111010,1940,1940,1852.05,1897.7,966
LCCINFOTEC,20111010,0.5,0.55,0.5,0.5,30081
LGBBROSLTD,20111010,286,298.5,285,289.4,3341
LIBERTSHOE,20111010,81.6,83.3,81.6,82.65,11467
LICHSGFIN,20111010,216,224.65,215.15,223.85,2535454
LIQUIDBEES,20111010,1000,1000.01,999.99,999.99,89450
LITL,20111010,15.35,15.35,15,15.25,4866329
LLOYDELENG,20111010,48,48.45,47.5,47.85,5251
LLOYDFIN,20111010,0.95,0.95,0.95,0.95,400
LLOYDSTEEL,20111010,12.2,12.8,12.1,12.6,170575
LML,20111010,8.6,8.9,8.6,8.8,88370
LOGIXMICRO,20111010,15.3,15.85,14.8,15.15,5032
LOKESHMACH,20111010,40.9,40.9,39.5,40,1142
LOTUSEYE,20111010,10,11,9.9,10,13545
LOVABLE,20111010,434.25,473.8,430,468.25,1242973
LPDC,20111010,2.65,2.85,2.6,2.85,2467
LT,20111010,1393,1400.75,1368.15,1385.3,1480833
LUMAXAUTO,20111010,26.25,27,26.2,26.8,361
LUMAXIND,20111010,386.3,396.8,386.3,390.35,7178
LUMAXTECH,20111010,173,175.95,172.5,174.9,670
LUPIN,20111010,469.9,469.9,451.05,457.45,922564
LYKALABS,20111010,14,14.6,14,14.35,4556
M&M,20111010,792,811,792,806.85,1409193
M&MFIN,20111010,638,647,636,641.8,15132
M100,20111010,6.89,6.89,6.78,6.87,1118250
M50,20111010,66,68,65.02,66.69,77384
MAANALU,20111010,49.95,53.5,49.95,50.2,1205
MADHUCON,20111010,71.7,71.95,69.05,70,146977
MADRASCEM,20111010,97.5,101.75,96.6,100.4,28306
MADRASFERT,20111010,20.4,21.9,20.4,21.45,72518
MAGMA,20111010,69.25,70.2,66.55,69.75,78798
MAGNUM,20111010,4.3,4.9,4.25,4.7,19518
MAHABANK,20111010,45.45,45.7,44.6,45.5,55997
MAHINDFORG,20111010,58.75,59,58,58.8,9724
MAHINDUGIN,20111010,44.9,45.5,44.55,45.1,6082
MAHLIFE,20111010,286.6,290,277.5,285.5,10346
MAHSCOOTER,20111010,315,324.85,314.15,321.85,290
MAHSEAMLES,20111010,340,340,337,338.2,6188
MAITHANALL,20111010,96,101.25,96,99.9,627
MALUPAPER,20111010,11.35,11.4,10.65,10.65,368
MALWACOTT,20111010,26.1,29.75,26.1,28.95,456
MANAKSIA,20111010,54.45,59.5,54.45,58.7,14989
MANALIPETC,20111010,10.6,10.85,10.55,10.85,33874
MANAPPURAM,20111010,51.5,52.2,51.25,51.7,253572
MANDHANA,20111010,208.55,213.9,207.55,211.9,91036
MANGALAM,20111010,13.95,14.05,13.5,13.75,207
MANGCHEFER,20111010,31.6,32.6,31,32.1,197427
MANGLMCEM,20111010,102,103.45,100.4,101.55,9513
MANGTIMBER,20111010,16.4,18.55,16.4,18.5,8094
MANINDS,20111010,117,121.65,117,119.75,3304
MANINFRA,20111010,131,131,124.4,124.9,10469
MANJEERA,20111010,89.85,89.85,84.1,84.15,202
MANJUSHREE,20111010,89.1,90.1,86.3,88.75,2479
MANUGRAPH,20111010,48.6,48.6,48.5,48.5,502
MARALOVER,20111010,11.5,12.5,11.5,12,2311
MARG,20111010,82.65,84,81,82.4,18860
MARICO,20111010,144.05,146.4,144.05,145.55,69295
MARKSANS,20111010,2.15,2.2,2.1,2.15,53531
MARUTI,20111010,1080.1,1091.85,1065,1070.95,709266
MASTEK,20111010,93,94.2,92.1,93.9,5931
MAWANASUG,20111010,16.15,16.75,16.15,16.7,582
MAX,20111010,172.8,179,171.05,178.5,126994
MAXWELL,20111010,25.95,27.2,25.5,27.2,38349
MBECL,20111010,119.65,122.9,117.55,119.65,20387
MBLINFRA,20111010,127.3,134.9,127.3,129.3,7252
MCDHOLDING,20111010,51,53,50.65,51.4,8527
MCDOWELL-N,20111010,835.05,842,826,834.8,148420
MCLEODRUSS,20111010,233,237.5,227.5,236.8,314124
MEGASOFT,20111010,14.15,15.35,14.15,14.5,21758
MEGH,20111010,9.7,9.95,9.6,9.9,49585
MELSTAR,20111010,7.5,7.75,7.5,7.75,61
MERCK,20111010,649,649,629,634.85,934
MHRIL,20111010,323.85,323.85,315.15,318,53895
MIC,20111010,10.2,11.2,10.05,10.1,402028
MICROSEC,20111010,29,29.5,29,29,9819
MICROTECH,20111010,122.95,123.5,120.05,122.8,63126
MINDAIND,20111010,179,179,174.1,176.05,131
MINDTREE,20111010,340.15,343.35,331.55,336.45,9989
MIRCELECTR,20111010,18.75,18.85,18.5,18.65,17974
MIRZAINT,20111010,19.1,20,19.1,19.55,51487
MLL,20111010,23.4,24.4,22.95,24.05,834354
MMFL,20111010,97.6,99.95,97.6,99.05,357
MMFSL,20111010,90.55,94.3,90.55,92.7,5487
MMTC,20111010,634.1,646.95,629,641.3,11047
MOIL,20111010,265.7,269.5,264.3,267.65,41014
MONNETISPA,20111010,493,496,488.5,489.9,10557
MONSANTO,20111010,846,846,825.65,834.95,1633
MORARJETEX,20111010,12,12.3,11.9,12.1,3708
MOREPENLAB,20111010,3.6,3.95,3.6,3.9,265150
MOSERBAER,20111010,21.55,22,21.3,21.85,333772
MOTHERSUMI,20111010,166.35,178,163.2,175.05,227810
MOTILALOFS,20111010,81.95,83.8,81.05,83.1,4746
MPHASIS,20111010,324.95,337,318.4,333.8,212067
MPSLTD,20111010,35,37,34.1,36.5,2126
MRF,20111010,6595.55,6639.9,6552,6587.45,2520
MRO-TEK,20111010,9.3,11.3,9.3,10.25,6420
MRPL,20111010,61.5,63.1,60.7,63,356418
MSPL,20111010,41.5,42.55,41,41.95,7009
MTNL,20111010,30.1,31.35,29.7,31.05,819203
MUDRA,20111010,24.05,25.1,24.05,24.45,710
MUKANDENGG,20111010,25.25,26.5,25.25,26.2,85
MUKANDLTD,20111010,32.5,32.9,31.65,32.2,13723
MUNDRAPORT,20111010,155.25,157.85,153.1,154.85,574856
MUNJALAU,20111010,164,169.75,164,168.8,4165
MUNJALSHOW,20111010,60.1,62,60.1,61.75,8428
MURLIIND,20111010,22.5,22.6,21.8,22.1,668
MURUDCERA,20111010,16.2,17.65,16.2,16.95,521
MUTHOOTFIN,20111010,160.6,162.85,160,162.15,78598
MVL,20111010,23.2,23.75,22.8,23.4,389632
MVLIND,20111010,12.5,14.6,12.5,13.05,1269
MYSOREBANK,20111010,565,574.9,555.45,560.35,970
N100,20111010,106.95,106.95,103.58,104.89,624
NAGREEKCAP,20111010,21.2,21.2,21.2,21.2,200
NAGREEKEXP,20111010,24,25.9,23.6,24.55,171
NAHARCAP,20111010,48.65,50.5,48.65,49,1575
NAHARINDUS,20111010,39,43.6,38.5,43.05,867
NAHARPOLY,20111010,22.95,22.95,22,22,346
NAHARSPING,20111010,59,64.3,59,63.8,14800
NANDAN,20111010,2.35,2.4,2.15,2.25,241726
NATCOPHARM,20111010,232,235.95,232,232.15,1972
NATHSEED,20111010,13.1,13.1,12.55,12.85,5845
NATIONALUM,20111010,61.95,62.2,61.45,62,79086
NATNLSTEEL,20111010,17,17.9,16.15,17.35,60803
NAUKRI,20111010,696.9,696.9,661.5,669.35,1305
NAVINFLUOR,20111010,364.7,364.7,350,358.35,15513
NAVNETPUBL,20111010,64.5,64.85,63.9,64.5,21901
NBVENTURES,20111010,185.7,185.7,172,176.1,17134
NCC,20111010,57,58.4,55.6,56.9,443825
NCLIND,20111010,37.6,37.6,35.7,36.1,10199
NDTV,20111010,50.5,50.85,49,49.5,64994
NECLIFE,20111010,20.65,21.45,20.65,21.05,9801
NELCAST,20111010,21.8,22.3,21.8,22,10342
NELCO,20111010,52,53.35,51.85,53.25,21206
NEOCURE,20111010,2.4,2.4,2.4,2.4,14
NEPCMICON,20111010,3.3,3.5,3.1,3.4,29853
NESCO,20111010,543.15,574,540.1,562.65,41723
NESTLEIND,20111010,4224,4230,4201,4214.3,3363
NET4,20111010,144.5,147.45,144,146.1,27467
NETWORK18,20111010,67,67,62.1,62.75,198797
NEULANDLAB,20111010,87,87,82.15,84.45,1952
NEXTMEDIA,20111010,4.3,4.9,4.3,4.8,12088
NEYVELILIG,20111010,77.05,77.4,74.05,75.05,427765
NFL,20111010,67.85,67.9,66.15,66.6,15751
NHPC,20111010,23.2,23.35,23,23.1,4588746
NICCO,20111010,2.5,2.65,2.5,2.55,116574
NIFTYBEES,20111010,498.1,507.7,497.05,506,82307
NIITLTD,20111010,43.2,44.6,43.2,44.1,33823
NIITTECH,20111010,199,200.9,193,194.2,62242
NILKAMAL,20111010,252.55,264,252.55,261.8,1121
NIPPOBATRY,20111010,395,395,395,395,10
NITCO,20111010,47.2,49.75,46.4,48.25,74896
NITESHEST,20111010,15.8,16.45,15.8,16,21437
NITINFIRE,20111010,39.7,40.15,38.2,39.05,734982
NITINSPIN,20111010,5.45,6.25,5.45,6.15,12534
NMDC,20111010,236.05,241,233.55,240.15,170748
NOCIL,20111010,15.8,16.1,15.6,15.95,95908
NOIDATOLL,20111010,22.65,22.95,22.55,22.85,73123
NOL,20111010,39,39,39,39,200
NORBTEAEXP,20111010,5,5.45,5,5.45,5314
NORTHGATE,20111010,13.4,13.4,11.9,11.9,18411
NOVOPANIND,20111010,42.1,42.1,42.1,42.1,200
NRBBEARING,20111010,48.7,49,46.6,47.05,20221
NRC,20111010,3.7,3.8,3.65,3.75,1324
NSIL,20111010,601,622,596,601.35,72
NTPC,20111010,167.45,171.45,165.4,170.6,3371177
NUCHEM,20111010,2.65,2.8,2.55,2.7,15751
NUCLEUS,20111010,68.7,68.7,65,65.5,6285
NUMERICPW,20111010,185.25,191,185.25,189.55,1631
NUTEK,20111010,2.85,3.05,2.7,3,832177
OBEROIRLTY,20111010,231,240,224.1,237.25,75111
OCL,20111010,93.7,93.7,91.15,92.75,744
OFSS,20111010,1938,1990,1899,1984.25,19984
OIL,20111010,1327.05,1330.2,1305,1325.4,157845
OILCOUNTUB,20111010,60.9,61.8,58,60.7,3559
OISL,20111010,49,49.9,48.1,48.8,3994
OMAXAUTO,20111010,38.2,38.2,37,37.3,62
OMAXE,20111010,138.5,143.5,137.25,138.6,31182
OMKARCHEM,20111010,68,68,65.1,67.9,1037
OMMETALS,20111010,24.7,24.95,24.1,24.35,3520
OMNITECH,20111010,134.5,140,134.5,139.05,14111
ONGC,20111010,263.55,274.95,263.5,274.3,2479936
ONMOBILE,20111010,58.1,61,58.1,59.65,344616
ONWARDTEC,20111010,39.15,40,38.1,39.8,3139
OPTOCIRCUI,20111010,213.2,222.5,213.2,219.95,856328
ORBITCORP,20111010,34.2,34.5,33.6,34,122518
ORCHIDCHEM,20111010,154,160.7,152.15,158.65,1194186
ORIENTABRA,20111010,34.05,37,34.05,36.5,74815
ORIENTALTL,20111010,8,8,7.9,7.9,750
ORIENTBANK,20111010,291.35,299.9,291.35,294.65,110923
ORIENTCERA,20111010,49.9,49.9,44.55,45.85,317
ORIENTHOT,20111010,27,27,26.15,26.25,3816
ORIENTLTD,20111010,69.25,69.25,69.25,69.25,13
ORIENTPPR,20111010,60.05,60.95,58.3,58.6,31367
ORISSAMINE,20111010,43700,44487,43051,43219.2,559
OSWALMIN,20111010,40.5,42.95,40.5,42.5,66
OUDHSUG,20111010,19.05,19.85,19.05,19.45,4857
PAEL,20111010,22,22.25,21.9,22.25,601
PAGEIND,20111010,2510,2538.6,2452.25,2491,2566
PANACEABIO,20111010,115.5,118.75,114.2,115,10283
PANAMAPET,20111010,231.95,231.95,222,223.1,5357
PANASONIC,20111010,104,110,103.9,105,864
PANORAMUNI,20111010,11.05,11.25,11,11,7766
PANTALOONR,20111010,183.6,199.65,182.1,196.1,1124645
PAPERPROD,20111010,74.6,76.35,74.6,75.85,9955
PARABDRUGS,20111010,34.65,35.35,34.5,34.9,26447
PARACABLES,20111010,3,3,2.9,2.9,38569
PARAL,20111010,225,235.25,221.5,233.25,4565
PARAPRINT,20111010,24.5,24.9,22.8,23.7,219562
PARASPETRO,20111010,0.45,0.5,0.45,0.45,6298
PARRYSUGAR,20111010,82,82,81,81.35,150
PARSVNATH,20111010,65.4,68.8,64.65,68.5,3621534
PATELENG,20111010,92.25,95.4,92,93.95,327114
PATINTLOG,20111010,30.5,33.3,30.5,33.05,59098
PATNI,20111010,285.2,297,285.2,295.65,99441
PATSPINLTD,20111010,11.15,12.75,11.15,12.4,1155
PBAINFRA,20111010,42.9,42.9,39.35,41.1,8293
PDPL,20111010,94.45,94.45,90.9,91.75,996
PDUMJEIND,20111010,15.75,17.95,15.75,17.95,751
PDUMJEPULP,20111010,18.2,18.2,16.5,17,3775
PEACOCKIND,20111010,3,3,2.8,2.8,1877
PEARLPOLY,20111010,21.25,21.25,19.4,20.05,1258
PENIND,20111010,38.6,38.6,37.3,37.65,4001
PENINLAND,20111010,42,42.3,41.5,42.05,6101
PEPL,20111010,2.1,2.15,2.1,2.15,24
PERIATEA,20111010,131,149,131,147.55,705
PERSISTENT,20111010,300,304.5,299.95,300,9900
PETRONENGG,20111010,271.1,281,271.1,280.4,592
PETRONET,20111010,152.95,156,151.35,154.45,2537878
PFC,20111010,140.5,144.2,138.6,143.6,1175535
PFIZER,20111010,1308,1342.95,1308,1326.05,737
PFOCUS,20111010,54.3,56.8,54.05,56.45,382306
PFS,20111010,15.6,16,15.5,15.9,29729
PGEL,20111010,214,218,205.5,211.85,364485
PGHH,20111010,1955,1955,1888,1905.05,2123
PHILIPCARB,20111010,142.7,145.05,139,140.3,64140
PHOENIXLTD,20111010,200.05,201.6,199,200.1,7235
PIDILITIND,20111010,165.35,166.3,163.5,164.7,9214
PIIND,20111010,572.05,579.95,572,576,640
PIONEEREMB,20111010,11.5,11.5,11.5,11.5,1034
PIPAVAVDOC,20111010,80.3,86.5,80.3,83.6,4743346
PIRGLASS,20111010,120.1,124.1,120.1,122.1,1934
PIRHEALTH,20111010,354.95,356.6,351,351.95,95462
PIRLIFE,20111010,88.45,89.4,87.35,87.85,5198
PITTILAM,20111010,46.95,46.95,45.6,45.8,1471
PLASTIBLEN,20111010,168.05,170,167,167.35,382
PLETHICO,20111010,367.1,373.5,367.1,369.8,44529
PNB,20111010,924,937.65,910,931.4,190966
PNBGILTS,20111010,23.85,24.45,23.45,24.2,29957
PNC,20111010,13.8,13.8,13,13.15,769
POCHIRAJU,20111010,12.85,12.85,12.05,12.35,91848
POLARIND,20111010,3.85,4,3.8,3.9,533
POLARIS,20111010,125.5,131.05,125.5,129.9,433113
POLYPLEX,20111010,174.55,180.8,172.5,176.15,89133
PONDYOXIDE,20111010,28.65,29,27.3,28.7,6265
PONNIERODE,20111010,78,81.65,77.55,81.65,3128
POWERGRID,20111010,96.6,98.4,96.6,98.05,4683622
PPAP,20111010,81,81.5,75.15,79.3,1074
PRADIP,20111010,61.55,63.65,61.55,62.2,1291
PRAENG,20111010,5.95,6.25,5.95,6.05,58807
PRAJIND,20111010,71.75,74.5,71,74.1,831104
PRAKASH,20111010,48.15,50.2,48.1,49.55,311443
PRAKASHCON,20111010,160.15,188.6,160.15,178.05,3602561
PRAKASHSTL,20111010,120.75,122.9,120.05,120.1,1830
PRATIBHA,20111010,43.4,44.35,43.4,43.55,16723
PRECOT,20111010,108.5,108.7,107,108.3,4116
PRECWIRE,20111010,82.65,89,82.65,85.4,852
PREMIER,20111010,83,83,79,80.25,3101
PRESTIGE,20111010,88,90.85,86.55,87.45,1019491
PRETAILDVR,20111010,156,156,146,151.6,7554
PRICOL,20111010,15.05,15.6,14.95,15.35,8189
PRIMESECU,20111010,16.95,17.05,16.4,16.9,6433
PRISMCEM,20111010,41.65,42.65,41.55,42.05,109544
PRITHVI,20111010,19.75,19.8,18.6,18.95,3350
PROVOGUE,20111010,29.75,30.85,29.5,30.7,74987
PSB,20111010,65.15,67.6,65.1,65.75,142583
PSL,20111010,62,62.95,61.5,62.15,31399
PSUBNKBEES,20111010,312,315.3,309.2,314.56,544
PTC,20111010,68.9,69.5,68.2,69.4,345954
PTL,20111010,41,42,40.35,41.05,15580
PUNJABCHEM,20111010,70.9,70.95,68.25,68.3,153
PUNJLLOYD,20111010,54.8,55.8,53.7,55.5,2286360
PURVA,20111010,63,69.3,63,68.65,22945
PVP,20111010,4.7,4.7,4.25,4.5,119505
PVR,20111010,112.35,113.95,110.05,111.1,32383
QGOLDHALF,20111010,1269,1274.95,1261,1272.8,641
QNIFTY,20111010,499.65,501.95,499.65,501.95,15
QUINTEGRA,20111010,2.9,3.2,2.75,2.9,10031
RADAAN,20111010,2.35,2.35,2.15,2.15,3661
RADICO,20111010,124.25,125.95,122,123.75,76091
RAINBOWPAP,20111010,65.3,66.45,65.25,65.5,63963
RAINCOM,20111010,25.75,26.25,25.2,25.9,67327
RAJESHEXPO,20111010,120,133.45,119.25,131.65,1800168
RAJOIL,20111010,22.05,22.05,20.5,21.15,12671
RAJPALAYAM,20111010,196,207.95,196,204.3,259
RAJRAYON,20111010,9.75,11.5,9.75,10.15,2200
RAJSREESUG,20111010,35.9,36.5,35,35.8,15840
RAJTV,20111010,59,62,57.5,60.4,43834
RAJVIR,20111010,116.3,116.3,111.25,112.2,6
RALLIS,20111010,181.35,182.4,177.45,179.6,91349
RAMANEWS,20111010,10.05,10.8,10.05,10.55,10855
RAMCOIND,20111010,42,42.45,41.15,41.5,2990
RAMCOSYS,20111010,58.5,59,57,57.5,292
RAMKY,20111010,204.3,209.95,204.3,206.75,8127
RAMSARUP,20111010,9.35,10.1,9.3,9.45,23630
RANASUG,20111010,3.8,4,3.7,4,134008
RANBAXY,20111010,518.5,520.65,510.5,515.3,364659
RANEENGINE,20111010,179.55,190.95,179.55,182.05,576
RANEHOLDIN,20111010,200,204,200,203,1451
RANKLIN,20111010,14.05,14.5,14,14.45,817
RATNAMANI,20111010,102,102.1,102,102,2550
RAYMOND,20111010,336,346.25,334.5,343.6,176039
RBL,20111010,107,107,104.75,105.2,1397
RBN,20111010,63.85,67.9,63.55,65.85,151501
RCF,20111010,70.65,70.9,69.55,70.25,136142
RCOM,20111010,72.55,74.55,71.5,74.05,6042976
RECLTD,20111010,160.25,167.8,157.55,166.65,1691574
REDINGTON,20111010,90.1,92.35,89.55,91.65,138619
REFEX,20111010,12,12.35,11.75,12,928
REIAGROLTD,20111010,23.95,24.25,23.5,24,295558
REISIXTEN,20111010,22.2,23.5,22,22.5,3022
RELAXO,20111010,428.1,437,424,426.4,285
RELBANK,20111010,900,914,868.1,883.1,79
RELCAPITAL,20111010,323,337.9,322.75,336,4671947
RELGOLD,20111010,2489.8,2497.9,2472.7,2494.05,26070
RELIANCE,20111010,804.25,830.9,804.2,829.25,3393633
RELIGARE,20111010,413,448.9,413,441.85,15485
RELIGAREGO,20111010,2602,2692,2602,2645.6,207
RELINFRA,20111010,386.05,401.7,385.05,398.65,958939
RELMEDIA,20111010,87,90.5,87,89.55,306140
RENUKA,20111010,52.2,54.4,52.2,54.2,5687635
REPRO,20111010,134.95,139.7,134.05,136.7,5007
RESPONIND,20111010,107,107.5,106.7,107.5,5004
RESURGERE,20111010,0.25,0.3,0.25,0.3,7080133
REVATHI,20111010,363.95,375,360.5,364.95,115
RICOAUTO,20111010,11,11.3,11,11.25,38671
RIIL,20111010,394.8,402,385.4,395.15,93030
RJL,20111010,86.3,92,85,89.1,15004
RKDL,20111010,16.4,16.9,16.4,16.75,3791
RKFORGE,20111010,104,104,104,104,2
RMCL,20111010,5.2,5.2,4.25,5,27067
RML,20111010,118.3,119.05,118,118.8,700
ROHITFERRO,20111010,26.8,29.1,26.6,27.7,55926
ROHLTD,20111010,49,54.9,49,53.25,14456
ROLTA,20111010,72,72.5,70.35,71.7,1376564
ROMAN,20111010,23,23.55,21.9,23.3,693
RPGLIFE,20111010,80.9,80.9,78.25,80.05,7090
RPOWER,20111010,81.05,82.8,80,82.2,1728070
RPPINFRA,20111010,59.95,62.4,58.65,58.65,5389
RSSOFTWARE,20111010,54.55,55.5,54.5,55,5917
RSWM,20111010,83,85.95,83,85.1,5449
RSYSTEMS,20111010,99.1,102.95,99.1,101.4,303
RUBYMILLS,20111010,785,819.9,785,809.9,393
RUCHINFRA,20111010,20.6,22.25,20.6,21.9,71241
RUCHIRA,20111010,8.15,9,8.15,8.95,3071
RUCHISOYA,20111010,111.2,113.25,111,112.7,196265
RUSHIL,20111010,173.1,189,173.1,179.2,1301883
SABERORGAN,20111010,118.4,121.9,118.4,119.95,17300
SADBHAV,20111010,131.5,132,128.2,130.05,511728
SAGCEM,20111010,139.15,139.2,135,135.25,2222
SAHPETRO,20111010,27.8,29.9,27.55,28.75,942
SAIL,20111010,102.05,105.45,102.05,103.95,4228309
SAKHTISUG,20111010,25.6,26.45,25.55,26.2,46149
SAKSOFT,20111010,80,80,71.25,73.55,7052
SAKUMA,20111010,13.9,13.9,13.15,13.25,7839
SALORAINTL,20111010,24.65,26.4,23.5,24.6,7265
SALSTEEL,20111010,5.3,5.5,5.25,5.4,15821
SAMBANDAM,20111010,80,83.6,73.05,73.1,26
SAMBHAAV,20111010,1.05,1.35,1.05,1.2,879
SANDESH,20111010,291,291,280,280.05,1603
SANGAMIND,20111010,28.7,30.5,28.7,30.3,13215
SANGHIPOLY,20111010,1.35,1.5,1.35,1.5,507
SANGHVIFOR,20111010,23.4,24.35,23.2,23.55,8370
SANGHVIMOV,20111010,117,118,116.15,117.1,4015
SANWARIA,20111010,14.75,14.85,13.95,14.45,232448
SARDAEN,20111010,126.9,127.8,123.95,124.55,21794
SAREGAMA,20111010,67.5,69.4,66.55,68.45,16141
SARLAPOLY,20111010,110.5,110.5,110.4,110.4,4
SASKEN,20111010,107.1,109,107,108,11856
SATHAISPAT,20111010,35.25,36.45,35.05,36.25,1179
SATYAMCOMP,20111010,67.5,70.25,67.3,69.8,2863789
SAVERA,20111010,38,38,36.2,37.6,56
SB&TINTL,20111010,14.8,14.8,13.75,14.15,40484
SBBJ,20111010,380,382,377,379.3,3911
SBIGETS,20111010,2604,2614.5,2595,2610.7,8271
SBIN,20111010,1759.95,1764.85,1722.2,1756.05,3268992
SBT,20111010,593.1,597.95,580.6,591.3,4974
SCI,20111010,69.95,71.9,68.25,71.35,646021
SEAMECLTD,20111010,104,104,102,103.25,3211
SELAN,20111010,286,309,286,291.9,16975
SELMCL,20111010,11.7,12.35,11.7,12.25,255737
SENTINEL,20111010,12.6,16,12.6,15,43557
SERVALL,20111010,6,6.35,6,6.25,10143
SESAGOA,20111010,197.9,217.3,194.75,216.25,6447821
SESHAPAPER,20111010,209.7,209.7,201,204.8,34
SEZALGLASS,20111010,2.25,2.7,2.25,2.45,58904
SGFL,20111010,4.7,5.1,4.7,4.95,147
SGJHL,20111010,142.95,147.4,141.8,147,134196
SGL,20111010,4.2,4.2,4.2,4.2,35
SHAHALLOYS,20111010,10.35,10.35,9.3,9.3,1133
SHALPAINTS,20111010,439,439,420,423.85,5517
SHANTIGEAR,20111010,37.05,39.9,31.3,38.7,42188
SHARIABEES,20111010,112.95,114.4,99.05,113.46,1007
SHARRESLTD,20111010,55,55.1,53.05,54.75,118026
SHASUNPHAR,20111010,59.9,60.05,58.45,58.9,20248
SHILPAMED,20111010,221.5,223.5,221.5,223,748
SHILPI,20111010,13,13.8,12.9,12.95,11344
SHIV-VANI,20111010,196,196,191.25,193.4,3653
SHIVAMAUTO,20111010,120,122.4,118.1,119.95,1679
SHIVTEX,20111010,22.55,24.45,22.55,24.45,603
SHLAKSHMI,20111010,98.45,102.65,97.5,101.7,126014
SHOPERSTOP,20111010,342,360,342,358.3,10428
SHREEASHTA,20111010,5.55,5.85,5.55,5.75,3805815
SHREECEM,20111010,1785,1823,1770,1796.55,1025
SHREERAMA,20111010,4.25,4.6,4.25,4.4,4784
SHRENUJ,20111010,60,62.7,60,62.05,313861
SHREYANIND,20111010,18.9,18.9,18.9,18.9,1
SHREYAS,20111010,33,35.15,33,34.85,1044
SHRIRAMCIT,20111010,515,522,515,517.15,4165
SHRIRAMEPC,20111010,119,123.95,118.55,119.4,1303
SHYAMTEL,20111010,32.45,33.75,32.45,33.5,8860
SICAGEN,20111010,19.6,19.6,18.6,18.8,3924
SICAL,20111010,72,73.1,71.45,71.5,10291
SIEMENS,20111010,836.85,849.9,825.1,828.3,162201
SILINV,20111010,96.95,96.95,82.25,85,13
SIMBHSUGAR,20111010,27.15,29.9,27.15,28.55,4567
SIMPLEX,20111010,83.7,91.95,83,84,5235
SIMPLEXINF,20111010,225,226,220,222.05,356
SINTEX,20111010,116.3,118.4,113.05,114.95,1904773
SIRPAPER,20111010,46.5,49.2,46.15,46.25,1911
SITASHREE,20111010,7.7,8.35,7.7,7.9,2378
SIYSIL,20111010,267,268,260,266.25,270
SJVN,20111010,21.55,21.8,21.2,21.75,144962
SKFINDIA,20111010,666.45,669.7,658.5,666.5,9425
SKMEGGPROD,20111010,7.3,7.65,7.2,7.55,3570
SKSMICRO,20111010,216.9,220,210.2,217.55,201795
SKUMARSYNF,20111010,38.9,41.25,38.2,40.95,1495442
SMARTLINK,20111010,38.75,40.45,38.55,39.95,9527
SMLISUZU,20111010,383.75,388,383.75,386.85,110
SMOBILITY,20111010,103.25,103.9,101.7,103.3,111941
SMPL,20111010,7,7.25,6.8,6.95,67780
SMSPHARMA,20111010,167,169,166,169,1659
SOBHA,20111010,211.35,218.7,209.6,216.75,69147
SOFTTECHGR,20111010,4,5.05,4,4.75,25
SOLARINDS,20111010,778,799,773.25,790.8,14429
SOMANYCERA,20111010,46.95,46.95,40.8,42.9,1111
SOMATEX,20111010,6,6.2,5.95,6.1,7813
SONASTEER,20111010,14.15,14.15,13.75,13.85,27922
SONATSOFTW,20111010,29,29.75,28.5,29.1,124659
SOTL,20111010,515.25,530,515.05,524.7,1959
SOUISPAT,20111010,4.5,4.9,4.45,4.55,190625
SOUTHBANK,20111010,22.2,22.2,21.9,22,841283
SPANCO,20111010,136,139,131.6,135.05,62889
SPARC,20111010,80.9,82,80.25,80.9,55922
SPENTEX,20111010,8,9.2,8,8.5,4513
SPIC,20111010,24.05,25.1,23.75,24.95,158252
SPMLINFRA,20111010,120.15,124.7,120.1,123.2,4422
SPYL,20111010,21.25,23,21.25,22.6,9486
SREINFRA,20111010,31.7,32.65,31.5,32.45,386005
SRF,20111010,292.4,299,292.4,294.7,22029
SRGINFOTEC,20111010,0.45,0.5,0.45,0.5,3352
SRHHLINDST,20111010,3.65,3.65,3.65,3.65,76
SRHHYPOLTD,20111010,39,39,39,39,50
SRICHAMUND,20111010,34.55,34.55,34.2,34.2,83
SRSLTD,20111010,30.25,31.25,28.5,30.8,543797
SRTRANSFIN,20111010,579.8,581.1,532.35,576.75,1236234
SSWL,20111010,216.35,225,216.35,220.55,4071
STAR,20111010,345,349.95,341.6,343.15,44629
STARPAPER,20111010,24,25.85,23.55,24.95,4283
STCINDIA,20111010,151,153.55,150.1,151.6,63207
STER,20111010,115,118,113.5,117.55,7028256
STERLINBIO,20111010,68.8,68.8,66.55,67.4,379338
STERTOOLS,20111010,101.3,102,101.1,101.55,301
STOREONE,20111010,13.2,13.35,13.05,13.35,1790
STRTECH,20111010,35.55,37.95,35.5,37.6,899867
SUBEX,20111010,41.15,43.2,40.75,41.85,954114
SUDAR,20111010,67.9,69.5,64.6,65.65,385015
SUDARSCHEM,20111010,700,700,700,700,203
SUJANATOW,20111010,25.9,26.4,25.65,26.1,4026197
SUJANAUNI,20111010,4.3,4.55,4.3,4.45,56101
SUMEETINDS,20111010,24.95,25.35,23.15,24.15,58774
SUMMITSEC,20111010,77,77.8,75.05,76,3070
SUNCLAYTON,20111010,134.5,136.5,133.3,134,4637
SUNDARAM,20111010,42.3,43.7,42.1,42.35,42672
SUNDARMFIN,20111010,500,510,500,510,7702
SUNDRMBRAK,20111010,152.8,152.8,146,146.65,219
SUNDRMFAST,20111010,59,60.85,59,60.2,40593
SUNFLAG,20111010,24,25.25,24,24.95,14465
SUNILHITEC,20111010,81.1,83,81,81.95,4793
SUNPHARMA,20111010,465.55,472.4,462,463.05,734444
SUNTECK,20111010,333.5,341.9,333,335.75,8349
SUNTV,20111010,254.4,305.25,221.2,288,8822470
SUPER,20111010,175,175,175,175,73
SUPERSPIN,20111010,7.65,8.1,7.65,8.1,6355
SUPPETRO,20111010,70.9,70.9,70.05,70.1,1437
SUPRAJIT,20111010,18.5,19.5,18.5,19.2,19677
SUPREMEIND,20111010,187,187,182.05,184.8,15622
SUPREMEINF,20111010,225.85,229,213.3,220.2,14756
SURAJDIAMN,20111010,43.9,45.25,43.1,44.85,29452
SURANACORP,20111010,87.65,99.7,87.65,99.7,7
SURANAIND,20111010,428,438.05,402,428.95,25805
SURANAT&P,20111010,13,14.25,13,14.05,3106
SURANAVEL,20111010,27,27,27,27,1668
SURYAJYOTI,20111010,23,23,22,22.5,9353
SURYALAXMI,20111010,58.5,59,56.55,59,1202
SURYAPHARM,20111010,14.6,15.9,14.3,15.35,18172
SURYAROSNI,20111010,60,61,59,59.95,1500
SUTLEJTEX,20111010,173,179.7,173,175.05,316
SUVEN,20111010,16.4,16.4,15.5,16,16520
SUZLON,20111010,35.95,37.6,35.9,37.4,10313382
SWARAJENG,20111010,441,455,440,453.35,2019
SYMPHONY,20111010,1211.85,1249,1211.85,1229.85,483
SYNCOM,20111010,13.3,14.8,13.3,14.2,13050
SYNDIBANK,20111010,100.85,101.95,100.1,101.15,166353
TAINWALCHM,20111010,21.2,21.2,21,21.05,1650
TAJGVK,20111010,88,88.25,86.55,87.6,10516
TAKE,20111010,29.75,29.75,28.15,28.25,28851
TALBROAUTO,20111010,38,40,36.65,38.35,123
TALWALKARS,20111010,165,167.5,162.5,163.75,48132
TANFACIND,20111010,24,24,24,24,50
TANLA,20111010,7.8,7.8,7.25,7.4,160255
TANTIACONS,20111010,48.6,48.6,47.45,48.05,363
TARAPUR,20111010,17,18.25,17,17.95,16052
TATACHEM,20111010,315.8,321.6,297,308.45,335634
TATACOFFEE,20111010,810,922,810,889,2959918
TATACOMM,20111010,182.2,187.8,179.5,186.35,105310
TATAELXSI,20111010,200,206.55,196.1,203,48413
TATAGLOBAL,20111010,83.2,86.45,83,85.65,1401068
TATAINVEST,20111010,474,484,473,481.45,1000
TATAMETALI,20111010,73.05,77.35,73.05,75.95,67851
TATAMOTORS,20111010,159,172.45,158.9,170.75,20224167
TATAMTRDVR,20111010,88,96,88,95.2,1663216
TATAPOWER,20111010,98.25,106.25,97.1,103.6,8623546
TATASPONGE,20111010,294,305,294,303.15,2534
TATASTEEL,20111010,419.7,436.4,416.65,434.95,5301040
TCI,20111010,79.5,80.6,78.15,78.95,3394
TCIDEVELOP,20111010,154.2,160,154.2,155.2,225
TCIFINANCE,20111010,29.65,31,29.2,29.4,2619
TCS,20111010,1048,1074,1048,1064.7,1927407
TDPOWERSYS,20111010,257,259.5,254.25,256.05,17140
TECHM,20111010,551.15,578.5,551.15,576.1,151213
TECHNO,20111010,207,215,207,212.8,9502
TECHNOFAB,20111010,136,136.95,134,136.85,220
TECPRO,20111010,216.1,222.9,215,219.5,12244
TELEDATAIT,20111010,0.35,0.35,0.3,0.3,134816
TELEMARINE,20111010,0.5,0.6,0.5,0.55,9468
TEXMACOLTD,20111010,30.45,31.1,30.4,31,83669
TEXMOPIPES,20111010,35.2,35.45,34.5,34.85,30238
TEXRAIL,20111010,81.5,82.35,80.7,81.75,6301
TFCILTD,20111010,28,28,27.3,27.35,3846
TFL,20111010,15.05,15.1,13.95,14.7,1318
THANGAMAYL,20111010,154.8,155,149.15,152.65,18188
THEMISMED,20111010,112.25,113,106.15,107.2,643
THERMAX,20111010,411.65,420,411.65,417.5,39521
THINKSOFT,20111010,38.45,38.45,36.3,36.75,26668
THIRUSUGAR,20111010,71,73.9,70,70.5,994
THOMASCOOK,20111010,45.8,46.25,45.25,45.75,63352
TI,20111010,32.15,32.9,32,32.25,99470
TIDEWATER,20111010,6365,6425,6362,6403.35,613
TIIL,20111010,38.1,39.8,38.1,39.4,173
TIL,20111010,399,401,395,398,596
TIMESGTY,20111010,27,27.5,25.7,27.1,22
TIMETECHNO,20111010,65.1,65.6,63.25,64.1,7449
TIMKEN,20111010,208.7,214.95,207.55,214.1,80601
TINPLATE,20111010,45,45.9,44.35,45.65,16368
TIPSINDLTD,20111010,28.25,28.25,27.7,28,475
TIRUMALCHM,20111010,69,72.95,69,71.5,45
TITAN,20111010,210,212.45,208.1,211.45,2186479
TNPETRO,20111010,15.6,15.9,15.1,15.7,19780
TNPL,20111010,98.15,99,97.3,97.9,28305
TODAYS,20111010,5.25,5.35,5.05,5.1,691
TOKYOPLAST,20111010,14.5,14.5,14.5,14.5,1
TORNTPHARM,20111010,551.65,555.45,545,549.15,3505
TORNTPOWER,20111010,219.45,232.4,201,230.4,25232
TREEHOUSE,20111010,172,179.15,172,175.9,338383
TRENT,20111010,1095,1108,1047.2,1063.35,5915
TRF,20111010,319.9,320,311,316.9,5580
TRICOM,20111010,11.85,11.85,11.25,11.5,13455
TRIDENT,20111010,11.45,11.9,11.25,11.55,99209
TRIGYN,20111010,13.75,13.75,13.1,13.3,8206
TRIL,20111010,220.9,221,217.5,220.4,3059
TRIVENI,20111010,21,21.75,20.35,21.4,504536
TTKHEALTH,20111010,447.8,482.5,438,471.35,254077
TTKPRESTIG,20111010,2650,2834,2580.1,2818,430809
TTL,20111010,22.6,24.5,22.6,24.05,6386
TTML,20111010,16.5,17.35,16.4,17.15,2085627
TUBEINVEST,20111010,132.95,134.5,132.5,133.45,23765
TULIP,20111010,153.4,156.45,151.45,155.2,103514
TULSI,20111010,11.15,11.5,11.15,11.35,30958
TULSYAN,20111010,35,38,35,37.35,4
TV18BRDCST,20111010,41.15,42.2,41.15,41.65,71791
TVSELECT,20111010,18.1,19.65,18.1,18.9,914
TVSMOTOR,20111010,58.9,59.4,58.1,58.5,1161976
TVSSRICHAK,20111010,380,380,365.15,379.55,488
TVTODAY,20111010,49.75,51.4,49.75,51.15,5088
TWILITAKA,20111010,31.3,32.1,29.95,31.4,221735
TWL,20111010,404.55,413.95,404.55,411.8,4223
UBENGG,20111010,49.5,51.9,47.9,51.25,31836
UBHOLDINGS,20111010,98,98.8,94.5,96.8,36231
UBL,20111010,373.95,378,360.35,372.4,22185
UCALFUEL,20111010,70,71.85,69.75,70.1,7278
UCOBANK,20111010,64.3,65.35,63.65,65.05,831661
UFLEX,20111010,147.95,153.7,147.4,149.7,1133478
UGARSUGAR,20111010,12.85,13.05,12.6,12.95,5108
ULTRACEMCO,20111010,1101.05,1108.8,1073,1085.05,377845
UMESLTD,20111010,17.9,18,16.6,17.4,1324
UNICHEMLAB,20111010,135.8,136.95,133.15,134.9,82513
UNIENTER,20111010,27,27.45,26.9,27.45,1709
UNIONBANK,20111010,230.95,235,228.2,234.15,441971
UNIPHOS,20111010,127.5,134.5,126.6,133.8,1262282
UNIPLY,20111010,10.55,11.4,10.55,11.4,735
UNITECH,20111010,26,26.95,25.7,26.8,14563519
UNITEDBNK,20111010,72.45,74.5,72,73.85,41532
UNITY,20111010,42.15,44.35,40.7,41.1,479140
UNIVCABLES,20111010,46.5,46.7,46.5,46.55,353
UPERGANGES,20111010,45.25,48,43,43.65,5066
USHAMART,20111010,30.7,31.3,30.4,30.9,110240
USHERAGRO,20111010,120.25,123.9,116.25,122.95,464926
UTISUNDER,20111010,960.7,960.7,870.1,880.65,38
UTTAMSTL,20111010,67.9,78.45,66.7,76.25,251460
UTTAMSUGAR,20111010,29.5,30.15,29,29.35,3785
UTVSOF,20111010,950,955.5,945.45,954.55,28930
VADILALIND,20111010,107.4,118,107.4,110.8,1038
VAIBHAVGEM,20111010,33.95,33.95,30.55,30.7,647
VAKRANSOFT,20111010,355,357,350.5,355,4094
VALECHAENG,20111010,74.85,76.5,74.15,75.15,14105
VALUEIND,20111010,17.9,18,16.5,16.95,3517
VARDHACRLC,20111010,9.1,9.15,8.9,8.9,29803
VARDMNPOLY,20111010,106.5,106.85,102.55,105.45,51374
VARUN,20111010,254.5,254.5,247,249.4,242753
VARUNSHIP,20111010,18.1,18.8,18.1,18.55,57197
VASCONEQ,20111010,44.55,46.5,44.55,46.05,4391
VENKEYS,20111010,387,400.85,383.35,396.55,50823
VENUSREM,20111010,191.55,197,189.95,192.45,4423
VESUVIUS,20111010,396.05,401.2,391.5,392.85,1222
VGUARD,20111010,205.8,208.5,205,206.3,29051
VHL,20111010,394.8,406,394.8,402.05,3251
VICEROY,20111010,23.05,24.75,23.05,24.35,36052
VIDEOIND,20111010,169.7,172.75,169.05,172.4,160615
VIJAYABANK,20111010,53,53.6,52.5,53.1,1855457
VIJSHAN,20111010,15.25,16.8,15.25,16.45,1338
VIKASHMET,20111010,9.95,9.95,9.6,9.8,20013
VIMTALABS,20111010,16.5,17.35,16.3,17.35,28813
VINATIORGA,20111010,66.75,66.95,65.4,65.75,2391
VINDHYATEL,20111010,145.1,148,145.1,147.15,706
VINYLINDIA,20111010,9.75,9.75,9.25,9.25,303
VIPIND,20111010,897.4,923.85,874,917.1,897192
VIPUL,20111010,10.5,10.9,10.5,10.8,8331
VISAKAIND,20111010,87.95,87.95,84.3,86.35,6927
VISASTEEL,20111010,58.5,59,58.5,58.5,5043
VISESHINFO,20111010,2.9,3,2.9,2.95,2605
VISHALRET,20111010,22.5,23.5,22.5,23.25,9904
VISUINTL,20111010,1.9,2,1.85,1.9,1493
VIVIMEDLAB,20111010,250,251.9,247.1,248.4,8375
VLSFINANCE,20111010,11.55,11.55,11,11.2,9928
VOLTAMP,20111010,478,504,478,495.55,3489
VOLTAS,20111010,104.75,106.5,100.4,101.9,1660340
VSTIND,20111010,1269.95,1360,1255.5,1341.85,12866
VSTTILLERS,20111010,514,515,502.15,509.65,1433
VTL,20111010,199,199,191.05,194.8,2590
VTXIND,20111010,12.7,12.7,12.7,12.7,100
WABAG,20111010,372.7,375.9,356.6,361.8,2545
WABCOINDIA,20111010,1250,1250,1230,1239.2,334
WALCHANNAG,20111010,85.75,87.65,84.6,86.05,52546
WANBURY,20111010,23.7,24.3,23.2,24.2,4955
WEBELSOLAR,20111010,38.9,39,37.5,38.85,2606
WEIZFOREX,20111010,74.9,74.9,70.55,70.55,211
WEIZMANIND,20111010,9,9.35,9,9.2,572
WELCORP,20111010,109.55,113.9,108.1,112.85,572396
WELGLOB,20111010,39.5,40.95,37.25,40.9,755
WELINV,20111010,47,49.95,47,47.1,133
WELPROJ,20111010,34,36.4,34,35.9,8118
WENDT,20111010,1544.25,1553.05,1540,1547.95,28
WHEELS,20111010,241.95,249.45,235.15,243.2,2071
WHIRLPOOL,20111010,213.2,217.5,210.7,215.5,19322
WILLAMAGOR,20111010,48.25,49.75,48,48.1,749
WINDMACHIN,20111010,21,21.2,20.25,20.55,4003
WINSOME,20111010,25,26,24,24.1,139
WIPRO,20111010,335.05,350,334.3,348.9,763084
WOCKPHARMA,20111010,394.6,404.9,392.6,402.6,54828
WSI,20111010,16.3,16.85,16.3,16.8,168
WSTCSTPAPR,20111010,66,70,66,69.3,15957
WWIL,20111010,6.8,7.15,6.8,7,956329
WYETH,20111010,948,959.95,948,955,470
XLENERGY,20111010,7.05,7.1,6.75,6.9,29219
XPROINDIA,20111010,50.9,51.85,50.8,51.45,466
YESBANK,20111010,265,265.4,260.5,264.3,2026185
ZEEL,20111010,112.5,113,111.5,112.05,484997
ZEELEARN,20111010,19.6,20,19.2,19.6,247402
ZEENEWS,20111010,11.8,12,11.75,11.85,150231
ZENITHBIR,20111010,4.7,4.75,4.55,4.7,77505
ZENITHCOMP,20111010,13.5,13.8,13.5,13.65,567
ZENITHEXPO,20111010,52.85,53,52.85,52.9,81
ZENITHINFO,20111010,150,150,140,140.25,67598
ZENSARTECH,20111010,123,123,119.2,120.05,3055
ZICOM,20111010,33,34.5,32.65,33.95,5683
ZODIACLOTH,20111010,222.5,248,217.7,222.7,1976
ZUARIAGRO,20111010,567.8,567.8,541.25,562.7,6400
ZYDUSWELL,20111010,535,548.4,525.1,528.3,4630
ZYLOG,20111010,403.25,411.5,399,407.25,106664
NSENIFTY,20111010,4886.85,4991.15,4882.05,4979.60,188839545,6247.21
NIFTYJUNIOR,20111010,9519.45,9640.50,9489.60,9631.25,67322527,1170.55
BANKNIFTY,20111010,9051.00,9190.85,8982.90,9168.90,18678576,1388.52
NSEMIDCAP,20111010,6894.15,6994.60,6891.55,6986.90,114344640,1393.31
NSEIT,20111010,5685.75,5814.00,5674.70,5796.45,15263528,986.04
NSE100,20111010,4789.05,4883.20,4783.05,4874.35,256162072,7417.76
NSE500,20111010,3913.35,3983.90,3910.60,3977.90,480613650,9919.00
MIDCAP50,20111010,2029.65,2058.20,2023.40,2056.10,75987781,725.54
VIX,20111010,33.02,33.71,30.03,30.03,33.02,-2.99
