20MICRONS,20111012,57,57.7,55.1,55.55,95140
3IINFOTECH,20111012,26,27.05,26,26.75,874724
3MINDIA,20111012,4308,4308,4260,4269.8,234
A2ZMES,20111012,198.4,198.4,192,194.25,170070
AANJANEYA,20111012,439.85,447.9,426.3,430.45,59997
AARTIDRUGS,20111012,99,101.6,97.5,101.2,580
AARTIIND,20111012,46.05,46.9,45.75,46.05,15910
AARVEEDEN,20111012,35.5,36.9,35.1,35.6,978
ABAN,20111012,390.1,410,382.8,408.8,1281886
ABB,20111012,656.1,681.7,650.1,679,224854
ABBOTINDIA,20111012,1445.5,1468,1432,1465,1345
ABCIL,20111012,97,97.9,96.25,97.5,1606
ABGSHIP,20111012,395.15,399.5,392.25,397.95,92980
ABHISHEK,20111012,9.1,10,9.1,10,991
ABIRLANUVO,20111012,919,919,885,893.4,42471
ACC,20111012,1134.55,1144,1132,1140.5,379499
ACE,20111012,42,43.3,42,42.95,29669
ACKRUTI,20111012,194,195,190,192.5,30655
ACROPETAL,20111012,14.5,15.05,14.2,14.85,77798
ADANIENT,20111012,461,467.65,459.85,464.7,462615
ADANIPOWER,20111012,79.25,79.8,78.3,79.15,239708
ADFFOODS,20111012,56,57.9,56,56.2,1658
ADHUNIK,20111012,46.9,48.5,44.75,47.85,1159162
ADORWELD,20111012,143.3,147,143.3,145.8,2785
ADSL,20111012,28.6,28.65,28.05,28.65,229652
ADVANIHOTR,20111012,35.05,35.2,35,35.2,520
ADVANTA,20111012,368.8,382,367.25,377.8,41663
AEGISCHEM,20111012,183.1,190.5,183.05,187.6,21291
AFL,20111012,38.05,39.6,37.9,38.35,9126
AFTEK,20111012,10.8,11.25,10.4,11,161010
AGCNET,20111012,140,146.95,140,141.95,820
AGRE,20111012,40.8,40.8,39.3,40.4,5794
AGRODUTCH,20111012,7,7.1,6.8,6.8,12168
AHLEAST,20111012,300,301,300,300,362
AHLUCONT,20111012,102.2,104.5,102.05,102.3,1590
AHLWEST,20111012,153,153,142,148.75,275
AHMEDFORGE,20111012,99.6,102.45,99.6,101.4,6277
AIAENG,20111012,308.05,314.9,308.05,310.3,11319
AJANTPHARM,20111012,306.25,312.5,306.25,310.9,5738
AJMERA,20111012,117.95,123,117,121.35,15432
AKSHOPTFBR,20111012,6.05,6.3,6.05,6.15,9087
AKZOINDIA,20111012,927.85,927.85,915.05,919.85,3236
ALBK,20111012,149.95,155.9,149.3,155.2,834468
ALCHEM,20111012,258.05,260,257.85,258.3,172451
ALEMBICLTD,20111012,18.6,19.1,18.3,18.45,65424
ALFALAVAL,20111012,2200.05,2209.95,2180.25,2185.15,2087
ALKALI,20111012,38.75,39.45,36.35,38.7,3848
ALKYLAMINE,20111012,83,85,81.5,84.1,152
ALLCARGO,20111012,140.35,143.8,139.15,142.4,6131
ALLSEC,20111012,13.3,14.7,13.3,13.55,1110
ALMONDZ,20111012,22.95,23,22.1,22.3,654
ALOKTEXT,20111012,19.05,19.35,18.95,19.3,6071325
ALPA,20111012,8.05,8.05,7.8,8.05,1074
ALPHAGEO,20111012,94,94,88.5,89.8,493
AMAR,20111012,115,117.3,113.7,115.8,49267
AMARAJABAT,20111012,208,213.9,207.75,210.45,38719
AMARJOTHI,20111012,56,56,56,56,1
AMBIKCO,20111012,177.5,177.5,173.15,174,1168
AMBUJACEM,20111012,143.55,150,143.55,149.35,3848255
AMDIND,20111012,18.75,19.3,18.4,19.2,5002
AMLSTEEL,20111012,16.5,17.8,16.5,17.8,6633
AMRUTANJAN,20111012,772,784.8,758,769.55,61875
AMTEKAUTO,20111012,140.9,144,134.8,140.2,756883
AMTEKINDIA,20111012,144.1,150.8,141.2,147.7,334975
ANANTRAJ,20111012,50,51.7,49.05,50.9,819333
ANDHRABANK,20111012,118.9,122,118.6,121.6,349984
ANDHRSUGAR,20111012,96.1,98.45,96.1,97.9,6233
ANGIND,20111012,19.8,20.55,19.65,20.55,205
ANIKINDS,20111012,34,36,33.5,34.9,1421
ANSALAPI,20111012,34.35,35.25,33.45,34.7,106629
ANSALHSG,20111012,37.75,38.65,36.85,38.45,3215
APARINDS,20111012,150,151.25,147.35,150.6,8672
APCOTEXIND,20111012,171.45,171.45,164,164.3,518
APIL,20111012,527.55,548.05,525.2,543.55,51558
APLAB,20111012,32.5,32.5,32.5,32.5,2
APLLTD,20111012,38.7,42.85,38.7,40.95,22380
APOLLOHOSP,20111012,500.5,500.5,486.5,496.1,129977
APOLLOTYRE,20111012,56.9,58.9,56.9,58.45,1295735
APPAPER,20111012,161.2,167.3,161.2,163.65,126900
APTECHT,20111012,114.1,115.4,111.5,114.8,350506
AQUA,20111012,13,13.9,12.65,13.75,57013
ARCHIES,20111012,38.6,39.5,38.5,39.25,25968
AREVAT&D,20111012,212.7,217.5,209,212.25,615061
ARIES,20111012,86,92,86,90.65,4022
ARIHANT,20111012,67,69.95,65,65,250
ARL,20111012,2.15,2.25,2.15,2.2,63840
AROGRANITE,20111012,38.15,38.2,37.15,37.95,1250
ARROWTEX,20111012,9,10,8.6,9.15,4080
ARSHIYA,20111012,134,138.7,134,136.05,40441
ARSSINFRA,20111012,357,359,351.95,356.4,107994
ARVIND,20111012,99,100.8,97.15,100.1,1931742
ASAHIINDIA,20111012,66.95,67.85,64.3,66.45,51756
ASAHISONG,20111012,82,83.7,80.35,83.55,1779
ASAL,20111012,46.6,52.6,46.6,52.05,1358
ASHAPURMIN,20111012,14.3,15.9,14.3,15.55,29458
ASHCONIUL,20111012,2.15,2.2,2.1,2.2,4710
ASHIANA,20111012,133,139.8,130.7,137.7,370
ASHOKA,20111012,247.9,251,243.05,246.55,963
ASHOKLEY,20111012,24.85,25,24.55,24.85,4364508
ASIANHOTNR,20111012,174.9,174.9,171.65,172.95,312
ASIANPAINT,20111012,3186.85,3200,3160,3175.25,33501
ASIANTILES,20111012,42,42,42,42,33
ASSAMCO,20111012,10.5,11.55,10.45,11.15,437869
ASTEC,20111012,34,34.9,33.75,34.2,7842
ASTERSILI,20111012,16.45,16.45,15.55,15.7,21924
ASTRAL,20111012,190.1,195,190.1,193.1,3635
ASTRAMICRO,20111012,31.5,32,30.75,31.3,86542
ASTRAZEN,20111012,1234,1241,1221.5,1236.75,91
ATFL,20111012,375.1,383.5,375.1,380.2,38222
ATLANTA,20111012,60.9,61.55,60.1,61.05,51432
ATLASCYCLE,20111012,346.05,354,340.4,345.8,55629
ATNINTER,20111012,0.8,1,0.8,0.95,2529
ATUL,20111012,215,216.6,205,211.8,22156
AURIONPRO,20111012,136,142,133,138.95,536
AUROPHARMA,20111012,130.45,136,130.25,135.35,1571352
AUSOMENT,20111012,31.2,31.5,31.2,31.5,200
AUTOIND,20111012,105.8,112.9,105.8,110.6,23018
AUTOLITIND,20111012,15.8,15.85,15.7,15.75,282
AVENTIS,20111012,2329,2329,2271.05,2299.65,383
AVTNPL,20111012,360.15,389.3,360.15,389.3,7995
AXIS-IT&T,20111012,100,103.2,95,100.25,24156
AXISBANK,20111012,1056,1099.9,1038.2,1093.35,2482882
AXISGOLD,20111012,2648.95,2648.95,2625.5,2644.4,144
BAGFILMS,20111012,5,5.15,5,5.1,97489
BAJAJ-AUTO,20111012,1585,1616.95,1557,1586.25,626689
BAJAJCORP,20111012,104,105,101,101.45,196485
BAJAJELEC,20111012,203.7,207.75,197.55,198.65,57004
BAJAJFINSV,20111012,527,536.5,525,531.4,46187
BAJAJHIND,20111012,37.55,37.8,36.9,37.05,1375316
BAJAJHLDNG,20111012,727.9,731,720.25,722.6,18558
BAJFINANCE,20111012,640,659,640,657.8,16541
BALAJITELE,20111012,32,32.75,31.6,32.45,19436
BALAMINES,20111012,36.8,36.8,34.85,35,3368
BALKRISIND,20111012,170,171.9,168.1,169.9,36118
BALLARPUR,20111012,25.3,25.45,24.85,25.3,769900
BALMLAWRIE,20111012,591.4,600,588.55,591.35,5200
BALPHARMA,20111012,21.35,21.35,21.35,21.35,120
BALRAMCHIN,20111012,45.65,45.8,44.9,45.55,627353
BANARISUG,20111012,593,593,575,575.5,386
BANCOINDIA,20111012,74.8,74.9,72.75,73.4,1657
BANG,20111012,21.3,21.3,21.3,21.3,50
BANKBARODA,20111012,745,759.6,738.65,756.55,426841
BANKBEES,20111012,930,964,925.05,954.29,2407
BANKINDIA,20111012,328.8,332,325.2,328.45,451698
BANSWRAS,20111012,93,93,89.1,89.4,1259
BARTRONICS,20111012,51.4,53.5,51.35,52.65,94198
BASF,20111012,610.25,618,610,613.1,1812
BASML,20111012,62.5,69,61.55,65.05,1004
BATAINDIA,20111012,659.85,680,656,678.55,738129
BATLIBOI,20111012,16,17,16,16.6,603
BAYERCROP,20111012,815,820,812.1,815.25,2727
BBL,20111012,735,736.7,722.65,730.05,1750
BBTC,20111012,428,446.75,428,440.5,2134
BEDMUTHA,20111012,111,113.35,109.2,110.05,70239
BEL,20111012,1530,1545,1530,1539.75,99887
BELLCERATL,20111012,13.05,13.2,13,13.05,1002
BEML,20111012,492,501.3,482,490.8,56392
BEPL,20111012,24.5,24.95,24.25,24.25,327
BERGEPAINT,20111012,102.5,103.25,101.15,101.95,95921
BFINVEST,20111012,52,54,52,54,52003
BFUTILITIE,20111012,465,479.9,465,475.45,363291
BGLOBAL,20111012,13,13,12.95,13,36973
BGRENERGY,20111012,333.3,346.9,333.3,344,468630
BHAGWATIHO,20111012,78.5,79.3,77,77.7,1365
BHAGYNAGAR,20111012,14.15,14.9,14.15,14.5,4838
BHARATFORG,20111012,273,286.8,270.35,284.95,277940
BHARATGEAR,20111012,46.4,46.4,45,45.85,1985
BHARATRAS,20111012,102.9,114,102.9,106.5,459
BHARTIARTL,20111012,376,377.95,370.15,373.2,3708998
BHARTISHIP,20111012,92.45,93.05,90,92.7,87228
BHEL,20111012,328.4,341,327,338,1589378
BHUSANSTL,20111012,326,329.05,323.7,325.55,452163
BIL,20111012,48.55,48.9,48.15,48.8,2879
BILPOWER,20111012,78.95,82.5,76,79.5,4878
BIMETAL,20111012,257.75,260,250.1,255.8,461
BINANIIND,20111012,126.25,129.9,126.25,129.6,12603
BINDALAGRO,20111012,60.35,61,59.15,60.6,112002
BIOCON,20111012,340.1,353.65,340.1,351.25,196565
BIRLACORPN,20111012,316.05,325,316.05,323.9,6697
BIRLACOT,20111012,0.35,0.4,0.3,0.35,924964
BIRLAERIC,20111012,12.5,13.7,12.5,12.9,1981
BIRLAPOWER,20111012,0.7,0.7,0.65,0.7,1213063
BLBLIMITED,20111012,3.35,3.6,3.35,3.35,1025
BLISSGVS,20111012,22,22,21.1,21.85,8750
BLKASHYAP,20111012,8.85,9.05,8.65,9,102611
BLUECHIP,20111012,0.9,0.9,0.8,0.85,19595
BLUEDART,20111012,1556.05,1597.6,1556.05,1583.1,525
BLUESTARCO,20111012,217.25,221.95,217.25,219.6,3668
BLUESTINFO,20111012,71.7,71.75,68,68.7,581
BOC,20111012,302.75,307.95,300.5,306.25,13865
BODALCHEM,20111012,18.8,20.4,18.8,19.75,1405
BOMDYEING,20111012,394,403,392,398,330953
BOSCHLTD,20111012,7045.05,7125,7045.05,7115.35,3193
BPCL,20111012,669.85,679.6,667,671.9,245882
BPL,20111012,20.45,20.55,20,20.4,6353
BRANDHOUSE,20111012,15.05,15.35,14.9,15.25,5007
BRFL,20111012,269,282.85,269,280.85,14925
BRIGADE,20111012,61.25,66.8,61.2,65.1,24859
BRITANNIA,20111012,460,460,446.45,450.05,22714
BROADCAST,20111012,7,7.05,6.95,7.05,152
BROOKS,20111012,24.3,24.3,23.7,24.3,182022
BSELINFRA,20111012,3.65,3.65,3.5,3.55,17982
BSL,20111012,20.2,22.25,20.2,21.65,391
BSLGOLDETF,20111012,2646,2695,2646,2695,118
BSLNIFTY,20111012,49,49.69,47.31,49.4,656
BSTRANSCOM,20111012,98.2,99.8,95.3,96.3,20153
BVCL,20111012,13.65,14,13.15,13.4,2875
CADILAHC,20111012,755.05,760,745,752.1,150734
CAIRN,20111012,279.95,284.25,278,283.4,1059519
CALSOFT,20111012,28.4,28.4,28.4,28.4,175
CAMBRIDGE,20111012,21.65,23,21.5,23,1995
CAMLIN,20111012,50,52.9,48.25,49.65,2221620
CANBK,20111012,434.5,453.6,432.5,450.05,648601
CANDC,20111012,111,114.9,110.05,113.85,16206
CANFINHOME,20111012,94.1,96.25,94.1,95,6608
CANTABIL,20111012,24.3,25.05,24.25,24.55,7601
CARBORUNIV,20111012,148,157.1,148,156.45,13526
CAROLINFO,20111012,154,155.5,150,150.1,823
CASTROL,20111012,451.1,479.1,387.1,473.95,36848
CCCL,20111012,18.55,20,18.5,18.95,10634
CCL,20111012,170.8,170.8,166.35,167.7,8435
CEATLTD,20111012,74.7,76.55,74.5,75.75,18841
CEBBCO,20111012,40.15,41.45,37,37.4,221471
CELEBRITY,20111012,6.85,6.85,6.3,6.45,2297
CELESTIAL,20111012,21.75,24,21,23.25,30428
CENTENKA,20111012,146,150.4,146,148.6,6228
CENTEXT,20111012,3.1,3.1,2.8,2.95,11275
CENTRALBK,20111012,101.9,105.05,101.9,104.7,373017
CENTUM,20111012,71.35,75,71.35,73.5,187
CENTURYPLY,20111012,63.8,63.8,59.25,59.95,7810
CENTURYTEX,20111012,301.05,311.5,300.2,310.15,467977
CERA,20111012,198,200.1,193.1,198.15,1358
CESC,20111012,267.85,274.65,263.85,273.1,160657
CHAMBLFERT,20111012,96.5,97.9,94.45,96.05,2743004
CHEMFALKAL,20111012,46,46,42.75,44.45,366
CHEMPLAST,20111012,5.4,5.75,5.4,5.6,31613
CHENNPETRO,20111012,202.7,204.15,200.5,202,59719
CHESLINTEX,20111012,10.1,10.8,10.1,10.6,202
CHETTINAD,20111012,476,476,460,474.8,30127
CHOLAFIN,20111012,142,152.9,142,152.35,5263
CILNOVA,20111012,17.5,17.5,17.5,17.5,50
CINEMAX,20111012,35.8,36.7,35.55,35.8,11684
CINEVISTA,20111012,3.4,3.4,3.15,3.4,8309
CIPLA,20111012,283.15,286.95,281.5,286.3,756934
CLASSIC,20111012,10.15,10.65,10,10.2,34506
CLNINDIA,20111012,731.95,732,721.15,726.2,2084
CLUTCHAUTO,20111012,33.15,34.9,33.05,34.7,8507
CMAHENDRA,20111012,181.05,184.85,178.5,183.45,4950
CMC,20111012,780,780.05,746.05,753.95,72735
COALINDIA,20111012,346,349.15,332.3,337.95,10114266
COLPAL,20111012,996.3,1000.95,996.1,999.4,34429
COMPUAGE,20111012,96.1,100.85,94.45,95,576
CONCOR,20111012,985,1009,985,999.85,8964
CONSOFINVT,20111012,58.7,59.9,57.25,59,1793
CORAL-HUB,20111012,4.25,4.9,4.25,4.55,13052
CORDSCABLE,20111012,30.7,30.7,29.35,29.45,7736
COREEDUTEC,20111012,284.35,284.9,280.25,283.6,362415
COROENGG,20111012,261.8,261.8,261.8,261.8,125
COROMANDEL,20111012,306.7,314.6,300.3,313.8,80289
CORPBANK,20111012,407.95,410.5,403.5,409.55,59498
COSMOFILMS,20111012,87,87.2,85.6,86.65,3342
COX&KINGS,20111012,216.35,219,215.05,215.9,85134
CPIL,20111012,285,298,279.95,284.75,117697
CREATIVEYE,20111012,5.15,5.4,5.1,5.35,7426
CRESTANI,20111012,42.6,48,41.3,46.95,259206
CREWBOS,20111012,35.6,35.85,35,35.7,28616
CRISIL,20111012,803,805,795,803.65,7413
CROMPGREAV,20111012,157.3,165.85,157.3,164.8,2194753
CRONIMET,20111012,107.1,121,107.1,119.4,25922
CTE,20111012,7,7.35,6.7,7.15,1085
CUB,20111012,43.1,43.7,42.85,43.55,125448
CUBEXTUB,20111012,9.75,10.3,9.65,10.25,2002
CUMMINSIND,20111012,401.9,413,401,409.2,143165
CURATECH,20111012,124.9,124.9,123.3,123.3,26
CYBERMEDIA,20111012,14,14,14,14,21
CYBERTECH,20111012,10.8,10.8,10.4,10.45,2474
DAAWAT,20111012,43.55,44.35,43,43.75,12418
DABUR,20111012,100.05,101,99.85,100.4,891316
DALMIABEL,20111012,109.8,114.6,105.9,109.85,9302
DALMIASUG,20111012,16.75,16.75,16.05,16.25,10998
DATAMATICS,20111012,27,27.45,26.7,26.9,1494
DBCORP,20111012,195.25,200.7,195.25,199.9,5908
DBREALTY,20111012,52.05,54.05,51.95,53.75,207595
DCB,20111012,39.4,40.95,39,40.7,5289834
DCHL,20111012,55.35,56,54.45,55.6,181249
DCM,20111012,56.5,57.5,56.25,56.55,6951
DCMSRMCONS,20111012,46,46.2,45.5,45.9,6398
DCW,20111012,8.8,8.95,8.6,8.9,72144
DECCANCE,20111012,148,148,145.3,147.9,489
DECOLIGHT,20111012,3.85,4,3.85,3.9,2217
DEEPAKFERT,20111012,162.75,166.5,162.75,165.05,12829
DEEPAKNTR,20111012,172,172,172,172,100
DEEPIND,20111012,73.45,75.45,72.55,73.85,8224
DELTACORP,20111012,99.9,103.9,98.9,103.25,6797758
DEN,20111012,75,82.05,74.5,82.05,297879
DENABANK,20111012,74.25,76.75,74.25,76.45,870839
DENORA,20111012,83,92.7,81.1,90.5,7663
DENSO,20111012,54.35,54.35,52,53.45,763
DEWANHOUS,20111012,223,226.6,220.3,224.25,105738
DHAMPURSUG,20111012,41.55,43.85,41.55,42.45,21996
DHANBANK,20111012,64.45,67.5,62.3,66.05,13904042
DHANUKA,20111012,99.65,102.45,99.65,101.85,34341
DHARSUGAR,20111012,27.8,27.8,26.1,26.65,6808
DIAPOWER,20111012,102,102.7,101,101.8,9442
DICIND,20111012,222.1,225.25,222.05,224.45,896
DIGJAM,20111012,9.05,9.25,9.05,9.15,15117
DISHMAN,20111012,61,61.6,59.15,59.9,43354
DISHTV,20111012,78.85,79,76.1,77.85,5568273
DIVISLAB,20111012,730.05,744,730,739.55,137072
DLF,20111012,229.25,237.7,225.2,236.4,8936351
DLINKINDIA,20111012,20.05,20.45,20,20.15,7530
DOLPHINOFF,20111012,127,127,123.5,124.5,11219
DONEAR,20111012,21.3,21.3,18.55,20.05,5195
DPSCLTD,20111012,1970,2058.45,1925,1950.4,40
DPTL,20111012,122.2,126.5,122.2,125.7,1244
DQE,20111012,34.45,34.45,32.4,33.05,2416
DREDGECORP,20111012,242,247.75,241.2,244.85,4767
DRREDDY,20111012,1515,1535,1510,1530.3,262522
DSKULKARNI,20111012,55.5,56.85,55.15,56.55,3753
DUNCANSIND,20111012,13.4,13.4,12.8,12.9,37122
DWARKESH,20111012,37,39.3,37,38.25,14668
DYNAMATECH,20111012,1019,1117,991.1,1099.2,5417
DYNASYS,20111012,0.75,0.75,0.65,0.7,2244
EASTSILK,20111012,6.1,6.15,5.85,5.95,21475
ECEIND,20111012,105.65,107.35,105.65,107.35,65
ECLERX,20111012,734.05,745,715.05,735.7,4288
EDELWEISS,20111012,25.9,26.55,25.75,25.95,63653
EDL,20111012,84,84,81.8,83.8,3375
EDSERV,20111012,85.5,88,84,87.05,210124
EDUCOMP,20111012,270,273.7,264.55,269.5,2138033
EICHERMOT,20111012,1679.9,1693,1632.1,1641.85,13431
EIDPARRY,20111012,225.8,228,222.1,225.85,15974
EIHAHOTELS,20111012,154.9,156,151.3,153.5,818
EIHOTEL,20111012,87.3,88.3,86.7,88.05,60190
EIMCOELECO,20111012,173.9,174,170,171.75,301
EKC,20111012,70.4,72.2,69.1,71.4,300344
ELDERPHARM,20111012,372,384.8,372,384.15,51326
ELECON,20111012,69.75,70.25,69.25,69.8,189476
ELECTCAST,20111012,28.9,28.9,28.65,28.7,69781
ELECTHERM,20111012,136,144.9,135.8,139.6,54070
ELFORGE,20111012,10.4,10.4,10.15,10.2,4960
ELGIEQUIP,20111012,68,69.9,67,68.65,41442
ELGIRUBCO,20111012,25,25,23.8,24,25173
ELNET,20111012,31.5,34,31.5,32.4,2897
EMAMIINFRA,20111012,36.2,36.2,34.6,35.2,11268
EMAMILTD,20111012,423.05,429.7,417,425.3,68430
EMCO,20111012,53.25,53.8,52.2,53.15,19815
EMKAY,20111012,47.05,47.1,47,47.1,288
EMMBI,20111012,14.3,14.95,13.55,13.95,19095
EMPEESUG,20111012,18,19.35,18,18.45,2541
ENERGYDEV,20111012,37.1,39,37.1,38.95,4325
ENGINERSIN,20111012,244.5,249,242.55,248,51384
ENIL,20111012,250.35,254,245.15,250.05,54446
EONELECT,20111012,62,63,57.5,60.65,72455
ERAINFRA,20111012,152.4,152.4,150.9,151.1,290857
EROSMEDIA,20111012,242.35,251.5,239.15,249.7,258247
ESABINDIA,20111012,528.85,528.85,519,520.45,1676
ESCORTS,20111012,73.05,74.7,72.25,74.4,1187648
ESL,20111012,6.05,6.4,5.95,6.3,895971
ESSAROIL,20111012,79.05,81.45,79,81.05,700020
ESSARPORTS,20111012,55.9,56,53.3,54.8,13441
ESSDEE,20111012,185.45,185.45,179.05,182.35,29642
ESSELPACK,20111012,35.9,36.5,34.9,35.3,33080
ESTER,20111012,28.6,29.5,28.55,29.4,4278
EUROMULTI,20111012,6.8,7.45,6.75,6.9,3607
EUROTEXIND,20111012,18.65,18.65,18.65,18.65,100
EVEREADY,20111012,36.7,36.7,36,36.3,19712
EVERESTIND,20111012,147,148.45,144,147.25,10713
EVERONN,20111012,378.7,381.9,367,378.3,284569
EXCELCROP,20111012,152.1,155,150,152.2,17708
EXCELINDUS,20111012,66,67,64.1,66.15,578
EXCELINFO,20111012,14.45,14.45,13.3,13.5,44936
EXIDEIND,20111012,132.2,137.35,131.5,135.45,2397721
FACT,20111012,34.4,34.65,33.4,33.85,29325
FAGBEARING,20111012,1171.95,1194,1166,1181.9,1983
FAME,20111012,42.05,43.5,41.6,42.4,2894
FARMAXIND,20111012,2.5,2.9,2.5,2.9,190641
FCH,20111012,133.7,135,131.7,134.1,34521
FCSSOFT,20111012,0.65,0.65,0.55,0.6,948792
FDC,20111012,91,92.85,91,92.65,118852
FEDDERLOYD,20111012,61.5,63.5,61.5,62.5,3689
FEDERALBNK,20111012,369.15,385,367.9,378.4,183397
FIEMIND,20111012,159,159.9,158,159.8,577
FILATEX,20111012,40.8,41.95,40.5,41.85,11790
FINANTECH,20111012,732,746.35,720.75,733.4,174402
FINCABLES,20111012,36.85,38.4,36.6,37.5,14593
FINPIPE,20111012,64,65,63.2,64.1,8428
FIRSTLEASE,20111012,68,73.8,67.25,72.75,32843
FIRSTWIN,20111012,15,15,15,15,3
FKONCO,20111012,112.8,112.8,108.5,110.05,2209
FMGOETZE,20111012,230,234,227.3,230.1,683
FORTIS,20111012,123,123,120.75,121.65,659641
FOSECOIND,20111012,519,536.2,519,529.2,95
FSL,20111012,11.1,11.5,11.1,11.45,1950189
FUTUREVENT,20111012,9,9,8.9,8.95,115762
GABRIEL,20111012,40.5,41,40.1,40.55,7101
GAEL,20111012,23.1,23.85,23,23.25,6658
GAIL,20111012,418.1,421.9,415,419.7,735775
GAL,20111012,18.1,18.75,18.1,18.7,39019
GALLANTT,20111012,19.75,22.85,19.75,22.85,81418
GALLISPAT,20111012,103.1,107.45,99.85,100.35,159515
GAMMNINFRA,20111012,13.6,16.3,13.55,14.75,813333
GAMMONIND,20111012,68,68.1,65.45,66.3,82660
GANDHITUBE,20111012,128,128,117.65,118,8
GANESHHOUC,20111012,120,123.85,119.1,122.25,3595
GANGOTRI,20111012,4.2,4.5,4.2,4.45,3215
GARDENSILK,20111012,78.8,80.2,77,77.85,74314
GARWALLROP,20111012,54.95,54.95,52.65,53.1,1950
GATI,20111012,55,55.9,54.65,55.3,57768
GAYAPROJ,20111012,142,143.75,138,138.35,8109
GDL,20111012,142,148.45,141.9,147.9,170158
GEECEE,20111012,30.55,30.55,30.5,30.5,341
GEINDSYS,20111012,138,138,132.15,133.25,2732
GEMINI,20111012,20.6,21.45,20.1,20.8,28050
GENESYS,20111012,194,203.65,191,200.85,2301
GENUSPOWER,20111012,13.8,14.75,13.75,14.3,41079
GEODESIC,20111012,53.9,54.8,53.25,53.55,116066
GEOJITBNPP,20111012,18.3,19,18.3,18.7,50237
GEOMETRIC,20111012,43.4,45.3,43.4,44.95,20893
GESHIP,20111012,243.05,245.85,241,244.3,189375
GHCL,20111012,36.95,38,36.85,37.15,27230
GICHSGFIN,20111012,93,94.9,92.2,93.3,233047
GILLANDERS,20111012,86.25,87.85,86.25,86.45,2008
GILLETTE,20111012,2010,2058.9,1950,2036.5,378
GINNIFILA,20111012,8.3,8.3,7.5,7.55,2240
GIPCL,20111012,80.95,81.15,80,80.5,9565
GISOLUTION,20111012,11.3,11.55,11.3,11.55,271
GITANJALI,20111012,384.5,386.9,379.1,383.8,2058161
GKB,20111012,41,41,38,39,66
GKWLIMITED,20111012,465,465,465,465,203
GLAXO,20111012,2056,2065,2025,2047.05,6193
GLENMARK,20111012,299.2,303.75,297.15,300.1,992516
GLFL,20111012,3.05,3.05,2.9,3.05,1900
GLOBALVECT,20111012,19.75,20.45,19.75,20,214
GLOBOFFS,20111012,81,81.35,80.25,80.85,1434
GLOBUSSPR,20111012,108.5,111.65,108.1,108.9,5829
GLODYNE,20111012,384.65,388.7,379.05,385.2,89993
GLORY,20111012,3.5,3.5,3.4,3.45,12881
GMBREW,20111012,91.95,93,91,91.3,3276
GMDCLTD,20111012,164.25,166,162.35,165.2,69400
GMRINFRA,20111012,25.75,25.9,25.25,25.75,4678743
GNFC,20111012,89.7,91.4,89.55,90,70934
GOACARBON,20111012,85.25,86,83.6,84.3,12999
GODFRYPHLP,20111012,3520,3520,3432,3442.8,414
GODREJCP,20111012,355,401.8,355,400.3,271527
GODREJIND,20111012,192,198.4,190.65,197.45,293170
GODREJPROP,20111012,670,670,661.75,664.6,12618
GOENKA,20111012,35.2,36.45,35.2,36.15,3493
GOKEX,20111012,91.9,91.9,87.5,89.55,565
GOKUL,20111012,88.3,91,87.8,89.9,23705
GOLDBEES,20111012,2570,2579.05,2560.05,2575.55,83892
GOLDENTOBC,20111012,57.75,59,57.1,58.15,1101
GOLDIAM,20111012,33.5,38,33,35.65,15629
GOLDINFRA,20111012,13,13,12.55,12.7,1647
GOLDSHARE,20111012,2579,2587,2574.15,2582.65,4780
GOLDTECH,20111012,6.75,7.2,6.75,7.1,5635
GPIL,20111012,111.5,113.9,110.05,111.8,39802
GPPL,20111012,67,73.5,67,73.2,466109
GRABALALK,20111012,18.9,18.9,17.6,18.65,1153
GRANULES,20111012,66.35,66.35,64.6,65.15,8791
GRAPHITE,20111012,72.35,74.1,71,72.55,18223
GRASIM,20111012,2333,2399.9,2333,2394.15,53288
GRAVITA,20111012,451.6,494.8,449.6,483.4,3574943
GREAVESCOT,20111012,85.9,87.5,85.55,86.8,36629
GREENPLY,20111012,201.95,205,200.05,204.7,2373
GREENPOWER,20111012,15.4,15.4,14.9,15,280578
GRINDWELL,20111012,233.2,236.9,231.3,235.45,3598
GRUH,20111012,512.1,567,512,558.65,137359
GSFC,20111012,446,452.7,445.25,447.8,146804
GSKCONS,20111012,2375,2394,2361.25,2369.4,11083
GSLNOVA,20111012,2.85,2.95,2.65,2.7,1552
GSPL,20111012,103.5,105,102.95,104,1151134
GSS,20111012,130.2,130.95,130,130.45,1065
GTL,20111012,54.5,55.45,54.25,54.8,917387
GTLINFRA,20111012,11.35,11.45,11.2,11.4,336620
GTNIND,20111012,12.2,14.2,12.2,13,75
GTNTEX,20111012,12.6,13.2,12.6,12.9,1042
GTOFFSHORE,20111012,119.5,120.9,118.6,119.2,153533
GUFICBIO,20111012,6.15,6.6,6.15,6.5,9635
GUJALKALI,20111012,142.55,142.55,141.5,141.8,4520
GUJAPOLLO,20111012,134.6,134.6,130.65,131.7,6054
GUJFLUORO,20111012,532.9,541,526.5,537.35,102625
GUJNRECOKE,20111012,22,22.6,21.65,22.35,1292532
GUJNREDVR,20111012,15.9,16.65,15.9,16.45,9140
GUJRATGAS,20111012,420,425,418.1,419.45,29088
GUJSIDHCEM,20111012,8.75,9.3,8.75,9.15,99274
GULFOILCOR,20111012,70.3,70.9,69.1,70.3,28411
GVKPIL,20111012,15,15.35,15,15.3,3753424
HALONIX,20111012,60,62.25,60,60.75,770
HANUNG,20111012,111.2,115.5,110.5,114.4,268375
HARITASEAT,20111012,70,70,70,70,1
HARRMALAYA,20111012,70,74.9,69.8,71.7,40760
HATHWAY,20111012,83.35,96.3,83.35,91.95,475169
HAVELLS,20111012,343.6,350,343.1,349.35,63769
HBLPOWER,20111012,18,18.1,17.9,18,10217
HBSTOCK,20111012,12,13,12,13,149
HCC,20111012,28,28.4,27.25,28.25,1498406
HCIL,20111012,48.75,49.9,48,49.25,42354
HCL-INSYS,20111012,64.35,64.5,62.65,63.4,402201
HCLTECH,20111012,410.2,423.9,410.2,419.2,2820379
HDFC,20111012,670,672.5,658,669.9,2270021
HDFCBANK,20111012,461.95,469.9,453.45,467.15,4483890
HDFCMFGETF,20111012,2648,2648,2618,2624.95,15871
HDIL,20111012,96,99,94.9,98.7,7442173
HEG,20111012,208.25,210.75,208.1,209.05,5262
HEIDELBERG,20111012,36.4,36.4,35.3,35.7,65114
HELIOSMATH,20111012,24.1,24.7,24.05,24.3,7849
HERCULES,20111012,259,262.6,252.1,257.45,84847
HERITGFOOD,20111012,175,179.5,172.55,177.65,625
HEROMOTOCO,20111012,1980,2035.25,1965,2000.85,505210
HEXAWARE,20111012,83.3,88.2,83.3,87.65,3187812
HFCL,20111012,11.5,11.8,11.35,11.7,404038
HGSL,20111012,317.85,320.05,308,312.9,20326
HIKAL,20111012,280.3,283.5,276.05,279.6,326
HILTON,20111012,14.65,14.65,13.7,13.7,125
HIMATSEIDE,20111012,32.8,32.85,32.35,32.85,11477
HINDALCO,20111012,131,134.2,127.65,132.7,9659038
HINDCOMPOS,20111012,480.05,485,480,485,83
HINDCOPPER,20111012,215,222,214.5,220.5,41521
HINDDORROL,20111012,38.75,38.75,37.45,37.85,121678
HINDMOTORS,20111012,12.95,13.15,12.9,13.05,97801
HINDNATGLS,20111012,178.6,182.2,174.05,180.2,129
HINDOILEXP,20111012,109.6,113,109.1,112.5,699267
HINDPETRO,20111012,361,361.9,356.45,359.7,719785
HINDSYNTEX,20111012,2.65,2.65,2.65,2.65,1
HINDUJAFO,20111012,68.05,73.85,65.55,68.35,213
HINDUJAVEN,20111012,307,317.75,307,312.25,1315
HINDUNILVR,20111012,326.35,331,326.1,329.35,1512005
HINDZINC,20111012,117.25,120.1,116.1,118.75,1093060
HIRECT,20111012,42,44.75,42,43.15,3377
HITACHIHOM,20111012,147.6,160.9,147.6,158.35,16477
HITECHGEAR,20111012,118,130,118,127,759
HITECHPLAS,20111012,86,86,78,78.3,1022
HMT,20111012,42.5,43.35,41.25,41.85,80539
HMVL,20111012,130.8,137.7,129.7,135,2734
HNGSNGBEES,20111012,1205,1205,1190,1190,17
HOCL,20111012,24.6,25.35,23.8,24.1,61993
HONAUT,20111012,2531.15,2618,2531.15,2568.1,724
HONDAPOWER,20111012,337.2,340,336.05,339.95,3415
HOPFL,20111012,51,52.95,51,52.05,567
HORIZONINF,20111012,289.4,289.5,256.75,270,3890
HOTELEELA,20111012,36.5,37.5,35.15,36.8,177413
HOTELRUGBY,20111012,7.2,7.2,6.65,6.65,7376
HOVS,20111012,54.25,56,54.25,54.95,10120
HSIL,20111012,180.15,187.5,180.15,186.6,78820
HTMEDIA,20111012,140,145,139.25,143.2,13471
HYDRBADIND,20111012,317.75,327,316,325.8,9667
HYDROS&S,20111012,19.35,20.9,19.35,19.4,253
IBPOW,20111012,12,12.4,11.85,12.2,701307
IBREALEST,20111012,73,76.25,73,75.55,2302492
IBSEC,20111012,8,8.2,7.95,8.1,296326
IBWSL,20111012,3.75,3.75,3.45,3.55,342150
ICICIBANK,20111012,840,863.35,833.75,859.7,4144698
ICIL,20111012,9.45,9.95,9.45,9.55,1104
ICRA,20111012,929.95,929.95,914.5,916.55,2319
ICSA,20111012,57,59.45,56.5,58.05,171056
IDBI,20111012,101.3,106,101.05,105.25,2052477
IDEA,20111012,95.5,96.5,93.75,95.05,5309924
IDFC,20111012,121,124.25,121,123.3,5737281
IFBIND,20111012,113.9,124,111.95,113.95,22333
IFCI,20111012,30.05,31.55,30.05,31.3,9314164
IFGLREFRAC,20111012,28.4,34.8,28.4,32.8,20893
IGARASHI,20111012,41.35,43,41.35,42.05,5396
IGL,20111012,428.7,430.45,424.15,426.85,292799
IGPL,20111012,20.95,21.45,20.75,21.1,598
IL&FSENGG,20111012,88.6,90,85.75,88.3,25493
IL&FSTRANS,20111012,200.1,202.9,199.75,200.2,73154
IMFA,20111012,290.05,314,290.05,312.3,2486
IMPAL,20111012,647,647,615.05,620,141
INDBANK,20111012,8.95,8.95,7.95,7.95,4483
INDHOTEL,20111012,70.65,70.75,69.15,70,657578
INDIABULLS,20111012,159.4,162,158,159.9,183374
INDIACEM,20111012,74.7,77.5,73.1,77.05,1960560
INDIAGLYCO,20111012,126.05,129.4,126.05,127.9,17136
INDIAINFO,20111012,72.2,73.5,71.5,72.9,121442
INDIANB,20111012,213,213,207,208.5,118536
INDIANCARD,20111012,84.65,84.65,84.65,84.65,2
INDIANHUME,20111012,120.6,121.9,117.5,120.1,2030
INDNIPPON,20111012,171,171,165.15,166.1,556
INDOCO,20111012,398.1,412.9,397.5,410.45,1092
INDORAMA,20111012,31.4,33,31.4,31.9,11678
INDOSOLAR,20111012,9,9,8.65,8.8,132394
INDOTECH,20111012,114.5,117.95,114.5,117,2829
INDOWIND,20111012,12.15,12.15,11.35,11.35,549817
INDRAMEDCO,20111012,33.7,34.35,33.55,34.25,58638
INDSWFTLAB,20111012,83.2,85,83.2,84.7,10083
INDSWFTLTD,20111012,32,32,27.5,30.3,2922
INDTERRAIN,20111012,130.6,131.5,127.1,131.45,478
INDUSFILA,20111012,14,14.8,14,14.2,4855
INDUSINDBK,20111012,255,260,250.6,258.05,267556
INEABS,20111012,629,629,595.05,611.2,4698
INFINITE,20111012,95,98.8,94.15,96.9,15019
INFODRIVE,20111012,8.9,9.6,8.9,9.6,4050
INFOMEDIA,20111012,11,11.5,10.9,11.4,6456
INFOTECENT,20111012,115.85,115.85,112.55,113.45,5511
INFRABEES,20111012,265,267.3,260.7,264.67,101
INFY,20111012,2595,2688,2595,2679.35,4329213
INGERRAND,20111012,485,503,485,500.2,20844
INGVYSYABK,20111012,294.15,305.6,293.35,302.45,58995
INNOIND,20111012,95,95.9,92.5,93.9,7317
INOXLEISUR,20111012,52.2,54.25,52,53.1,102260
INSECTICID,20111012,373.05,379,371.15,373.85,23539
INVENTURE,20111012,152,155.6,140.05,149.6,39462
IOB,20111012,95.05,98.9,95,98.1,1285623
IOC,20111012,312.7,312.7,307.1,308.7,526725
IOLCP,20111012,30.5,31.5,29.15,31.05,107
IOLN,20111012,7,7.2,6.85,7.15,10416
IPCALAB,20111012,225,249.9,225,247.45,316585
IPGETF,20111012,2660,2660,2630,2635.15,293
IRB,20111012,167.3,170.45,165.1,169.2,798774
ISFT,20111012,55,55,53.5,53.65,4667
ISMTLTD,20111012,31.5,32.9,30.55,31.75,43726
ITC,20111012,200,204.5,199.6,204,6456444
ITDCEM,20111012,140.95,145,140.95,144,3505
ITI,20111012,24,24.3,22.25,22.6,209558
IVC,20111012,28.85,28.85,27.3,27.8,22132
IVP,20111012,50.15,51,50.15,51,300
IVRCLAH,20111012,27.6,28.8,27.6,28.35,31203
IVRCLINFRA,20111012,38.4,39.7,37.9,39.45,4126577
J&KBANK,20111012,768.05,790,768.05,786.85,6803
JAGRAN,20111012,105,105.5,103.1,104.25,28074
JAGSNPHARM,20111012,12,12.75,12,12.75,301
JAIBALAJI,20111012,100.2,100.2,98.55,99.05,16642
JAICORPLTD,20111012,79.6,81.5,79.6,80.8,341110
JAINSTUDIO,20111012,7.85,7.85,7.85,7.85,40
JAMNAAUTO,20111012,137.2,137.2,132,132,330
JAYAGROGN,20111012,84.4,94,82.5,86.9,6710
JAYBARMARU,20111012,57.1,59.4,57.1,58.5,965
JAYNECOIND,20111012,17.85,18.6,17.85,18.35,33833
JAYSREETEA,20111012,131,136.6,130,135.45,88689
JBCHEPHARM,20111012,69.7,71.45,69.7,71.05,63100
JBFIND,20111012,122,122.7,120,121.3,33627
JBMA,20111012,60.05,61,59.5,61,250
JCTEL,20111012,1.25,1.3,1.2,1.25,115479
JENSONICOL,20111012,3.95,3.95,3.75,3.8,11360
JETAIRWAYS,20111012,237.6,242.5,232.75,239.8,1120326
JHS,20111012,32.2,34.5,31.6,32.6,12742
JIKIND,20111012,5.6,5.7,5.3,5.5,1730
JINDALPHOT,20111012,158.15,164,158.15,162.65,23125
JINDALPOLY,20111012,200.7,204,198.8,200.6,155633
JINDALSAW,20111012,134.8,137.25,134.5,136.1,726948
JINDALSTEL,20111012,490.55,529.4,488.8,516.6,2686938
JINDALSWHL,20111012,536,568.1,531.7,564.35,79979
JINDCOT,20111012,77.15,80.15,77,78.4,17933
JINDRILL,20111012,311,317.5,308,316,19297
JINDWORLD,20111012,105,107.8,104,106.25,6757
JISLJALEQS,20111012,142.6,143.5,138.4,141.25,1682201
JKCEMENT,20111012,109.05,110.7,108.3,109.7,5152
JKIL,20111012,131,145.4,131,144.15,41468
JKLAKSHMI,20111012,41.05,42.1,41,41.75,54102
JKPAPER,20111012,40,42,40,40.65,76821
JKTYRE,20111012,69.8,70.5,69.5,70.05,124323
JMCPROJECT,20111012,120.8,127.7,120.8,123.85,12081
JMFINANCIL,20111012,16.1,16.35,16.1,16.25,105801
JMTAUTOLTD,20111012,62.95,62.95,50,53.45,110128
JOCIL,20111012,133.1,139.5,133.1,135.5,1341
JPASSOCIAT,20111012,74.3,75.5,73.1,75.25,17702933
JPINFRATEC,20111012,56,56,50.9,51.65,840588
JPPOWER,20111012,36.2,38,35.5,35.95,731726
JSL,20111012,93.05,94.6,92.55,93.8,7519
JSWENERGY,20111012,49.9,51.1,49.75,50.65,921854
JSWISPAT,20111012,13.25,13.5,13.1,13.4,1673964
JSWSTEEL,20111012,594.1,614.45,580,610.05,2293267
JUBILANT,20111012,184.9,186.9,184,185.95,98627
JUBLFOOD,20111012,826,905,821.3,900.2,4123188
JUBLINDS,20111012,184.85,188.9,184,188.15,5703
JUMBO,20111012,15.55,16.05,14.7,15.9,2988
JUNIORBEES,20111012,98.9,99.47,97.1,99.01,12823
JUPITER,20111012,14.7,14.9,14.5,14.8,138770
JVLAGRO,20111012,15.4,15.5,15.15,15.35,6042
JYOTHYLAB,20111012,146,146,139.2,139.85,63330
JYOTISTRUC,20111012,63,63.2,62.2,62.9,57854
KABRAEXTRU,20111012,40.05,41.35,40.05,40.6,709
KAJARIACER,20111012,115,119.4,115,118.75,91682
KAKATCEM,20111012,67.6,68.35,67.4,67.5,1616
KALECONSUL,20111012,78.5,80,78,79.55,6147
KALINDEE,20111012,112,112.5,110.2,111.95,50251
KALPATPOWR,20111012,101.75,103.9,100.15,102,30145
KAMATHOTEL,20111012,94,95.8,93.4,94.2,2284
KANORICHEM,20111012,32.95,34,32,32.3,4128
KANSAINER,20111012,845,846.5,831,832.35,473
KARMAENG,20111012,12.5,12.85,12.1,12.1,868
KARURVYSYA,20111012,366.8,369,362.15,367.35,54893
KAUSHALYA,20111012,8.05,8.4,7.6,7.85,6908
KAVVERITEL,20111012,130,135.6,130,133.3,40577
KBIL,20111012,729,729,620,629.4,269
KCP,20111012,24.9,25.05,24.6,24.95,14375
KCPSUGIND,20111012,14.5,14.95,14.3,14.55,17196
KEC,20111012,56.5,57.65,56.5,57.25,33138
KECL,20111012,33.05,34.35,33,33.55,714
KEI,20111012,14.85,15.45,14.85,15.35,27016
KEMROCK,20111012,535,535,501.15,510.1,1906
KERNEX,20111012,93,93.7,92.5,93.45,10777
KESARENT,20111012,57,58.45,54.25,56.8,1962
KESORAMIND,20111012,121.2,124.8,121.2,121.85,40935
KFA,20111012,20,21.1,20,20.8,2410696
KGL,20111012,5.8,5.9,5.4,5.75,3068392
KHAITANELE,20111012,90.7,93,90.7,92.9,6681
KHAITANLTD,20111012,25,25,25,25,30
KICL,20111012,500.1,526,500.05,524.9,2016
KIL,20111012,13,13.9,13,13.9,2892
KILITCH,20111012,75,75,72,72,1644
KINETICMOT,20111012,17.25,18.3,17.25,17.4,24069
KIRIINDUS,20111012,128.5,128.75,124.5,126.15,26366
KIRLOSBROS,20111012,148.9,148.9,141.1,142.6,1013
KIRLOSENG,20111012,137.4,137.4,127,135.1,58646
KIRLOSIND,20111012,270.1,282.8,270.1,273.75,160
KITPLYIND,20111012,3.5,3.75,3.4,3.7,10903
KKCL,20111012,807.35,822.5,800,813,797
KLGSYSTEL,20111012,34.9,34.9,32.4,33.35,19116
KLRF,20111012,22.95,22.95,22.95,22.95,20
KMSUGAR,20111012,2.55,2.7,2.5,2.65,1724
KNRCON,20111012,100.55,105.75,100.55,104.9,3697
KOHINOOR,20111012,43.4,43.95,42.8,43.45,21499
KOLTEPATIL,20111012,36,37.2,35.8,36.7,241696
KOPDRUGS,20111012,4.4,4.4,4.4,4.4,3500
KOPRAN,20111012,21.65,22.1,21.25,21.8,8096
KOTAKBANK,20111012,458.5,474.9,454.4,471.15,543003
KOTAKGOLD,20111012,2594.8,2599,2575.05,2591.7,37493
KOTAKNIFTY,20111012,509,514.5,508,514,576
KOTAKPSUBK,20111012,319,322.5,318.5,321.34,619
KOTARISUG,20111012,6,6.25,5.85,6,22272
KOTHARIPET,20111012,7.3,7.7,7.3,7.55,18156
KOTHARIPRO,20111012,494.5,494.5,482.5,488.25,479
KOUTONS,20111012,23,23.5,22.5,22.75,102224
KPIT,20111012,148.6,151,148.15,149.3,41158
KPRMILL,20111012,99,99,93.05,94.65,2356
KRBL,20111012,25.25,26.15,25.05,25.95,600025
KRISHNAENG,20111012,3.15,3.75,3.15,3.15,12255
KSBPUMPS,20111012,207.4,209.5,205,208.3,2142
KSCL,20111012,444,459.8,441,449.45,14697
KSK,20111012,99.5,101.9,99.5,101.6,444467
KSL,20111012,48.65,50,48.65,49.95,11506
KSOILS,20111012,10.2,10.3,9.8,10.15,6550830
KTKBANK,20111012,82.4,85.2,82.4,84.85,588965
KWALITY,20111012,180.5,214.4,177.25,189.05,3499816
L&TFH,20111012,50.5,50.75,49.9,50.45,718660
LAKPRE,20111012,39.5,39.5,37,37.9,552
LAKSHMIEFL,20111012,20.5,20.85,19.65,20,73062
LAKSHMIMIL,20111012,1690,1690,1616,1650.05,33
LAKSHVILAS,20111012,93.25,93.45,91.45,91.9,66038
LANCOIN,20111012,33.15,34.45,30.65,33.75,9612
LAOPALA,20111012,113.95,113.95,110.5,112.35,20505
LAXMIMACH,20111012,1949,1950,1932,1940.4,710
LCCINFOTEC,20111012,0.55,0.55,0.5,0.55,14433
LGBBROSLTD,20111012,288.5,300,288.5,294.5,2345
LIBERTSHOE,20111012,82.8,84.95,82.8,84.55,12706
LICHSGFIN,20111012,222,229.5,222,228.75,2476188
LIQUIDBEES,20111012,1000,1000.01,999.99,999.99,100559
LITL,20111012,15.5,15.8,15.35,15.75,5811876
LLOYDELENG,20111012,48.4,49,47.85,48.1,9870
LLOYDFIN,20111012,1.1,1.1,0.95,1.05,3117
LLOYDSTEEL,20111012,12.55,13,12.5,12.8,125290
LML,20111012,9,9,8.75,8.85,81916
LOGIXMICRO,20111012,16.2,16.2,15.3,15.9,7149
LOKESHMACH,20111012,40.5,40.5,39.5,39.8,1327
LOTUSEYE,20111012,10.95,11.2,10.15,11.05,18608
LOVABLE,20111012,470,502.8,470,495.75,1478638
LPDC,20111012,2.75,2.95,2.75,2.95,972
LT,20111012,1420,1447.3,1403.4,1443.6,1721593
LUMAXAUTO,20111012,26.25,28.8,26.25,28.8,1566
LUMAXIND,20111012,394.9,394.9,388.1,390.55,6276
LUMAXTECH,20111012,174.9,174.9,168.05,169.25,5141
LUPIN,20111012,469.5,475,460.55,462.3,657852
LYKALABS,20111012,14.5,14.7,14,14.25,10591
M&M,20111012,799.1,811.15,783.2,807.65,2457053
M&MFIN,20111012,649,652.8,638,642.25,149836
M100,20111012,6.95,7.1,6.92,6.99,2533254
M50,20111012,67,68.32,66.4,67.76,24245
MAANALU,20111012,50.1,50.1,50.1,50.1,1
MADHAV,20111012,17.25,18.25,17.25,17.9,1543
MADHUCON,20111012,71.2,71.2,68.1,68.9,7752
MADRASCEM,20111012,99.3,100,97,97.4,62818
MADRASFERT,20111012,21.05,22.5,21.05,22.15,31625
MAGMA,20111012,69.05,72,68.6,71.55,60637
MAGNUM,20111012,4.9,4.9,4.6,4.6,301
MAHABANK,20111012,46.85,47.6,46.8,47.45,88688
MAHINDFORG,20111012,59,62.4,58.1,61.1,196800
MAHINDUGIN,20111012,45.15,46.1,44.15,45.3,6073
MAHLIFE,20111012,288.4,289.95,282.35,286.9,2245
MAHSCOOTER,20111012,319.95,320,319.95,320,160
MAHSEAMLES,20111012,339,341.95,336.15,337.35,59611
MAITHANALL,20111012,101,101.9,97,97.05,240
MALUPAPER,20111012,11.1,11.65,10.75,11.2,1320
MALWACOTT,20111012,25.1,28.3,25.1,28.3,353
MANAKSIA,20111012,58,58.8,56.5,57.35,11495
MANALIPETC,20111012,10.8,11,10.7,10.95,55906
MANAPPURAM,20111012,54.75,54.75,53.5,54.25,638033
MANDHANA,20111012,207,213,202.05,210.7,135597
MANGALAM,20111012,13.4,13.95,13.4,13.45,400
MANGCHEFER,20111012,32.55,33.15,31.7,32.8,232372
MANGLMCEM,20111012,103.9,104,100.9,101.55,41550
MANGTIMBER,20111012,17.6,18,17.6,18,225
MANINDS,20111012,128.7,129.5,126.1,126.15,1522
MANINFRA,20111012,124,127.45,119.1,126.15,81679
MANJEERA,20111012,83,92.5,81.1,89.5,397
MANJUSHREE,20111012,91.6,92,89,91.85,3618
MANUGRAPH,20111012,49,49.5,49,49.35,400
MARALOVER,20111012,12,12.8,11.75,12.7,1897
MARG,20111012,83,83.85,82.2,83,58779
MARICO,20111012,146.65,146.8,144.55,144.95,41560
MARKSANS,20111012,2.15,2.2,2.15,2.15,46465
MARUTI,20111012,1067.85,1090,1065.65,1085.85,337688
MASTEK,20111012,95.5,98,94.25,95.1,19514
MAWANASUG,20111012,17.15,17.15,16.5,16.95,2087
MAX,20111012,194,194,178.3,179.7,945971
MAXWELL,20111012,28,29.6,27.75,29,119473
MBECL,20111012,126,126,123,124.6,5369
MBLINFRA,20111012,127,131,126.75,130.15,7429
MCDHOLDING,20111012,52,56.75,51.85,52.75,91492
MCDOWELL-N,20111012,839.15,861.9,835.6,858.7,382949
MCLEODRUSS,20111012,249,259.9,247.7,258.8,635354
MEGASOFT,20111012,14.25,15,14.25,14.7,10478
MEGH,20111012,9.5,9.8,9.5,9.65,21556
MELSTAR,20111012,7.1,7.1,7.1,7.1,200
MERCK,20111012,635.2,635.2,629,629.9,413
MHRIL,20111012,320.45,320.5,316.1,316.8,1013
MIC,20111012,10,10,9.05,9.25,647651
MICROSEC,20111012,29.3,29.85,29.2,29.7,2726
MICROTECH,20111012,128.7,131.45,126,131.1,42442
MINDAIND,20111012,183.7,183.7,180,182.6,385
MINDTREE,20111012,349.8,410,340.1,367.05,269976
MIRCELECTR,20111012,19.5,19.7,19.15,19.45,106104
MIRZAINT,20111012,20.15,20.2,19.85,19.95,37622
MLL,20111012,24.45,25.4,24.45,25.25,771239
MMFL,20111012,98.05,102.3,98.05,100,903
MMFSL,20111012,94,95.9,94,94.35,4666
MMTC,20111012,652.55,675,646.75,662.45,21343
MOIL,20111012,263,264.5,255,257.1,200534
MONNETISPA,20111012,490,491.85,486.5,487.6,4567
MONSANTO,20111012,825,828.95,815.1,821.6,1519
MORARJETEX,20111012,11.9,12.9,11.65,12.75,3682
MOREPENLAB,20111012,3.85,3.95,3.75,3.75,139386
MOSERBAER,20111012,21.6,22.3,21.35,22.1,345653
MOTHERSUMI,20111012,170.5,181.85,170.5,176.5,52596
MOTILALOFS,20111012,84.8,92.25,84.8,90.05,106442
MOTOGENFIN,20111012,38.8,40,38.8,40,2
MPHASIS,20111012,331.2,345,331.2,339.1,409620
MPSLTD,20111012,36,39.4,36,39.4,12166
MRF,20111012,6645,6885,6616.05,6727.15,4268
MRO-TEK,20111012,10.3,11.2,10.3,10.4,2656
MRPL,20111012,61.25,65.7,58.1,65.5,291253
MSPL,20111012,40.8,43.5,40.8,43.15,26463
MTNL,20111012,31.1,31.5,30,30.55,711007
MUDRA,20111012,24,24,23.5,23.65,7726
MUKANDENGG,20111012,26.25,26.35,25.55,26.05,1839
MUKANDLTD,20111012,32.05,33,32,32.8,12453
MUKTAARTS,20111012,37.05,37.1,37.05,37.1,158
MUNDRAPORT,20111012,155.25,156.85,153.45,155,606780
MUNJALAU,20111012,173.65,174,169.5,171.55,2615
MUNJALSHOW,20111012,60.1,62.7,60.1,62.25,14972
MURLIIND,20111012,22.5,22.5,21.1,21.7,1300
MURUDCERA,20111012,16.65,17.9,16.55,17.25,5105
MUTHOOTFIN,20111012,167.65,171,166.95,170.1,177423
MVL,20111012,24.2,24.35,23.25,23.8,24687
MVLIND,20111012,13.3,13.7,13,13.1,3433
MYSOREBANK,20111012,567.95,567.95,558,563.25,2678
N100,20111012,107.01,108.74,107,108.74,1675
NAGREEKCAP,20111012,22.5,22.5,22.5,22.5,600
NAGREEKEXP,20111012,23,25,23,24.8,31
NAHARCAP,20111012,49.5,50.4,48.1,49.75,721
NAHARINDUS,20111012,42,44.2,42,43.1,581
NAHARPOLY,20111012,23.9,23.9,23.65,23.65,3
NAHARSPING,20111012,62.1,64.75,62.1,64.45,2389
NANDAN,20111012,2.2,2.3,2.15,2.25,48907
NATCOPHARM,20111012,229,233.95,229,232.9,2264
NATHSEED,20111012,12.9,13,12.55,12.9,7001
NATIONALUM,20111012,62,63.05,62,62.65,249086
NATNLSTEEL,20111012,16.5,17.7,16.35,17,23015
NAUKRI,20111012,684.85,689.95,674,680.75,1088
NAVINFLUOR,20111012,379.8,384.75,374.65,377.3,11348
NAVNETPUBL,20111012,64.05,66,64.05,65.05,56568
NBVENTURES,20111012,180.85,180.85,173,176.9,10217
NCC,20111012,56.65,57.3,55.5,56.65,497305
NCLIND,20111012,36.1,37.8,35.85,37.15,14477
NDTV,20111012,49.3,50.5,49.3,49.95,85594
NECLIFE,20111012,21.8,22.3,21,21.55,20297
NELCAST,20111012,23.1,23.1,22.5,22.95,14455
NELCO,20111012,54.2,55.7,53.15,55.05,26704
NEPCMICON,20111012,3.3,3.45,3.3,3.45,14060
NESCO,20111012,575,592.8,575,581.65,30362
NESTLEIND,20111012,4200,4240,4160,4217.2,23847
NET4,20111012,147.8,147.95,141.15,145.7,29187
NETWORK18,20111012,59.2,63,59.1,60.5,292153
NEULANDLAB,20111012,88,88,85.35,85.45,176
NEXTMEDIA,20111012,4.75,5.1,4.75,4.8,7493
NEYVELILIG,20111012,75.8,76.25,74.6,75.95,130603
NFL,20111012,68.35,70.2,68.35,69.05,44907
NHPC,20111012,23.4,23.85,23.4,23.6,4429332
NICCO,20111012,2.45,2.45,2.3,2.35,65487
NIFTYBEES,20111012,504.1,518.67,504.1,517.07,117784
NIITLTD,20111012,44.6,44.8,43.6,43.75,82859
NIITTECH,20111012,198.5,202.5,196.8,200.25,147783
NILKAMAL,20111012,263.4,264,258,259.45,786
NIPPOBATRY,20111012,393.25,393.25,393.25,393.25,10
NITCO,20111012,48.5,48.5,47.3,48,4927
NITESHEST,20111012,15.85,16.4,15.65,16.15,56880
NITINFIRE,20111012,39.5,40.3,38.75,39.1,198481
NITINSPIN,20111012,5.8,6.35,5.8,6.15,10823
NMDC,20111012,243.05,247.9,241.3,247.05,143359
NOCIL,20111012,16.25,16.4,16.05,16.3,100164
NOIDATOLL,20111012,23.4,23.95,23.4,23.85,210363
NOL,20111012,39,41,39,40.15,1740
NORBTEAEXP,20111012,5,5.5,5,5.15,524
NORTHGATE,20111012,12.95,12.95,12.1,12.35,15307
NOVOPANIND,20111012,42.1,42.1,42.1,42.1,30
NRBBEARING,20111012,49,50,47.25,48.2,67186
NRC,20111012,3.85,3.9,3.7,3.9,116
NSIL,20111012,600,615,595.05,613,26
NTPC,20111012,175.55,178.6,174.65,177.4,3291035
NUCHEM,20111012,2.85,3,2.6,2.95,8962
NUCLEUS,20111012,67.4,67.4,65.8,66.4,11013
NUMERICPW,20111012,190,191,189,190.45,2891
NUTEK,20111012,3.15,3.4,3.05,3.3,934055
OBEROIRLTY,20111012,234.9,236,226.9,232.55,157262
OCL,20111012,92,92.2,91.25,91.95,1015
OFSS,20111012,1987.15,2036,1975.2,2008.3,50963
OIL,20111012,1301.3,1317.95,1297.25,1311.1,90093
OILCOUNTUB,20111012,59,60.5,58.85,59.1,3675
OISL,20111012,49.5,50.75,49.3,49.95,15531
OMAXAUTO,20111012,37.9,37.9,37.1,37.5,2151
OMAXE,20111012,138.2,140.6,137.2,140.3,163486
OMKARCHEM,20111012,67,68.9,67,67.7,880
OMMETALS,20111012,31.7,35.1,31.7,34.15,194959
OMNITECH,20111012,139,143.5,138.8,141.65,17349
ONGC,20111012,269.1,271.85,266.9,270.55,1855882
ONMOBILE,20111012,59.2,59.9,58.5,59.45,645612
ONWARDTEC,20111012,38.7,43,36.5,37.3,24819
OPTOCIRCUI,20111012,229.8,234.65,226.05,233.6,390220
ORBITCORP,20111012,34.05,34.55,33.65,34.25,99997
ORCHIDCHEM,20111012,165.85,170.4,163.5,169.25,1450046
ORIENTABRA,20111012,33.65,34.55,33.65,34.15,40234
ORIENTALTL,20111012,8.5,8.5,8.25,8.25,85
ORIENTBANK,20111012,295.8,303.2,294.5,302.35,229929
ORIENTCERA,20111012,45.5,48.8,44,47.75,253
ORIENTHOT,20111012,26.85,26.85,26.35,26.45,2218
ORIENTLTD,20111012,70.25,74.75,69.15,71.65,6
ORIENTPPR,20111012,56.55,58.7,56.55,57.85,23490
ORISSAMINE,20111012,44100,44200,43250,43436.05,526
OSWALMIN,20111012,45.5,46.55,42.15,43.75,2025
OUDHSUG,20111012,19.9,19.9,19.5,19.85,1292
PAEL,20111012,21,22,20.5,21.5,283
PAGEIND,20111012,2510,2540,2492.15,2527.75,5209
PANACEABIO,20111012,114,115.4,112.1,114.4,10063
PANAMAPET,20111012,226,228,223,223.3,3215
PANASONIC,20111012,101.25,105,101.25,105,220
PANORAMUNI,20111012,11.3,11.3,10.85,11,6348
PANTALOONR,20111012,202,205.45,198.2,203.7,380248
PAPERPROD,20111012,75.9,76.9,75,76.35,17389
PARABDRUGS,20111012,27.65,35,27.65,34.75,14227
PARACABLES,20111012,2.9,3,2.9,2.95,19056
PARAL,20111012,245,261,245,258.1,14409
PARAPRINT,20111012,22.95,23.2,22.45,22.9,22614
PARASPETRO,20111012,0.45,0.5,0.45,0.5,5473
PARRYSUGAR,20111012,80,80,74.85,76.2,572
PARSVNATH,20111012,68.4,69.75,68.05,69.7,645907
PATELENG,20111012,96.7,100.4,94.9,99.3,513764
PATINTLOG,20111012,33.9,34.75,33.6,34,38701
PATNI,20111012,294.1,298.9,288.45,290.3,119859
PATSPINLTD,20111012,11.5,12.65,11.5,12,3631
PBAINFRA,20111012,41.3,48,41.3,44.5,12306
PDPL,20111012,108.8,108.8,95.5,104,871
PDUMJEPULP,20111012,16.9,17.1,16.4,17.1,750
PEACOCKIND,20111012,3.25,3.3,2.85,3.15,2228
PEARLPOLY,20111012,19.85,21,19.8,20.2,1305
PENIND,20111012,38.5,38.5,37.2,37.65,9851
PENINLAND,20111012,40.7,42.4,40.7,42.05,9126
PERIATEA,20111012,164.95,164.95,143.7,145,35
PERSISTENT,20111012,299.8,305.9,296,303.95,7184
PETRONENGG,20111012,280,286.9,279.6,284.5,861
PETRONET,20111012,158.65,161,158,159.75,1463475
PFC,20111012,148.6,151.8,147.8,151.35,1959731
PFIZER,20111012,1317,1343.7,1317,1339.15,641
PFOCUS,20111012,56.6,58.6,56.15,58.15,508085
PFS,20111012,16.1,16.4,15.65,16,40576
PGEL,20111012,221.05,232,214.05,230.05,380909
PGHH,20111012,1938,1939,1885.05,1892.4,398
PHILIPCARB,20111012,139.1,142.5,139.1,141.85,50274
PHOENIXLTD,20111012,201.7,201.85,199,200.2,7386
PIDILITIND,20111012,162.6,163.6,161.3,161.95,500984
PIIND,20111012,576.05,608,576.05,602.5,2285
PIONDIST,20111012,47,47,47,47,3346
PIONEEREMB,20111012,11.55,11.85,11.5,11.65,2060
PIPAVAVDOC,20111012,84.2,84.4,79.25,83.2,6678877
PIRGLASS,20111012,118.95,126.95,118.95,123.4,7932
PIRHEALTH,20111012,351.4,351.9,347,347.95,88709
PIRLIFE,20111012,91.55,91.55,88.5,89.55,26442
PITTILAM,20111012,45,46,45,45.95,9904
PLASTIBLEN,20111012,188.55,188.55,170,170,79
PLETHICO,20111012,369,371.5,367.55,370.5,56693
PNB,20111012,956,996.6,950.35,985.85,353129
PNBGILTS,20111012,24.3,24.3,23.9,24.1,17594
PNC,20111012,13.55,13.75,13.15,13.6,2085
POCHIRAJU,20111012,12.75,13.1,12.75,13.05,3689
POLARIND,20111012,4.15,4.15,4,4.05,5392
POLARIS,20111012,129.85,134.1,129.1,131.75,1189304
POLYPLEX,20111012,176.6,178.6,174.95,177.8,27304
PONDYOXIDE,20111012,29.15,29.9,29.15,29.55,4340
PONNIERODE,20111012,80,82,79,79,457
POWERGRID,20111012,99.7,99.8,98.1,99.1,2759494
PPAP,20111012,80,83,80,81.7,154
PRADIP,20111012,57.5,65,57.5,62.4,51308
PRAENG,20111012,6,6.1,5.9,5.95,30596
PRAJIND,20111012,76.1,81.05,76.1,80.65,2669538
PRAKASH,20111012,50,50,48.5,49,211756
PRAKASHCON,20111012,196.75,206,173.5,177.2,1801533
PRAKASHSTL,20111012,120.3,120.85,120.05,120.3,694
PRATIBHA,20111012,44,45,43.75,44.25,18172
PRECOT,20111012,110,110,107.75,108.7,878
PRECWIRE,20111012,90,90,86.05,88.75,1186
PREMIER,20111012,79.95,83.9,77,80.05,3348
PRESTIGE,20111012,92.85,107.9,91.55,102.5,625088
PRETAILDVR,20111012,150.5,150.5,145.15,148.1,3476
PRICOL,20111012,15.85,15.85,15.15,15.3,11075
PRIMESECU,20111012,17.9,18.2,16.65,17.5,5542
PRISMCEM,20111012,41.9,42.2,41.5,42,125596
PRITHVI,20111012,18.95,19.4,18.95,19,8131
PROVOGUE,20111012,32.25,32.65,30.2,30.6,127710
PSB,20111012,68.9,69.9,68.1,69.6,146718
PSL,20111012,64.9,65.9,63.5,64.55,119013
PSUBNKBEES,20111012,332.84,340,321.5,331.04,612
PTC,20111012,70,70.25,69,69.8,451808
PTL,20111012,39.15,41,39.15,40.75,8071
PUNJABCHEM,20111012,67.5,69,67.45,68.5,536
PUNJLLOYD,20111012,55.5,57.2,55.5,56.95,2520191
PURVA,20111012,71.9,73.7,70.25,72.9,8348
PVP,20111012,4.5,4.65,4.35,4.55,34297
PVR,20111012,111.9,113.8,110,110.9,19589
QGOLDHALF,20111012,1282.15,1290,1280,1289.05,616
QNIFTY,20111012,540,540,511.2,511.3,15
QUINTEGRA,20111012,3.05,3.15,3.05,3.15,8625
RADAAN,20111012,2.2,2.3,2.15,2.2,14891
RADICO,20111012,126,126,124.15,124.85,80817
RAINBOWPAP,20111012,66.5,66.6,65.85,66,60683
RAINCOM,20111012,26,27.75,26,26.95,1802714
RAJESHEXPO,20111012,139.4,140.75,135.4,137.9,934352
RAJOIL,20111012,21,21.8,20.9,21.25,13990
RAJPALAYAM,20111012,205,208,200.8,204.45,393
RAJRAYON,20111012,9.75,10.15,9.75,10.15,882
RAJSREESUG,20111012,36.15,38.4,35.75,37.8,11596
RAJTV,20111012,62.45,65.85,62.45,65.4,56643
RAJVIR,20111012,111,117.4,110.35,112.7,197
RALLIS,20111012,180.45,182.5,177.5,178.05,105090
RAMANEWS,20111012,10.5,12.55,10.5,12.55,46497
RAMCOIND,20111012,41.3,41.9,41.2,41.85,17773
RAMCOSYS,20111012,59,59,57.5,58.05,2750
RAMKY,20111012,213,215.95,209.5,214.95,6661
RAMSARUP,20111012,9.8,9.9,9.6,9.85,12720
RANASUG,20111012,3.95,4,3.9,3.9,76256
RANBAXY,20111012,519.5,520.5,510.1,516.1,557802
RANEENGINE,20111012,179.8,195,178,188,103
RANEHOLDIN,20111012,203,206.85,203,203,130
RANKLIN,20111012,14.5,14.5,13.85,14.25,26959
RATNAMANI,20111012,103,104.5,102.35,103.6,751
RAYMOND,20111012,341.2,346.25,337.2,343.1,199420
RBL,20111012,117.3,117.3,108.3,112.2,189
RBN,20111012,65.7,70.35,64.55,69.25,223804
RCF,20111012,75.5,75.8,73.25,74.45,310297
RCOM,20111012,74.4,77.3,73.8,76.85,8179563
RECLTD,20111012,178,180.95,173.55,180.55,2669951
REDINGTON,20111012,93,93.5,92.05,92.95,110143
REFEX,20111012,11.45,11.85,11.35,11.55,2459
REIAGROLTD,20111012,23.8,24.3,23.8,24,52353
REISIXTEN,20111012,23.5,23.5,21.25,21.8,3339
RELAXO,20111012,425.35,434.7,424,426.5,409
RELBANK,20111012,898,905,898,904.33,19
RELCAPITAL,20111012,342.6,354,337.3,352.15,3663593
RELGOLD,20111012,2515.9,2528.9,2510,2521.8,4092
RELGRNIFTY,20111012,476.2,493.9,476.2,493.9,19
RELIANCE,20111012,829.4,851.9,826.05,849.65,3947624
RELIGARE,20111012,440.2,446.9,440,446.8,8124
RELIGAREGO,20111012,2669.9,2669.9,2634.05,2655.55,60
RELINFRA,20111012,405,418,403.5,416.6,1066763
RELMEDIA,20111012,90.1,91.9,89.2,91.45,391170
RENUKA,20111012,54.75,56.05,54.2,55.85,3191289
REPRO,20111012,154,155.4,149.5,153.1,47205
RESPONIND,20111012,107.95,108.5,107.5,108.5,5650
RESURGERE,20111012,0.3,0.3,0.2,0.25,7298717
REVATHI,20111012,366.95,366.95,364.9,364.9,10
RICOAUTO,20111012,11,11.45,11,11.25,42951
RIIL,20111012,402.85,413,394,409.6,159883
RJL,20111012,94,94.5,92.05,94,2550
RKDL,20111012,16.6,17.15,16.6,16.75,4934
RKFORGE,20111012,105.5,106.95,101.75,105.1,677
RMCL,20111012,5.35,6.15,5.05,5.5,25887
RML,20111012,118.35,119.6,118.35,119.6,756
ROHITFERRO,20111012,27.8,28.5,27.8,28.3,25940
ROHLTD,20111012,54.6,58.2,53.25,55.3,41056
ROLTA,20111012,73.1,76.4,72.9,75.05,1466707
ROMAN,20111012,22.65,23.75,22.3,22.5,1248
RPGLIFE,20111012,80.2,80.85,79.5,80.1,2778
RPOWER,20111012,82.2,84.5,82.2,84.3,1975105
RPPINFRA,20111012,58.5,58.5,58,58,454
RSSOFTWARE,20111012,58.7,58.9,55.05,56.65,7897
RSWM,20111012,87,90.85,87,89.1,4576
RSYSTEMS,20111012,98.05,104.9,98,101.75,856
RUBYMILLS,20111012,818,855,813,843.4,296
RUCHINFRA,20111012,22.55,24,22.5,23.75,79214
RUCHIRA,20111012,8.4,9.25,8.4,9.25,18300
RUCHISOYA,20111012,112.45,112.45,109.85,110.4,88875
RUSHIL,20111012,183.4,186,170.3,172.45,1112927
SABERORGAN,20111012,124.45,124.45,119.65,122,101536
SADBHAV,20111012,133.7,133.7,130.5,131.3,1479
SAGCEM,20111012,132,139.75,127.3,135.85,514
SAHPETRO,20111012,28.65,30,28.55,29.7,1076
SAIL,20111012,108,110.5,105.3,109.8,4282720
SAKHTISUG,20111012,26.85,26.85,26.05,26.6,20832
SAKSOFT,20111012,78,78,70,73.35,6224
SAKUMA,20111012,13.65,13.65,13.05,13.25,40930
SALONACOT,20111012,14.05,15.6,14.05,15.5,1202
SALORAINTL,20111012,24.95,24.95,24.95,24.95,17
SALSTEEL,20111012,5.2,5.5,5.2,5.45,24333
SAMBANDAM,20111012,73.2,80,73.2,78.45,8
SAMBHAAV,20111012,1.4,1.4,1.15,1.15,1350
SANGAMIND,20111012,30,31.8,29.7,30.5,4483
SANGHIPOLY,20111012,1.35,1.45,1.3,1.35,45050
SANGHVIFOR,20111012,23.2,24.7,23.2,24.05,1097
SANGHVIMOV,20111012,121,121.4,119.85,120.1,411
SANWARIA,20111012,14.2,14.45,13.65,14.35,181101
SARDAEN,20111012,125.5,126.85,121,124.45,13180
SAREGAMA,20111012,70.1,71.8,69,69.8,36065
SASKEN,20111012,107.1,114,107.1,110.55,63893
SATHAISPAT,20111012,35.4,36.7,35.4,36,2036
SATYAMCOMP,20111012,72.1,74.9,72.1,74.15,5676530
SAVERA,20111012,37,38,36.25,36.65,26
SB&TINTL,20111012,15.4,15.65,15.4,15.65,14155
SBBJ,20111012,389,395,380.1,392.9,8820
SBIGETS,20111012,2630.8,2641,2626.1,2635.35,4837
SBIN,20111012,1780.25,1880,1757.25,1872.05,5372553
SBT,20111012,593.1,605.3,593.1,601.25,7815
SCI,20111012,70.9,72.25,70.75,71.95,634775
SEAMECLTD,20111012,103,103,102,102.15,9618
SELAN,20111012,292.1,296.5,291,294.95,9380
SELMCL,20111012,12.6,12.75,12.55,12.7,168106
SENTINEL,20111012,14,17,14,15.5,15698
SERVALL,20111012,6.6,6.6,6.3,6.45,14775
SESAGOA,20111012,223.9,229.85,223.9,228.95,3470566
SESHAPAPER,20111012,207.5,207.5,197.05,199.95,86
SEZALGLASS,20111012,2.35,2.65,2.35,2.4,72713
SGJHL,20111012,151,154.8,149.2,151.05,218413
SGL,20111012,3.95,3.95,3.95,3.95,100
SHAHALLOYS,20111012,9.9,9.9,9.9,9.9,200
SHALPAINTS,20111012,438.1,455.65,436,455.65,5951
SHANTIGEAR,20111012,38.3,39.95,38.3,38.6,23448
SHARIABEES,20111012,116.25,116.25,114.1,115.65,135
SHARRESLTD,20111012,53.45,55.45,51.55,52.7,74407
SHASUNPHAR,20111012,60.4,63.95,60.1,62.2,38686
SHILPAMED,20111012,216.15,223.65,216,220.2,228
SHILPI,20111012,13,13.4,12.9,13.1,19614
SHIV-VANI,20111012,195.8,195.8,191.15,192.95,3957
SHIVTEX,20111012,23.5,24,23.5,23.8,1953
SHLAKSHMI,20111012,103,107.95,103,107.05,201939
SHOPERSTOP,20111012,368,370,360.15,364.1,3787
SHREEASHTA,20111012,6.1,6.1,5.9,6,3689284
SHREECEM,20111012,1800,1829,1777,1820.75,8157
SHREERAMA,20111012,4.25,4.3,4.15,4.15,7292
SHRENUJ,20111012,61.25,67,61.25,65.1,41258
SHREYANIND,20111012,18.8,18.8,18.8,18.8,74
SHREYAS,20111012,34,36.85,33.35,34.75,2214
SHRIRAMCIT,20111012,540,550,522.05,530.75,3630
SHRIRAMEPC,20111012,118.15,122,118.05,120.85,1748
SHYAMTEL,20111012,33.7,34.45,33.5,34.15,3402
SICAGEN,20111012,18.7,19.8,18.7,19.05,5015
SICAL,20111012,70.5,71.8,70.2,70.8,3451
SIEMENS,20111012,841.7,900,839.25,846.65,116842
SILINV,20111012,84.75,87,82.6,82.9,2011
SIMBHSUGAR,20111012,29.25,29.3,28.1,28.55,3930
SIMPLEX,20111012,88.5,89.95,84.55,86.05,1527
SIMPLEXINF,20111012,231,232.95,222.5,223.9,1663
SINTEX,20111012,116.5,121.75,115.15,120.6,1879398
SIRPAPER,20111012,45.2,48.9,45.2,48.5,2392
SITASHREE,20111012,8,8.1,8,8,670
SIYSIL,20111012,263.05,287.95,260,282,2714
SJVN,20111012,21.55,21.75,21.5,21.6,41734
SKFINDIA,20111012,661.05,665.45,653.5,655.75,3999
SKMEGGPROD,20111012,7.3,7.85,7.1,7.8,4108
SKSMICRO,20111012,217.7,220.95,217.1,218.75,153958
SKUMARSYNF,20111012,40.2,41.5,40.2,41.25,680813
SMARTLINK,20111012,39.1,40.6,38.4,39.95,13037
SMLISUZU,20111012,389.95,390,380,382.65,344
SMOBILITY,20111012,101.55,102.85,101,101.4,59987
SMPL,20111012,7.05,7.25,6.95,7.1,69675
SMSPHARMA,20111012,171,171,164,169,75
SOBHA,20111012,220,222.5,216.4,220.25,186039
SOFTTECHGR,20111012,4.3,4.8,4.3,4.7,531
SOLARINDS,20111012,797,800,760.1,798.2,10901
SOMANYCERA,20111012,44.4,47.95,41.5,45.9,8604
SOMATEX,20111012,6.4,6.4,6.05,6.4,102
SONASTEER,20111012,14.4,14.4,13.65,14.05,18828
SONATSOFTW,20111012,29,29.65,28.4,28.8,234522
SOTL,20111012,530,555.2,530,534,2027
SOUISPAT,20111012,4.75,4.85,4.6,4.8,53960
SOUTHBANK,20111012,22.1,22.4,22.1,22.3,1330432
SPANCO,20111012,134,135.9,130.55,133.6,54550
SPARC,20111012,80.05,82.3,79.9,82,140198
SPENTEX,20111012,8.05,8.6,8.05,8.55,7820
SPIC,20111012,25.5,26.15,25.1,25.9,130775
SPMLINFRA,20111012,123,123.9,121,122,837
SPYL,20111012,23,23.1,23,23,1037
SREINFRA,20111012,34.25,34.65,33.75,34.45,492128
SRF,20111012,295.1,302,295.1,300.3,15938
SRGINFOTEC,20111012,0.55,0.55,0.5,0.5,2680
SRHHLINDST,20111012,3.7,3.9,3.55,3.65,2254
SRHHYPOLTD,20111012,38.1,38.65,38.1,38.65,25
SRICHAMUND,20111012,34.05,35.9,34,34.05,138
SRSLTD,20111012,31.9,35,31.05,33,510218
SRTRANSFIN,20111012,605,628,595.25,625.7,561983
SSWL,20111012,224,227,221.75,224.65,4115
STAR,20111012,347,355,345.2,351.85,275268
STARPAPER,20111012,24.5,24.9,24,24.55,700
STCINDIA,20111012,154.5,157.5,153.3,155.75,50149
STER,20111012,117.35,120.75,116.1,120.15,6184684
STERLINBIO,20111012,67.45,67.45,65.8,66.9,875607
STERTOOLS,20111012,105,107.95,101.25,107.95,498
STOREONE,20111012,12.7,12.7,12.3,12.35,10997
STRTECH,20111012,37.3,38.1,37.3,37.9,237295
SUBEX,20111012,40,42.65,40,41.65,811301
SUDAR,20111012,66.1,68.45,64.45,67.45,336962
SUDARSCHEM,20111012,700,700,700,700,95
SUJANATOW,20111012,26.7,27.25,26.4,26.65,1402965
SUJANAUNI,20111012,4.4,4.6,4.4,4.55,37310
SUMEETINDS,20111012,23.8,24.85,23.5,23.7,153867
SUMMITSEC,20111012,77,77,75.5,76.8,1822
SUNCLAYTON,20111012,134.2,144.6,134.15,141.15,145140
SUNDARAM,20111012,42.4,42.9,42.35,42.55,151110
SUNDARMFIN,20111012,509.75,525,505.55,517,55506
SUNDRMBRAK,20111012,153,153,153,153,1
SUNDRMFAST,20111012,60.4,60.4,58.25,58.85,14826
SUNFLAG,20111012,24.65,26,24.65,25.8,24474
SUNILHITEC,20111012,84,84.3,81.2,83.8,10660
SUNPHARMA,20111012,481.1,486.05,479,484.05,623972
SUNTECK,20111012,339.85,349.4,339.85,345.2,6321
SUNTV,20111012,281.95,284.2,273.1,275.75,1662234
SUPER,20111012,170,184,167,169.9,464
SUPERSPIN,20111012,7.5,8.1,7.5,8,3703
SUPPETRO,20111012,70.15,70.3,70,70.05,6298
SUPRAJIT,20111012,19.35,19.6,19.15,19.15,15730
SUPREMEIND,20111012,187,187.85,181.15,186.1,29078
SUPREMEINF,20111012,211,222.5,211,219.9,4242
SURAJDIAMN,20111012,47.5,48.8,47.3,48.35,64125
SURANACORP,20111012,99,99,90.6,98.05,311
SURANAIND,20111012,425,426,407.9,422.55,6550
SURANAT&P,20111012,14,14,13.5,14,1529
SURANAVEL,20111012,26,27,26,27,1182
SURYAJYOTI,20111012,23,23,22.55,22.6,5171
SURYALAXMI,20111012,58.1,66,58.1,59,513
SURYAPHARM,20111012,15.8,15.9,15.3,15.65,96175
SURYAROSNI,20111012,59,61,59,60.05,8926
SUTLEJTEX,20111012,178.5,179.65,176.25,179.3,185
SUVEN,20111012,16.2,16.2,15.85,16.1,14004
SUZLON,20111012,37.65,38.2,37.45,38.05,8672458
SWARAJENG,20111012,454,460,453,454.2,1411
SYMPHONY,20111012,1212,1353,1212,1300.25,2884
SYNCOM,20111012,14.55,14.65,14.2,14.25,8887
SYNDIBANK,20111012,100.95,104.15,100.75,103.55,345881
TAINWALCHM,20111012,22.1,22.1,22.1,22.1,100
TAJGVK,20111012,87.7,89.1,87.7,88.2,4435
TAKE,20111012,29.9,29.9,28.5,29.05,32466
TALBROAUTO,20111012,38.5,40,38.5,40,165
TALWALKARS,20111012,161.85,164,160.2,163.15,58959
TANFACIND,20111012,24,24,23.9,24,200
TANLA,20111012,7.2,7.7,7.15,7.5,269616
TANTIACONS,20111012,47.05,48.8,47.05,48,891
TARAPUR,20111012,17.8,18.3,17.5,18.15,2984
TATACHEM,20111012,312.5,314.95,309,314.1,160913
TATACOFFEE,20111012,895,907,883,897.8,516260
TATACOMM,20111012,183,184.65,181.3,183.2,126158
TATAELXSI,20111012,203,210.5,200.15,206.2,120049
TATAGLOBAL,20111012,86,89.2,86,88.1,1418981
TATAINVEST,20111012,486,490.8,486,488.2,1142
TATAMETALI,20111012,75.2,77.9,75.2,76.5,23070
TATAMOTORS,20111012,176,190,170.65,180.75,27138893
TATAMTRDVR,20111012,98,101.25,94.65,99.6,2066563
TATAPOWER,20111012,102.95,103.95,99,101.2,6028122
TATASPONGE,20111012,302.75,308,302.75,306.1,2494
TATASTEEL,20111012,435,445,433.7,444.1,3202449
TCI,20111012,80.7,81.3,78.5,80.2,2613
TCIDEVELOP,20111012,156.2,160,156.2,157.3,124
TCIFINANCE,20111012,29.7,29.85,28.6,28.9,3596
TCS,20111012,1066,1089.4,1062,1079.05,2935831
TDPOWERSYS,20111012,255.55,258.45,255.55,256.7,7377
TECHM,20111012,578,594.8,578,584.7,231098
TECHNO,20111012,226,232.4,225,232.05,21248
TECHNOFAB,20111012,136,136.85,134.5,135.55,2192
TECPRO,20111012,219.85,219.85,214.5,215.1,9989
TELEDATAIT,20111012,0.3,0.3,0.25,0.3,143492
TELEMARINE,20111012,0.6,0.6,0.5,0.5,8833
TEXMACOLTD,20111012,30.9,30.9,30,30.8,24393
TEXMOPIPES,20111012,34.75,35.8,34.65,34.9,71949
TEXRAIL,20111012,81.5,83.8,81.5,83.05,6748
TFCILTD,20111012,27.5,28,27.5,27.75,17101
TFL,20111012,14,15.55,13.6,15.3,373
THANGAMAYL,20111012,160.7,163,158,159.8,14212
THEMISMED,20111012,110.95,111,108.1,110.8,68
THERMAX,20111012,425,435.95,422.4,434.15,39115
THINKSOFT,20111012,38.1,38.8,38.05,38.15,28395
THIRUSUGAR,20111012,71.5,74.1,70.5,74,4052
THOMASCOOK,20111012,46.35,47.45,46.35,47,78249
TI,20111012,32.5,32.8,32.1,32.4,66991
TIDEWATER,20111012,6527.45,6591,6527.45,6560.3,381
TIIL,20111012,38.55,39,38.55,38.55,1070
TIL,20111012,404.9,411.95,398,404.85,14489
TIMESGTY,20111012,24.55,25.5,24.5,25.35,909
TIMETECHNO,20111012,63.8,63.8,63.05,63.45,5697
TIMKEN,20111012,214.75,216.4,213.05,214.15,29652
TINPLATE,20111012,45,46.2,45,45.85,20184
TIPSINDLTD,20111012,28,29.8,27.5,29.05,13087
TIRUMALCHM,20111012,71.45,71.45,69.25,69.7,435
TITAN,20111012,213,221,213,220,3301229
TNPETRO,20111012,15.1,15.75,15.1,15.55,13991
TNPL,20111012,98.05,99.95,98.05,99.45,12755
TODAYS,20111012,5.1,5.25,5.05,5.05,2050
TOKYOPLAST,20111012,13.5,13.5,13.5,13.5,680
TORNTPHARM,20111012,555.95,565,555,560,24473
TORNTPOWER,20111012,234,237,231.2,236.6,24770
TREEHOUSE,20111012,173.7,179.3,169,178.4,186388
TRENT,20111012,1080.95,1085,1060,1072.25,3058
TRF,20111012,321.2,336.75,321.2,329.65,10325
TRICOM,20111012,12,12,11.6,11.7,359
TRIDENT,20111012,11.8,11.8,11.4,11.5,40207
TRIGYN,20111012,13.25,13.85,13.25,13.85,1701
TRIL,20111012,220,225.95,215.2,217.6,3059
TRIVENI,20111012,21.1,22,21.1,21.85,240877
TTKHEALTH,20111012,485.1,494.8,477.05,486.85,77918
TTKPRESTIG,20111012,2843.95,2874.95,2757,2840.45,125114
TTL,20111012,23.05,24.1,23.05,24,2832
TTML,20111012,17.45,17.65,17.15,17.45,1328355
TUBEINVEST,20111012,136.35,137.95,134.6,137.35,21049
TULIP,20111012,155.85,156.9,153.5,155.25,79903
TULSI,20111012,11.6,11.65,11.4,11.6,36484
TULSYAN,20111012,39,39,39,39,100
TV18BRDCST,20111012,42.3,42.9,41.55,42.7,52897
TVSELECT,20111012,16.5,19.8,16.5,18.55,1308
TVSMOTOR,20111012,58.05,61.75,58,61.1,2201906
TVSSRICHAK,20111012,399.95,399.95,371.3,382.75,3326
TVTODAY,20111012,51.35,51.5,50.65,50.8,4513
TWILITAKA,20111012,34.65,34.65,34.65,34.65,26281
TWL,20111012,413,424,413,420.7,6250
UBENGG,20111012,50.05,53.6,50.05,51.6,64718
UBHOLDINGS,20111012,99.85,111.35,99,108.5,651852
UBL,20111012,379.8,433.7,379.8,427.25,775801
UCALFUEL,20111012,70.7,75.45,69.55,71.9,103943
UCOBANK,20111012,65.7,68.1,65.35,67.75,1573372
UFLEX,20111012,152.5,155.6,150.3,154.05,532780
UGARSUGAR,20111012,12.65,13.05,12.65,13,1125
ULTRACEMCO,20111012,1091.6,1118,1091.6,1110.65,159463
UMESLTD,20111012,18.5,21,18.5,19.85,36749
UNICHEMLAB,20111012,135,139.5,135,137.05,34402
UNIENTER,20111012,26.5,26.5,26.5,26.5,70
UNIONBANK,20111012,243.65,249.95,240.7,246.4,706661
UNIPHOS,20111012,132.55,133.65,129.4,133,769836
UNIPLY,20111012,11.7,11.75,11.2,11.25,1262
UNITECH,20111012,26.8,27.95,26.75,27.75,20727811
UNITEDBNK,20111012,72.95,73.6,72.4,72.55,213822
UNITEDTEA,20111012,135,143,135,135,51
UNITY,20111012,40.7,40.75,40.25,40.45,194281
UNIVCABLES,20111012,50.15,51,48.5,50.45,2243
UPERGANGES,20111012,45.35,45.5,43.75,43.75,652
USHAMART,20111012,30.25,31.65,30,31.15,225188
USHERAGRO,20111012,126.25,126.65,123.5,124.65,194015
UTTAMSTL,20111012,78.15,78.15,76,77.25,32143
UTTAMSUGAR,20111012,30.75,30.75,29.3,29.8,4197
UTVSOF,20111012,962.95,963,958,959,9096
VADILALIND,20111012,114.4,132.75,114.4,132.2,56729
VAIBHAVGEM,20111012,31.9,32.85,31,31.5,3007
VAKRANSOFT,20111012,360,361.9,355.1,359.15,2742
VALECHAENG,20111012,79,80.2,77.25,78.45,8848
VALUEIND,20111012,17.25,17.75,17.25,17.7,6284
VARDHACRLC,20111012,9,9,8.9,8.9,9049
VARDMNPOLY,20111012,105.5,106,103.55,104.55,73189
VARUN,20111012,249.35,249.55,241.5,243.5,180509
VARUNSHIP,20111012,19.2,19.2,18.5,18.6,46533
VASCONEQ,20111012,50.95,51.45,49.1,49.75,17334
VENKEYS,20111012,407.4,416,402.05,412.75,75240
VENUSREM,20111012,190.15,194.45,190.15,193.95,4484
VESUVIUS,20111012,395,403,390.05,398.85,28337
VGUARD,20111012,213.05,218,213.05,214.55,63882
VHL,20111012,381,400,375.1,392.4,520
VICEROY,20111012,28,28,23.8,26.05,31272
VIDEOIND,20111012,171.5,175.45,170.1,174.4,175962
VIJAYABANK,20111012,54.25,55.65,53.6,55.45,1574472
VIJSHAN,20111012,16.1,16.8,15.8,16.65,2178
VIKASHMET,20111012,10.05,10.2,9.85,10,15602
VIMTALABS,20111012,18,18.35,17.5,17.8,33314
VINATIORGA,20111012,66.9,66.9,64.75,65.15,4362
VINYLINDIA,20111012,9.85,9.85,9.15,9.5,27
VIPIND,20111012,928.7,973.85,919.95,967.65,1113247
VIPUL,20111012,10.8,10.8,10.25,10.3,309
VISAKAIND,20111012,89,92.7,89,91.75,5443
VISASTEEL,20111012,58.5,58.6,58.5,58.5,8175
VISESHINFO,20111012,3.1,3.1,2.9,2.95,15654
VISHALRET,20111012,23.75,23.8,22.75,23.5,15145
VISUINTL,20111012,1.95,1.95,1.9,1.95,9620
VIVIMEDLAB,20111012,248,249.75,245.2,247.3,5595
VLSFINANCE,20111012,11.25,11.5,10.95,11.4,14769
VOLTAMP,20111012,492.05,504.75,492.05,500.45,2903
VOLTAS,20111012,101,101.4,99,100.4,2424536
VSTIND,20111012,1326.95,1343.95,1290.15,1331.35,23362
VSTTILLERS,20111012,505.1,514.1,505,505.75,555
VTL,20111012,201,203.85,200,200.7,3301
VTXIND,20111012,13,14.55,12.4,13.85,6272
WABAG,20111012,363,375.5,357,369.7,12298
WABCOINDIA,20111012,1240,1259.95,1237,1239.95,603
WALCHANNAG,20111012,88.5,89.75,86.55,88.95,37893
WANBURY,20111012,24.35,24.35,23.55,23.7,3404
WEBELSOLAR,20111012,37.1,40,37.1,39.45,3758
WEIZFOREX,20111012,69,69,68.65,68.65,117
WEIZMANIND,20111012,9.95,9.95,9,9.1,4194
WELCORP,20111012,118.8,123.55,116.2,122.6,719008
WELGLOB,20111012,37.7,39.85,37.7,38.1,4013
WELINV,20111012,44.15,48.45,44.15,45.55,788
WELPROJ,20111012,36.1,36.5,35.05,35.55,7714
WENDT,20111012,1566,1566,1541,1541.35,32
WHEELS,20111012,237,250.5,237,240.55,43
WHIRLPOOL,20111012,213.05,217.5,213.05,216.35,6193
WILLAMAGOR,20111012,48,50,48,49.2,984
WINDMACHIN,20111012,21.4,21.95,20.7,21.1,6469
WINSOME,20111012,24.05,24.25,24,24.15,4200
WIPRO,20111012,347.05,358.7,347.05,350.55,2497908
WOCKPHARMA,20111012,453,455,432.65,437.85,499014
WSI,20111012,17,17,16.5,16.5,218
WSTCSTPAPR,20111012,69.9,69.9,67.35,68.2,9376
WWIL,20111012,7.2,7.2,6.9,7.1,491607
WYETH,20111012,964.9,981,948.35,962.4,102933
XLENERGY,20111012,6.9,7.05,6.9,7,7096
XPROINDIA,20111012,50.5,52.65,50.5,51.8,2658
YESBANK,20111012,264.95,272.85,263.4,272.1,1963437
ZEEL,20111012,112.95,113.85,111.75,113.25,426540
ZEELEARN,20111012,19.7,20.1,19.55,19.9,214592
ZEENEWS,20111012,12,12.05,11.85,12,123007
ZENITHBIR,20111012,4.65,4.75,4.65,4.7,59562
ZENITHCOMP,20111012,13.95,13.95,13.3,13.5,3471
ZENITHEXPO,20111012,57.15,57.15,57.15,57.15,1
ZENITHINFO,20111012,101,119.4,101,101,40207
ZENSARTECH,20111012,123.1,130,120.55,125.65,22647
ZICOM,20111012,34.15,38.45,34.15,37.95,48014
ZODIACLOTH,20111012,215,228.8,213,215.15,50619
ZODJRDMKJ,20111012,21.8,23.95,21.8,23.9,17
ZUARIAGRO,20111012,560.25,589.95,560.15,586,6809
ZYDUSWELL,20111012,527.5,554,525,545.8,5569
ZYLOG,20111012,419.7,423.5,415.55,419.1,46063
NSENIFTY,20111012,5011.20,5109.80,4997.65,5099.40,188008562,7528.09
NIFTYJUNIOR,20111012,9703.55,9877.50,9703.55,9869.20,69415105,1238.54
BANKNIFTY,20111012,9240.40,9514.20,9193.75,9482.30,21933989,1980.99
NSEMIDCAP,20111012,6998.50,7113.40,6998.50,7111.10,110917964,1212.12
NSEIT,20111012,5793.20,5945.70,5793.20,5934.25,24301358,1874.15
NSE100,20111012,4906.20,5000.65,4898.35,4992.10,257423667,8766.63
NSE500,20111012,4001.90,4072.95,4001.20,4068.60,487876848,11299.29
MIDCAP50,20111012,2062.15,2109.65,2062.15,2106.45,89531051,831.00
VIX,20111012,30.30,30.30,28.01,28.41,30.30,-1.89
