20MICRONS,20110613,47.5,48.5,47.1,48.1,6967
3IINFOTECH,20110613,47.25,48.7,46.9,48.1,1449263
3MINDIA,20110613,4050,4050,3960.75,4000,48
A2ZMES,20110613,212.05,256.95,212,256.95,1526012
AANJANEYA,20110613,323.1,337.9,312,318.05,2226871
AARTIDRUGS,20110613,129.1,130,128.5,128.8,2961
AARTIIND,20110613,51,51.7,50.25,50.4,47417
AARVEEDEN,20110613,57.5,57.5,52,54.4,790
ABAN,20110613,568,568.05,555,555.9,787140
ABB,20110613,838,850,826.15,847.4,43115
ABBOTINDIA,20110613,1430.5,1445,1425,1439.85,1117
ABCIL,20110613,112.55,113.9,110.85,111.05,5444
ABGSHIP,20110613,372.15,372.15,364.1,367.7,148179
ABHISHEK,20110613,14.7,15.85,14.7,15.5,20857
ABIRLANUVO,20110613,920.05,930,914.15,918.15,109051
ACC,20110613,999.7,1010,988.5,1004,83326
ACE,20110613,47,48.4,46.3,47.6,211801
ACKRUTI,20110613,201.55,206.8,200.35,201.1,8046
ACROPETAL,20110613,21.4,21.4,21,21,1266107
ADANIENT,20110613,647,669.9,634.1,666.6,424090
ADANIPOWER,20110613,110.75,111.7,107.6,111.2,929657
ADFFOODS,20110613,62.85,64.75,62,64.2,13704
ADHUNIK,20110613,82,82,80.35,80.65,39102
ADORWELD,20110613,167,168.4,166.1,167.3,870
ADSL,20110613,45.6,48.1,45.6,48.1,279781
ADVANIHOTR,20110613,35.5,35.9,35.5,35.9,692
ADVANTA,20110613,239.95,285.15,238,285.15,1381518
AEGISCHEM,20110613,248.8,254.9,235.1,238.15,30961
AFL,20110613,43.5,43.95,43,43.35,4369
AFTEK,20110613,15.5,15.85,14.8,15.55,1058014
AGCNET,20110613,161.55,168.9,161.55,165.5,217
AHLEAST,20110613,316,321,316,321,397
AHLUCONT,20110613,119.2,121,117.5,120.95,6283
AHLWEST,20110613,198.9,198.9,194,194.75,438
AHMEDFORGE,20110613,124,124,120.8,121.7,21440
AIAENG,20110613,378.45,394,369,385.9,4303
AJANTPHARM,20110613,300,305,297.55,300.65,35740
AJMERA,20110613,152,155.9,150.5,153.85,27538
AKZOINDIA,20110613,905.1,915,902,903.8,1247
ALBK,20110613,200.05,200.5,195.25,198.45,272082
ALCHEM,20110613,231,233.6,230,231.55,99503
ALEMBICLTD,20110613,20.05,20.25,19.6,19.8,36746
ALFALAVAL,20110613,1535,1594.85,1500,1576.8,3803
ALKALI,20110613,51.15,51.35,50.05,51.2,6683
ALKYLAMINE,20110613,82.5,85.3,82.25,82.45,1696
ALLCARGO,20110613,166,167.2,166,166,2166
ALLSEC,20110613,22.55,22.55,21.65,21.75,350
ALMONDZ,20110613,27.05,28,27.05,27.4,5306
ALOKTEXT,20110613,27.6,28.25,27.15,28.05,13817103
ALPA,20110613,10.75,10.8,10.35,10.6,2554
ALPHAGEO,20110613,116,116,104.2,106.1,724
AMAR,20110613,104,104,100.25,101.4,72384
AMARAJABAT,20110613,205.2,213.85,203,212.1,61409
AMARJOTHI,20110613,63.3,64.2,63.3,63.4,395
AMBIKCO,20110613,179.5,184.55,179.5,182.9,2281
AMBUJACEM,20110613,135.3,137,133.1,135.85,860790
AMDIND,20110613,17.6,18,17.6,17.85,2847
AMRUTANJAN,20110613,717,721.85,711.7,713.5,17368
AMTEKAUTO,20110613,165.35,170.25,165.35,169.85,48549
AMTEKINDIA,20110613,86,88.5,85.4,87.55,564763
ANANTRAJ,20110613,72.05,73.3,71,72.45,144896
ANDHRABANK,20110613,143.55,145.5,143.15,144.9,598839
ANDHRACEMT,20110613,12.5,12.6,12.3,12.5,44422
ANDHRSUGAR,20110613,92.5,94,92.3,92.8,6654
ANIKINDS,20110613,39.8,39.8,38,38.2,1282
ANKURDRUGS,20110613,42.25,43.4,41.8,42.5,117025
ANSALAPI,20110613,41.15,41.6,40.7,41,107649
ANSALHSG,20110613,42.1,43.85,40.7,43.15,8728
ANTGRAPHIC,20110613,0.25,0.3,0.25,0.25,26322
APARINDS,20110613,219,221,215.15,219.1,4396
APCOTEXIND,20110613,189,189,181.05,183.65,892
APIL,20110613,566.05,576.9,563.25,570.5,42152
APLAB,20110613,38.1,43.45,38.1,43.45,520
APOLLOHOSP,20110613,483,489.5,481,485.05,11515
APOLLOTYRE,20110613,71.05,72.9,71.05,72.55,1333143
APPAPER,20110613,359.5,369,356.8,363.8,62776
APTECHT,20110613,97.3,99.9,97,98.75,374996
AQUA,20110613,17,17.25,16.75,16.8,57823
ARCHIDPLY,20110613,14.25,14.5,13.75,14.25,3644
ARCHIES,20110613,39.6,39.85,39.15,39.45,16866
AREVAT&D,20110613,263.05,269.8,258.05,266.05,116925
ARIES,20110613,114,114,111,112.4,4527
ARIHANT,20110613,60,60,60,60,20
ARL,20110613,2.55,2.55,2.4,2.5,295280
AROGRANITE,20110613,41.9,43.9,41.9,42.55,286
ARROWTEX,20110613,9.7,9.9,9.5,9.8,2631
ARSHIYA,20110613,170.1,195.9,169,185.45,104237
ARSSINFRA,20110613,450.5,479.9,444.25,472.45,1239428
ARVIND,20110613,81.6,83.3,80.65,82.85,2213313
ASAHIINDIA,20110613,81.35,82.95,81,81.6,4740
ASAL,20110613,69,71.4,66,67.2,6080
ASHAPURMIN,20110613,21.05,22,21,21.6,87081
ASHIMASYN,20110613,5.9,5.95,5.9,5.95,8300
ASHOKA,20110613,264,264,251.15,255.3,1863
ASHOKLEY,20110613,50.5,51.3,50.1,51.1,2723491
ASIANELEC,20110613,11.4,11.55,11.25,11.3,19176
ASIANHOTNR,20110613,205,205,200.25,202.65,1097
ASIANPAINT,20110613,3096.95,3119,3053.1,3065.15,118150
ASIANTILES,20110613,49.55,49.55,45.4,46,312
ASSAMCO,20110613,15.85,16.4,15.6,16.25,259423
ASTEC,20110613,47,47.7,46.6,46.9,7346
ASTRAL,20110613,187.4,187.4,183,183.1,3910
ASTRAMICRO,20110613,29.85,30.3,29.05,29.95,22201
ASTRAZEN,20110613,1261,1322,1241.15,1310.4,666
ATFL,20110613,384,405.9,380.3,396.85,36773
ATLANTA,20110613,77,77.7,75,75.9,269070
ATLASCYCLE,20110613,250.4,252,246,249,14059
ATNINTER,20110613,1.05,1.2,1.05,1.15,1423
ATUL,20110613,179,180.45,174.55,178.15,28387
AURIONPRO,20110613,173.8,174.6,173.8,173.8,950
AUROPHARMA,20110613,174.5,176.5,172.5,175.2,996115
AUSOMENT,20110613,42,42,42,42,1050
AUSTRAL,20110613,2.95,3,2.95,2.95,187999
AUTOAXLES,20110613,441,441,425.1,435,1393
AUTOIND,20110613,137,137,134.3,135.35,10329
AUTOLITIND,20110613,20.5,21,19.85,20.5,1253
AVENTIS,20110613,1920,1953.9,1915,1949.55,871
AVTNPL,20110613,162.95,206.25,162.95,206.25,208308
AXIS-IT&T,20110613,86.5,94.4,86.5,90.15,686500
AXISBANK,20110613,1230.2,1238,1217,1233.3,1111075
AXISGOLD,20110613,2219.95,2219.95,2212,2215.6,80
BAJAJ-AUTO,20110613,1334.9,1347.9,1328,1345.1,301987
BAJAJCORP,20110613,106.25,109,105,107.05,10215
BAJAJELEC,20110613,261,264.05,259.1,262.1,25327
BAJAJFINSV,20110613,564.05,565.6,546.05,550.65,165282
BAJAJHIND,20110613,67.15,68.4,65.85,68,642116
BAJAJHLDNG,20110613,764,765,756.2,762.45,13061
BAJFINANCE,20110613,616,627.85,616,624.95,3981
BALAJITELE,20110613,34.65,35.2,34.35,34.45,24497
BALAMINES,20110613,41,41,39.7,39.9,7524
BALKRISIND,20110613,148.5,150,143.15,148.7,2749
BALLARPUR,20110613,33.4,33.6,32.6,32.8,138837
BALMLAWRIE,20110613,584.9,613.6,581.5,595.5,22102
BALPHARMA,20110613,29.4,29.45,28.05,29.05,5003
BALRAMCHIN,20110613,60.7,61.5,59.55,61.15,458082
BANARISUG,20110613,571.6,571.6,556,561.6,1404
BANCOINDIA,20110613,71.5,74,69.7,71.4,6419
BANG,20110613,34.3,35.9,34.3,35.5,3856
BANKBARODA,20110613,870.1,871,856.45,869.6,81855
BANKBEES,20110613,1087,1091.97,1071,1086.74,190
BANKINDIA,20110613,431.85,431.85,418.1,423.25,647297
BANSWRAS,20110613,140.1,140.1,137.05,138,264
BARTRONICS,20110613,63,65.5,62.4,65.05,488303
BASF,20110613,600,671.35,582.5,636.9,261106
BASML,20110613,90.5,91.25,88.5,89,1081
BATAINDIA,20110613,519.6,530.9,518.3,528.75,570279
BATLIBOI,20110613,21.15,23.4,21.15,22.65,1083
BAYERCROP,20110613,866.4,915,866.1,880.25,10320
BBL,20110613,961.8,976.25,952.7,958.7,3791
BBTC,20110613,404.5,444,404.5,430.3,11310
BEARDSELL,20110613,49.8,49.8,47.8,48.8,600
BEDMUTHA,20110613,120.8,122.75,117,118.45,127862
BEL,20110613,1690,1690,1665.1,1678.6,16783
BELLCERATL,20110613,14.05,15.15,14.05,15.15,102
BEML,20110613,587,598.15,582.3,588.25,32284
BEPL,20110613,33.5,34,33.5,33.95,5800
BERGEPAINT,20110613,103,103,100.1,102.05,117180
BFINVEST,20110613,77.75,79.4,74.65,75.6,2076
BFUTILITIE,20110613,738,739.5,724,731.1,144457
BGRENERGY,20110613,485.95,501,478,498.05,393873
BHAGWATIHO,20110613,90,91.9,88.9,89,703
BHAGYNAGAR,20110613,18.25,18.75,18.1,18.1,8736
BHARATFORG,20110613,309.05,311.45,304.5,310.05,246674
BHARATGEAR,20110613,59.25,60.8,59.05,59.7,1871
BHARATRAS,20110613,122.4,122.4,119.15,120.35,1323
BHARTIARTL,20110613,375.25,379.55,373.9,377.6,2569015
BHARTISHIP,20110613,134.25,134.6,132.3,134,55833
BHEL,20110613,1926.9,1932.9,1905.6,1925,259538
BHUSANSTL,20110613,418.9,418.9,403.35,405.75,442864
BIL,20110613,53.95,53.95,52.5,53.15,1320
BILENERGY,20110613,24,24.4,22.5,23.45,80084
BILPOWER,20110613,103.95,104,102,103,2854
BIMETAL,20110613,265.55,277.95,265.55,277.95,13
BINANIIND,20110613,180.2,182.7,178,180.65,23109
BINDALAGRO,20110613,91,92.4,90.05,90.65,381718
BIOCON,20110613,367,367.75,360.3,363.5,187166
BIRLACORPN,20110613,365,380.25,356.55,360.65,46904
BIRLACOT,20110613,0.5,0.55,0.5,0.5,543900
BIRLAMONEY,20110613,22.65,26.5,22.5,23.5,4033
BLBLIMITED,20110613,6.2,6.25,5.9,5.9,29737
BLISSGVS,20110613,22.5,23.15,22.3,22.55,8186
BLKASHYAP,20110613,20.5,20.85,20.25,20.45,25728
BLUECHIP,20110613,1.2,1.35,1.2,1.25,10530
BLUEDART,20110613,1360,1379.1,1341,1374.7,2805
BLUESTARCO,20110613,316.7,316.7,308.2,314.7,14143
BLUESTINFO,20110613,93.5,99,93.25,95.9,568
BOC,20110613,284.8,307.3,282.25,292.55,125580
BOMDYEING,20110613,376.05,378.45,369.4,373,365897
BOSCHLTD,20110613,7010,7070,6942.05,7026.35,3171
BPCL,20110613,611,617.9,607.15,615,268107
BRANDHOUSE,20110613,24,24.5,24,24.2,45987
BRFL,20110613,288.8,288.8,285.5,285.65,22872
BRIGADE,20110613,80,80,77.5,78.1,18354
BRITANNIA,20110613,442.5,450,439.05,447.05,41073
BSL,20110613,22.1,28.5,22.1,24.65,631
BSLGOLDETF,20110613,2255,2270,2255,2255,705
BSTRANSCOM,20110613,140.4,148,139.6,141.5,77219
BURNPUR,20110613,7.8,7.95,7.6,7.7,13402
BVCL,20110613,17.35,18.35,17.35,18.15,6138
CADILAHC,20110613,907.95,938,890,908,105247
CAIRN,20110613,335.75,337.5,334.8,335.45,352770
CALSOFT,20110613,28.5,28.5,28.2,28.25,4
CAMLIN,20110613,74.3,74.95,72.6,73.95,311044
CANBK,20110613,522,523.9,514.75,518.35,453684
CANDC,20110613,91,94.25,90.1,92,21073
CANFINHOME,20110613,108.1,110.25,108.1,109,7214
CANTABIL,20110613,34,36.6,33.65,35.85,39047
CARBORUNIV,20110613,267,274,267,270,4402
CAROLINFO,20110613,175.25,182,174.25,178.75,1478
CASTROL,20110613,499.9,499.9,492,495.15,27121
CCCL,20110613,35,36.25,34.05,35.35,48983
CCL,20110613,212,213,208.8,210,2918
CEATLTD,20110613,98.05,99.5,97,98.3,19675
CELEBRITY,20110613,10.1,10.45,9.7,10,2074
CELESTIAL,20110613,30,35,28.5,31.7,32998
CENTENKA,20110613,199.05,204.5,198.2,200.5,21722
CENTRALBK,20110613,116.9,117.5,115.45,117.2,434962
CENTUM,20110613,93,95.95,93,95,1063
CENTURYPLY,20110613,65.25,65.85,65.25,65.35,16459
CENTURYTEX,20110613,347,353.7,346.5,349.3,896124
CERA,20110613,198,232.8,195.35,214,235801
CESC,20110613,292.25,299,286.25,290.05,162145
CHAMBLFERT,20110613,79.65,80.75,78.5,80.4,902746
CHEMFALKAL,20110613,47.85,48.8,47.75,48.2,493
CHEMPLAST,20110613,7.15,7.75,7.15,7.25,218722
CHENNPETRO,20110613,228.85,230.4,227.05,228.3,62595
CHESLINTEX,20110613,13.5,14,13.5,13.85,3102
CHETTINAD,20110613,420,431.05,415.25,426.75,507
CHOLAFIN,20110613,153.95,155.9,153.95,155.5,9447
CILNOVA,20110613,15.1,15.5,15.1,15.25,12259
CINEMAX,20110613,36.3,37.8,36.3,37.15,108014
CINEVISTA,20110613,3.5,3.75,3.5,3.75,12478
CIPLA,20110613,332,341.8,330.6,339.9,1859632
CLASSIC,20110613,12.35,12.6,12.25,12.3,2259
CLNINDIA,20110613,731.5,744.95,721.05,743.9,6174
CLUTCHAUTO,20110613,52.1,58.1,50.15,58.1,639678
CMAHENDRA,20110613,253.3,255,251.15,254,64282
CMC,20110613,1240,1275,1232.25,1261.45,40396
COALINDIA,20110613,405,405.05,395,396.3,1548256
COLPAL,20110613,880.15,892.9,716.15,888.6,49554
COMPUAGE,20110613,113.8,113.8,107.05,107.9,800
CONCOR,20110613,1184.5,1184.5,1090.7,1116.55,8411
CONSOFINVT,20110613,71,71.25,69,69.15,23926
CORAL-HUB,20110613,6.05,6.85,6.05,6.4,5537
CORDSCABLE,20110613,33.75,36.85,33.35,35.4,15769
COREPROTEC,20110613,285,286.7,284.5,284.9,35533
COROMANDEL,20110613,332,349.7,332,346.7,425267
CORPBANK,20110613,538.5,540,520.6,537.95,43169
COSMOFILMS,20110613,106.85,106.9,105.5,106.05,11401
COX&KINGS,20110613,409,431.95,403.15,429.2,378912
CPIL,20110613,331,332.2,328.5,330.8,1882
CREATIVEYE,20110613,5.3,5.6,5.3,5.6,703
CRESTANI,20110613,53.9,57,53,54.8,115434
CREWBOS,20110613,102.1,103,100.1,100.7,56952
CRISIL,20110613,6942,7000,6942,6988.2,185
CROMPGREAV,20110613,265.9,271,264.9,270.4,307719
CRONIMET,20110613,137.15,145.85,137.15,141.5,17139
CTE,20110613,10.2,11,10.2,10.5,4820
CUB,20110613,45.25,45.5,44.7,45.35,254900
CUBEXTUB,20110613,12.5,12.5,12.5,12.5,50
CUMMINSIND,20110613,678.7,687,677.7,680,172872
CURATECH,20110613,210,214,199,214,132
CYBERTECH,20110613,14.35,14.6,13.85,13.95,3877
DAAWAT,20110613,51.3,51.9,50.45,51.3,35365
DABUR,20110613,113.4,114.8,112.7,113.1,1259296
DALMIABEL,20110613,153.8,154,150,152.4,3007
DALMIASUG,20110613,19,19.25,18.7,19,26501
DATAMATICS,20110613,23.5,28.5,23.5,28.05,6378
DBCORP,20110613,230.05,232.2,229.25,232.15,1741
DBREALTY,20110613,78.5,79.4,76.1,76.45,336949
DCB,20110613,61,62.45,60.55,62.25,6555521
DCHL,20110613,64,65,63.2,64.1,581108
DCM,20110613,83.95,84.8,83,83.8,33915
DCMSRMCONS,20110613,43.5,44.8,43.35,44.6,13547
DCW,20110613,11.2,11.25,11,11.15,63386
DECCANCE,20110613,146,146,146,146,128
DEEPAKFERT,20110613,177,177,172.05,173.15,46097
DEEPIND,20110613,58.2,59.25,56,56.5,16226
DELTACORP,20110613,93.9,100.8,91.1,99.75,15221497
DELTAMAGNT,20110613,32,33.6,32,33.6,243
DEN,20110613,98.65,98.65,95.25,96.5,11421
DENABANK,20110613,89.7,91.75,88.8,91.55,531164
DENORA,20110613,83.5,83.75,82.8,83,804
DENSO,20110613,68.8,70.1,68.65,70.1,671
DEWANHOUS,20110613,222.55,225.2,221.5,222.15,49192
DHAMPURSUG,20110613,55,55.9,54.15,55,87451
DHANBANK,20110613,118.5,119.6,117.5,117.7,156979
DHARSUGAR,20110613,34.25,34.75,34.15,34.5,1362
DIAPOWER,20110613,163.55,166,162,163.95,6993
DICIND,20110613,258.5,268,258.5,267.2,1727
DIGJAM,20110613,12.5,12.65,12.35,12.5,68691
DISHMAN,20110613,94.3,99.7,93.55,97.3,95183
DISHTV,20110613,81.25,81.65,80,81.3,3495741
DIVISLAB,20110613,785,804,784,800.75,609452
DLF,20110613,230.6,231.9,226.25,229.15,3161001
DLINKINDIA,20110613,28.55,29.1,28.55,28.65,19531
DOLPHINOFF,20110613,136.7,136.7,132.1,134.7,8918
DPTL,20110613,142.3,155.75,142.3,154.6,6027
DREDGECORP,20110613,323,329.95,323,326.7,6993
DRREDDY,20110613,1554.95,1558.5,1531.95,1536.7,256855
DSKULKARNI,20110613,59.1,59.5,57.65,58.25,11883
DUNCANSIND,20110613,14.25,15.5,14.25,15.3,26321
DWARKESH,20110613,68.05,70.45,67.5,68.7,16255
DYNAMATECH,20110613,1374,1374,1320,1320,17
DYNASYS,20110613,0.85,0.85,0.8,0.8,11088
EASUNREYRL,20110613,82.5,82.5,80.5,81.05,11511
ECEIND,20110613,98.1,100.05,98.1,100.05,356
ECLERX,20110613,819,832,810,811.6,22095
EDELWEISS,20110613,35,35.9,34.3,35.25,346701
EDL,20110613,100.45,101,99.5,100.3,1951
EDSERV,20110613,135.7,135.7,129.25,130.3,160623
EDUCOMP,20110613,434,435.6,427.4,430.7,471616
EICHERMOT,20110613,1312.05,1330,1306,1311.4,1967
EIDPARRY,20110613,218.5,232.4,217.7,227.55,122666
EIHAHOTELS,20110613,149.8,149.8,137.35,138.95,5015
EIHOTEL,20110613,83.5,86.75,82.65,86,225806
EKC,20110613,89.15,91.5,88.65,90.8,283041
ELDERPHARM,20110613,360,366,358.15,360.45,32955
ELECON,20110613,70.9,71,69.05,69.4,33543
ELECTCAST,20110613,30,30.1,29.7,29.75,158265
ELECTHERM,20110613,174.5,175,172.05,173.3,332
ELFORGE,20110613,12.8,13.5,12.8,13.5,1580
ELGIEQUIP,20110613,82,83.25,81.25,82.8,17389
ELNET,20110613,37.6,37.65,37,37.15,679
EMAMIINFRA,20110613,31.25,31.5,30.5,30.8,16552
EMAMILTD,20110613,443,443.9,431.05,433.05,7411
EMCO,20110613,53,53,51.8,52.25,49214
EMKAY,20110613,53.25,53.25,50.75,50.75,601
EMMBI,20110613,13.05,13.7,13,13.1,5726
EMPEESUG,20110613,25.5,26,25.1,25.7,3220
ENERGYDEV,20110613,35.5,35.5,34,35.3,10872
ENGINERSIN,20110613,283.95,284.6,280,283.45,46336
ENIL,20110613,243.15,249.85,243,244.05,3061
ENTEGRA,20110613,23.55,24.25,23.55,23.8,3537
ERAINFRA,20110613,173.05,173.9,172.5,173,132940
EROSMEDIA,20110613,157.4,159.9,155,157.15,146355
ESABINDIA,20110613,478,488,478,484,5339
ESCORTS,20110613,119,120,116.45,117.45,1416898
ESL,20110613,9,9,8.9,8.95,39684
ESSAROIL,20110613,126,126.6,123.3,126.1,686797
ESSDEE,20110613,420,420,378,382.75,47237
ESSELPACK,20110613,43.05,43.8,42.9,43.25,201785
EUROCERA,20110613,25,26.3,24.25,25.1,409
EUROMULTI,20110613,12.5,12.7,11.85,11.95,11044
EUROTEXIND,20110613,23.3,23.3,23.3,23.3,50
EVEREADY,20110613,41.9,41.9,40.55,40.9,80452
EVERESTIND,20110613,145,158.9,144.15,156.65,43800
EVERONN,20110613,547.5,547.5,536.5,543.55,135261
EVINIX,20110613,1,1.05,0.95,1,115845
EXCELCROP,20110613,162.55,162.55,158,161.35,5692
EXCELINDUS,20110613,77.75,78.4,77.1,78.2,1720
EXCELINFO,20110613,26.8,26.8,26.25,26.45,10364
EXIDEIND,20110613,154,157,151.25,156.3,817830
FACT,20110613,40,40.4,39.55,40.2,14449
FAGBEARING,20110613,1102,1129.95,1083.3,1120.25,2779
FARMAXIND,20110613,3.85,3.9,3.6,3.9,112753
FCH,20110613,138,139,135.9,136.3,25918
FCSSOFT,20110613,1,1,0.95,1,1407066
FDC,20110613,99.45,99.95,98.2,98.9,25911
FEDDERLOYD,20110613,75,75.8,73.15,74.4,4132
FEDERALBNK,20110613,457.75,459,450.8,456.25,397367
FIEMIND,20110613,157,157.75,153.35,154.15,3635
FINANTECH,20110613,827.5,845.5,811.2,840.35,81162
FINCABLES,20110613,47,47.5,46.55,47.35,35819
FINPIPE,20110613,81.5,81.5,80,80.65,13636
FIRSTLEASE,20110613,105.25,116.5,104.15,106.75,8201937
FIRSTWIN,20110613,16.5,17,16.45,16.85,1921
FKONCO,20110613,129.65,138.25,125.5,132.45,889654
FMGOETZE,20110613,260,265,254,256.45,3808
FORTIS,20110613,165,165,161.3,162.8,99471
FOSECOIND,20110613,522.5,584,522.5,567.25,4080
FOURSOFT,20110613,14.2,14.4,14.05,14.25,16661
FSL,20110613,18.4,18.65,18.05,18.4,1309615
FTCSF5YDIV,20110613,10.8,10.8,10.8,10.8,400
FUTUREVENT,20110613,9.1,9.35,9,9.1,1645078
GABRIEL,20110613,47.45,48.8,47.4,48.15,9109
GAEL,20110613,29.9,30.2,29.85,30,22748
GAIL,20110613,444.95,452,444,450,757391
GAL,20110613,13.5,13.7,13.4,13.65,10481
GALLANTT,20110613,17.5,17.5,16.8,17.1,41788
GALLISPAT,20110613,90.2,91.9,87.25,89.2,107510
GAMMNINFRA,20110613,16.65,16.85,16.35,16.65,65251
GAMMONIND,20110613,97.9,98.95,97.5,97.8,20054
GANDHITUBE,20110613,120.05,120.05,120,120,291
GANESHHOUC,20110613,122,126.5,119.1,125.75,11329
GANGOTRI,20110613,6.35,6.45,6.25,6.4,2837
GARDENSILK,20110613,97,100,97,98.85,23622
GARWALLROP,20110613,62.9,62.9,61.15,61.6,3248
GATI,20110613,61.85,62.4,61.15,61.55,40273
GDL,20110613,122,129.75,120.25,127.15,133486
GEECEE,20110613,42.6,43.45,41.3,41.8,15611
GEINDSYS,20110613,188,188.9,185.55,186.4,1670
GEMINI,20110613,21.25,21.7,20.9,20.95,34360
GENESYS,20110613,233,241.95,233,240.6,18890
GENUSPOWER,20110613,16.9,16.9,15.8,16.1,66976
GEODESIC,20110613,79.5,80.75,78.6,80.1,123610
GEOJITBNPP,20110613,23.55,23.9,23.5,23.8,56245
GEOMETRIC,20110613,59.8,60,58.2,58.35,20161
GESHIP,20110613,284,285.95,281.2,284.9,77088
GHCL,20110613,39.4,39.65,38.85,39.45,34706
GICHSGFIN,20110613,112.5,112.65,108.5,108.9,131615
GILLANDERS,20110613,106.15,108,106.1,106.85,2942
GILLETTE,20110613,1900,1931,1880.1,1922.65,1477
GINNIFILA,20110613,10.75,10.75,10.3,10.4,8939
GIPCL,20110613,81.55,82.1,81.05,81.95,9549
GISOLUTION,20110613,14,14.5,14,14.5,54
GITANJALI,20110613,288,295.6,286.3,293.2,1685152
GKB,20110613,44.95,44.95,39.8,42.95,369
GKWLIMITED,20110613,508,508,500,500,70
GLAXO,20110613,2403,2447,2385,2433.2,72529
GLENMARK,20110613,332.05,332.05,308.65,310.75,242161
GLFL,20110613,3.3,3.4,3.3,3.4,1116
GLOBALVECT,20110613,24.05,24.35,23.45,23.8,308
GLOBOFFS,20110613,122.3,126.2,122.3,124.25,360
GLOBUSSPR,20110613,145,148.95,142.9,148.15,24484
GLODYNE,20110613,400.5,401.5,377.15,379.35,94342
GLORY,20110613,3.95,4.05,3.85,4.05,707949
GMBREW,20110613,105.35,105.55,102,103.05,554
GMDCLTD,20110613,145.1,146.7,144.25,145.95,113876
GMRINFRA,20110613,32.2,32.6,31.8,32.4,1828868
GNFC,20110613,100.3,100.8,98.85,99.9,48853
GOACARBON,20110613,84,84.95,83.7,84,600
GODFRYPHLP,20110613,2060,2083.45,2049.95,2059.6,477
GODREJCP,20110613,433,441,430,438.85,336059
GODREJIND,20110613,183.5,184,181.5,182,141629
GODREJPROP,20110613,655.75,669.85,650,663.75,6364
GOENKA,20110613,59.2,59.55,58.05,58.45,4690
GOKUL,20110613,94.9,94.9,90,90.5,51604
GOLDBEES,20110613,2182.75,2182.75,2161.25,2162.85,71438
GOLDENTOBC,20110613,73.25,74.2,73,73.2,5000
GOLDIAM,20110613,32.95,34.5,32.95,33.65,1550
GOLDINFRA,20110613,19.05,19.25,19,19.15,4966
GOLDSHARE,20110613,2178,2179.75,2166,2167.5,5948
GOLDTECH,20110613,8.25,8.25,7.9,7.9,6488
GPIL,20110613,169.05,171.25,169.05,170.15,10133
GPPL,20110613,66.75,66.75,65.15,66.05,33873
GRABALALK,20110613,28.25,30.85,28,28.95,1484
GRANULES,20110613,88.5,89.45,86.25,87.55,4147
GRAPHITE,20110613,88.4,93.8,88.4,92,162514
GRASIM,20110613,2230,2230.05,2206,2214.45,35297
GRAVITA,20110613,369.65,377.7,366.25,368.65,159918
GREAVESCOT,20110613,85.95,88.8,84,87.15,754053
GREENPLY,20110613,200.2,201,192,195.25,8600
GREENPOWER,20110613,20.7,21.7,20.4,20.45,1655076
GRINDWELL,20110613,239,240,235.6,240,4512
GRUH,20110613,419.2,436.7,419.2,431.85,77364
GSFC,20110613,350,353.95,349,350.7,22735
GSKCONS,20110613,2419,2515.05,2379.95,2462.35,7939
GSLNOVA,20110613,3.25,3.8,3.25,3.8,4220
GSPL,20110613,95.9,98.3,95.1,97.3,3179683
GSSAMERICA,20110613,188.7,188.7,180,180.75,11344
GTL,20110613,411,411,407.1,408,14144
GTLINFRA,20110613,32.05,32.4,31.85,32.3,459505
GTNIND,20110613,16.35,16.85,16,16.6,6131
GTNTEX,20110613,17,17,16,16.1,3541
GTOFFSHORE,20110613,227.2,233.95,227.05,232.25,22531
GUFICBIO,20110613,7.4,8.15,7.35,7.6,10293
GUJALKALI,20110613,138.7,140,136.25,137.5,47417
GUJAPOLLO,20110613,134,137.95,133.3,136.8,2454
GUJFLUORO,20110613,352,352,334.5,343.55,37821
GUJNRECOKE,20110613,49.15,49.6,48,48.6,531471
GUJNREDVR,20110613,23.55,23.9,23.1,23.3,46909
GUJRATGAS,20110613,380,380,372,376.2,12373
GULFOILCOR,20110613,90,90.7,89,89.65,96688
GVKPIL,20110613,21.55,22.2,21.55,22.1,8006130
HALONIX,20110613,79,79,75.4,76.95,1564
HANUNG,20110613,164.75,164.75,160.1,160.55,221141
HARITASEAT,20110613,66.75,66.75,66.75,66.75,200
HARRMALAYA,20110613,77.3,78.3,76.3,77.05,29332
HATHWAY,20110613,113,114.95,111.25,111.95,10055
HAVELLS,20110613,428.5,429,423.1,426.05,188414
HBLPOWER,20110613,18.6,19.15,18.6,18.75,16028
HBSTOCK,20110613,13,14.1,13,13.7,1737
HCC,20110613,33.45,34.35,32.75,34.05,7028499
HCIL,20110613,38.65,39.2,37.75,39,29883
HCL-INSYS,20110613,97.8,98.8,95,95.1,184117
HCLTECH,20110613,501,506,496.5,500.35,372637
HDFC,20110613,649.45,659.5,646.35,657,1371393
HDFCBANK,20110613,2353.15,2380,2344.15,2372.6,391778
HDFCMFGETF,20110613,2224.7,2228,2213,2214.85,6487
HDIL,20110613,176,176.55,171.35,174.85,2665741
HEG,20110613,248,251,246.15,248.35,40144
HEIDELBERG,20110613,41,41.75,40.75,40.95,31956
HELIOSMATH,20110613,33.15,34.75,33.1,34.05,30717
HERCULES,20110613,233,241,233,237.4,5155
HERITGFOOD,20110613,195,199.65,195,196.2,114
HEROHONDA,20110613,1715,1747.4,1708.5,1734.7,360844
HEXAWARE,20110613,71.95,73.15,70.1,71.85,1374079
HFCL,20110613,20.5,20.7,19.6,20.1,9126862
HGSL,20110613,399.85,404.05,394.25,400.05,1095
HIKAL,20110613,300.35,305,300.05,301.95,640
HILTON,20110613,16.1,17.15,16.1,16.95,1043
HIMATSEIDE,20110613,34.05,34.5,34,34.1,6412
HINDALCO,20110613,183.85,183.85,179.5,180.35,6475200
HINDCOMPOS,20110613,485.95,485.95,475,475,31
HINDCOPPER,20110613,278,282.05,275.25,277.15,49529
HINDDORROL,20110613,61.6,62,58.6,58.9,170663
HINDMOTORS,20110613,18.2,18.35,17.85,17.95,208514
HINDNATGLS,20110613,199,200.9,196.5,198.2,1135
HINDOILEXP,20110613,192.75,194.9,188.6,193.95,838368
HINDPETRO,20110613,368.8,373.7,366.25,371.2,258534
HINDUJAFO,20110613,76,76.7,72.2,75,4405
HINDUJAVEN,20110613,301,301,287.35,289.95,12489
HINDUNILVR,20110613,308.4,315.8,308.4,313.95,1290141
HINDZINC,20110613,134.5,135.5,132.3,135.05,456546
HIRECT,20110613,48,49.95,48,49.45,5008
HITACHIHOM,20110613,203.9,203.95,195,199.25,72149
HITECHGEAR,20110613,114,117.4,111.9,112,10650
HITECHPLAS,20110613,92,92.8,91.35,91.65,1669
HMT,20110613,58.25,58.6,57.5,57.7,59344
HMVL,20110613,146.9,148.4,141,144.6,3867
HNGSNGBEES,20110613,1330,1367.99,1326.79,1342.2,60
HOCL,20110613,34.15,34.45,33.7,33.9,27756
HONAUT,20110613,2540,2540,2418,2521,1816
HONDAPOWER,20110613,405,410,401.2,404,7338
HOTELEELA,20110613,39.05,39.45,38.85,39.2,79977
HOTELRUGBY,20110613,10.5,10.5,9.5,10,470
HOVS,20110613,84.15,86,84.15,85.8,6039
HSIL,20110613,174,174.75,167.3,169.5,107133
HTMEDIA,20110613,163.9,163.9,158,158.45,11580
HYDRBADIND,20110613,360,424.4,358.1,416.1,516126
HYDROS&S,20110613,22.2,22.95,22.05,22.75,1527
IBN18,20110613,85.3,87.05,82.5,83.55,37520
IBPOW,20110613,20.1,20.45,19.9,20,289176
IBREALEST,20110613,115.35,116.6,113.65,115.15,1380586
IBSEC,20110613,14.5,14.5,14.2,14.3,311786
ICICIBANK,20110613,1030.2,1046,1027.95,1039.6,1874470
ICIL,20110613,12,13.4,12,13.1,517
ICRA,20110613,1042.5,1060,1028.6,1050.6,32049
ICSA,20110613,115,116,112.4,112.85,66905
IDBI,20110613,131.1,132.2,129.5,131.6,1086456
IDEA,20110613,71.8,72.7,71.5,72,4108334
IDFC,20110613,133.4,133.95,131.2,132,3301718
IFBAGRO,20110613,85,85.55,82.15,83.4,5376
IFBIND,20110613,118.6,118.95,114.95,116.4,14749
IFCI,20110613,48,48.4,47.1,47.7,4779587
IFGLREFRAC,20110613,32.4,34,32.4,33.9,7693
IGARASHI,20110613,50.75,51.4,48.2,50.7,2454
IGL,20110613,349.95,353.5,347.45,352.3,380147
IGPL,20110613,27,28.35,26.5,27.4,5170
IL&FSENGG,20110613,160.8,164.5,160.3,163.65,10596
IL&FSTRANS,20110613,210.7,210.7,201.05,205.55,24087
IMPAL,20110613,671,685,671,675.2,561
IMPEXFERRO,20110613,9.8,10.9,9.8,10.5,10367
INDBANK,20110613,11.4,11.4,10.8,11,25980
INDHOTEL,20110613,80,80.1,79,79.4,739671
INDIABULLS,20110613,156.75,159.5,154,158.05,374558
INDIACEM,20110613,82.65,84,82,83.6,160869
INDIAGLYCO,20110613,117.8,117.8,113,114.25,21302
INDIAINFO,20110613,82.6,84.25,81.1,83.1,888119
INDIANB,20110613,214.15,217.15,214,215.75,621177
INDIANCARD,20110613,108,108,106.5,106.5,725
INDIANHUME,20110613,134.5,134.95,130.95,131,2827
INDLMETER,20110613,88,88,88,88,1800
INDNIPPON,20110613,256,276,256,261.95,551
INDOASIFU,20110613,76,79.45,76,78.35,16046
INDOCO,20110613,420.2,420.2,415,419.1,2718
INDORAMA,20110613,45.35,46.6,44.25,44.9,15368
INDOSOLAR,20110613,15.95,15.95,15.6,15.8,108188
INDOTECH,20110613,143,145.7,140.3,142.2,15896
INDOWIND,20110613,21.1,21.9,21,21.3,55051
INDRAMEDCO,20110613,35.6,36.8,35.6,35.8,17272
INDSWFTLAB,20110613,97.6,99.5,96.8,97.85,41797
INDSWFTLTD,20110613,31.4,31.4,31.05,31.25,2166
INDTERRAIN,20110613,143.8,150.65,133.1,150.65,51843
INDUSFILA,20110613,23.05,23.3,21,22.75,3611
INDUSINDBK,20110613,259.45,263.2,253.15,261.65,525953
INEABS,20110613,650,723.7,637,680.85,681671
INFINITE,20110613,140,140,134,134.45,26924
INFODRIVE,20110613,14.05,15,14,14.25,3156
INFOMEDIA,20110613,18.9,19,18.45,18.75,3255
INFOSYSTCH,20110613,2848.5,2882.2,2819.7,2877.6,966648
INFOTECENT,20110613,131.25,144.05,131.25,142.25,52188
INFRABEES,20110613,297.8,302,297.8,302,337
INGERRAND,20110613,482.2,488.9,472,481.45,9037
INGVYSYABK,20110613,347.65,347.65,339.3,342.15,33700
INNOIND,20110613,94.15,97.25,92.7,96.05,51825
INOXLEISUR,20110613,45.6,45.75,44.65,45.3,53168
INSECTICID,20110613,319,320.95,314.15,315.05,39206
IOB,20110613,140.25,144,138.75,143.5,429120
IOC,20110613,316.9,324,315.2,323.25,493069
IOLCP,20110613,36.45,37.55,36.05,36.5,1525
IPCALAB,20110613,345.95,348.95,339.7,347.8,54469
IPGETF,20110613,2207.65,2239,2202.8,2230.95,273
IRB,20110613,167.9,176.95,165.15,175.9,1840418
ISFT,20110613,64.95,65,64.8,65,10085
ISMTLTD,20110613,41.4,41.4,40.1,40.4,29890
ISPATIND,20110613,20.85,21.15,20.6,20.9,2205423
ITC,20110613,191.3,192.35,189.95,190.9,4070609
ITDCEM,20110613,159.9,162.7,159.2,160,1472
ITI,20110613,32.5,32.65,32.1,32.3,59362
IVC,20110613,33.3,34.1,33,33.55,28443
IVRCLAH,20110613,50.8,52,50.3,51.7,38821
IVRCLINFRA,20110613,76.4,77.95,74.55,77.6,3444141
J&KBANK,20110613,812,841.5,805,831.9,91474
JAGRAN,20110613,123,123.9,122.75,123.1,10701
JAGSNPHARM,20110613,15.05,15.5,15.05,15.25,1601
JAIBALAJI,20110613,187,194,186,188.7,49868
JAICORPLTD,20110613,132.75,134.3,128.5,129.9,759060
JAMNAAUTO,20110613,125,132.9,125,128.35,1057
JAYAGROGN,20110613,84.5,84.95,81.85,82.9,12090
JAYBARMARU,20110613,80,80.75,78.6,79.95,1398
JAYNECOIND,20110613,23,23.85,23,23.4,17288
JAYSREETEA,20110613,165.15,169.45,164.05,166.3,46567
JBCHEPHARM,20110613,125.95,134.4,125.5,131.55,1300121
JBFIND,20110613,164.15,165.8,163.8,164.25,57232
JBMA,20110613,73.2,74.5,73.2,74,1219
JENSONICOL,20110613,5.65,5.85,5.55,5.65,30932
JETAIRWAYS,20110613,450,454.9,445.25,450.75,365403
JHS,20110613,64,65.05,62.35,63.05,23604
JIKIND,20110613,8.1,8.15,7.9,8,5402
JINDALPHOT,20110613,158.1,159.1,156.5,158.45,26233
JINDALPOLY,20110613,327.9,332,325,327.9,143484
JINDALSAW,20110613,156.1,158.9,155.5,157.5,150155
JINDALSTEL,20110613,629,632.5,623,630.95,444253
JINDALSWHL,20110613,1020.05,1027.75,1002,1009.75,28352
JINDCOT,20110613,105.2,109.3,105.1,108.5,146021
JINDRILL,20110613,447.85,447.85,438.4,442.25,1742
JINDWORLD,20110613,203,203,185.5,189.55,606
JISLJALEQS,20110613,156.2,156.9,154.2,155,959244
JKCEMENT,20110613,105,108.5,105,106.65,14645
JKIL,20110613,137.25,140,137.25,139.1,2007
JKLAKSHMI,20110613,45.4,46.4,45.3,45.85,19279
JKPAPER,20110613,48.65,48.9,48,48.3,48746
JKTYRE,20110613,98.55,99.25,97.4,97.85,15297
JMCPROJECT,20110613,159,159,150.2,152.8,3670
JMFINANCIL,20110613,24.2,24.7,24.15,24.45,314179
JOCIL,20110613,268.1,277,268.1,271.4,1786
JPASSOCIAT,20110613,81,84.65,80.65,84.2,9744042
JPINFRATEC,20110613,52,53,51.85,52.8,52070
JPPOWER,20110613,51,51.9,50.05,51.4,264813
JSL,20110613,105.35,109.4,104.1,105.95,71401
JSWENERGY,20110613,70.45,70.6,69.8,69.95,498601
JSWSTEEL,20110613,899.1,899.1,880,886.1,602646
JUBILANT,20110613,180,180,164.5,165,151995
JUBLFOOD,20110613,806.7,806.7,780,783.95,407471
JUBLINDS,20110613,180.8,197,175.25,177.45,112655
JUMBO,20110613,19.1,20,19,19.4,5259
JUNIORBEES,20110613,112.5,113.3,111.52,113.06,6875
JUPITER,20110613,22.6,23,22.1,22.25,270334
JYOTHYLAB,20110613,201.45,206,200.5,203.2,16836
JYOTISTRUC,20110613,91.7,93.5,89.25,89.75,385914
KABRAEXTRU,20110613,54,54.95,53.5,53.9,3664
KAJARIACER,20110613,88.1,90.9,88.1,89.5,69636
KAKATCEM,20110613,71,71.95,70.7,70.9,113
KALECONSUL,20110613,79.85,79.85,78,78.25,3111
KALINDEE,20110613,106.5,109,105.1,107.5,147136
KALPATPOWR,20110613,122.1,123.7,121.4,123.05,30821
KAMATHOTEL,20110613,98,99,96.2,96.6,16647
KANORICHEM,20110613,49.8,49.9,48.95,49.75,72556
KANSAINER,20110613,860.05,874.9,860,861.1,116
KARURKCP,20110613,38,39.9,38,39.4,2601
KARURVYSYA,20110613,410.55,414,410,412.05,17610
KAUSHALYA,20110613,9.9,10.4,9.85,10.3,12608
KAVVERITEL,20110613,146.8,152.2,144.2,149,107895
KBIL,20110613,530,560,526.05,539,2059
KCP,20110613,25.1,25.4,24.9,25.15,18461
KCPSUGIND,20110613,15.5,15.7,15.3,15.7,22364
KEC,20110613,79.2,81.4,79.2,80.45,61581
KECL,20110613,45,45.4,43.95,44.1,6166
KEI,20110613,22.8,23.2,22.6,22.95,36656
KEMROCK,20110613,525,529,516.2,519.75,28253
KERNEX,20110613,95.05,103,95.05,99.35,86300
KESARENT,20110613,46.95,48.55,46.95,48.55,22
KESORAMIND,20110613,185,186.25,183.05,185.35,3579
KFA,20110613,40.95,41.8,40.95,41.3,974734
KGL,20110613,13.45,13.7,12.95,13,1632932
KHAITANELE,20110613,107.05,110,107,108.7,10641
KICL,20110613,779,779,740,748.7,508
KIL,20110613,18.65,18.7,18.25,18.3,1768
KILITCH,20110613,60,60.75,56.6,58.85,1360
KIRIINDUS,20110613,221.75,221.75,215.55,220.15,10551
KIRLOSBROS,20110613,145,148.9,145,147.65,4670
KIRLOSENG,20110613,125.05,125.9,122,125,3831
KIRLOSIND,20110613,288,300,288,294.95,1100
KITPLYIND,20110613,3.9,3.9,3.7,3.8,9052
KKCL,20110613,585,589,570,586.05,1109
KLGSYSTEL,20110613,53.95,54.95,53,54,38042
KLRF,20110613,30.9,30.9,30.9,30.9,10
KMSUGAR,20110613,3.2,3.5,3.2,3.5,2417
KNRCON,20110613,108.05,111.5,108.05,110.2,7370
KOHINOOR,20110613,52.45,52.45,50.75,50.95,44186
KOLTEPATIL,20110613,48.55,49.4,48.2,49,43048
KOPRAN,20110613,24.1,24.1,23,23.45,32366
KOTAKBANK,20110613,437.25,447,437.25,443.6,745804
KOTAKGOLD,20110613,2174.7,2174.75,2160.25,2161.6,19350
KOTAKNIFTY,20110613,555,560,554,556,67
KOTAKPSUBK,20110613,395,405,395,399,361
KOTARISUG,20110613,6.5,6.5,6.1,6.35,15010
KOTHARIPET,20110613,7.75,7.8,7.55,7.55,4864
KOTHARIPRO,20110613,425,436.95,425,434.5,535
KOUTONS,20110613,30,30,29,29.25,42554
KPIT,20110613,169.95,170.05,166.4,167.7,40742
KPRMILL,20110613,136,137.8,133.1,134.55,3919
KRBL,20110613,27.5,27.8,27,27.3,424887
KSBPUMPS,20110613,241.25,241.25,232.1,232.35,1707
KSCL,20110613,396.55,408,393.5,399.9,36437
KSE,20110613,206,206,200,203.3,534
KSERASERA,20110613,11.1,11.3,11.1,11.25,92389
KSK,20110613,115,116,114.25,115,14613
KSL,20110613,78.1,78.55,77,77.45,16511
KSOILS,20110613,24.7,24.7,24.15,24.3,2385092
KTIL,20110613,79,80,79,80,1430
KTKBANK,20110613,122,128.3,118.7,127,3418513
KWALITY,20110613,114,119,112.6,113.2,578207
LAKPRE,20110613,47.1,48.95,47.1,48.55,394
LAKSHMIEFL,20110613,44.95,45,44,44.1,17225
LAKSHMIMIL,20110613,1740,1850.05,1740,1789.95,162
LAKSHVILAS,20110613,119,123.95,118.2,123.55,242579
LANCOIN,20110613,37.5,37.9,36.2,37.4,8139
LAOPALA,20110613,68.35,73.45,68.35,70.45,1299
LAXMIMACH,20110613,2096,2150,2095,2103.2,2048
LCCINFOTEC,20110613,0.75,0.75,0.65,0.7,209457
LGBBROSLTD,20110613,274,278.5,271.25,275.15,1411
LGBFORGE,20110613,2.95,2.95,2.7,2.9,301
LIBERTSHOE,20110613,89.4,91.45,89.4,90.4,21646
LICHSGFIN,20110613,225.4,226.65,222.2,226,2318848
LIQUIDBEES,20110613,1000.01,1000.01,999.99,1000,55839
LITL,20110613,31.1,31.7,30.5,31.05,8534347
LLOYDELENG,20110613,55,55,54.2,54.4,12983
LLOYDSTEEL,20110613,19.35,19.6,19.1,19.15,680583
LML,20110613,9.15,9.15,9.05,9.1,55680
LOGIXMICRO,20110613,18.1,19.9,17.75,18.75,24035
LOKESHMACH,20110613,42.8,42.8,42.7,42.7,527
LOVABLE,20110613,390,402.7,372.25,391.05,5383247
LT,20110613,1689.9,1712.9,1676.65,1707.9,877116
LUMAXIND,20110613,340.05,357,340.05,346.95,1576
LUMAXTECH,20110613,167.25,171.5,167.25,171,1844
LUPIN,20110613,438.3,441,431.55,433.35,987525
LYKALABS,20110613,22,22,21.05,21.2,26822
M&M,20110613,663.4,670.5,657.95,664.2,1258255
M&MFIN,20110613,657,659.95,640,645.7,52089
M100,20110613,7.95,7.95,7.7,7.79,111810
M50,20110613,75.86,75.86,72.2,72.81,24340
MAANALU,20110613,58.65,63.7,58.65,61.7,10160
MADHAV,20110613,18.95,18.95,17,17.4,15473
MADHUCON,20110613,94.9,95.75,91.25,91.8,20744
MADRASCEM,20110613,88.3,89.5,86.15,88.25,19464
MADRASFERT,20110613,25,27.3,25,26.95,142725
MAGMA,20110613,72,73.1,72,72.65,99565
MAGNUM,20110613,6,6.3,5.8,6.05,8157
MAHABANK,20110613,58.5,59.15,58.4,58.95,145841
MAHINDFORG,20110613,75.9,75.9,72.4,72.6,16693
MAHINDUGIN,20110613,49.95,51,49.9,50.8,1379
MAHLIFE,20110613,363.2,367,359,361.1,187135
MAHSCOOTER,20110613,363.8,365,363.5,364.95,257
MAHSEAMLES,20110613,364.85,365,360.25,362.8,4617
MALUPAPER,20110613,12.5,12.85,12.5,12.5,727
MALWACOTT,20110613,39.65,44.5,38,40.9,67026
MANAKSIA,20110613,73.5,74.1,73.15,73.5,3912
MANALIPETC,20110613,14.5,15.2,14.4,14.85,998734
MANAPPURAM,20110613,57.8,58,55.4,57.45,2291421
MANDHANA,20110613,180.35,182.35,180.2,181.15,57550
MANGALAM,20110613,13.05,14.15,12.9,13.4,1700
MANGCHEFER,20110613,31.85,32,31.35,31.8,115142
MANGLMCEM,20110613,114.9,117,114.2,115,4631
MANGTIMBER,20110613,18,18,17.6,17.7,652
MANINDS,20110613,125,128.5,124,127.15,49422
MANINFRA,20110613,127.5,137,127.5,131.95,15402
MANJUSHREE,20110613,78,79.9,76.75,79.1,5574
MANUGRAPH,20110613,48.7,50.25,48,49.85,8327
MARALOVER,20110613,13.65,14.3,13.65,13.85,1752
MARG,20110613,101,101,97.25,98.75,92463
MARICO,20110613,139.85,140.8,137.2,140,52412
MARKSANS,20110613,2.6,2.6,2.45,2.45,70498
MARUTI,20110613,1220,1236.4,1208.15,1224.95,408847
MASTEK,20110613,104.9,107.85,104.05,105.9,43535
MAWANASUG,20110613,24.3,24.3,22.65,22.85,7430
MAX,20110613,168,183.9,166.05,179.05,2954990
MAXWELL,20110613,21.5,21.5,20.25,20.6,89121
MBECL,20110613,170,176,167.5,174.25,34556
MBLINFRA,20110613,146.95,146.95,140.5,142,30388
MCDHOLDING,20110613,93,94.75,91.15,93.5,9769
MCDOWELL-N,20110613,1013.95,1013.95,982.1,989,972102
MCLEODRUSS,20110613,261,266.65,257.05,265.8,621283
MEGASOFT,20110613,24.3,24.65,23.8,24.25,10057
MEGH,20110613,11.9,12.05,11.8,11.95,38911
MELSTAR,20110613,8,8,8,8,5
MERCK,20110613,589.4,618,589,610,3735
MHRIL,20110613,365,368.95,363.05,364.75,5768
MIC,20110613,17.95,18,17.6,17.75,169870
MICROSEC,20110613,38.9,39.1,38.05,39.05,7508
MICROTECH,20110613,132.9,134.95,131.8,132.1,5827
MID-DAY,20110613,5.8,6.2,5.8,6,14662
MINDAIND,20110613,243,249.3,242.8,246.95,733
MINDTREE,20110613,351.15,356.55,347.25,348.9,55671
MIRCELECTR,20110613,26.75,27.1,26.3,27.1,93802
MIRZAINT,20110613,22.4,22.75,22.1,22.3,61710
MLL,20110613,40.5,42.1,39.95,41.75,1818366
MMFL,20110613,114,117,114,117,702
MMFSL,20110613,59.45,63.6,59.45,63.6,30804
MMTC,20110613,950,950,901,908.35,5525
MOIL,20110613,349.95,350.6,346.45,348.55,74471
MONNETISPA,20110613,523.1,523.1,508.2,510.05,3113
MONSANTO,20110613,1770,1785,1720,1735.35,5561
MORARJETEX,20110613,15.5,17.85,15.5,17.25,6279
MOREPENLAB,20110613,5,5,4.9,4.95,86888
MOSERBAER,20110613,40.35,41.1,39.35,40.1,564768
MOTHERSUMI,20110613,233.5,234.8,228.05,231.55,72780
MOTILALOFS,20110613,103.5,103.5,98.5,98.75,19901
MOTOGENFIN,20110613,45.75,45.75,44,45,979
MPHASIS,20110613,458.25,468,456,460.25,109371
MPSLTD,20110613,35.4,35.4,33.3,33.4,3660
MRF,20110613,6800,6820,6700,6748.1,4569
MRPL,20110613,75.7,76.3,75,76.05,434893
MSPL,20110613,52,52,48,48.6,7656
MTNL,20110613,44.8,45.5,44.2,45.25,383367
MUDRA,20110613,54.35,54.75,54.25,54.55,54530
MUKANDENGG,20110613,31,32.75,31,31.7,3075
MUKANDLTD,20110613,45,45.2,44,44.45,12160
MUKTAARTS,20110613,38.6,38.6,36.75,36.85,24378
MUNDRAPORT,20110613,152.45,155.4,150.05,154.75,749987
MUNJALAU,20110613,150,150,134.5,135.4,1426
MUNJALSHOW,20110613,58.25,60.65,58.25,60.45,31987
MURUDCERA,20110613,18.6,18.6,17.9,18.2,3459
MUTHOOTFIN,20110613,166.5,169.2,163.05,167.4,292508
MVL,20110613,26.5,27.35,26.5,27,251183
MVLIND,20110613,16.1,17.7,16.1,16.9,52
MYSOREBANK,20110613,629,634.9,621,621.75,3315
N100,20110613,103.98,103.98,100.7,100.99,2289
NAGARFERT,20110613,32.4,32.7,32.05,32.55,1255488
NAGREEKCAP,20110613,29.5,31.5,29,29.8,766
NAGREEKEXP,20110613,23,23.85,23,23.55,689
NAHARCAP,20110613,65.45,65.45,63.4,65.15,526
NAHARINDUS,20110613,55,56,53.1,55.65,845
NAHARINVST,20110613,29,32,28,28.85,1609
NAHARSPING,20110613,86.25,88.45,86.25,86.7,10966
NANDAN,20110613,2.65,2.65,2.6,2.6,121944
NATCOPHARM,20110613,278.15,284.4,273.95,278.3,26154
NATIONALUM,20110613,88.75,89.6,87.9,88.25,88660
NATNLSTEEL,20110613,19.45,19.5,18.85,19,11492
NAUKRI,20110613,687,740,687,726.3,8673
NAVINFLUOR,20110613,293.35,297,293,295.45,16601
NAVNETPUBL,20110613,65.15,66.7,64.05,65.75,197492
NBVENTURES,20110613,219.5,222.5,217,218.45,5478
NCC,20110613,84.9,85.8,83.25,84.75,399583
NCLIND,20110613,37.75,37.75,36.75,37.3,7410
NDTV,20110613,65,66.9,64.5,65.4,70531
NECLIFE,20110613,26.3,26.5,25.5,25.7,17262
NELCAST,20110613,99.9,101,99,100,12667
NELCO,20110613,72.3,75.3,72.3,73.75,50061
NEOCURE,20110613,2.75,3,2.7,2.9,11657
NESCO,20110613,653.4,680.8,637.15,663.05,1717464
NESTLEIND,20110613,4180,4198.8,4101,4147.35,9321
NET4,20110613,130,130,128.25,129.7,21050
NETWORK18,20110613,151,155,149,153.15,86751
NEULANDLAB,20110613,126,132,126,130.65,2519
NEYVELILIG,20110613,102,102.4,99.75,101.85,140173
NFL,20110613,100.2,101.45,99.1,100.65,89539
NHPC,20110613,24.5,24.75,24.2,24.5,3143465
NICCO,20110613,3.8,3.85,3.4,3.85,604105
NIFTYBEES,20110613,561.99,563.79,554.75,561,21049
NIITLTD,20110613,55.4,55.4,54.45,54.95,106401
NIITTECH,20110613,185.65,189,185,186.65,94425
NILKAMAL,20110613,273.5,274.25,267,270.85,1729
NIPPOBATRY,20110613,427.1,437.9,427.1,434.9,356
NISSAN,20110613,2.65,2.7,2.6,2.65,51139
NITCO,20110613,57.65,61.5,57.65,60.45,14818
NITESHEST,20110613,24.4,24.45,23.8,24.2,72224
NITINFIRE,20110613,98.5,100.15,96.8,97.45,403971
NITINSPIN,20110613,9.55,9.9,9.55,9.8,11926
NMDC,20110613,269.95,269.95,262.5,265.95,80911
NOCIL,20110613,17.95,17.95,17.25,17.5,192906
NOIDATOLL,20110613,25.95,25.95,25.45,25.55,84524
NORBTEAEXP,20110613,7.7,7.7,6.9,7.35,2273
NRBBEARING,20110613,51,51.6,50.5,50.8,8158
NRC,20110613,6.3,7.25,6.3,6.8,17228
NSIL,20110613,757,779.95,757,775.6,72
NTPC,20110613,175.55,181.3,175.55,180,2632181
NUCENT,20110613,1.75,1.75,1.75,1.75,11
NUCHEM,20110613,5.35,5.7,5,5.3,47318
NUCLEUS,20110613,85.5,87.9,83.7,84.35,21248
NUMERICPW,20110613,221.95,227.95,219,223.1,2104
NUTEK,20110613,4.45,4.55,4.3,4.45,350976
OBEROIRLTY,20110613,234,234,227.15,228.7,9315
OCL,20110613,102.5,105.95,102.15,105.65,1904
OFSS,20110613,2245.8,2292,2216,2278.3,84368
OIL,20110613,1268,1289.95,1255,1278.65,22276
OILCOUNTUB,20110613,71.5,72,71.2,71.4,2601
OISL,20110613,42.15,42.45,41.75,42,14252
OMAXAUTO,20110613,41.2,43.5,41.2,42.6,3532
OMAXE,20110613,129.5,134.4,127.2,129.5,71284
OMKARCHEM,20110613,53.9,59.95,53.9,57.55,15655
OMNITECH,20110613,155,155,147,150.3,5229
ONGC,20110613,266,270.45,264.2,268.95,3031507
ONMOBILE,20110613,109.8,112.65,108.75,111,418824
ONWARDTEC,20110613,38.95,38.95,36.1,37.3,7902
OPTOCIRCUI,20110613,282.3,282.35,277.45,280.05,147977
ORBITCORP,20110613,44.1,44.35,43.3,44.25,228514
ORCHIDCHEM,20110613,285.15,286.05,280.1,284.1,363828
ORIENTABRA,20110613,31.5,32.25,31.5,31.95,14199
ORIENTALTL,20110613,8.65,9,8.65,8.95,2170
ORIENTBANK,20110613,341.9,351,340.15,349.65,204605
ORIENTCERA,20110613,52.4,53.3,51,51.95,576
ORIENTHOT,20110613,31.45,31.45,29.65,30,2521
ORIENTLTD,20110613,85,85,85,85,3
ORIENTPPR,20110613,60,60.55,59.05,59.75,26896
ORISSAMINE,20110613,50500,50997.95,49300,49580,672
OSWALMIN,20110613,42,43.8,42,43.8,339
OUDHSUG,20110613,28.05,29,28.05,28.95,3244
PAEL,20110613,28.2,28.45,27.45,28,1449
PAGEIND,20110613,1739.7,1740,1725,1737.35,632
PANACEABIO,20110613,172.05,173.9,171.05,172.2,4998
PANASONIC,20110613,119.95,125.95,116,118.8,124
PANCARBON,20110613,156,157,152.25,154.5,500
PANORAMUNI,20110613,16.15,16.15,15.55,15.8,6494
PANTALOONR,20110613,284,291,280.8,282.25,730664
PAPERPROD,20110613,75.45,77.5,74.5,77.1,105162
PARABDRUGS,20110613,40,41.3,39.55,40.5,27756
PARACABLES,20110613,4,4.05,3.8,4,15008
PARAL,20110613,263,299.35,261.6,282.3,565377
PARAPRINT,20110613,22.75,23.3,22.2,22.55,604638
PARASPETRO,20110613,0.55,0.6,0.55,0.55,5050
PAREKHPLAT,20110613,4.95,4.95,4.85,4.9,995
PARSVNATH,20110613,43,43.6,43,43.05,201925
PATELENG,20110613,158,163.7,156.5,161.6,1395881
PATINTLOG,20110613,23.35,24.75,23.35,24.75,2
PATNI,20110613,348.05,354.8,348.05,352.9,89384
PATSPINLTD,20110613,17.2,18.95,17.2,18.3,2936
PBAINFRA,20110613,63.7,65.35,63.25,64.5,12128
PDPL,20110613,104.25,107.05,100.9,102.35,6612
PDUMJEIND,20110613,19.65,19.65,19.45,19.45,736
PDUMJEPULP,20110613,21.05,21.25,20,20.7,17773
PEACOCKIND,20110613,2.6,2.6,2.6,2.6,141
PEARLPOLY,20110613,22.3,23.5,21.55,23.4,39453
PENIND,20110613,39.3,41.1,39.3,39.7,28739
PENINLAND,20110613,57.7,58,56.45,56.9,37937
PERIATEA,20110613,180.1,184.95,178.2,182.3,1235
PERSISTENT,20110613,381.5,385,374.15,376,10437
PETRONENGG,20110613,366,373.8,366,372.4,22740
PETRONET,20110613,139.85,141.7,138.4,140.8,1197423
PFC,20110613,200,202.35,199,200.95,973834
PFIZER,20110613,1294.9,1335,1263,1319.75,5448
PFOCUS,20110613,62.05,63.7,61.35,62.45,221066
PFS,20110613,17.95,18.45,17.95,18.4,119648
PGHH,20110613,1950.2,1979.45,1926,1949.4,849
PHILIPCARB,20110613,139.5,141.85,139.5,141.4,6512
PHOENIXLTD,20110613,190,195.35,187,191.6,19184
PIDILITIND,20110613,157.1,159.5,155.2,157.15,54531
PIONDIST,20110613,47.05,50,47.05,49.7,324
PIONEEREMB,20110613,18,18.7,18,18,633
PIPAVAVYD,20110613,80.8,81.6,80.1,80.4,1226296
PIRGLASS,20110613,123.2,130.45,123.2,129.55,15255
PIRHEALTH,20110613,368.9,368.9,361.25,363.6,76466
PIRLIFE,20110613,90.85,90.9,88,88.75,3632
PITTILAM,20110613,38.85,39.95,38.85,39.15,1430
PLASTIBLEN,20110613,209,212.95,208.2,212.95,1616
PLETHICO,20110613,353.25,353.95,352.2,353,16589
PNB,20110613,1090,1090,1078.05,1085.8,59499
PNBGILTS,20110613,26.75,27.1,26.3,26.95,28631
PNC,20110613,15.8,15.8,15.1,15.65,7389
POCHIRAJU,20110613,17.25,17.25,16.85,17.15,3576
POLARIND,20110613,4.25,4.3,4.1,4.25,4008
POLARIS,20110613,186,186,182.35,184.4,262194
POLYPLEX,20110613,194.7,199,193,197.4,208184
PONDYOXIDE,20110613,32.95,33.35,32.55,32.7,9056
PONNIERODE,20110613,92,93.2,91.5,93.2,1198
POWERGRID,20110613,101,103,100.55,102.55,1602800
PPAP,20110613,99.5,101,99,99.9,1429
PRADIP,20110613,84.3,85.1,84.1,84.7,6785
PRAJIND,20110613,73,74.75,71.9,73.8,367931
PRAKASH,20110613,67,69.9,66.25,69.25,353810
PRAKASHSTL,20110613,156.8,156.8,152,153.1,13245
PRATIBHA,20110613,55.8,56.4,55.1,55.75,33412
PRECOT,20110613,159,162,158,159.8,621
PRECWIRE,20110613,122,122,120,120.95,936
PREMIER,20110613,94,95.95,92.3,94.3,24195
PRESTIGE,20110613,136.15,138.5,134.25,135.1,25669
PRETAILDVR,20110613,178,178,167,169.1,1664
PRICOL,20110613,20.05,21.8,20,21.35,107887
PRIMESECU,20110613,23.7,24.45,23.7,24,22647
PRISMCEM,20110613,48.5,48.75,48,48.1,18861
PRITHVISOF,20110613,15.4,15.4,15.4,15.4,15
PROVOGUE,20110613,38.25,38.7,37.9,38.45,191273
PSB,20110613,100.7,101.95,100.1,101.5,27316
PSL,20110613,74.7,74.85,72.1,73.3,47677
PSUBNKBEES,20110613,389,389,386,388.5,1100
PTC,20110613,81.3,81.55,80.25,80.4,674171
PUNJABCHEM,20110613,79.2,80.5,79.2,80.45,462
PUNJLLOYD,20110613,66,71.85,65.15,70.9,24084428
PURVA,20110613,95.55,95.6,93.55,94.7,14772
PVP,20110613,9.7,9.7,9.1,9.1,92509
PVR,20110613,106.8,114.35,105.65,107.55,798522
QGOLDHALF,20110613,1082,1085.7,1076.1,1077.05,487
QNIFTY,20110613,620,620,550.1,553.4,81
RADAAN,20110613,2.4,2.45,2.4,2.4,3083
RADICO,20110613,130.8,131.8,128.3,130.8,448059
RAINBOWPAP,20110613,61.9,63.8,61.9,62.85,20348
RAINCOM,20110613,182.5,183.45,178.3,179.7,76291
RAJESHEXPO,20110613,97.55,97.55,94.45,96.25,197237
RAJOIL,20110613,36,36.4,34.9,35.2,74279
RAJPALAYAM,20110613,562.25,599.95,562.25,579.3,5919
RAJRAYON,20110613,12.05,12.15,11.7,11.8,1471
RAJSREESUG,20110613,48.25,48.25,47.25,47.65,13087
RAJTV,20110613,52.3,55.65,51.65,53.5,179114
RAJVIR,20110613,163,170,162.7,168.75,33
RALLIS,20110613,1495,1543.7,1475.2,1507.5,33909
RAMCOIND,20110613,43.7,44.5,43.5,43.85,35674
RAMCOSYS,20110613,98.05,99.8,97.6,99.2,748
RAMKY,20110613,282.55,287.9,282,285.15,3417
RAMSARUP,20110613,17.6,18.15,17.2,17.45,16095
RANASUG,20110613,5.5,5.5,5.4,5.45,140239
RANBAXY,20110613,532,535.7,525.8,531.3,369858
RANEENGINE,20110613,218,227,210,227,151
RANEHOLDIN,20110613,238.95,240,232,239.95,400
RANKLIN,20110613,17,17.85,16.15,17.85,12865
RATNAMANI,20110613,113,115,109.9,110.6,2662
RAYMOND,20110613,390.7,392.5,379.85,384.3,643583
RBL,20110613,120,123.8,115.05,118.35,1540
RBN,20110613,70.15,71.35,69.5,70.85,36639
RCF,20110613,82.3,82.7,80.85,82.05,346940
RCOM,20110613,92.6,94.7,92.1,94.15,4898746
RECLTD,20110613,204,206.9,200.75,203.5,2593142
REDINGTON,20110613,83.5,84.3,82.1,83.8,39596
REIAGROLTD,20110613,27.4,27.4,26.65,26.8,110979
REISIXTEN,20110613,40.8,40.95,39.3,39.8,2456
RELBANK,20110613,1039.99,1040,1029,1029.3,69
RELCAPITAL,20110613,529.9,540.9,525.95,537.5,806003
RELGOLD,20110613,2109.9,2109.9,2096.2,2102.45,3149
RELIANCE,20110613,943.25,943.25,921,925.6,2954066
RELIGARE,20110613,474.05,475,468,471.2,90013
RELIGAREGO,20110613,2245,2245,2211.5,2219.65,386
RELINFRA,20110613,541.6,545.6,535.65,542.7,783177
RELMEDIA,20110613,132,133,130.35,131.75,414890
REMSONSIND,20110613,23.1,24.45,23.1,24.45,81
RENUKA,20110613,64.5,65.6,63.15,65.05,3161137
REPRO,20110613,131,137,130.1,132.4,110793
RESPONIND,20110613,94,94,94,94,1
RESURGERE,20110613,0.45,0.45,0.4,0.45,2603330
REVATHI,20110613,401.7,414,401.7,406.2,176
RICOAUTO,20110613,16.45,16.45,16.1,16.2,59916
RIIL,20110613,575.45,598.05,575,581.25,803158
RJL,20110613,107,114.5,107,113.55,11134
RKFORGE,20110613,104.05,105,104,105,126
RML,20110613,126.9,127,123.2,127,861
ROHITFERRO,20110613,37.65,38.85,37,38.3,95525
ROHLTD,20110613,64,65,63.2,64.4,4710
ROLTA,20110613,137.6,138.2,135.65,137.75,186767
RPGLIFE,20110613,81.5,82.9,81,82.15,4218
RPOWER,20110613,115.5,117.6,114.5,116.6,1115642
RPPINFRA,20110613,73.15,75.35,73.15,73.9,37577
RSWM,20110613,148.05,150.7,147.25,148.3,5883
RSYSTEMS,20110613,114.6,114.6,108.1,111.8,1252
RUBYMILLS,20110613,765,797.95,765,777.65,183
RUCHINFRA,20110613,21.5,21.65,20.6,21.25,25770
RUCHISOYA,20110613,97.5,100.25,96.4,99.25,168510
SADBHAV,20110613,140.5,143.45,140.5,141.9,7745
SAGCEM,20110613,136,146,136,146,2
SAHPETRO,20110613,33,36.9,32.75,34.75,122055
SAIL,20110613,144,145.45,141.3,143.85,1364684
SAKHTISUG,20110613,34.25,34.75,33.7,34.45,99339
SAKUMA,20110613,15.2,15.55,15.2,15.25,117
SALSTEEL,20110613,6.9,7.2,6.85,6.85,9238
SAMBANDAM,20110613,87.8,94.5,86.05,90.15,1941
SAMBHAAV,20110613,1.55,1.55,1.5,1.5,5149
SANGAMIND,20110613,42,42.45,41.35,41.65,36479
SANGHIIND,20110613,18.55,19.15,18.55,18.95,1815
SANGHVIFOR,20110613,61.5,67.3,58.3,67.25,868834
SANGHVIMOV,20110613,115,116.5,114.5,116,3346
SANWARIA,20110613,54.1,56,53.45,53.55,3792
SARDAEN,20110613,227,235,224,227.4,11644
SAREGAMA,20110613,62.6,67,61.15,65.9,14240
SARLAPOLY,20110613,120.05,133.75,117.1,120.1,690
SASKEN,20110613,145.5,149,145.5,146.35,23315
SATHAISPAT,20110613,51,51.45,48.95,49,10414
SATYAMCOMP,20110613,84.75,87.1,82.6,86.6,7113824
SAVERA,20110613,38,39,38,39,874
SBBJ,20110613,523.2,526.9,515.1,517.2,6213
SBIGETS,20110613,2222,2225,2206,2207.05,5088
SBIN,20110613,2238.95,2242,2210,2219.95,1705957
SBT,20110613,732,748.5,725.5,726.8,10579
SCI,20110613,105.1,105.1,103.85,104.7,153817
SEINVEST,20110613,15.5,16.25,13.7,14.1,2158593
SELAN,20110613,331,337.8,325,325.25,33132
SELMCL,20110613,18,18.1,17.85,17.9,172065
SENTINEL,20110613,15.95,16.1,15.7,15.95,1500
SERVALL,20110613,10.2,10.4,10.05,10.25,180900
SESAGOA,20110613,284.1,284.95,280.25,281.55,664673
SESHAPAPER,20110613,236.5,237.2,224.3,231,116
SGFL,20110613,6.05,6.05,6.05,6.05,602
SGJHL,20110613,265.95,268.9,264,266.75,165777
SGL,20110613,4.25,4.25,4,4.2,2285
SHANTIGEAR,20110613,42.55,42.95,42,42.55,100040
SHARIABEES,20110613,123,123.7,122.95,123.7,177
SHARRESLTD,20110613,57,57,55.55,55.9,622
SHILPAMED,20110613,246,249.95,241.55,247.65,811
SHILPI,20110613,17.7,17.95,17.4,17.65,62005
SHIV-VANI,20110613,242.6,247.85,241,243.6,11106
SHIVAMAUTO,20110613,114,117,113,114,2558
SHIVTEX,20110613,33.6,36,33.6,35.7,9599
SHLAKSHMI,20110613,91.75,93.35,90.1,90.5,19024
SHOPERSTOP,20110613,439,450.1,436.15,440.35,166911
SHPRE,20110613,7.1,7.1,6.7,6.95,10799
SHREEASHTA,20110613,5.2,5.25,5.1,5.15,1956071
SHREECEM,20110613,1764,1767,1730,1735.45,2188
SHREERAMA,20110613,5.55,5.95,5.55,5.85,12345
SHRENUJ,20110613,55.5,55.5,53.85,54.7,4938
SHREYANIND,20110613,20.3,23.25,20.3,22.25,4
SHREYAS,20110613,31.5,33.45,31.5,32.8,5490
SHRIRAMCIT,20110613,550.55,562.9,550.55,561.95,1767
SHRIRAMEPC,20110613,134.95,138.8,134.95,135.85,848
SHYAMTEL,20110613,41.5,42,41.3,41.85,856
SICAGEN,20110613,26.95,28.65,26.6,27.1,264520
SICAL,20110613,73.5,74.85,73.2,74.1,16410
SIEMENS,20110613,871.9,881,863.5,879.55,61378
SIMBHSUGAR,20110613,38.1,38.7,36.75,37.6,20408
SIMPLEX,20110613,109.5,109.5,106.7,107.55,532
SIMPLEXINF,20110613,296.15,308,296.15,301.55,1143
SINTEX,20110613,176.75,184,173.4,183.35,1321042
SITASHREE,20110613,6.1,6.35,6.1,6.3,6385
SIYSIL,20110613,434.95,453.95,430.25,450.2,17930
SJVN,20110613,21.15,21.3,21.15,21.25,68838
SKFINDIA,20110613,645,665,643.95,650.2,26253
SKMEGGPROD,20110613,9.4,9.75,9.4,9.45,1365
SKSMICRO,20110613,349.8,351.5,340.15,343.6,53320
SKUMARSYNF,20110613,67,67.4,64.75,65.95,1725216
SMARTLINK,20110613,55.3,57.1,55.25,55.5,67390
SMLISUZU,20110613,389.45,389.45,369.05,382.6,1952
SMPL,20110613,10.8,10.95,10.6,10.7,57763
SMSPHARMA,20110613,195,207.4,195,205.9,1291
SOBHA,20110613,260.9,263.45,256.3,259.95,125924
SOFTTECHGR,20110613,5,5,5,5,1051
SOLARINDS,20110613,633,639.7,625,626.45,164
SOMANYCERA,20110613,43,45,41.9,44.2,12827
SOMATEX,20110613,7.6,7.95,7.55,7.6,10485
SONASTEER,20110613,16.1,16.4,16,16.1,69089
SONATSOFTW,20110613,45.2,46,44.85,45.4,418681
SOTL,20110613,531.5,534,516.4,521.55,3521
SOUISPAT,20110613,11.25,11.25,10.45,10.45,254170
SOUTHBANK,20110613,25.3,26.1,24.7,25.75,3868230
SPANCO,20110613,136.3,138.8,136.2,136.45,795
SPARC,20110613,91.95,96.2,91.75,95.35,390608
SPENTEX,20110613,14.6,15.15,14.5,14.5,6151
SPIC,20110613,29,32.1,29,31.75,7336732
SPICEMOBIL,20110613,101,101,97.9,98.25,7104
SPLIL,20110613,4,4.4,4,4.2,29404
SPMLINFRA,20110613,175,181.8,175,179.95,5195
SPYL,20110613,33,34,33,33.65,3001
SREINFRA,20110613,40.65,42.65,40.25,42.4,999843
SRF,20110613,306,309,305.15,307.15,17721
SRGINFOTEC,20110613,0.7,0.8,0.65,0.65,146766
SRHHLINDST,20110613,3.95,4,3.85,4,1313
SRHHYPOLTD,20110613,40.1,44.35,40.1,42.8,756
SRICHAMUND,20110613,38.25,41.85,38.25,41.75,1200
SRTRANSFIN,20110613,648.65,648.65,628.1,634.65,1008636
SSWL,20110613,268.3,273.95,262.3,268.1,34606
STAR,20110613,365.65,366.8,359.8,360.45,47287
STARPAPER,20110613,22,24.25,22,23.45,2731
STCINDIA,20110613,222.45,222.6,219,220.95,60428
STER,20110613,165,166.85,164.25,164.75,2719037
STERLINBIO,20110613,96.45,96.7,94.5,96.25,430673
STERTOOLS,20110613,120.1,124.95,120.05,121.05,605
STRTECH,20110613,53.1,53.4,50.95,52.1,759510
SUBEX,20110613,64.85,66.45,63.25,65.65,1184411
SUDAR,20110613,114.5,117.15,99.5,112.4,768764
SUDARSCHEM,20110613,760,760,760,760,117
SUJANATOW,20110613,34.9,36.3,34.55,34.85,1711007
SUJANAUNI,20110613,5.2,5.75,5.2,5.65,27036
SUMEETINDS,20110613,35.85,37.55,35.7,35.95,844280
SUMMITSEC,20110613,83.25,87.65,83.25,85.4,1987
SUNCLAYTON,20110613,148.9,148.9,142.8,146.85,1956
SUNDARAM,20110613,42.4,42.7,42,42.5,217086
SUNDARMFIN,20110613,540,543,527.55,535.5,6273
SUNDRMBRAK,20110613,155.1,163.9,155,159.95,239
SUNDRMFAST,20110613,58,59,57.65,58,137148
SUNFLAG,20110613,27,27,26.1,26.35,38500
SUNILHITEC,20110613,122.4,130.45,122.3,129.1,178938
SUNPHARMA,20110613,467.5,482,466.3,480.3,291536
SUNTECK,20110613,300.05,308,300,301.1,20559
SUNTV,20110613,306.6,314.9,303.05,307.35,1690377
SUPER,20110613,240,244,240,242.3,252
SUPERSPIN,20110613,9.7,9.7,9.45,9.7,4020
SUPPETRO,20110613,62,62.35,61,61.95,18951
SUPRAJIT,20110613,20.05,21,20,20,25396
SUPREMEIND,20110613,178.05,180,173.25,179.2,61403
SUPREMEINF,20110613,239.95,240,236.2,238.9,1473
SURAJDIAMN,20110613,48.7,49,48,48.25,81774
SURANACORP,20110613,99.7,99.7,99.7,99.7,1
SURANAIND,20110613,319,320,315.5,318.9,314
SURANAT&P,20110613,15.05,15.5,15,15.25,13609
SURANAVEL,20110613,46.85,46.85,44.3,44.65,2591
SURYAJYOTI,20110613,35.5,37.4,35.5,36.25,44448
SURYALAXMI,20110613,73.2,75.05,73.2,74,6088
SURYAPHARM,20110613,21.8,21.8,21.1,21.3,22591
SURYAROSNI,20110613,87.3,88.6,87.3,88.2,5304
SUTLEJTEX,20110613,223.2,226,223.1,224.4,3631
SUZLON,20110613,51.95,52.65,51.1,52.5,10356702
SWARAJENG,20110613,416.6,422,416,418.95,758
SYNCOM,20110613,24.4,24.55,23.9,24.4,17832
SYNDIBANK,20110613,117.1,119,116.1,118.7,255693
TAINWALCHM,20110613,32.75,32.75,32.75,32.75,10231
TAJGVK,20110613,107,108.95,106,107,23080
TAKE,20110613,41.5,41.5,39.5,40.8,127115
TALBROAUTO,20110613,56.55,58.5,54,58,1241
TALWALKARS,20110613,249.85,261.7,245,256.65,956455
TANFACIND,20110613,27.65,27.65,27.1,27.45,450
TANTIACONS,20110613,68.7,69.65,68.05,68.3,2621
TARAPUR,20110613,21.55,21.9,21.05,21.25,16430
TATACHEM,20110613,371,371.7,361.7,367.8,114455
TATACOFFEE,20110613,852.05,853.7,836.4,843.75,150630
TATACOMM,20110613,219.05,219.05,213.35,214.35,156565
TATAELXSI,20110613,242.1,243.1,240.05,242.1,16719
TATAGLOBAL,20110613,96,100.4,95,99.9,3147174
TATAINVEST,20110613,493.65,506,490.15,496.35,11468
TATAMETALI,20110613,105.6,106.5,104.1,105.55,19451
TATAMOTORS,20110613,1016,1018.75,1004.1,1010.3,1804138
TATAMTRDVR,20110613,598,603.15,590,594.1,90625
TATAPOWER,20110613,1231,1245,1214,1237.25,278604
TATASPONGE,20110613,350.1,355,348.05,354.2,5675
TATASTEEL,20110613,568,568,560.55,562.95,4827155
TCI,20110613,89.05,90.9,88.15,89.65,7989
TCIDEVELOP,20110613,195,202.95,188.1,188.1,663
TCS,20110613,1189.2,1190.5,1172.55,1175.3,1614700
TECHM,20110613,698,705.45,683.95,700.05,108860
TECHNO,20110613,232.5,234.75,229.05,232.55,19383
TECHNOFAB,20110613,155,156.9,154.5,155.7,10953
TECPRO,20110613,260,264.5,259.5,260.65,13264
TELEDATAIT,20110613,0.4,0.4,0.35,0.35,205620
TEXMACOLTD,20110613,33.5,34.1,32.8,33,174430
TEXMOPIPES,20110613,36.2,37.1,36.2,36.8,6557
TEXRAIL,20110613,81.75,85,81.75,83.8,10509
TFCILTD,20110613,26.6,26.85,26.2,26.55,31529
THANGAMAYL,20110613,163,164,160.2,161.35,20960
THEMISMED,20110613,158.5,158.5,158,158,80
THERMAX,20110613,618.45,618.45,598,609.55,15476
THINKSOFT,20110613,54,57.15,52.8,54.2,217373
THIRUSUGAR,20110613,93,97.95,92.5,96.05,568
THOMASCOOK,20110613,50.95,51.9,50.35,51.6,172878
TI,20110613,45.5,45.65,42.5,42.8,332084
TIDEWATER,20110613,6850,6969.4,6825,6930.05,958
TIIL,20110613,55.15,55.8,54.2,55.2,4279
TIL,20110613,433.8,445.15,433.8,436.05,585
TIMETECHNO,20110613,61.3,62,60.7,61.5,50367
TIMKEN,20110613,212,215.8,206.2,208.35,298778
TINPLATE,20110613,63.5,66,63.15,63.45,371064
TIPSINDLTD,20110613,27.3,28.2,27.25,28,4031
TIRUMALCHM,20110613,99.15,100.25,99.15,99.4,980
TITAN,20110613,4608.1,4734,4559.9,4714.6,489674
TNPETRO,20110613,16.7,17.6,16.7,17.55,83038
TNPL,20110613,124,124.9,122.25,124.05,37849
TODAYS,20110613,7.1,7.85,7.1,7.8,4468
TOKYOPLAST,20110613,14.6,14.6,14.25,14.25,699
TORNTPHARM,20110613,587,597.5,584,594.65,34266
TORNTPOWER,20110613,242.5,245.95,241.25,244.75,65978
TRENT,20110613,1100,1125,1065.25,1082.95,21109
TRF,20110613,391.55,395,388,390.15,14441
TRICOM,20110613,15.5,15.7,15,15.25,4364
TRIDENT,20110613,15,15.15,14.95,15,39408
TRIGYN,20110613,19.7,19.7,18.55,18.55,6997
TRIL,20110613,283.3,284.85,275.25,276.5,17642
TRIVENI,20110613,39.3,40.1,38.2,39.7,429007
TTKHEALTH,20110613,419.9,419.9,410,410.35,7008
TTKPRESTIG,20110613,2737.95,2772,2721,2743.05,65037
TTL,20110613,33.5,33.5,26,30.1,154238
TTML,20110613,16.3,16.55,16.2,16.35,1377546
TUBEINVEST,20110613,132,134.5,131.65,132.4,40174
TULIP,20110613,163,165.7,162.3,164.9,62807
TULSI,20110613,16,16.2,15.75,16.05,34837
TULSYAN,20110613,49.35,49.4,45.6,46.8,119
TV-18,20110613,71.15,72.6,70.2,71.15,153726
TVSELECT,20110613,23.55,23.85,23.55,23.55,991
TVSMOTOR,20110613,54,54.8,53.7,54.1,845527
TVSSRICHAK,20110613,310,310,301.5,308.05,830
TVTODAY,20110613,64.25,66,63.3,64.45,28950
TWILITAKA,20110613,54.6,55.5,54,54.4,17549
TWL,20110613,406,422,402.6,414,27915
UBENGG,20110613,79.3,79.8,78,79,7160
UBHOLDINGS,20110613,177,177,172.45,173.55,62075
UBL,20110613,603,603,581.25,585.6,146615
UCALFUEL,20110613,82.4,84.3,82.05,82.6,22844
UCOBANK,20110613,95.15,96.2,94.3,95.8,624150
UFLEX,20110613,207,212.8,201.9,210.35,864357
UGARSUGAR,20110613,13.9,14.05,13.6,14.05,4839
ULTRACEMCO,20110613,1025,1032,1015,1026.65,21494
UMESLTD,20110613,24.45,24.6,24.1,24.45,817
UNICHEMLAB,20110613,163,163,156.1,160.25,9796
UNIENTER,20110613,26.5,26.5,26.3,26.35,376
UNIONBANK,20110613,319.1,325.45,317.15,323.6,158655
UNIPHOS,20110613,154.05,159.5,153.5,159.05,538850
UNIPLY,20110613,14.6,15.4,14.6,15,4050
UNITECH,20110613,33.5,33.85,33.1,33.65,9799759
UNITEDBNK,20110613,96.75,97.5,96.2,96.95,74661
UNITEDTEA,20110613,125.5,128.5,125.5,125.6,75
UNITY,20110613,70.15,72.3,68.95,70.9,187141
UNIVCABLES,20110613,62.1,64,61.85,62.05,365
UPERGANGES,20110613,54.2,56.9,53.35,55.75,702
USHAMART,20110613,55.9,56.45,54.15,54.6,1395061
USHERAGRO,20110613,117,117,102.6,104.05,663237
UTISUNDER,20110613,898.94,898.94,831,859.5,32
UTTAMSTL,20110613,109,110.5,108.65,109.3,23151
UTTAMSUGAR,20110613,35.15,36.05,35.15,35.65,1748
UTVSOF,20110613,740,764,726.55,732.2,185761
VAIBHAVGEM,20110613,42.5,44.25,42.5,43.85,9015
VAKRANSOFT,20110613,356.25,368,356.25,364.95,80000
VALECHAENG,20110613,98.5,102.2,97.75,99.1,28953
VALUEIND,20110613,21.95,22.35,21.6,22.1,36505
VARDHACRLC,20110613,10.65,10.75,10.5,10.65,50125
VARDMNPOLY,20110613,61,68.6,60.75,66.65,84032
VARUN,20110613,192,193.85,186.5,187.25,47920
VARUNSHIP,20110613,26,26.65,26,26.4,41725
VASCONEQ,20110613,84,84.3,82,83.15,5536
VENKEYS,20110613,619,619,602.05,605.25,35984
VENUSREM,20110613,201.9,203,198.75,199.9,13167
VESUVIUS,20110613,372.05,373,369.2,371.85,2728
VGUARD,20110613,230,230.7,222,223.15,207594
VHL,20110613,419.95,419.95,386,386,56
VICEROY,20110613,29.6,29.6,28.8,28.95,11398
VIDEOIND,20110613,182,183.2,181.05,181.65,57333
VIJAYABANK,20110613,71.75,72.3,70.65,72,1919271
VIJSHAN,20110613,20.25,20.85,20.25,20.6,684
VIKASHMET,20110613,15.75,15.9,14,14,757016
VINATIORGA,20110613,75,75.6,74.5,74.75,7761
VINYLINDIA,20110613,12.55,12.65,12.55,12.65,1310
VIPIND,20110613,748,765,731,758.6,1510966
VIPUL,20110613,11.9,12.55,11.9,12.2,7039
VISAKAIND,20110613,102.1,109.4,100.5,106.4,69522
VISASTEEL,20110613,59.95,60.2,59,59.5,116167
VISESHINFO,20110613,8.5,9.1,8.5,9,18977
VISHALRET,20110613,33.35,34,32.9,33.85,84003
VISUINTL,20110613,2.85,3.05,2.8,3,8169
VIVIMEDLAB,20110613,295.85,302.8,295,297.7,38461
VLSFINANCE,20110613,15,15,14.55,14.75,8906
VOLTAMP,20110613,562.7,562.7,548,552.15,31329
VOLTAS,20110613,162.1,162.55,160.8,162.15,73901
VSTIND,20110613,897,917.1,897,901.55,7108
VTL,20110613,246.9,249.75,237.05,238.95,16672
VTXIND,20110613,16,17.9,16,17.3,340
WABAG,20110613,1289.95,1300,1280,1289.6,1550
WABCO-TVS,20110613,1020,1025,1019.9,1021.3,842
WALCHANNAG,20110613,131,132.8,126.35,126.95,191837
WANBURY,20110613,32.5,32.6,32,32.25,3920
WEBELSOLAR,20110613,65.45,66,62.1,62.85,4991
WEIZMANIND,20110613,12.25,12.8,12.25,12.55,1226
WELCORP,20110613,173,175,169.5,173.75,284764
WELINV,20110613,67.55,74.8,67.45,69.75,1010
WELPROJ,20110613,59.6,72,59,72,147725
WELSPUNIND,20110613,46,47,45.45,46.85,39710
WENDT,20110613,1425,1570,1417,1523.55,12067
WHEELS,20110613,271.2,273,266.15,272.3,532
WHIRLPOOL,20110613,252.7,256.25,247.4,252.45,131635
WILLAMAGOR,20110613,49.4,49.8,47.2,47.4,406
WINDSOR,20110613,50.5,51.4,48.5,49.8,32565
WIPRO,20110613,434.45,438.5,432.6,435.45,689026
WOCKPHARMA,20110613,370.7,383.95,370,376.2,84089
WSI,20110613,20.5,20.8,20.2,20.2,1051
WSTCSTPAPR,20110613,87,90.65,86.2,89,54368
WWIL,20110613,8.85,9.1,8.8,9,760386
WYETH,20110613,877.15,890,873.35,886.75,8251
XLENERGY,20110613,9.95,10.1,9.7,9.75,41527
XPROINDIA,20110613,58.3,58.3,55.4,56.75,15591
YESBANK,20110613,292.95,295.8,289.55,294.25,1142835
ZEEL,20110613,140,141,138.45,139.9,3189859
ZEELEARN,20110613,21,21.1,20.8,20.95,300210
ZEENEWS,20110613,11.65,12.5,11.3,12.2,3253553
ZENITHBIR,20110613,7.85,7.85,7.75,7.75,178567
ZENITHCOMP,20110613,19.05,19.5,18.8,19.2,6138
ZENITHINFO,20110613,209.25,212,209.25,210,50530
ZENSARTECH,20110613,174.95,174.95,170,170.25,4941
ZICOM,20110613,39.1,41.2,38.75,40.15,37566
ZODIACLOTH,20110613,374.95,379.8,374.5,375.15,585
ZODJRDMKJ,20110613,21.35,21.35,21.35,21.35,50
ZUARIAGRO,20110613,655,749.95,651,660.25,12883
ZYDUSWELL,20110613,587.95,592.95,581,590.55,4872
ZYLOG,20110613,409.5,409.5,400,402.05,28646
NSENIFTY,20110613,5469.85,5496.70,5436.95,5482.80,80104906,3807.22
NIFTYJUNIOR,20110613,11280.65,11298.30,11167.15,11291.65,62198333,1364.08
BANKNIFTY,20110613,10675.30,10757.40,10616.05,10717.50,8521135,926.74
NSEMIDCAP,20110613,7992.15,8041.45,7944.80,8037.45,102617050,1417.36
NSEIT,20110613,6631.25,6661.85,6592.90,6650.60,7297488,608.16
NSE100,20110613,5411.45,5432.40,5376.15,5423.15,142303239,5171.30
NSE500,20110613,4434.20,4449.25,4405.60,4444.35,350354014,7505.64
MIDCAP50,20110613,2476.05,2488.95,2453.95,2487.00,79723594,1000.18
VIX,20110613,18.54,19.41,18.23,18.91,18.54,0.37
