20MICRONS,20110713,47.05,48.7,47.05,48.4,61198
3IINFOTECH,20110713,44.2,44.7,44.15,44.5,331775
3MINDIA,20110713,4101.05,4175,4101.05,4150.95,103
A2ZMES,20110713,241.3,247.5,241.3,244.15,156397
AANJANEYA,20110713,368.95,384.95,366.8,377.5,433674
AARTIDRUGS,20110713,133,136,132,133.55,2027
AARTIIND,20110713,48,50,48,48.65,15792
AARVEEDEN,20110713,54,54,46,49,3489
ABAN,20110713,525,531,520.3,526.2,613152
ABB,20110713,877.55,894,871.15,874.9,84513
ABBOTINDIA,20110713,1488,1501,1488,1495.25,625
ABCIL,20110713,125.6,129.7,125.6,128.7,9243
ABGSHIP,20110713,379.95,387.7,377,385.45,624041
ABHISHEK,20110713,13.95,14.15,13,13.35,5193
ABIRLANUVO,20110713,920,920.35,910,914,77022
ACC,20110713,950,964.9,946.35,955.9,201697
ACE,20110713,46.5,47.15,45.55,45.7,70699
ACKRUTI,20110713,191.1,197,191.05,193.45,10118
ACROPETAL,20110713,16.8,17.35,16.2,17.05,243836
ADANIENT,20110713,706.05,712.85,701.65,709.95,120178
ADANIPOWER,20110713,108,110.8,107.55,110.1,432530
ADFFOODS,20110713,68.4,72,68.4,71.3,9832
ADHUNIK,20110713,79.95,80.9,79,79.4,57573
ADORWELD,20110713,177.95,181.8,177.95,180.65,7832
ADSL,20110713,48,48.6,47.1,47.8,55376
ADVANIHOTR,20110713,37.7,37.7,36.9,36.9,30
ADVANTA,20110713,259.5,269,259.5,265.8,95257
AEGISCHEM,20110713,224.2,228.25,221.1,224.75,4097
AFL,20110713,41.1,42.45,41.1,41.25,147
AFTEK,20110713,14.1,14.1,13.35,13.75,85775
AGCNET,20110713,165.25,170.6,165.25,165.8,884
AGRE,20110713,46.1,48.7,45.5,48.45,6384
AGRODUTCH,20110713,11.9,12,11.45,11.75,4073
AHLEAST,20110713,320,339.9,320,332.5,961
AHLUCONT,20110713,123.1,132,123.1,130.85,39206
AHLWEST,20110713,190,192.9,190,190.85,903
AHMEDFORGE,20110713,116.1,119.65,116,118.55,15565
AIAENG,20110713,370,374.95,370,372.65,6331
AJANTPHARM,20110713,319.95,325.8,316.05,322.65,42253
AJMERA,20110713,159.95,162.35,158.15,159.9,12197
AKSHOPTFBR,20110713,6.9,7.1,6.4,6.9,159651
AKZOINDIA,20110713,895.1,926.95,870.3,912.2,2485
ALBK,20110713,206.65,206.65,203.55,206.1,1058697
ALCHEM,20110713,229.15,230,229.1,229.7,99075
ALEMBICLTD,20110713,22,22,21,21.9,126021
ALFALAVAL,20110713,1530,1557.2,1528.35,1536.05,419
ALKALI,20110713,53.5,55.1,53.5,54.2,7905
ALKYLAMINE,20110713,82.5,92,82.5,91.05,2594
ALLCARGO,20110713,170.85,171.95,168.25,170.95,458
ALLSEC,20110713,20.95,20.95,19.75,20.55,1635
ALMONDZ,20110713,24.25,24.85,24.25,24.85,197
ALOKTEXT,20110713,24.75,25.3,24.5,25.2,3436054
ALPA,20110713,9.95,10,9.6,10,1968
ALPHAGEO,20110713,108.75,126.15,107.55,126.15,425115
ALPSINDUS,20110713,3.5,3.5,3.35,3.4,9047
AMAR,20110713,97,99,96.7,96.95,85691
AMARAJABAT,20110713,230,234.75,228.2,233.35,24750
AMARJOTHI,20110713,60.3,63.05,60.3,63,1892
AMBIKCO,20110713,189.9,193.8,186.55,190.1,2986
AMBUJACEM,20110713,123.45,124,120.6,123.15,4454849
AMDIND,20110713,17,17.9,17,17.65,4965
AMLSTEEL,20110713,17.5,17.5,15.65,16.25,308
AMRUTANJAN,20110713,736.35,740.05,731.1,735.35,23867
AMTEKAUTO,20110713,164.7,164.7,161.1,162.2,241024
AMTEKINDIA,20110713,93.95,104.5,93.6,99.6,1781528
ANANTRAJ,20110713,84,88,83.1,87.35,1539597
ANDHRABANK,20110713,134.6,134.6,131.75,133.45,200290
ANDHRACEMT,20110713,10.5,11.05,10.5,10.65,29013
ANDHRSUGAR,20110713,95.5,97.95,95.5,97.25,3107
ANGIND,20110713,23.2,26,23.2,25.55,12893
ANIKINDS,20110713,39.65,39.65,38,38,55
ANKURDRUGS,20110713,39.6,40.85,39.6,40,29212
ANSALAPI,20110713,42.2,43.6,42.2,43.5,89384
ANSALHSG,20110713,41.2,43,41.1,42.45,1350
ANTGRAPHIC,20110713,0.3,0.3,0.25,0.3,26454
APARINDS,20110713,232.85,236,232.5,235.25,2148
APCOTEXIND,20110713,178.5,187,178.5,184.4,1665
APIL,20110713,541.95,562.2,536,557.1,375931
APOLLOHOSP,20110713,494.75,499,493,495.05,46996
APOLLOTYRE,20110713,77.45,80.75,77.45,80.1,1496820
APPAPER,20110713,368.8,370.8,368.8,369.95,7515
APTECHT,20110713,108.9,112.4,107.5,110.75,2102025
AQUA,20110713,15.1,15.4,14.95,15,180197
ARCHIDPLY,20110713,13.5,14.55,13.3,14.3,1446
ARCHIES,20110713,38.5,39.35,38.5,38.9,17564
AREVAT&D,20110713,247,252,243.05,249.8,88913
ARIES,20110713,104.85,105.95,101.1,104.35,8491
ARIHANT,20110713,60.9,60.9,57.1,60.05,2471
ARL,20110713,2.3,2.4,2.3,2.35,68276
AROGRANITE,20110713,42.5,42.5,40.45,40.7,375
ARROWTEX,20110713,10.75,11.4,10.5,10.85,1834
ARSHIYA,20110713,147.65,158,147.1,148.55,54807
ARSSINFRA,20110713,434.9,439.5,430.1,432.6,121616
ARVIND,20110713,82.2,86.15,81.7,85.75,5937165
ASAHIINDIA,20110713,80.65,81.95,80.65,81.5,6676
ASAL,20110713,68.85,72.5,68.75,70.25,27383
ASHAPURMIN,20110713,20.2,21.2,20.2,20.75,42008
ASHCONIUL,20110713,2.65,2.85,2.65,2.7,3011
ASHIANA,20110713,149,152,146.15,150.4,1210
ASHOKA,20110713,276.2,285,276.2,284.25,41388
ASHOKLEY,20110713,51.45,51.6,50.1,50.2,2667902
ASIANELEC,20110713,10.7,10.7,10.05,10.25,32820
ASIANHOTNR,20110713,219.85,219.85,215,219,1039
ASIANPAINT,20110713,3119.9,3156,3090,3124.45,146967
ASIANTILES,20110713,44.5,44.5,44.5,44.5,10
ASSAMCO,20110713,15.45,15.65,15.4,15.5,78500
ASTEC,20110713,41.9,42.5,41,41.05,12842
ASTERSILI,20110713,23.6,24.45,23.5,24.25,7171
ASTRAL,20110713,188.95,193.85,186,191.25,17563
ASTRAMICRO,20110713,28.65,29.4,28.35,28.6,19610
ASTRAZEN,20110713,1299.95,1302,1290,1300,132
ATFL,20110713,375,375,369.1,371.6,5088
ATLANTA,20110713,82.85,84.25,81.65,81.95,256827
ATLASCYCLE,20110713,269.7,272.85,266.5,269.65,17746
ATNINTER,20110713,1.1,1.25,1.1,1.2,10445
ATUL,20110713,191,193.4,189,191.65,23379
AURIONPRO,20110713,159.85,159.85,152,157,12
AUROPHARMA,20110713,167.7,169.2,165.9,166.85,713419
AUSTRAL,20110713,2.65,2.75,2.65,2.7,175731
AUTOAXLES,20110713,420.05,429.75,420.05,425.4,267
AUTOIND,20110713,148.25,153.85,148.25,150.4,13067
AUTOLITIND,20110713,21.4,21.7,20.9,21,5223
AVANTI,20110713,34,34,34,34,80
AVENTIS,20110713,2025,2085,2025,2084.95,50702
AVTNPL,20110713,259,286.8,259,285.95,101641
AXIS-IT&T,20110713,77,90.7,77,90.05,9851
AXISBANK,20110713,1269,1283.9,1262.7,1271.8,960276
AXISGOLD,20110713,2235,2250,2233,2245.05,515
BAGFILMS,20110713,7.6,7.8,7.35,7.45,165621
BAJAJ-AUTO,20110713,1435,1458,1430.2,1451.8,234212
BAJAJCORP,20110713,115.25,116.75,114.5,115.1,13618
BAJAJELEC,20110713,254.35,262,251.35,259.35,97718
BAJAJFINSV,20110713,521.8,544.9,518.15,539.65,744159
BAJAJHIND,20110713,69.1,72.6,69.1,71.95,702596
BAJAJHLDNG,20110713,742.25,770,742.25,765.35,74758
BAJFINANCE,20110713,635,728.6,635,684.95,833651
BALAJITELE,20110713,32.45,35.25,32.45,34.6,225486
BALAMINES,20110713,41.8,41.8,40.65,41.4,8640
BALKRISIND,20110713,157.5,163.9,157.5,158.5,9181
BALLARPUR,20110713,32.25,32.75,32.25,32.55,58709
BALMLAWRIE,20110713,640.3,642.5,637.25,639.5,8275
BALPHARMA,20110713,27.75,27.75,27.6,27.65,200
BALRAMCHIN,20110713,62,63.5,61.5,63.25,795412
BANARISUG,20110713,596,606,596,603.75,309
BANCOINDIA,20110713,71.5,74.8,71.45,74,13907
BANG,20110713,33.75,34.2,33.15,33.65,536
BANKBARODA,20110713,882,888.5,873,876.3,156841
BANKBEES,20110713,1128,1138.44,1118.25,1122.53,276
BANKINDIA,20110713,407.05,408.65,401,403,566996
BANSWRAS,20110713,128.9,131.65,127,129.9,4331
BARTRONICS,20110713,61.85,62.5,61.3,61.5,70912
BASF,20110713,677,696.85,670,672.85,71316
BASML,20110713,95,95,84.55,84.85,292
BATAINDIA,20110713,617,624.6,612.1,617.55,701217
BATLIBOI,20110713,20.1,26.95,20.1,24.45,30884
BAYERCROP,20110713,885,885,856.8,873.95,15514
BBL,20110713,868.05,884.95,868,876.1,1797
BBTC,20110713,446,470,446,468.05,10163
BEARDSELL,20110713,49.8,52,49.8,52,98
BEDMUTHA,20110713,131.5,139.7,131.5,132.85,185559
BEL,20110713,1670,1685,1666.05,1680.3,10004
BELLCERATL,20110713,14.35,14.5,13.75,14.1,1952
BEML,20110713,596.2,600,591.05,594.2,36246
BEPL,20110713,29.85,31.5,29.65,31,2868
BERGEPAINT,20110713,101.95,103,101.5,101.85,90882
BFINVEST,20110713,66.5,68.8,66.5,66.75,8910
BFUTILITIE,20110713,734.8,751,734.8,740.65,483592
BGRENERGY,20110713,459.9,461.9,452.15,459.9,134383
BHAGWATIHO,20110713,94.5,97.35,94.5,95.35,7954
BHAGYNAGAR,20110713,18.6,18.85,18.25,18.45,13629
BHARATFORG,20110713,331.65,337.5,324.95,336.05,394347
BHARATGEAR,20110713,57.8,59.3,57.65,58.8,7623
BHARATRAS,20110713,111.6,119.95,111.6,118,316
BHARTIARTL,20110713,387.1,397.3,386.4,394.9,5453915
BHARTISHIP,20110713,129,131.4,128.55,129.6,118124
BHEL,20110713,1942,1957.4,1923,1934.6,762370
BHUSANSTL,20110713,433,438.8,430.1,436.55,179872
BIL,20110713,56.3,57.5,56.05,56.8,3782
BILENERGY,20110713,30,30,29.05,29.25,1457
BILPOWER,20110713,92,92.6,90.75,91.85,2434
BIMETAL,20110713,322.1,332.65,322.1,328,1408
BINANIIND,20110713,166.05,167.75,163.6,164.3,31316
BINDALAGRO,20110713,91,93.2,90.15,91.2,462336
BIOCON,20110713,350,364.9,350,363.75,454066
BIRLACORPN,20110713,359,359,340,340,2611
BIRLACOT,20110713,0.45,0.45,0.4,0.4,6753445
BIRLAERIC,20110713,15.95,15.95,15.15,15.35,520
BIRLAMONEY,20110713,20.05,20.45,20.05,20.1,2525
BIRLAPOWER,20110713,0.85,0.85,0.8,0.85,1796862
BLBLIMITED,20110713,5.5,5.5,5.4,5.4,3860
BLISSGVS,20110713,22.95,25,22.95,23.6,202568
BLKASHYAP,20110713,19.15,19.4,19.1,19.15,26632
BLUECHIP,20110713,1.1,1.15,1.1,1.1,22810
BLUECOAST,20110713,178.5,178.5,178.5,178.5,99
BLUEDART,20110713,1519.9,1585,1485.05,1573.15,15292
BLUESTARCO,20110713,305.9,316,303.15,312.85,14683
BLUESTINFO,20110713,91.2,91.2,88.2,89,3256
BOC,20110713,292.95,292.95,288,290,5144
BOMDYEING,20110713,366.3,371.9,363.1,369.85,275331
BOSCHLTD,20110713,7032,7150,7032,7061.75,3350
BPCL,20110713,669.85,673.9,665.05,668.75,617526
BPL,20110713,27,27.95,25.4,25.7,263809
BRANDHOUSE,20110713,20.55,20.9,20.55,20.75,26916
BRFL,20110713,287,287.9,283.25,287.6,183992
BRIGADE,20110713,73.35,74.5,73.35,73.7,19322
BRITANNIA,20110713,478,479.4,470,474.65,42901
BROADCAST,20110713,9.8,10.15,9.8,10.15,619
BSELINFRA,20110713,5,5.1,4.9,5,23329
BSL,20110713,24,26.85,24,26.75,3307
BSLGOLDETF,20110713,2274.8,2292.8,2265,2292.5,601
BSTRANSCOM,20110713,138.2,140.85,137.15,137.95,28251
BURNPUR,20110713,7.55,8.3,7.55,7.75,77478
BVCL,20110713,17.75,18.85,17.4,17.45,1206
CADILAHC,20110713,941.8,958,920,949.7,77323
CAIRN,20110713,315,318.4,313.25,315.85,1715692
CALSOFT,20110713,32.95,33,31.65,31.65,1884
CAMLIN,20110713,72.85,73,72.3,72.6,193874
CANBK,20110713,519,519,505.95,510.35,735903
CANDC,20110713,107.1,111.7,107.1,110.95,12616
CANFINHOME,20110713,114,115.05,112.7,113,15844
CANTABIL,20110713,32.9,33.5,32.2,32.55,10081
CARBORUNIV,20110713,309,313.9,303.15,307.95,19500
CAROLINFO,20110713,175,181,175,176.3,956
CASTROL,20110713,548.9,562.35,548,559.25,141142
CCCL,20110713,34.5,34.5,32.95,33.05,4820
CCL,20110713,203.7,211.3,203.3,207.9,16072
CEATLTD,20110713,109.95,111.85,109.05,111.3,116202
CEBBCO,20110713,45,46,44.85,45.4,14723
CELEBRITY,20110713,9.25,9.9,9.25,9.8,1940
CELESTIAL,20110713,35.95,35.95,32.6,33.7,15946
CENTENKA,20110713,180.95,181.95,177.6,179.3,5368
CENTEXT,20110713,3.5,3.6,3.45,3.5,10771
CENTRALBK,20110713,125,126.5,124.1,125.55,406172
CENTUM,20110713,89,93,89,91.5,5263
CENTURYPLY,20110713,68,73.8,68,71.15,358621
CENTURYTEX,20110713,359.6,364.95,354.2,363.2,299843
CERA,20110713,216,218,213,213.65,2387
CESC,20110713,335.5,341.2,332.1,340.05,573369
CHAMBLFERT,20110713,81,84.3,81,83.85,1768623
CHEMFALKAL,20110713,46.25,47.5,46.25,46.25,4320
CHEMPLAST,20110713,7.05,7.55,7,7.4,371223
CHENNPETRO,20110713,229.4,229.45,225.95,226.55,20341
CHESLINTEX,20110713,13.75,13.95,12.6,12.6,1709
CHETTINAD,20110713,467,478,442,448.15,1324
CHOLAFIN,20110713,165.1,168.4,164.3,165.35,33799
CILNOVA,20110713,15.05,15.3,13.55,15.05,22332
CINEMAX,20110713,39.1,41.25,37.25,37.85,701804
CINEVISTA,20110713,3.75,4,3.55,3.65,36906
CIPLA,20110713,324.1,325,318.4,322.95,897243
CLASSIC,20110713,11.3,11.8,11.3,11.75,3740
CLNINDIA,20110713,778.9,779,770.25,775.85,797
CMAHENDRA,20110713,237,240,229,237.7,39734
CMC,20110713,1152,1184,1135,1173,27435
COALINDIA,20110713,367,370.5,365.6,368.15,4671340
COLPAL,20110713,1010,1019.7,995,999.75,43324
COMPUAGE,20110713,99.95,104.8,95.4,98.9,2327
CONCOR,20110713,1110.1,1128.6,1110.05,1123.5,1979
CONSOFINVT,20110713,72.4,72.4,68.45,70.5,454
CORAL-HUB,20110713,6.1,6.4,6.1,6.2,3759
CORDSCABLE,20110713,39.2,40.5,38.85,40.3,9343
COREPROTEC,20110713,309.9,310.9,303.95,307.1,175078
COROMANDEL,20110713,344.1,348.95,342.15,344.45,87741
CORPBANK,20110713,514,514.1,509.5,510.05,34669
COSMOFILMS,20110713,98.55,101.4,98.35,100.8,36995
COX&KINGS,20110713,199.35,204.4,197,198.35,88452
CPIL,20110713,326,333,326,331,2423
CREATIVEYE,20110713,5.45,5.9,5.45,5.55,3304
CRESTANI,20110713,50.5,51.45,50.5,50.9,11499
CREWBOS,20110713,90.7,90.75,88.7,89,40704
CRISIL,20110713,7252,7399,7156,7311.25,447
CROMPGREAV,20110713,246.9,246.9,240.85,243.5,959872
CRONIMET,20110713,122.1,128.9,122.1,126.3,23961
CTE,20110713,9,9.25,8.9,9.05,19843
CUB,20110713,48.05,48.75,48.05,48.6,184428
CUBEXTUB,20110713,12.15,12.85,11.8,12,103
CUMMINSIND,20110713,684.5,688,679.05,684.35,178563
CURATECH,20110713,205,205,200,203,925
CYBERTECH,20110713,13.5,13.85,13.5,13.6,1200
DAAWAT,20110713,52.5,53.25,52.1,52.85,66874
DABUR,20110713,110.5,111.8,110.4,110.9,455378
DALMIABEL,20110713,160,160,157.2,158.1,1318
DALMIASUG,20110713,19.5,19.5,18.55,18.65,19592
DATAMATICS,20110713,28.6,29,28.6,29,2301
DBCORP,20110713,234.5,234.5,229.15,230.3,6091
DBREALTY,20110713,81.55,85.25,81.2,82.35,791785
DCB,20110713,61.8,65.1,61.5,64.45,8170365
DCHL,20110713,66.25,67.2,66.15,66.35,348643
DCM,20110713,89.2,90.5,86.8,87.6,140622
DCMSRMCONS,20110713,45.5,46.6,44.9,46.4,31040
DCW,20110713,11,11.05,10.8,10.85,56295
DECCANCE,20110713,144.2,152,144.2,152,269
DECOLIGHT,20110713,7.3,8.35,7.3,8,6258
DEEPAKFERT,20110713,163.35,172.9,163.3,169.65,185685
DEEPAKNTR,20110713,186.9,189,186.9,188.05,275
DEEPIND,20110713,74.05,76.95,74.05,74.75,65189
DELTACORP,20110713,104.15,105.9,103.9,105.2,3437895
DELTAMAGNT,20110713,50,51.5,50,51.5,410
DEN,20110713,83.9,83.9,81.55,82,572036
DENABANK,20110713,85.55,86.3,84.75,85.8,527373
DENORA,20110713,84.05,90.25,84.05,89.35,13954
DENSO,20110713,66.15,71.6,66.15,69.95,1124
DEWANHOUS,20110713,219.95,225,219.95,222.25,19991
DHAMPURSUG,20110713,58,59.35,57.5,58.9,64095
DHANBANK,20110713,113.2,113.2,110.5,110.85,184610
DHANUKA,20110713,90.2,97,90.05,94.4,111046
DHARSUGAR,20110713,33.8,33.85,30.15,31.65,19006
DHUNINV,20110713,74,74,74,74,50
DIAPOWER,20110713,156,156.95,153,153.15,29754
DICIND,20110713,263.5,263.5,253.15,255.9,1134
DIGJAM,20110713,11.8,12,11.8,11.95,46451
DISHMAN,20110713,89,91,89,90.45,62010
DISHTV,20110713,87.85,90.7,87.75,89.85,1568816
DIVISLAB,20110713,816,823,812,820.45,166688
DLF,20110713,221.9,229.35,221.5,227.2,4243909
DLINKINDIA,20110713,26.7,27.3,26.35,26.5,11764
DOLPHINOFF,20110713,125.1,131.9,125.1,129.75,24662
DONEAR,20110713,23.05,23.1,23.05,23.1,52
DPSCLTD,20110713,1990,2000,1935,1987.8,57
DPTL,20110713,150.2,153.8,150.2,153.2,1388
DQE,20110713,39.15,39.8,38,38.75,67498
DREDGECORP,20110713,299.7,299.7,287.25,289,82654
DRREDDY,20110713,1575.1,1622.95,1575.1,1595.8,1107852
DSKULKARNI,20110713,63.45,63.85,62.6,63.15,7303
DUNCANSIND,20110713,15.4,15.4,15.1,15.2,8906
DWARKESH,20110713,67.9,69,67.15,67.65,12273
DYNAMATECH,20110713,1500,1550,1500,1530,692
DYNASYS,20110713,0.75,0.75,0.65,0.65,721
EASTSILK,20110713,8.05,8.1,7.75,8,8805
EASUNREYRL,20110713,73.5,74.95,73.3,74.4,17063
ECEIND,20110713,109,112.8,107,111.95,1021
ECLERX,20110713,848.5,870,842.3,846.65,9383
EDELWEISS,20110713,33.45,34,33.2,33.55,125253
EDL,20110713,99,100.8,99,100.4,1640
EDSERV,20110713,127.3,129.5,127.3,128.3,48414
EDUCOMP,20110713,388,391,385.3,389.05,733023
EICHERMOT,20110713,1301,1336,1300,1326.3,7980
EIDPARRY,20110713,263,269.8,263,265.95,52690
EIHAHOTELS,20110713,139.6,139.6,134.75,135.25,601
EIHOTEL,20110713,84.8,85.75,84.7,85.4,20641
EIMCOELECO,20110713,224.05,228.7,224.05,225.05,196
EKC,20110713,87.6,89.5,86.85,88.05,203619
ELDERPHARM,20110713,399.95,399.95,381.2,393.55,72790
ELECON,20110713,74.6,75.5,73.3,74.2,161774
ELECTCAST,20110713,28.85,29.2,27.9,28.05,276562
ELECTHERM,20110713,181.15,182.95,168.3,174.9,13086
ELFORGE,20110713,10.55,10.7,10.5,10.65,2858
ELGIEQUIP,20110713,80.25,82,78.6,79.4,37317
ELNET,20110713,35.9,35.9,35.05,35.05,14
EMAMIINFRA,20110713,40,43.9,40,43.45,404629
EMAMILTD,20110713,523.6,524.85,507,509.6,36118
EMCO,20110713,51,52.65,51,51.8,22188
EMKAY,20110713,44,44,39.3,39.9,23105
EMMBI,20110713,13.55,13.95,13,13.45,9832
EMPEESUG,20110713,25.3,25.8,25.3,25.45,2030
ENERGYDEV,20110713,34.55,35.2,34.15,34.45,2478
ENGINERSIN,20110713,281,284.85,281,283.05,51215
ENIL,20110713,268,271.4,263.25,265.1,111232
ENTEGRA,20110713,22.25,23.9,22,22.55,21371
ERAINFRA,20110713,169.6,170.3,168.15,169.05,236099
EROSMEDIA,20110713,192.8,196,191,192.9,242421
ESABINDIA,20110713,522.1,548.6,522.1,533.35,19458
ESCORTS,20110713,108.3,109.45,105.5,107.75,1276853
ESL,20110713,8.25,8.25,8.1,8.1,166328
ESSAROIL,20110713,128.45,129.7,125.7,126.9,1475039
ESSARPORTS,20110713,101.8,101.8,99,99.35,20015
ESSDEE,20110713,366.5,371,365.3,367.65,2883
ESSELPACK,20110713,45,47.7,45,46.45,652360
ESTER,20110713,45.9,46.5,45.5,45.65,51852
EUROCERA,20110713,24,24.95,23.85,24.6,724
EUROMULTI,20110713,11.1,11.1,10.65,10.7,1740
EUROTEXIND,20110713,21.1,25.3,21.1,24.6,2966
EVEREADY,20110713,44.6,44.7,43.2,43.4,390464
EVERESTIND,20110713,163.1,168.5,163.1,166.9,15486
EVERONN,20110713,528.5,544,521.65,533.6,279415
EVINIX,20110713,0.95,1,0.9,0.95,31916
EXCELCROP,20110713,165.65,192.45,165.65,187.8,538423
EXCELINDUS,20110713,83,84.9,82.2,83.9,5178
EXCELINFO,20110713,24.5,25.8,24.25,25.55,662679
EXIDEIND,20110713,164.95,166.7,163.05,164,1904771
FACT,20110713,37.75,39.35,37.75,39.1,29953
FAGBEARING,20110713,1198,1200,1180,1183.25,509
FAME,20110713,47.3,51.85,47.3,51.85,44685
FARMAXIND,20110713,3.65,3.65,3.55,3.55,25570
FCH,20110713,140,148,139.05,143,104684
FCSSOFT,20110713,0.85,0.85,0.8,0.8,733937
FDC,20110713,94.45,94.45,92.2,93.6,66502
FEDDERLOYD,20110713,71.9,73,71.05,72.5,6495
FEDERALBNK,20110713,453,456.7,447.65,454.95,277240
FIEMIND,20110713,151.15,154.95,151.15,151.4,2104
FINANTECH,20110713,858.7,858.7,838.5,844.4,37636
FINCABLES,20110713,47.1,47.35,46.65,46.85,18559
FINPIPE,20110713,76.05,78,76.05,77.45,29505
FIRSTLEASE,20110713,91.9,94.5,91.05,91.55,56934
FIRSTWIN,20110713,18.75,18.75,18.75,18.75,490
FKONCO,20110713,126.05,130,126.05,128.1,10635
FMGOETZE,20110713,277,282.5,271.3,281,17592
FORTIS,20110713,167.5,171.4,167.25,169.2,938706
FOSECOIND,20110713,540.3,555,540.3,548.1,922
FOURSOFT,20110713,13.05,13.35,12.6,13,12904
FSL,20110713,17.9,18.25,17.7,18.05,933269
FTCSF5YDIV,20110713,10.75,11.05,10.75,11,402
FTCSF5YGRO,20110713,13.8,13.8,13.8,13.8,1
FUTUREVENT,20110713,9,9.55,8.8,9.35,2754293
GABRIEL,20110713,49,49,48.25,48.45,10908
GAEL,20110713,28.6,28.75,27.65,28.65,20439
GAIL,20110713,458.05,467.75,458.05,463.75,1145424
GAL,20110713,11.8,12.8,11.45,12.1,145345
GALLANTT,20110713,17.1,17.1,16.3,16.5,7023
GALLISPAT,20110713,89.8,90.95,89,89.35,227429
GAMMNINFRA,20110713,16.05,16.5,15.7,15.85,330600
GAMMONIND,20110713,93.7,95.6,92.05,94.65,39978
GANDHITUBE,20110713,120,120,116.6,116.9,98
GANESHHOUC,20110713,140,140,132.5,139.7,5812
GANGOTRI,20110713,6.8,6.8,6.15,6.35,6146
GARDENSILK,20110713,92,94.85,91.05,92.75,3924
GARWALLROP,20110713,62,62,61,61.35,10732
GATI,20110713,75.65,77.9,75,76.2,2218128
GDL,20110713,125.4,125.4,123.6,123.95,8730
GEECEE,20110713,36.7,36.8,36.7,36.8,64
GEINDSYS,20110713,165,169.75,164.15,168.05,5676
GEMINI,20110713,24,24.3,22.9,23.95,83420
GENESYS,20110713,274.5,274.9,265.2,267.5,26417
GENUSPOWER,20110713,18.3,18.45,18,18.05,57068
GEODESIC,20110713,69,69,67.1,67.55,207032
GEOJITBNPP,20110713,22.5,22.85,22.25,22.3,124996
GEOMETRIC,20110713,52.45,52.45,51.4,51.95,13008
GESHIP,20110713,267,274.2,267,271.85,278265
GHCL,20110713,39.7,39.85,39.05,39.6,23624
GICHSGFIN,20110713,118.4,119.35,117.4,118.2,378503
GILLANDERS,20110713,104.05,105.5,103,103.65,4050
GILLETTE,20110713,2152,2175,2121,2159.85,724
GINNIFILA,20110713,9,9.15,9,9.1,8840
GIPCL,20110713,76.25,77.7,75.9,76.2,10132
GISOLUTION,20110713,11.9,11.9,11.75,11.75,400
GITANJALI,20110713,299,316.85,298.5,310.15,2542904
GKB,20110713,40.75,42.6,39,40.9,1608
GKWLIMITED,20110713,485.05,485.05,485,485,114
GLAXO,20110713,2344.8,2344.9,2321,2325.85,2393
GLENMARK,20110713,315.5,327,314.05,324.65,1059634
GLFL,20110713,3.55,3.85,3.55,3.55,28955
GLOBALVECT,20110713,22.8,22.8,22.05,22.35,52
GLOBOFFS,20110713,109,115,105.75,105.9,19208
GLOBUSSPR,20110713,142,144.5,140.75,142.7,43277
GLODYNE,20110713,324,328.6,318.25,319.3,50697
GMBREW,20110713,106,106.7,104.5,106.45,1953
GMDCLTD,20110713,164.4,166.5,158.7,164.65,696397
GMRINFRA,20110713,31.6,31.9,31.25,31.75,3270587
GNFC,20110713,96.75,98,96.65,97,88017
GOACARBON,20110713,86.5,90.3,86.5,89.85,6147
GODFRYPHLP,20110713,3120,3120,2945,3005.7,2560
GODREJCP,20110713,437.15,447,436.15,444.5,45010
GODREJIND,20110713,216.65,220.5,216,217.55,627959
GODREJPROP,20110713,820,830.95,783,791.55,47501
GOENKA,20110713,58.65,64,57.55,58.15,18011
GOKEX,20110713,98.95,99,98.95,98.95,2
GOKUL,20110713,90.4,93.3,90,92.65,182545
GOLDBEES,20110713,2190,2207.85,2185,2201.9,82864
GOLDENTOBC,20110713,72.7,72.7,71.15,71.6,16468
GOLDIAM,20110713,35.8,36.5,35.15,35.8,1803
GOLDINFRA,20110713,18,18.3,18,18.15,1227
GOLDSHARE,20110713,2185.1,2205,2185.1,2199.9,11456
GOLDTECH,20110713,7.1,7.5,7.05,7.3,4603
GPIL,20110713,160.1,163.9,160.1,161.4,10020
GPPL,20110713,66,69.35,65.8,68.05,147621
GRABALALK,20110713,25.95,26,23.75,23.85,17389
GRANULES,20110713,82.6,84.65,82.6,83.3,3486
GRAPHITE,20110713,88.05,90.25,87.95,88.75,232304
GRASIM,20110713,2165,2198.05,2165,2175.5,49084
GRAVITA,20110713,342.85,353.1,340,344.1,114430
GREAVESCOT,20110713,90,92.6,89,92,45319
GREENPLY,20110713,198.4,200,185.6,189.4,11485
GREENPOWER,20110713,16.7,17,16.5,16.85,514261
GRINDWELL,20110713,253.2,262.4,253.2,257.15,98121
GRUH,20110713,453,455.55,445.1,454.65,36850
GSFC,20110713,362.9,371.5,355.9,366.05,26945
GSKCONS,20110713,2450,2490,2415.4,2454.6,7145
GSLNOVA,20110713,3.4,3.5,3.4,3.5,1668
GSPL,20110713,98.1,101.95,98.05,101.65,3262228
GSSAMERICA,20110713,153.4,157,153.4,155.6,18372
GTL,20110713,89.6,91.35,88.65,89.05,4161788
GTLINFRA,20110713,15.25,15.75,15.1,15.35,4144484
GTNIND,20110713,13.1,15.9,13.1,15.9,1995
GTNTEX,20110713,13.15,14.95,13.15,14.4,1017
GTOFFSHORE,20110713,213.8,214.65,210.35,211.8,21086
GUJALKALI,20110713,145.2,149.95,145.2,148.1,22304
GUJAPOLLO,20110713,138,139,137.6,138.15,489
GUJFLUORO,20110713,410,410,401.6,404.45,24702
GUJNRECOKE,20110713,48.5,48.5,45.7,46.45,2117201
GUJNREDVR,20110713,26.1,26.1,24.85,25.45,21431
GUJRATGAS,20110713,409.9,410,405,407.9,17986
GUJSIDHCEM,20110713,9.25,9.5,9.15,9.35,53112
GULFOILCOR,20110713,89,91.5,89,90.4,77915
GVKPIL,20110713,19.25,19.55,19.05,19.45,3392635
HALONIX,20110713,75.6,75.6,75,75,1500
HANUNG,20110713,148.05,151,147.2,148.9,151568
HARITASEAT,20110713,72.55,73,72.55,73,200
HARRMALAYA,20110713,73.3,74.9,73.3,74.15,15896
HATHWAY,20110713,114.45,119.8,112.2,114.2,88931
HAVELLS,20110713,384.9,390.5,382.1,387.95,632538
HBLPOWER,20110713,17.5,17.7,17.4,17.55,12210
HBSTOCK,20110713,12.65,13.35,12.65,13.35,100
HCC,20110713,34,34.45,33,33.3,5108964
HCIL,20110713,47.5,49.5,47.5,48.1,127279
HCL-INSYS,20110713,90,90.65,89.1,89.5,36347
HCLTECH,20110713,492.1,496.8,490,494.85,374851
HDFC,20110713,695,696.9,683.35,694.2,2224857
HDFCBANK,20110713,2490,2528.95,2478.05,2519.7,372091
HDFCMFGETF,20110713,2228.1,2244.8,2226.5,2242.05,4425
HDIL,20110713,160.1,163.45,160.1,162.05,4604683
HEG,20110713,235,238.65,233.05,237,4823
HEIDELBERG,20110713,38.1,39,37.9,38.1,32124
HELIOSMATH,20110713,32.3,32.85,31.6,32.2,10509
HERCULES,20110713,266.85,272.9,266.85,269.4,22638
HERITGFOOD,20110713,188,188,188,188,10
HEROHONDA,20110713,1860.5,1886.5,1860.5,1878.1,132726
HEXAWARE,20110713,74,74,71.65,72.4,763574
HFCL,20110713,16.15,16.8,15.95,16.5,2400584
HGSL,20110713,416.05,426.9,416,419.35,2680
HIKAL,20110713,299,299.9,293.05,294.1,813
HILTON,20110713,16.8,17.2,16.8,17,2203
HIMATSEIDE,20110713,33.35,34.3,33.15,34,113007
HINDALCO,20110713,177,178.9,174.3,177.1,6496999
HINDCOMPOS,20110713,475,475.05,475,475.05,106
HINDCOPPER,20110713,261.75,271.2,260.75,266.05,116529
HINDDORROL,20110713,54.4,55.15,53.5,53.55,41558
HINDMOTORS,20110713,16.5,17.35,16.5,16.95,184793
HINDNATGLS,20110713,208,216,208,215.05,1762
HINDOILEXP,20110713,174.95,178.45,174.25,177.6,509823
HINDPETRO,20110713,401,405.8,399.1,401.8,940856
HINDUJAFO,20110713,87,94,87,87.65,10016
HINDUJAVEN,20110713,291.15,303.5,291.15,300.6,9134
HINDUNILVR,20110713,332.45,334.45,330.15,331.35,1144824
HINDZINC,20110713,130.15,133,130.15,132.8,365063
HIRECT,20110713,49.5,50.85,49.4,49.6,8513
HITACHIHOM,20110713,197.7,201.9,192,194.15,107559
HITECHGEAR,20110713,115.75,124.35,114.7,122.65,8861
HITECHPLAS,20110713,95,95,90.9,91.45,306
HMT,20110713,59.4,60.2,58.7,59.05,116150
HMVL,20110713,134.3,138.55,134.3,137.15,27150
HNGSNGBEES,20110713,1281.74,1318.19,1275,1285.02,65
HOCL,20110713,32.35,32.35,31.45,31.85,52159
HONAUT,20110713,2862.15,2900,2807,2834.5,1467
HONDAPOWER,20110713,385.6,404,385.55,400.4,718
HOTELEELA,20110713,42.3,43,41.6,42.9,388570
HOTELRUGBY,20110713,9,9.2,9,9,750
HOVS,20110713,86.2,88,86.2,87.6,5215
HSIL,20110713,181.6,184.75,178.1,179.25,103086
HTMEDIA,20110713,157,159.7,155.65,159.25,7541
HYDRBADIND,20110713,395.3,404.8,395.3,398,29725
HYDROS&S,20110713,24,24,20.25,20.45,1032
IBN18,20110713,76,76,73.25,74,144485
IBPOW,20110713,17.2,17.4,17,17.25,212438
IBREALEST,20110713,113.5,120,113.15,118.3,2146282
IBSEC,20110713,13.3,13.35,13.15,13.2,251615
ICICIBANK,20110713,1050,1060.3,1046.35,1054,1354527
ICIL,20110713,13.05,13.5,12.2,12.35,3075
ICRA,20110713,1171,1175.25,1160,1174.3,2036
ICSA,20110713,101.6,102.9,101,101.75,85486
IDBI,20110713,133.85,135,133.5,134.7,771203
IDEA,20110713,78.5,81.6,78.5,81,14002550
IDFC,20110713,131.5,136,131.2,134.5,9890230
IFBAGRO,20110713,75.95,79,75.9,78.15,23494
IFBIND,20110713,123,139.5,123,137.9,232777
IFCI,20110713,45.95,46.75,45.9,46.45,3110112
IFGLREFRAC,20110713,31.1,32.7,31.1,32.15,2830
IGARASHI,20110713,47.4,47.85,46.5,47.85,1102
IGL,20110713,385.9,396.7,385.9,394.3,144324
IGPL,20110713,25.85,25.85,24.95,25.3,1804
IL&FSENGG,20110713,138,143.6,137.6,138.75,5400
IL&FSTRANS,20110713,225,225,216,221.5,32969
IMPAL,20110713,661.15,677.6,661,662,50
IMPEXFERRO,20110713,9.55,10.1,9.55,9.9,1701
INDBANK,20110713,10.65,10.7,10.4,10.6,17344
INDHOTEL,20110713,78.35,79.65,78.1,78.35,865304
INDIABULLS,20110713,169.9,169.9,164.1,167.2,406015
INDIACEM,20110713,72.95,73.35,72.35,73,292523
INDIAGLYCO,20110713,135.25,143.9,135.25,142.3,260421
INDIAINFO,20110713,85.5,87.65,83.9,86.9,475697
INDIANB,20110713,209,214.4,208.05,212.7,199860
INDIANCARD,20110713,107.15,110.95,107.1,110.95,112
INDIANHUME,20110713,128.3,137,128.25,132.1,754
INDLMETER,20110713,101.1,101.1,95.05,96.85,2339
INDNIPPON,20110713,253.85,254,250.1,253.85,308
INDOASIFU,20110713,76.7,77.45,75.25,76.85,38143
INDOCO,20110713,439,442.65,425,441.7,1485
INDORAMA,20110713,41,43,41,42.9,6731
INDOSOLAR,20110713,14.25,14.45,14.25,14.3,50293
INDOTECH,20110713,130.6,138.05,130.6,134.8,7546
INDOWIND,20110713,29.4,30.5,28,28.4,2231967
INDRAMEDCO,20110713,35.5,35.9,35.05,35.65,6976
INDSWFTLAB,20110713,97.3,99.2,97,98.65,68077
INDSWFTLTD,20110713,30.4,31.3,30,31.05,8771
INDUSFILA,20110713,19.8,21.15,19.75,20.35,4540
INDUSINDBK,20110713,279.35,279.35,275.1,277.75,289387
INEABS,20110713,630,643,628,637.1,3650
INFINITE,20110713,126.5,126.9,124,124.9,11223
INFODRIVE,20110713,14.35,14.4,14.15,14.15,9018
INFOMEDIA,20110713,15.3,15.7,15.1,15.2,17817
INFOTECENT,20110713,137,139.8,137,138.6,2089
INFRABEES,20110713,309.1,309.75,305.1,309.75,243
INFY,20110713,2766,2807.35,2761.05,2777.3,1667271
INGERRAND,20110713,494.5,524,494.5,517.55,262751
INGVYSYABK,20110713,342,344.7,334.05,336.6,24388
INNOIND,20110713,92,97.4,91.75,95.35,23078
INOXLEISUR,20110713,44.5,46.2,44,45.1,151965
INSECTICID,20110713,329.8,337.5,328.6,330.35,160128
IOB,20110713,139.8,144.55,139.75,143,660009
IOC,20110713,341,343.1,339,341.95,346729
IOLCP,20110713,34.25,34.9,34.25,34.5,1017
IOLN,20110713,6,6.7,6,6.6,13200
IPCALAB,20110713,345,345,337,340.1,15603
IPGETF,20110713,2245,2260,2236,2256.15,507
IPRINGLTD,20110713,81,82.65,78.35,79.65,1265
IRB,20110713,173,179.25,172,178.35,1271566
ISFT,20110713,59.3,61.8,59.15,60.6,1832
ISMTLTD,20110713,40.15,41.1,40.1,40.45,40995
ISPATIND,20110713,19.25,19.4,19.05,19.2,1582482
ITC,20110713,201.9,205,201.9,204,6540552
ITDCEM,20110713,164.9,164.9,163.7,163.75,257
ITI,20110713,31.5,32.05,31.35,31.6,78549
IVC,20110713,32.95,33.75,31.75,32.05,88102
IVP,20110713,48,48.35,47,47.6,4115
IVRCLAH,20110713,48.9,48.9,45.7,45.95,92657
IVRCLINFRA,20110713,69.7,70.35,68.3,68.9,2231040
J&KBANK,20110713,836.3,855,836.3,845.2,19889
JAGRAN,20110713,119.25,119.7,116.3,116.95,85986
JAGSNPHARM,20110713,15.5,16.9,14,16,55427
JAIBALAJI,20110713,187.8,188.8,182.55,184.3,9695
JAICORPLTD,20110713,124.85,126,124,125.3,247707
JAINSTUDIO,20110713,10.2,11,9.3,11,5565
JAMNAAUTO,20110713,125.65,142.8,125.65,127.85,14513
JAYAGROGN,20110713,83,84,82,83,2736
JAYBARMARU,20110713,80.1,83.25,80,82.5,2724
JAYNECOIND,20110713,21.1,21.55,21.05,21.1,13352
JAYSREETEA,20110713,173.5,173.5,168.8,169.6,36864
JBCHEPHARM,20110713,139.9,141.7,137.75,140.6,445617
JBFIND,20110713,162.45,162.45,159.05,159.85,61627
JCTEL,20110713,1.4,1.4,1.35,1.4,88202
JENSONICOL,20110713,4.6,4.8,4.6,4.7,14392
JETAIRWAYS,20110713,487.7,492.25,484.65,489.25,443634
JHS,20110713,48,48.9,44.2,44.75,148920
JIKIND,20110713,7.45,7.6,7.35,7.4,2912
JINDALPHOT,20110713,164.05,168.8,163.2,166.45,113308
JINDALPOLY,20110713,289.7,296,288.2,293.95,221963
JINDALSAW,20110713,162,162.75,157.3,162.05,76930
JINDALSTEL,20110713,615.55,625.45,615.5,623.3,961603
JINDALSWHL,20110713,968,968,946.7,964.25,19298
JINDCOT,20110713,112.35,113.7,109.2,112.1,136312
JINDRILL,20110713,451.9,458.9,449,451.85,3873
JINDWORLD,20110713,174,182.75,173.75,175.95,10781
JISLJALEQS,20110713,172.5,173.5,167.35,170.55,1945742
JKCEMENT,20110713,107.75,107.75,105.1,105.6,10230
JKIL,20110713,137,138.75,135.35,136.05,3219
JKLAKSHMI,20110713,42.7,45.5,42.1,44.3,180611
JKPAPER,20110713,47.8,48.35,47.55,47.95,83816
JKTYRE,20110713,102.5,105,102.25,104.2,164993
JMCPROJECT,20110713,159.7,160,155.75,159.15,1165
JMFINANCIL,20110713,21.7,23.15,21.7,22.85,546742
JMTAUTOLTD,20110713,67.7,69.85,67.7,69.25,604
JOCIL,20110713,251,258,250.15,255,2349
JPASSOCIAT,20110713,76.55,77.25,76.3,76.75,6448431
JPINFRATEC,20110713,52.5,54.5,52.1,52.8,171048
JPPOWER,20110713,45.2,45.9,45.1,45.6,124706
JSL,20110713,104,106,102.3,105.6,33365
JSWENERGY,20110713,71.2,73.85,71.2,73.25,1721826
JSWSTEEL,20110713,840,856.5,840,852.3,458959
JUBILANT,20110713,211.05,213.9,209.05,211.7,142339
JUBLFOOD,20110713,840.6,875.5,840.6,870.2,1485106
JUBLINDS,20110713,190.5,193.1,187.65,188.55,30208
JUMBO,20110713,23,24.25,20.4,22.55,29998
JUNIORBEES,20110713,112.6,112.74,111.75,112.03,8332
JUPITER,20110713,20.15,20.75,19.95,20.4,323778
JVLAGRO,20110713,21.05,22.2,21.05,21.55,11516
JYOTHYLAB,20110713,216,219.3,216,218.4,6517
JYOTISTRUC,20110713,90.2,90.2,87.1,88.05,122810
KABRAEXTRU,20110713,53,55.35,53,54.3,6955
KAJARIACER,20110713,93.05,100.45,93.05,99.85,72239
KAKATCEM,20110713,71.95,71.95,70.05,70.75,298
KALECONSUL,20110713,81.75,85.05,81.75,83.3,3686
KALINDEE,20110713,106.5,108.85,106.1,108.25,103401
KALPATPOWR,20110713,129.1,133.85,128,133.1,39691
KAMATHOTEL,20110713,92.7,95.55,92.7,94.75,4017
KANDAGIRI,20110713,89,90.5,89,89.9,79
KANORICHEM,20110713,54.1,54.25,53.2,53.7,28917
KANSAINER,20110713,884,895,877.2,880.05,102
KARMAENG,20110713,17,19.4,15.75,16.25,18442
KARURKCP,20110713,38,39.3,36.85,38.55,3314
KARURVYSYA,20110713,417.4,426.45,417.4,425.15,181363
KAUSHALYA,20110713,9.3,9.8,9.3,9.65,4135
KAVVERITEL,20110713,160.7,164.8,156.8,160.45,66159
KBIL,20110713,651,669,650,651.35,485
KCP,20110713,25.45,25.5,25.2,25.2,5282
KCPSUGIND,20110713,15.9,16,15.5,15.55,10081
KEC,20110713,79.65,80.85,79.1,80.15,81814
KECL,20110713,42.6,43,42,42.1,3850
KEI,20110713,21.55,21.8,21.5,21.7,20849
KEMROCK,20110713,528,528,496.1,503.05,19603
KERNEX,20110713,95,97.7,94.05,97,37777
KESARENT,20110713,50.5,51.95,50.5,50.9,262
KESORAMIND,20110713,162.4,163.85,161.1,161.8,18321
KEYCORPSER,20110713,43.25,47.8,43.25,47.8,26
KFA,20110713,39.5,39.5,38.55,38.85,595595
KGL,20110713,12.7,12.7,12.25,12.3,782738
KHAITANELE,20110713,111,111,108,109.4,85
KHAITANLTD,20110713,28.5,28.5,28.5,28.5,103
KHANDSE,20110713,17.25,18,17.25,18,165
KICL,20110713,696.05,714,696,704.3,1887
KIL,20110713,16,17.7,16,17.1,3874
KILITCH,20110713,75.8,79.95,73.2,74.95,33808
KINETICMOT,20110713,19.6,20.7,19.6,19.95,14707
KIRIINDUS,20110713,210.5,212.85,207.5,208.8,12275
KIRLOSBROS,20110713,161.1,162.9,159.1,160.85,2463
KIRLOSENG,20110713,124,132.7,124,130.75,12562
KIRLOSIND,20110713,290.6,294,289.55,292.25,429
KITPLYIND,20110713,3.85,4,3.8,3.8,3462
KKCL,20110713,697.5,703.5,689.5,700,2099
KLGSYSTEL,20110713,52.2,54.65,52.2,53.5,24129
KLRF,20110713,30,30,27.05,27.55,114
KMSUGAR,20110713,3.5,3.5,3.3,3.3,5896
KNRCON,20110713,124.5,127.8,120.1,125.55,3713
KOHINOOR,20110713,51.5,51.8,51.1,51.4,64001
KOLTEPATIL,20110713,47.25,48.4,47.1,47.9,16195
KOPRAN,20110713,22.5,26.9,22.5,26.25,831250
KOTAKBANK,20110713,479.9,493.7,474.75,490.3,3559822
KOTAKGOLD,20110713,2185.1,2206,2185.1,2201.9,9840
KOTAKNIFTY,20110713,565,567,565,566.75,120
KOTAKPSUBK,20110713,417,419,413,414,4220
KOTARISUG,20110713,6.35,6.45,6.35,6.4,8159
KOTHARIPET,20110713,7.65,8,7.65,7.8,2665
KOTHARIPRO,20110713,464.9,464.9,456.1,462,309
KOUTONS,20110713,29.5,30.4,28.2,29.05,244829
KPIT,20110713,182,182.2,178.5,181.75,98244
KPRMILL,20110713,116.7,120,116.5,116.75,5939
KRBL,20110713,30.8,31.45,30.5,30.9,1058801
KRISHNAENG,20110713,3.95,4,3.9,4,9000
KSBPUMPS,20110713,234,246,234,239.45,8618
KSCL,20110713,439,441,432.25,437.55,23628
KSE,20110713,215.5,222,210,217.6,4388
KSERASERA,20110713,11.05,11.15,11,11.05,413743
KSK,20110713,111.55,112.6,111.55,112.15,44654
KSL,20110713,73.6,76.4,73.3,74.2,29028
KSOILS,20110713,21.2,21.4,20.85,21.1,2173288
KTIL,20110713,91,91,78.1,81.75,2077
KTKBANK,20110713,123.85,126.15,122.35,124.35,505671
KWALITY,20110713,135.5,139.9,135.5,139.3,349754
LAKPRE,20110713,54,54,51.6,52,2555
LAKSHMIEFL,20110713,37.7,37.85,37.05,37.15,35258
LAKSHMIMIL,20110713,1725,1745,1702,1740.35,9
LAKSHVILAS,20110713,119.9,119.9,118.2,119,42688
LANCOIN,20110713,36.85,37.45,36.1,37.05,8152
LAOPALA,20110713,77.1,82,77.1,81.75,4843
LAXMIMACH,20110713,2130,2219,2130,2206.95,5448
LCCINFOTEC,20110713,0.75,0.75,0.65,0.65,46318
LGBBROSLTD,20110713,282,287.9,282,286.95,1419
LGBFORGE,20110713,2.65,2.85,2.65,2.75,1091
LIBERTSHOE,20110713,100.2,102.6,100,101.05,54587
LICHSGFIN,20110713,219.1,221.2,217.2,218.7,4029189
LIQUIDBEES,20110713,1000,1000.01,999.99,1000,146037
LITL,20110713,23.05,23.4,22.8,22.95,12598393
LLOYDELENG,20110713,55,56.95,55,56,42624
LLOYDFIN,20110713,1.3,1.35,1.2,1.35,9425
LLOYDSTEEL,20110713,17,17.45,16.9,17.3,242535
LML,20110713,11.95,12.05,11.3,11.6,1595275
LOGIXMICRO,20110713,17,18.25,17,17.7,2176
LOKESHMACH,20110713,44.35,45.95,43.3,45.15,29131
LOTUSEYE,20110713,11,11,10.35,10.75,6242
LOVABLE,20110713,407.15,428,407.15,420.6,1901906
LPDC,20110713,2.85,2.95,2.8,2.85,10010
LT,20110713,1790.15,1806.8,1785,1800.5,858570
LUMAXAUTO,20110713,39.1,39.7,39,39.25,350
LUMAXIND,20110713,337.75,337.75,328.05,332.7,1080
LUMAXTECH,20110713,175.05,179,173,174.55,487
LUPIN,20110713,465,470,460.3,469.05,636282
LYKALABS,20110713,18.5,19.5,18.5,19.2,45790
M&M,20110713,704.55,723.4,704.55,718.3,1071141
M&MFIN,20110713,669,683.4,665.05,668.85,31252
M100,20110713,7.97,7.97,7.8,7.86,118613
M50,20110713,75.5,75.7,74.59,75.19,19437
MAANALU,20110713,59,59,59,59,237
MADHAV,20110713,16.85,17.65,16.8,16.9,1209
MADHUCON,20110713,86,87.4,85.5,86.7,11105
MADRASCEM,20110713,84.9,85.9,83.6,85,71462
MADRASFERT,20110713,26.7,26.9,26.3,26.65,62931
MAGMA,20110713,74.7,74.7,71.75,73.05,85185
MAGNUM,20110713,5.35,5.6,5.35,5.4,913
MAHABANK,20110713,55.1,55.85,54.6,55.55,58393
MAHINDFORG,20110713,70.95,70.95,69.4,70.2,15173
MAHINDUGIN,20110713,48.45,52.1,48.2,50.8,32638
MAHLIFE,20110713,374.9,374.9,371.15,372.05,1567
MAHSCOOTER,20110713,355.5,360,355.5,359.65,923
MAHSEAMLES,20110713,373.7,374.5,372.5,373.85,16628
MAITHANALL,20110713,134,138.9,134,136.05,829
MALUPAPER,20110713,13.9,13.9,13.55,13.75,2493
MALWACOTT,20110713,33.4,34.75,33.4,34.1,1217
MANAKSIA,20110713,65.2,68,65.2,66.65,6528
MANALIPETC,20110713,14.45,14.5,14.25,14.35,82245
MANAPPURAM,20110713,56.5,56.95,55.75,55.95,400802
MANDHANA,20110713,187.4,188.95,183,186.65,55181
MANGALAM,20110713,12.85,13.05,12.55,13,2801
MANGCHEFER,20110713,31,31,30.4,30.75,85781
MANGLMCEM,20110713,110.2,114.3,110.2,113.1,25445
MANGTIMBER,20110713,15.4,17.3,15.4,16.05,1486
MANINDS,20110713,142.1,145.45,141.1,143,28969
MANINFRA,20110713,127,134.8,127,130.85,7715
MANJEERA,20110713,84.1,89.85,84.1,86,912
MANJUSHREE,20110713,76.5,76.5,72.85,73.7,1015
MANUGRAPH,20110713,51.2,52.35,51.2,51.6,3723
MARALOVER,20110713,12.3,13.35,12.3,13.05,544
MARG,20110713,92.3,92.75,90.6,92.15,25224
MARICO,20110713,166,168.75,163.6,164.4,213563
MARKSANS,20110713,2.9,3,2.85,2.85,146956
MARUTI,20110713,1154,1167.9,1154,1164.8,151856
MASTEK,20110713,117.8,121.5,117.8,120.15,118858
MAWANASUG,20110713,25.75,25.75,24.4,25.05,23093
MAX,20110713,177.95,184.9,177.7,182.8,433554
MAXWELL,20110713,18.85,19.45,18.85,19.2,16008
MBECL,20110713,143.5,143.5,140.6,142.4,107204
MBLINFRA,20110713,154.8,154.8,150.1,151.5,4234
MCDHOLDING,20110713,83.25,85.8,83.25,84.2,9007
MCDOWELL-N,20110713,1070,1078.55,1043,1050,231334
MCLEODRUSS,20110713,279.95,281.85,277,278.7,98919
MEGASOFT,20110713,22.9,22.9,22.2,22.5,1832
MEGH,20110713,12.9,13.25,12.9,13.15,64321
MELSTAR,20110713,7.65,7.65,7.65,7.65,150
MERCK,20110713,662,684,662,675.5,10175
MHRIL,20110713,380,380,372.85,373.3,7179
MIC,20110713,13.5,13.6,13.3,13.35,207368
MICROSEC,20110713,38.5,38.5,37.45,37.6,12618
MICROTECH,20110713,131.8,131.8,128.1,129,10580
MINDAIND,20110713,238.95,241,236,237.7,135
MINDTREE,20110713,352,362,352,356.75,18919
MIRCELECTR,20110713,23.5,24.7,23.5,24.35,43386
MIRZAINT,20110713,22.9,23.75,22.05,23.55,653109
MLL,20110713,38.45,38.45,37.35,37.8,793332
MMFL,20110713,109.1,112.8,109.1,112.4,469
MMFSL,20110713,98,100.3,93.15,96.15,91181
MMTC,20110713,919.95,995,912.2,916.9,16593
MOIL,20110713,352.05,353.5,348.2,350.55,92838
MONNETISPA,20110713,496,509,496,507.35,5130
MONSANTO,20110713,1731.1,1760,1716,1737.2,1109
MORARJETEX,20110713,17.25,18.5,16,17.75,13529
MOREPENLAB,20110713,4.8,4.9,4.8,4.85,123512
MOSERBAER,20110713,39.1,39.3,38.1,38.8,383026
MOTHERSUMI,20110713,247,255.9,222.5,230.85,2151528
MOTILALOFS,20110713,100.8,102.25,99,101.5,6571
MOTOGENFIN,20110713,49.25,49.25,45.55,46,741
MPHASIS,20110713,431,441,425.6,438.85,299976
MPSLTD,20110713,41,47.75,41,45.65,30763
MRF,20110713,7525,7536.5,7430,7500.8,17659
MRO-TEK,20110713,15.4,15.65,15.4,15.5,2801
MRPL,20110713,79.75,81.5,79.1,81,615970
MSPL,20110713,51.95,53.85,50.2,52.95,60094
MTNL,20110713,44.25,44.3,42.95,43.8,129659
MUDRA,20110713,30.8,30.8,28.25,28.25,160131
MUKANDENGG,20110713,32.4,32.7,31.4,32,8883
MUKANDLTD,20110713,43.25,45.2,43.25,44.1,23496
MUKTAARTS,20110713,38.6,38.6,36.85,37.1,2070
MUNDRAPORT,20110713,154.65,156.6,152.55,154.5,721657
MUNJALAU,20110713,138,138.7,136.35,137.65,8324
MUNJALSHOW,20110713,59.1,60.45,59.1,60.15,10904
MURLIIND,20110713,30,30.4,28.5,30.2,5605
MURUDCERA,20110713,17.4,18.4,17.4,18.35,2034
MUTHOOTFIN,20110713,163.3,167,158,166.2,139147
MVL,20110713,24.55,25.1,24.55,24.85,256401
MVLIND,20110713,16.95,16.95,15.7,15.7,1937
MYSOREBANK,20110713,636.3,646,629,644.2,1862
N100,20110713,103,103.48,101.55,102.99,35
NAGARFERT,20110713,34.9,35.1,34.5,35,943777
NAGREEKCAP,20110713,28.9,28.9,28.2,28.25,24
NAGREEKEXP,20110713,21,22.5,21,22.2,1486
NAHARCAP,20110713,60.55,62,60,60.45,1546
NAHARINDUS,20110713,51.6,52,50.05,51.55,4919
NAHARPOLY,20110713,28.2,28.2,27.3,27.3,564
NAHARSPING,20110713,79,82.7,78.5,78.95,12391
NANDAN,20110713,2.55,2.6,2.55,2.55,138026
NATCOPHARM,20110713,278,283.25,277,281.3,17161
NATIONALUM,20110713,80.2,82.25,80.2,81.65,133831
NATNLSTEEL,20110713,18.4,18.95,18.4,18.7,5436
NAUKRI,20110713,717,741,715.55,738.1,1190
NAVINFLUOR,20110713,300,307,298.05,304.7,24218
NAVNETPUBL,20110713,65.9,65.9,64.8,65,167283
NBVENTURES,20110713,234,234,228.5,228.95,3732
NCC,20110713,81.25,81.9,79.7,80.2,508039
NCLIND,20110713,35.25,35.85,34.8,34.95,9788
NDTV,20110713,68,70.3,68,68.6,131535
NECLIFE,20110713,24.9,25.95,24.55,25.7,81692
NEHAINT,20110713,179.1,187.95,179.1,182.3,172773
NELCAST,20110713,101.95,104,100,102.6,4556
NELCO,20110713,72.5,76.6,71.25,74.2,104206
NEOCURE,20110713,3.2,3.4,3.1,3.4,17702
NEPCMICON,20110713,4.15,4.4,4.15,4.2,11118
NESCO,20110713,670.1,706.9,670.1,690.6,458579
NESTLEIND,20110713,4319.9,4330,4180,4324.85,23565
NET4,20110713,116.05,118,113.25,114.5,24786
NETWORK18,20110713,127.1,129.45,127.05,128.5,95436
NEULANDLAB,20110713,104.55,109.9,104.55,109.1,2063
NEXTMEDIA,20110713,5.15,6.25,5.15,5.9,37043
NEYVELILIG,20110713,101.45,101.45,99.55,100.25,70323
NFL,20110713,91.15,92.75,90.85,92.45,120625
NHPC,20110713,24.7,25.15,24.7,25.05,4425701
NIFTYBEES,20110713,565,569,564.5,568.39,26842
NIITLTD,20110713,54.4,56.65,54.2,56,380139
NIITTECH,20110713,185.9,205.85,184.4,199.15,1138336
NILKAMAL,20110713,281.85,283.75,276.5,278.75,2860
NIPPOBATRY,20110713,475.05,479.7,465.05,469,3717
NISSAN,20110713,2.55,2.65,2.5,2.5,90665
NITCO,20110713,59.7,60.35,59.55,60.05,6034
NITESHEST,20110713,23.05,23.5,23.05,23.2,17012
NITINFIRE,20110713,104.6,105.7,102.55,103.15,261092
NITINSPIN,20110713,8.75,9.4,8.75,9,15120
NMDC,20110713,255,260.55,255,257.8,64892
NOCIL,20110713,17.4,17.9,17.4,17.8,159056
NOIDATOLL,20110713,26.9,27.35,26.3,26.5,290111
NOL,20110713,52.7,52.7,49.7,52.6,67
NORBTEAEXP,20110713,6.65,6.9,6.6,6.8,659
NORTHGATE,20110713,11.8,11.8,11.35,11.6,10033
NOVOPANIND,20110713,41.6,42.5,41.6,42,48
NRBBEARING,20110713,52.8,53.65,52.4,53.35,30620
NRC,20110713,5.5,5.85,5.5,5.6,6384
NSIL,20110713,761,769.85,755,768,38
NTPC,20110713,186.55,191,186.25,190.3,3640824
NUCENT,20110713,1.75,1.75,1.75,1.75,70
NUCHEM,20110713,4.6,4.6,4.3,4.35,19562
NUCLEUS,20110713,80.3,82.1,80.05,80.5,16390
NUMERICPW,20110713,220,220,210.1,213.9,4048
NUTEK,20110713,4.85,5.15,4.75,5.05,1954531
OBEROIRLTY,20110713,235.1,239,234.15,236.05,7481
OCL,20110713,98,100,97.85,99.45,12506
OFSS,20110713,2298.4,2309.8,2290.1,2298.3,12104
OIL,20110713,1289.25,1300,1283.25,1296.2,25199
OILCOUNTUB,20110713,68.8,71.7,68.75,71.1,15261
OISL,20110713,39,40.35,38,39.3,7953
OMAXAUTO,20110713,42.3,43.15,41.9,42.1,24556
OMAXE,20110713,138,138,136,137.25,38448
OMKARCHEM,20110713,69.55,72.65,69.55,71.6,19113
OMMETALS,20110713,35.75,35.75,33.8,34.6,2815
OMNITECH,20110713,152.5,152.5,146,146.4,4292
ONGC,20110713,282.55,288.8,282.55,286.95,5563130
ONMOBILE,20110713,100.8,102.35,98.9,99.35,843169
ONWARDTEC,20110713,36.1,36.7,36.1,36.1,1650
OPTOCIRCUI,20110713,283.9,283.9,278.1,280.35,267111
ORBITCORP,20110713,42.1,43,41.8,42.4,589296
ORCHIDCHEM,20110713,249.85,253.8,245.3,251.8,1940214
ORIENTABRA,20110713,31.1,32.9,31.1,32.5,31042
ORIENTALTL,20110713,8.75,9,8.75,9,36
ORIENTBANK,20110713,331.9,333.55,327.65,330.7,436362
ORIENTCERA,20110713,53,54.95,53,54.95,511
ORIENTHOT,20110713,30.15,30.75,30.05,30.5,1908
ORIENTLTD,20110713,81.05,81.05,81,81,4
ORIENTPPR,20110713,54,55.9,54,55,53989
ORISSAMINE,20110713,58669.95,59650,55570.8,56600.85,4576
OUDHSUG,20110713,29.8,30.75,29.8,30.45,5604
PAEL,20110713,29.55,30,29.5,29.65,7724
PAGEIND,20110713,1910,1931,1882,1886.5,810
PANACEABIO,20110713,161.25,168,161.25,165.6,5220
PANASONIC,20110713,106.1,114.8,106.1,112.55,220
PANCARBON,20110713,159.05,164.75,155,161.45,8972
PANORAMUNI,20110713,14.8,15.35,14.55,14.6,7723
PANTALOONR,20110713,313.7,323.85,313.05,319.45,746881
PAPERPROD,20110713,75.8,76,74.1,74.45,49114
PARABDRUGS,20110713,40.6,41,39.25,40.5,12397
PARACABLES,20110713,3.7,3.85,3.7,3.8,2802
PARAL,20110713,279.55,281.5,269.5,272.2,12474
PARAPRINT,20110713,21.9,22.2,21.5,21.95,85709
PARASPETRO,20110713,0.6,0.6,0.55,0.55,1968
PAREKHPLAT,20110713,4.6,4.95,4.5,4.5,18822
PARSVNATH,20110713,47.9,48.15,47.1,47.75,467282
PATELENG,20110713,149.45,149.45,146.05,148.2,273029
PATINTLOG,20110713,29.05,30.65,29.05,30.1,109
PATNI,20110713,332,343,332,339.9,96460
PATSPINLTD,20110713,16.4,17.75,16,16.95,5927
PBAINFRA,20110713,62.95,62.95,61.15,61.65,12955
PDPL,20110713,114.9,120.95,108.1,110.7,8386
PDUMJEPULP,20110713,20.35,20.35,19.65,19.65,2540
PEACOCKIND,20110713,3.05,3.05,3.05,3.05,8531
PENIND,20110713,40.4,40.45,39.9,40.3,120364
PENINLAND,20110713,53,54.25,53,53.4,5254
PEPL,20110713,3.15,3.15,3.1,3.1,170
PERIATEA,20110713,157.5,168,157.5,162,649
PERSISTENT,20110713,364.85,373.9,364,371.8,12313
PETRONENGG,20110713,348.1,358.85,348.1,354.8,565
PETRONET,20110713,142,145.25,141.25,144.35,1592464
PFC,20110713,188.75,195,188.75,194.45,1827222
PFIZER,20110713,1465,1482.95,1446.3,1457.95,2130
PFOCUS,20110713,64.05,68.1,64.05,67.2,963534
PFS,20110713,17.5,17.5,17.25,17.25,34702
PGHH,20110713,1999.95,2000,1977.05,1999.95,10392
PHILIPCARB,20110713,139.1,143.65,139.1,142.45,15569
PHOENIXLTD,20110713,217.95,217.95,208,214,39271
PIDILITIND,20110713,167.9,174,167.05,171.4,214839
PIIND,20110713,769,799.6,769,797,50095
PIONDIST,20110713,52,53.9,52,52,630
PIONEEREMB,20110713,17.65,18.5,17.65,17.85,3144
PIPAVAVYD,20110713,76.9,77.6,76.3,77.1,730092
PIRGLASS,20110713,134,138.85,134,136.3,27319
PIRHEALTH,20110713,397,399.45,391,396.55,35521
PIRLIFE,20110713,91.25,92.65,90,91.4,10994
PITTILAM,20110713,39.5,40.5,38.95,39.1,2073
PLASTIBLEN,20110713,202,207.5,199,203.65,619
PLETHICO,20110713,347.15,352,347.15,349.95,101494
PNB,20110713,1129,1143.5,1122.5,1137.3,149165
PNBGILTS,20110713,26.9,27.3,25.65,25.75,162388
PNC,20110713,18.1,18.1,16.4,16.5,2531
POCHIRAJU,20110713,15.65,15.95,15.4,15.95,5966
POLARIND,20110713,6.25,6.25,6.25,6.25,6662
POLARIS,20110713,175,176.95,173.35,174.65,424128
POLYPLEX,20110713,191.95,194.2,191.5,193.55,39121
PONDYOXIDE,20110713,30.1,31.7,30.1,31.5,38794
PONNIERODE,20110713,92.3,94.3,92.3,93.2,3244
POWERGRID,20110713,108.3,111.3,108.2,110.2,2148437
PPAP,20110713,108,108.85,107,107.5,1771
PRADIP,20110713,90,90,85.6,86.1,24869
PRAENG,20110713,10.95,11.1,10.8,11.05,11617
PRAJIND,20110713,75.4,76.4,73.9,76.05,301775
PRAKASH,20110713,70.4,70.4,68.35,68.85,80433
PRAKASHSTL,20110713,141,148,140.25,145.55,13666
PRATIBHA,20110713,53.4,54.7,52,52.95,223400
PRECOT,20110713,140,148.85,140,142.15,477
PRECWIRE,20110713,125.5,125.9,123.35,124.45,2036
PREMIER,20110713,91.6,98.5,91.6,93.8,166709
PRESTIGE,20110713,122.15,125,121.6,123.2,72538
PRETAILDVR,20110713,178,183.7,176,182.1,137436
PRICOL,20110713,20.9,21.4,20.05,21.05,58401
PRIMESECU,20110713,22.6,23.15,22.6,23.15,835
PRISMCEM,20110713,44.6,45.35,44.5,44.7,28094
PRITHVI,20110713,29.15,29.5,28.6,29,85944
PRITHVISOF,20110713,14.75,14.75,14,14,382
PROVOGUE,20110713,36.45,36.55,35.85,36.05,97238
PSB,20110713,99.2,100.05,99,99.45,33787
PSL,20110713,70.4,70.4,69.2,69.4,70220
PSUBNKBEES,20110713,406,407.5,400,405.92,849
PTC,20110713,77.45,78,76.85,77.25,598393
PTL,20110713,28.7,29.25,27.05,28.7,2434
PUNJABCHEM,20110713,88,90.5,86.3,88.85,2964
PUNJLLOYD,20110713,74,75.45,72.9,74.7,4111288
PURVA,20110713,87.25,88.6,86.1,86.6,24002
PVP,20110713,8.85,9.1,8.85,8.9,44685
PVR,20110713,109,114.65,109,113.9,394986
QGOLDHALF,20110713,1090,1099.95,1087,1092.85,689
QUINTEGRA,20110713,3.95,3.95,3.8,3.8,16163
RADAAN,20110713,2.35,2.45,2.35,2.4,15021
RADICO,20110713,128.45,130.75,126.15,129.45,60592
RAINBOWPAP,20110713,60.2,60.5,59.55,59.8,175622
RAINCOM,20110713,36.9,37.7,35.7,36.65,381052
RAJESHEXPO,20110713,106,108.05,103.85,107.8,618207
RAJOIL,20110713,31.45,32.2,31.45,31.9,26731
RAJPALAYAM,20110713,311,314.9,291,307.35,9676
RAJRAYON,20110713,11.2,12.15,11.2,12.1,760
RAJSREESUG,20110713,48,48.05,46.6,46.95,9105
RAJTV,20110713,50.25,53.2,50.25,51.6,67906
RAJVIR,20110713,161.5,161.5,146,148.4,1275
RALLIS,20110713,1529,1529.75,1512.15,1518.65,12559
RAMANEWS,20110713,15,15.45,15,15.05,8132
RAMCOIND,20110713,41.8,43.2,41.75,42.15,80336
RAMCOSYS,20110713,91.05,92.55,91.05,91.85,1601
RAMKY,20110713,279,285.55,276.15,282.8,5310
RAMSARUP,20110713,15.4,15.8,15.4,15.5,11957
RANASUG,20110713,5.45,5.55,5.4,5.5,185341
RANBAXY,20110713,549.5,554.95,545.05,547.1,340347
RANEENGINE,20110713,227.3,227.3,221,222.2,1026
RANKLIN,20110713,14.25,15.3,14.25,15.05,14310
RATNAMANI,20110713,111,113.45,106.2,108.05,4702
RAYMOND,20110713,385.65,389.9,382,387.1,456802
RBL,20110713,113.55,114.55,113.55,114.45,344
RBN,20110713,81,84,80.55,81.25,133193
RCF,20110713,76.9,78.4,76,78,447381
RCOM,20110713,97.1,99.8,97.1,98.2,5710236
RECLTD,20110713,203,206,201,205.45,586081
REDINGTON,20110713,87.1,89.7,87,89.1,218543
REFEX,20110713,23.25,23.8,22.1,23.8,20137
REIAGROLTD,20110713,29.6,29.6,29,29.3,287609
REISIXTEN,20110713,31.35,31.65,30.5,30.9,3346
RELAXO,20110713,275,300,275,295.85,29806
RELBANK,20110713,1031,1055,1013,1019.07,71
RELCAPITAL,20110713,575.9,593,575.9,590.4,714489
RELGOLD,20110713,2132.25,2155,2132.25,2153.1,8968
RELGRNIFTY,20110713,548,548,540.4,543,94
RELIANCE,20110713,853.05,869.7,851.1,865.45,3892719
RELIGARE,20110713,455.6,461,455.6,456.55,1966
RELIGAREGO,20110713,2236,2259,2233.5,2255.3,658
RELINFRA,20110713,567,576,565.15,574.1,677364
RELMEDIA,20110713,129.5,133.2,129.5,131.05,1047917
RENUKA,20110713,71,73.95,71,73.35,4405858
REPRO,20110713,136.6,148.75,135.25,147.05,273237
RESPONIND,20110713,96.95,97.35,96.6,97.05,10425
RESURGERE,20110713,0.5,0.55,0.45,0.5,7029447
REVATHI,20110713,395.1,399.5,395,398.5,678
RICOAUTO,20110713,15.2,15.2,14.7,14.8,44634
RIIL,20110713,538.95,544.5,536.5,541.2,87550
RKDL,20110713,22.55,23.5,22.25,23,21536
RKFORGE,20110713,121,125,119.9,124,7084
RMCL,20110713,7.2,7.2,6.8,6.95,4604
RML,20110713,137.1,140,137.1,138.2,660
ROHITFERRO,20110713,34.2,35.5,34.2,34.95,40939
ROHLTD,20110713,64.25,65.4,64.1,64.4,3426
ROLTA,20110713,127.45,129.55,126.6,129.05,346690
ROMAN,20110713,24,24.1,23.55,23.65,717
RPGLIFE,20110713,81.8,83,81.6,82.55,3507
RPOWER,20110713,116.1,117.5,116.1,116.95,781752
RPPINFRA,20110713,79.5,80,77.5,78.9,39962
RSSOFTWARE,20110713,58.7,61.2,58.7,59.7,4807
RSWM,20110713,137.75,140,135.05,135.5,10471
RSYSTEMS,20110713,108,108,104,104.85,5228
RUBYMILLS,20110713,737,749.9,716.55,741.6,213
RUCHINFRA,20110713,19.4,20.5,19.4,20,15775
RUCHIRA,20110713,9.85,10.65,9.85,10,2183
RUCHISOYA,20110713,99,100,97.55,97.9,211992
RUSHIL,20110713,161.4,164.5,146.05,155.4,19412517
SABTN,20110713,50.65,52.2,50.65,51.25,1434
SADBHAV,20110713,138.1,144.75,138.1,142,25641
SAGCEM,20110713,137.5,141,135,140,8431
SAHPETRO,20110713,35.65,35.65,34.4,34.4,275
SAIL,20110713,131.4,132.45,130.6,131.65,2645214
SAKHTISUG,20110713,35.5,36,35.2,35.5,55971
SAKSOFT,20110713,62.5,65.95,62.5,63.55,16974
SAKUMA,20110713,14.7,15,14.7,15,621
SALONACOT,20110713,22,25.9,22,22,510
SALSTEEL,20110713,7,7,6.75,6.8,15965
SAMBANDAM,20110713,94,94,94,94,10
SAMBHAAV,20110713,1.55,1.55,1.55,1.55,350
SANDESH,20110713,275.05,279,268.55,272.65,372
SANGAMIND,20110713,37.7,39.25,37.7,38.6,7647
SANGHIIND,20110713,18.45,18.5,17.2,17.3,14251
SANGHIPOLY,20110713,1.7,1.75,1.65,1.75,7896
SANGHVIFOR,20110713,37.5,38.5,36.75,37.6,32448
SANGHVIMOV,20110713,120,120.9,118.05,118.4,7368
SANWARIA,20110713,26.3,26.7,25.3,25.3,84276
SARDAEN,20110713,214.9,216,202,208.5,9604
SAREGAMA,20110713,65.05,67.45,64.55,65.2,34665
SASKEN,20110713,138.15,139.7,138,138.6,82356
SATHAISPAT,20110713,50,51.7,50,50.4,4301
SATYAMCOMP,20110713,86.1,87.15,86.05,86.25,1977398
SAVERA,20110713,38,39.15,38,38,463
SBBJ,20110713,483.95,494,483.95,489.6,4616
SBIGETS,20110713,2213.5,2238.4,2213.5,2235.6,3876
SBIN,20110713,2414.7,2441.55,2412,2431.1,814037
SBT,20110713,703.5,713.2,703.2,704.75,4683
SCI,20110713,104,105.15,103.8,104.55,107543
SEAMECLTD,20110713,94.2,97.5,94.05,94.6,31603
SEINVEST,20110713,15.95,16.15,15.7,15.95,110031
SELAN,20110713,328,345.8,328,334.25,152940
SELMCL,20110713,17,17.05,16.85,16.9,176419
SENTINEL,20110713,14.6,15.75,14.6,15.3,3590
SERVALL,20110713,8.2,8.25,8.1,8.2,45801
SESAGOA,20110713,281.5,287.45,281.5,286.6,1742083
SESHAPAPER,20110713,236,241.95,231,240.1,918
SGFL,20110713,5.7,6.55,5.7,6.55,300
SGJHL,20110713,255.8,259.8,253.55,256.8,37897
SGL,20110713,4.6,4.6,4.3,4.45,935
SHAHALLOYS,20110713,12.1,13.05,12.1,12.1,54
SHANTIGEAR,20110713,44,44.9,42.6,43.2,139535
SHARIABEES,20110713,122.5,123.15,121.05,123.15,210
SHARRESLTD,20110713,49.35,49.35,46.45,49.35,71
SHASUNPHAR,20110713,75.95,75.95,72.4,73.15,17115
SHILPAMED,20110713,260,272,260,270.45,5825
SHILPI,20110713,16.1,16.45,16.05,16.15,18920
SHIV-VANI,20110713,219.9,223.2,218.35,221,14528
SHIVAMAUTO,20110713,110.05,113,108.3,108.95,635
SHIVTEX,20110713,27.05,30.25,27.05,29.6,1209
SHLAKSHMI,20110713,84,85.5,84,84.5,5462
SHOPERSTOP,20110713,472.05,474.75,453.2,466.65,29805
SHPRE,20110713,6.05,6.5,6,6,3608
SHREEASHTA,20110713,4.85,5,4.8,4.95,1768477
SHREECEM,20110713,1735,1817.3,1733.1,1799.9,100635
SHREERAMA,20110713,5.55,5.55,5.45,5.45,5800
SHRENUJ,20110713,55.5,56.5,55.05,55.65,1551
SHREYANIND,20110713,20.9,20.9,20.9,20.9,20
SHREYAS,20110713,30,31.6,30,30.65,2235
SHRIRAMCIT,20110713,533.05,553.8,533.05,545.55,852
SHRIRAMEPC,20110713,154.75,154.75,146.15,148.5,5650
SHYAMTEL,20110713,42,42,40.85,40.95,1324
SICAGEN,20110713,24.95,25.4,24.4,25.15,48644
SICAL,20110713,76.9,78.4,76.5,77.75,181902
SIEMENS,20110713,912.8,925,909,918.8,192290
SILINV,20110713,87.1,87.1,86.6,86.6,32
SIMBHSUGAR,20110713,40.8,41.4,40.2,40.3,8191
SIMPLEX,20110713,111.45,111.45,105.3,108.75,421
SIMPLEXINF,20110713,266.15,280,266.15,277.75,2061
SINTEX,20110713,173.2,183.25,172.15,181.25,2465263
SIRPAPER,20110713,52,54.35,52,54.15,1467
SITASHREE,20110713,6.2,6.25,6.1,6.15,8166
SIYSIL,20110713,369.5,369.5,362.4,363.95,3171
SJVN,20110713,21.75,22.15,21.75,22.05,151971
SKFINDIA,20110713,665,679.85,658.1,677.35,67129
SKMEGGPROD,20110713,8.9,9,8.75,8.95,4341
SKSMICRO,20110713,596,604.4,529.35,529.35,788263
SKUMARSYNF,20110713,52.5,53.45,52.1,53,1163354
SMARTLINK,20110713,47.1,47.95,46.65,47.05,12501
SMLISUZU,20110713,399.5,404.8,377.65,380.25,2494
SMPL,20110713,9.75,9.9,9.65,9.7,80327
SMSPHARMA,20110713,190.15,199,190.15,197.25,802
SOBHA,20110713,277.95,279.8,274.5,277.95,57263
SOFTTECHGR,20110713,4.85,4.85,4.85,4.85,400
SOLARINDS,20110713,640,648.65,640,645,1663
SOMANYCERA,20110713,42,43,41.5,41.5,2176
SOMATEX,20110713,7.75,7.75,7.3,7.65,3060
SONASTEER,20110713,16.05,16.5,16.05,16.3,12209
SONATSOFTW,20110713,41,43.6,41,42.95,903079
SOTL,20110713,670.1,707.7,664.95,672.2,293859
SOUISPAT,20110713,8.25,8.3,8.15,8.15,18059
SOUTHBANK,20110713,24,24.75,24,24.5,2445553
SPANCO,20110713,132.8,136.8,132.8,136.1,1119
SPARC,20110713,95.65,97.5,94.3,96.25,200943
SPECTACLE,20110713,16.85,17,16,16,52634
SPENTEX,20110713,13,15,13,13.95,12484
SPIC,20110713,32.3,32.3,31.3,31.7,648572
SPICEMOBIL,20110713,108.75,109.95,107.05,107.35,22938
SPLIL,20110713,3.75,3.95,3.7,3.7,9326
SPMLINFRA,20110713,173.6,178,172.1,174,3674
SPYL,20110713,29.25,30.35,29.25,29.55,3543
SREINFRA,20110713,43.45,43.45,42.3,42.95,232736
SRF,20110713,306,311,302.2,305.05,58100
SRGINFOTEC,20110713,0.5,0.6,0.5,0.6,4062
SRHHLINDST,20110713,3.75,3.75,3.75,3.75,145
SRHHYPOLTD,20110713,41.4,45,41.4,43.45,1346
SRICHAMUND,20110713,40.9,40.95,37.9,40.95,576
SRTRANSFIN,20110713,669.95,686,664,682.35,311425
SSWL,20110713,276.55,283,276.55,278.1,14930
STAR,20110713,354.8,364,353,360.2,99523
STARPAPER,20110713,22,23.95,22,22.4,172
STCINDIA,20110713,206.15,216.7,206.15,212.5,164539
STER,20110713,163.8,166.65,163.55,165.35,3265242
STERLINBIO,20110713,82.9,89.3,81.95,86.75,1044674
STERTOOLS,20110713,121.35,121.35,117,117.25,71
STRTECH,20110713,52.5,53.2,52,52.95,233048
SUBEX,20110713,55.85,57.4,55.1,56.85,676606
SUDAR,20110713,103,104.4,102.5,103,7887
SUDARSCHEM,20110713,760,770,760,770,57
SUJANATOW,20110713,32.25,32.5,31.85,31.95,401472
SUJANAUNI,20110713,5.65,5.75,5.55,5.7,42556
SUMEETINDS,20110713,39,39.35,38.2,38.25,210668
SUMMITSEC,20110713,84.5,86,83.45,83.6,2948
SUNCLAYTON,20110713,150,150,146.55,147.6,607
SUNDARAM,20110713,42.8,43.2,42.1,42.5,188614
SUNDARMFIN,20110713,560,560.9,550,556.3,10840
SUNDRMBRAK,20110713,170,172.7,168.5,169.25,356
SUNDRMFAST,20110713,63.25,64.3,61.45,61.95,28188
SUNFLAG,20110713,27.8,28.2,27.6,27.7,77513
SUNILHITEC,20110713,114.5,119.6,113.75,115.9,4817
SUNPHARMA,20110713,501.5,508.5,500.6,505,303542
SUNTECK,20110713,292.15,303.9,292.15,296.9,54821
SUNTV,20110713,301.6,318,283.6,315.35,3500607
SUPER,20110713,232,238.05,232,234.2,1711
SUPERSPIN,20110713,8.3,10,8.2,9.95,255061
SUPPETRO,20110713,66.9,67.9,66.5,67.15,11023
SUPRAJIT,20110713,19.25,20,19.25,19.5,6386
SUPREMEIND,20110713,190.5,193.5,190,192.1,45850
SUPREMEINF,20110713,253.1,262,252.1,258,3451
SURAJDIAMN,20110713,46.4,47.2,46.2,47,12120
SURANACORP,20110713,88.2,90,88.2,88.6,21290
SURANAIND,20110713,390,394.9,387,389.6,3966
SURANAT&P,20110713,15.95,15.95,15.15,15.2,880
SURANAVEL,20110713,39.1,39.95,39.05,39.35,810
SURYAJYOTI,20110713,28.3,28.35,28,28.05,2141
SURYALAXMI,20110713,69.7,70.1,68.9,69.25,5798
SURYAPHARM,20110713,21,21.3,20.7,21,41553
SURYAROSNI,20110713,82.5,82.5,80.8,81.4,6186
SUTLEJTEX,20110713,193,196.9,193,195.9,1598
SUVEN,20110713,19.85,20.2,19.05,19.5,38857
SUZLON,20110713,49.5,50.3,49.2,49.55,8806097
SWARAJENG,20110713,459.95,460,448.1,450,3672
SYMPHONY,20110713,1250,1279,1216.5,1273.4,392
SYNCOM,20110713,21.7,22.2,21.5,21.6,11698
SYNDIBANK,20110713,117.8,117.8,115.45,116.9,252364
TAINWALCHM,20110713,38.9,40.75,37,40,78317
TAJGVK,20110713,101.05,105.5,100.15,104.8,209479
TAKE,20110713,38.55,39.05,38.4,38.65,2575
TALBROAUTO,20110713,54.2,56.35,54.05,55.45,849
TALWALKARS,20110713,239.1,245.4,237,243,231703
TANFACIND,20110713,30,30.95,29.55,30.5,359
TANLA,20110713,15.7,16,15.3,15.5,134461
TANTIACONS,20110713,67.8,67.8,66.2,66.65,1050
TARAPUR,20110713,20.05,20.4,19.8,20.15,21699
TATACHEM,20110713,378.7,383.55,378.55,380.95,171173
TATACOFFEE,20110713,861.95,870.7,854,857.55,233586
TATACOMM,20110713,204.05,206.6,202,203.2,221450
TATAELXSI,20110713,247,247.6,242.4,244.85,29143
TATAGLOBAL,20110713,101,102.45,100.7,101.65,649474
TATAINVEST,20110713,493.15,498.65,489,495.9,2967
TATAMETALI,20110713,101.5,103.8,101.25,102.15,17347
TATAMOTORS,20110713,1028,1048.5,1025,1045.7,1448091
TATAMTRDVR,20110713,592.95,597,586.1,594.4,552728
TATAPOWER,20110713,1281,1298,1267.55,1280.4,220787
TATASPONGE,20110713,330,342.95,330,341.55,8440
TATASTEEL,20110713,577,579.35,570.15,575,4031915
TCI,20110713,93.9,93.9,92,92.35,4145
TCIDEVELOP,20110713,190,192,187,187.2,136
TCIFINANCE,20110713,50.55,53.8,50.55,52.05,3781
TCS,20110713,1150,1168,1131,1149.05,1976300
TECHM,20110713,743,746.35,736.65,740.4,228813
TECHNO,20110713,230,232,226,228.3,14330
TECHNOFAB,20110713,134.1,137.85,134.1,136.5,4242
TECPRO,20110713,278,279.5,268,271.05,20299
TELEDATAIT,20110713,0.4,0.4,0.35,0.35,104523
TEXMACOLTD,20110713,32.25,33.65,32.25,33.55,105524
TEXMOPIPES,20110713,38.9,40.75,37.55,39.15,362701
TEXRAIL,20110713,92.5,93,91.5,92.05,60495
TFCILTD,20110713,29.35,30.55,29.35,30.45,114345
TFL,20110713,14.9,15.45,14.9,15.15,651
THANGAMAYL,20110713,150.65,156.95,148.3,151.65,8779
THEMISMED,20110713,159,159,151.75,156,20
THERMAX,20110713,619,619,603,605.95,56713
THINKSOFT,20110713,49.05,49.85,48.5,48.9,20303
THIRUSUGAR,20110713,96.5,103.2,96.5,97.55,3271
THOMASCOOK,20110713,48.2,49.1,48.2,48.4,163860
TI,20110713,43.1,43.65,42.5,43.45,60900
TIDEWATER,20110713,7350,7515,7350,7410.2,1189
TIIL,20110713,57.1,61.7,56.3,59.3,158929
TIL,20110713,441.25,453,440.2,449.65,2587
TIMBOR,20110713,43.4,44.3,40.75,40.8,370798
TIMESGTY,20110713,33,33.75,32.55,33.65,1196
TIMETECHNO,20110713,70.25,71.5,69.5,70.2,90596
TIMKEN,20110713,252.65,253.45,242.3,244.05,778090
TINPLATE,20110713,60.3,60.85,59.85,60.15,45973
TIPSINDLTD,20110713,27.95,28.25,27.5,28.15,6166
TIRUMALCHM,20110713,98.5,99.8,98,98.7,5884
TITAN,20110713,224.9,228,223.15,225.15,2208958
TNPETRO,20110713,17,17.1,16.7,16.8,13917
TNPL,20110713,115.1,116.85,114.65,116.15,33136
TODAYS,20110713,7.1,7.25,7.1,7.15,2709
TOKYOPLAST,20110713,17.1,17.25,16.3,17.25,5716
TORNTPHARM,20110713,657,668,652,656.35,8947
TORNTPOWER,20110713,245.8,248.6,242.15,243.5,28332
TRENT,20110713,1217.9,1217.95,1185,1194.95,8094
TRF,20110713,416.8,433,412.05,420.9,171086
TRICOM,20110713,14.7,15.1,14.2,14.5,169891
TRIDENT,20110713,13.65,14,13.65,13.9,30933
TRIGYN,20110713,19,20.1,18.5,19.7,55943
TRIL,20110713,258,259.95,250.4,253.15,10026
TRIVENI,20110713,36.5,37.15,36.2,36.65,333549
TTKHEALTH,20110713,414.2,414.85,405.6,406.95,5650
TTKPRESTIG,20110713,2730.75,2770,2725,2737.9,64431
TTL,20110713,29,29,27.95,28.7,6901
TTML,20110713,20.7,21.05,20.55,20.85,2964864
TUBEINVEST,20110713,152.4,153.5,150.5,152.8,68510
TULIP,20110713,157.2,160.35,156.45,159.05,273110
TULSI,20110713,15.9,16.9,15.9,16.65,149835
TULSYAN,20110713,45.4,45.6,45.4,45.6,81
TVSELECT,20110713,23.4,23.75,23.1,23.4,5150
TVSMOTOR,20110713,51.15,51.75,50.75,51.45,1160473
TVSSRICHAK,20110713,345,368,334,353.7,19207
TVTODAY,20110713,64.4,69.5,63.85,66.9,254806
TWILITAKA,20110713,53.6,54.15,52.15,52.3,24329
TWL,20110713,412.5,434.2,412,429.15,47467
UBENGG,20110713,83.3,84,82.5,82.7,32224
UBHOLDINGS,20110713,150.4,152.5,149.1,149.7,47726
UBL,20110713,506.7,508,494.65,496.8,71403
UCALFUEL,20110713,86.15,90.45,85,86.8,79230
UCOBANK,20110713,90.1,90.1,89,89.35,674815
UFLEX,20110713,211.85,213.45,208.7,210.55,266906
UGARSUGAR,20110713,15.75,16.5,15.3,15.8,17938
ULTRACEMCO,20110713,977.75,997.9,965.5,991.85,38627
UMESLTD,20110713,23.3,24.1,23.3,23.4,4076
UNICHEMLAB,20110713,160.9,162.5,157.05,161.55,17619
UNIENTER,20110713,25.25,25.85,25.25,25.7,1228
UNIONBANK,20110713,298.4,300.95,298,300,232684
UNIPHOS,20110713,153.45,158.4,151.3,157.65,1796801
UNIPLY,20110713,13.75,14.2,13.5,13.5,2850
UNITECH,20110713,33.5,33.9,32.15,32.45,35253859
UNITEDBNK,20110713,97,97.2,95.1,96.45,451583
UNITEDTEA,20110713,129.4,129.65,129.4,129.65,101
UNITY,20110713,63.6,64,62.05,62.7,21089
UNIVCABLES,20110713,60,61.95,59.85,61,537
UPERGANGES,20110713,56,56.9,55.25,55.6,154
USHAMART,20110713,52.2,53.4,51.55,51.65,221765
USHERAGRO,20110713,130.1,138.1,128.85,136.5,1159366
UTISUNDER,20110713,858,858,858,858,21
UTTAMSTL,20110713,105.05,107,105,106.35,16412
UTTAMSUGAR,20110713,39.15,42.6,38.7,38.85,4295
UTVSOF,20110713,810,828.8,802.35,822.2,260757
VADILALIND,20110713,164.7,165.95,161.1,163.3,4588
VAIBHAVGEM,20110713,42.4,46.35,42.4,45.65,7435
VAKRANSOFT,20110713,376.1,399.9,376.1,395.4,12243
VALECHAENG,20110713,95.95,96.25,95,95.7,10474
VALUEIND,20110713,20.35,20.35,19.7,19.75,10002
VARDHACRLC,20110713,10.25,10.3,10.15,10.2,69476
VARDMNPOLY,20110713,97.7,98.3,97,97.95,59838
VARUN,20110713,203,209.6,202,205.9,59844
VARUNSHIP,20110713,24,24.3,23.85,23.95,49944
VASCONEQ,20110713,74.1,74.6,71.2,73,8011
VENKEYS,20110713,589.8,622.9,586,614.6,171454
VENUSREM,20110713,191.2,191.2,187.85,190.35,8411
VESUVIUS,20110713,392.5,400,392.2,397.15,1433
VGUARD,20110713,222,236,220.5,232.9,486075
VHL,20110713,432,455,432,444.55,70
VICEROY,20110713,31.45,31.45,30.3,31.05,10198
VIDEOIND,20110713,195,195,190.95,193,78691
VIJAYABANK,20110713,67,68.6,67,68.2,1515001
VIJSHAN,20110713,19.5,19.5,19,19,1567
VIKASHMET,20110713,12.1,12.5,12,12.1,224846
VINATIORGA,20110713,72.9,72.9,71,71.45,4538
VINDHYATEL,20110713,170.1,170.55,166.05,166.25,3542
VINYLINDIA,20110713,13.1,13.5,12,12.45,16147
VIPIND,20110713,849,866.4,849,861.3,495493
VIPUL,20110713,12,12.2,11.6,12,6413
VISAKAIND,20110713,103.95,104,102,102.65,7882
VISASTEEL,20110713,60.3,61,59.2,59.85,77547
VISESHINFO,20110713,8.65,8.65,8.55,8.6,3061
VISHALRET,20110713,33.3,33.9,33.15,33.25,22652
VISUINTL,20110713,2.9,3,2.85,2.95,8875
VIVIMEDLAB,20110713,280.3,292.75,280,287.85,30043
VLSFINANCE,20110713,13.65,14.4,13.65,14,3123
VOLTAMP,20110713,518.75,529.95,516,519,44871
VOLTAS,20110713,160,160,157,158.8,295099
VSTIND,20110713,1020,1065,1020,1052.65,18108
VSTTILLERS,20110713,540.25,555,535.7,549,287
VTL,20110713,218,223.8,218,222.2,4478
VTXIND,20110713,16.75,16.85,16.35,16.55,12550
WABAG,20110713,1282.95,1289,1270,1273.7,2384
WABCO-TVS,20110713,1168.1,1187,1156,1165.8,1327
WALCHANNAG,20110713,123,124.85,122.55,123.45,37254
WANBURY,20110713,30.25,30.8,30.25,30.55,4514
WEBELSOLAR,20110713,66.95,66.95,62.5,62.85,7665
WEIZFOREX,20110713,90,97.45,81.25,87,108480
WEIZMANIND,20110713,14.65,14.65,12.1,13.9,101112
WELCORP,20110713,166.55,168.5,163.3,167.5,176279
WELINV,20110713,66,68.7,63.2,63.75,132
WELPROJ,20110713,65.9,67.3,65.2,65.9,16386
WELSPUNIND,20110713,42.75,44.65,41.95,42.2,105753
WENDT,20110713,1530,1565,1501,1549.95,832
WHEELS,20110713,270.1,275,270.1,275,74
WHIRLPOOL,20110713,253.4,257,251.2,252.6,17612
WILLAMAGOR,20110713,50.95,50.95,49.3,49.45,1115
WINSOMYARN,20110713,3.65,3.65,3.35,3.5,17578
WIPRO,20110713,410.5,415.4,410.5,413.5,667209
WOCKPHARMA,20110713,421.85,433,418.45,422.8,1088682
WSI,20110713,18.5,19.75,18.5,18.5,1153
WSTCSTPAPR,20110713,84,86,83.25,85.15,25349
WWIL,20110713,8.6,9.15,8.6,8.85,759248
WYETH,20110713,965.7,973,958.3,968,989
XLENERGY,20110713,9,9.2,8.6,9,15665
XPROINDIA,20110713,53.95,54,51.1,51.5,4135
YESBANK,20110713,315,320.5,314.2,317.95,1125664
ZANDUREALT,20110713,2060,2069.7,2014.1,2050.8,683
ZEEL,20110713,127,128.85,126.3,127.95,1004246
ZEELEARN,20110713,20.7,20.7,20.35,20.5,327466
ZEENEWS,20110713,12.85,13.1,12.65,12.75,1346357
ZENITHBIR,20110713,6.6,6.6,6.4,6.55,516428
ZENITHCOMP,20110713,17.85,18.85,17.85,18.4,9936
ZENITHINFO,20110713,208.5,214.95,201.3,203.85,219
ZENSARTECH,20110713,159.9,159.95,154.2,155.65,8793
ZICOM,20110713,39.75,39.75,38.6,39.1,8458
ZODIACLOTH,20110713,367.15,373.5,367.1,370,544
ZODJRDMKJ,20110713,23.95,23.95,23.95,23.95,573
ZUARIAGRO,20110713,675,685.6,672.25,676.7,2881
ZYDUSWELL,20110713,715,736,715,726.9,45506
ZYLOG,20110713,400,401.9,394.2,399.2,61663
NSENIFTY,20110713,5542.05,5596.15,5541.40,5585.45,106019573,4702.05
NIFTYJUNIOR,20110713,11214.05,11293.95,11208.90,11282.35,49551412,1119.60
BANKNIFTY,20110713,11065.20,11164.25,11060.90,11142.25,10109907,853.23
NSEMIDCAP,20110713,8005.10,8109.65,8005.10,8103.00,88291618,1330.37
NSEIT,20110713,6384.90,6454.80,6382.70,6408.55,12732082,877.48
NSE100,20110713,5460.90,5516.00,5460.90,5506.60,155570985,5821.66
NSE500,20110713,4467.90,4514.85,4467.90,4508.40,378985557,8373.89
MIDCAP50,20110713,2441.15,2472.25,2441.15,2468.85,60511923,679.98
VIX,20110713,20.83,20.83,19.50,19.52,20.83,-1.31
