20MICRONS,20111014,56.3,57.05,55.5,56.85,144194
3IINFOTECH,20111014,26,26.8,25.55,26.55,479852
3MINDIA,20111014,4304.4,4305,4200.1,4260.45,446
A2ZMES,20111014,189.8,193.4,185.2,191.3,156165
AANJANEYA,20111014,420,426.5,410.05,412.4,31856
AARTIDRUGS,20111014,99.25,102.5,97.55,97.85,2284
AARTIIND,20111014,46.95,46.95,46.35,46.7,1593
AARVEEDEN,20111014,35,35,34.3,34.3,1358
ABAN,20111014,399,408.85,389.2,405.6,722680
ABB,20111014,686.85,694.45,685.5,688.7,64539
ABBOTINDIA,20111014,1451,1456,1441,1448.7,395
ABCIL,20111014,96.25,97,95.1,96.35,1409
ABGSHIP,20111014,398.2,411,396.3,405.9,154539
ABHISHEK,20111014,9.2,9.55,9.05,9.25,5174
ABIRLANUVO,20111014,852.25,889.15,852.25,881.55,21341
ACC,20111014,1116.1,1126.8,1112.2,1119.5,179109
ACE,20111014,42.15,42.65,41.25,42.05,25359
ACKRUTI,20111014,193,193.6,191.1,192.1,4628
ACROPETAL,20111014,15.15,15.25,14.85,14.95,75709
ADANIENT,20111014,472.95,479.9,467,470.9,204808
ADANIPOWER,20111014,84.7,84.7,81.5,83.4,772338
ADFFOODS,20111014,57.75,57.95,56.6,56.95,2153
ADHUNIK,20111014,49.45,53.7,48.65,52.45,135896
ADORWELD,20111014,143,147.5,141.25,146.8,7748
ADSL,20111014,28.05,29.7,28.05,29.05,67811
ADVANIHOTR,20111014,35.05,35.45,35,35.45,1125
ADVANTA,20111014,384.65,404,384.65,395.35,84182
AEGISCHEM,20111014,183.35,189.55,183.35,183.9,4148
AFL,20111014,39.6,42.75,38,41,120125
AFTEK,20111014,10.8,11.4,10.8,11.1,99217
AGCNET,20111014,146,146,140,144.3,68
AGRE,20111014,39,41.5,38.1,39.8,6022
AGRODUTCH,20111014,6.85,7,6.7,6.9,5422
AHLEAST,20111014,301.95,320,300,306.25,40
AHLUCONT,20111014,110,115,108,111.1,1732
AHLWEST,20111014,157,157,145.8,148.4,131
AHMEDFORGE,20111014,103.5,103.5,101.2,102.15,6823
AIAENG,20111014,309,313.8,308.1,310,240500
AJANTPHARM,20111014,306,306.5,303.05,304.85,1670
AJMERA,20111014,124.9,125,119,120.75,19840
AKSHOPTFBR,20111014,6.25,6.4,6.2,6.25,17473
AKZOINDIA,20111014,915.05,926,913,919.45,1020
ALBK,20111014,150.5,156.85,150.25,155.5,371599
ALCHEM,20111014,258,259.8,257.7,258.35,121107
ALEMBICLTD,20111014,18.55,18.8,18.05,18.5,49148
ALFALAVAL,20111014,2179.95,2260,2171,2238.15,13120
ALKALI,20111014,39.4,40.2,38.55,39.05,5927
ALKYLAMINE,20111014,89.1,89.1,84.95,85,44
ALLCARGO,20111014,141,144.55,141,143.5,3175
ALLSEC,20111014,14,14,13.25,13.3,3068
ALMONDZ,20111014,21.75,23.25,21.7,22.7,7148
ALOKTEXT,20111014,19.25,19.8,19.25,19.7,3951984
ALPA,20111014,8.25,8.5,7.85,8.35,1738
ALPHAGEO,20111014,85.5,92,85.5,87.8,658
AMAR,20111014,115.45,116.5,113.5,114.1,86496
AMARAJABAT,20111014,210,213.4,203.15,207.95,21774
AMARJOTHI,20111014,55,55.6,55,55.6,2
AMBIKCO,20111014,182.8,182.8,174,174.05,1017
AMBUJACEM,20111014,147,149.7,146.7,149.15,1403504
AMDIND,20111014,18.2,19.2,18.2,18.75,460
AMLSTEEL,20111014,18.5,19.45,18.5,19.45,1539
AMRUTANJAN,20111014,779,786.9,763.15,775,61790
AMTEKAUTO,20111014,134.55,137.9,133,136.65,277702
AMTEKINDIA,20111014,142,142.85,136.1,137.8,56722
ANANTRAJ,20111014,52,52.85,51.5,51.9,109099
ANDHRABANK,20111014,121.6,123.45,121.5,121.85,208448
ANDHRSUGAR,20111014,98.95,98.95,98,98.3,3549
ANGIND,20111014,21,21,19.55,19.75,771
ANIKINDS,20111014,35,35,33.85,34.8,927
ANSALAPI,20111014,34.3,34.9,34.1,34.55,44710
ANSALHSG,20111014,38.75,39.2,37.5,38.25,2260
APARINDS,20111014,151.25,153,148.8,150.65,1491
APCOTEXIND,20111014,174,174,165.5,168.25,282
APIL,20111014,534,556,534,546.15,54530
APLAB,20111014,32.5,32.5,32.05,32.05,3
APLLTD,20111014,40.5,41.5,40.1,40.45,47030
APOLLOHOSP,20111014,505,507,498.1,504.45,20042
APOLLOTYRE,20111014,56.9,57.75,56.1,56.6,1322859
APPAPER,20111014,151.1,164.85,149.15,164.5,271389
APTECHT,20111014,112.1,116.6,111.6,115.95,402383
AQUA,20111014,13.7,14.05,13.1,14,62053
ARCHIES,20111014,38.5,39.4,38.5,38.95,36736
AREVAT&D,20111014,215,219.9,212.1,214.8,85384
ARIES,20111014,90.6,92.9,88.55,90.05,6437
ARL,20111014,2.15,2.25,2.15,2.15,55071
ARROWTEX,20111014,9.15,9.45,9.1,9.35,1090
ARSHIYA,20111014,142,142,129.8,135,19849
ARSSINFRA,20111014,351.05,356.8,344,349.3,181027
ARVIND,20111014,100.25,106.95,99.35,106.4,7219885
ASAHIINDIA,20111014,65,66,65,65.6,3555
ASAHISONG,20111014,81.2,88.5,81.2,87,5312
ASAL,20111014,51.05,53.1,51.05,52.7,620
ASHAPURMIN,20111014,16.1,17.4,16.1,16.6,29175
ASHCONIUL,20111014,2.05,2.3,2,2.1,4095
ASHIANA,20111014,145.3,148,137.5,145,1790
ASHIMASYN,20111014,4.55,4.55,4.2,4.25,1503
ASHOKA,20111014,240,240,238,239.65,505
ASHOKLEY,20111014,24.9,24.9,24.1,24.6,2525397
ASIANHOTNR,20111014,175.9,175.9,168,174.35,2000
ASIANPAINT,20111014,3101.1,3179.5,2626.85,3146.4,17411
ASIANTILES,20111014,41,42.8,40.5,42,132
ASSAMCO,20111014,11,11.4,11,11.25,107397
ASTEC,20111014,34.1,34.45,33.5,33.9,6173
ASTERSILI,20111014,15.25,16.4,15.25,15.65,10242
ASTRAL,20111014,191.9,198,190.25,196.85,10264
ASTRAMICRO,20111014,30.25,32.1,30.25,31.7,32789
ASTRAZEN,20111014,1255,1255,1246.05,1254,318
ATFL,20111014,400.5,406,387.4,395.7,6456
ATLANTA,20111014,63.95,66,62.15,64,147422
ATLASCYCLE,20111014,347.9,352.5,342,345.2,25311
ATNINTER,20111014,0.8,1.05,0.8,1,11276
ATUL,20111014,209.25,213,207.1,211.9,18782
AURIONPRO,20111014,137,137,132.3,135,155
AUROPHARMA,20111014,130.35,133.5,127.55,128.15,896182
AUTOAXLES,20111014,419.9,419.9,390.1,392,341
AUTOIND,20111014,109.1,109.95,108,108.75,8119
AUTOLITIND,20111014,15.9,16,15.05,15.4,196
AVENTIS,20111014,2322.75,2390,2246.05,2350.55,755
AVTNPL,20111014,376.15,396,376.15,390.65,2348
AXIS-IT&T,20111014,92.15,99.1,92.15,98.5,4873
AXISBANK,20111014,1075.55,1110,1075.55,1103.35,2172836
AXISGOLD,20111014,2636,2643.5,2625,2638.3,213
BAGFILMS,20111014,5.15,5.95,5.15,5.65,559300
BAJAJ-AUTO,20111014,1586.3,1639.95,1580.05,1633.4,310643
BAJAJCORP,20111014,102.9,103,99.2,99.75,223666
BAJAJELEC,20111014,193.85,198.65,193.2,194.5,75191
BAJAJFINSV,20111014,527.35,531.9,516.05,525.4,27618
BAJAJHIND,20111014,36.85,38.5,36.4,37.95,2846957
BAJAJHLDNG,20111014,727.05,735,725.5,730.65,9085
BAJFINANCE,20111014,650,674.95,650,670.75,13584
BALAJITELE,20111014,33.45,34.5,32.25,33.25,344821
BALAMINES,20111014,36.45,36.5,34.05,34.1,1310
BALKRISIND,20111014,173.95,173.95,170,171.1,3782
BALLARPUR,20111014,25.55,28.7,25.55,27.8,2513789
BALMLAWRIE,20111014,582.55,599,580,596.6,3429
BALPHARMA,20111014,20.55,21.55,20.55,21.5,1081
BALRAMCHIN,20111014,45.6,49,45.6,48.75,1947770
BANARISUG,20111014,599.4,599.4,575,578.1,305
BANCOINDIA,20111014,74,74.1,72.05,73.8,4022
BANG,20111014,21.7,22.6,20.8,22.3,4577
BANKBARODA,20111014,760.35,774.85,757.55,770.6,281294
BANKBEES,20111014,972,975.95,962.4,970.9,782
BANKINDIA,20111014,325.05,339.8,325.05,338.4,584311
BANSWRAS,20111014,88.9,89,88,88.75,2385
BARTRONICS,20111014,52.45,54.75,52.45,53,58064
BASF,20111014,619,619,605.05,608.4,1571
BASML,20111014,62,65.95,61.2,62.25,8388
BATAINDIA,20111014,678.8,687.95,672,684.9,319756
BATLIBOI,20111014,16.3,18.45,16.3,17.4,2508
BAYERCROP,20111014,839.9,843.9,825.15,830.8,2275
BBL,20111014,740,750,740,742.4,960
BBTC,20111014,439.05,443.85,433,436.75,1193
BEDMUTHA,20111014,108.25,110,107,108.75,18118
BEL,20111014,1553,1553,1532,1539,1540
BELLCERATL,20111014,13,13.05,12.75,12.8,491
BEML,20111014,485.05,522.4,485.05,514.7,448042
BEPL,20111014,24.1,24.65,24,24.25,3706
BERGEPAINT,20111014,100.9,102.2,100.2,100.5,87934
BFINVEST,20111014,50.6,53.9,50.6,52.15,399
BFUTILITIE,20111014,457.55,477,457.55,472,236090
BGLOBAL,20111014,14.35,14.35,13,13.05,166446
BGRENERGY,20111014,333.1,343.5,330,337.65,265702
BHAGWATIHO,20111014,77.9,77.9,75.75,76,3731
BHAGYNAGAR,20111014,14.55,14.95,14.55,14.8,4621
BHARATFORG,20111014,280.05,290.85,278.5,289.5,134936
BHARATGEAR,20111014,45.1,47,45.1,45.45,1579
BHARATRAS,20111014,109,109,103.15,105.3,53
BHARTIARTL,20111014,367.2,384.9,367.2,383.65,3693590
BHARTISHIP,20111014,92.45,93.4,91.5,92.15,71610
BHEL,20111014,332.7,338.75,329.4,333.3,1214931
BHUSANSTL,20111014,322.5,330.95,315.45,328,241937
BIL,20111014,50.9,54.9,49,53.75,57006
BILPOWER,20111014,80,84.5,78.1,82.8,2654
BIMETAL,20111014,259.75,260,252.2,259.95,138
BINANIIND,20111014,128.75,128.75,126.55,126.95,19127
BINDALAGRO,20111014,60.95,61.2,60,60,94422
BIOCON,20111014,346.3,350,333.35,347.15,74780
BIRLACORPN,20111014,324.85,324.85,317.25,320.85,4398
BIRLACOT,20111014,0.35,0.4,0.3,0.35,1319667
BIRLAERIC,20111014,13.1,13.1,12.75,12.95,1005
BIRLAPOWER,20111014,0.65,0.7,0.65,0.7,1062321
BLBLIMITED,20111014,3.25,3.65,3.25,3.65,4699
BLISSGVS,20111014,21.55,22.15,21.5,22,14880
BLKASHYAP,20111014,9.45,11.1,9.05,11,564459
BLUECHIP,20111014,0.9,0.9,0.85,0.85,19622
BLUEDART,20111014,1571.1,1625,1571.1,1601.4,10061
BLUESTARCO,20111014,231,244.9,223.2,227.45,44600
BLUESTINFO,20111014,71.65,71.65,68.8,68.8,41
BOC,20111014,306,318,306,315.2,32965
BODALCHEM,20111014,20.75,20.75,19.55,20.15,2000
BOMDYEING,20111014,392,395.65,385.8,388.45,348932
BOSCHLTD,20111014,7071.15,7100,7040.1,7074.55,4770
BPCL,20111014,655.5,661.95,649,655.45,395888
BPL,20111014,19.4,20.6,19.4,20.5,13828
BRANDHOUSE,20111014,15,15.55,15,15.2,24327
BRFL,20111014,272.05,281.45,272.05,279.5,11820
BRIGADE,20111014,66,66,63.15,63.45,13425
BRITANNIA,20111014,449.8,452,440,447.7,19918
BROADCAST,20111014,7.3,7.5,7.1,7.45,2455
BROOKS,20111014,26.7,26.7,24.45,24.95,413514
BSELINFRA,20111014,3.65,3.75,3.5,3.6,19119
BSL,20111014,20.5,22.35,20.5,21.5,670
BSLGOLDETF,20111014,2670,2689.95,2647.35,2666.3,362
BSLNIFTY,20111014,49.65,51.95,49.15,49.15,350
BSTRANSCOM,20111014,95.2,97.35,95.2,96.2,17769
BVCL,20111014,13.2,14.25,13.2,14.05,771
CADILAHC,20111014,740.3,762,740.3,749.8,209815
CAIRN,20111014,278.5,289.1,277.5,288,1287647
CALSOFT,20111014,26.1,26.1,26.05,26.05,750
CAMBRIDGE,20111014,22.05,22.8,21.9,22.3,2053
CAMLIN,20111014,44.05,48.7,43.8,48.05,1303776
CANBK,20111014,451.15,459.65,445.15,458.55,275629
CANDC,20111014,112,112.5,108.2,111.7,20241
CANFINHOME,20111014,95.8,97.4,95,97.15,5802
CANTABIL,20111014,24.8,24.85,24.25,24.3,4399
CARBORUNIV,20111014,151,158.85,151,155.85,4533
CAROLINFO,20111014,151.5,157,150.8,152.55,644
CASTROL,20111014,463,475.1,463,467.7,40431
CCCL,20111014,19.4,20,18.6,18.9,88996
CCL,20111014,170.65,172.45,168.75,170.95,21212
CEATLTD,20111014,75.25,76.55,75.25,75.6,22115
CEBBCO,20111014,37.9,42.8,37,41,64679
CELEBRITY,20111014,6.15,6.3,6.05,6.05,3777
CELESTIAL,20111014,23,24,22.75,22.85,4355
CENTENKA,20111014,149.8,154.05,146.35,151.65,11782
CENTEXT,20111014,2.85,3,2.8,2.85,90641
CENTRALBK,20111014,103.5,104.6,102.05,103.3,180583
CENTUM,20111014,74,78.65,73.25,73.4,286
CENTURYPLY,20111014,63.45,63.45,59.5,60.1,4796
CENTURYTEX,20111014,308.3,319.15,308.3,315.8,1053178
CERA,20111014,195.1,199.95,195.1,199.85,1132
CESC,20111014,268.8,269.8,266.1,269.1,23966
CHAMBLFERT,20111014,99.8,101.8,98.55,101.1,2046442
CHEMFALKAL,20111014,48.4,48.4,45.5,45.9,122
CHEMPLAST,20111014,5.4,5.85,5.4,5.55,29940
CHENNPETRO,20111014,200.3,204.9,200.3,202.25,10213
CHESLINTEX,20111014,10.75,11.5,10.65,11.45,1100
CHETTINAD,20111014,500,500,460.35,483,32779
CHOLAFIN,20111014,146.1,153.95,146.1,153.8,8820
CILNOVA,20111014,17.3,17.3,16.5,17.1,402
CIMMCO,20111014,82.65,82.65,82.65,82.65,1
CINEMAX,20111014,36.4,37,35.35,35.7,56634
CINEVISTA,20111014,3.4,3.55,3.4,3.55,6336
CIPLA,20111014,288,291.25,283.05,287.5,2068403
CLASSIC,20111014,10.15,10.6,10.15,10.45,7912
CLNINDIA,20111014,720,720,712.3,717.9,2366
CLUTCHAUTO,20111014,34,34.75,33.5,34.6,13112
CMAHENDRA,20111014,177.8,180,177.05,178.7,53423
CMC,20111014,776,806.95,766.1,769.3,65841
COALINDIA,20111014,330.2,331,319.05,322.55,9162659
COLPAL,20111014,991,996,985,994,10992
COMPUAGE,20111014,93.1,93.3,87.7,90.25,9067
CONCOR,20111014,999.9,1000,980.2,985.5,704
CONSOFINVT,20111014,60,60,58.4,58.4,500
CORAL-HUB,20111014,4.4,4.55,4.35,4.5,11229
CORDSCABLE,20111014,29.75,30.6,29.55,30.4,3995
COREEDUTEC,20111014,282,287,282,285.05,19654
COROENGG,20111014,261.5,261.5,245,250,7
COROMANDEL,20111014,315,324,311,319.25,54215
CORPBANK,20111014,415,418.7,413.3,416.85,112741
COSMOFILMS,20111014,87.5,89,84,87.3,7552
COX&KINGS,20111014,213.35,216,208.65,212.05,333943
CPIL,20111014,270,275.5,268.05,269.4,8414
CREATIVEYE,20111014,5.5,5.5,5.2,5.3,6033
CRESTANI,20111014,42.15,42.15,38.5,40.2,112091
CREWBOS,20111014,36.6,36.75,35.9,36.55,16546
CRISIL,20111014,859,936.7,850,883.1,586172
CROMPGREAV,20111014,165.8,165.8,159.35,160.4,2501845
CRONIMET,20111014,125,134.95,125,127.75,21440
CTE,20111014,7.5,7.9,7.5,7.9,900
CUB,20111014,43.6,43.6,42.75,42.9,207382
CUBEXTUB,20111014,9.8,10.35,9.8,10.35,2693
CUMMINSIND,20111014,414.65,414.65,402.75,407.35,38526
CURATECH,20111014,110.05,121,110.05,121,500
CYBERMEDIA,20111014,15.45,15.45,14,15.4,156
CYBERTECH,20111014,10.75,10.95,10.5,10.7,10882
DAAWAT,20111014,42.45,45.25,42.45,44.95,32044
DABUR,20111014,99.7,100.8,99.4,100.15,640562
DALMIABEL,20111014,109.8,109.8,108,108.7,9331
DALMIASUG,20111014,16.25,17.1,16.2,16.75,23198
DATAMATICS,20111014,26.65,27.7,26.6,27.4,2644
DBCORP,20111014,202.85,212.9,198.45,207.7,7971
DBREALTY,20111014,53.55,55,53.45,54.35,159071
DCB,20111014,43.2,43.8,42.4,43.15,4196383
DCHL,20111014,55.5,56.1,54.05,55.7,187804
DCM,20111014,57,57.65,56.15,56.75,12980
DCMSRMCONS,20111014,46,46.2,45,45.5,10466
DCW,20111014,8.95,8.95,8.8,8.8,66645
DECCANCE,20111014,143,148,143,147.95,311
DECOLIGHT,20111014,4,4,3.7,3.7,13868
DEEPAKFERT,20111014,164.3,167.95,163.05,163.7,31349
DEEPIND,20111014,74.55,74.6,73.25,74.35,4599
DELTACORP,20111014,101.5,105.85,100,105.05,6890813
DEN,20111014,82.85,91.25,78.5,90.95,2592074
DENABANK,20111014,76.7,77.35,75.75,76.8,612518
DENORA,20111014,83.85,85.75,83.2,83.95,5140
DENSO,20111014,50.3,54.75,50.3,54.6,2947
DEWANHOUS,20111014,228.5,228.5,221,223.75,52164
DHAMPURSUG,20111014,42.9,43.9,41.75,43.25,64102
DHANBANK,20111014,64,64.45,62.85,63.4,1217794
DHANUKA,20111014,102.9,102.9,100.7,101.65,17788
DHARSUGAR,20111014,27.8,30.5,26.6,29.85,20582
DIAPOWER,20111014,102,104,102,102.75,6560
DICIND,20111014,221.05,227.5,221.05,225.8,722
DIGJAM,20111014,9.1,9.2,8.8,8.95,18592
DISHMAN,20111014,59.95,59.95,58.1,58.4,40266
DISHTV,20111014,81,81.8,79.5,80.05,4919148
DIVISLAB,20111014,730.5,736,728.5,734.95,240999
DLF,20111014,235.2,235.6,228.5,231.6,8366074
DLINKINDIA,20111014,20.15,20.5,20,20.05,2396
DOLPHINOFF,20111014,125.8,125.8,120.1,121.25,7998
DONEAR,20111014,22.9,23.5,19.3,20.5,3931
DPSCLTD,20111014,1951.05,1951.05,1941,1941,8
DPTL,20111014,121,128.5,121,125.85,2710
DQE,20111014,33.55,33.75,32.6,32.7,32302
DREDGECORP,20111014,236.7,244.15,235,237.2,6431
DRREDDY,20111014,1509,1527,1498.95,1523.3,237589
DSKULKARNI,20111014,56,56.25,54.6,55.65,4463
DWARKESH,20111014,38.7,40.9,38.35,40.35,24821
DYNAMATECH,20111014,1090.1,1134,1085.1,1125,994
DYNASYS,20111014,0.65,0.65,0.65,0.65,4
EASTSILK,20111014,5.8,5.95,5.8,5.9,7450
ECEIND,20111014,107,107,107,107,10
ECLERX,20111014,735.15,743,733,737.3,1532
EDELWEISS,20111014,25.8,25.8,24.4,24.6,283850
EDL,20111014,80.95,80.95,74.8,75.1,44139
EDSERV,20111014,97,97.5,93.25,95.25,439639
EDUCOMP,20111014,261.9,263.9,251.65,259.85,1849421
EICHERMOT,20111014,1644.7,1657,1623,1644.75,5936
EIDPARRY,20111014,225,228.45,221.55,225.75,19016
EIHAHOTELS,20111014,151.3,156.95,151.3,154.8,335
EIHOTEL,20111014,88.65,88.9,87.7,88.3,24770
EIMCOELECO,20111014,175,178.95,174.05,174.9,145
EKC,20111014,72.4,74.5,71.75,72.45,928220
ELDERPHARM,20111014,385,389,382.05,385.55,56283
ELECON,20111014,71.25,71.7,70.5,70.85,37273
ELECTCAST,20111014,28.55,28.85,27.3,28.7,56032
ELFORGE,20111014,9.65,10.4,9.65,10.05,1936
ELGIEQUIP,20111014,69.1,70.95,68.1,69.5,23039
ELGIRUBCO,20111014,23.25,24.5,23.25,24.4,2530
ELNET,20111014,32,33.8,31.6,32.05,1502
EMAMIINFRA,20111014,33.5,34.45,33.45,33.7,3403
EMAMILTD,20111014,429,429.8,410.25,413.05,40149
EMCO,20111014,51.75,52.95,51.2,52.25,50983
EMKAY,20111014,47,47,46.5,46.6,3195
EMMBI,20111014,14.2,14.2,13.4,13.55,11712
EMPEESUG,20111014,17.65,18.45,17.2,17.95,3805
ENERGYDEV,20111014,38,38.45,37.1,38.45,387
ENGINERSIN,20111014,245,247.75,243,244.35,20776
ENIL,20111014,250.9,257,249,252.15,23954
EONELECT,20111014,61,62,60.05,61,16542
ERAINFRA,20111014,151.55,152,151.35,151.65,239522
EROSMEDIA,20111014,253.7,261.25,252.05,259.95,356222
ESABINDIA,20111014,519.3,527.9,519.3,522.3,3658
ESCORTS,20111014,78.7,80.7,78.55,79.85,3400512
ESL,20111014,6.25,6.25,5.9,6,961776
ESSAROIL,20111014,79.5,83,79.1,82.65,1069030
ESSARPORTS,20111014,55,56.2,54.5,55.7,56164
ESSDEE,20111014,184.7,187.95,184.1,185.8,6946
ESSELPACK,20111014,35.9,35.9,35.15,35.65,13971
ESTER,20111014,29.6,30,29,29.15,9164
EUROMULTI,20111014,6.75,7,6.75,6.8,300
EUROTEXIND,20111014,18.45,18.45,18.25,18.45,330
EVEREADY,20111014,34.5,36.5,34.5,35.8,49566
EVERESTIND,20111014,151.5,151.5,146,147,6808
EVERONN,20111014,374,377,371.2,372.2,46188
EXCELCROP,20111014,144,151.35,144,148.25,13911
EXCELINDUS,20111014,66,67.85,66,66.7,15
EXCELINFO,20111014,12.85,13.4,12.8,13.15,305939
EXIDEIND,20111014,136.35,137.1,132.35,133.6,1121316
FACT,20111014,34.55,34.6,33.8,34,13599
FAGBEARING,20111014,1204,1244,1190,1229.4,1862
FAME,20111014,48.6,48.9,46.6,47.35,28569
FARMAXIND,20111014,3,3.1,2.75,3.05,51509
FCH,20111014,134.2,139.75,132.1,136.55,74154
FCSSOFT,20111014,0.55,0.65,0.55,0.6,1445037
FDC,20111014,91.6,92.15,91.4,91.65,42226
FEDDERLOYD,20111014,60.05,64.95,59.7,64,9125
FEDERALBNK,20111014,387.5,390.4,375,387.4,189418
FIEMIND,20111014,160,161.85,158.05,159.8,17189
FILATEX,20111014,40.25,40.35,40.2,40.35,1050
FINANTECH,20111014,720,737.9,715,725.55,434323
FINCABLES,20111014,37.6,38,37.1,37.3,24408
FINPIPE,20111014,64.45,64.6,63.7,64.05,11677
FIRSTLEASE,20111014,71,73.25,68.4,72.85,5772
FKONCO,20111014,112,112,109.85,111.4,3200
FMGOETZE,20111014,232,232,226.05,227.35,1071
FORTIS,20111014,123,125.9,122.1,124.2,1157391
FOSECOIND,20111014,520,526.85,518,518.55,40
FSL,20111014,11.05,11.55,11.05,11.45,1738860
FTCSF5YGRO,20111014,13.15,13.6,13.15,13.6,7201
FUTUREVENT,20111014,9.4,9.4,8.9,8.95,112213
GABRIEL,20111014,40.05,41.6,38.75,41.2,5760
GAEL,20111014,23.3,23.7,23,23.35,6722
GAIL,20111014,418.8,420.75,412.05,415.35,790292
GAL,20111014,19,21,19,20.55,167093
GALLANTT,20111014,23.9,24,23.2,23.45,82315
GAMMNINFRA,20111014,14.1,14.3,13.65,13.9,73949
GAMMONIND,20111014,66.65,67.9,66.4,67,27316
GANDHITUBE,20111014,118,123.75,118,120.5,104
GANESHHOUC,20111014,122.85,122.9,121,121.3,770
GANGOTRI,20111014,4.4,4.4,4.1,4.3,4251
GARDENSILK,20111014,74.05,76,74.05,74.95,8964
GARWALLROP,20111014,53.95,53.95,53.6,53.95,1902
GATI,20111014,56,56.3,55,55.5,476366
GAYAPROJ,20111014,140,141,138.9,140.25,10587
GDL,20111014,150,153.25,142.7,145.5,530730
GEECEE,20111014,30.3,30.95,30.15,30.95,1827
GEINDSYS,20111014,137.35,137.35,133.5,133.8,1919
GEMINI,20111014,21.05,21.6,20.8,21.25,7802
GENESYS,20111014,192.6,199.65,192.6,195.45,2233
GENUSPOWER,20111014,13.95,14.35,13.6,13.9,78177
GEODESIC,20111014,53.5,53.9,52.5,53.25,167414
GEOJITBNPP,20111014,18.9,19.8,18.6,19.25,257994
GEOMETRIC,20111014,44.25,45.1,43.8,44.35,9202
GESHIP,20111014,244.7,247.8,244,246.7,42936
GHCL,20111014,36.4,37.95,36.4,37.35,31405
GICHSGFIN,20111014,93.1,93.9,91.8,92.3,70465
GILLANDERS,20111014,89.5,89.5,85.7,86.15,2169
GILLETTE,20111014,2056.95,2100,2020,2064.3,655
GINNIFILA,20111014,7.65,7.65,7.55,7.55,3736
GIPCL,20111014,80.5,81.5,79.05,80.5,5812
GISOLUTION,20111014,13.45,13.45,13.45,13.45,1
GITANJALI,20111014,372.7,376.3,362,365.55,2676251
GKB,20111014,39.85,39.85,39.85,39.85,1
GKWLIMITED,20111014,450,450,450,450,13
GLAXO,20111014,2097.85,2097.85,2050.05,2061.95,46711
GLENMARK,20111014,297,301,291.45,295.15,746899
GLFL,20111014,3,3.2,3,3,3011
GLOBALVECT,20111014,20.45,20.7,19.75,20,476
GLOBOFFS,20111014,82.65,83.9,81.8,82,6174
GLOBUSSPR,20111014,111,116,108,112.4,31802
GLODYNE,20111014,372.55,382,371.2,375.4,88735
GLORY,20111014,3.5,3.6,3.4,3.45,25238
GMBREW,20111014,90.55,90.55,89.55,89.6,2248
GMDCLTD,20111014,163.7,164.95,160.3,164.4,116805
GMRINFRA,20111014,25.9,26.25,25.55,25.95,1743451
GNFC,20111014,90,91,89.6,90.55,32956
GOACARBON,20111014,84.95,84.95,80.4,81.45,2907
GODFRYPHLP,20111014,3535,3580,3455,3521.65,1901
GODREJCP,20111014,399.9,400.25,393.35,399.7,66001
GODREJIND,20111014,193,196.1,190.65,195.1,214915
GODREJPROP,20111014,665.8,686,660.5,679.75,13585
GOENKA,20111014,35.05,35.85,34.2,35.1,3583
GOKEX,20111014,91,93.5,86.35,87.4,1574
GOKUL,20111014,90,90,88.05,89.05,9858
GOLDBEES,20111014,2560,2570.9,2551,2566.5,51302
GOLDENTOBC,20111014,57.3,59.2,57.3,58.3,535
GOLDIAM,20111014,36.25,36.3,33.2,33.6,2420
GOLDINFRA,20111014,12.8,13,12.8,12.8,2029
GOLDSHARE,20111014,2565.95,2590,2557,2575.6,3001
GOLDTECH,20111014,7.6,7.6,7.05,7.2,1209
GPIL,20111014,111.5,112,110.4,110.9,17766
GPPL,20111014,72.5,73.85,69,69.6,1044377
GRABALALK,20111014,18.3,19,18.3,19,800
GRANULES,20111014,65.5,67.45,65.3,67.1,10865
GRAPHITE,20111014,73.65,77.7,73.6,77.3,63452
GRASIM,20111014,2347.5,2387,2324.1,2379.6,68739
GRAVITA,20111014,460,486.55,440.55,478.85,1061626
GREAVESCOT,20111014,89,91.05,87.1,90.45,21412
GREENPLY,20111014,201.95,201.95,198,199.15,372
GREENPOWER,20111014,15.2,15.2,14.9,15,115629
GRINDWELL,20111014,234,236,232,235.05,2816
GRUH,20111014,545,549.9,537,539.9,6276
GSFC,20111014,450,452.95,441.3,442.95,29968
GSKCONS,20111014,2334.15,2395,2334.15,2355.35,23485
GSLNOVA,20111014,2.8,2.8,2.55,2.65,1592
GSPL,20111014,103.8,104.4,101.4,102.4,573249
GSS,20111014,123.9,132.45,123.9,129.9,21051
GTL,20111014,54,55,52.15,53.45,988010
GTLINFRA,20111014,11.2,11.5,11.2,11.3,384129
GTNIND,20111014,13,13,12.85,12.85,300
GTNTEX,20111014,12.9,13.85,12.5,13.7,768
GTOFFSHORE,20111014,117.65,119.7,115,117.6,77732
GUFICBIO,20111014,6.5,6.9,6.5,6.8,16139
GUJALKALI,20111014,138,145.9,138,143.25,101439
GUJAPOLLO,20111014,130,130.95,128,130,5772
GUJFLUORO,20111014,538,542,532.25,539.25,39336
GUJNRECOKE,20111014,22.5,23.15,22.35,23,815959
GUJNREDVR,20111014,16.25,16.95,16.25,16.6,18914
GUJRATGAS,20111014,419,421.95,411.5,413.95,12210
GUJSIDHCEM,20111014,8.5,9.05,8.5,8.95,56264
GULFOILCOR,20111014,69,72,67.2,71.55,41396
GVKPIL,20111014,15.15,15.35,15.1,15.2,2925964
HALONIX,20111014,58.9,61,58.9,59.75,1155
HANUNG,20111014,114.05,115.5,112,113.9,135804
HARRMALAYA,20111014,74.5,77.3,73.8,76.85,26256
HATHWAY,20111014,103.1,122.5,102.15,122.45,7032556
HAVELLS,20111014,347.35,348.65,339.05,342.55,93414
HBLPOWER,20111014,17.3,18.6,17.3,18.15,58015
HBSTOCK,20111014,12.7,13.85,12.4,13.85,504
HCC,20111014,28,28.45,27.95,28.3,689025
HCIL,20111014,52.25,52.25,49.6,49.9,11099
HCL-INSYS,20111014,63.7,63.7,62,62.65,158165
HCLTECH,20111014,425.95,443.55,425.95,440.4,2172452
HDFC,20111014,661.9,669,659,666.8,1512907
HDFCBANK,20111014,469,476.4,465.35,473.9,1667510
HDFCMFGETF,20111014,2620,2627.9,2606.65,2625.15,2065
HDIL,20111014,99,100.65,96.85,99.3,6091119
HEG,20111014,207.65,211,207.65,209.2,3792
HEIDELBERG,20111014,36,36.1,34.05,35.65,348867
HELIOSMATH,20111014,24.55,25,24.3,24.8,13524
HERCULES,20111014,258.15,263.45,255.35,256.95,38859
HERITGFOOD,20111014,181.9,181.9,174,177.85,122
HEROMOTOCO,20111014,1968,2010,1968,1993.75,221667
HEXAWARE,20111014,87.2,89.5,86.15,88.95,1215860
HFCL,20111014,11.35,13.45,11.3,13.25,5131819
HGSL,20111014,308.6,308.6,303.5,305.3,8405
HIKAL,20111014,281,282,275.1,276.5,416
HILTON,20111014,14.1,14.1,14.1,14.1,135
HIMATSEIDE,20111014,32,33,32,32.9,30871
HINDALCO,20111014,127.5,130.25,125.1,128.7,12177286
HINDCOMPOS,20111014,495,499,486,495,10175
HINDCOPPER,20111014,221,221.75,214.05,216.65,25044
HINDDORROL,20111014,38.35,39.5,37.3,37.85,133607
HINDMOTORS,20111014,13.05,13.25,12.85,13.05,77532
HINDNATGLS,20111014,170.15,175.5,170.15,175.5,11
HINDOILEXP,20111014,110.5,111.6,109.3,110.7,368657
HINDPETRO,20111014,348.1,352.8,346.5,348.85,1291968
HINDUJAFO,20111014,73.1,73.1,66.5,66.5,300
HINDUJAVEN,20111014,314,344.4,314,328.85,36757
HINDUNILVR,20111014,326.75,334,326.75,331.45,2841978
HINDZINC,20111014,119.35,120.65,118.25,120.5,283995
HIRECT,20111014,44.55,45.75,43.3,44.05,6131
HITACHIHOM,20111014,168.4,169,165.65,166.4,29168
HITECHGEAR,20111014,124,133.2,124,132.3,4718
HITECHPLAS,20111014,78.6,80,78,79.5,518
HMT,20111014,42.8,43.4,41.65,42.65,61857
HMVL,20111014,132,132.1,132,132.1,3
HNGSNGBEES,20111014,1213.99,1239,1213.99,1238.96,41062
HOCL,20111014,23.5,24,23.25,23.5,144078
HONAUT,20111014,2605,2610,2551.15,2599.4,549
HONDAPOWER,20111014,339.9,386.3,338,378.45,31810
HOPFL,20111014,51.2,54,51.2,53.65,382
HORIZONINF,20111014,307.2,307.2,290,297.5,1648
HOTELEELA,20111014,39,39.85,38.6,38.95,298553
HOTELRUGBY,20111014,6.05,6.05,6.05,6.05,6760
HOVS,20111014,53.1,56,53.1,54.15,9768
HSIL,20111014,187.1,194,187.1,192.25,48973
HTMEDIA,20111014,145,146.5,142.95,145.45,38941
HYDRBADIND,20111014,332.9,345,330.05,342.4,4617
HYDROS&S,20111014,19.2,19.2,19.2,19.2,1
IBPOW,20111014,11.85,12.2,11.85,12,366828
IBREALEST,20111014,73.65,74.4,72.7,73.55,2189330
IBSEC,20111014,8,8.6,7.95,8.35,587926
IBWSL,20111014,3.4,3.7,3.4,3.7,434327
ICICIBANK,20111014,877,900,872.1,890.4,3332272
ICIL,20111014,9.15,9.25,9.1,9.25,770
ICRA,20111014,901.1,965.95,897,917.45,16147
ICSA,20111014,57.3,58.55,57.3,58.05,53423
IDBI,20111014,103.55,106.5,102.6,106.05,1316841
IDEA,20111014,93.7,95.9,91.75,95.35,2484254
IDFC,20111014,120.3,125.9,118.8,124.65,5125001
IFBIND,20111014,115.7,117.9,113.15,115.1,19075
IFCI,20111014,31.3,31.9,30.85,31.75,8837861
IFGLREFRAC,20111014,31.35,34.65,31.35,34,7762
IGARASHI,20111014,42.95,42.95,41.65,42.8,286
IGL,20111014,408.2,422,408,409.15,286855
IGPL,20111014,21.55,21.9,21.3,21.35,4784
IITL,20111014,144,144.05,144,144.05,105
IL&FSENGG,20111014,89.9,96.65,88.5,92.95,86479
IL&FSTRANS,20111014,206,209,203,207.25,12718
IMFA,20111014,326.6,341.9,320,340.55,7627
IMPAL,20111014,591,643.95,591,610.35,1035
IMPEXFERRO,20111014,7,7.3,6.95,7.05,1607
INDBANK,20111014,8.25,8.25,7.75,7.95,10627
INDHOTEL,20111014,69,69.4,68.3,68.5,550185
INDIABULLS,20111014,162.5,174,162,172.55,592553
INDIACEM,20111014,75.85,76.6,74.7,76.1,487171
INDIAGLYCO,20111014,129.1,132.6,129.1,131.8,31720
INDIAINFO,20111014,72.05,73.65,71.55,72.25,108673
INDIANB,20111014,204.5,208.45,203.05,204.25,148451
INDIANCARD,20111014,89,89,85.7,85.7,95
INDIANHUME,20111014,116.2,129.9,116.2,117.7,435
INDLMETER,20111014,71,74.2,68.2,69.35,1459
INDNIPPON,20111014,165,168.7,161.25,168.25,584
INDOCO,20111014,410,410,401,403.85,1254
INDORAMA,20111014,32.8,32.8,32,32.25,8705
INDOSOLAR,20111014,9.3,9.3,8.3,8.7,124226
INDOTECH,20111014,116,121.95,115,120.05,3860
INDOWIND,20111014,10.5,11.3,10.35,10.4,3193402
INDRAMEDCO,20111014,34.7,35,34.1,34.9,20926
INDSWFTLAB,20111014,83.65,84.6,83.35,83.85,64567
INDSWFTLTD,20111014,30.5,30.75,30,30.6,5427
INDTERRAIN,20111014,119,123.95,118.8,123.95,347
INDUSFILA,20111014,14.5,14.5,14,14.3,531
INDUSINDBK,20111014,265.1,266,259.5,264,323656
INEABS,20111014,624.9,631.95,624,629.85,3429
INFINITE,20111014,99.85,99.9,96.1,96.7,4104
INFODRIVE,20111014,9.45,9.75,9.25,9.65,1485
INFOMEDIA,20111014,11.6,11.75,11.25,11.35,35017
INFOTECENT,20111014,113.5,116,109,111.1,4392
INFRABEES,20111014,263,263,260.55,262.1,45
INFY,20111014,2711.1,2756.7,2686.3,2743.75,2450124
INGERRAND,20111014,504.55,506.5,495,505.05,7933
INGVYSYABK,20111014,306,317.6,295.7,314.25,112348
INNOIND,20111014,93.8,94.45,91.55,92.05,14308
INOXLEISUR,20111014,54.2,56.35,51.8,54.5,176973
INSECTICID,20111014,372.35,373,366,368.15,10406
INVENTURE,20111014,149.95,151.9,148.25,149.95,14530
IOB,20111014,101.25,101.25,98.1,99.45,232387
IOC,20111014,309.05,309.5,303.2,305.05,548137
IOLCP,20111014,29,29,28.5,28.5,2
IOLN,20111014,7.35,7.75,7.35,7.75,13374
IPCALAB,20111014,242.5,242.5,234.1,236.2,126024
IPGETF,20111014,2638,2649,2621.25,2635.3,487
IRB,20111014,162.6,170.25,160,169.85,824327
ISFT,20111014,53,53,50.5,50.9,15252
ISMTLTD,20111014,32.2,32.75,31.4,31.5,34032
ITC,20111014,201.35,205.9,201.35,205.2,5726529
ITDCEM,20111014,147,162,144.15,149.85,896
ITI,20111014,22.6,22.95,22,22.35,78739
IVC,20111014,27.9,28.5,27.9,28.35,11960
IVP,20111014,49,55,47.1,50.7,881
IVRCLAH,20111014,28.65,32.75,28.45,30.8,124874
IVRCLINFRA,20111014,38.8,38.8,37.6,38.4,2654822
J&KBANK,20111014,802.9,804.8,785.3,802.2,15393
JAGRAN,20111014,103.25,105,100,102.85,10719
JAGSNPHARM,20111014,12.35,12.7,12,12.2,4901
JAIBALAJI,20111014,99.4,100,96.2,98.65,39063
JAICORPLTD,20111014,80.05,82.95,79.5,81.7,406573
JAINSTUDIO,20111014,8,8.05,8,8.05,4
JAMNAAUTO,20111014,132.05,133.7,132,132.25,302
JAYAGROGN,20111014,85,87.6,83.5,86.35,1890
JAYBARMARU,20111014,58.45,58.45,57.55,58.1,869
JAYNECOIND,20111014,18.1,18.6,18.05,18.4,23398
JAYSREETEA,20111014,149.4,149.4,145,145.7,109408
JBCHEPHARM,20111014,70.8,73.85,70.8,73,71543
JBFIND,20111014,123.1,124.4,121.5,123.25,24675
JBMA,20111014,61,61.6,59.3,61.6,609
JCTEL,20111014,1.25,1.4,1.25,1.35,117662
JENSONICOL,20111014,3.95,4.1,3.85,4,22916
JETAIRWAYS,20111014,240,246.3,238.35,242.5,877809
JHS,20111014,32.7,33.6,32.5,32.9,9876
JIKIND,20111014,5.3,5.95,5.3,5.5,1918
JINDALPHOT,20111014,160.05,163.95,160.05,162.55,18448
JINDALPOLY,20111014,201,203.6,198.05,200.65,132205
JINDALSAW,20111014,133.95,140.3,133.85,138.95,693054
JINDALSTEL,20111014,493.3,527.75,492.1,524.95,3219996
JINDALSWHL,20111014,564,564,540.1,551.1,46573
JINDCOT,20111014,75.95,76.8,72.5,75.85,36467
JINDRILL,20111014,316,320.8,310.65,313.95,1493
JINDWORLD,20111014,107,107,104.05,104.3,2169
JISLJALEQS,20111014,140.3,141.7,138.35,139.9,1214410
JKCEMENT,20111014,108,111.4,107,109.1,6216
JKIL,20111014,141.1,150,141.1,149.3,140843
JKLAKSHMI,20111014,41.2,42.1,41,41.1,12608
JKPAPER,20111014,41,43.8,39.7,39.9,815315
JKTYRE,20111014,70.1,70.7,69.15,69.6,133633
JMCPROJECT,20111014,116.2,123.55,116.2,119.95,3343
JMFINANCIL,20111014,16,16.6,16,16.45,143073
JMTAUTOLTD,20111014,58.35,59.4,52.5,57.25,6438
JOCIL,20111014,138,139.95,128.05,130.7,5450
JPASSOCIAT,20111014,73,74.1,72.6,73.65,11198452
JPINFRATEC,20111014,51.05,51.85,50.3,50.5,686148
JPPOWER,20111014,35,35.95,35,35.75,174104
JSL,20111014,92.85,94.4,92,93.15,7930
JSWENERGY,20111014,50,50.5,49.3,50.1,606475
JSWISPAT,20111014,12.8,13.3,12.8,13.25,1627310
JSWSTEEL,20111014,609.05,612.9,592.05,601.25,1890730
JUBILANT,20111014,193,198.65,191.7,195.6,71317
JUBLFOOD,20111014,893.5,895,861.95,870.15,1244082
JUBLINDS,20111014,187,187,182.75,184.55,2519
JUMBO,20111014,15.6,17,15.6,16.85,3703
JUNIORBEES,20111014,99.68,99.89,98.41,99.21,14285
JUPITER,20111014,14.6,14.9,14.5,14.7,88636
JVLAGRO,20111014,15,15.5,15,15.25,17548
JYOTHYLAB,20111014,140.2,145.75,137.5,139.3,138133
JYOTISTRUC,20111014,63.3,63.3,61.8,62.25,58003
KABRAEXTRU,20111014,41,41.5,40.5,41.5,953
KAJARIACER,20111014,117,119.6,116,117.75,162514
KAKATCEM,20111014,68.95,68.95,67.15,67.4,609
KALECONSUL,20111014,79.5,81,78.8,80.3,7761
KALINDEE,20111014,110.85,116.3,110.8,113.15,230359
KALPATPOWR,20111014,102.05,102.05,99.1,100.5,24800
KAMATHOTEL,20111014,93.55,95.5,93.2,94.5,5094
KANORICHEM,20111014,32.15,33.25,31.2,32.8,6842
KANSAINER,20111014,840,857.9,840,848.5,409
KARMAENG,20111014,12.9,12.9,12.1,12.1,75
KARURKCP,20111014,31,31,29,29.3,1191
KARURVYSYA,20111014,366,369.45,366,367.7,20312
KAUSHALYA,20111014,8.25,8.5,8.1,8.35,10440
KAVVERITEL,20111014,138,141.5,138,139.85,43096
KBIL,20111014,629,644,625.05,630,159
KCP,20111014,25.2,25.2,24.55,24.95,8786
KCPSUGIND,20111014,14.9,15.1,14.65,15,14666
KEC,20111014,56,57.9,56,57.05,14381
KECL,20111014,34.45,34.5,32.75,33.8,1650
KEI,20111014,15.9,15.9,15.2,15.5,23435
KEMROCK,20111014,510,511.95,505.1,509.5,1720
KERNEX,20111014,92.55,101.8,90.2,97.05,100847
KESARENT,20111014,54,56,53.05,55.35,369
KESORAMIND,20111014,126,129.4,122.05,127,56463
KFA,20111014,22.75,22.9,21.25,21.65,6486990
KGL,20111014,5.9,5.95,5.55,5.65,2522167
KHAITANELE,20111014,95,97,92.05,95.1,3247
KHAITANLTD,20111014,25,25.6,23.65,23.65,214
KHANDSE,20111014,18.5,18.5,18.5,18.5,250
KICL,20111014,510,525.95,500,521.6,273
KIL,20111014,14.15,14.9,13.7,13.9,5756
KILITCH,20111014,65,71.85,65,71.85,32984
KINETICMOT,20111014,13.75,18.25,13.75,17.25,11047
KIRIINDUS,20111014,129,132.7,128,128.75,31903
KIRLOSBROS,20111014,145.35,145.35,142.45,144.8,545
KIRLOSENG,20111014,133.15,136,130.2,131.4,965
KIRLOSIND,20111014,269.7,277.45,269.7,273.2,127
KITPLYIND,20111014,3.5,3.65,3.45,3.5,8829
KKCL,20111014,812,820,800,810.7,3402
KLGSYSTEL,20111014,34.5,34.9,33.5,33.95,12163
KMSUGAR,20111014,2.7,2.7,2.6,2.6,1108
KNRCON,20111014,102.6,104.75,102.6,104.6,1565
KOHINOOR,20111014,46.4,48,44,44.85,53850
KOLTEPATIL,20111014,36.5,38.15,36.2,37.75,8179
KOPDRUGS,20111014,4.1,4.15,4.1,4.1,757
KOPRAN,20111014,21.9,21.95,21.5,21.55,21764
KOTAKBANK,20111014,469.2,479.85,467.2,475.4,7937838
KOTAKGOLD,20111014,2578,2585,2565.05,2580.45,6843
KOTAKNIFTY,20111014,514,523,514,520.23,5132
KOTAKPSUBK,20111014,344.9,354.95,340,352.9,647
KOTARISUG,20111014,5.5,6.25,5.35,6.1,20243
KOTHARIPET,20111014,7.25,7.45,6.9,7.2,13731
KOTHARIPRO,20111014,500,508.95,485,487.7,631
KOUTONS,20111014,25.05,25.05,23.7,23.9,449092
KPIT,20111014,146.1,153.9,146.1,151.6,62661
KPRMILL,20111014,97,97,95.5,96.4,198
KRBL,20111014,25.4,25.85,24.85,25.15,740376
KRISHNAENG,20111014,3.1,3.4,3,3.15,3700
KSBPUMPS,20111014,209.95,210.95,205.05,210.8,1282
KSCL,20111014,475,485,464,465.3,23630
KSE,20111014,220,220,215,218,66
KSK,20111014,102.6,104.7,101.75,104.1,138108
KSL,20111014,49.25,50.3,48.15,49.15,18364
KSOILS,20111014,10.4,10.4,9.95,10.05,4338675
KTIL,20111014,66,66,66,66,26
KTKBANK,20111014,84.95,86,84.3,85.3,436104
KWALITY,20111014,180.9,185.6,177.65,184.35,1335552
L&TFH,20111014,50.6,50.8,50.2,50.65,587892
LAKPRE,20111014,38.2,39.65,38.1,39.65,1030
LAKSHMIEFL,20111014,20.75,20.75,20,20.15,31413
LAKSHMIMIL,20111014,1710,1763.15,1700,1737.65,24
LAKSHVILAS,20111014,92,92.5,90.55,92.3,25275
LANCOIN,20111014,33.1,34.8,33.1,33.45,4762
LAOPALA,20111014,114,116.5,111.15,114.2,27305
LAXMIMACH,20111014,1949.9,1950,1935.05,1948.3,2560
LCCINFOTEC,20111014,0.5,0.55,0.5,0.5,30494
LGBBROSLTD,20111014,309,316.9,307,310.15,5164
LIBERTSHOE,20111014,84.5,86,83,84.7,16373
LICHSGFIN,20111014,233.6,235.85,229.05,230.85,2013597
LIQUIDBEES,20111014,1000,1000.01,999.99,999.99,121912
LITL,20111014,15.65,15.75,15.4,15.55,5020269
LLOYDELENG,20111014,47.05,49.25,45.95,48.55,13528
LLOYDFIN,20111014,1.05,1.05,0.95,1.05,12302
LLOYDSTEEL,20111014,12.9,13.15,12.8,12.9,61413
LML,20111014,8.7,8.85,8.4,8.55,176347
LOGIXMICRO,20111014,18.3,19.25,18.15,19.25,43630
LOKESHMACH,20111014,39.5,40.1,39.25,39.85,3726
LOTUSEYE,20111014,10.45,10.45,10.05,10.1,6438
LOVABLE,20111014,490.05,492.7,478.05,481.35,383160
LPDC,20111014,2.55,2.85,2.55,2.75,1956
LT,20111014,1414,1428.85,1399,1407.55,1471009
LUMAXAUTO,20111014,29.5,30.9,29.05,29.3,2357
LUMAXIND,20111014,410,410,397.95,400.7,8458
LUMAXTECH,20111014,178,195,177,184.75,39494
LUPIN,20111014,456.1,458.35,451.3,455.05,789954
LYKALABS,20111014,14,14.2,13.85,13.9,19400
M&M,20111014,793.6,809.05,793.6,805.65,740795
M&MFIN,20111014,635.55,644,621.1,629.8,18455
M100,20111014,7.05,7.08,6.92,7.01,30078
M50,20111014,67.7,68.67,67.16,68.35,19480
MAANALU,20111014,54.6,54.6,50.1,53,469
MADHAV,20111014,18.65,18.9,18.15,18.4,1206
MADHUCON,20111014,68.6,72.75,68.55,69.15,214497
MADRASCEM,20111014,96.5,99.5,96.5,98,26686
MADRASFERT,20111014,21.45,23.1,21.45,22.75,47725
MAGMA,20111014,70,70.75,64.55,66.95,132542
MAGNUM,20111014,4.8,5,4.75,4.75,17944
MAHABANK,20111014,47.5,47.65,47.05,47.45,52398
MAHINDFORG,20111014,60.2,61.25,58,59.7,15295
MAHINDUGIN,20111014,47.75,48.85,45.05,45.85,7615
MAHLIFE,20111014,285.3,293.1,285.3,290,3653
MAHSCOOTER,20111014,324,325,318.5,325,503
MAHSEAMLES,20111014,325.35,336,325.35,331.8,22561
MAITHANALL,20111014,97.65,97.65,97.4,97.4,600
MALUPAPER,20111014,11.35,11.35,10.75,11,2595
MALWACOTT,20111014,27.95,29,27.95,28.45,1508
MANAKSIA,20111014,57.5,58.45,57.1,58.15,6993
MANALIPETC,20111014,10.9,10.95,10.7,10.75,43554
MANAPPURAM,20111014,55.8,57.8,55.8,56.45,592428
MANDHANA,20111014,219.45,236.45,219.45,224.9,495388
MANGALAM,20111014,14.9,14.9,13.8,13.8,101
MANGCHEFER,20111014,32.9,33.1,32.1,32.4,73665
MANGLMCEM,20111014,101.8,101.9,100.5,100.8,14743
MANGTIMBER,20111014,17.9,17.9,17.15,17.4,1320
MANINDS,20111014,131.1,132.8,128.25,129.55,4617
MANINFRA,20111014,123.5,128.5,120.65,126.65,7573
MANJEERA,20111014,86,95.9,84.05,85.25,14
MANJUSHREE,20111014,93.9,93.9,89.5,92.3,7307
MANUGRAPH,20111014,49,49.5,49,49,1214
MARALOVER,20111014,12.2,12.95,12.1,12.95,838
MARG,20111014,80.1,85,80.1,82.65,56386
MARICO,20111014,144.8,173.1,143.6,150.4,556706
MARKSANS,20111014,2.15,2.4,2.1,2.3,271348
MARUTI,20111014,1050,1051,1021.6,1027.25,879193
MASTEK,20111014,92.1,97,92.1,95.1,8861
MAWANASUG,20111014,16.95,17.4,16.95,17.2,2143
MAX,20111014,180.5,180.5,176,177.95,74154
MAXWELL,20111014,28,28.9,27.6,27.75,23162
MBECL,20111014,126.85,130.6,124,128.05,5441
MBLINFRA,20111014,127.7,140.95,127,128.25,15519
MCDHOLDING,20111014,55,57.85,54.3,55.85,25732
MCDOWELL-N,20111014,906.95,908.25,856.6,870.4,345446
MCLEODRUSS,20111014,253.25,254.6,246.1,251.8,142148
MEGASOFT,20111014,14.05,15,14.05,14.7,17841
MEGH,20111014,9.8,9.8,9.4,9.5,52296
MELSTAR,20111014,7.15,7.15,7.15,7.15,100
MERCK,20111014,622.35,635,622.35,631.75,1212
MHRIL,20111014,304,323,304,319.1,705
MIC,20111014,9.4,9.8,9.35,9.7,207741
MICROSEC,20111014,30,30.3,29.2,29.5,3167
MICROTECH,20111014,132.65,133.7,131,131.65,43145
MINDAIND,20111014,180,180,177.3,177.3,16
MINDTREE,20111014,368,382.5,368,379.95,96936
MIRCELECTR,20111014,19.25,19.7,19,19.2,24311
MIRZAINT,20111014,20.8,20.9,20.2,20.4,77176
MLL,20111014,24.7,26.45,24.7,26.2,1563287
MMFL,20111014,98.05,103.2,98.05,101.1,1209
MMFSL,20111014,95.9,95.9,94.1,94.45,2404
MMTC,20111014,664,670.85,657.8,659.4,3123
MOIL,20111014,254.9,254.9,250.1,250.55,131216
MONNETISPA,20111014,489,491,482.05,486.5,9043
MONSANTO,20111014,810,820,810,818.2,2313
MORARJETEX,20111014,12.8,14,12.8,13.8,446
MOREPENLAB,20111014,3.9,3.9,3.8,3.85,55405
MOSERBAER,20111014,22.3,23,21.6,22.65,511141
MOTHERSUMI,20111014,180.35,182.8,178.05,181.15,15995
MOTILALOFS,20111014,88,93.2,86.5,91.7,30286
MOTOGENFIN,20111014,41.85,41.85,38.65,39.55,158
MPHASIS,20111014,336.15,349.3,334.55,347.3,201569
MPSLTD,20111014,37.5,37.5,35.7,35.75,5174
MRF,20111014,6790,6790,6725,6749.25,2284
MRO-TEK,20111014,10.25,10.75,10.1,10.3,2896
MRPL,20111014,64.1,65.65,63.95,65.3,204080
MSPL,20111014,43.8,44.2,42.2,42.95,7700
MTNL,20111014,30.3,31.35,29.6,31.15,399610
MUDRA,20111014,24.25,24.75,23.8,23.9,4024
MUKANDENGG,20111014,25.9,26.2,25.25,25.7,2680
MUKANDLTD,20111014,33.9,33.9,32.2,32.35,9075
MUKTAARTS,20111014,38.4,38.4,37.1,37.75,8
MUNDRAPORT,20111014,155.7,157.3,154.5,155.45,499700
MUNJALAU,20111014,172,175,170.75,172.1,8039
MUNJALSHOW,20111014,60.1,63,60.1,62.8,2641
MURLIIND,20111014,21.6,22.95,21.6,22.55,1461
MURUDCERA,20111014,17.6,17.6,16.8,17,7029
MUTHOOTFIN,20111014,168.1,170.4,165.15,169.4,92279
MVL,20111014,23.1,23.5,22.5,22.95,368723
MVLIND,20111014,13.75,13.75,12.95,12.95,703
MYSOREBANK,20111014,570,574.9,560.25,567.7,833
N100,20111014,108,110.5,108,110.49,26214
NAGREEKEXP,20111014,23.3,23.6,23.1,23.45,280
NAHARCAP,20111014,50.5,50.5,50.5,50.5,902
NAHARINDUS,20111014,41.85,44,41.65,42.85,242
NAHARPOLY,20111014,23.2,23.2,21.8,21.8,301
NAHARSPING,20111014,64,64,63,63.8,1741
NANDAN,20111014,2.45,2.45,2.3,2.3,24826
NATCOPHARM,20111014,225.1,230,223,224.75,4568
NATHSEED,20111014,13.7,13.7,12.55,12.65,6731
NATIONALUM,20111014,62.8,63,62.5,62.55,57490
NATNLSTEEL,20111014,15.6,16.9,15.6,16.6,11627
NAUKRI,20111014,685.05,696.15,672,679.15,1274
NAVINFLUOR,20111014,379.55,388,376,384.75,22630
NAVNETPUBL,20111014,64.5,65.9,64.5,65.2,56398
NBVENTURES,20111014,179.7,180.5,175.25,178.15,5805
NCC,20111014,56.25,57,55.35,56.85,116814
NCLIND,20111014,36.35,37.95,35.9,36.7,14986
NDTV,20111014,49.8,53.2,49.1,49.45,854943
NECLIFE,20111014,22.4,24.3,21.5,23.95,713531
NELCAST,20111014,25.45,25.65,24.6,25.25,69571
NELCO,20111014,53.1,54.25,53.1,53.6,12767
NEOCURE,20111014,2.4,2.65,2.4,2.65,4130
NEPCMICON,20111014,3.5,3.5,3.15,3.3,43358
NESCO,20111014,575.05,589.95,568.35,575.75,28615
NESTLEIND,20111014,4187.85,4220,4170,4181.6,7788
NET4,20111014,146,149.45,144.1,145.85,31199
NETWORK18,20111014,60.5,64.75,59.25,63.1,1024749
NEULANDLAB,20111014,89.2,89.3,85.55,86.8,210
NEXTMEDIA,20111014,5,5.8,5,5.45,52651
NEYVELILIG,20111014,77.05,77.45,75.6,77,155116
NFL,20111014,72.9,72.9,70.6,71.05,50552
NHPC,20111014,23.4,23.45,23.25,23.4,1297370
NICCO,20111014,2.35,2.55,2.3,2.55,12202
NIFTYBEES,20111014,517,524,513,522.78,123401
NIITLTD,20111014,43.5,43.9,43.5,43.75,39719
NIITTECH,20111014,201.95,212.95,201.3,211.4,75564
NILKAMAL,20111014,256,265,255.1,260.2,518
NITCO,20111014,48,49.5,47.45,49,2628
NITESHEST,20111014,17.4,18.2,16.7,17.1,35473
NITINFIRE,20111014,38.75,39,37.9,38,353686
NITINSPIN,20111014,6.2,6.4,6.2,6.4,3448
NMDC,20111014,250,254.9,248.25,253.7,219722
NOCIL,20111014,16.15,16.4,16,16.2,141996
NOIDATOLL,20111014,23.15,24,23.15,23.65,344317
NOL,20111014,39,39,39,39,200
NORBTEAEXP,20111014,5.45,6.5,5.3,6.15,3693
NORTHGATE,20111014,12.5,12.6,12.1,12.2,13598
NOVOPANIND,20111014,42.25,42.9,42.25,42.9,105
NRBBEARING,20111014,47.95,47.95,46,47.2,14742
NRC,20111014,3.7,3.95,3.65,3.7,5710
NSIL,20111014,600,624.9,596,600.05,190
NTPC,20111014,172.9,176.9,171.9,172.9,2435387
NUCHEM,20111014,2.9,2.9,2.7,2.75,710
NUCLEUS,20111014,65,67.3,64.2,66.95,21343
NUMERICPW,20111014,192.85,192.85,188,188.05,1245
NUTEK,20111014,2.75,3.1,2.2,2.25,16661765
OBEROIRLTY,20111014,227,234,223.95,225.45,15436
OCL,20111014,89.05,93.95,89.05,91.75,1264
OFSS,20111014,1997,2052,1984,2045.75,12293
OIL,20111014,1302,1316.3,1291.15,1298.75,35709
OILCOUNTUB,20111014,60.55,61.2,59.25,59.5,1276
OISL,20111014,47.15,49.8,47.15,49.05,3406
OMAXAUTO,20111014,37.75,38.3,37.2,38.2,2086
OMAXE,20111014,140.1,140.8,137.1,140.6,51457
OMKARCHEM,20111014,66.25,68.65,66.25,68.15,576
OMMETALS,20111014,32.2,32.2,29.05,31.15,32399
OMNITECH,20111014,144,145.4,141.1,145.1,8591
ONGC,20111014,264.15,268.4,262.95,266.75,2861935
ONMOBILE,20111014,59.55,60.25,58.45,58.8,216639
ONWARDTEC,20111014,37.05,39.2,37.05,38.4,620
OPTOCIRCUI,20111014,240.95,244.65,238.05,242.6,320418
ORBITCORP,20111014,33.95,34.4,33.65,33.85,62235
ORCHIDCHEM,20111014,170.95,173.95,168.5,172.1,1335659
ORIENTABRA,20111014,35.4,35.4,34.4,34.7,13862
ORIENTALTL,20111014,8.6,8.6,8.3,8.55,3121
ORIENTBANK,20111014,298.95,302.35,294.1,300.9,276335
ORIENTCERA,20111014,50.85,50.85,48,48.5,106
ORIENTHOT,20111014,26.9,26.9,26.35,26.45,2034
ORIENTPPR,20111014,57.05,59.4,57.05,59.35,27811
ORISSAMINE,20111014,43200,44155,42775,43670.4,526
OSWALMIN,20111014,45,47,42.6,46.3,1166
OUDHSUG,20111014,20.3,21.2,20.05,20.95,9239
PAEL,20111014,21.8,23,21.8,22.45,1986
PAGEIND,20111014,2453.05,2556,2400,2491.35,2744
PANACEABIO,20111014,115,117,113.7,115.3,8366
PANAMAPET,20111014,223,225,223,223.2,1230
PANASONIC,20111014,105,107,103,106.95,153
PANCARBON,20111014,125,135,125,131.45,280
PANORAMUNI,20111014,10.25,11.1,10.25,10.7,8752
PANTALOONR,20111014,193.9,199,165.55,196.95,470495
PAPERPROD,20111014,76.1,79.35,75.15,75.35,40414
PARABDRUGS,20111014,34.75,35,34.6,34.8,9246
PARACABLES,20111014,2.75,3,2.75,3,20313
PARAL,20111014,267,268.45,252,254.5,6843
PARAPRINT,20111014,22.9,23.05,22.1,22.4,108599
PARASPETRO,20111014,0.45,0.5,0.45,0.45,258
PARRYSUGAR,20111014,72.15,82,72.15,78.2,488
PARSVNATH,20111014,70.5,71.7,70,71.1,388554
PATELENG,20111014,97.95,99.5,97.7,98.75,279162
PATINTLOG,20111014,32.1,34,32.1,32.6,106286
PATNI,20111014,283.2,292.65,280.2,289.45,120418
PATSPINLTD,20111014,11.6,12.1,11.6,11.9,64
PBAINFRA,20111014,47.9,48.5,44.6,47.55,14588
PDPL,20111014,102.35,102.35,99.1,99.4,206
PDUMJEPULP,20111014,16.55,17.4,16.55,17.2,732
PEACOCKIND,20111014,3.1,3.1,3,3,255
PEARLPOLY,20111014,20,20,19.35,19.95,235
PENIND,20111014,38.1,38.65,37.05,37.95,12812
PENINLAND,20111014,41.5,42.35,41.5,41.65,6149
PEPL,20111014,2.2,2.3,2.2,2.3,129
PERIATEA,20111014,152,165,152,164.4,993
PERSISTENT,20111014,301.55,325.9,301.3,320.1,17825
PETRONENGG,20111014,288.95,291.95,285,289.95,20173
PETRONET,20111014,156,157.75,153.95,156,1322576
PFC,20111014,147,149.7,146.6,148.15,1344948
PFIZER,20111014,1364,1398.2,1342.25,1393.25,3558
PFOCUS,20111014,56.4,56.8,55.1,55.65,257132
PFS,20111014,15.7,15.9,15.45,15.55,60625
PGEL,20111014,224.75,233,220.8,227.1,139910
PGHH,20111014,1927,1940,1926,1930.05,3742
PHILIPCARB,20111014,139.2,143.1,139.2,141.15,15362
PHOENIXLTD,20111014,194.95,204,194.95,202.8,6630
PIDILITIND,20111014,160,163.95,156.35,161.65,17935
PIIND,20111014,620,623.4,610,619.9,6095
PIONDIST,20111014,45.1,45.1,45.1,45.1,83
PIONEEREMB,20111014,11.6,11.85,11.55,11.85,117
PIPAVAVDOC,20111014,82.05,83.75,82.05,83.2,2525463
PIRGLASS,20111014,122.1,125.85,122.1,123.75,2392
PIRHEALTH,20111014,347.05,352.7,347,351.5,78662
PIRLIFE,20111014,90,91.45,88.9,90.45,17584
PITTILAM,20111014,46.5,48.25,46.5,48.1,6936
PLASTIBLEN,20111014,175.7,176,161,164,732
PLETHICO,20111014,371,373,368.75,370.7,44697
PNB,20111014,980,983.85,968.3,972.5,127451
PNBGILTS,20111014,24.2,24.2,23.7,23.9,11792
PNC,20111014,13.2,14,13.2,13.95,1960
POCHIRAJU,20111014,13.3,13.5,12.75,13.05,7893
POLARIND,20111014,4.15,4.15,3.85,3.9,5320
POLARIS,20111014,132.8,141.75,131.5,140.15,1051329
POLYPLEX,20111014,177,178,174.1,176.15,21080
PONDYOXIDE,20111014,30.25,30.25,29.25,29.7,3837
PONNIERODE,20111014,84.7,84.7,79.6,81.4,1493
POWERGRID,20111014,98.75,100.05,98.55,98.9,2834539
PPAP,20111014,83.5,83.5,79.55,79.9,219
PRADIP,20111014,63,67.25,61.2,65.85,172879
PRAENG,20111014,5.9,6,5.8,5.85,26062
PRAJIND,20111014,78,80.3,77.4,78.35,1426419
PRAKASH,20111014,49.65,50,48.85,49.2,120862
PRAKASHCON,20111014,169.35,185.4,166.7,183,1626058
PRAKASHSTL,20111014,122.8,122.9,120.05,120.2,990
PRATIBHA,20111014,43.05,44.45,43.05,44.05,21255
PRECOT,20111014,106,109,106,107,347
PRECWIRE,20111014,91.8,91.8,89.15,90.2,706
PREMIER,20111014,77.05,81,77.05,79.95,1383
PRESTIGE,20111014,108.3,108.3,101.1,101.75,216429
PRETAILDVR,20111014,148.55,150,146.6,149.8,2563
PRICOL,20111014,16.25,16.8,15.4,15.7,18383
PRIMESECU,20111014,17,17.25,16.8,16.9,10163
PRISMCEM,20111014,41.4,41.9,41.1,41.65,45451
PRITHVI,20111014,19.1,19.4,19,19.15,2764
PROVOGUE,20111014,30.05,31,30,30.8,85455
PSB,20111014,71.55,72.5,71.1,71.85,72489
PSL,20111014,63.9,63.9,62.1,62.6,32330
PSUBNKBEES,20111014,329.1,350,329.1,345.45,284
PTC,20111014,70.7,71.2,70,70.6,361322
PTL,20111014,39.75,40.75,39.75,40.2,11150
PUNJABCHEM,20111014,65,69.25,65,68.3,603
PUNJLLOYD,20111014,56.3,56.75,55.2,56.3,1644045
PURVA,20111014,75.95,75.95,71.25,73.5,9277
PVP,20111014,5,5,4.6,4.8,15540
PVR,20111014,110,117,109.05,115.8,63732
QGOLDHALF,20111014,1279.85,1285.95,1275.15,1284.3,579
QNIFTY,20111014,519,519,515.3,516.92,50
QUINTEGRA,20111014,3.2,3.2,3,3.1,2901
RADAAN,20111014,2.15,2.3,2.15,2.25,9595
RADICO,20111014,124,124,120,121.5,115154
RAINBOWPAP,20111014,65.8,66.7,65.7,66,58970
RAINCOM,20111014,26.8,27.45,25.8,26.2,127940
RAJESHEXPO,20111014,138.45,145.25,135.6,139.65,1573202
RAJOIL,20111014,21.25,22,20.9,21.1,27225
RAJPALAYAM,20111014,200,207,196.4,206,257
RAJRAYON,20111014,9.75,9.85,9.75,9.8,433
RAJSREESUG,20111014,39.05,41,38.5,40.7,8525
RAJTV,20111014,59,67.5,59,65.65,111484
RAJVIR,20111014,110.55,110.55,110.55,110.55,22
RALLIS,20111014,180.2,181.05,172.1,174.45,180365
RAMANEWS,20111014,14.65,15.25,13.35,14.1,132426
RAMCOIND,20111014,43,43.25,42.25,42.35,2743
RAMCOSYS,20111014,56.7,59.95,56.7,58.35,1468
RAMKY,20111014,214.1,216.85,212,213.85,740
RAMSARUP,20111014,9.9,10.15,9.3,9.7,38269
RANASUG,20111014,3.85,4.1,3.85,4,166683
RANBAXY,20111014,500,508.65,496.1,502.5,677121
RANEENGINE,20111014,187,187,181.25,182.5,83
RANEHOLDIN,20111014,206.05,209,202.4,205.85,901
RANKLIN,20111014,13.7,13.95,13.5,13.5,31784
RATNAMANI,20111014,103,104.8,102.5,102.7,629
RAYMOND,20111014,336,338,332.2,335,193468
RBL,20111014,114.95,114.95,108,108,132
RBN,20111014,68.2,69.9,67.4,68.1,119224
RCF,20111014,76.05,76.35,74,74.8,262141
RCOM,20111014,76.2,78.75,75.7,78.05,5053930
RECLTD,20111014,178.15,180.5,173.6,178.25,1496398
REDINGTON,20111014,91,92.2,90.65,91.05,24166
REFEX,20111014,11.55,12.4,11.55,12.4,1645
REIAGROLTD,20111014,24.2,24.5,23.15,24,41128
REISIXTEN,20111014,22.8,22.8,21.2,21.35,2375
RELAXO,20111014,430.05,433.75,425.15,425.65,40
RELBANK,20111014,898.9,898.9,871,883.29,127
RELCAPITAL,20111014,341.25,353.6,339.15,349.35,2330499
RELGOLD,20111014,2515,2525.15,2506.5,2518.95,7497
RELGRNIFTY,20111014,476.55,490,476.55,480,79
RELIANCE,20111014,842,869.7,841.5,866.9,4085035
RELIGARE,20111014,448.85,448.85,441.1,446.1,12267
RELIGAREGO,20111014,2522.25,2659.85,2522.25,2657.55,91
RELINFRA,20111014,413.1,430,412.3,424.4,1069348
RELMEDIA,20111014,91.4,93.05,89.5,92.15,413486
REMSONSIND,20111014,22.8,22.8,21.85,21.85,550
RENUKA,20111014,56,57.95,55.2,57.7,6184444
REPRO,20111014,155,173.5,155,167.7,313300
RESPONIND,20111014,107.4,108.3,106,107.6,6889
RESURGERE,20111014,0.25,0.3,0.2,0.25,9125987
REVATHI,20111014,362,362,351.5,351.5,143
RICOAUTO,20111014,11.05,11.75,11.05,11.5,115962
RIIL,20111014,408,421.8,408,414.9,298395
RJL,20111014,93,95,88.6,92.1,1898
RKDL,20111014,16.8,17.15,16.55,16.65,9068
RKFORGE,20111014,113.5,113.5,103,103,125
RMCL,20111014,6.3,6.35,5.7,6.2,8932
RML,20111014,120.05,120.05,118.5,119,6500
ROHITFERRO,20111014,27.5,28,27.5,27.7,16646
ROHLTD,20111014,53.35,55,53.35,53.75,3945
ROLTA,20111014,76.5,76.5,73.8,75.1,488057
ROMAN,20111014,22.5,22.5,21.55,21.7,3792
RPGLIFE,20111014,80.5,80.95,80,80.7,2375
RPOWER,20111014,84.4,87.15,84,86.75,2300813
RPPINFRA,20111014,62.5,70.65,62.5,69.5,86906
RSSOFTWARE,20111014,55.1,58.85,55.1,58,12447
RSWM,20111014,89.5,90.65,87.1,89.75,4711
RSYSTEMS,20111014,99.5,100.5,99.5,100.05,61
RUBYMILLS,20111014,864.7,864.7,837,842.5,271
RUCHINFRA,20111014,24.55,25.1,24.25,24.65,34242
RUCHIRA,20111014,8.6,9,8.6,9,2000
RUCHISOYA,20111014,110.4,114.2,109.2,109.75,735105
RUSHIL,20111014,165.75,168.5,163,164.55,620372
SABERORGAN,20111014,120.2,121.75,120.2,121,24795
SADBHAV,20111014,133.3,137,132,132.35,5793
SAGCEM,20111014,135,139.4,135,137.8,2841
SAHPETRO,20111014,29.5,29.5,28.65,28.65,448
SAIL,20111014,107.2,109.2,105.75,108.05,3080361
SAKHTISUG,20111014,26.1,27,26.1,26.75,74320
SAKSOFT,20111014,68.2,72.5,67.45,68.95,1311
SAKUMA,20111014,13.1,13.65,13.1,13.35,10
SALONACOT,20111014,18.65,18.65,16,16,870
SALORAINTL,20111014,24,25.5,23.8,24.55,884
SALSTEEL,20111014,5.35,5.5,5.35,5.4,7900
SAMBANDAM,20111014,80.5,80.5,80.5,80.5,1
SAMBHAAV,20111014,1.15,1.25,1.1,1.1,1372
SANDESH,20111014,271,283,270.6,275.5,846
SANGAMIND,20111014,29.1,30.6,29.1,30.4,1378
SANGHIPOLY,20111014,1.3,1.45,1.3,1.35,901
SANGHVIFOR,20111014,25.25,25.25,23.4,24.4,3136
SANGHVIMOV,20111014,122.75,122.75,119,119.5,6170
SANWARIA,20111014,13.8,13.9,13.2,13.65,192556
SARDAEN,20111014,124.1,125.5,123,124.45,8294
SAREGAMA,20111014,69.75,69.75,68.3,68.9,9023
SARLAPOLY,20111014,105.3,107.45,105.3,107,20
SASKEN,20111014,109,111.65,109,109.5,10939
SATHAISPAT,20111014,36.75,36.85,35.35,36.75,2464
SATYAMCOMP,20111014,74.9,75.2,73.5,74.25,1622388
SAVERA,20111014,37,37.7,36.25,37.6,76
SB&TINTL,20111014,15.5,16.2,15.3,15.9,22618
SBBJ,20111014,393,396.25,390,392.45,4196
SBIGETS,20111014,2628.3,2635,2620.3,2632.85,3942
SBIN,20111014,1871.05,1906.5,1869.3,1885.2,2359746
SBT,20111014,606.95,607.6,600,601.55,3235
SCI,20111014,72.05,72.25,71.45,71.85,434534
SEAMECLTD,20111014,104,105.5,102.95,104.95,7344
SELAN,20111014,296,299.85,292.4,293.55,8984
SELMCL,20111014,12.65,12.75,12.3,12.35,120412
SENTINEL,20111014,14.65,15,14.55,14.9,283
SERVALL,20111014,6.45,6.5,6.35,6.35,44946
SESAGOA,20111014,225.25,226.7,216.5,219.95,4034117
SESHAPAPER,20111014,200,203,197.55,200.1,177
SEZALGLASS,20111014,2.35,2.55,2.35,2.5,62559
SGFL,20111014,4.75,4.75,4.75,4.75,42
SGJHL,20111014,151.9,153.4,148.45,152.8,145921
SGL,20111014,3.9,3.9,3.75,3.75,700
SHALPAINTS,20111014,493,502.4,488,502.4,8572
SHANTIGEAR,20111014,38,40.95,38,39.2,28231
SHARIABEES,20111014,115.65,116.5,115.65,116.5,120
SHARRESLTD,20111014,65,65,59.15,63.75,75477
SHASUNPHAR,20111014,62.9,64.65,60.5,63.3,313012
SHILPAMED,20111014,218.1,224.4,215.55,221.1,4494
SHILPI,20111014,13.2,14.3,12.95,14.3,110691
SHIV-VANI,20111014,195.4,195.7,191.7,193.05,2317
SHIVAMAUTO,20111014,121.5,122,120.05,121.05,225
SHIVTEX,20111014,24,24.75,24,24.2,353
SHLAKSHMI,20111014,111,112.25,108.1,109.3,233419
SHOPERSTOP,20111014,366.9,367,356.1,360.7,1578
SHREEASHTA,20111014,5.9,6,5.85,5.85,2172796
SHREECEM,20111014,1835,1840,1737.85,1836.85,1357
SHREERAMA,20111014,4.25,4.4,4.25,4.35,4315
SHRENUJ,20111014,69.25,72,66.55,69.95,80069
SHREYANIND,20111014,20.7,20.7,20.25,20.7,2001
SHREYAS,20111014,33.1,35.5,33.1,34.45,2182
SHRIRAMCIT,20111014,535.85,535.85,525.5,532.3,507
SHRIRAMEPC,20111014,122,122,118.25,119.2,3960
SHYAMTEL,20111014,33.5,33.6,33,33.15,11340
SICAGEN,20111014,19.55,19.75,18.85,19.4,7669
SICAL,20111014,70.5,72,70.5,71.05,2840
SIEMENS,20111014,843.65,854.7,836,844.8,91398
SILINV,20111014,95,95,83,84.05,579
SIMBHSUGAR,20111014,28.1,29.7,28.1,29.1,8191
SIMPLEX,20111014,84.5,87.5,83,83.05,559
SIMPLEXINF,20111014,223.7,229.7,223.7,225.05,186
SINTEX,20111014,118,119.35,115.15,117.55,1698523
SIRPAPER,20111014,46.1,46.55,46.1,46.35,43
SITASHREE,20111014,7.6,8.1,7.45,7.65,9968
SIYSIL,20111014,273,274.95,268,271.45,2036
SJVN,20111014,21.4,21.75,21.3,21.6,81248
SKFINDIA,20111014,653.3,660,652.5,655.45,1687
SKMEGGPROD,20111014,7.75,8.25,7.4,8,15048
SKSMICRO,20111014,219,219,212,213.5,95108
SKUMARSYNF,20111014,41.05,42.2,41,41.8,643864
SMARTLINK,20111014,40,41,40,40.2,2435
SMLISUZU,20111014,387,389.7,385,389.6,150
SMOBILITY,20111014,100.1,101.95,99.55,100,52865
SMPL,20111014,7.2,7.2,6.9,7,66483
SMSPHARMA,20111014,178.9,178.9,175,178,441
SOBHA,20111014,222.55,229,222.55,227.3,69430
SOLARINDS,20111014,783.7,795,780.15,793.4,688
SOMANYCERA,20111014,49.45,49.45,47.05,48.4,5792
SOMATEX,20111014,6.1,6.1,6,6,1580
SONASTEER,20111014,14,14.2,13.8,14.1,34708
SONATSOFTW,20111014,28.7,28.9,28.1,28.35,123895
SOTL,20111014,544,546,532.9,534.4,486
SOUISPAT,20111014,4.6,4.9,4.55,4.85,70948
SOUTHBANK,20111014,22.65,22.8,22.5,22.75,1263364
SPANCO,20111014,132.95,132.95,127.25,128.4,46538
SPARC,20111014,81.15,86.75,81.15,85.5,335490
SPENTEX,20111014,9,9.4,9,9.15,3289
SPIC,20111014,25.55,26.85,25.55,26.65,188700
SPMLINFRA,20111014,129,129,121.2,124.45,2013
SPYL,20111014,22.6,24.45,22.6,23.55,1303
SREINFRA,20111014,34.6,35.9,34.6,35.6,585664
SRF,20111014,298.55,302.5,298.55,301.05,29580
SRGINFOTEC,20111014,0.5,0.5,0.45,0.5,26048
SRHHLINDST,20111014,3.8,3.8,3.8,3.8,1532
SRHHYPOLTD,20111014,34.55,40.1,34.55,39.95,650
SRICHAMUND,20111014,34.05,34.05,34,34,100
SRSLTD,20111014,34.15,36.2,34.15,35.6,323428
SRTRANSFIN,20111014,609.95,621.45,602.45,617.75,111243
SSWL,20111014,220.05,230,220.05,227.7,3838
STAR,20111014,354.1,373.5,348.05,370.05,191345
STARPAPER,20111014,23.3,25.05,23.1,24.2,741
STCINDIA,20111014,152.3,155.65,152.3,154.35,26240
STER,20111014,118.5,120.9,116.8,119.1,4784916
STERLINBIO,20111014,65.4,67,64.3,66.25,668476
STERTOOLS,20111014,108.85,108.9,104.3,107.45,6
STOREONE,20111014,12.3,12.65,12.2,12.65,1852
STRTECH,20111014,38.5,39.15,38.1,38.65,226685
SUBEX,20111014,43,43.4,41,41.15,1104168
SUDAR,20111014,65.7,66.5,64.55,65,48903
SUDARSCHEM,20111014,724,724,700,705,174
SUJANATOW,20111014,26.1,26.2,25.6,25.75,390817
SUJANAUNI,20111014,4.65,4.7,4.5,4.5,49083
SUMEETINDS,20111014,24,24.75,23,23.3,241105
SUMMITSEC,20111014,77,79,75,78,507
SUNCLAYTON,20111014,143.85,143.85,140.1,140.3,458
SUNDARAM,20111014,43,43,42.4,42.6,51516
SUNDARMFIN,20111014,514.95,515,505,506.45,633
SUNDRMBRAK,20111014,154.95,154.95,148,152.65,471
SUNDRMFAST,20111014,61,61.5,59,59.2,36151
SUNFLAG,20111014,25.3,25.3,24.8,25,42952
SUNILHITEC,20111014,83.2,85,82.7,83.25,6782
SUNPHARMA,20111014,471.35,486.95,471.35,479.9,851642
SUNTECK,20111014,348,351.95,340.05,347.55,10961
SUNTV,20111014,271.1,283.85,267,276.7,716550
SUPER,20111014,172,172.05,167.3,167.4,699
SUPERSPIN,20111014,7.65,7.65,7.65,7.65,4
SUPPETRO,20111014,70.95,70.95,70,70.35,14803
SUPRAJIT,20111014,19.05,19.5,19,19.25,7701
SUPREMEIND,20111014,190,194.75,190,191.9,8035
SUPREMEINF,20111014,215,221.5,213.05,219.5,15397
SURAJDIAMN,20111014,46.5,48.05,46.3,47.6,23190
SURANACORP,20111014,93,99.95,88.05,89.95,190
SURANAIND,20111014,424,424.9,415,419.95,6842
SURANAT&P,20111014,14,14.3,14,14.3,600
SURANAVEL,20111014,25.4,28.2,25.4,28.2,170
SURYAJYOTI,20111014,23,23,22.4,22.55,2969
SURYALAXMI,20111014,60,61,59.2,61,704
SURYAPHARM,20111014,15.95,16,15.35,15.7,40381
SURYAROSNI,20111014,60,61.95,60,60.95,4543
SUTLEJTEX,20111014,174.2,184.9,174.2,176.85,421
SUVEN,20111014,16.1,16.5,16,16.15,36046
SUZLON,20111014,37.75,38.2,37.55,37.8,6113188
SWARAJENG,20111014,463,465,455.15,459.65,831
SYMPHONY,20111014,1304,1428,1287,1398.1,6687
SYNCOM,20111014,14.5,14.5,13.6,14.05,7884
SYNDIBANK,20111014,103.9,105,102.5,104.35,133704
TAINWALCHM,20111014,23,23.9,23,23.9,350
TAJGVK,20111014,90,92.45,85.5,90.2,20321
TAKE,20111014,29.15,32,29.15,30.65,13889
TALBROAUTO,20111014,40,40,39.3,39.95,3873
TALWALKARS,20111014,175.2,177.5,172,174.75,191957
TANLA,20111014,7.9,7.9,7.2,7.25,211265
TANTIACONS,20111014,47.25,49.7,47.25,48.6,1755
TARAPUR,20111014,18.75,18.75,17.75,18.15,8738
TATACHEM,20111014,315.55,322,315,318.1,100299
TATACOFFEE,20111014,902,928,897,916.4,697813
TATACOMM,20111014,180.7,185.85,180,184.25,198608
TATAELXSI,20111014,202.05,204.6,201.5,202.4,15936
TATAGLOBAL,20111014,86.5,88.4,86.05,87.9,529855
TATAINVEST,20111014,494.65,494.65,484.05,485.7,1059
TATAMETALI,20111014,77.45,79.2,76.15,77.25,38784
TATAMOTORS,20111014,174,181.25,173.75,180.05,14881631
TATAMTRDVR,20111014,96.5,100.3,95.8,98.55,1628758
TATAPOWER,20111014,99,101.15,98.8,100.15,2832243
TATASPONGE,20111014,301,306.5,301,302.75,1083
TATASTEEL,20111014,450,451,434.2,437.85,4378886
TCI,20111014,79,81.4,78.3,79.6,3745
TCIDEVELOP,20111014,169.5,169.5,169.5,169.5,15
TCIFINANCE,20111014,29.8,29.9,28.15,28.2,5449
TCS,20111014,1089.4,1140.75,1088.9,1134.25,3355066
TDPOWERSYS,20111014,253.75,257,252.4,255.35,11917
TECHM,20111014,611.45,615,590,594.9,308670
TECHNO,20111014,234,234,224.1,229.9,19433
TECHNOFAB,20111014,135.4,136,133.5,134.25,7468
TECPRO,20111014,214.95,224.4,212,220.1,30592
TELEDATAIT,20111014,0.3,0.3,0.25,0.3,191441
TELEMARINE,20111014,0.6,0.6,0.5,0.5,84061
TEXMACOLTD,20111014,30.7,31.3,29.75,30.3,284117
TEXMOPIPES,20111014,34.8,35.45,34.05,34.5,56543
TEXRAIL,20111014,81.65,88,81.15,86.75,50758
TFCILTD,20111014,27.05,27.8,27.05,27.45,7640
TFL,20111014,16,17.05,15.75,16.5,2151
THANGAMAYL,20111014,162.45,162.95,159.7,161.95,8030
THEMISMED,20111014,108.5,111.55,108.5,110,6
THERMAX,20111014,441.95,441.95,421,423.25,70217
THINKSOFT,20111014,37.6,38.7,36.55,38.25,22646
THIRUSUGAR,20111014,75,75,72,73.95,3077
THOMASCOOK,20111014,47.6,48,46.9,47.7,113710
TI,20111014,32.35,32.5,31.8,32.05,72691
TIDEWATER,20111014,6597.5,6618,6566,6594.2,195
TIIL,20111014,39.25,39.25,38.4,38.45,242
TIJARIA,20111014,61,67.75,16.5,18.6,59965008
TIL,20111014,400.1,407.2,400.1,406.9,364
TIMESGTY,20111014,25.95,25.95,25.5,25.9,105
TIMETECHNO,20111014,61.2,63.3,61.2,62.05,4842
TIMKEN,20111014,215.4,216.4,213.1,213.9,21802
TINPLATE,20111014,46,46.5,45.25,46.3,34589
TIPSINDLTD,20111014,28.1,29,28.1,28.8,1460
TIRUMALCHM,20111014,69.3,72.95,69.25,71.3,70
TITAN,20111014,215,220.5,214.8,217.55,2572195
TNPETRO,20111014,15.7,15.7,15.4,15.5,14632
TNPL,20111014,100.75,103,100.35,101.7,36285
TODAYS,20111014,5.05,5.1,4.95,5.05,4744
TOKYOPLAST,20111014,13.3,13.35,13.3,13.35,210
TORNTPHARM,20111014,574,574,562.3,568.85,9378
TORNTPOWER,20111014,233.5,235.85,225,227.65,35757
TREEHOUSE,20111014,177.3,178.85,174.4,177.35,105795
TRENT,20111014,1070.1,1076,1061.7,1065.3,1095
TRF,20111014,350,350,330.2,331.85,6739
TRICOM,20111014,11.85,12.1,9.7,11.45,44370
TRIDENT,20111014,11.65,12.1,11.65,11.95,70599
TRIGYN,20111014,15.5,15.5,13.85,14.95,12208
TRIL,20111014,216.55,223,216.55,221.4,2211
TRIVENI,20111014,21,23,20.85,22.5,694197
TTKHEALTH,20111014,481,489,476,479.7,34771
TTKPRESTIG,20111014,2842.45,2874.5,2811.1,2838.2,64580
TTL,20111014,23,24,23,23.8,1935
TTML,20111014,17,17.45,17,17.3,951927
TUBEINVEST,20111014,136,137.5,132.5,135.95,33164
TULIP,20111014,155.9,155.9,149.5,150.5,122772
TULSI,20111014,11.85,11.85,11.5,11.8,42258
TULSYAN,20111014,40.5,40.5,37.15,37.9,276
TV18BRDCST,20111014,42.3,47,40.8,47,8131622
TVSELECT,20111014,19.2,19.2,18.25,18.65,4838
TVSMOTOR,20111014,60.45,62.05,60.1,61.1,1310479
TVSSRICHAK,20111014,380,384,377.85,379.55,254
TVTODAY,20111014,54,59.3,54,57.85,235084
TWILITAKA,20111014,38.15,38.25,36.6,38.25,220948
TWL,20111014,422,443.35,422,435.55,45556
UBENGG,20111014,52,52.85,50.35,50.65,39722
UBHOLDINGS,20111014,115.35,118,111.1,111.95,322776
UBL,20111014,422,423.7,411.9,420.35,57682
UCALFUEL,20111014,71,72.95,71,71.9,14178
UCOBANK,20111014,67.15,68.1,66.65,67.7,738553
UFLEX,20111014,151.25,156.2,151.25,154.45,320553
UGARSUGAR,20111014,12.7,13.25,12.7,13.15,7983
ULTRACEMCO,20111014,1121.2,1132,1111.15,1125.45,23772
UMESLTD,20111014,18.75,19.3,17.8,18.35,5471
UNICHEMLAB,20111014,138.4,138.4,136.7,137.1,16380
UNIENTER,20111014,27.9,28.9,27.7,27.85,37490
UNIONBANK,20111014,251.85,255.05,248,253.4,432773
UNIPHOS,20111014,134.1,145.95,132.65,143.8,1979324
UNIPLY,20111014,11,12.5,11,11.95,7669
UNITECH,20111014,27.8,27.8,27.15,27.35,13040477
UNITEDBNK,20111014,72.15,72.9,71.05,72.55,28887
UNITEDTEA,20111014,143.5,143.5,136.1,136.1,20
UNITY,20111014,40,40.7,39.5,39.7,91764
UNIVCABLES,20111014,49,49,47,48.95,2684
UPERGANGES,20111014,46.5,46.85,45,45,185
USHAMART,20111014,31,32.15,30.15,31.95,174267
USHERAGRO,20111014,127.5,129.3,124.55,126.1,416072
UTISUNDER,20111014,869.2,1086,869.2,1065.07,923
UTTAMSTL,20111014,76.9,76.9,73.7,74.1,19728
UTTAMSUGAR,20111014,30,30.35,29.65,30,6823
UTVSOF,20111014,925,963,775,956.55,2326
VADILALIND,20111014,143.9,144.8,132.3,141.5,35811
VAIBHAVGEM,20111014,33.9,33.9,31.3,31.5,621
VAKRANSOFT,20111014,356,357.95,350.05,352.9,766
VALECHAENG,20111014,75.75,77.65,75.1,76,13431
VALUEIND,20111014,17.5,17.5,17.1,17.35,7277
VARDHACRLC,20111014,8.9,9,8.9,8.95,11600
VARDMNPOLY,20111014,106.95,109,85.1,92.05,179322
VARUN,20111014,244.5,249.4,244.15,247.8,163652
VARUNSHIP,20111014,18.85,18.9,18.45,18.55,32840
VASCONEQ,20111014,49.25,49.5,48.2,48.5,2438
VENKEYS,20111014,471.45,476.25,455.1,460.85,409747
VENUSREM,20111014,191,196.1,191,193.75,1509
VESUVIUS,20111014,390.25,395,390.25,392.7,370
VGUARD,20111014,213.5,215.4,212.3,214.7,18878
VHL,20111014,385,420,385,386,1446
VICEROY,20111014,26.95,27.45,26,26.95,16320
VIDEOIND,20111014,176,181,168.5,176.4,63861
VIJAYABANK,20111014,54.5,55.4,54.3,55.05,688862
VIJSHAN,20111014,16.1,16.8,16.1,16.3,58
VIKASHMET,20111014,9.9,9.95,9.55,9.75,25245
VIMTALABS,20111014,18.9,19.2,18.5,19.05,17804
VINATIORGA,20111014,67.2,67.2,65.25,65.3,883
VINDHYATEL,20111014,142,142,142,142,3
VINYLINDIA,20111014,9.45,9.45,9.2,9.35,684
VIPIND,20111014,951,963.8,931,949.8,561483
VIPUL,20111014,10.6,10.7,10.5,10.7,5093
VISAKAIND,20111014,91.45,91.45,88.75,90,1481
VISASTEEL,20111014,58.7,59.25,58.5,58.6,10723
VISESHINFO,20111014,3.1,3.3,2.8,3,35052
VISHALRET,20111014,23.25,23.6,23,23.1,22584
VISUINTL,20111014,2.15,2.15,1.95,2.05,2102
VIVIMEDLAB,20111014,250,250,244.15,246.6,7362
VLSFINANCE,20111014,11.95,11.95,11.2,11.5,9029
VOLTAMP,20111014,488.05,498.5,488.05,496.45,2417
VOLTAS,20111014,102.9,105.85,102.15,105.5,1499246
VSTIND,20111014,1355.05,1373,1314.95,1342.6,81226
VSTTILLERS,20111014,515,517.9,503,514.25,616
VTL,20111014,200,202.3,200,201.4,4265
VTXIND,20111014,14,14,13,13.05,1714
WABAG,20111014,372.4,384.7,362.05,364.5,1297
WABCOINDIA,20111014,1231,1269.9,1231,1269.9,347
WALCHANNAG,20111014,88.2,89.9,87.1,88.3,29826
WANBURY,20111014,24.4,24.4,23.85,24.2,1290
WEBELSOLAR,20111014,38,39,37.35,38.45,6234
WEIZFOREX,20111014,67.25,72.5,67.25,68.5,168
WEIZMANIND,20111014,9.55,9.9,8.9,9.1,5115
WELCORP,20111014,117.25,118.75,115.7,117.8,228725
WELGLOB,20111014,40,40.75,37.7,40.75,1102
WELINV,20111014,43.1,47.9,43,47.65,214
WELPROJ,20111014,40.45,40.8,38.3,38.65,21353
WENDT,20111014,1506.05,1580.9,1506,1552.45,22
WHEELS,20111014,270,270,242.1,242.55,388
WHIRLPOOL,20111014,218,220.7,216.5,217.95,8296
WINDMACHIN,20111014,21.15,21.3,20.5,20.7,20848
WINSOME,20111014,24.2,25.9,24.2,24.2,99
WIPRO,20111014,346.7,364.95,346.7,363.3,1659394
WOCKPHARMA,20111014,431,438,425.05,434.7,98725
WSI,20111014,16.25,16.85,16.2,16.7,2049
WSTCSTPAPR,20111014,68.5,69.7,68.45,68.8,12464
WWIL,20111014,9,9.7,8.7,9.45,12831126
WYETH,20111014,993,995,977,992.4,1813
XLENERGY,20111014,7.1,7.35,6.8,7.2,35920
XPROINDIA,20111014,53.75,53.75,51.5,52.95,4715
YESBANK,20111014,284.75,288,278.8,283.3,2238179
ZEEL,20111014,112.55,114,111.8,112.05,888313
ZEELEARN,20111014,20,20.35,19.95,20,206039
ZEENEWS,20111014,12.15,12.8,12.15,12.45,473011
ZENITHBIR,20111014,4.65,4.8,4.65,4.7,95992
ZENITHCOMP,20111014,13.35,15.95,13.35,15.05,105601
ZENITHEXPO,20111014,60.8,60.8,60.5,60.5,2500
ZENITHINFO,20111014,81.85,81.85,81.85,81.85,8401
ZENSARTECH,20111014,122.05,123.45,119.1,121.1,6382
ZICOM,20111014,38.5,41.65,38.5,39.95,13697
ZODIACLOTH,20111014,216.05,225.85,216.05,219,104
ZUARIAGRO,20111014,582,598,582,595.65,4506
ZYDUSWELL,20111014,581.5,592,572.35,584.4,12447
ZYLOG,20111014,414.8,420.05,412.1,414.6,73514
NSENIFTY,20111014,5057.35,5141.40,5056.60,5132.30,157781872,6140.27
NIFTYJUNIOR,20111014,9891.95,9913.55,9832.35,9895.00,52119019,953.63
BANKNIFTY,20111014,9548.25,9691.85,9526.95,9660.40,20812157,1535.52
NSEMIDCAP,20111014,7106.40,7137.95,7082.60,7135.95,82752455,957.40
NSEIT,20111014,5987.90,6135.20,5972.10,6119.65,16986993,1353.81
NSE100,20111014,4959.35,5029.20,4957.30,5021.25,209900891,7093.90
NSE500,20111014,4047.15,4095.95,4044.15,4090.70,406717086,9142.01
MIDCAP50,20111014,2099.10,2114.60,2091.90,2111.85,63901137,640.71
VIX,20111014,28.24,28.31,25.73,25.98,28.24,-2.26
