20MICRONS,20110915,57,57.65,56.45,57.1,73890
3IINFOTECH,20110915,29.6,29.9,28.65,29,695287
3MINDIA,20110915,4370,4419,4315,4361.45,153
A2ZMES,20110915,233,236,223.15,224.9,475985
AANJANEYA,20110915,425.4,432.5,419.15,426.45,87942
AARTIDRUGS,20110915,113.05,113.05,111.6,112.45,1584
AARTIIND,20110915,50.3,52.9,49.75,49.85,149027
AARVEEDEN,20110915,35.1,35.1,35.05,35.05,100
ABAN,20110915,395,402.9,391.45,400.55,797685
ABB,20110915,872.8,879.4,863.05,865.95,106101
ABBOTINDIA,20110915,1554.95,1554.95,1500.2,1513.5,1580
ABCIL,20110915,104.5,105.05,103,103.5,680
ABGSHIP,20110915,380,382.05,370.25,379.55,195689
ABHISHEK,20110915,10.5,10.5,10.35,10.5,7337
ABIRLANUVO,20110915,891,935,891,922.3,61526
ACC,20110915,1053,1072.9,1049,1064.85,317352
ACE,20110915,46.9,47.9,45.25,47,194096
ACKRUTI,20110915,190,197.45,190,194,5274
ACROPETAL,20110915,19,19.5,18.05,19.35,399725
ADANIENT,20110915,565.2,591.85,565.15,586.2,543748
ADANIPOWER,20110915,84.3,86.3,83.7,85.7,539729
ADFFOODS,20110915,56,58,55.2,57.15,1216
ADHUNIK,20110915,56.3,56.3,54.1,54.95,40800
ADORWELD,20110915,151.45,159.9,151.45,152.3,8613
ADSL,20110915,34.9,34.9,32.55,32.55,168460
ADVANIHOTR,20110915,35.05,35.1,35,35.1,816
ADVANTA,20110915,394,411.35,392.55,405.35,240860
AEGISCHEM,20110915,194,208.4,190.55,201.2,28647
AFL,20110915,40,40.6,39.8,40.35,7543
AFTEK,20110915,11.65,11.85,11.55,11.6,111140
AGCNET,20110915,120.15,124.05,115.1,123.5,4756
AGRE,20110915,41,41.45,38.35,41.2,15260
AGRODUTCH,20110915,7.65,8,7.5,7.7,35956
AHLEAST,20110915,290,304,290,304,135
AHLUCONT,20110915,114.45,114.45,111.9,112.25,9055
AHLWEST,20110915,167.9,174.4,160.25,167.5,3564
AHMEDFORGE,20110915,112,114.9,108,108.45,10594
AIAENG,20110915,313,316,307.05,309.2,2891
AJANTPHARM,20110915,325.5,328.95,315.05,321.8,4759
AJMERA,20110915,128.9,133.15,124.5,129.05,51008
AKSHOPTFBR,20110915,6.7,6.85,6.7,6.75,17289
AKZOINDIA,20110915,939.95,948,925,943.9,1539
ALBK,20110915,166,168,164.55,167.55,502106
ALCHEM,20110915,267,267,264.9,264.9,101929
ALEMBICLTD,20110915,19,20.3,19,19.95,34513
ALFALAVAL,20110915,1850,1974.9,1850,1957.2,10736
ALKALI,20110915,41.2,41.85,40.35,41.6,3081
ALKYLAMINE,20110915,82.15,92.9,82.15,85.15,2241
ALLCARGO,20110915,150.9,150.9,146.95,149.55,1983
ALLSEC,20110915,16.8,17.2,15.65,16.55,1522
ALOKTEXT,20110915,18.9,19.15,18.25,18.45,6214597
ALPA,20110915,8.7,8.95,8.45,8.8,1641
ALPHAGEO,20110915,99.05,102.85,98.1,100,432
ALPSINDUS,20110915,3,3.2,3,3.05,9556
AMAR,20110915,110.05,112.7,109.05,109.7,39766
AMARAJABAT,20110915,224,230,223.2,224.2,71027
AMBIKCO,20110915,175.7,184.8,175,179.45,754
AMBUJACEM,20110915,147.95,151.7,146.7,150.25,2215652
AMDIND,20110915,20,21,20,20.75,8756
AMLSTEEL,20110915,13.2,13.85,12.8,13.85,125
AMRUTANJAN,20110915,815.9,825,805,808.9,104564
AMTEKAUTO,20110915,142.5,145.5,138.65,140.45,856457
AMTEKINDIA,20110915,117,119.95,114.3,115.25,247180
ANANTRAJ,20110915,63.8,65.45,63.1,64.55,397752
ANDHRABANK,20110915,123,124,118.75,122.25,642297
ANDHRSUGAR,20110915,110,110,102.55,104.25,93222
ANGIND,20110915,24.45,24.45,21.5,21.65,3887
ANIKINDS,20110915,34.5,34.75,33.6,34.45,969
ANKURDRUGS,20110915,32.75,33.9,31.8,32.8,104391
ANSALAPI,20110915,30.6,31.75,29.85,31.25,271236
ANSALHSG,20110915,44.95,44.95,39.55,40.4,4317
APARINDS,20110915,166.3,168,166,166.4,639
APCOTEXIND,20110915,158,166,158,165.85,119
APIL,20110915,522,534.55,522,530.8,34479
APLAB,20110915,35.9,37.7,34.6,37.6,5442
APOLLOHOSP,20110915,521.25,523,516.4,520.05,14156
APOLLOTYRE,20110915,61.5,62.95,59.5,60,1706325
APPAPER,20110915,363,363.5,361.6,362.35,41181
APTECHT,20110915,132,137.7,131.35,136.55,2019504
AQUA,20110915,14.25,14.4,13.85,14.05,29845
ARCHIDPLY,20110915,12,13.15,11.4,13.05,1871
ARCHIES,20110915,39.5,41.1,39.4,40.5,39265
AREVAT&D,20110915,221,225.7,218,219.3,58671
ARIES,20110915,88,88,83.3,84.15,1390
ARIHANT,20110915,61.9,61.9,57.1,61.85,1034
ARL,20110915,2.25,2.3,2.2,2.3,132448
AROGRANITE,20110915,39.8,39.95,38.95,38.95,164
ARROWTEX,20110915,9.55,9.8,9.5,9.5,576
ARSHIYA,20110915,129.9,132.5,125.25,127.75,94132
ARSSINFRA,20110915,335,378.85,319.45,370.4,2317653
ARVIND,20110915,91.1,94.4,91.1,93.85,2513582
ASAHIINDIA,20110915,68.35,70.95,68.35,70.45,3169
ASAHISONG,20110915,99.5,101.15,99.25,101.1,375
ASAL,20110915,52.35,55.55,52.35,54.55,3066
ASHAPURMIN,20110915,16.7,17.4,16.7,17.15,28319
ASHCONIUL,20110915,2.4,2.55,2.4,2.5,5245
ASHIANA,20110915,148.9,151.5,143,146.3,205
ASHIMASYN,20110915,4.7,4.75,4.7,4.75,1350
ASHOKA,20110915,255.1,275,253.1,269.5,1370
ASHOKLEY,20110915,25.9,27.05,25.5,26.9,6956699
ASIANHOTNR,20110915,181.1,192,181.1,188.75,9365
ASIANPAINT,20110915,3137.4,3145,3108.55,3126.35,27601
ASIANTILES,20110915,44,44,42.5,43.9,3571
ASSAMCO,20110915,12.15,12.4,11.9,11.95,70870
ASTEC,20110915,37.5,37.5,36.5,36.55,1318
ASTERSILI,20110915,19.6,20.35,18.3,20.1,19513
ASTRAL,20110915,183,189,183,188.9,12971
ASTRAMICRO,20110915,24,25.2,23.9,25.05,21653
ASTRAZEN,20110915,1255.1,1265.9,1250,1253.25,451
ATFL,20110915,416.95,416.95,405,407,3064
ATLANTA,20110915,68.8,68.8,66.6,66.85,115602
ATLASCYCLE,20110915,397,403.8,388.35,390.55,88420
ATNINTER,20110915,0.85,0.85,0.85,0.85,3500
ATUL,20110915,218.45,226,218.45,222.1,59175
AURIONPRO,20110915,137,137,137,137,9
AUROPHARMA,20110915,131.8,132.45,128.1,130.3,710650
AUSTRAL,20110915,2.45,2.45,2.1,2.25,412034
AUTOAXLES,20110915,410,413,406.25,409.2,159
AUTOIND,20110915,123.9,123.9,120.2,121.9,7362
AUTOLITIND,20110915,18.05,18.95,17.75,17.95,532
AVENTIS,20110915,2292.5,2296.4,2210,2273.1,1638
AVTNPL,20110915,351.25,387.4,351.25,376.7,6050
AXIS-IT&T,20110915,91,93.65,90,91.5,6209
AXISBANK,20110915,1096.7,1123,1066.65,1115.7,1905432
AXISGOLD,20110915,2790,2790,2755,2761.7,491
BAGFILMS,20110915,5.9,5.95,5.8,5.9,44551
BAJAJ-AUTO,20110915,1635,1642.5,1606,1628.6,316196
BAJAJCORP,20110915,123.5,125.4,120.8,122.75,18752
BAJAJELEC,20110915,177.35,178,175.5,177.15,37896
BAJAJFINSV,20110915,554.35,554.4,540.2,541.7,76315
BAJAJHIND,20110915,51.8,52.8,50.5,51.15,1820101
BAJAJHLDNG,20110915,747,748.65,738.65,745.9,22528
BAJFINANCE,20110915,639.9,639.9,630,631.85,3954
BALAJITELE,20110915,30,30,29.2,29.4,18695
BALAMINES,20110915,36.9,36.9,35,35.3,2988
BALKRISIND,20110915,163.6,181,163.6,166.65,77717
BALLARPUR,20110915,26.4,26.4,26.05,26.15,156118
BALMLAWRIE,20110915,618.5,623,617,620.45,3163
BALPHARMA,20110915,23.5,24.25,23.5,24.25,1670
BALRAMCHIN,20110915,51.5,52.2,50.65,50.9,817926
BANARISUG,20110915,625,633,620.5,622.25,381
BANCOINDIA,20110915,73.5,74.45,72.5,72.8,6115
BANG,20110915,26,26,25.3,25.35,943
BANKBARODA,20110915,751.05,775,747.5,771.2,474510
BANKBEES,20110915,968.5,979,954,973.32,1066
BANKINDIA,20110915,325.9,330,320,326.55,726421
BANSWRAS,20110915,95,96.85,92.55,93.45,7767
BARTRONICS,20110915,53.35,55.75,53.25,54.65,163318
BASF,20110915,595,598,591,591.8,1100
BASML,20110915,73.95,73.95,67.15,68.05,323
BATAINDIA,20110915,678.45,680.7,666.6,675.25,560930
BATLIBOI,20110915,18.1,19.25,18.1,19.1,352
BAYERCROP,20110915,840.4,845,835.45,841.35,47734
BBL,20110915,721.05,722.85,713.15,715.15,1449
BBTC,20110915,435,440,435,437.05,1059
BEARDSELL,20110915,43,43,43,43,51
BEDMUTHA,20110915,122,123,120.15,121,222295
BEL,20110915,1579.85,1600,1577.1,1594.75,4577
BEML,20110915,485.2,488.9,476.1,478.5,233897
BEPL,20110915,27.25,27.25,25.2,26,35117
BERGEPAINT,20110915,109,112,109,111.55,184762
BFINVEST,20110915,45.95,49.2,45.9,48.7,14931
BFUTILITIE,20110915,513.4,529.25,507.05,523.9,791405
BGLOBAL,20110915,16.45,16.5,15.6,16.5,174794
BGRENERGY,20110915,322,372.5,314.95,367.4,4696447
BHAGWATIHO,20110915,83.95,83.95,82,82,106
BHAGYNAGAR,20110915,15.05,15.35,14.9,15.05,2973
BHARATFORG,20110915,283.75,283.75,274.1,278.25,164189
BHARATGEAR,20110915,51.2,51.2,49.6,50.35,1516
BHARATRAS,20110915,101.4,104.55,101.4,103.85,720
BHARTIARTL,20110915,382,389.9,372.7,387.1,4522062
BHARTISHIP,20110915,106.9,108.3,104.75,105.2,112512
BHEL,20110915,1755.25,1764,1706.9,1713.55,617178
BHUSANSTL,20110915,341,349.8,338.15,348.55,163900
BIL,20110915,52,53.85,49.5,50.1,7181
BILPOWER,20110915,85.05,86.9,83.65,84.8,1307
BIMETAL,20110915,252,258.7,248.5,250.7,582
BINANIIND,20110915,140.85,141.5,138.65,139.05,14430
BINDALAGRO,20110915,71.95,72,70.1,71.1,44349
BIOCON,20110915,335.15,337,332.3,335.6,133455
BIRLACORPN,20110915,321,323,316.5,321.75,280
BIRLACOT,20110915,0.35,0.4,0.35,0.4,404617
BIRLAERIC,20110915,13.65,14.55,13,13.35,6684
BIRLAPOWER,20110915,0.75,0.75,0.65,0.7,1289161
BLBLIMITED,20110915,3.8,4,3.65,4,806
BLISSGVS,20110915,21.2,21.2,20.5,20.75,18518
BLKASHYAP,20110915,11,11.25,10.8,10.85,101804
BLUECHIP,20110915,1,1.05,0.95,1.05,19873
BLUEDART,20110915,1679,1699,1655.4,1665,2726
BLUESTARCO,20110915,245,248,240,242.6,5000
BLUESTINFO,20110915,74.5,74.7,73.7,74.4,2575
BOC,20110915,276,277.9,275,276.75,1421
BODALCHEM,20110915,18,18,17.3,17.3,9961
BOMDYEING,20110915,316.95,328.6,313.15,326.55,197767
BOSCHLTD,20110915,7089.85,7124.95,7050,7096,1796
BPCL,20110915,670,675.9,665.1,673.4,270178
BPL,20110915,21.9,22,21.65,21.75,6591
BRANDHOUSE,20110915,15.15,16,14.9,15.7,28652
BRFL,20110915,275.9,284.7,275.9,282.45,149869
BRIGADE,20110915,67.05,68.9,66.7,67.85,9894
BRITANNIA,20110915,470,474,464.4,469.45,6775
BROADCAST,20110915,8,8.05,7.85,8,616
BROOKS,20110915,34.4,34.4,32.1,32.4,622369
BSELINFRA,20110915,4.2,4.35,4.1,4.15,32936
BSL,20110915,23,25,21.25,22.95,2722
BSLGOLDETF,20110915,2853.45,2853.45,2844.95,2845,25
BSLNIFTY,20110915,49,50.5,49,50.5,180
BSTRANSCOM,20110915,90.4,93,90.4,91.65,10914
BURNPUR,20110915,8.6,8.8,8.5,8.55,30364
BVCL,20110915,14.35,14.85,14.35,14.85,275
CADILAHC,20110915,829.65,829.9,805.1,819.05,36496
CAIRN,20110915,290.7,294.75,288.4,293.85,1579376
CALSOFT,20110915,29.5,29.5,29.5,29.5,100
CAMBRIDGE,20110915,22.4,23.25,22.2,22.65,5613
CAMLIN,20110915,73,73.25,72.2,72.45,248575
CANBK,20110915,426.05,440,426.05,437.3,494530
CANDC,20110915,120.95,120.95,118.1,119.25,1756
CANFINHOME,20110915,96.6,97.15,95.55,96.6,7973
CANTABIL,20110915,26.5,27.25,26.4,27.05,21891
CARBORUNIV,20110915,300,314,300,310,13585
CAROLINFO,20110915,180.4,180.4,172.25,177,3442
CASTROL,20110915,512.85,513.5,505.05,509.45,32055
CCCL,20110915,19.9,20.05,19.55,19.9,15823
CCL,20110915,163.6,170,163,168.6,13756
CEATLTD,20110915,83,84,81,81.85,57001
CEBBCO,20110915,35.4,35.5,34.25,34.8,6375
CELEBRITY,20110915,7.4,7.4,6.65,7,5335
CELESTIAL,20110915,25.7,25.7,25.2,25.4,8403
CENTENKA,20110915,152,152.95,150.2,152.5,1471
CENTEXT,20110915,3.25,3.25,2.95,3.05,14962
CENTRALBK,20110915,100.6,103.7,99.7,103.05,584032
CENTUM,20110915,86.35,86.35,81.3,86.15,26
CENTURYPLY,20110915,62.15,64.1,62.15,64,11848
CENTURYTEX,20110915,293.4,293.4,284,288.75,429924
CERA,20110915,196,204.85,196,199.1,7077
CESC,20110915,277.75,281,275.5,278.15,218374
CHAMBLFERT,20110915,113.85,115.95,106.7,108.2,5821982
CHEMFALKAL,20110915,44,44,44,44,39
CHEMPLAST,20110915,6.05,6.15,6,6.05,50046
CHENNPETRO,20110915,201,203.65,200.2,202.1,26398
CHESLINTEX,20110915,12.2,12.2,12.2,12.2,220
CHETTINAD,20110915,493.95,493.95,459.9,461,430
CHOLAFIN,20110915,161.25,162.9,158.1,159.95,8945
CILNOVA,20110915,17.2,17.2,17.05,17.05,518
CIMMCO,20110915,87.3,87.3,87.3,87.3,2
CINEMAX,20110915,31.35,32,30.85,31.6,3762
CINEVISTA,20110915,3.25,3.3,3.2,3.2,23591
CIPLA,20110915,284.5,285,281.3,284.05,603352
CLASSIC,20110915,10.05,10.4,9.95,10.05,12841
CLNINDIA,20110915,725.5,735.5,718.55,726.8,2551
CLUTCHAUTO,20110915,35.3,37.3,35.3,36.4,5916
CMAHENDRA,20110915,166,173,160.5,172,46073
CMC,20110915,894.95,895,865,874.8,8451
COALINDIA,20110915,381.55,382.4,376.4,378.5,1389227
COLPAL,20110915,982,1005,982,999.95,138369
COMPUAGE,20110915,119.95,119.95,117,118.2,9
CONCOR,20110915,939,939,901.15,917.1,14361
CONSOFINVT,20110915,60,60,59.9,60,2302
CORAL-HUB,20110915,5.05,5.25,5.05,5.25,4177
CORDSCABLE,20110915,35,35,31.2,32.7,6607
COREEDUTEC,20110915,295.3,295.3,285.35,294.35,262910
COROENGG,20110915,282.5,282.5,282.5,282.5,15
COROMANDEL,20110915,299.2,308,299.2,306.4,35676
CORPBANK,20110915,444.95,449,440.25,445.5,61195
COSMOFILMS,20110915,88.2,89.45,88.2,89.3,3800
COX&KINGS,20110915,215.35,217.35,212.15,213.8,85238
CPIL,20110915,265.5,281,265,276.05,6635
CREATIVEYE,20110915,5.25,5.75,5.2,5.6,3852
CRESTANI,20110915,35.2,35.9,34.75,35.65,13255
CREWBOS,20110915,42.75,42.9,42.05,42.35,22267
CRISIL,20110915,8390,8390,8255.1,8275.75,496
CROMPGREAV,20110915,158,161.25,157.1,159.6,3827699
CRONIMET,20110915,98.55,105.5,98.55,104.85,261
CTE,20110915,7.5,7.65,7.4,7.6,5429
CUB,20110915,45.45,45.6,44.3,45.25,133935
CUBEXTUB,20110915,10.25,10.9,10.25,10.85,1484
CUMMINSIND,20110915,605.95,610,601.1,604.15,90062
CURATECH,20110915,150.5,159,136.85,155.4,322
CYBERTECH,20110915,12.9,12.9,12.4,12.85,195
DAAWAT,20110915,46,46.4,45.75,46,26653
DABUR,20110915,108,109,106.05,106.55,1049597
DALMIABEL,20110915,114.5,118.7,114.5,117.15,53688
DALMIASUG,20110915,17.2,17.75,17.1,17.55,2725
DATAMATICS,20110915,27.4,27.8,27.3,27.5,1699
DBCORP,20110915,225,226,219.1,221.75,54249
DBREALTY,20110915,57.7,61.8,56.4,59.1,1678499
DCB,20110915,47,48.1,46.7,47.75,2911111
DCHL,20110915,58.3,59,54.65,56.05,1015564
DCM,20110915,50.25,51.05,50.2,50.95,5520
DCMSRMCONS,20110915,45.5,46.5,45.5,46,46153
DCW,20110915,9.65,9.7,9.55,9.65,61798
DECCANCE,20110915,147,148,145,147.65,510
DECOLIGHT,20110915,5,5,4.8,5,1016
DEEPAKFERT,20110915,166.15,168.35,164,166,45210
DEEPAKNTR,20110915,170,192,170,172.15,1221
DEEPIND,20110915,69.1,74.8,69.1,73.05,44424
DELTACORP,20110915,107.9,109.5,105,108.8,7290077
DEN,20110915,46.35,46.35,44.25,44.65,50243
DENABANK,20110915,81.25,83.15,80.45,82.9,1115399
DENORA,20110915,81,81,81,81,25
DENSO,20110915,62,62,55.65,58,2599
DEWANHOUS,20110915,224.9,228.9,218,223.85,262043
DHAMPURSUG,20110915,45.7,45.7,44.7,44.85,29973
DHANBANK,20110915,78.8,81.5,77.6,79.6,723936
DHANUKA,20110915,91,102.6,91,101.5,33813
DHARSUGAR,20110915,27.55,28.5,27.55,28.5,4894
DHUNINV,20110915,77.25,77.25,74.15,77,245
DIAPOWER,20110915,109,109.25,104,105.9,9909
DICIND,20110915,232,232,218.35,223.85,6121
DIGJAM,20110915,9.75,9.9,9.5,9.65,17545
DISHMAN,20110915,63.15,63.9,63,63.75,18000
DISHTV,20110915,76,77,75,76.25,2667060
DIVISLAB,20110915,710,736.9,710,728.95,84215
DLF,20110915,200,209.35,200,208.2,5984371
DLINKINDIA,20110915,22.75,23.45,22.6,23.2,5003
DOLPHINOFF,20110915,131,132.9,129.65,131.6,976
DONEAR,20110915,22,22,21.5,22,52
DPSCLTD,20110915,1980.1,1980.1,1960,1967,239
DPTL,20110915,133,135.45,131.5,134.85,576
DQE,20110915,33.4,35.1,33.4,35.05,2424
DREDGECORP,20110915,265,275,265,272.4,11497
DRREDDY,20110915,1484,1484,1456,1478.35,350017
DSKULKARNI,20110915,60,60.5,58.5,59.75,34533
DUNCANSIND,20110915,10.95,11,10.45,10.9,20672
DWARKESH,20110915,44.5,44.5,42.5,43.1,9195
DYNAMATECH,20110915,1010,1050,996.35,1022.6,315
DYNASYS,20110915,0.7,0.8,0.7,0.7,8501
EASTSILK,20110915,6.5,6.55,6.15,6.4,10867
EASUNREYRL,20110915,75,75,72.05,73.8,4646
ECEIND,20110915,108.95,108.95,103.05,103.4,188
ECLERX,20110915,719.95,724.95,714,720.4,3754
EDELWEISS,20110915,27.5,27.95,27.4,27.55,62730
EDL,20110915,103.85,104.5,102.5,103.3,8885
EDSERV,20110915,106.35,108.45,104.1,106.4,245637
EDUCOMP,20110915,225,237.5,225,233.1,3432643
EICHERMOT,20110915,1450,1470,1422.25,1448.7,6161
EIDPARRY,20110915,249,249,244,245,108046
EIHAHOTELS,20110915,148.1,153.65,147.7,152.65,375
EIHOTEL,20110915,89.35,89.4,88.05,88.35,59491
EIMCOELECO,20110915,180,180,178.05,180,391
EKC,20110915,75,75,74,74.55,128726
ELDERPHARM,20110915,384,385,377.25,379.65,30582
ELECON,20110915,72.9,74.7,71,73.3,46899
ELECTCAST,20110915,30,30.65,29.6,30.4,408965
ELECTHERM,20110915,140,144.65,133.1,138.25,209574
ELFORGE,20110915,10,10.9,10,10.65,6415
ELGIEQUIP,20110915,70.95,70.95,69.05,70,14407
ELGIRUBCO,20110915,25,26.8,23.6,25.7,3280
ELNET,20110915,33.05,33.3,33.05,33.3,43
EMAMIINFRA,20110915,40.9,41.9,40,40.4,11480
EMAMILTD,20110915,462.7,462.7,451.35,453.3,4731
EMCO,20110915,52,53,51.2,52.65,32058
EMKAY,20110915,47,48.5,46.5,48.3,5658
EMMBI,20110915,13.75,14.05,13.25,13.9,9753
EMPEESUG,20110915,22,22,21.1,21.5,914
ENERGYDEV,20110915,37.5,37.85,35.5,36.1,1576
ENGINERSIN,20110915,253.75,256,253.15,255.05,28228
ENIL,20110915,252.5,253,248.05,250,12663
ENTEGRA,20110915,21.65,22.5,21.65,22.05,8636
EONELECT,20110915,61.15,62,60.5,61.3,1882
ERAINFRA,20110915,154.85,155.75,154.5,154.9,311249
EROSMEDIA,20110915,237.8,238.85,231,235.3,107355
ESABINDIA,20110915,558.6,559.15,522.15,530.7,179495
ESCORTS,20110915,72.5,73.6,71.6,73,798941
ESL,20110915,7.1,7.25,7.05,7.1,239528
ESSAROIL,20110915,92.75,95.6,92.3,94.55,1001407
ESSARPORTS,20110915,72.5,72.5,70,71.65,16775
ESSDEE,20110915,188,190,180.9,184.7,54039
ESSELPACK,20110915,39.4,39.4,37.55,37.8,5673095
ESTER,20110915,29.3,29.95,29,29.2,7875
EUROMULTI,20110915,8.05,8.3,7.7,8,20443
EUROTEXIND,20110915,21.45,21.45,21.35,21.35,200
EVEREADY,20110915,37.8,38.25,37.75,38,16465
EVERESTIND,20110915,144.9,145.85,141.15,143.5,5171
EVERONN,20110915,278,302.75,277.5,302.75,5047572
EXCELCROP,20110915,141.9,143,139.25,139.55,5459
EXCELINDUS,20110915,63.5,64.7,62,64.7,2047
EXCELINFO,20110915,13.45,13.45,12.7,12.9,28681
EXIDEIND,20110915,133.9,137.55,129.5,136.4,4945853
FACT,20110915,38.3,38.35,37.4,37.55,21041
FAGBEARING,20110915,1254.95,1258.85,1241,1250.4,612
FAME,20110915,45.95,46,43.55,43.55,234
FARMAXIND,20110915,2.4,2.55,2.3,2.45,17174
FCH,20110915,152.15,155,152,152.85,31875
FCSSOFT,20110915,0.7,0.7,0.65,0.65,537930
FDC,20110915,89.1,89.9,88.8,89.1,5803
FEDDERLOYD,20110915,68.05,68.5,66.7,67.6,4722
FEDERALBNK,20110915,374.2,378.4,366.55,373.1,204476
FIEMIND,20110915,161,162.5,157.1,159,2641
FILATEX,20110915,40.1,42.25,40.1,42.05,6335
FINANTECH,20110915,784,785.95,769.9,780.65,57277
FINCABLES,20110915,39.3,40,39.25,39.85,14405
FINPIPE,20110915,67.85,68,66.15,66.45,23733
FIRSTLEASE,20110915,75,77.35,74.4,75.05,23691
FIRSTWIN,20110915,15.1,15.85,15.1,15.85,170
FKONCO,20110915,110.5,110.5,106.5,107.25,5800
FMGOETZE,20110915,237.85,237.85,229.05,234.2,5460
FORTIS,20110915,150.2,151.35,149.5,150.6,120079
FOSECOIND,20110915,530,533.95,507,511.75,472
FOURSOFT,20110915,10.5,10.95,10.5,10.6,9352
FSL,20110915,12.95,13.1,12.7,12.85,1801965
FUTUREVENT,20110915,8.8,8.85,8.75,8.8,132137
GABRIEL,20110915,41.25,41.3,40.1,41.1,8488
GAEL,20110915,24.15,24.15,23.5,23.85,6375
GAIL,20110915,422.9,437,419.3,434.2,966778
GAL,20110915,11.15,11.4,11.15,11.25,15913
GALLANTT,20110915,15,15.15,14.6,14.85,3953
GALLISPAT,20110915,90.05,91.75,90,90.45,102686
GAMMNINFRA,20110915,14.25,14.25,14,14,24084
GAMMONIND,20110915,78,81,78,79.7,7017
GANDHITUBE,20110915,128,128,125,125.15,235
GANESHHOUC,20110915,125,129.7,121.1,126.35,6486
GANGOTRI,20110915,4.95,5.25,4.4,4.75,42452
GARDENSILK,20110915,75,75,72.9,73.4,4062
GARWALLROP,20110915,58.35,58.35,56.65,56.85,7620
GATI,20110915,55.85,57.8,55,57.5,429442
GAYAPROJ,20110915,154.45,155.9,152,152.55,15396
GDL,20110915,139.95,139.95,135.7,136.2,26708
GEECEE,20110915,33.05,34,33.05,33.05,609
GEINDSYS,20110915,138.95,139,136.15,137,3121
GEMINI,20110915,23.9,24.35,23.25,23.75,37029
GENESYS,20110915,205,209.8,205,207.75,1231
GENUSPOWER,20110915,15.3,15.3,14.8,14.9,12304
GEODESIC,20110915,59.2,60.3,58.1,58.8,91818
GEOJITBNPP,20110915,19.1,19.45,18.65,19.2,38524
GEOMETRIC,20110915,41.3,42.3,41.3,42,12429
GESHIP,20110915,246.5,248.95,240.15,245.05,337308
GHCL,20110915,40.6,40.85,40.35,40.65,73570
GICHSGFIN,20110915,88.1,89.45,86.1,87.65,37751
GILLANDERS,20110915,86,88.9,86,88.45,1540
GILLETTE,20110915,2002,2084,2000.15,2062,2010
GINNIFILA,20110915,8,8,7.45,7.65,5722
GIPCL,20110915,76.95,79.7,76.95,78.65,30288
GISOLUTION,20110915,11.4,11.6,11.35,11.4,95
GITANJALI,20110915,342.5,343,337.05,341.6,796372
GKWLIMITED,20110915,465,480,465,480,63
GLAXO,20110915,2043.85,2067,2027,2059.55,5107
GLENMARK,20110915,322.95,326,319.2,324.25,81149
GLFL,20110915,3.4,3.4,3.3,3.35,1619
GLOBALVECT,20110915,21.35,21.95,20.2,20.2,860
GLOBOFFS,20110915,98.7,98.7,94.9,97.05,4148
GLOBUSSPR,20110915,118,118,116,117.25,1845
GLODYNE,20110915,330,336.45,328,333.1,82265
GLORY,20110915,3.65,3.65,3.45,3.5,31291
GMBREW,20110915,99,99.5,97.3,98.1,5086
GMDCLTD,20110915,176.5,180.2,176.5,177.25,123598
GMRINFRA,20110915,27.9,28.9,27.2,28.7,4685688
GNFC,20110915,94.8,97,93.5,93.95,58810
GOACARBON,20110915,78.55,81.35,76.5,78.45,5215
GODFRYPHLP,20110915,3486.95,3490,3455,3479.4,609
GODREJCP,20110915,428,432.6,423,423.7,61961
GODREJIND,20110915,204,209.65,201.25,207.95,388490
GODREJPROP,20110915,698,698,685,694.85,1607
GOENKA,20110915,45.95,46.5,44.65,45.5,35880
GOKEX,20110915,84.5,98.8,84.5,96.85,257812
GOKUL,20110915,89.55,90,86,86.4,38303
GOLDBEES,20110915,2704,2710,2690.15,2694.85,92058
GOLDENTOBC,20110915,61,61,59.35,60.1,1098
GOLDIAM,20110915,34,34.7,34,34.7,1525
GOLDINFRA,20110915,13.9,14.3,13.9,14.15,1254
GOLDSHARE,20110915,2691,2715,2691,2707.3,6001
GOLDTECH,20110915,9.15,9.9,9.05,9.35,67296
GPIL,20110915,143,144.55,140,140.65,31363
GPPL,20110915,67,67.2,66.5,66.6,37146
GRABALALK,20110915,18.05,18.15,18.05,18.15,201
GRANULES,20110915,69.6,69.6,65.4,66.8,12968
GRAPHITE,20110915,77.85,77.85,76.5,76.9,8248
GRASIM,20110915,2209.95,2300,2181,2271.6,79384
GRAVITA,20110915,322.65,322.65,316,317.5,15369
GREAVESCOT,20110915,89.1,91.2,89.1,90.05,23078
GREENPLY,20110915,193.5,200,193.5,196.1,2766
GREENPOWER,20110915,14.15,15.3,14.05,15.05,825754
GRINDWELL,20110915,228,228.9,226,227.85,847
GRUH,20110915,484.45,484.45,479.5,480.35,4976
GSFC,20110915,425,433.15,420.15,422.4,164901
GSKCONS,20110915,2350.8,2400,2330.15,2377.6,18580
GSLNOVA,20110915,2.9,2.9,2.55,2.85,2300
GSPL,20110915,108,110.2,106.7,107.15,1081155
GSS,20110915,145.9,145.9,139,140.05,2333
GTL,20110915,61.45,65.4,58.85,63.15,10785231
GTLINFRA,20110915,13.05,13.55,12.9,13.1,2617577
GTNTEX,20110915,12.3,12.75,12.3,12.75,2158
GTOFFSHORE,20110915,140.1,142.7,139.5,141.85,42073
GUFICBIO,20110915,6.75,7,6.7,6.8,371
GUJALKALI,20110915,142.1,143.5,142,142.55,9554
GUJAPOLLO,20110915,134.85,134.85,128.15,129.95,988
GUJFLUORO,20110915,480,538.9,480,530.35,56864
GUJNRECOKE,20110915,27.5,27.6,26.4,26.6,2418721
GUJNREDVR,20110915,17.65,17.9,17.15,17.2,149350
GUJRATGAS,20110915,441.2,443.8,438,441.45,6061
GUJSIDHCEM,20110915,9.1,9.1,8.65,8.75,41265
GULFOILCOR,20110915,78.75,79.4,77.25,78.85,28320
GVKPIL,20110915,17,17.3,16.75,17,5644449
HALONIX,20110915,64.4,68.75,63,66.95,12466
HANUNG,20110915,119.3,119.7,115.05,116.85,239648
HARITASEAT,20110915,81.65,81.65,70,71.05,6177
HARRMALAYA,20110915,63.7,64.9,63.15,63.55,6860
HATHWAY,20110915,82.3,82.3,80,80.3,10680
HAVELLS,20110915,347,363,344,362.05,210205
HBLPOWER,20110915,17.3,17.65,17.25,17.55,30183
HBSTOCK,20110915,13,14.1,13,13.25,1256
HCC,20110915,30,30.8,29.45,30.5,2042711
HCIL,20110915,49.1,51,49.1,50.3,8605
HCL-INSYS,20110915,66,66,64,64.2,121534
HCLTECH,20110915,403.85,404.1,390.1,403.15,1069029
HDFC,20110915,652.9,663.7,636.2,654.8,2213681
HDFCBANK,20110915,485.9,488.05,471.6,484.65,2184190
HDFCMFGETF,20110915,2771,2771,2751.55,2757.3,3597
HDIL,20110915,102,104.8,101.5,104.05,7138335
HEG,20110915,220.05,222.4,220.05,221.75,57447
HEIDELBERG,20110915,37.15,37.5,36.55,37,75921
HELIOSMATH,20110915,25.4,25.95,25.25,25.3,9223
HERCULES,20110915,264,264.6,254.4,257.55,94684
HERITGFOOD,20110915,175.15,199,175,181.6,9799
HEROMOTOCO,20110915,2195,2213.6,2184.05,2202.35,441841
HEXAWARE,20110915,78.4,78.4,75.2,76.45,1531731
HFCL,20110915,12.5,12.65,12.3,12.4,281066
HGSL,20110915,327,329.9,319,321.35,7377
HIKAL,20110915,278.5,278.5,274,276.05,871
HILTON,20110915,14.55,14.85,14.55,14.8,1033
HIMATSEIDE,20110915,32.4,32.95,32.15,32.55,37948
HINDALCO,20110915,146.15,147,142.5,144.25,7493869
HINDCOMPOS,20110915,486.1,495,485,495,10175
HINDCOPPER,20110915,227.6,231,226.55,228.65,42812
HINDDORROL,20110915,43,44,42,42.3,45916
HINDMOTORS,20110915,14.1,15.3,14.1,14.45,335389
HINDNATGLS,20110915,206.9,212,200,209.8,73017
HINDOILEXP,20110915,128.7,128.7,124.5,126.2,692315
HINDPETRO,20110915,367.5,378.8,367.5,377.75,546551
HINDUJAFO,20110915,73.5,73.95,70.05,72,3939
HINDUJAVEN,20110915,305,314.5,302.25,310.45,1233
HINDUNILVR,20110915,354.5,354.8,346.1,349.25,3540391
HINDZINC,20110915,133,135.2,132.3,132.85,370008
HIRECT,20110915,45.5,45.85,44.55,44.7,982
HITACHIHOM,20110915,170.8,174.85,166.1,169.45,50894
HITECHGEAR,20110915,125,129.5,125,127.95,210
HITECHPLAS,20110915,76.35,78.4,76.35,77.1,390
HMT,20110915,43.8,46.95,43.4,45.55,260667
HMVL,20110915,142.5,144.5,141.1,142.4,2798
HNGSNGBEES,20110915,1239.99,1240,1205,1239.99,4303
HOCL,20110915,24.35,27.5,24.25,25.75,81766
HONAUT,20110915,2541.2,2575,2520,2546.65,472
HONDAPOWER,20110915,398.95,403.95,390,399.55,6250
HOPFL,20110915,59.9,62.5,58.05,61.35,4234
HORIZONINF,20110915,315,317.25,308,314.8,1450
HOTELEELA,20110915,37.4,38.25,36.7,37.2,206880
HOTELRUGBY,20110915,8.5,8.5,8.35,8.35,4845
HOVS,20110915,55.2,55.2,53.7,54.8,11941
HSIL,20110915,195.2,199,195.2,198.1,178920
HTMEDIA,20110915,143.75,143.75,135.1,137.05,99518
HYDRBADIND,20110915,322.2,324.45,320.05,322.65,504
HYDROS&S,20110915,21,21,19.4,19.8,2993
IBPOW,20110915,14.6,14.8,14.5,14.7,74923
IBREALEST,20110915,78.5,82.2,78.1,81.65,3958854
IBSEC,20110915,9.15,9.3,9.05,9.25,310751
IBWSL,20110915,3.2,3.35,3.05,3.2,1640254
ICICIBANK,20110915,875,882.4,850.9,876.2,2868609
ICRA,20110915,930.5,943.7,925,932.95,4782
ICSA,20110915,73.15,74.9,73.15,74.25,32501
IDBI,20110915,106.25,109.45,105.7,109.05,1922016
IDEA,20110915,98,98.9,95.6,97.3,5908581
IDFC,20110915,111.4,112.8,109.25,112.35,5899398
IFBIND,20110915,117.5,119.9,116.1,117.25,23180
IFCI,20110915,35.15,35.55,34.65,35.3,14002433
IFGLREFRAC,20110915,33,34.7,33,34.05,1623
IGARASHI,20110915,49.85,49.85,46,47,1856
IGL,20110915,429.05,433,420,424,299199
IGPL,20110915,24.25,24.3,23.45,23.8,697
IL&FSENGG,20110915,99,102.5,98,99.6,21559
IL&FSTRANS,20110915,200.95,205.9,198.15,204.65,92883
IMFA,20110915,337.5,338.7,322,328.45,2134
IMPAL,20110915,641,641,621,631.7,462
IMPEXFERRO,20110915,7.75,7.75,7.75,7.75,15
INDBANK,20110915,8.45,8.5,8.1,8.35,16948
INDHOTEL,20110915,71.45,72.25,71,72,240735
INDIABULLS,20110915,145.8,152.2,144,151.25,415286
INDIACEM,20110915,72.8,73.9,71.6,73.3,660589
INDIAGLYCO,20110915,135,135.45,133.15,134.15,19497
INDIAINFO,20110915,71.95,75.4,71.95,74.05,198788
INDIANB,20110915,204.05,209.9,204.05,209,81846
INDIANCARD,20110915,96,96,92.3,93.2,329
INDIANHUME,20110915,128,129,125,129,252
INDLMETER,20110915,76,77,75.1,77,20
INDNIPPON,20110915,273,273.6,265.7,266.75,641
INDOCO,20110915,400,405,400,400,71
INDORAMA,20110915,35.95,42.5,35.7,36.8,104064
INDOSOLAR,20110915,10.95,11,9.75,9.9,1490721
INDOTECH,20110915,121.9,121.9,119.3,119.85,2960
INDOWIND,20110915,14.5,15.3,13.5,13.6,2260212
INDRAMEDCO,20110915,35.35,35.35,34.25,34.25,4861
INDSWFTLAB,20110915,90,90,85.8,86.5,25841
INDSWFTLTD,20110915,34.75,34.95,33.1,33.45,48194
INDTERRAIN,20110915,110,119.5,108.6,108.6,1039
INDUSFILA,20110915,16.1,16.1,12.8,14,60673
INDUSINDBK,20110915,262.55,265,257.05,264.35,218525
INEABS,20110915,547,559,542.25,548.1,1430
INFINITE,20110915,94.3,96.95,89.2,90.75,26347
INFODRIVE,20110915,10.3,10.35,9.7,10.05,2280
INFOMEDIA,20110915,13.6,13.6,12.4,12.55,11366
INFOTECENT,20110915,124,124,122.5,123,1477
INFRABEES,20110915,275.7,275.75,273,274.43,35
INFY,20110915,2378,2428.5,2330,2409.9,1712932
INGERRAND,20110915,505,505,490,491,6867
INGVYSYABK,20110915,289.8,291,286.05,287.8,83833
INNOIND,20110915,95,95,82,87.1,7126
INOXLEISUR,20110915,46,47.4,45.55,46.35,21702
INSECTICID,20110915,383.7,392.4,367.25,370.8,118828
INVENTURE,20110915,152.4,152.4,145.35,148.4,80045
IOB,20110915,101.5,103,101.05,102.15,973068
IOC,20110915,321.5,321.5,312.8,316.6,468510
IOLCP,20110915,31.1,31.9,30.3,30.3,276
IOLN,20110915,7,7.35,6.95,7.35,604
IPCALAB,20110915,300,301.95,274.05,280.45,323916
IPGETF,20110915,2800,2800,2768.6,2772.6,445
IPRINGLTD,20110915,73.4,73.4,68.1,69.5,220
IRB,20110915,168.75,169.65,165.55,166.95,938069
ISFT,20110915,54.8,56.5,54.8,56.05,212
ISMTLTD,20110915,37.5,38.65,37.4,38.45,22526
ITC,20110915,201.85,201.85,196.05,199.4,5202587
ITDCEM,20110915,146.55,149.9,146.55,149.9,461
ITI,20110915,24.7,25.25,24.25,24.75,109171
IVC,20110915,30,30.2,29.35,29.65,32288
IVP,20110915,48.8,48.8,46,46.15,68
IVRCLAH,20110915,31.5,32.35,31.15,31.8,25032
IVRCLINFRA,20110915,43,43.35,42.1,42.7,4341330
J&KBANK,20110915,813,824.85,807,810.7,11344
JAGRAN,20110915,106.25,106.75,105.1,106,33809
JAGSNPHARM,20110915,13.75,14,13.75,14,800
JAIBALAJI,20110915,130,130,125,126.85,6139
JAICORPLTD,20110915,83.8,98.1,83.4,96,2065544
JAINSTUDIO,20110915,9.05,9.55,8.5,9.5,4290
JAMNAAUTO,20110915,120.05,120.05,120.05,120.05,200
JAYAGROGN,20110915,87.15,89.85,87,88.05,17792
JAYBARMARU,20110915,63,64.2,60.4,63.5,3385
JAYNECOIND,20110915,19.9,20.35,18.55,19.2,37781
JAYSREETEA,20110915,139.95,140,137.8,138.85,4959
JBCHEPHARM,20110915,83,84,81,81.25,173870
JBFIND,20110915,142,142.85,137.5,139.75,55739
JBMA,20110915,66.55,66.55,57.5,60.05,539
JCTEL,20110915,1.3,1.4,1.2,1.25,388974
JENSONICOL,20110915,3.95,4.05,3.95,4.05,9737
JETAIRWAYS,20110915,273,276.7,270.1,273.7,780309
JHS,20110915,34.85,39.4,34.85,38.75,298130
JIKIND,20110915,6.15,6.25,6.05,6.2,3471
JINDALPHOT,20110915,154,157.3,153.9,155.2,23129
JINDALPOLY,20110915,210,213.4,209,210.75,169973
JINDALSAW,20110915,122.7,123.9,116.9,120.35,253379
JINDALSTEL,20110915,548.8,559.9,543.5,550.35,2090387
JINDALSWHL,20110915,660,665,645.35,651.35,30588
JINDCOT,20110915,91.2,91.9,90.2,91.05,53877
JINDRILL,20110915,369,369,352.1,355.3,2395
JINDWORLD,20110915,135.75,136,131.15,132.45,6702
JISLJALEQS,20110915,173.35,174.8,170,170.45,732811
JKCEMENT,20110915,116.3,118,114.35,115.55,4652
JKIL,20110915,112,115,112,114.45,5116
JKLAKSHMI,20110915,42.5,42.5,41.25,41.5,28971
JKPAPER,20110915,48,48,42.35,42.65,67667
JKTYRE,20110915,80.3,81,79.25,79.75,38914
JMCPROJECT,20110915,137,150,135.1,142.6,115967
JMFINANCIL,20110915,18.1,18.3,18,18.15,127282
JOCIL,20110915,288,292.65,288,291.55,1849
JPASSOCIAT,20110915,69.4,70.25,68.05,69.8,21148863
JPINFRATEC,20110915,49,49,46.3,46.9,1226681
JPPOWER,20110915,33.9,34.35,33.6,33.85,258776
JSL,20110915,101.5,105.8,101.15,104.45,23577
JSWENERGY,20110915,57.3,60,57.3,59.65,1307802
JSWISPAT,20110915,15.1,15.4,14.9,15.3,2082632
JSWSTEEL,20110915,691.75,700.9,671.3,679.4,1980812
JUBILANT,20110915,215.45,218.95,214.45,216.1,160511
JUBLFOOD,20110915,890,926.4,889.95,923.15,1477532
JUBLINDS,20110915,190.9,192,184,188.7,27597
JUMBO,20110915,18,18.4,18,18.2,102
JUNIORBEES,20110915,101,101.7,100,101.19,35669
JUPITER,20110915,17.4,17.4,17.2,17.3,140285
JVLAGRO,20110915,16.3,16.4,14.6,15.45,36215
JYOTHYLAB,20110915,172,172.75,169.5,171.35,25469
JYOTISTRUC,20110915,69.7,73.4,68.55,70,316142
KABRAEXTRU,20110915,41.9,41.9,40.7,41.35,230
KAJARIACER,20110915,108,109.75,107.15,108.6,71599
KAKATCEM,20110915,74,74.3,73,73.3,1265
KALECONSUL,20110915,72,74.2,70.4,72.05,6574
KALINDEE,20110915,116.2,117.7,114.55,116.65,74658
KALPATPOWR,20110915,112.8,114.45,110,110.7,77382
KAMATHOTEL,20110915,98.5,98.7,93.5,94.65,21843
KANDAGIRI,20110915,72,72,72,72,30
KANORICHEM,20110915,33.25,33.55,32.55,33,10144
KANSAINER,20110915,830,832,822,830,273
KARMAENG,20110915,11.6,12.35,11.6,12.35,349
KARURKCP,20110915,31.95,31.95,31.95,31.95,15
KARURVYSYA,20110915,365,365,354.15,360.15,100230
KAUSHALYA,20110915,8.8,8.9,8.25,8.55,2079
KAVVERITEL,20110915,133.85,134.95,131,133,47521
KBIL,20110915,666,675,611.05,623.75,1556
KCP,20110915,26.45,26.45,25.25,25.4,26447
KCPSUGIND,20110915,15.4,15.6,15.25,15.4,10881
KEC,20110915,59.5,60.9,58.1,58.25,82193
KECL,20110915,34.7,35.85,34.5,35,3002
KEI,20110915,17.4,17.4,16.8,16.9,28840
KEMROCK,20110915,516,529,512,513.5,3168
KERNEX,20110915,97.5,98.6,96,98.05,41301
KESARENT,20110915,51.35,51.85,49.3,49.4,579
KESORAMIND,20110915,131,132.95,127.05,128.2,23489
KFA,20110915,25.1,26.5,24.8,25.2,3838136
KGL,20110915,9.4,9.45,9.05,9.1,556109
KHAITANELE,20110915,94.5,95.9,94,94.8,751
KHANDSE,20110915,14.75,14.75,14.75,14.75,200
KICL,20110915,495.95,517.2,472.1,474.2,403
KIL,20110915,13.55,14,13.4,13.95,1616
KILITCH,20110915,77,81,75.5,75.55,2646
KINETICMOT,20110915,17.3,17.35,16.55,17,11223
KIRIINDUS,20110915,142,144.15,140.35,140.9,12649
KIRLOSBROS,20110915,159.95,160,154.05,159,1530
KIRLOSENG,20110915,125.05,126.45,125,125.05,959
KIRLOSIND,20110915,283.15,289.9,283.15,286,97
KITPLYIND,20110915,4,4.1,3.65,3.9,5368
KKCL,20110915,842,847.25,838.5,842.85,200
KLGSYSTEL,20110915,35.9,39,35,37.9,24305
KLRF,20110915,25.5,27.4,25,25.05,1030
KMSUGAR,20110915,3.15,3.15,2.8,2.95,1801
KNRCON,20110915,108,108.9,102.95,107.15,4422
KOHINOOR,20110915,43,44.2,42.6,43.1,103912
KOLTEPATIL,20110915,40.2,40.2,38.65,38.95,20167
KOPDRUGS,20110915,5.8,5.8,5.8,5.8,537
KOPRAN,20110915,23.25,24.45,23.2,23.6,16125
KOTAKBANK,20110915,466.5,482.3,466.5,480,1840142
KOTAKGOLD,20110915,2730.1,2734.95,2700.25,2711.05,55547
KOTAKNIFTY,20110915,511,513,504,512.39,1469
KOTAKPSUBK,20110915,340,340,333,339.76,426
KOTARISUG,20110915,6.1,6.35,6.1,6.35,2326
KOTHARIPET,20110915,7.15,7.7,7.15,7.7,33532
KOTHARIPRO,20110915,532,543,532,539.15,1222
KOUTONS,20110915,21.3,21.3,20.6,20.95,44706
KPIT,20110915,147.5,149.45,143.85,144.7,54818
KPRMILL,20110915,97.15,100,97.15,99.1,2168
KRBL,20110915,28,28,27.1,27.5,477426
KRISHNAENG,20110915,3.9,4.3,3.65,4,3270
KSBPUMPS,20110915,219.15,222,217,220.1,3209
KSCL,20110915,480,480,467,471.95,6126
KSE,20110915,210.3,214,210.3,214,10
KSK,20110915,101.3,101.3,100,100.25,51163
KSL,20110915,56.4,59,56.15,58.05,79084
KSOILS,20110915,12.7,12.9,12.15,12.35,10936547
KTIL,20110915,74.95,74.95,72,73,760
KTKBANK,20110915,94.5,95,93.1,94.7,533268
KWALITY,20110915,167.05,168.1,166.4,166.5,421024
L&TFH,20110915,50.6,51.1,50.1,50.25,956407
LAKPRE,20110915,42.2,46,42.2,45.55,104
LAKSHMIEFL,20110915,26.25,26.5,25.9,26.2,39219
LAKSHMIMIL,20110915,1729.95,1729.95,1703.05,1709.95,8
LAKSHVILAS,20110915,103.05,103.95,101.6,102.45,23307
LANCOIN,20110915,35,35.3,33.9,34.55,5146
LAOPALA,20110915,111.25,119.75,110.5,117.7,118530
LAXMIMACH,20110915,1968.4,1975,1950,1966.35,2745
LCCINFOTEC,20110915,0.6,0.6,0.5,0.55,15554
LGBBROSLTD,20110915,283.05,292.85,283.05,288,941
LGBFORGE,20110915,3,3,2.65,2.65,24181
LIBERTSHOE,20110915,85.05,86,84.25,84.85,13045
LICHSGFIN,20110915,205,209,205,208.25,2094420
LIQUIDBEES,20110915,1000.01,1000.01,999.99,999.99,105611
LITL,20110915,17.5,17.7,17.2,17.45,7075383
LLOYDELENG,20110915,52.4,53,52.15,52.25,6867
LLOYDFIN,20110915,1.1,1.15,1,1,5860
LLOYDSTEEL,20110915,14.5,14.65,14.25,14.5,105656
LML,20110915,9.65,9.65,9.35,9.45,65427
LOGIXMICRO,20110915,13.75,14.4,13.6,13.9,802
LOKESHMACH,20110915,40,43.85,40,43.4,13390
LOTUSEYE,20110915,9.8,9.8,9.25,9.6,7302
LOVABLE,20110915,525,546.5,515,527.6,1406675
LPDC,20110915,2.75,2.85,2.65,2.7,4410
LT,20110915,1620.9,1620.9,1575.15,1590.65,2050439
LUMAXAUTO,20110915,29.5,29.7,28.65,29.7,397
LUMAXIND,20110915,380,380,365.25,370,12378
LUMAXTECH,20110915,172,172.9,167.2,168,3111
LUPIN,20110915,476.35,484.7,472.75,476.3,533282
LYKALABS,20110915,15.7,15.7,14.85,15,25376
M&M,20110915,800,811,793.05,805.4,2467011
M&MFIN,20110915,647,647,627.15,631.6,58155
M100,20110915,7.35,7.4,7.21,7.29,44733
M50,20110915,67,67.78,66.55,67.1,111905
MAANALU,20110915,53.85,54,50,53.1,10
MADHAV,20110915,19.45,19.5,18.3,19.35,974
MADHUCON,20110915,73,77,71.5,74.7,8267
MADRASCEM,20110915,103.55,105.5,101.25,101.9,123155
MADRASFERT,20110915,23.5,24.05,23.2,23.3,64050
MAGMA,20110915,72.8,72.9,71.8,72.5,106971
MAGNUM,20110915,5.35,5.35,4.8,4.95,3083
MAHABANK,20110915,49.7,50.2,49.15,49.95,82600
MAHINDFORG,20110915,64.25,67.45,64,65.35,12160
MAHINDUGIN,20110915,49,49.8,47.2,48.05,6193
MAHLIFE,20110915,302.25,303.8,294.45,295.8,3725
MAHSCOOTER,20110915,333.95,333.95,333.65,333.65,2
MAHSEAMLES,20110915,362,373.75,360.1,370.05,2475
MAITHANALL,20110915,101,101,101,101,500
MALUPAPER,20110915,12.15,12.9,12.15,12.45,1986
MALWACOTT,20110915,28.05,33,28.05,31.1,7657
MANAKSIA,20110915,60.6,60.6,60,60.05,16761
MANALIPETC,20110915,11.5,11.6,11.35,11.4,25227
MANAPPURAM,20110915,53.1,53.9,52.7,53.5,262464
MANDHANA,20110915,221,223.85,216,219.5,114908
MANGALAM,20110915,12.6,13.7,12.6,13.7,6400
MANGCHEFER,20110915,34.15,35.4,34.05,34.95,317346
MANGLMCEM,20110915,103,103.6,101.4,101.9,10015
MANGTIMBER,20110915,16.8,16.8,16.3,16.75,453
MANINDS,20110915,141.1,146,141.1,141.55,23674
MANINFRA,20110915,113,118,113,116.35,3482
MANJEERA,20110915,88,96.85,86.05,88.05,256
MANJUSHREE,20110915,90,91,88.65,90.85,2391
MANUGRAPH,20110915,47.8,47.9,47.5,47.5,8446
MARALOVER,20110915,11.45,12.4,11.4,12.2,1844
MARG,20110915,86,86.8,84.6,86,12706
MARICO,20110915,150,152.4,141,143.1,2680720
MARKSANS,20110915,2.3,2.35,2.25,2.3,112465
MARUTI,20110915,1085.2,1095.85,1060,1082.25,781399
MASTEK,20110915,93.25,96.85,92.75,93.75,49356
MAWANASUG,20110915,18.8,18.8,18.1,18.2,6877
MAX,20110915,206,211.4,204.55,209.3,539477
MAXWELL,20110915,25.15,26.9,25.15,26.9,81618
MBECL,20110915,128.85,131.65,126,128.7,14194
MBLINFRA,20110915,128.7,135,128,132.25,8276
MCDHOLDING,20110915,62.5,63.4,61.3,61.85,1694
MCDOWELL-N,20110915,879.5,890,873,883.5,124509
MCLEODRUSS,20110915,251,254.4,248.1,250.4,51811
MEGASOFT,20110915,17.4,17.4,16.8,16.9,890
MEGH,20110915,9.65,9.75,9.3,9.3,77860
MELSTAR,20110915,7.7,8.2,7.65,7.7,420
MERCK,20110915,654,656.2,645,649.05,3254
MHRIL,20110915,316,337.8,316,334.8,88259
MIC,20110915,12.1,12.3,11.95,12.1,134413
MICROSEC,20110915,29.45,30.8,29.45,30.2,6044
MICROTECH,20110915,122.5,124.25,122.35,123.7,26250
MINDAIND,20110915,190,190,181,183.75,339
MINDTREE,20110915,350,351.75,348.2,350.7,9173
MIRCELECTR,20110915,18,18.2,17.75,18.05,17339
MIRZAINT,20110915,17.2,17.7,17.2,17.45,30225
MLL,20110915,27.3,27.3,26.3,26.6,1116817
MMFL,20110915,104,111.95,103.1,105.3,95688
MMFSL,20110915,114.95,114.95,109.1,109.9,10171
MMTC,20110915,699,710,699,701.35,4596
MOIL,20110915,290,299.9,290,295.5,81674
MONNETISPA,20110915,492.55,499.5,490,490.3,13110
MONSANTO,20110915,1804,1804.95,1795.05,1797.2,1534
MORARJETEX,20110915,14.5,14.65,14.3,14.55,3101
MOREPENLAB,20110915,4,4.1,3.95,4.05,93333
MOSERBAER,20110915,23,23.5,22.8,23.2,790982
MOTHERSUMI,20110915,197.3,201.5,196.1,197.95,103310
MOTILALOFS,20110915,81.45,83.3,81.45,82.35,4451
MOTOGENFIN,20110915,40.1,40.1,39.1,39.75,841
MPHASIS,20110915,344,347.4,341.1,343,245735
MPSLTD,20110915,35.1,35.5,35,35.4,450
MRF,20110915,6949.85,7065,6915,7030.2,13869
MRO-TEK,20110915,11,11.45,10.5,10.75,8396
MRPL,20110915,68,69.25,67.55,68.4,449835
MSPL,20110915,47.95,47.95,45.05,45.5,4204
MTNL,20110915,35.1,35.6,34.8,35.1,470178
MUDRA,20110915,24.8,25,24.5,24.9,4995
MUKANDENGG,20110915,27.9,27.9,27.4,27.5,210
MUKANDLTD,20110915,35.4,35.4,34.5,34.9,4687
MUKTAARTS,20110915,39.6,39.6,39.6,39.6,2
MUNDRAPORT,20110915,150,151.7,148.25,149.35,535073
MUNJALAU,20110915,163.6,165.9,163.1,165.2,5265
MUNJALSHOW,20110915,62.1,65.45,62.1,63.25,17188
MURLIIND,20110915,23.95,24.9,23.95,24.15,6308
MURUDCERA,20110915,16.8,17.25,16.8,16.9,528
MUTHOOTFIN,20110915,173.9,176,171.9,173.4,91505
MVL,20110915,25.2,25.35,24.35,24.8,645850
MVLIND,20110915,12.15,13.95,12.05,13.7,850
MYSOREBANK,20110915,599.45,617.85,595,600.8,3765
N100,20110915,100,103,98.5,102.9,898
NAGREEKCAP,20110915,25,25,25,25,100
NAGREEKEXP,20110915,24.95,24.95,23.15,24.45,597
NAHARCAP,20110915,56.45,56.45,51.85,53,3119
NAHARINDUS,20110915,46,46,45.15,45.25,2187
NAHARPOLY,20110915,23.65,23.7,22.8,22.8,1140
NAHARSPING,20110915,69.8,69.8,65.1,66.25,6147
NANDAN,20110915,2.6,2.65,2.5,2.55,147101
NATCOPHARM,20110915,244,245,230.15,237.15,19224
NATIONALUM,20110915,64.55,66.15,64.55,65.6,264475
NATNLSTEEL,20110915,15.85,16.5,15.7,16.05,17891
NAUKRI,20110915,700,700,683.1,684,617
NAVINFLUOR,20110915,360.5,367,359.1,361.2,9159
NAVNETPUBL,20110915,66.2,68.8,66.2,67.1,428672
NBVENTURES,20110915,188,189.9,184.25,184.85,15355
NCC,20110915,65.25,66.8,64.8,66.45,552981
NCLIND,20110915,36.5,36.95,36,36.8,9230
NDTV,20110915,48.75,49.8,48.75,49,12601
NECLIFE,20110915,21.45,21.45,20.2,20.35,50514
NEHAINT,20110915,119.6,120,112.1,114.45,7560
NELCAST,20110915,22,22,21,21.45,19371
NELCO,20110915,56.35,57.5,56,56.2,12271
NEOCURE,20110915,3,3.05,2.85,3,5367
NEPCMICON,20110915,4,4,3.85,3.9,23756
NESCO,20110915,597.65,611,582.25,597,48852
NESTLEIND,20110915,4340,4348.8,4232.25,4258.25,9747
NET4,20110915,147.5,148,143,145.8,22488
NETWORK18,20110915,94.15,95,93.1,94.7,34536
NEULANDLAB,20110915,92.95,96.95,89.2,89.3,91
NEXTMEDIA,20110915,5,5,4.75,4.85,23584
NEYVELILIG,20110915,86.2,86.55,85.5,85.85,44962
NFL,20110915,77.55,78.2,76.5,77,63939
NHPC,20110915,24.6,24.75,24.25,24.4,1440932
NICCO,20110915,2.7,2.95,2.7,2.85,7599
NIFTYBEES,20110915,510,514.9,503.5,512.94,161269
NIITLTD,20110915,46.4,46.75,45.75,46.1,91976
NIITTECH,20110915,209.9,217.8,208.25,214.1,133386
NILKAMAL,20110915,270.95,271,260,267.6,1441
NIPPOBATRY,20110915,395,397,395,397,110
NISSAN,20110915,2.35,2.4,2.25,2.3,46913
NITCO,20110915,50.25,51.65,46.6,49.9,11694
NITESHEST,20110915,18.7,19,18.3,18.6,38557
NITINFIRE,20110915,143.15,143.7,140,140.9,169331
NITINSPIN,20110915,7.15,7.3,7,7.15,10687
NMDC,20110915,235,237.05,232,233.75,95121
NOCIL,20110915,16,16.15,15.5,15.9,77811
NOIDATOLL,20110915,21.15,23.5,21.15,23.35,66756
NOL,20110915,37.6,43.65,37.6,38.25,102
NORBTEAEXP,20110915,5.9,5.9,5.45,5.6,537
NORTHGATE,20110915,12.9,13.05,12,12.2,104138
NOVOPANIND,20110915,38.7,42,38.6,41.25,2249
NRBBEARING,20110915,45,45,44.05,44.4,1531
NRC,20110915,4.2,4.35,4.2,4.35,1948
NSIL,20110915,641,657,633.1,642.05,96
NTPC,20110915,165.8,165.8,162.1,164.55,1350152
NUCHEM,20110915,3.35,3.55,3.15,3.45,26840
NUCLEUS,20110915,69,70.95,68.1,68.65,8051
NUMERICPW,20110915,197,197.75,193.35,194,3511
NUTEK,20110915,3.05,3.1,3,3.05,863788
OBEROIRLTY,20110915,220,222.95,215.5,217.95,223454
OCL,20110915,100.3,103.8,100.3,102.55,9581
OFSS,20110915,1869.9,1884,1828.1,1875.35,14873
OIL,20110915,1317,1317,1285,1308.65,32560
OILCOUNTUB,20110915,66.5,69.4,65.05,68.25,9393
OISL,20110915,52.25,52.25,51,52.05,4400
OMAXAUTO,20110915,39,40.2,39,39.6,4428
OMAXE,20110915,138.5,140.9,138,140.3,162173
OMKARCHEM,20110915,69.5,70.95,69.05,69.4,3043
OMMETALS,20110915,27,28.25,26.8,27,1702
OMNITECH,20110915,145.2,148,142.5,145.25,52248
ONGC,20110915,262.5,262.5,257.65,260.6,4646845
ONMOBILE,20110915,63.5,63.85,62.5,63.3,534912
OPTOCIRCUI,20110915,240,242,237.05,238.6,960463
ORBITCORP,20110915,35.7,36.75,35.55,36.45,223876
ORCHIDCHEM,20110915,201.5,204.5,196.5,200.05,1867381
ORIENTABRA,20110915,34.15,34.25,33.8,34,8878
ORIENTALTL,20110915,8.55,9,8.25,8.7,2649
ORIENTBANK,20110915,297.95,302,292,299.25,383177
ORIENTCERA,20110915,50,51.5,48.45,49,555
ORIENTHOT,20110915,27.5,27.5,26.65,27,5527
ORIENTLTD,20110915,77.2,77.2,72.75,74.85,375
ORIENTPPR,20110915,60.05,62.1,59.55,61.6,36098
ORISSAMINE,20110915,46000,47149.95,45330,46605.65,1132
OSWALMIN,20110915,31.2,31.2,30,31.2,148
OUDHSUG,20110915,23.4,23.85,22.55,23.4,4877
PAEL,20110915,22.6,23.45,22.1,23.1,1540
PAGEIND,20110915,2685.5,2691,2650,2684.3,2035
PANACEABIO,20110915,140.9,140.9,135,136.25,4881
PANASONIC,20110915,117,117,112,114.65,1737
PANCARBON,20110915,131,138,131,138,200
PANORAMUNI,20110915,11.75,12.05,11.75,12.05,1619
PANTALOONR,20110915,259.8,264.8,255.5,262.5,1105296
PAPERPROD,20110915,77.35,80.8,77,78.35,62381
PARABDRUGS,20110915,30.15,31.15,30.1,30.95,13696
PARACABLES,20110915,3.65,3.65,3.35,3.5,18414
PARAL,20110915,256,268,255.2,260.8,27348
PARAPRINT,20110915,24.85,24.85,23,24.1,194741
PARASPETRO,20110915,0.5,0.55,0.45,0.5,28595
PARRYSUGAR,20110915,92.55,95,92.55,95,126
PARSVNATH,20110915,61,62.25,60.2,62.05,911930
PATELENG,20110915,105.6,108.3,104.7,107.7,358346
PATINTLOG,20110915,32.5,34.5,32.05,34.2,120720
PATNI,20110915,283.95,297,279.15,295.25,321195
PATSPINLTD,20110915,12.4,13.95,11.55,13.35,12775
PBAINFRA,20110915,45.15,47,45.15,45.9,2930
PDPL,20110915,128.7,128.7,115.25,116.4,2976
PDUMJEIND,20110915,17.3,17.4,17,17.1,173
PDUMJEPULP,20110915,19.3,19.3,18.25,18.65,314
PEACOCKIND,20110915,3.1,3.15,2.8,3,1023
PEARLPOLY,20110915,20,21.65,20,21.55,2761
PENIND,20110915,40.2,40.2,38.5,38.95,20707
PENINLAND,20110915,44.05,45.5,44.05,45.1,10664
PERIATEA,20110915,141,141,139,139,18
PERSISTENT,20110915,304.75,306.95,300.45,303.9,4248
PETRONENGG,20110915,311,329.65,311,316.4,766
PETRONET,20110915,178,180.4,177.25,178.55,1738733
PFC,20110915,145,156.95,145,156,4541219
PFIZER,20110915,1382,1399.95,1373,1377.55,840
PFOCUS,20110915,58.25,59.45,57.5,57.95,251693
PFS,20110915,16.5,16.6,16.35,16.5,41081
PGHH,20110915,1936.1,1980,1932,1935.5,752
PHILIPCARB,20110915,140.25,148,140.25,141.35,60655
PHOENIXLTD,20110915,218,218,211.05,213.8,23003
PIDILITIND,20110915,165.9,167,165,166.05,38518
PIIND,20110915,599.9,599.9,585.05,589.15,814
PIONDIST,20110915,48,50,47,50,35
PIONEEREMB,20110915,12.05,12.05,11.8,11.8,2350
PIPAVAVYD,20110915,87.75,89.75,84.4,85.9,8840982
PIRGLASS,20110915,132.4,136.7,132.4,132.9,5033
PIRHEALTH,20110915,361.95,381.4,353,367.35,363844
PIRLIFE,20110915,86.55,95.25,86.25,90.65,69683
PITTILAM,20110915,42.15,42.65,41.85,41.95,7246
PLASTIBLEN,20110915,179.05,180,179.05,179.95,29
PLETHICO,20110915,371,373,369.1,371.3,56611
PNB,20110915,965,974.9,950,971,262272
PNBGILTS,20110915,24.05,24.5,24,24.15,8827
PNC,20110915,13.3,13.9,13.3,13.65,850
POCHIRAJU,20110915,14.7,14.7,14,14.15,7025
POLARIND,20110915,3.9,4.35,3.9,4.15,19492
POLARIS,20110915,135,136.9,130.45,136,757165
POLYPLEX,20110915,195.2,195.2,192.05,193.7,20132
PONDYOXIDE,20110915,31,31.5,30.5,31.3,4057
PONNIERODE,20110915,81,82,80.05,80.9,1061
POWERGRID,20110915,95.2,96.4,93.9,96,4659456
PPAP,20110915,91.45,91.5,87.6,87.9,2730
PRADIP,20110915,55,61.2,53.55,59.1,18570
PRAENG,20110915,7.7,7.8,7.6,7.7,12617
PRAJIND,20110915,71.75,72.5,70.75,71.45,516393
PRAKASH,20110915,51.7,52.15,51.05,51.4,107097
PRAKASHSTL,20110915,125,125,123.5,124.4,2162
PRATIBHA,20110915,48.1,49.3,48.1,48.5,23368
PRECOT,20110915,115.1,115.1,113.05,115,498
PRECWIRE,20110915,92.4,95,92.4,93.5,258
PREMIER,20110915,84.25,87.85,84,85.35,8106
PRESTIGE,20110915,90.7,91,85.05,86.3,192753
PRETAILDVR,20110915,179.9,184.05,176,182.1,5950
PRICOL,20110915,16.3,16.7,15.9,16.2,17826
PRIMESECU,20110915,16.55,17,16.5,16.55,623
PRISMCEM,20110915,43.2,43.5,42.1,43.05,28664
PRITHVI,20110915,22.4,23.3,21.8,22.35,2800
PROVOGUE,20110915,31.25,31.7,30.8,31.35,188721
PSB,20110915,70.9,71.9,69.55,70.55,207322
PSL,20110915,64.2,64.4,62.8,63.1,46202
PSUBNKBEES,20110915,325.5,331.3,320,329.61,308
PTC,20110915,71.05,71.45,70,70.5,663862
PTL,20110915,31.8,34,31.05,33.9,42845
PUNJABCHEM,20110915,72.1,73,69.8,70.7,5058
PUNJLLOYD,20110915,60.9,61.4,59.2,60.75,3535716
PURVA,20110915,67,69.75,66.8,68.45,4469
PVP,20110915,5.8,6.05,5.65,5.95,30401
PVR,20110915,122.95,122.95,118.05,120,10204
QGOLDHALF,20110915,1357.15,1357.15,1345.25,1348,772
QNIFTY,20110915,511.7,511.7,509.3,509.3,50
QUINTEGRA,20110915,3,3.3,3,3.15,5449
RADAAN,20110915,2.35,2.35,2.25,2.3,5365
RADICO,20110915,122,122.15,119.75,120.7,329969
RAINBOWPAP,20110915,59.5,61.25,59.3,60.7,82144
RAINCOM,20110915,28.6,28.7,28.3,28.5,89485
RAJESHEXPO,20110915,116,117.45,112.2,114.35,397825
RAJOIL,20110915,21.4,21.4,21.05,21.15,10979
RAJPALAYAM,20110915,200,210,200,208.9,749
RAJRAYON,20110915,10.55,10.55,10.2,10.4,1158
RAJSREESUG,20110915,38,40.5,36.3,37.8,15828
RAJTV,20110915,58.55,58.95,57.15,58.15,10044
RAJVIR,20110915,124,124,111,117,5525
RALLIS,20110915,168.8,170.95,166.4,166.95,105869
RAMANEWS,20110915,11.6,11.9,11.6,11.8,14911
RAMCOIND,20110915,40.5,42.05,40.5,41.85,8711
RAMCOSYS,20110915,64.3,65.2,63.7,65,2465
RAMKY,20110915,225.9,225.9,220.5,222.75,3855
RAMSARUP,20110915,9.9,10.25,9.9,10.15,11428
RANASUG,20110915,4.05,4.15,4,4.05,93107
RANBAXY,20110915,482,492.45,477.5,481.95,604500
RANEENGINE,20110915,210,212.95,209,209,9
RANEHOLDIN,20110915,218.5,223.8,217.05,220.75,980
RANKLIN,20110915,16.95,16.95,15.9,16.05,10313
RATNAMANI,20110915,105.6,106.45,104.5,106.45,1327
RAYMOND,20110915,352.45,354.6,345.55,350.25,135353
RBL,20110915,112.5,114.8,112.5,114.25,5
RBN,20110915,83.9,85.9,82.9,84.8,24619
RCF,20110915,80.2,80.35,78.45,79.1,513661
RCOM,20110915,82.7,85.15,82.2,84.5,8195729
RECLTD,20110915,172,177.7,170.3,177.05,1970084
REDINGTON,20110915,94.4,94.5,92.3,93.85,19900
REFEX,20110915,14.95,15.85,14.7,15.05,9458
REIAGROLTD,20110915,26.2,26.2,25.3,25.55,74651
REISIXTEN,20110915,27.1,27.1,26.05,26.45,3700
RELAXO,20110915,365,368.95,363,363.15,48
RELBANK,20110915,890,939,890,905.99,57
RELCAPITAL,20110915,414.8,420.9,407.55,415.15,2581333
RELGOLD,20110915,2657,2665,2618,2622.4,23371
RELGRNIFTY,20110915,473.21,483.21,473.21,483.13,20
RELIANCE,20110915,833,838.6,813.55,836.3,4664709
RELIGARE,20110915,415,417.5,415,415.2,2657
RELIGAREGO,20110915,2785.5,2789.5,2765.6,2780.85,186
RELINFRA,20110915,455.3,460.45,445.1,455.9,1169340
RELMEDIA,20110915,99.5,101.2,97.1,100.3,341753
REMSONSIND,20110915,26,26,24,24,103
RENUKA,20110915,60,60.55,59.05,59.75,2866618
REPRO,20110915,145.55,154.25,145.55,149.9,26209
RESPONIND,20110915,113,115,112,112.95,8646
RESURGERE,20110915,0.35,0.35,0.25,0.35,2665415
REVATHI,20110915,365,365,349.95,357.15,181
RICOAUTO,20110915,12.5,12.9,12.1,12.2,77458
RIIL,20110915,436.7,462.3,423,457.2,525886
RJL,20110915,90.25,94.5,90.05,92.7,1902
RKDL,20110915,16.05,17.75,16.05,17.25,4980
RKFORGE,20110915,110,110,102.75,103,261
RMCL,20110915,6.6,6.6,5.45,5.5,45462
RML,20110915,125,125,119,120.85,49
ROHITFERRO,20110915,30.7,30.9,30.2,30.35,7397
ROHLTD,20110915,54.8,54.8,54.05,54.75,3813
ROLTA,20110915,100.5,100.55,98,98.85,331027
ROMAN,20110915,24.9,24.9,23,23.15,3162
RPGLIFE,20110915,80.7,84.65,78.65,79.6,10284
RPOWER,20110915,79.2,80.25,78.45,80,4123065
RPPINFRA,20110915,68.15,68.2,65,65.6,15329
RSSOFTWARE,20110915,53,56.4,53,55.3,9354
RSWM,20110915,99.75,99.75,94.1,94.85,27560
RSYSTEMS,20110915,104.6,107.15,104.25,104.25,356
RUBYMILLS,20110915,864,943.45,864,908,875
RUCHINFRA,20110915,20.65,20.85,18.35,18.6,25102
RUCHIRA,20110915,9.85,9.85,8.6,8.8,1271
RUCHISOYA,20110915,115.6,115.9,108.2,111.6,1034903
RUSHIL,20110915,155.2,179.8,155.2,177.85,3877096
SABERORGAN,20110915,120.8,123.95,120.8,121.5,8089
SABTN,20110915,62.75,69,62.75,68.35,138195
SADBHAV,20110915,133.05,137.9,133.05,136.05,2962
SAGCEM,20110915,136.75,139.95,136,137.1,19
SAHPETRO,20110915,32,33,32,32.15,881
SAIL,20110915,110.9,113.3,108.25,112,2764555
SAKHTISUG,20110915,28.5,28.5,27.9,28.05,18236
SAKSOFT,20110915,77,80,72.15,74.8,11220
SAKUMA,20110915,13.6,14.2,13.55,13.75,598
SALONACOT,20110915,16.75,16.75,15.65,15.65,247
SALORAINTL,20110915,26.5,26.5,25.05,25.3,52
SALSTEEL,20110915,5.5,5.7,5.25,5.65,24944
SAMBANDAM,20110915,80,82,80,81.7,100
SAMBHAAV,20110915,1.3,1.4,1.3,1.4,204
SANDESH,20110915,278,278,278,278,5
SANGAMIND,20110915,32.85,34.45,32.1,33.7,16070
SANGHIPOLY,20110915,1.45,1.65,1.45,1.65,4200
SANGHVIFOR,20110915,31.2,31.8,29.55,30,16524
SANGHVIMOV,20110915,122.5,127.2,121,125.65,7607
SANWARIA,20110915,23.85,24.25,23,23.45,75757
SARDAEN,20110915,145.3,148,143.5,146.5,5928
SAREGAMA,20110915,62,63.5,61.45,62.8,26112
SARLAPOLY,20110915,111,111,111,111,40
SASKEN,20110915,107,107,104.6,105.55,23761
SATHAISPAT,20110915,42.5,42.9,40.35,42.55,3870
SATYAMCOMP,20110915,67.7,68.8,67.3,68.25,4030504
SAVERA,20110915,39.7,39.7,37.5,38,151
SB&TINTL,20110915,24,25.5,24,24.6,146708
SBBJ,20110915,414,424,412.15,418.1,21519
SBIGETS,20110915,2774.8,2774.8,2751.25,2759.35,6297
SBIN,20110915,1847.8,1904.8,1830,1898.05,3791813
SBT,20110915,640,646,628.05,638.5,16604
SCI,20110915,85.3,86.2,84.8,85.85,145369
SEAMECLTD,20110915,103,103.95,102,102.05,2015
SEINVEST,20110915,9.7,9.8,9.35,9.7,66079
SELAN,20110915,305,307.95,301,304.6,24845
SELMCL,20110915,13.75,13.8,13.4,13.65,201928
SENTINEL,20110915,15,15.1,15,15.1,114
SERVALL,20110915,7.5,7.7,7.4,7.6,33721
SESAGOA,20110915,225.4,225.75,218.2,224.2,3561180
SESHAPAPER,20110915,198.45,203,198.45,203,7
SEZALGLASS,20110915,2.9,2.9,2.5,2.55,36700
SGJHL,20110915,147.65,148.8,145.6,146.8,86001
SGL,20110915,4.85,4.85,4.05,4.5,1208
SHAHALLOYS,20110915,10.15,13,10.15,11.45,7173
SHALPAINTS,20110915,543.95,554,519.3,520.1,13180
SHANTIGEAR,20110915,41.4,41.85,41.1,41.3,6318
SHARIABEES,20110915,114.7,115.1,114.7,115.1,90
SHARRESLTD,20110915,58,58,56,56,5
SHASUNPHAR,20110915,67.8,68.7,67.25,68.3,22826
SHILPAMED,20110915,213,219,210.25,214.75,6699
SHILPI,20110915,15.35,15.5,14.85,15,18900
SHIV-VANI,20110915,193.7,198.6,189.2,190.4,79598
SHIVAMAUTO,20110915,113,113,112,112,35
SHIVTEX,20110915,27.5,28.8,27.5,28.1,1368
SHLAKSHMI,20110915,91,95.45,89,94.6,156432
SHOPERSTOP,20110915,378.9,383.8,370,371.45,9261
SHPRE,20110915,5.85,6.45,5.8,6.45,16922
SHREEASHTA,20110915,6.05,6.3,6,6.05,8986596
SHREECEM,20110915,1688,1715.3,1675.05,1707.15,3973
SHREERAMA,20110915,5.1,5.1,4.8,4.95,551
SHRENUJ,20110915,54,61,53.85,60,250472
SHREYANIND,20110915,22.65,22.7,20.55,20.85,372
SHREYAS,20110915,29,29,28.25,28.75,80
SHRIRAMCIT,20110915,531,535,525,530.25,1265
SHRIRAMEPC,20110915,120,122.75,118,119,2596
SHYAMTEL,20110915,38.5,39.5,37,38.75,6130
SICAGEN,20110915,20.9,20.9,19.15,19.55,3401
SICAL,20110915,71,72.35,71,72,7672
SIEMENS,20110915,855.5,860,845,853.25,104459
SILINV,20110915,88.05,93.95,88.05,90.25,3426
SIMBHSUGAR,20110915,31.8,32.8,31.8,32.8,560
SIMPLEX,20110915,81,81,78.5,79.6,122
SIMPLEXINF,20110915,239,249.6,239,245.5,516
SINTEX,20110915,145.35,151.5,145.35,150.35,1093092
SIRPAPER,20110915,50,50.75,48,50,607
SITASHREE,20110915,9.25,9.3,8.85,9,8186
SIYSIL,20110915,331,331,303.5,310.8,4209
SJVN,20110915,22.2,22.8,22.2,22.65,191355
SKFINDIA,20110915,650.3,659.45,641.5,652.35,19962
SKMEGGPROD,20110915,8.75,8.8,7.9,8.25,1734
SKSMICRO,20110915,287,298.15,272.2,298.15,870725
SKUMARSYNF,20110915,49.5,50.55,48.7,49.15,1535950
SMARTLINK,20110915,41.5,42.45,40.7,41.5,2798
SMLISUZU,20110915,380,389,380,381.05,58
SMOBILITY,20110915,105,107,103.35,105.5,56714
SMPL,20110915,7.8,7.9,7.65,7.7,860921
SMSPHARMA,20110915,173.95,173.95,163,166.25,488
SOBHA,20110915,223,232,215.3,227.05,385723
SOFTTECHGR,20110915,5.25,5.25,4.6,5.05,676
SOLARINDS,20110915,773.75,773.75,753.05,768.35,367
SOMANYCERA,20110915,44.05,44.55,43.6,44,602
SOMATEX,20110915,6.25,6.25,6.05,6.05,365
SONASTEER,20110915,15.35,15.35,14.8,14.9,28876
SONATSOFTW,20110915,31.9,32.65,30.6,30.8,102648
SOTL,20110915,585,592.6,575,584.45,1267
SOUISPAT,20110915,6.75,6.75,6.45,6.55,46283
SOUTHBANK,20110915,22.2,22.4,21.95,22.35,1955977
SPANCO,20110915,115,115.7,112.2,114.45,25452
SPARC,20110915,74.3,75.9,73.1,73.6,46865
SPECTACLE,20110915,14.95,15.2,14.5,14.7,104056
SPENTEX,20110915,10.6,10.6,10.15,10.25,2500
SPIC,20110915,27.4,29.45,27.1,28.45,1426367
SPMLINFRA,20110915,137.25,137.25,131.5,131.6,241
SPYL,20110915,22.15,23.65,22.1,23.3,2303
SREINFRA,20110915,38.7,39.4,35.75,36.85,4552501
SRF,20110915,308,310.75,305.35,307.95,16533
SRGINFOTEC,20110915,0.45,0.5,0.45,0.45,1200
SRHHLINDST,20110915,3.6,3.8,3.6,3.75,380
SRHHYPOLTD,20110915,39.25,40,39.25,39.95,404
SRTRANSFIN,20110915,665,674.5,651.2,656,286332
SSWL,20110915,240,246.7,240,243.95,4956
STAR,20110915,298.35,304.9,297,300.2,213262
STARPAPER,20110915,22.1,22.45,21.3,21.5,5080
STCINDIA,20110915,167,172.75,167,169.95,75462
STER,20110915,128.95,131.6,126.15,129.85,3989035
STERLINBIO,20110915,77.65,90.5,76.5,82.05,1179223
STERTOOLS,20110915,110,114.5,110,114.5,245
STOREONE,20110915,13.3,13.35,12.9,13.2,3768
STRTECH,20110915,40,41.25,39.8,40.05,487461
SUBEX,20110915,46.1,46.85,45.4,45.75,338792
SUDAR,20110915,82.35,82.6,78.75,81.05,93852
SUDARSCHEM,20110915,690,719.45,690,700,154
SUJANATOW,20110915,28.8,30.15,28.75,29.85,4147902
SUJANAUNI,20110915,4.9,5.25,4.9,5.05,12068
SUMEETINDS,20110915,28,28,27.45,27.5,24974
SUMMITSEC,20110915,82.9,82.9,74.5,79,686
SUNCLAYTON,20110915,137,137,135.4,136.05,845
SUNDARAM,20110915,42.65,42.65,42.35,42.45,6400
SUNDARMFIN,20110915,526.2,526.2,523.05,525.15,117
SUNDRMBRAK,20110915,150.5,154.95,147.35,151.05,392
SUNDRMFAST,20110915,61.4,61.7,60.4,61.1,25901
SUNFLAG,20110915,27.55,27.65,27.45,27.5,34127
SUNILHITEC,20110915,91.9,91.9,88,90.15,6485
SUNPHARMA,20110915,494.9,494.9,481.75,487.1,802551
SUNTECK,20110915,268,274.7,265.9,267.15,22507
SUNTV,20110915,283.5,289.7,264.05,280.9,2040069
SUPER,20110915,186.15,186.15,186.15,186.15,1
SUPERSPIN,20110915,9.1,9.1,7.85,8,6330
SUPPETRO,20110915,72,73.5,72,73.15,12102
SUPRAJIT,20110915,18.7,18.8,18.4,18.8,1914
SUPREMEIND,20110915,211.7,211.7,208,209.05,5941
SUPREMEINF,20110915,232.5,233,227.1,232.15,8439
SURAJDIAMN,20110915,45,45.65,44.65,45.35,18463
SURANACORP,20110915,90.95,93.5,90.95,93.5,50
SURANAIND,20110915,501,501,425,431.6,10627
SURANAT&P,20110915,14.4,15,14.4,14.85,12011
SURANAVEL,20110915,31.1,32,31.1,31.75,1256
SURYAJYOTI,20110915,22.5,24.95,22.25,23.05,178283
SURYALAXMI,20110915,60,62.8,59.3,61.4,11364
SURYAPHARM,20110915,16.5,16.55,16.05,16.15,39030
SURYAROSNI,20110915,66,67.35,66,67,3779
SUTLEJTEX,20110915,175.55,178.95,175,177,739
SUVEN,20110915,17.1,17.1,16.55,17,19182
SUZLON,20110915,39.75,40.6,39.25,40.4,9906167
SWARAJENG,20110915,475,476,469,470.25,1524
SYMPHONY,20110915,1325,1410,1285.05,1376.4,9173
SYNCOM,20110915,16.05,16.5,15.75,16.05,9840
SYNDIBANK,20110915,102.8,105.35,102.1,104.8,411689
TAINWALCHM,20110915,23.6,23.6,22.65,22.85,345
TAJGVK,20110915,97.45,97.45,95,95.85,20883
TAKE,20110915,31.2,32.9,31.1,31.85,60815
TALBROAUTO,20110915,41.1,41.1,39.9,40.05,3627
TALWALKARS,20110915,189,189.6,185.1,187,54079
TANFACIND,20110915,24.05,25,24.05,24.95,1100
TANLA,20110915,9.6,9.7,9.45,9.5,104006
TANTIACONS,20110915,52,55.05,52,53.95,1401
TARAPUR,20110915,18.75,20,18.7,19.5,12331
TATACHEM,20110915,331.1,333.8,326.05,329.45,392851
TATACOFFEE,20110915,876.45,888.05,867.2,878.05,332567
TATACOMM,20110915,204.75,206.1,202.3,205.1,136711
TATAELXSI,20110915,208.5,209.05,204.55,205.95,22556
TATAGLOBAL,20110915,92.5,93.4,91.95,92.6,465889
TATAINVEST,20110915,531.5,531.5,515.8,518.15,6110
TATAMETALI,20110915,85.9,86.95,83.2,83.75,84003
TATAMOTORS,20110915,143,152.4,141.55,151.2,13269675
TATAMTRDVR,20110915,86,90.75,84.85,90.2,1037227
TATAPOWER,20110915,965,968.5,950,958,1012949
TATASPONGE,20110915,309,309,304.25,306,2901
TATASTEEL,20110915,475,477,460.1,465.65,5577374
TCI,20110915,86.45,86.45,83.8,84.6,7468
TCIDEVELOP,20110915,165.75,170,165.75,170,130
TCIFINANCE,20110915,33.7,34.9,33.5,34.6,2216
TCS,20110915,1028,1045.8,1010,1041.75,1926119
TDPOWERSYS,20110915,312.9,318.4,300.55,306.1,943134
TECHM,20110915,633.95,640,626.05,636.2,146863
TECHNO,20110915,215.1,219,211.95,215.95,82045
TECHNOFAB,20110915,137,139.6,136.05,139.1,2774
TECPRO,20110915,240,252.05,240,241.7,236597
TELEDATAIT,20110915,0.35,0.35,0.3,0.35,1221329
TELEMARINE,20110915,0.65,0.65,0.55,0.6,33296
TEXMACOLTD,20110915,29,30.5,28.85,29.75,84231
TEXMOPIPES,20110915,40.7,40.7,38.25,38.95,115287
TEXRAIL,20110915,76.4,79.5,76.05,77.95,253538
TFCILTD,20110915,29.8,29.8,28.95,28.95,64156
TFL,20110915,15.05,15.95,15.05,15.35,1112
THANGAMAYL,20110915,150,151.5,144.7,145.25,31541
THEMISMED,20110915,118.45,119.95,117,119,190
THERMAX,20110915,506.75,506.75,497.5,502.85,17799
THINKSOFT,20110915,36.2,37.8,35.95,37.45,25195
THIRUSUGAR,20110915,90,92,89,89.05,1196
THOMASCOOK,20110915,48.4,48.4,47.2,47.6,63510
TI,20110915,34.6,34.7,33.2,33.4,135052
TIDEWATER,20110915,6999.95,7043.95,6850.3,6912.2,738
TIIL,20110915,40.75,41.45,40.2,40.4,2126
TIL,20110915,396,414.8,387.4,395.55,5410
TIMETECHNO,20110915,68.95,69.2,68.6,69.05,18668
TIMKEN,20110915,203.5,208.6,203,205.15,74351
TINPLATE,20110915,50.6,52.2,49.45,50.5,161032
TIPSINDLTD,20110915,25.8,26.4,25.8,26.1,3316
TIRUMALCHM,20110915,73.15,79.7,73.15,75.6,176
TITAN,20110915,213.25,219.7,213.25,219.15,2429570
TNPETRO,20110915,16,16,15.15,15.3,8851
TNPL,20110915,103.5,105.95,102.7,103.8,7800
TODAYS,20110915,5.3,5.6,5.3,5.5,1531
TOKYOPLAST,20110915,15.35,15.4,14.85,15.3,2277
TORNTPHARM,20110915,600,600.05,593.1,598.9,17103
TORNTPOWER,20110915,225.7,226.9,221.1,222.4,23721
TREEHOUSE,20110915,136.2,142.5,136,137.45,475037
TRENT,20110915,1100,1128,1095.1,1109.6,27041
TRF,20110915,358,363,350.15,355.2,9217
TRICOM,20110915,12.25,12.45,12.05,12.25,7255
TRIDENT,20110915,13.85,13.95,13.75,13.85,51183
TRIGYN,20110915,13.65,14.2,13.65,13.9,730
TRIL,20110915,222.55,223.95,209.35,219.8,5438
TRIVENI,20110915,24.25,24.95,23.3,23.6,354345
TTKHEALTH,20110915,538.5,538.7,517.35,522.85,128219
TTKPRESTIG,20110915,2991.1,3034.3,2765,2790,341564
TTL,20110915,26,27.7,26,27.3,18533
TTML,20110915,18.5,18.9,18.15,18.55,1598386
TUBEINVEST,20110915,143.2,144,140.5,141.35,34337
TULIP,20110915,146.5,154.8,146.4,153.7,228443
TULSI,20110915,13,13.1,12.45,12.85,54856
TULSYAN,20110915,41,41,40.85,40.85,50
TV18BRDCST,20110915,42.9,43.3,41.55,42.75,62082
TVSELECT,20110915,19.9,20.75,19.9,20.15,2548
TVSMOTOR,20110915,61.25,65.2,59.2,64.85,5650849
TVSSRICHAK,20110915,355,361.9,352.8,360,550
TVTODAY,20110915,51.95,51.95,50.75,51.3,6804
TWILITAKA,20110915,38.35,38.35,35.8,36.15,33963
TWL,20110915,397.7,406,388,403.55,16342
UBENGG,20110915,52.8,52.8,51.15,51.75,12327
UBHOLDINGS,20110915,122,124,118.6,121.75,23005
UBL,20110915,395,398,390,392.1,60895
UCALFUEL,20110915,80.1,84.3,80.1,81.95,33283
UCOBANK,20110915,69.25,71.45,68.5,71.05,1534607
UFLEX,20110915,166,166.75,162.55,163.1,244542
UGARSUGAR,20110915,13.3,13.8,13.3,13.6,9804
ULTRACEMCO,20110915,1106.95,1149.75,1102.3,1146.55,329961
UMESLTD,20110915,17.4,17.75,17.4,17.6,2416
UNICHEMLAB,20110915,146.7,146.7,143,144.8,2947
UNIENTER,20110915,30.05,30.5,29.9,30.05,1770
UNIONBANK,20110915,230.05,238,229.55,234.55,372928
UNIPHOS,20110915,147.25,149,146.05,148.6,852027
UNIPLY,20110915,11.8,11.8,11.35,11.6,1247
UNITECH,20110915,25.35,28.1,25.35,27.9,30445086
UNITEDBNK,20110915,75.05,76.4,75.05,75.85,176482
UNITY,20110915,49.95,50.45,49.15,49.65,53784
UNIVCABLES,20110915,50,53,50,52,1437
UPERGANGES,20110915,46,47.6,45.55,45.75,2806
USHAMART,20110915,37.45,37.45,36,36.55,129239
USHERAGRO,20110915,128.25,129.75,123.55,128.55,343790
UTISUNDER,20110915,910,928,910,922,4
UTTAMSTL,20110915,81.25,81.25,78.25,78.95,16301
UTTAMSUGAR,20110915,34,34,30.9,32.05,2728
UTVSOF,20110915,970,976.5,966,968.95,13265
VADILALIND,20110915,125.15,131,124.95,126.2,1052
VAIBHAVGEM,20110915,35,36.45,34.9,35.5,3455
VAKRANSOFT,20110915,388.5,388.5,377.6,379.9,932
VALECHAENG,20110915,77.3,80.5,77,78.95,49913
VALUEIND,20110915,17.15,17.85,17.1,17.85,2814
VARDHACRLC,20110915,9.5,10,9.45,9.8,26721
VARDMNPOLY,20110915,105.5,106.9,104.8,106.25,76740
VARUN,20110915,258,260.9,257,259.85,156322
VARUNSHIP,20110915,20.55,21.2,20.4,20.8,75333
VASCONEQ,20110915,46.25,46.25,43.7,44.05,46626
VENKEYS,20110915,419.5,422,415.55,420.35,40513
VENUSREM,20110915,215,215,212,213.3,1162
VESUVIUS,20110915,375.05,382.45,375,375.55,585
VGUARD,20110915,211.85,214.25,209.1,210.65,30868
VHL,20110915,365,380,365,370,131
VICEROY,20110915,26.7,26.7,26.05,26.5,8902
VIDEOIND,20110915,177.7,178.5,174.35,177.6,43569
VIJAYABANK,20110915,59,60.5,58.4,60.25,1895605
VIJSHAN,20110915,17.1,17.95,16.6,16.6,6515
VIKASHMET,20110915,11.8,11.9,11.25,11.5,225177
VIMTALABS,20110915,23.2,25.25,23.05,24.95,15550
VINATIORGA,20110915,68.95,70,67.65,69.65,8538
VINDHYATEL,20110915,168,169.5,165,165,63
VIPIND,20110915,855.55,982.9,855.55,976.65,1003675
VIPUL,20110915,11,11.1,10.75,11.05,3215
VISAKAIND,20110915,92.4,94.95,86.65,87.3,9768
VISASTEEL,20110915,59,59,58,58,1694
VISESHINFO,20110915,3.6,3.9,3.6,3.75,16189
VISHALRET,20110915,24.25,24.4,23.75,23.85,40155
VISUINTL,20110915,2,2.1,2,2.1,237
VIVIMEDLAB,20110915,261.5,261.5,255.15,257.6,7257
VLSFINANCE,20110915,11.35,11.45,11.15,11.3,9708
VOLTAMP,20110915,514.4,518.75,506.45,511.4,3017
VOLTAS,20110915,118.25,119.9,117.5,119.3,696129
VSTIND,20110915,1312,1379.95,1296,1356.05,32620
VSTTILLERS,20110915,499.95,509.95,494.95,509.75,355
VTL,20110915,198,198,189.1,193.95,12163
VTXIND,20110915,14.95,14.95,13.25,13.5,136
WABAG,20110915,373.9,374,365,371.1,32474
WABCOINDIA,20110915,1309.65,1309.7,1279,1289.05,386
WALCHANNAG,20110915,96.5,104,96.15,102.65,182866
WANBURY,20110915,25.55,27.4,25,27.15,9139
WEBELSOLAR,20110915,42.6,42.9,41.6,41.85,9832
WEIZFOREX,20110915,79,79.2,79,79.2,60
WEIZMANIND,20110915,10.85,11,9.1,10.05,3151
WELCORP,20110915,123.5,125,118.7,120.55,633270
WELGLOB,20110915,47.05,50.55,47.05,50.3,224
WELINV,20110915,45.15,47,45.15,46.95,12
WELPROJ,20110915,46,47.85,46,46.75,1977
WELSPUNIND,20110915,31.4,31.4,30.2,30.3,13695
WENDT,20110915,1620,1620,1580.15,1598.9,314
WHEELS,20110915,256.5,256.5,256.5,256.5,40
WHIRLPOOL,20110915,221.85,223.5,216.25,220.2,92705
WILLAMAGOR,20110915,50.9,53.65,50.9,51.85,560
WINDMACHIN,20110915,25,26.75,25,26.05,11194
WINSOME,20110915,25.05,27.25,25.05,27.25,3019
WIPRO,20110915,346.1,350,339,348.2,1859718
WOCKPHARMA,20110915,387.7,397.35,380.2,392.3,87461
WSI,20110915,17.25,17.75,17.05,17.1,50
WSTCSTPAPR,20110915,74,76.95,73.45,73.95,3083
WWIL,20110915,7.05,7.25,7,7.2,402213
WYETH,20110915,1002,1011,1001.5,1003.35,1227
XLENERGY,20110915,7.65,7.85,7.65,7.75,10856
XPROINDIA,20110915,52.9,52.9,51.6,52.75,3138
YESBANK,20110915,278.85,281,272,278.6,2382294
ZANDUREALT,20110915,1736,1754.9,1731,1738.5,584
ZEEL,20110915,114.5,114.95,112.25,114.1,845624
ZEELEARN,20110915,19.2,19.45,18.65,19,721150
ZEENEWS,20110915,13.5,13.9,12.9,13,206013
ZENITHBIR,20110915,5.2,5.25,5.1,5.1,39763
ZENITHCOMP,20110915,15.7,15.9,15.35,15.65,8191
ZENITHINFO,20110915,189,189,185,189,72
ZENSARTECH,20110915,132.5,132.5,124.6,126.65,4913
ZICOM,20110915,36.3,36.5,35.95,36.35,3246
ZODIACLOTH,20110915,340.05,349.95,340.05,348.5,40
ZODJRDMKJ,20110915,24.35,24.5,24,24.05,120
ZUARIAGRO,20110915,592.6,602.3,583.35,589.5,14503
ZYDUSWELL,20110915,596,597.95,580,582.55,4262
ZYLOG,20110915,418,418.4,410.1,412.3,52244
NSENIFTY,20110915,5062.35,5091.45,4967.45,5075.70,153648925,5935.88
NIFTYJUNIOR,20110915,10002.90,10162.40,10002.90,10147.65,75023985,1169.05
BANKNIFTY,20110915,9569.35,9708.80,9390.10,9660.35,17226040,1501.96
NSEMIDCAP,20110915,7264.00,7345.40,7264.00,7340.40,115906321,1321.56
NSEIT,20110915,5484.85,5570.60,5385.95,5550.15,24520517,925.83
NSE100,20110915,4972.60,5009.05,4897.55,4995.40,228672910,7104.93
NSE500,20110915,4078.90,4105.85,4029.10,4097.00,489126389,9630.68
MIDCAP50,20110915,2173.90,2199.65,2171.25,2197.85,67644626,767.44
VIX,20110915,32.45,33.72,29.91,30.79,32.45,-1.66
