20MICRONS,20110817,51.25,51.75,47.25,49.55,83902
3IINFOTECH,20110817,29.5,29.8,27.75,28.7,1212576
3MINDIA,20110817,4595,4651,4450,4578,752
A2ZMES,20110817,203,204.95,191.4,193.6,140691
AANJANEYA,20110817,474.9,481,461.25,465.6,333505
AARTIDRUGS,20110817,116,121,115,117.85,1326
AARTIIND,20110817,44.75,46,43.5,44.05,49195
AARVEEDEN,20110817,32.15,33.95,32.15,33.1,2487
ABAN,20110817,385.7,386.9,365.35,370.55,764066
ABB,20110817,779.95,797,761.6,780.95,46889
ABBOTINDIA,20110817,1440,1472,1428.05,1470.05,2958
ABCIL,20110817,113,113,107.45,108.2,2727
ABGSHIP,20110817,365.1,374.9,363,372.2,222654
ABHISHEK,20110817,11,11.65,10.35,10.45,6666
ABIRLANUVO,20110817,883.45,889.9,861,872.9,83780
ACC,20110817,995,1005,990.55,999.95,188142
ACE,20110817,41.2,42.85,40,40.85,62139
ACKRUTI,20110817,180,183,176,180,10470
ACROPETAL,20110817,15.35,15.35,14.25,14.3,102584
ADANIENT,20110817,562.95,577.5,551.9,562.9,326670
ADANIPOWER,20110817,89,91.4,86.1,90,1618695
ADFFOODS,20110817,62.55,63.35,59.05,60.25,6501
ADHUNIK,20110817,56.55,58.8,52.45,57.5,477322
ADORWELD,20110817,153.3,155,150.25,150.8,4981
ADSL,20110817,30.1,31.95,30.1,30.1,360309
ADVANIHOTR,20110817,35.5,35.6,35.5,35.6,1397
ADVANTA,20110817,284,287.85,272.05,274.8,32338
AEGISCHEM,20110817,201.05,203,195.1,198.6,5255
AFL,20110817,41.8,41.8,39.5,40.95,7804
AFTEK,20110817,12.5,12.8,12.25,12.3,111808
AGCNET,20110817,117,129,117,120.45,474
AGRE,20110817,42.35,46.7,42.35,44.55,10096
AGRODUTCH,20110817,9,9,8.5,8.6,26605
AHLEAST,20110817,288,309,288,300,165
AHLUCONT,20110817,124.9,129,124.25,125.3,34564
AHLWEST,20110817,153.55,162,153.2,154.8,323
AHMEDFORGE,20110817,112.35,113.3,108.4,109,6256
AIAENG,20110817,375,375,347.25,360,31792
AJANTPHARM,20110817,304,308.95,296.25,298.55,9881
AJMERA,20110817,116.2,120.5,116.2,118,19591
AKSHOPTFBR,20110817,6.5,6.75,6.15,6.7,241709
AKZOINDIA,20110817,926,932,920.1,930.65,11363
ALBK,20110817,187.15,190.8,184.9,188.5,770169
ALCHEM,20110817,230.95,231.9,229.7,230.25,113534
ALEMBICLTD,20110817,19.1,19.1,18.2,18.3,55802
ALFALAVAL,20110817,1552.7,1599.95,1545.15,1565.65,332
ALKALI,20110817,42,42.1,40.15,41.25,10102
ALKYLAMINE,20110817,84.3,86.2,80.25,82.65,2151
ALLCARGO,20110817,166.4,168.9,160.75,162.65,24751
ALLSEC,20110817,15.2,15.75,14.55,15,1165
ALMONDZ,20110817,22.35,23.9,22.35,22.5,1928
ALOKTEXT,20110817,18.8,18.85,17.6,18,7472982
ALPA,20110817,8.55,9.45,8.5,8.5,1458
ALPSINDUS,20110817,2.85,2.95,2.7,2.7,18901
AMAR,20110817,93,96.45,91.1,94.65,34470
AMARAJABAT,20110817,236,243.5,228,232.75,27972
AMARJOTHI,20110817,53.45,59.6,53.45,59.6,46
AMBIKCO,20110817,185,190,185,188.9,5510
AMBUJACEM,20110817,132.5,135.9,132.1,133.9,4561437
AMDIND,20110817,19.8,20.1,19.15,19.45,6282
AMLSTEEL,20110817,15,15,13,13.1,520
AMRUTANJAN,20110817,806.9,816,772.35,778.65,82539
AMTEKAUTO,20110817,149.1,151.55,145.1,148.8,697067
AMTEKINDIA,20110817,109,111,105.3,106.35,52059
ANANTRAJ,20110817,58.3,58.3,53.25,54.45,1135295
ANDHRABANK,20110817,131.05,133,129.2,130.25,551640
ANDHRACEMT,20110817,9.05,9.35,8.8,9,53416
ANDHRSUGAR,20110817,105.05,107,104.55,106.3,10890
ANGIND,20110817,20.35,21.8,19.4,20.15,1837
ANIKINDS,20110817,36.55,38.65,35.25,35.3,1478
ANKURDRUGS,20110817,28,28.4,26.6,26.75,28830
ANSALAPI,20110817,29.95,30.5,27.8,28.2,137998
ANSALHSG,20110817,36,38.75,35,36.05,13340
ANTGRAPHIC,20110817,0.3,0.3,0.25,0.25,99442
APARINDS,20110817,173.5,174.5,167,169.65,29639
APCOTEXIND,20110817,167.5,167.5,163.7,165.2,465
APIL,20110817,537.05,537.05,522,533.15,129948
APOLLOHOSP,20110817,531,548.9,531,538.3,90047
APOLLOTYRE,20110817,56.5,59.35,54.4,58.65,6019561
APPAPER,20110817,378,382,376,378.6,36460
APTECHT,20110817,131.9,134.8,130.25,133.2,729913
AQUA,20110817,14.85,15.3,14.3,14.45,249489
ARCHIDPLY,20110817,11.1,11.85,11,11.1,4218
ARCHIES,20110817,40,40.85,39,39.15,65174
AREVAT&D,20110817,219,223.7,215.1,222.65,74924
ARIES,20110817,95.05,96.8,92.15,93.45,3929
ARL,20110817,2,2.05,1.95,2,132638
ARROWTEX,20110817,9.1,10.2,8.95,8.95,1825
ARSHIYA,20110817,139,139,129.1,130.8,4780
ARSSINFRA,20110817,372.95,374.7,358.15,361.05,94889
ARVIND,20110817,72.45,74.45,70,72.2,1430891
ASAHIINDIA,20110817,70.05,71,68.35,68.6,32184
ASAL,20110817,52.15,53.95,52.15,52.3,1455
ASHAPURMIN,20110817,17.2,17.6,16,16.9,28831
ASHCONIUL,20110817,2.05,2.3,2.05,2.1,20295
ASHIANA,20110817,139,150,139,148.4,3719
ASHOKA,20110817,260.3,265,256.95,263.8,1716
ASHOKLEY,20110817,25.45,25.55,23.4,23.65,6005444
ASIANELEC,20110817,8.4,8.45,8.2,8.3,56531
ASIANHOTNR,20110817,177.55,178.5,175.05,177.75,5167
ASIANPAINT,20110817,3265.05,3288.95,3219.35,3244.5,118529
ASIANTILES,20110817,40.55,48.7,40.55,41.5,1315
ASSAMCO,20110817,12.5,12.5,11.35,11.5,307504
ASTEC,20110817,36,36.75,33.55,34,36781
ASTERSILI,20110817,17.5,18.8,17.2,17.7,8138
ASTRAL,20110817,190,193,182.25,182.75,22358
ASTRAMICRO,20110817,26,26.3,24.35,25,39834
ASTRAZEN,20110817,1347,1363,1340,1350.6,3111
ATFL,20110817,396.8,398.8,386.3,390.7,3053
ATLANTA,20110817,76.7,77.25,72.15,73.4,209551
ATNINTER,20110817,1,1.1,1,1,5047
ATUL,20110817,201.15,201.15,194.5,198,25179
AURIONPRO,20110817,126,149.9,126,137.5,52
AUROPHARMA,20110817,150,150,138.5,142.75,1782006
AUSTRAL,20110817,1.8,1.85,1.75,1.75,382883
AUTOAXLES,20110817,427.9,427.9,402.05,407.85,2501
AUTOIND,20110817,133.5,136.4,127.1,128.05,47687
AUTOLITIND,20110817,18.35,20.5,17.3,18.3,1997
AVANTI,20110817,57,59,55.1,57.85,4518
AVENTIS,20110817,2070,2070,2022.2,2054.8,1072
AVTNPL,20110817,324,338.8,324,330.15,5063
AXISBANK,20110817,1207.25,1226.65,1167.15,1169.8,2164821
AXISGOLD,20110817,2597.1,2625,2592.2,2624.7,436
BAGFILMS,20110817,5.9,5.95,5.4,5.65,179569
BAJAJ-AUTO,20110817,1465,1473.05,1435,1452.4,236156
BAJAJCORP,20110817,113,113,107.45,109.65,6986
BAJAJELEC,20110817,207.85,207.85,200.25,202.95,38173
BAJAJFINSV,20110817,504.5,504.5,491,497.15,18911
BAJAJHIND,20110817,53.45,55.35,52.4,54.4,1109844
BAJAJHLDNG,20110817,743.2,749.95,719.95,724.9,829665
BAJFINANCE,20110817,710,717,682.35,693.1,24868
BALAJITELE,20110817,28.3,29.45,28,29,29099
BALAMINES,20110817,36,37.9,35.5,35.5,1975
BALKRISIND,20110817,165.5,165.5,146,161,15565
BALLARPUR,20110817,29.75,30.2,29.1,29.35,200099
BALMLAWRIE,20110817,672.4,672.5,655.55,660.75,9376
BALPHARMA,20110817,24.3,24.9,23.5,23.85,3294
BALRAMCHIN,20110817,53,55.6,51.85,54.85,1803411
BANARISUG,20110817,521,521,510,510.35,634
BANCOINDIA,20110817,78.9,79.5,75.7,76.3,7078
BANG,20110817,26.65,27,25.5,26.75,393
BANKBARODA,20110817,800.1,806.7,779,792.75,548760
BANKBEES,20110817,1028,1036,1010,1015.23,1430
BANKINDIA,20110817,323.95,328.35,316,321.15,473076
BANSWRAS,20110817,97,99.9,96,97,6886
BARTRONICS,20110817,45.15,52.75,45.15,49.7,66373
BASF,20110817,607.15,607.15,594,596.9,3603
BASML,20110817,74,74,63,64.4,162103
BATAINDIA,20110817,699.9,706.15,680.55,694.05,624413
BATLIBOI,20110817,18,19.2,17.25,18.75,912
BAYERCROP,20110817,805.4,836.95,780.5,815.45,11380
BBL,20110817,731.9,742,710,720.8,1742
BBTC,20110817,420,429.35,415,416.65,2092
BEARDSELL,20110817,50.5,50.5,50.35,50.35,125
BECREL,20110817,10.55,10.55,10.45,10.45,440
BEDMUTHA,20110817,124.5,133,122,127.95,149964
BEL,20110817,1648.95,1664.9,1543,1561.05,100257
BELLCERATL,20110817,12.05,13.8,12,13.05,1739
BEML,20110817,458,458,426.05,444.75,127682
BEPL,20110817,30.5,30.5,29.5,30,13880
BERGEPAINT,20110817,107.9,108,103,104.4,239583
BFINVEST,20110817,45,50,44.1,48.95,38499
BFUTILITIE,20110817,525,536.95,421,465.3,3014757
BGLOBAL,20110817,13.5,14.15,12.8,12.95,167853
BGRENERGY,20110817,320.3,335.15,320.1,325.35,228157
BHAGWATIHO,20110817,79,84,75,78,17417
BHAGYNAGAR,20110817,15.2,15.2,14.85,15.1,26099
BHARATFORG,20110817,285.8,288.85,272.2,282.8,311251
BHARATGEAR,20110817,50,50,45.7,46.75,5544
BHARATRAS,20110817,98,105,98,103.45,435
BHARTIARTL,20110817,394.1,400.9,383.6,396.4,4883840
BHARTISHIP,20110817,92.3,92.85,87.6,90.45,128971
BHEL,20110817,1764.2,1799,1758.5,1778.35,726232
BHUSANSTL,20110817,323.65,341,317.25,325.1,203910
BIL,20110817,39.1,41.5,39.05,41.2,7781
BILPOWER,20110817,84.7,86.65,78.3,80.4,4953
BIMETAL,20110817,309.45,309.45,301,301.35,279
BINANIIND,20110817,145.6,145.6,141,141.8,17176
BINDALAGRO,20110817,77.3,78.25,75.15,75.55,123602
BIOCON,20110817,326.6,329,318,325.7,386516
BIRLACORPN,20110817,315,325.45,315,318.6,3088
BIRLACOT,20110817,0.35,0.4,0.3,0.35,3620211
BIRLAERIC,20110817,12.65,13.55,12.55,13,499
BIRLAMONEY,20110817,17.75,18.3,17.25,17.7,5328
BIRLAPOWER,20110817,0.7,0.7,0.65,0.65,904020
BLBLIMITED,20110817,3.9,4,3.65,3.85,1784
BLISSGVS,20110817,22.6,22.7,21.5,21.7,6698
BLKASHYAP,20110817,13.15,13.3,12,13.05,209447
BLUECHIP,20110817,1,1.1,1,1.05,27115
BLUECOAST,20110817,164.9,164.9,164.9,164.9,151
BLUEDART,20110817,1664,1698,1610,1663.3,4242
BLUESTARCO,20110817,269,277,263.45,267.1,12615
BLUESTINFO,20110817,72,75.8,72,75.15,1032
BOC,20110817,278,279.9,273,273.9,5304
BOMDYEING,20110817,314.95,321,309.6,317.05,173640
BOSCHLTD,20110817,7316,7316,7201,7216.15,1301
BPCL,20110817,687.75,699,681.75,685.5,513874
BPL,20110817,22.2,22.7,20.55,21.05,34997
BRANDHOUSE,20110817,16,16,15,15.6,125418
BRFL,20110817,279.05,281.75,279.05,279.7,34251
BRIGADE,20110817,66,66,62.05,62.95,32940
BRITANNIA,20110817,461,476,461,473.1,16864
BROADCAST,20110817,8.1,8.1,8.1,8.1,625
BSELINFRA,20110817,3.8,3.8,3.55,3.6,79809
BSL,20110817,21.35,24.5,21.35,22.5,1202
BSLGOLDETF,20110817,2690,2745,2620,2670.4,314
BSLNIFTY,20110817,61,61,50.22,55.5,1668
BSTRANSCOM,20110817,97,97,83.4,86.4,36108
BURNPUR,20110817,6.5,6.9,6,6.1,33117
BVCL,20110817,13.5,14.05,13.3,13.55,2652
CADILAHC,20110817,844.05,846.45,826.2,836.75,50792
CAIRN,20110817,278,287.2,275,279.15,743501
CALSOFT,20110817,29.05,29.05,29.05,29.05,1004
CAMLIN,20110817,71.1,71.4,69.8,70.2,106868
CANBK,20110817,430,454,429,432.5,964814
CANDC,20110817,112,117,110.2,114.65,8912
CANFINHOME,20110817,99.9,99.9,96,96.35,6397
CANTABIL,20110817,28,28.5,27.3,27.5,4554
CARBORUNIV,20110817,301.1,307,287.6,305.6,15567
CAROLINFO,20110817,233,233,224.5,229.4,3511
CASTROL,20110817,515,523,513.5,514.9,52023
CCCL,20110817,22.05,25.3,20.85,21.35,88577
CCL,20110817,173,173,164.85,166.3,6969
CEATLTD,20110817,88.5,89.8,85.2,89.45,33432
CEBBCO,20110817,40.8,40.8,35,37.4,13498
CELEBRITY,20110817,8.3,8.3,6.8,6.8,9846
CELESTIAL,20110817,27.35,27.35,25.5,25.75,2934
CENTENKA,20110817,155.85,155.85,148.5,149.4,12247
CENTEXT,20110817,2.85,2.85,2.6,2.65,9755
CENTRALBK,20110817,107,109.35,103,103.7,565463
CENTUM,20110817,80,80,76,77.35,674
CENTURYPLY,20110817,65,67,64.75,65.8,18290
CENTURYTEX,20110817,292,297,286.35,291.2,321942
CERA,20110817,198,206.45,185,200.25,4771
CESC,20110817,315.05,315.05,297.5,300.1,114087
CHAMBLFERT,20110817,101.45,103.5,98.1,102.4,3174397
CHEMFALKAL,20110817,44.85,46,41.3,43.65,910
CHEMPLAST,20110817,6.05,6.4,5.95,6,57037
CHENNPETRO,20110817,214.05,214.75,212,212.85,39488
CHESLINTEX,20110817,14,15.4,13,13,1175
CHETTINAD,20110817,419,450,417,420.95,256
CHOLAFIN,20110817,152.05,155.8,151,154.35,44848
CILNOVA,20110817,14,15.5,14,15.35,4248
CINEMAX,20110817,30.85,31.7,30.3,30.6,10462
CINEVISTA,20110817,3.95,3.95,3.65,3.65,6074
CIPLA,20110817,288.95,291.4,281.15,289.6,1048823
CLASSIC,20110817,12,12,9.5,9.65,58055
CLNINDIA,20110817,738.9,744.9,738.9,743.85,19242
CMAHENDRA,20110817,182.1,185,159.95,167.25,8233
CMC,20110817,1010,1010,985.1,1000.5,2286
COALINDIA,20110817,389.4,399,388,397.9,4815761
COLPAL,20110817,915,939,911.1,931.9,142066
COMPUAGE,20110817,108,108,107.95,107.95,2
CONCOR,20110817,1002,1002,950,958.35,21996
CONSOFINVT,20110817,66.8,66.8,61.5,61.85,2028
CORAL-HUB,20110817,5,5.05,4.7,4.8,27757
CORDSCABLE,20110817,35.85,35.9,33.35,33.65,7401
COREPROTEC,20110817,296.3,300,291.35,298,353632
COROENGG,20110817,261.85,261.85,261.85,261.85,20
COROMANDEL,20110817,322,329.55,321,325,103448
CORPBANK,20110817,452.05,455.65,431.65,444.25,50796
COSMOFILMS,20110817,87,88.95,85.45,85.95,16061
COX&KINGS,20110817,220.75,222.65,209,213.15,350621
CPIL,20110817,296,296.7,276,281.2,3316
CREATIVEYE,20110817,5.2,5.25,5.05,5.05,12262
CRESTANI,20110817,37.95,38,35,36.25,53271
CREWBOS,20110817,53.3,54.65,47.85,47.85,139838
CRISIL,20110817,8100,8100,7803,7904.75,3193
CROMPGREAV,20110817,144.05,144.45,137.3,142.15,2184784
CRONIMET,20110817,122.5,122.5,110,111.65,15881
CTE,20110817,6.9,7,6.9,6.9,8317
CUB,20110817,46.1,46.4,44.95,45,141104
CUBEXTUB,20110817,10.1,10.1,10.1,10.1,80
CUMMINSIND,20110817,602.5,622,580,606.25,219408
CURATECH,20110817,165.3,174.95,160,172.45,1105
CYBERMEDIA,20110817,17,17,17,17,43
CYBERTECH,20110817,11.65,11.65,11.3,11.55,2022
DAAWAT,20110817,44.2,45.6,42.9,44.8,56162
DABUR,20110817,102.5,104.5,101.2,103.95,654934
DALMIABEL,20110817,136.55,142.9,136.55,137.65,2091
DALMIASUG,20110817,17.95,17.95,17,17.3,5484
DATAMATICS,20110817,30,31,28.55,28.55,17678
DBCORP,20110817,235.1,236.9,232,236,9011
DBREALTY,20110817,67.85,69.4,67.1,68.2,96410
DCB,20110817,50,50.7,46.4,46.75,3647184
DCHL,20110817,66.7,67.45,65.7,66.15,843183
DCM,20110817,50.85,50.85,46.15,47.95,31116
DCMSRMCONS,20110817,45.55,46.5,45.3,46.45,9935
DCW,20110817,9.25,9.25,8.65,8.85,90518
DECCANCE,20110817,165,165,145,146,2375
DEEPAKFERT,20110817,133,163.5,133,162.35,36171
DEEPAKNTR,20110817,190,190,190,190,25
DEEPIND,20110817,67.75,69.25,66.25,67.4,76505
DELTACORP,20110817,94.7,96.35,90.85,93.5,4567741
DEN,20110817,43.05,50,42.75,42.75,2172004
DENABANK,20110817,82.7,83.45,80.55,80.95,1329412
DENORA,20110817,82,83.6,78,79.3,3197
DENSO,20110817,58.05,61.4,56.35,57,7936
DEWANHOUS,20110817,205,205.5,200.25,201.65,21522
DHAMPURSUG,20110817,48,48.75,45.55,46.8,41986
DHANBANK,20110817,84.25,84.7,78.05,82.8,895164
DHANUKA,20110817,100.8,102.9,100,100.35,40545
DHARSUGAR,20110817,29.2,32,28.3,31.2,14354
DHUNINV,20110817,70,70,66.5,70,41
DIAPOWER,20110817,132.75,133.05,127.15,129.3,9503
DICIND,20110817,231,237,225.1,226.95,1596
DIGJAM,20110817,9.6,9.9,9.1,9.4,33730
DISHMAN,20110817,71.7,71.7,68.2,69.7,53718
DISHTV,20110817,86.6,87.4,85.1,85.9,3713096
DIVISLAB,20110817,745.9,748.75,726.4,730.35,105612
DLF,20110817,185,185.45,173.25,177,14500195
DLINKINDIA,20110817,21.9,22.25,20.4,21.85,26785
DOLPHINOFF,20110817,128.5,135,128.05,132,17287
DONEAR,20110817,21,22.1,21,21.2,1654
DPSCLTD,20110817,1770,1890,1750,1874,206
DPTL,20110817,143,143.85,141.6,142,3169
DQE,20110817,35,38,32.65,34.35,26698
DREDGECORP,20110817,243,249,237.1,240.6,5568
DRREDDY,20110817,1514.5,1519.95,1473,1503.8,172709
DSKULKARNI,20110817,59.5,59.8,57.25,58.65,19315
DUNCANSIND,20110817,11,11,9.8,9.95,40805
DWARKESH,20110817,51.95,51.95,43.3,44,79912
DYNAMATECH,20110817,1320,1320,1202,1236.6,70
DYNASYS,20110817,0.65,0.65,0.65,0.65,989
EASTSILK,20110817,6.5,6.8,6.5,6.55,20427
EASUNREYRL,20110817,57.35,58.7,56.1,58.05,4944
ECEIND,20110817,99.2,101.95,98,98.2,1201
ECLERX,20110817,781,798.8,778,790.7,5066
EDELWEISS,20110817,30.5,30.65,29.55,30,207959
EDL,20110817,97,97.75,95.95,96.4,1992
EDSERV,20110817,105.4,109.7,98.7,106.6,161639
EDUCOMP,20110817,270.05,276.5,254,257.4,1490074
EICHERMOT,20110817,1315,1368.95,1315,1359.65,5929
EIDPARRY,20110817,251.25,255.8,246.6,254.8,87196
EIHAHOTELS,20110817,167.25,172,156.6,158.2,12651
EIHOTEL,20110817,84,84.1,82,82.45,90227
EIMCOELECO,20110817,180.15,187.9,180.15,184,211
EKC,20110817,81,83.2,77.85,79.4,317249
ELDERPHARM,20110817,378.7,378.7,370,371,47878
ELECON,20110817,69.4,71.8,66.75,70.8,59153
ELECTCAST,20110817,32.25,32.25,30.2,31.35,244892
ELECTHERM,20110817,111.65,115.65,107.35,111.7,5778
ELFORGE,20110817,10,10.7,10,10.45,824
ELGIEQUIP,20110817,69,72,68.05,72,759455
ELNET,20110817,35.9,36,34,34,516
EMAMILTD,20110817,492.75,492.75,478,480.35,44808
EMCO,20110817,40.5,41.9,38.15,39.65,23646
EMKAY,20110817,46.5,49.25,45.55,46.1,1611
EMMBI,20110817,12.6,13.4,12.45,12.55,22171
EMPEESUG,20110817,20.9,21.8,20.9,20.9,311
ENERGYDEV,20110817,27.35,27.35,25.2,26.45,1469
ENGINERSIN,20110817,265.1,265.85,258.4,264.35,159653
ENIL,20110817,245,250.3,239,246.15,36545
ENTEGRA,20110817,20.05,21.6,20.05,20.2,11174
ERAINFRA,20110817,160.65,160.65,158.1,159.4,258505
EROSMEDIA,20110817,208,209.35,192.8,201.45,148804
ESABINDIA,20110817,508,509.65,501.5,504.3,2421
ESCORTS,20110817,66.05,69.7,65.25,68.4,2843369
ESL,20110817,7.7,7.7,7.4,7.45,122852
ESSAROIL,20110817,92,93.5,90.6,92.15,693276
ESSARPORTS,20110817,76.05,77.85,71,71.9,34103
ESSDEE,20110817,284,286.4,250,262.5,38987
ESSELPACK,20110817,40.8,40.8,37,37.95,72121
ESTER,20110817,31.45,31.45,29.15,29.4,21182
EUROCERA,20110817,21.1,21.95,20.5,21.2,497
EUROMULTI,20110817,6.85,9,6.85,7.8,6973
EUROTEXIND,20110817,20,21,19.15,19.35,878
EVEREADY,20110817,42.25,46.25,41.4,41.45,33346
EVERESTIND,20110817,146.15,149.9,145.25,147.8,6043
EVERONN,20110817,531.9,531.9,486,493.7,153892
EVINIX,20110817,0.85,0.85,0.75,0.8,36170
EXCELCROP,20110817,155,156.8,146.65,147.05,6241
EXCELINDUS,20110817,68,69,66,66.85,1742
EXCELINFO,20110817,14,14.1,13.3,13.45,57610
EXIDEIND,20110817,158.1,158.1,153.6,154.5,478002
FACT,20110817,40,40.2,38.05,38.8,47103
FAGBEARING,20110817,1235,1239,1180.15,1213.1,1688
FARMAXIND,20110817,2.3,2.4,2.25,2.25,52882
FCH,20110817,167.1,167.1,159.55,162.35,64939
FCSSOFT,20110817,0.7,0.7,0.6,0.65,1778242
FDC,20110817,90,90.2,86.45,87.1,13998
FEDDERLOYD,20110817,66.2,67.8,62.45,63.25,25501
FEDERALBNK,20110817,384.45,384.45,361.7,365.1,463124
FIEMIND,20110817,147.6,149.8,144.8,149.35,3080
FINANTECH,20110817,737,739,708,722.2,106346
FINCABLES,20110817,40.3,40.3,37.7,37.8,49229
FINPIPE,20110817,65,65.35,63,63.35,33212
FIRSTLEASE,20110817,80.7,81.25,76,78.85,37495
FIRSTWIN,20110817,14,15.8,14,15.4,8858
FKONCO,20110817,116.1,116.2,113.1,113.65,4279
FMGOETZE,20110817,254.95,254.95,236.1,244,1932
FORTIS,20110817,155.25,155.95,152.45,152.95,109830
FOSECOIND,20110817,521,521,505,511.15,631
FOURSOFT,20110817,9.5,10,9.45,9.7,8181
FSL,20110817,12.6,12.75,11.15,11.8,4459304
FUTUREVENT,20110817,8.65,9.25,8.55,9.1,1347479
GABRIEL,20110817,41.75,41.95,40,40.85,20371
GAEL,20110817,23.3,23.5,22.65,22.75,28323
GAIL,20110817,434,445.8,425.65,438.2,954504
GAL,20110817,9.75,9.75,8.9,9.25,47703
GALLANTT,20110817,16.75,17.1,16.3,17,36944
GALLISPAT,20110817,90.45,90.45,88.5,89,154946
GAMMNINFRA,20110817,14.25,14.25,13.5,14,164471
GAMMONIND,20110817,73,74.25,71.6,72.5,14473
GANDHITUBE,20110817,125,125.8,120.4,124,1502
GANESHHOUC,20110817,127,127.5,121.1,126.9,9383
GANGOTRI,20110817,6.05,6.25,5.2,5.5,10270
GARDENSILK,20110817,75.1,77.1,72.25,72.8,8471
GARWALLROP,20110817,55.95,56.15,54.3,54.7,10833
GATI,20110817,62.9,63.8,59.25,61.05,220476
GDL,20110817,131,132.35,127.65,129.45,33565
GEECEE,20110817,33.05,33.9,32.85,33.15,4854
GEINDSYS,20110817,152,155,152,152.75,737
GEMINI,20110817,20.45,20.5,19,19.55,28438
GENESYS,20110817,230,237,221.5,228,17727
GENUSPOWER,20110817,14.75,15.3,14.75,14.85,70328
GEODESIC,20110817,59.85,59.85,53.85,57.2,688184
GEOJITBNPP,20110817,20,20,18.75,18.95,154045
GEOMETRIC,20110817,39.5,40.45,37.95,38.1,52647
GESHIP,20110817,241,242.85,234.25,239.9,200120
GHCL,20110817,39.9,39.9,38.75,38.95,43067
GICHSGFIN,20110817,89.95,89.95,87.2,87.5,54220
GILLANDERS,20110817,87,87,84.1,84.85,5271
GILLETTE,20110817,2060.05,2079.95,2025.55,2060.6,1225
GINNIFILA,20110817,7.9,7.9,7,7.55,8055
GIPCL,20110817,81,81.95,77.5,77.65,9680
GISOLUTION,20110817,12,13.35,11.15,12,1332
GITANJALI,20110817,311.75,319,307,314.85,1675572
GKB,20110817,41.95,41.95,41.95,41.95,2
GKWLIMITED,20110817,470,499.5,460.05,495.6,41
GLAXO,20110817,2116.6,2159.9,2116.6,2147.9,27180
GLENMARK,20110817,322.15,327.6,318.65,321.15,376383
GLFL,20110817,3.6,3.6,3.35,3.6,1800
GLOBALVECT,20110817,20.55,21.95,20.2,20.75,1718
GLOBOFFS,20110817,96.3,96.3,93,95.15,1952
GLOBUSSPR,20110817,140.9,140.9,136,137.4,1617
GLODYNE,20110817,296.5,298.85,289.35,291.8,80490
GMBREW,20110817,93.8,98,93.7,96.75,2009
GMDCLTD,20110817,165.65,167.5,158.4,164.75,199937
GMRINFRA,20110817,29.1,29.65,26.95,28.6,6040036
GNFC,20110817,96,97,95.15,95.95,84427
GOACARBON,20110817,76,76.5,74,75,4996
GODFRYPHLP,20110817,3250,3330,3250,3317.5,1266
GODREJCP,20110817,414,423,409,417.2,480469
GODREJIND,20110817,202.5,206.8,199.6,202.9,351443
GODREJPROP,20110817,687,693,650.65,669,10135
GOENKA,20110817,55,56,48.6,49.55,14186
GOKEX,20110817,81.1,83.75,75,76.3,2426
GOKUL,20110817,87.5,88.7,84.95,88.2,47608
GOLDBEES,20110817,2535,2574,2535,2568.3,181731
GOLDENTOBC,20110817,65,66.95,64.25,64.8,1929
GOLDIAM,20110817,28,28.45,25.15,26.4,1488
GOLDINFRA,20110817,15.7,15.95,15.5,15.5,7882
GOLDSHARE,20110817,2550,2605,2545,2585.05,15786
GOLDTECH,20110817,5.65,5.95,5.5,5.75,9747
GPIL,20110817,150.55,157.3,150,152.05,14034
GPPL,20110817,65.35,66.5,64.8,65.05,25066
GRABALALK,20110817,18.1,18.85,17.15,17.8,57062
GRANULES,20110817,73,74.8,70.15,70.7,2440
GRAPHITE,20110817,74.3,75.25,70.35,71.1,919551
GRASIM,20110817,2111.8,2148,2096,2114.3,50951
GRAVITA,20110817,371.2,392.7,346.1,381.95,324331
GREAVESCOT,20110817,91.65,92.5,88.2,90.3,24196
GREENPLY,20110817,200,203,190,192.2,1774
GREENPOWER,20110817,13.5,13.5,12.45,12.75,496351
GRINDWELL,20110817,254,254,243.15,244.35,317
GRUH,20110817,475.35,493.95,474.95,486.1,44825
GSFC,20110817,382.7,387,375.1,381.85,15394
GSKCONS,20110817,2342,2350,2282,2339.1,2402
GSLNOVA,20110817,3,3,2.65,2.75,7046
GSPL,20110817,100.5,101,98.1,99.2,1216905
GSSAMERICA,20110817,133.5,134.35,127.5,129.6,9411
GTL,20110817,53.3,54,48,49.95,4117322
GTLINFRA,20110817,12,12.1,11.05,11.2,1889954
GTNIND,20110817,12,12.9,12,12.5,36
GTNTEX,20110817,11,11.3,10.25,10.95,1168
GTOFFSHORE,20110817,171.45,171.45,162,164.9,78145
GUJALKALI,20110817,138.55,143.5,138.15,139.1,359853
GUJAPOLLO,20110817,114,117.9,113,114.75,5433
GUJFLUORO,20110817,486.9,503.8,478.25,485.7,322963
GUJNRECOKE,20110817,28,28.8,25.5,27.95,739895
GUJNREDVR,20110817,18.2,18.95,18.1,18.4,22385
GUJRATGAS,20110817,451.15,454,441.1,447.8,43053
GUJSIDHCEM,20110817,8.6,8.7,8.25,8.35,73044
GULFOILCOR,20110817,79.3,79.3,76.2,77.65,64010
GVKPIL,20110817,18.05,18.2,17.1,17.6,7901558
HALONIX,20110817,72,72,70,71,585
HANUNG,20110817,121.95,125.9,115,117.4,105007
HARITASEAT,20110817,81.4,81.4,80.95,81,184
HARRMALAYA,20110817,69.9,70.45,67.55,68,36626
HATHWAY,20110817,91,91,80.6,87,71381
HAVELLS,20110817,349.5,359.8,338.5,340.65,387020
HBLPOWER,20110817,14.35,14.65,13.6,13.9,81230
HBSTOCK,20110817,11.15,11.25,11.1,11.1,528
HCC,20110817,27.5,27.85,25.65,26.65,5388852
HCIL,20110817,50.5,52.85,50.5,51.9,95049
HCL-INSYS,20110817,75.5,75.55,73,74.25,104552
HCLTECH,20110817,405.65,426,405.65,423.2,611975
HDFC,20110817,645.1,670.5,645.05,660.6,3374731
HDFCBANK,20110817,456.05,472.45,455.9,467.5,3134201
HDFCMFGETF,20110817,2615,2620,2595,2618.15,3275
HDIL,20110817,103.75,106.3,98.8,102.75,11391000
HEG,20110817,228,228,224.4,224.85,36574
HEIDELBERG,20110817,34.9,34.9,33,33.2,23602
HELIOSMATH,20110817,25.3,26.4,24.95,25.05,11273
HERCULES,20110817,247.9,255,240.05,241.9,81794
HERITGFOOD,20110817,194,196,190,194,3259
HEROMOTOCO,20110817,1890.5,1952,1890.5,1939.55,756048
HEXAWARE,20110817,81,82.8,80.05,80.8,753399
HFCL,20110817,12.8,13.1,12.35,12.4,767295
HGSL,20110817,345,345,330.5,332.2,2409
HIKAL,20110817,287.5,329.9,278.15,282.6,21530
HILTON,20110817,14,14.15,13.5,14.05,3946
HIMATSEIDE,20110817,31,31.85,30.55,30.8,7665
HINDALCO,20110817,144.5,146.4,140.1,142.55,7156031
HINDCOMPOS,20110817,480,480,480,480,1
HINDCOPPER,20110817,232.95,232.95,224.6,225.75,29720
HINDDORROL,20110817,37.2,38.9,37.1,38.05,22004
HINDMOTORS,20110817,15.15,15.3,14.75,14.9,149736
HINDNATGLS,20110817,204,205.75,196,197,1125
HINDOILEXP,20110817,129.35,130.25,120,126.15,912483
HINDPETRO,20110817,378.05,381.3,374.65,379.25,663712
HINDUJAVEN,20110817,306,311.9,295,306.35,5596
HINDUNILVR,20110817,311,319,310.55,316.4,1950763
HINDZINC,20110817,123.25,123.5,120.35,123,471194
HIRECT,20110817,43.15,45.5,41.15,43.2,3614
HITACHIHOM,20110817,169.95,169.95,156.15,158.85,8199
HITECHGEAR,20110817,125.5,126.5,123.5,125.05,12228
HITECHPLAS,20110817,81,82,80.05,80.6,203
HMT,20110817,47.75,47.75,46.25,46.4,33656
HMVL,20110817,132.05,136.4,130.55,133.55,1935
HNGSNGBEES,20110817,1203,1235,1203,1235,6
HOCL,20110817,26,26,22.4,24.2,117087
HONAUT,20110817,2545,2545,2474.4,2480.5,168
HONDAPOWER,20110817,390.25,393,381.3,385,987
HOTELEELA,20110817,39.5,39.5,37.8,38.2,170389
HOTELRUGBY,20110817,7.45,7.65,7.45,7.45,5075
HOVS,20110817,61.9,63,58.55,60.25,9718
HSIL,20110817,208.85,208.85,205.1,206.2,81833
HTMEDIA,20110817,151.55,156.3,150,150.5,371205
HYDRBADIND,20110817,327.05,331.9,322,324.85,7470
HYDROS&S,20110817,22.95,22.95,19.15,20.35,1344
IBPOW,20110817,15,15,14.25,14.55,286689
IBREALEST,20110817,75.25,76.2,70.7,75.25,8395728
IBSEC,20110817,9.4,9.4,8.4,8.75,933047
ICICIBANK,20110817,933,942,906.65,909.8,5926423
ICIL,20110817,10,10.9,9.2,10.15,2831
ICRA,20110817,1015,1027.8,993,1001.7,4135
ICSA,20110817,80.1,81,68.25,69.15,300872
IDBI,20110817,117,117.75,111.05,112.45,1952038
IDEA,20110817,92.25,95.25,89.7,94.45,5220988
IDFC,20110817,115.2,116.55,111.1,112.4,10129833
IFBAGRO,20110817,147.9,161.3,143.6,160.7,348329
IFBIND,20110817,123.9,127.5,122.5,124.15,63797
IFCI,20110817,41.25,41.6,39.7,40.25,7969634
IFGLREFRAC,20110817,36,36,32.6,35,5350
IGARASHI,20110817,45,45,40.6,41.05,10327
IGL,20110817,398,428.4,398,421.55,232883
IGPL,20110817,25.8,25.8,21.1,21.75,1584
IL&FSENGG,20110817,97,101.8,96,96.5,11052
IL&FSTRANS,20110817,181.4,189.9,179,180.5,26303
IMPAL,20110817,615,622.5,615,620,561
IMPEXFERRO,20110817,8.15,8.15,7.3,7.5,2066
INDBANK,20110817,8.7,9,8.25,8.65,14300
INDHOTEL,20110817,70,71.6,69.8,70.1,1531078
INDIABULLS,20110817,160.85,164.5,154.6,156.35,1112332
INDIACEM,20110817,70.7,70.7,67.25,68.1,437985
INDIAGLYCO,20110817,134.9,139.4,133,134.2,332599
INDIAINFO,20110817,71.1,71.8,69.2,70.85,907109
INDIANB,20110817,219.5,222.25,211.15,212.75,521027
INDIANCARD,20110817,92.1,94.7,88,89.55,1471
INDIANHUME,20110817,118.05,120.9,116,116.25,1890
INDLMETER,20110817,93,96.45,91.1,94.4,774
INDNIPPON,20110817,251,253,250,250.9,418
INDOASIFU,20110817,64,64,56.6,62.2,11438
INDOCO,20110817,385,389.95,376.6,380.6,495
INDORAMA,20110817,36,37.25,34,34.4,52170
INDOSOLAR,20110817,9.9,10,8.85,8.95,810253
INDOTECH,20110817,128,129.9,124.55,126,3588
INDRAMEDCO,20110817,35.2,35.5,35,35.35,27751
INDSWFTLAB,20110817,85.7,88.5,82,83.2,46193
INDSWFTLTD,20110817,27.25,28,27.25,27.45,7361
INDUSFILA,20110817,18,19.8,18,19.3,14037
INDUSINDBK,20110817,256.15,258.7,240.7,246.05,932293
INEABS,20110817,580,580,553.05,558.3,2364
INFINITE,20110817,89.35,89.95,86.5,87.45,11286
INFODRIVE,20110817,11.75,12.15,11.1,11.9,4284
INFOMEDIA,20110817,12.5,13.25,12,12.5,133309
INFOTECENT,20110817,117.65,119.95,115,115.45,3902
INFRABEES,20110817,278,278,272.2,277.5,513
INFY,20110817,2396,2465.5,2396,2448.95,1066416
INGERRAND,20110817,456.05,463,451.2,454.65,6116
INGVYSYABK,20110817,328.95,332,317.05,319.6,35382
INNOIND,20110817,94,94,91,92.3,112479
INOXLEISUR,20110817,42.55,43.4,41.2,41.55,56015
INSECTICID,20110817,374.8,386.5,370.15,379.2,148061
INVENTURE,20110817,223.3,256.95,212.6,232.95,7894216
IOB,20110817,119.5,120.5,116.1,118.75,667233
IOC,20110817,322.65,323.4,312.5,313.5,517541
IOLCP,20110817,33.3,34,33.3,33.35,642
IPCALAB,20110817,320,320,314.15,319,198539
IPGETF,20110817,2598.5,2650,2598.5,2639,996
IRB,20110817,156,156,146.2,147.7,1798304
ISFT,20110817,57,59.45,55.15,58.15,1063
ISMTLTD,20110817,34.5,34.5,33,33.35,18353
ITC,20110817,200,205,199.5,204.25,9695022
ITDCEM,20110817,150.9,150.9,147.1,147.4,877
ITI,20110817,24.35,24.7,23.8,24.25,120598
IVC,20110817,28.45,29.25,27.4,28.7,211764
IVP,20110817,47.25,47.25,46.95,46.95,4
IVRCLAH,20110817,34.9,38,32,32.9,36791
IVRCLINFRA,20110817,39.1,40.7,37.3,38.4,9746016
J&KBANK,20110817,827,838.5,805.5,813.25,6056
JAGRAN,20110817,111.95,111.95,107.4,108.35,32840
JAGSNPHARM,20110817,12.45,12.6,12.1,12.55,7515
JAIBALAJI,20110817,149.1,152.3,141.15,143.8,22509
JAICORPLTD,20110817,78.1,79.05,74.05,74.8,255352
JAINSTUDIO,20110817,9.4,9.4,9.4,9.4,365
JAMNAAUTO,20110817,122.9,122.9,120.5,121.35,932
JAYAGROGN,20110817,85.05,91,85.05,87.55,10008
JAYBARMARU,20110817,64.25,64.9,61.5,62.55,1160
JAYNECOIND,20110817,18,18,17.05,17.3,27215
JAYSREETEA,20110817,139.2,141.95,138,138.65,24930
JBCHEPHARM,20110817,150.65,151.7,146.2,147.6,159906
JBFIND,20110817,136.4,136.4,127,128.25,104083
JENSONICOL,20110817,3.9,3.9,3.7,3.75,17933
JETAIRWAYS,20110817,345,353,300,304.55,3690745
JHS,20110817,32,32.7,31,31.45,46253
JIKIND,20110817,7,7,6.45,6.55,10292
JINDALPHOT,20110817,153,160.5,152,152.95,84434
JINDALPOLY,20110817,255.55,255.55,238.55,240.5,565905
JINDALSAW,20110817,116.05,121.9,112.1,120.2,511317
JINDALSTEL,20110817,507.15,524.8,507.15,514.95,755833
JINDALSWHL,20110817,677,677,645.15,650.85,43857
JINDCOT,20110817,100.05,101.8,98.1,100.45,132898
JINDRILL,20110817,409.9,409.9,385,386.4,5749
JINDWORLD,20110817,155.5,156,145.3,147.25,6343
JISLJALEQS,20110817,171,171,166.25,167.5,1610905
JKCEMENT,20110817,102.15,105,101.55,102.05,4229
JKIL,20110817,100.25,104.5,96,97.9,9371
JKLAKSHMI,20110817,41.05,41.4,40.15,40.9,46325
JKPAPER,20110817,43.9,43.9,42.6,43.7,221563
JKTYRE,20110817,88.8,88.8,86.2,87.6,33481
JMCPROJECT,20110817,131,139.95,125.05,133.7,2779
JMFINANCIL,20110817,18.5,19,16.9,18.15,1023135
JOCIL,20110817,292,292.5,283.2,285.85,1217
JPASSOCIAT,20110817,58.1,59,56.6,57.8,12298948
JPINFRATEC,20110817,40.05,40.9,38.8,39.9,110502
JPPOWER,20110817,37.6,38.4,36.05,36.7,635529
JSL,20110817,88,94,85.15,93,113038
JSWENERGY,20110817,57,59,54.6,55.85,658643
JSWISPAT,20110817,14.5,14.65,13.95,14.35,3286985
JSWSTEEL,20110817,642.95,653,632,641.25,1997657
JUBILANT,20110817,200,208.95,186.1,190,166779
JUBLFOOD,20110817,915,953.95,896.35,947.25,2561651
JUBLINDS,20110817,179.75,185.85,175.1,178.1,16313
JUNIORBEES,20110817,103.4,103.75,100.85,101.38,43285
JUPITER,20110817,15.3,15.3,14.4,14.65,250264
JVLAGRO,20110817,16.95,17.5,16.7,16.75,36188
JYOTHYLAB,20110817,198,198.4,184.5,186,313921
JYOTISTRUC,20110817,69,69.25,67,67.6,38618
KABRAEXTRU,20110817,40,41.65,37.8,38.55,51439
KAJARIACER,20110817,106.95,106.95,103.1,104.4,74435
KAKATCEM,20110817,70,70.5,68.05,69.55,708
KALECONSUL,20110817,70,71.5,68.15,69.2,1561
KALINDEE,20110817,110.8,110.9,108.1,108.7,59900
KALPATPOWR,20110817,117.55,119.75,111.2,114.6,27991
KAMATHOTEL,20110817,79,82.4,77.1,80.3,4250
KANORICHEM,20110817,35.5,35.5,33.4,33.75,25624
KANSAINER,20110817,870,885,865.25,870.05,377
KARMAENG,20110817,11.55,13,11.5,11.5,2706
KARURKCP,20110817,37.5,37.5,32.15,32.2,3595
KARURVYSYA,20110817,376,378,360.35,362.75,148059
KAUSHALYA,20110817,8,8.7,7.55,7.65,8841
KAVVERITEL,20110817,133,137.5,132.6,134.35,28697
KBIL,20110817,640,655,640,640,426
KCP,20110817,27.95,27.95,25.9,26.25,34773
KCPSUGIND,20110817,15.25,15.35,15,15,14952
KEC,20110817,70.25,70.3,68,68.3,36993
KECL,20110817,36.4,37,34.5,36.3,2032
KEI,20110817,18.35,18.85,17.3,17.6,32144
KEMROCK,20110817,515.5,517.95,510.1,514.35,9985
KERNEX,20110817,97,98,93.1,96.35,29350
KESARENT,20110817,49.5,54.75,49,50.75,1016
KESORAMIND,20110817,126.5,126.5,122,123.25,17970
KFA,20110817,26.85,27.1,24.2,25.15,3614682
KGL,20110817,9.1,9.95,7.2,7.35,13091917
KHAITANELE,20110817,92.25,98.8,89,94.7,1626
KHAITANLTD,20110817,23.55,24.6,23.55,23.6,215
KICL,20110817,500,505.55,470,474.6,1059
KIL,20110817,14,14.35,13.55,13.65,5428
KILITCH,20110817,60.2,63.95,60.2,62.6,1028
KINETICMOT,20110817,16.9,17.1,16.25,16.35,9103
KIRIINDUS,20110817,149,150.15,130.6,132.8,147887
KIRLOSBROS,20110817,150,153.9,142.2,148.5,6774
KIRLOSENG,20110817,115,122.95,111.3,117.05,3771
KIRLOSIND,20110817,283.6,283.6,279,279.25,124
KKCL,20110817,753,764,742,759.8,1783
KLGSYSTEL,20110817,36,36.45,35.25,35.9,11366
KLRF,20110817,25,26.3,23.1,25.75,729
KMSUGAR,20110817,2.6,2.85,2.6,2.8,4439
KNRCON,20110817,112,115.8,111.05,112.1,7541
KOHINOOR,20110817,40.2,41.85,39.1,40.25,40062
KOLTEPATIL,20110817,38.2,39.4,37.05,37.35,14491
KOPRAN,20110817,25.7,26.2,24.1,24.2,80014
KOTAKBANK,20110817,445,453.75,430.3,445.5,842346
KOTAKGOLD,20110817,2548.9,2566.95,2544,2564.4,6320
KOTAKNIFTY,20110817,520,523,518.2,520,1011
KOTAKPSUBK,20110817,386,388,385,386,154
KOTARISUG,20110817,5.8,6,5.8,5.85,43869
KOTHARIPET,20110817,7.25,7.5,7.2,7.3,4575
KOTHARIPRO,20110817,535,547,527.3,537.1,3734
KOUTONS,20110817,21.25,22.2,18.25,21.65,88925
KPIT,20110817,162.65,164,156.35,159.85,76928
KPRMILL,20110817,106.2,109.1,100.5,101.95,10240
KRBL,20110817,27,27,25.6,25.95,754425
KRISHNAENG,20110817,3.65,3.75,3.65,3.75,600
KSBPUMPS,20110817,217.05,220,213.25,213.4,2422
KSCL,20110817,440,441,429,433.15,22520
KSE,20110817,215,220,210,219,244
KSERASERA,20110817,13.4,13.4,12.4,12.75,1093784
KSK,20110817,101.55,101.95,100.1,100.7,90409
KSL,20110817,53.6,54,51.85,52.25,14204
KSOILS,20110817,8.95,9.5,7.65,7.95,72605173
KTIL,20110817,75.55,76.5,75.05,76.15,332
KTKBANK,20110817,100.05,101.75,94.6,96.95,1682660
KWALITY,20110817,156.9,170.7,150,152.45,1145183
L&TFH,20110817,49.65,49.8,48,48.15,4804559
LAKPRE,20110817,40,44,40,43,504
LAKSHMIEFL,20110817,25.8,25.9,23.85,24.9,69144
LAKSHMIMIL,20110817,1720,1764.95,1698,1733.85,59
LAKSHVILAS,20110817,104.65,106.7,104.65,105.9,84763
LANCOIN,20110817,36.05,36.5,34.2,34.55,43750
LAOPALA,20110817,92.25,98.8,86.95,91.3,36935
LAXMIMACH,20110817,1972.4,2022,1972.4,2001.05,4921
LCCINFOTEC,20110817,0.65,0.65,0.55,0.65,20569
LGBBROSLTD,20110817,287.9,288,282,283.45,1781
LGBFORGE,20110817,2.55,2.85,2.45,2.6,7600
LIBERTSHOE,20110817,88.55,90.7,86.6,87.35,22063
LICHSGFIN,20110817,212,214.45,206.2,208.4,2406700
LIQUIDBEES,20110817,1000,1000.01,999.99,1000,76551
LITL,20110817,16.85,17.4,16.35,16.6,11703315
LLOYDELENG,20110817,52.7,53.2,51,52.7,36754
LLOYDFIN,20110817,1,1.1,1,1.1,1768
LLOYDSTEEL,20110817,15,15,14,14.1,294008
LML,20110817,9.85,9.85,9.25,9.3,190824
LOGIXMICRO,20110817,14.5,14.5,13.65,14.2,7606
LOKESHMACH,20110817,40.05,40.85,40,40.2,4258
LOTUSEYE,20110817,10.35,10.35,9.1,9.55,53491
LOVABLE,20110817,455,456,434,438,488418
LPDC,20110817,2.3,2.5,2.3,2.35,9884
LT,20110817,1621.3,1654,1604.15,1643.4,1371866
LUMAXAUTO,20110817,28.25,29.7,27,27.35,3306
LUMAXIND,20110817,318.2,328.85,317.4,321.8,1960
LUMAXTECH,20110817,176,181.8,173.55,177.85,9380
LUPIN,20110817,456.9,456.9,443.75,445.45,295525
LYKALABS,20110817,15.05,15.6,14.85,14.95,6422
M&M,20110817,726.75,730,713.75,719.15,1614704
M&MFIN,20110817,666.1,675.4,663.2,664.8,104676
M100,20110817,7.6,7.6,7.28,7.28,51484
M50,20110817,68.03,68.89,66.7,66.98,7817
MAANALU,20110817,54.75,54.75,50.05,51.3,3401
MADHAV,20110817,16.1,17,15.9,17,3581
MADHUCON,20110817,72.5,72.6,70.25,71.3,6927
MADRASCEM,20110817,85.25,89.45,85.05,86.95,95293
MADRASFERT,20110817,26,26,24.2,24.6,109265
MAGMA,20110817,75,76.2,73.15,75.65,587008
MAGNUM,20110817,4.9,5,4.85,5,4215
MAHABANK,20110817,51,52.75,50.3,50.9,63995
MAHINDFORG,20110817,64.8,64.8,60.6,61.1,9470
MAHLIFE,20110817,339,342.65,337,338.35,1058
MAHSCOOTER,20110817,321.05,321.05,306,306.95,241
MAHSEAMLES,20110817,354,359.95,354,355.65,3207
MAITHANALL,20110817,120,120,110,110.05,673
MALUPAPER,20110817,10.8,11.25,10.8,10.9,3720
MALWACOTT,20110817,25,28.8,24.15,25.95,1713
MANAKSIA,20110817,60.35,61,58.2,60.7,19310
MANALIPETC,20110817,11.2,11.75,11.05,11.2,68986
MANAPPURAM,20110817,53.9,54,52.55,53,1342235
MANDHANA,20110817,214.7,214.9,211,214,137091
MANGALAM,20110817,13.25,13.65,13.25,13.45,4692
MANGCHEFER,20110817,31.95,31.95,29.8,30.45,284393
MANGLMCEM,20110817,100,110.6,97.5,102.95,21215
MANINDS,20110817,141.15,141.15,127.2,129.1,18931
MANINFRA,20110817,104.05,107.4,99,105.4,7911
MANJEERA,20110817,88,93.9,83.1,86.45,200
MANJUSHREE,20110817,85.05,86.35,84.35,85.7,10365
MANUGRAPH,20110817,49.55,51,49.25,50,18389
MARALOVER,20110817,11.3,13,11.3,12.9,5799
MARG,20110817,78.65,80.4,77.05,77.95,30301
MARICO,20110817,163,163.8,155.05,159.3,352832
MARUTI,20110817,1220,1230.8,1179,1186,385046
MASTEK,20110817,90,93.5,88.5,92.6,119841
MAWANASUG,20110817,19.5,20,18.3,19,4003
MAX,20110817,183,185.8,182.95,184,578501
MBECL,20110817,133.9,137,130.6,131.3,7269
MBLINFRA,20110817,140,140,121.6,122.55,24854
MCDHOLDING,20110817,65.5,65.5,62.25,64.1,4190
MCDOWELL-N,20110817,965,971.85,948.5,956.75,120375
MCLEODRUSS,20110817,216.1,233.9,216.1,228.15,500202
MEGASOFT,20110817,15.8,16.25,15.4,15.95,4873
MEGH,20110817,10.15,10.35,9.9,9.95,109128
MELSTAR,20110817,7.4,8.1,7.4,8,60
MERCK,20110817,635,645,635,636.7,2320
MHRIL,20110817,362.6,363.95,357,358.5,3394
MIC,20110817,12.4,12.6,11.8,11.95,137003
MICROSEC,20110817,27.5,27.5,25.05,25.05,71839
MICROTECH,20110817,111.5,115.2,107,109.05,19748
MINDAIND,20110817,184,193,180.2,190.8,515
MINDTREE,20110817,357,365,350.1,358.15,38953
MIRCELECTR,20110817,18.95,18.95,18,18.2,72490
MIRZAINT,20110817,18,18.2,17.4,17.65,61311
MLL,20110817,25.9,26.4,23.8,24.35,1703992
MMFL,20110817,108,109,103.15,104.95,18191
MMFSL,20110817,83.2,87,82.6,82.6,23871
MMTC,20110817,751.05,754.05,725,726.5,12103
MOIL,20110817,307.55,312.35,305.5,310.3,105283
MONNETISPA,20110817,486.55,495,482.3,486.8,28686
MONSANTO,20110817,1860,1879,1823.05,1837.45,2775
MORARJETEX,20110817,12.15,13.2,12.15,12.75,1328
MOREPENLAB,20110817,3.95,3.95,3.75,3.8,124749
MOSERBAER,20110817,25.2,26.3,24,24.25,1051061
MOTHERSUMI,20110817,226.1,228,215.2,219.7,104957
MOTILALOFS,20110817,89,89,81.35,82.15,2990
MOTOGENFIN,20110817,42.65,42.65,39,40,1813
MPHASIS,20110817,395.05,403.9,380,383.85,168212
MRF,20110817,6828,6950,6650,6742.75,8552
MRO-TEK,20110817,11.5,12,11.3,11.6,3978
MRPL,20110817,65.5,67.8,62.35,66.7,1038411
MSPL,20110817,45.1,47,44.55,46.15,9943
MTNL,20110817,38.45,38.75,36.5,37.25,974041
MUDRA,20110817,23.85,24.8,23.1,23.85,6930
MUKANDENGG,20110817,29.4,29.4,27.5,27.65,5983
MUKANDLTD,20110817,36.85,37,34.5,35.05,10967
MUKTAARTS,20110817,39,39.8,35.45,36.85,4492
MUNDRAPORT,20110817,139.4,141.3,136.05,138.6,666711
MUNJALAU,20110817,163,164.8,158,158.5,12034
MUNJALSHOW,20110817,63.4,64.2,61.1,61.85,21792
MURUDCERA,20110817,17.2,17.2,16,16,4293
MUTHOOTFIN,20110817,183.2,187.5,177.5,179.5,264162
MVL,20110817,25.1,25.1,24.45,24.85,228096
MVLIND,20110817,12.75,13,11.1,12.5,3817
MYSOREBANK,20110817,550.1,569.9,550.1,557.3,1473
N100,20110817,96,98.85,91,93.97,1166
NAGARFERT,20110817,28.65,28.7,27,27.25,1889689
NAGREEKCAP,20110817,23.1,25.9,23.1,24.1,1842
NAGREEKEXP,20110817,17.1,18.6,17.1,18,779
NAHARCAP,20110817,50.3,52,50.3,51.2,832
NAHARINDUS,20110817,40.1,44,40.1,42.6,1686
NAHARPOLY,20110817,23.5,26,23.25,24.45,473
NAHARSPING,20110817,59,59,54,55.85,17241
NANDAN,20110817,2.5,2.55,2.45,2.5,212670
NATCOPHARM,20110817,259.5,262.8,254.05,260.1,15295
NATIONALUM,20110817,62,63,61,61.4,165135
NATNLSTEEL,20110817,14.55,14.8,14.3,14.4,12606
NAUKRI,20110817,730,730,696,702.45,523
NAVINFLUOR,20110817,320,334,320,322.5,15381
NAVNETPUBL,20110817,61.15,62.7,59.5,62,129168
NBVENTURES,20110817,203.9,204.25,197.15,201.4,14402
NCC,20110817,54.15,57.4,53.5,56.4,682997
NCLIND,20110817,37.4,37.7,36.25,36.3,23506
NDTV,20110817,50.75,50.75,48,48.75,49003
NECLIFE,20110817,20,20.25,19.8,19.9,59414
NEHAINT,20110817,119.95,124.7,114.1,120.5,209446
NELCAST,20110817,103.5,103.5,97,101.8,11250
NELCO,20110817,58.25,59.3,56.3,57.05,25285
NEPCMICON,20110817,4,4.2,3.8,3.95,54564
NESCO,20110817,615,626,602.1,604.9,66243
NESTLEIND,20110817,4164.05,4198,4131,4145.75,9355
NET4,20110817,126,130,123.6,129.3,37069
NETWORK18,20110817,95,100.95,92.2,94.05,98809
NEULANDLAB,20110817,93.1,93.1,90,90,31
NEXTMEDIA,20110817,5,5.3,4.9,5.1,25780
NEYVELILIG,20110817,85.1,85.9,84.1,84.9,68894
NFL,20110817,83.9,83.9,80.25,80.8,175316
NHPC,20110817,24.8,25,24.6,24.75,2615767
NIFTYBEES,20110817,517.25,524.7,515.01,518.38,81681
NIITLTD,20110817,46.95,48.1,45.6,47.5,112980
NIITTECH,20110817,199,205.3,196.25,197.4,220406
NILKAMAL,20110817,252.95,258,246,249.55,3733
NIPPOBATRY,20110817,387.5,392,387,390,80
NISSAN,20110817,2.25,2.3,2.15,2.25,122888
NITCO,20110817,53,54.2,50.4,51.15,19493
NITESHEST,20110817,20.6,20.6,19.25,19.75,69096
NITINFIRE,20110817,107.4,117.95,101.6,113.6,1054661
NITINSPIN,20110817,7,7,6.45,6.55,17248
NMDC,20110817,232.15,233,219.2,220.35,261231
NOCIL,20110817,15.65,16.3,15.15,15.95,141098
NOIDATOLL,20110817,21.95,22.35,21.4,21.6,313577
NOL,20110817,38.6,40.95,38.6,40,1061
NORBTEAEXP,20110817,4.95,5.25,4.9,5.15,2062
NORTHGATE,20110817,11.6,11.85,11.1,11.25,26530
NOVOPANIND,20110817,42,42.85,38.35,42,6056
NRBBEARING,20110817,43.7,44.65,43.7,44.5,1747
NRC,20110817,4.55,4.95,4.5,4.6,4515
NSIL,20110817,687,690,646.3,653.45,283
NTPC,20110817,174.15,178.5,174,175.35,2061472
NUCHEM,20110817,3.05,3.3,3.05,3.15,4320
NUCLEUS,20110817,66,68.5,65,66,7194
NUMERICPW,20110817,217,218,210.05,210.9,1559
NUTEK,20110817,3.35,3.7,3.35,3.5,903764
OBEROIRLTY,20110817,226,229.8,223.65,225.5,352782
OCL,20110817,95,95,93.05,93.9,5933
OFSS,20110817,1900,1925,1825.15,1865.45,64943
OIL,20110817,1320,1334.85,1311.5,1319.55,74795
OILCOUNTUB,20110817,68,69,67.05,68.4,82395
OISL,20110817,51.3,53.9,51,51.35,13017
OMAXAUTO,20110817,36.65,37.95,36.65,37.05,5084
OMAXE,20110817,127,128,123.9,125.15,50846
OMKARCHEM,20110817,57.3,58.95,55.55,58.3,27191
OMMETALS,20110817,28.4,28.4,25.8,25.95,2567
OMNITECH,20110817,127.5,137,127.5,134,10333
ONGC,20110817,273,282.15,273,277.15,2448012
ONMOBILE,20110817,65.05,67.4,62.9,65.7,428353
ONWARDTEC,20110817,34.3,34.3,32.45,32.55,3504
OPTOCIRCUI,20110817,277.05,286.9,277.05,281.05,157100
ORBITCORP,20110817,36.05,40.3,35.85,37.95,579491
ORCHIDCHEM,20110817,202,212.6,198.9,202.6,3343293
ORIENTABRA,20110817,29.05,30,29,29.7,18836
ORIENTALTL,20110817,7.9,7.9,7.85,7.85,500
ORIENTBANK,20110817,324.9,324.9,312.2,316.7,388997
ORIENTCERA,20110817,49.55,52,49.55,51.7,149
ORIENTHOT,20110817,28,28.5,27.75,27.8,5634
ORIENTLTD,20110817,74,75.35,74,75.35,29
ORIENTPPR,20110817,58,59,57.8,58.25,89619
ORISSAMINE,20110817,45699.95,45800,43515,43851.6,1402
OUDHSUG,20110817,25.85,25.85,24.1,25.15,12903
PAEL,20110817,22.5,22.7,20.65,22.5,11646
PAGEIND,20110817,2650,2694.95,2600,2646.5,12355
PANACEABIO,20110817,175,181.95,171.75,179.95,77803
PANCARBON,20110817,133.3,138,133.3,136.3,464
PANORAMUNI,20110817,9.05,9.45,8.8,8.9,29173
PANTALOONR,20110817,293.05,300.6,282.1,288.15,739624
PAPERPROD,20110817,84.7,85,78.5,80.25,48691
PARABDRUGS,20110817,34,34.95,31.8,32.15,20178
PARACABLES,20110817,3,3.1,2.7,2.7,46978
PARAL,20110817,245.5,248.95,235,242.95,2989
PARAPRINT,20110817,27.8,28,26.5,26.75,178322
PARASPETRO,20110817,0.5,0.55,0.45,0.55,133364
PAREKHPLAT,20110817,3.6,3.6,3.4,3.55,890
PARSVNATH,20110817,45.1,45.6,37,45.4,535900
PATELENG,20110817,105,105,99.6,102.5,613630
PATINTLOG,20110817,28,28.5,26,27.9,8271
PATNI,20110817,273.2,277.9,261.6,265.55,177550
PATSPINLTD,20110817,12.05,13,12.05,12.95,1042
PBAINFRA,20110817,47.4,48,44.2,44.9,10116
PDUMJEIND,20110817,21.55,22,21.25,22,46
PDUMJEPULP,20110817,19.5,20.1,18.05,18.95,6300
PEACOCKIND,20110817,2.55,2.95,2.55,2.75,965
PENIND,20110817,37.1,38.7,37.1,38.05,7685
PENINLAND,20110817,45.9,45.9,44,44.2,11798
PEPL,20110817,3.25,3.25,2.95,3.1,7
PERIATEA,20110817,130.3,147,130.3,140,93
PERSISTENT,20110817,302.55,315.2,300,310.2,24727
PETRONENGG,20110817,375.05,375.05,371.05,372.55,3517
PETRONET,20110817,165.05,169.95,164,168.75,2264929
PFC,20110817,167.8,170.8,157.55,159.3,3249417
PFIZER,20110817,1433,1433,1388,1394.45,3851
PFOCUS,20110817,65.6,66.65,62,63.9,846300
PFS,20110817,18,18.15,17.5,18,164098
PGHH,20110817,1985,1985,1950,1950.7,820
PHILIPCARB,20110817,135.1,138.9,134.1,134.85,27563
PHOENIXLTD,20110817,216,216,210.05,214.05,1677
PIDILITIND,20110817,168.55,170.4,167.15,168.15,64568
PIIND,20110817,600,600,520,542.55,164206
PIONDIST,20110817,59,59,48.25,51,3566
PIONEEREMB,20110817,12.65,13.7,12.65,13.7,101
PIPAVAVYD,20110817,67.05,69,65.1,66.2,7128260
PIRGLASS,20110817,136,139.1,133.2,135.5,19075
PIRHEALTH,20110817,382.65,382.7,371,373.4,75123
PIRLIFE,20110817,91,91,89,89.5,113426
PITTILAM,20110817,39.7,40.65,39.2,39.8,3836
PLASTIBLEN,20110817,196.5,196.5,189.05,191.35,689
PLETHICO,20110817,379.2,379.2,373.25,375.25,93928
PNB,20110817,1074,1079.15,1029,1043.35,479208
PNBGILTS,20110817,24.3,24.5,24,24.05,55745
PNC,20110817,13.5,13.75,13.5,13.75,990
POCHIRAJU,20110817,13.35,13.65,12.85,13.2,7062
POLARIND,20110817,4.35,4.65,4.3,4.45,12201
POLARIS,20110817,124.15,134.45,124.15,133.35,1836804
POLYPLEX,20110817,191.2,193.3,184.5,188.95,54407
PONDYOXIDE,20110817,30.25,32,30.25,31.1,7981
PONNIERODE,20110817,84,84,82,83,1325
POWERGRID,20110817,102.7,104.7,102.7,103.15,4179890
PPAP,20110817,94,97.75,85.6,95.9,11235
PRADIP,20110817,77.05,77.1,71.5,73.95,2517
PRAENG,20110817,8.55,8.75,8.2,8.3,65791
PRAJIND,20110817,71.3,73.25,70.6,71.8,848384
PRAKASH,20110817,47.5,57.8,47.5,55.5,55793
PRAKASHSTL,20110817,130.9,135.5,126.55,130.45,74737
PRATIBHA,20110817,44.3,44.7,42,42.9,154633
PRECOT,20110817,109.25,115.45,102.35,107.9,329
PRECWIRE,20110817,97,98.1,93.5,94.75,4237
PREMIER,20110817,76.2,80,76.2,79.45,3955
PRESTIGE,20110817,107.85,108,101.5,103.25,59209
PRETAILDVR,20110817,190,190,172,174.6,768
PRICOL,20110817,18.8,18.8,16.5,16.65,13977
PRIMESECU,20110817,18.55,20.25,18.4,18.7,16224
PRISMCEM,20110817,42.9,43.2,42.5,42.5,41325
PRITHVI,20110817,21,21.75,20.1,20.6,12476
PRITHVISOF,20110817,14.55,14.55,14.25,14.4,345
PROVOGUE,20110817,29.8,29.8,28.05,28.95,142740
PSB,20110817,85,85.8,82.5,82.8,33517
PSL,20110817,62.85,63.15,61.25,61.6,36277
PSUBNKBEES,20110817,364.3,368,360.05,362.38,2467
PTC,20110817,74.95,74.95,70.5,70.9,1039463
PTL,20110817,26.25,27,25.05,26.55,4635
PUNJABCHEM,20110817,77,77,69,69.5,482
PUNJLLOYD,20110817,56,58.5,55.1,57.55,5419913
PURVA,20110817,64.9,65.5,61.5,62.3,13883
PVP,20110817,7.25,7.25,6.5,6.55,31436
PVR,20110817,115.9,115.9,108.65,111.3,24076
QGOLDHALF,20110817,1261.15,1275,1261.15,1274.35,1828
QNIFTY,20110817,515,516.2,513,513,237
QUINTEGRA,20110817,3,3.05,3,3,18057
RADAAN,20110817,2.25,2.4,2.25,2.25,20722
RADICO,20110817,130.75,130.75,128.15,129.85,15789
RAINBOWPAP,20110817,59,59,57.05,58.15,209923
RAINCOM,20110817,32.25,33,31.55,32.35,171086
RAJESHEXPO,20110817,108.9,109.25,103.3,108.05,325995
RAJOIL,20110817,21.65,22.9,20.8,21.1,98287
RAJPALAYAM,20110817,206,220,203,205.35,1464
RAJRAYON,20110817,10.25,10.25,9.4,10,4881
RAJSREESUG,20110817,32,41,32,39.7,6972
RAJTV,20110817,43.45,46.05,43.15,45.35,16199
RAJVIR,20110817,110,114,105,107.1,174
RALLIS,20110817,169.85,170.95,161,163.35,165573
RAMANEWS,20110817,12.6,13,11.65,11.8,17886
RAMCOIND,20110817,43.1,43.5,42.25,42.25,8929
RAMCOSYS,20110817,65.1,66.05,63,64.75,8020
RAMKY,20110817,274.8,286.9,273.1,284.5,9562
RAMSARUP,20110817,11.6,11.6,9.75,9.95,58512
RANASUG,20110817,4.25,4.3,4,4.05,459175
RANBAXY,20110817,473,482.15,470.25,479.9,443154
RANEENGINE,20110817,208.1,220,208.1,216.65,5
RANEHOLDIN,20110817,218.3,220,209.95,213.65,1087
RANKLIN,20110817,12.55,12.55,12.55,12.55,7578
RATNAMANI,20110817,103.5,105,98.4,99,5053
RAYMOND,20110817,353,358.5,342.05,349.6,284632
RBL,20110817,109,114,109,112.3,3107
RBN,20110817,84,86.5,82,82.15,209385
RCF,20110817,82,82.5,78,79.4,1030113
RCOM,20110817,78.3,79,74.2,75.3,12788027
RECLTD,20110817,187,189,180.1,183.05,1991623
REDINGTON,20110817,95.8,96,90.55,92.6,111009
REFEX,20110817,15.85,16,15.4,16,15712
REIAGROLTD,20110817,26.5,26.6,25.6,25.85,418950
REISIXTEN,20110817,29.5,32.8,27.3,27.85,14950
RELAXO,20110817,285,285,275,276.2,602
RELBANK,20110817,980,980,937.5,955.21,100
RELCAPITAL,20110817,411.25,423.15,404.5,413.15,1936667
RELGOLD,20110817,2493,2494.75,2477.5,2491.65,6197
RELGRNIFTY,20110817,482,500.79,481.1,486.68,45
RELIANCE,20110817,760.5,774.4,751,755,3096352
RELIGARE,20110817,444.1,447.85,440,440.2,3441
RELIGAREGO,20110817,2600,2625,2600,2615.95,225
RELINFRA,20110817,456.8,457.8,440,452.15,1144747
RELMEDIA,20110817,92.45,93.85,88.8,89.4,329258
RENUKA,20110817,58,59.25,55.1,58.35,8547563
REPRO,20110817,143,150,143,145.7,8166
RESPONIND,20110817,109,109,105.8,107,13117
RESURGERE,20110817,0.4,0.4,0.3,0.35,3816961
RICOAUTO,20110817,11.9,11.9,11.05,11.5,161173
RIIL,20110817,415.2,422.9,392.95,398.05,100235
RKDL,20110817,18,18,17.15,17.35,13891
RKFORGE,20110817,99.5,105,99.5,100.15,307
RMCL,20110817,5.6,5.8,5.2,5.25,118557
RML,20110817,121.95,121.95,117.15,117.15,10
ROHITFERRO,20110817,30.7,31.5,29.65,30.2,63908
ROHLTD,20110817,56.5,56.5,53.3,56,2377
ROLTA,20110817,101.1,104.7,99,102.85,402204
ROMAN,20110817,21.05,22.75,20.9,21.05,1910
RPGLIFE,20110817,79,79,77,78.45,5434
RPOWER,20110817,86,88,84.8,85.55,2944233
RPPINFRA,20110817,71,73,68.2,69.5,11146
RSSOFTWARE,20110817,44.45,46,43.35,45.4,4985
RSWM,20110817,98.5,98.5,86.1,87.35,16827
RSYSTEMS,20110817,107,107.5,100,103.55,2350
RUBYMILLS,20110817,950.1,962,920,928.8,533
RUCHINFRA,20110817,16,16.5,14.8,15.35,18640
RUCHIRA,20110817,9.15,9.25,8.25,8.45,5950
RUCHISOYA,20110817,90.1,94.9,90,93.7,201904
RUSHIL,20110817,121,126,117.5,119.5,1348227
SABTN,20110817,50,52,50,50.1,1622
SADBHAV,20110817,145,145,140.05,141.15,6339
SAGCEM,20110817,135.2,140.5,135,135,1645
SAHPETRO,20110817,32.25,33.5,31,32.75,6475
SAIL,20110817,106,108,105.25,106.55,1767271
SAKHTISUG,20110817,29.3,30.15,27.7,28.4,79831
SAKSOFT,20110817,77.5,81.6,75.7,80.95,8976
SAKUMA,20110817,13.3,13.95,13.2,13.3,12090
SALONACOT,20110817,16.5,16.5,14.25,14.25,120
SALORAINTL,20110817,26.9,29,26.25,26.3,485
SALSTEEL,20110817,5.6,5.8,5.2,5.3,33558
SAMBANDAM,20110817,75,78.45,75,77.3,566
SAMBHAAV,20110817,1.3,1.5,1.3,1.35,2278
SANDESH,20110817,273.75,273.75,266.1,266.1,204
SANGAMIND,20110817,32,32.5,31.25,31.95,2646
SANGHIIND,20110817,17.45,17.45,16.6,16.65,2313
SANGHIPOLY,20110817,1.4,1.4,1.4,1.4,7
SANGHVIFOR,20110817,25.5,26.65,25.2,25.95,8680
SANGHVIMOV,20110817,125.9,127.9,121,121.45,8986
SANWARIA,20110817,16.55,17.75,16.3,17.75,52045
SARDAEN,20110817,168.25,171.5,151.25,155.65,18008
SAREGAMA,20110817,64,66.6,63,63.25,14850
SARLAPOLY,20110817,110,110,109.15,109.15,133
SASKEN,20110817,99.1,101,96.55,98.55,29343
SATHAISPAT,20110817,40.25,42.3,40,40.35,13874
SATYAMCOMP,20110817,73.8,75,70.85,71.25,3439271
SAVERA,20110817,36,39.45,36,36.15,3361
SBBJ,20110817,440,441.85,425,426.95,6662
SBIGETS,20110817,2595,2618,2586.05,2614.2,7028
SBIN,20110817,2205,2233.4,2163.15,2170.25,1887455
SBT,20110817,642.5,647,633,641.25,2816
SCI,20110817,87,87.9,82.6,83.15,469985
SEAMECLTD,20110817,99,100.5,96.4,96.85,5227
SEINVEST,20110817,10.3,10.6,10.1,10.1,133461
SELAN,20110817,303.8,303.8,282.1,286.2,53299
SELMCL,20110817,11.8,11.95,10.65,11.15,652025
SENTINEL,20110817,14,14,12.65,12.9,11427
SERVALL,20110817,6.7,6.75,6.5,6.6,26184
SESAGOA,20110817,228.25,234.45,227.15,231.8,1523675
SESHAPAPER,20110817,210,210,198,205.3,102
SGJHL,20110817,143,143.5,135,137.15,31429
SGL,20110817,4.5,4.5,4.5,4.5,415
SHAHALLOYS,20110817,11,11,10.15,10.6,413
SHANTIGEAR,20110817,42,43.2,41.5,42.9,64516
SHARIABEES,20110817,111.7,112.7,111,111,80
SHARRESLTD,20110817,49,50.9,49,49,35141
SHASUNPHAR,20110817,70.5,70.95,65.15,68.9,29067
SHILPAMED,20110817,217,217,199,200.55,11022
SHILPI,20110817,13.4,13.5,13,13,44961
SHIV-VANI,20110817,198.95,198.95,170.05,174.65,22574
SHIVAMAUTO,20110817,102.05,103,98.7,100.2,242
SHIVTEX,20110817,23.6,25,23.6,23.8,1314
SHLAKSHMI,20110817,81.1,82,77.5,79.25,65461
SHOPERSTOP,20110817,387,393.8,379,391.05,28492
SHPRE,20110817,4.5,4.75,4.05,4.6,4894
SHREEASHTA,20110817,4,4.1,3.95,4,2347128
SHREECEM,20110817,1625,1664.3,1625,1651.3,10025
SHREERAMA,20110817,5.35,5.35,4.8,4.8,5878
SHRENUJ,20110817,50.1,56.8,50.1,56.1,102979
SHREYAS,20110817,29,29.1,27.65,28.1,1145
SHRIRAMCIT,20110817,550,550,536.4,544.6,2375
SHRIRAMEPC,20110817,126,128,124.7,126.6,2239
SHYAMTEL,20110817,38.8,38.8,37,38.3,9725
SICAGEN,20110817,20.2,20.2,18.5,18.65,18739
SICAL,20110817,80,80.35,79.5,79.65,428411
SIEMENS,20110817,861,894,861,872.85,108133
SILINV,20110817,88.1,88.1,84.45,86.65,250
SIMBHSUGAR,20110817,41,41,39,40.75,27384
SIMPLEX,20110817,88,88,75.2,77.6,4780
SIMPLEXINF,20110817,280,285,270.25,272.15,2068
SINTEX,20110817,146,147,137.1,138.2,2072794
SIRPAPER,20110817,46.5,48,44.65,44.95,1214
SITASHREE,20110817,8,8,7.25,7.4,19526
SIYSIL,20110817,345,345,328.4,329.2,661
SJVN,20110817,22,22.2,22,22.05,691389
SKFINDIA,20110817,657,664.85,652.15,655.55,14589
SKMEGGPROD,20110817,7.4,7.5,6.85,7,6840
SKSMICRO,20110817,301.85,311.05,301.85,301.85,20998
SKUMARSYNF,20110817,49,51.1,45.8,47.15,4354322
SMARTLINK,20110817,41.5,43,40.95,42,13565
SMLISUZU,20110817,358.75,359.1,351,353.6,931
SMOBILITY,20110817,98.25,100.7,96.2,99.45,22325
SMPL,20110817,6.65,7.4,6.35,6.9,534332
SMSPHARMA,20110817,165,183.4,163,166.7,382
SOBHA,20110817,230.45,237.4,225.1,229.65,183126
SOFTTECHGR,20110817,6.05,6.05,4.75,5.05,76
SOLARINDS,20110817,735,750.05,725,748.55,2149
SOMANYCERA,20110817,46,46.85,44.75,46.1,4027
SOMATEX,20110817,6.05,6.5,6,6.45,28045
SONASTEER,20110817,15.05,15.35,14.55,15.05,82359
SONATSOFTW,20110817,33.45,33.95,30.1,31.7,307320
SOTL,20110817,622.1,645,610,614.05,5297
SOUISPAT,20110817,7.3,7.3,6.9,6.9,60019
SOUTHBANK,20110817,22,22.1,21.6,21.9,1507194
SPANCO,20110817,122,125.9,109.5,123.85,56065
SPARC,20110817,72.2,73.5,68.45,72.2,176262
SPECTACLE,20110817,14.15,15,14.1,14.1,5736
SPENTEX,20110817,10.5,11,10,10.95,9807
SPIC,20110817,28.05,28.4,26.45,27.2,906733
SPLIL,20110817,3.1,3.75,3.05,3.25,10748
SPMLINFRA,20110817,142,142,130,131.25,8850
SPYL,20110817,27.2,28.5,25.4,27.05,2382
SREINFRA,20110817,36.95,37.85,36.75,37.1,678643
SRF,20110817,296.35,303,296.35,299.9,27446
SRGINFOTEC,20110817,0.45,0.55,0.45,0.45,15010
SRHHLINDST,20110817,3.6,4.45,3.6,4.4,19971
SRHHYPOLTD,20110817,38,40,38,38.5,1237
SRICHAMUND,20110817,36.75,38.6,36.75,36.75,353
SRTRANSFIN,20110817,608,621.45,599.05,618.9,357261
SSWL,20110817,269.95,280.1,262,271.7,9509
STAR,20110817,304.45,306.5,290.05,301.05,185614
STARPAPER,20110817,18.55,18.95,18,18.1,3682
STCINDIA,20110817,163,163.5,155.1,157.15,55550
STER,20110817,132.6,135.5,131.3,134.55,2747897
STERLINBIO,20110817,64.55,66.2,63.6,65.15,264850
STERTOOLS,20110817,110,116.95,108.15,108.4,206
STRTECH,20110817,38.75,39.7,37.25,38.35,531246
SUBEX,20110817,45.85,46.25,43.5,44.1,589823
SUDAR,20110817,94.3,96,90.15,91.3,33611
SUDARSCHEM,20110817,702.6,702.6,702.6,702.6,220
SUJANATOW,20110817,20.4,23.9,20,23.65,4936332
SUJANAUNI,20110817,4.5,4.8,4.4,4.45,44224
SUMEETINDS,20110817,28,28,26.95,27.05,50457
SUMMITSEC,20110817,75,78.5,73.25,73.5,272
SUNCLAYTON,20110817,138.8,142.95,138.8,141.15,4526
SUNDARAM,20110817,42.9,42.9,42.25,42.6,55210
SUNDARMFIN,20110817,535.5,538.75,529.85,532.95,34798
SUNDRMBRAK,20110817,158.5,161.35,156.3,158.9,1129
SUNDRMFAST,20110817,61,64.3,59.8,63.55,196210
SUNFLAG,20110817,28.4,28.4,27.6,28.05,64894
SUNILHITEC,20110817,87.8,88.65,83.35,83.9,32319
SUNPHARMA,20110817,471,491,471,483.95,904545
SUNTECK,20110817,270,273,264.9,269.75,4264
SUNTV,20110817,300.5,305.25,297.65,303.6,462640
SUPER,20110817,185.2,185.2,185.15,185.15,357
SUPERSPIN,20110817,9.6,10,9,9.65,34154
SUPPETRO,20110817,72.25,73,71.9,72.5,86881
SUPRAJIT,20110817,18.3,18.9,18.15,18.7,16212
SUPREMEIND,20110817,214.5,217,210.5,212.25,231374
SUPREMEINF,20110817,265.4,265.4,246.6,249,17228
SURAJDIAMN,20110817,43.3,44.6,41,42.55,20392
SURANACORP,20110817,89.6,89.6,89,89.25,18
SURANAIND,20110817,405,408,404,407.4,3709
SURANAT&P,20110817,14,15,14,14.8,730
SURANAVEL,20110817,30.55,37.4,30.55,36.55,712
SURYAJYOTI,20110817,23,24.5,22.1,22.95,1576
SURYALAXMI,20110817,57.05,58.5,54.5,57.85,12510
SURYAPHARM,20110817,16.55,18,16.45,16.95,142807
SURYAROSNI,20110817,64,66.55,63,66.05,28008
SUTLEJTEX,20110817,163.1,171.9,163.1,167.2,1561
SUVEN,20110817,17.8,18,16.75,17.2,50137
SUZLON,20110817,38.1,38.85,36.75,37.1,23375271
SWARAJENG,20110817,457,461,446.4,449.4,2133
SYMPHONY,20110817,1183,1206.9,1140,1184.3,129
SYNCOM,20110817,17,17.05,15.6,15.9,8905
SYNDIBANK,20110817,108.25,109.9,104.6,105.25,373864
TAINWALCHM,20110817,29.75,31.25,28.55,28.55,9568
TAJGVK,20110817,89,90.5,88,89.9,18366
TAKE,20110817,34.25,34.9,31.75,34,207088
TALBROAUTO,20110817,48,51,48,49.65,2450
TALWALKARS,20110817,200.8,203.95,191.1,193.45,123536
TANFACIND,20110817,24.05,24.05,24.05,24.05,100
TANLA,20110817,10.5,10.85,10,10.1,202812
TANTIACONS,20110817,52,55,47.2,48.45,8720
TARAPUR,20110817,17,18.45,17,18.1,8966
TATACHEM,20110817,357.05,360.5,352,355.3,311951
TATACOFFEE,20110817,734.8,750.95,725.5,732.25,307845
TATACOMM,20110817,202.7,207.35,200.1,201.4,107428
TATAELXSI,20110817,198.2,200.2,193.2,196.6,29918
TATAGLOBAL,20110817,98.1,98.75,94.3,95.35,1847715
TATAINVEST,20110817,454.85,456,450,452.8,3107
TATAMETALI,20110817,74.5,76.05,73.4,74.5,17701
TATAMOTORS,20110817,799,800.15,772.1,778.85,2541175
TATAMTRDVR,20110817,436.2,438,418.25,423.65,465012
TATAPOWER,20110817,1072,1085,1059.05,1073.45,623653
TATASPONGE,20110817,309.55,310.5,301.3,304.9,5961
TATASTEEL,20110817,470.25,474.7,460.55,472.9,3977809
TCI,20110817,84,84,77.1,79.85,36036
TCIDEVELOP,20110817,170.15,185,169.95,170.15,1023
TCS,20110817,974.5,1009.4,970,999.9,2278946
TECHM,20110817,728.3,738.65,709,716,247003
TECHNO,20110817,232,232,222,223.95,1652
TECHNOFAB,20110817,139,139,126.2,133.9,7731
TECPRO,20110817,280,280,261.9,269.45,22428
TELEDATAIT,20110817,0.35,0.35,0.3,0.3,380868
TELEMARINE,20110817,0.65,0.7,0.6,0.65,38107
TEXMACOLTD,20110817,31.5,31.85,29.9,30.95,72066
TEXMOPIPES,20110817,45.9,46.3,42.9,43.5,135888
TEXRAIL,20110817,76.25,82,76.25,79.95,17832
TFCILTD,20110817,29.35,29.5,28.85,28.95,27978
TFL,20110817,14.7,14.7,14.7,14.7,1233
THANGAMAYL,20110817,143.3,156.95,143.3,149.15,48279
THEMISMED,20110817,139.8,139.8,129,134.25,370
THERMAX,20110817,510,518,502,508.15,46493
THINKSOFT,20110817,37.95,38,35.75,36,19796
THIRUSUGAR,20110817,93,104,85,90,283
THOMASCOOK,20110817,43.2,44.45,43.1,43.25,56688
TI,20110817,39.9,41.3,39.4,40.2,198389
TIDEWATER,20110817,6899,6899.9,6740,6756.95,960
TIIL,20110817,39.05,39.05,37.1,37.9,2335
TIL,20110817,412.15,426.95,396,400,7528
TIMBOR,20110817,37.5,38,35.75,35.8,19378
TIMESGTY,20110817,33,33,32.5,32.5,52
TIMETECHNO,20110817,67.85,68.7,67.5,68.5,70318
TIMKEN,20110817,219.7,220,209.6,210.7,73464
TINPLATE,20110817,48.05,48.9,47.4,47.8,32344
TIPSINDLTD,20110817,27,27,24.1,24.85,2994
TIRUMALCHM,20110817,75.3,79.35,73.55,75.5,1305
TITAN,20110817,209.05,212.8,208.25,210.4,1631191
TNPETRO,20110817,16,16.4,15.85,15.9,51776
TNPL,20110817,103.4,105,102.6,103.2,14896
TODAYS,20110817,5.05,5.4,5,5.15,5625
TOKYOPLAST,20110817,15.4,15.4,15.2,15.3,2450
TORNTPHARM,20110817,625,625,613.95,617.05,2948
TORNTPOWER,20110817,215.05,216.55,207,212.75,37765
TRENT,20110817,1205,1220.95,1180.5,1209.2,8544
TRF,20110817,359.7,368,345.15,355.5,22728
TRICOM,20110817,13.4,13.7,13,13.25,66761
TRIDENT,20110817,11.05,11.8,11.05,11.5,43465
TRIGYN,20110817,14,14.35,13.35,13.8,9996
TRIL,20110817,240.4,242.55,235.05,235.5,2822
TRIVENI,20110817,27.9,28.4,26.2,26.45,336410
TTKHEALTH,20110817,497.35,498,465,467.55,97831
TTKPRESTIG,20110817,3010,3048.8,2902.3,2959.8,104574
TTL,20110817,24.8,25.55,24.8,25,17556
TTML,20110817,18.5,18.6,17.55,17.8,2477085
TUBEINVEST,20110817,141.75,142.8,135,136,32305
TULIP,20110817,145.1,147.9,141.1,145.1,77172
TULSI,20110817,13.3,13.3,12.5,12.65,62981
TULSYAN,20110817,39,42.9,39,42.8,519
TV18BRDCST,20110817,52,52.5,47.5,49.1,245477
TVSELECT,20110817,20.4,20.7,19.55,20.2,7082
TVSMOTOR,20110817,52.9,52.9,50.5,51.95,799605
TVSSRICHAK,20110817,365,367.85,348,360.15,664
TVTODAY,20110817,58,58.5,54.8,55.9,33378
TWILITAKA,20110817,40.15,42,39.5,40.05,17222
TWL,20110817,391,393.15,386.1,387.25,6469
UBENGG,20110817,58.1,58.5,54.5,55.3,13223
UBHOLDINGS,20110817,120.4,125.5,118,124.65,54541
UBL,20110817,442.1,448.9,430.1,437.65,71363
UCALFUEL,20110817,70.1,73.9,70.1,71.8,6992
UCOBANK,20110817,74.05,74.6,71,71.45,1205828
UFLEX,20110817,184,184,175.1,176.5,253886
UGARSUGAR,20110817,13.95,14.2,13,13.45,12811
ULTRACEMCO,20110817,1016.5,1025,998,1010.6,261990
UMESLTD,20110817,19,20,18.5,19.8,4297
UNICHEMLAB,20110817,145.1,147,142.85,143.45,7034
UNIENTER,20110817,29.5,31.9,29,30.9,15589
UNIONBANK,20110817,265.95,269,259.4,265.75,413786
UNIPHOS,20110817,151.9,152,143.85,147.6,1023983
UNIPLY,20110817,11.5,12.45,11.5,11.6,363
UNITECH,20110817,28,28,26.5,27.6,22777806
UNITEDBNK,20110817,85.5,86.8,81.1,82.15,63539
UNITY,20110817,50.25,51.6,48.5,49.15,87494
UNIVCABLES,20110817,51,53.95,50.2,51,5264
UPERGANGES,20110817,43.5,47.6,42.6,46.05,3201
USHAMART,20110817,35.85,36,32.8,33.05,460919
USHERAGRO,20110817,127.3,129,121,122.95,204345
UTTAMSTL,20110817,80.15,81.75,78,78.15,41151
UTTAMSUGAR,20110817,32,33,28.7,29.05,22591
UTVSOF,20110817,951.1,956.6,945.05,947.55,68151
VADILALIND,20110817,140.75,140.75,133.6,133.6,774
VAIBHAVGEM,20110817,42.7,42.7,37.5,37.85,6045
VAKRANSOFT,20110817,400.05,402.8,399,399.95,26344
VALECHAENG,20110817,79.8,81.6,71.9,74.55,86387
VALUEIND,20110817,17,18,17,17.7,3796
VARDHACRLC,20110817,8.9,9.25,8.8,8.85,40369
VARDMNPOLY,20110817,100.3,102,97,99.45,93240
VARUN,20110817,234.1,243.9,228.05,242.5,122777
VARUNSHIP,20110817,20.5,20.6,19.5,19.75,92854
VASCONEQ,20110817,52.3,52.3,50.1,51.5,23832
VENKEYS,20110817,480.2,482.4,461.65,465.2,18749
VENUSREM,20110817,222.8,227.8,215.5,216.6,5989
VESUVIUS,20110817,367.2,371,360.25,364.65,1606
VGUARD,20110817,215.3,216.8,205.1,207.8,65398
VHL,20110817,380,412.05,380,412.05,37
VICEROY,20110817,29.3,29.3,26.8,27.45,26979
VIDEOIND,20110817,180.05,181.75,177.55,178.9,389819
VIJAYABANK,20110817,59.25,60.5,58.45,58.9,1251549
VIJSHAN,20110817,15,16.1,14.85,15.9,1618
VIKASHMET,20110817,10.9,10.9,10.05,10.4,37129
VINATIORGA,20110817,69.35,70.5,68,69.35,13275
VINDHYATEL,20110817,147,150,142.7,143.95,3569
VINYLINDIA,20110817,10,10.6,10,10.15,656
VIPIND,20110817,793,850,760,840.6,1406071
VIPUL,20110817,10.15,10.9,10.15,10.5,2703
VISAKAIND,20110817,89,90,87.15,89.2,3969
VISASTEEL,20110817,57.8,57.8,57.25,57.45,57182
VISESHINFO,20110817,7,7,6.3,6.6,3243
VISHALRET,20110817,28,28.65,26.65,26.95,163694
VISUINTL,20110817,2.05,2.15,2,2.05,8883
VIVIMEDLAB,20110817,277,279.7,262.4,265.55,22929
VLSFINANCE,20110817,10.25,10.9,9.8,10.1,16602
VOLTAMP,20110817,485,499.95,485,492.6,128867
VOLTAS,20110817,132.1,133.45,128,130.35,988136
VSTIND,20110817,1219,1224.8,1188,1200.3,8601
VSTTILLERS,20110817,506.5,510,506.5,507.45,4451
VTL,20110817,178,183.1,173,179.75,20390
VTXIND,20110817,13,14.45,12,12.45,11556
WABAG,20110817,494.4,494.4,456,463.35,2890
WABCO-TVS,20110817,1315,1330,1295,1298.55,804
WALCHANNAG,20110817,97.9,99.8,95.2,95.75,23861
WANBURY,20110817,25.45,26.4,25.1,25.4,7721
WEBELSOLAR,20110817,48.3,51.15,47.35,48.25,18684
WEIZFOREX,20110817,79.9,83.5,79.9,80.85,560
WEIZMANIND,20110817,9,9.35,9,9,2165
WELCORP,20110817,135.7,140.15,133,137.8,529221
WELGLOB,20110817,50,54.3,49.8,50.35,3171
WELINV,20110817,48.35,53.95,48.3,53.95,60
WELPROJ,20110817,48.1,51.7,47.3,48.6,21034
WELSPUNIND,20110817,31.5,32.55,29.5,30,81506
WENDT,20110817,1744.95,1745,1662,1672,248
WHEELS,20110817,260,268,260,260.1,303
WHIRLPOOL,20110817,209.5,213.9,200,206.6,54359
WIPRO,20110817,338,352.25,338,344.3,1644316
WOCKPHARMA,20110817,401.9,408.2,382,385.85,277044
WSI,20110817,17,17.9,16.3,16.4,2422
WSTCSTPAPR,20110817,79,79.8,75.5,78.65,27128
WWIL,20110817,7,7,6.7,6.8,747887
WYETH,20110817,1000.05,1018,1000,1006.15,21633
XLENERGY,20110817,7.1,7.7,7,7.1,23141
XPROINDIA,20110817,53.2,54,52.7,52.85,4557
YESBANK,20110817,293.5,300.45,287.75,289.55,1834930
ZANDUREALT,20110817,1845,1848.9,1774.5,1783.75,742
ZEEL,20110817,122.5,124.1,121.6,123.95,2117876
ZEELEARN,20110817,18.8,19.65,18.65,18.8,198066
ZEENEWS,20110817,13,13.1,12.75,13,508398
ZENITHBIR,20110817,5.15,5.25,4.95,5,115806
ZENITHCOMP,20110817,13.8,14.2,13.55,13.9,4363
ZENITHINFO,20110817,190,207.7,190,203.05,1470
ZENSARTECH,20110817,135.2,139.95,135.2,137.35,7958
ZICOM,20110817,35.55,37,34.75,35.2,18085
ZODIACLOTH,20110817,332.1,379.85,332.1,351.1,140
ZODJRDMKJ,20110817,21.85,26,21.85,25.6,360
ZUARIAGRO,20110817,680,682,665.6,679.1,12866
ZYDUSWELL,20110817,597.1,610.9,595.2,601.45,7972
ZYLOG,20110817,399.7,401.95,395,398.7,46614
NSENIFTY,20110817,5030.30,5112.15,5017.25,5056.60,143342008,5472.63
NIFTYJUNIOR,20110817,10237.00,10289.00,10137.80,10159.70,74916691,1351.56
BANKNIFTY,20110817,10050.00,10173.10,9869.75,9953.20,19175925,1593.21
NSEMIDCAP,20110817,7445.80,7468.05,7345.15,7381.35,136936486,1390.46
NSEIT,20110817,5459.65,5608.35,5459.65,5571.20,16429635,726.49
NSE100,20110817,4965.50,5034.90,4947.35,4980.75,218258699,6824.19
NSE500,20110817,4078.55,4122.70,4056.20,4081.30,567814471,9439.58
MIDCAP50,20110817,2199.55,2206.20,2161.05,2174.30,93624324,871.78
VIX,20110817,26.46,26.46,24.53,25.48,26.46,-0.98
