20MICRONS,20110818,52.75,52.75,48.65,49.8,63956
3IINFOTECH,20110818,29.2,29.25,27.65,28.05,895764
3MINDIA,20110818,4515.05,4600.05,4470.05,4577.45,512
A2ZMES,20110818,195.4,195.9,178.1,180.05,142967
AANJANEYA,20110818,467,472.5,441.45,448.9,224294
AARTIDRUGS,20110818,116.25,118.5,115.65,118,2254
AARTIIND,20110818,43.8,45,43.05,44.2,11816
AARVEEDEN,20110818,34,34,29.1,31.95,3694
ABAN,20110818,372.65,373.5,352.1,354.25,647044
ABB,20110818,785.1,794,775.5,782.95,40673
ABBOTINDIA,20110818,1470,1536,1414.6,1484.1,14999
ABCIL,20110818,110,110.15,103,104.65,5521
ABGSHIP,20110818,365.1,373,346.9,354.45,433622
ABHISHEK,20110818,10.55,10.85,9.75,9.85,6346
ABIRLANUVO,20110818,879.95,879.95,865.55,872.55,43443
ACC,20110818,1001,1012.25,991.7,1004.9,226507
ACE,20110818,41,41.65,39,40.25,85860
ACKRUTI,20110818,179,181.95,177.1,180.45,13870
ACROPETAL,20110818,14.45,14.65,13.6,13.8,113385
ADANIENT,20110818,569.95,574.9,556.9,558.95,282668
ADANIPOWER,20110818,90.1,90.75,83.6,85.95,2394216
ADFFOODS,20110818,60,60.5,54.25,54.7,16296
ADHUNIK,20110818,58.95,59.4,56.55,58.25,218159
ADORWELD,20110818,152.9,153.7,146,147.25,3388
ADSL,20110818,28.6,31,28.6,28.6,136474
ADVANIHOTR,20110818,35.15,35.15,35,35,1084
ADVANTA,20110818,275,281.9,266.2,269.05,84106
AEGISCHEM,20110818,197.05,198,188,190.35,13532
AFL,20110818,44.35,44.35,39.25,39.55,15224
AFTEK,20110818,12.25,12.25,11.6,11.7,237862
AGCNET,20110818,117.25,127.7,117.25,125.35,212
AGRE,20110818,45.5,46,42.55,42.9,2653
AGRODUTCH,20110818,8.25,8.9,7.9,8.1,35779
AHLEAST,20110818,290,302,290,298.3,1394
AHLUCONT,20110818,128.25,128.25,124.95,125,28369
AHLWEST,20110818,157,157,152,157,82
AHMEDFORGE,20110818,109.3,110.75,104.15,104.85,14963
AIAENG,20110818,354.6,366,340,351.65,93999
AJANTPHARM,20110818,302,302,291.1,293.35,21770
AJMERA,20110818,113.95,121,113.95,114.4,21076
AKSHOPTFBR,20110818,6.5,6.75,6.3,6.7,172794
AKZOINDIA,20110818,932,932,910,923.5,53503
ALBK,20110818,188.1,188.8,180,181.25,780782
ALCHEM,20110818,230.95,231.5,230,230.6,121044
ALEMBICLTD,20110818,18.35,18.7,18.1,18.25,44328
ALFALAVAL,20110818,1550.4,1560,1510,1513.5,1000
ALKALI,20110818,40.3,41,38.15,38.8,14214
ALKYLAMINE,20110818,84.5,84.8,80.65,81.9,2005
ALLCARGO,20110818,166,168,160.2,163.05,17623
ALLSEC,20110818,15.4,15.4,12.95,13.05,13123
ALMONDZ,20110818,21.25,22.5,21.25,22.5,515
ALOKTEXT,20110818,18.45,18.45,15.95,16.35,16670869
ALPA,20110818,8.05,9.05,8.05,8.4,5547
ALPSINDUS,20110818,2.85,2.85,2.5,2.6,43344
AMAR,20110818,94.35,94.6,91.15,92.9,26939
AMARAJABAT,20110818,232.75,236,229.15,233.65,51406
AMARJOTHI,20110818,60.6,60.6,53,54.4,1577
AMBIKCO,20110818,186.25,190,176.6,178.25,3397
AMBUJACEM,20110818,134,134.7,130.55,132.75,1581170
AMDIND,20110818,19,20,19,19.1,7292
AMLSTEEL,20110818,13.85,14.65,13.25,13.25,191
AMRUTANJAN,20110818,785,788.45,735,741.95,57006
AMTEKAUTO,20110818,150.4,150.4,138.5,140.4,622650
AMTEKINDIA,20110818,106.35,107.5,102.1,103.75,62949
ANANTRAJ,20110818,54.1,58,54.1,55.75,282578
ANDHRABANK,20110818,130.6,130.6,123.35,124,768427
ANDHRACEMT,20110818,9,9.25,8.7,8.8,38219
ANDHRSUGAR,20110818,105.05,106.65,103.5,103.85,14377
ANGIND,20110818,20.5,21.8,19.7,19.7,1590
ANIKINDS,20110818,34.5,36.5,34.45,35.1,565
ANKURDRUGS,20110818,27.9,27.9,25,25.45,53100
ANSALAPI,20110818,27.5,28.95,27,27.5,304636
ANSALHSG,20110818,36.1,36.95,35.1,35.4,21647
ANTGRAPHIC,20110818,0.25,0.3,0.25,0.25,373248
APARINDS,20110818,170,170,157,162.5,8026
APCOTEXIND,20110818,161,165,161,162.85,759
APIL,20110818,536.65,536.65,512.6,515.85,76508
APOLLOHOSP,20110818,538.75,546,527.1,530.45,26106
APOLLOTYRE,20110818,59,60.35,56,56.75,4800227
APPAPER,20110818,382,388.65,378.5,380.55,259055
APTECHT,20110818,134.4,135.8,125,125.95,703472
AQUA,20110818,14.75,14.75,14.15,14.35,65271
ARCHIDPLY,20110818,11,11.45,10.35,10.55,4852
ARCHIES,20110818,39.5,39.55,37.55,38,36946
AREVAT&D,20110818,224.2,226.5,215,219.8,88603
ARIES,20110818,93.5,96.75,88.2,88.6,9225
ARIHANT,20110818,49,49,48.45,48.45,13
ARL,20110818,1.95,2.05,1.95,2,160346
AROGRANITE,20110818,37.5,39.45,37,37,4873
ARROWTEX,20110818,8.9,9.6,8.7,8.8,1780
ARSHIYA,20110818,134,138.5,125.05,127.4,5336
ARSSINFRA,20110818,363,369,351.7,360.2,93805
ARVIND,20110818,72.4,72.85,64.5,65.4,3673927
ASAHIINDIA,20110818,68.15,68.75,67,67.05,25088
ASAL,20110818,50.25,52.65,50,50.5,4140
ASHAPURMIN,20110818,17.8,17.8,16.05,16.5,33785
ASHCONIUL,20110818,2.15,2.15,2,2.05,4691
ASHIANA,20110818,141,145.95,141,141.8,307
ASHOKA,20110818,260,264.95,260,260.15,1262
ASHOKLEY,20110818,23.9,24.2,23.45,23.95,5005601
ASIANELEC,20110818,8.1,8.5,7.8,7.9,44482
ASIANHOTNR,20110818,177,177,172.5,173.6,652
ASIANPAINT,20110818,3259.95,3259.95,3193.95,3216.75,35720
ASIANTILES,20110818,41,42.7,40.75,40.8,309
ASIL,20110818,2.45,2.45,2.35,2.35,4
ASSAMCO,20110818,11.2,11.65,10.9,11.05,377481
ASTEC,20110818,34,34.65,33,33.15,40836
ASTERSILI,20110818,17.1,17.75,16,16.35,19491
ASTRAL,20110818,185,185,181.5,181.9,5414
ASTRAMICRO,20110818,25.05,25.7,24.05,24.75,41300
ASTRAZEN,20110818,1330,1368,1330,1359.9,3283
ATFL,20110818,390.1,396,373.2,386.85,10951
ATLANTA,20110818,74,75,70.75,71.75,176939
ATNINTER,20110818,1,1.1,0.95,1,18618
ATUL,20110818,196.1,199,188,190.45,43162
AURIONPRO,20110818,143.9,144,128.2,131.3,506
AUROPHARMA,20110818,143.1,146.7,140.15,143.7,877801
AUSTRAL,20110818,1.75,1.8,1.7,1.7,439731
AUTOAXLES,20110818,407,409.1,407,408,421
AUTOIND,20110818,130.6,130.6,123,126.6,53483
AUTOLITIND,20110818,17.95,18.95,17,17.8,319
AVANTI,20110818,56,57,55.05,55.05,2668
AVENTIS,20110818,2075,2075,2011.65,2051.05,1286
AVTNPL,20110818,325,336.8,313.65,313.65,8296
AXISBANK,20110818,1171.8,1172.9,1098.4,1109.25,2586649
AXISGOLD,20110818,2637.75,2637.75,2621.05,2625.35,545
BAGFILMS,20110818,5.45,5.6,5.3,5.4,97772
BAJAJ-AUTO,20110818,1450.25,1457.95,1403.2,1437.75,497113
BAJAJCORP,20110818,111.65,114.5,105.6,109.05,448797
BAJAJELEC,20110818,204.8,204.8,189.05,192.55,474680
BAJAJFINSV,20110818,498.1,505.45,491,501.65,26317
BAJAJHIND,20110818,54.65,55.8,52.3,52.9,855345
BAJAJHLDNG,20110818,724.9,732,709.05,728.4,39036
BAJFINANCE,20110818,702,702,656.95,673.45,26215
BALAJITELE,20110818,29.85,29.9,28,28.15,27359
BALAMINES,20110818,36.5,36.5,33.1,33.35,12225
BALKRISIND,20110818,164,165,161,161.3,12587
BALLARPUR,20110818,29.6,30,28.15,28.65,1413344
BALMLAWRIE,20110818,681,682,654.05,657.55,9918
BALPHARMA,20110818,23.45,23.85,23.3,23.85,648
BALRAMCHIN,20110818,55.15,55.75,53.5,54.25,695802
BANARISUG,20110818,520,520,487,493.35,1094
BANCOINDIA,20110818,77.1,77.8,74,74.65,12452
BANG,20110818,26.1,27,25.55,25.75,4811
BANKBARODA,20110818,801.9,801.9,738.55,758.1,887277
BANKBEES,20110818,1019,1019,970,977.36,15380
BANKINDIA,20110818,324.8,325.2,312,313.95,445900
BANSWRAS,20110818,99,99,96.6,98.15,6089
BARTRONICS,20110818,49.7,51.75,48.3,48.65,159682
BASF,20110818,596,597.85,589.1,593.2,8078
BASML,20110818,72,72,58.15,59.75,398
BATAINDIA,20110818,685,697.7,663.25,666.7,647369
BATLIBOI,20110818,17.4,22.25,17.4,18.35,1019
BAYERCROP,20110818,828.9,828.9,785.2,799.05,36115
BBL,20110818,711.9,760,711.9,719.5,4122
BBTC,20110818,411,417,405,412,4242
BECREL,20110818,10.35,10.35,9.55,9.55,150
BEDMUTHA,20110818,129.8,131.5,122.5,125.3,42342
BEL,20110818,1564.05,1608,1560.25,1594.4,47335
BELLCERATL,20110818,12.65,12.65,12.15,12.15,1105
BEML,20110818,444.1,449.45,425,435.9,89993
BEPL,20110818,29.25,30,29.25,29.95,3736
BERGEPAINT,20110818,104.9,105.3,99.35,100.1,87654
BFINVEST,20110818,47,50,44.25,44.95,6924
BFUTILITIE,20110818,465.55,484.6,441.1,444.75,1513142
BGLOBAL,20110818,12.65,13.6,12.3,13.35,185086
BGRENERGY,20110818,327.1,329.7,312.1,315.25,232922
BHAGWATIHO,20110818,77.05,81,75,80.15,21200
BHAGYNAGAR,20110818,15,15.8,15,15.4,9760
BHARATFORG,20110818,288,288,274.5,278.6,377282
BHARATGEAR,20110818,46.75,48.15,45.9,46.55,10094
BHARATRAS,20110818,105,105.85,99.9,100.65,1244
BHARTIARTL,20110818,397.7,402.2,390.1,391.1,5873073
BHARTISHIP,20110818,90,93.05,88.25,89.25,91213
BHEL,20110818,1787.9,1787.95,1755.5,1763.1,650440
BHUSANSTL,20110818,326.95,331.7,305.3,316.75,183134
BIL,20110818,42.4,42.4,38.5,39.4,21950
BILPOWER,20110818,87.7,87.7,75.25,79.35,19148
BIMETAL,20110818,308,308,294.05,294.45,368
BINANIIND,20110818,142.85,144.5,136.2,137.8,19223
BINDALAGRO,20110818,76.2,76.9,73.6,74.95,350603
BIOCON,20110818,325,328.4,316.15,319.3,373748
BIRLACORPN,20110818,318,320,313.05,316.95,50244
BIRLACOT,20110818,0.35,0.35,0.3,0.3,713264
BIRLAERIC,20110818,13,13.35,12.15,12.45,5918
BIRLAMONEY,20110818,17.15,18,17.05,17.55,5158
BIRLAPOWER,20110818,0.7,0.7,0.65,0.65,2161276
BLBLIMITED,20110818,3.7,4,3.7,3.85,3924
BLISSGVS,20110818,22,22.45,21.15,21.5,9065
BLKASHYAP,20110818,13.1,13.1,12.25,12.5,362183
BLUECHIP,20110818,1.05,1.1,1,1.05,13538
BLUEDART,20110818,1670,1679.8,1645.55,1657.25,2804
BLUESTARCO,20110818,266.15,269.4,265.95,268.7,26274
BLUESTINFO,20110818,75,75.5,73.5,74.05,1359
BOC,20110818,275,275,268.05,270.4,4777
BOMDYEING,20110818,316.2,319.15,305.05,306.45,206017
BOSCHLTD,20110818,7300,7340,7101.1,7145.55,2494
BPCL,20110818,684.2,687.8,674,679.3,118124
BPL,20110818,20.65,21.25,20.4,20.6,27690
BRANDHOUSE,20110818,15.75,15.95,14.7,14.95,36083
BRFL,20110818,277.2,282.95,277.2,278.95,49260
BRIGADE,20110818,64.5,64.5,61.45,61.95,26960
BRITANNIA,20110818,471.1,474.7,463.2,464.85,65445
BROADCAST,20110818,7.75,8,7.7,7.8,2275
BSELINFRA,20110818,3.8,3.8,3.4,3.65,78849
BSL,20110818,21.55,22.7,21.55,22.4,2176
BSLGOLDETF,20110818,2780,2780,2655,2670,158108
BSLNIFTY,20110818,50.65,55.49,50,50.25,6214
BSTRANSCOM,20110818,87.4,91,79,81.65,55822
BURNPUR,20110818,6.25,6.25,6,6.1,19092
BVCL,20110818,13,13.9,12.25,12.65,6384
CADILAHC,20110818,840.05,845.85,805,809.9,19648
CAIRN,20110818,282.9,282.9,275,276.45,1093171
CALSOFT,20110818,29.05,29.2,29.05,29.2,24
CAMLIN,20110818,70.25,70.9,69.1,69.9,80721
CANBK,20110818,433.5,448.75,418.5,424.4,772019
CANDC,20110818,119.7,119.7,109,110.95,2937
CANFINHOME,20110818,95.15,96.45,93.6,93.8,8824
CANTABIL,20110818,28,28,27.3,27.5,9805
CARBORUNIV,20110818,288,307,288,293.85,15356
CAROLINFO,20110818,229,232,227,230.15,4447
CASTROL,20110818,514.95,517,506,508.8,52966
CCCL,20110818,21.35,21.9,21.1,21.4,8295
CCL,20110818,167.75,167.75,151,153.75,9712
CEATLTD,20110818,87.3,89.4,85.2,86.15,31659
CEBBCO,20110818,36.7,36.85,35.45,35.5,8286
CELEBRITY,20110818,7.35,7.35,6.55,6.75,2263
CELESTIAL,20110818,25.5,26.5,23.25,25,34581
CENTENKA,20110818,150,150,142,144.45,15184
CENTEXT,20110818,2.6,2.75,2.55,2.6,31152
CENTRALBK,20110818,103.7,104.5,99.25,99.75,670485
CENTUM,20110818,81.2,81.2,76,77,878
CENTURYPLY,20110818,65.5,66.45,62.75,63.25,29718
CENTURYTEX,20110818,294,294,276,278.45,335671
CERA,20110818,195.45,205.75,192,198.2,18156
CESC,20110818,298.1,300.95,294.1,298.1,222286
CHAMBLFERT,20110818,103,104.5,100.6,101.75,2202265
CHEMFALKAL,20110818,42.25,44.9,41,41,360
CHEMPLAST,20110818,6,6.15,6,6.1,42905
CHENNPETRO,20110818,213.4,213.45,210,211.05,135192
CHESLINTEX,20110818,12.75,12.75,12.1,12.4,1905
CHETTINAD,20110818,416.2,429,416,424.75,295
CHOLAFIN,20110818,152.05,155,147.6,153.05,43119
CILNOVA,20110818,15.5,15.5,15.25,15.25,1360
CINEMAX,20110818,30.3,30.65,29.3,29.65,15186
CINEVISTA,20110818,3.5,3.75,3.5,3.5,7086
CIPLA,20110818,291.5,291.5,282.9,284.5,792200
CLASSIC,20110818,9.5,10.15,9,9.7,38466
CLNINDIA,20110818,745,745,727,729.3,40820
CMAHENDRA,20110818,167.9,170.5,152,153.4,23499
CMC,20110818,1015,1020,990,1005.35,2643
COALINDIA,20110818,401.5,404.1,388.25,390.2,3881299
COLPAL,20110818,935,947.85,928.15,931.75,58623
COMPUAGE,20110818,105,113,92.35,103.75,6800
CONCOR,20110818,950,959.15,912.35,929.6,71615
CONSOFINVT,20110818,66.9,66.9,59.1,60.75,2647
CORAL-HUB,20110818,4.95,5.2,4.65,4.7,3981
CORDSCABLE,20110818,33.15,33.45,31.15,32.05,6949
COREPROTEC,20110818,298,304,295.1,300.15,530408
COROENGG,20110818,274.95,274.95,251.25,274.95,89
COROMANDEL,20110818,325.05,327,303.6,315.65,103629
CORPBANK,20110818,445,445,432.1,433.7,50514
COSMOFILMS,20110818,86.25,87.4,85.05,85.25,16508
COX&KINGS,20110818,214.7,215.5,198.4,200.9,293023
CPIL,20110818,277,284,261.95,266.1,5687
CREATIVEYE,20110818,5,5.75,4.95,5,2508
CRESTANI,20110818,37,37.7,32.3,33.8,70209
CREWBOS,20110818,46,47,43.1,43.1,301465
CRISIL,20110818,7831,7999,7751,7886.2,1439
CROMPGREAV,20110818,142.15,142.7,137.4,139,1402200
CRONIMET,20110818,105.25,113.95,103.5,105.6,16237
CTE,20110818,6.55,6.95,6.5,6.9,2420
CUB,20110818,45.5,45.5,42.9,43.35,404272
CUBEXTUB,20110818,10.1,11.55,10.1,11.5,615
CUMMINSIND,20110818,606.2,607,591.1,595.2,307364
CURATECH,20110818,169.65,169.65,138.15,152.5,5584
CYBERTECH,20110818,11.9,12.25,11.45,11.6,1735
DAAWAT,20110818,45.1,45.75,42.55,43.25,22717
DABUR,20110818,103.95,106.8,103.75,105.25,1456502
DALMIABEL,20110818,138.5,139.75,134.95,136.15,1597
DALMIASUG,20110818,17.3,17.7,16.6,16.85,9819
DATAMATICS,20110818,29,29,27.1,27.65,10922
DBCORP,20110818,236,236.95,226.7,230.7,27152
DBREALTY,20110818,68.15,69.5,66.05,66.55,136326
DCB,20110818,47.35,47.4,44.3,44.75,2142281
DCHL,20110818,66.9,66.9,65.7,66.05,1258998
DCM,20110818,50,50,47.25,48.1,63393
DCMSRMCONS,20110818,46,47.5,46,47,28584
DCW,20110818,8.65,8.85,8.55,8.6,135426
DECCANCE,20110818,140,146,140,145.4,21
DEEPAKFERT,20110818,163.95,164.5,160.2,160.95,50568
DEEPAKNTR,20110818,191,191,183.1,185,360
DEEPIND,20110818,66,66.3,63.25,64.35,18259
DELTACORP,20110818,94.2,95.35,89.2,89.9,4343011
DEN,20110818,38.5,42.7,38.5,38.5,1883259
DENABANK,20110818,80.8,80.95,77.55,78.15,2296276
DENORA,20110818,79,81,75.05,78.45,3505
DENSO,20110818,59.75,59.75,55.55,56,720
DEWANHOUS,20110818,201.05,202.95,197.4,200.65,109788
DHAMPURSUG,20110818,47.2,48,46,46.2,45412
DHANBANK,20110818,83,85.5,77,78.8,676043
DHANUKA,20110818,99.65,101,98,98.55,56146
DHARSUGAR,20110818,30,30.65,29.1,29.35,6163
DHUNINV,20110818,67,79,67,76.05,1577
DIAPOWER,20110818,125,139.6,125,127.15,21579
DICIND,20110818,238.45,238.45,228,229.55,538
DIGJAM,20110818,9.5,9.75,9.05,9.2,60834
DISHMAN,20110818,69.7,70.55,66.2,67.25,35303
DISHTV,20110818,86.45,86.45,82.5,83.1,2857965
DIVISLAB,20110818,734,735,698.9,725.1,256851
DLF,20110818,177,188.65,175.15,182.4,13265939
DLINKINDIA,20110818,21.55,21.55,20.4,20.5,17758
DOLPHINOFF,20110818,130.3,135,125.55,126.75,5997
DONEAR,20110818,21.2,21.25,20.25,20.4,1446
DPSCLTD,20110818,1930,1935,1890,1903.65,158
DPTL,20110818,141,143.45,141,141.15,4917
DQE,20110818,34.5,34.5,33.5,33.75,2671
DREDGECORP,20110818,236.25,239,219.95,221.65,24138
DRREDDY,20110818,1519,1519,1450.75,1462.65,191815
DSKULKARNI,20110818,60,60,57,58.2,24629
DUNCANSIND,20110818,10,10,9.1,9.35,78902
DWARKESH,20110818,44.9,45.6,38.2,39.4,98621
DYNAMATECH,20110818,1275,1275,1149,1198.95,1784
DYNASYS,20110818,0.65,0.65,0.65,0.65,396
EASTSILK,20110818,6.45,6.45,6,6.05,48140
EASUNREYRL,20110818,58.1,58.1,56,56.35,97934
ECEIND,20110818,98.5,100,97.1,98,1552
ECLERX,20110818,783,788,764.55,770.3,41416
EDELWEISS,20110818,29.7,29.9,28.65,29.3,236132
EDL,20110818,95.1,96.5,94.5,95.1,8333
EDSERV,20110818,110,124.4,109,115.9,1040924
EDUCOMP,20110818,260.2,264.8,220.65,234.8,7334484
EICHERMOT,20110818,1399,1399,1323.25,1354,8045
EIDPARRY,20110818,262,263.9,245.1,248,559184
EIHAHOTELS,20110818,155.05,159.9,142.5,144.55,11859
EIHOTEL,20110818,82,85.35,82,82.4,269227
EIMCOELECO,20110818,173.3,186.75,173.3,184.95,240
EKC,20110818,80.5,80.5,73.1,74.4,416580
ELDERPHARM,20110818,370.2,375,368.25,370.3,42251
ELECON,20110818,70,70.2,66.8,68.65,98549
ELECTCAST,20110818,30.8,30.8,29.55,29.7,200911
ELECTHERM,20110818,111.7,113.85,108,110.1,4623
ELFORGE,20110818,10.25,10.5,10.05,10.1,2975
ELGIEQUIP,20110818,74.45,74.45,68.2,68.7,26978
ELNET,20110818,33.05,34.6,32.65,33.3,382
EMAMILTD,20110818,485,487.95,465,468.15,12289
EMCO,20110818,38.8,40.4,38.1,38.25,37582
EMKAY,20110818,45,47.4,44,46.45,17251
EMMBI,20110818,12.15,12.9,11.75,12.1,14180
EMPEESUG,20110818,20,20,19.85,19.85,1840
ENERGYDEV,20110818,26,27,24.05,24.95,7533
ENGINERSIN,20110818,265,266.75,258,260,108798
ENIL,20110818,241.1,249.8,235.4,236.4,11760
ENTEGRA,20110818,19.5,20.85,19.4,19.45,11288
EONELECT,20110818,64,64,58.2,61,9586
ERAINFRA,20110818,159.7,159.9,155.1,156.9,189818
EROSMEDIA,20110818,201.5,202.95,192,193.75,73556
ESABINDIA,20110818,508.9,508.9,492,500.05,6169
ESCORTS,20110818,69,70.9,64.5,65.6,2471588
ESL,20110818,7.5,7.75,7.35,7.6,138568
ESSAROIL,20110818,91.5,93,85.5,86.25,990473
ESSARPORTS,20110818,72.5,74,71,72.7,40649
ESSDEE,20110818,263,263,243.25,247.15,23465
ESSELPACK,20110818,38,38.5,36.25,36.65,30389
ESTER,20110818,29.05,30.9,28,28.15,41464
EUROCERA,20110818,20.5,20.5,18.35,18.55,2246
EUROMULTI,20110818,7.8,8.35,7.5,7.9,3078
EUROTEXIND,20110818,18,20,17.35,19.8,445
EVEREADY,20110818,41.25,42.4,41.25,41.75,104402
EVERESTIND,20110818,146.3,146.3,138.1,140.05,13642
EVERONN,20110818,494,494,465.8,475.15,134826
EVINIX,20110818,0.8,0.8,0.7,0.7,71961
EXCELCROP,20110818,145.2,146.5,142,142.4,7711
EXCELINDUS,20110818,67,67,60,61,5350
EXCELINFO,20110818,13.15,13.75,13.05,13.25,49967
EXIDEIND,20110818,154.2,156,149.3,150.35,557984
FACT,20110818,38.5,39.3,36.5,36.65,39953
FAGBEARING,20110818,1210,1239,1185.05,1204.15,2572
FARMAXIND,20110818,2.35,2.35,2.15,2.2,25982
FCH,20110818,162.1,163.7,155.2,156.7,59464
FCSSOFT,20110818,0.65,0.65,0.55,0.6,1259071
FDC,20110818,85.15,88.95,85.15,87.1,41836
FEDDERLOYD,20110818,64,64.55,59.65,62.7,34278
FEDERALBNK,20110818,368.6,372,365,369.5,1395082
FIEMIND,20110818,148.8,150.9,145.1,147.4,17405
FINANTECH,20110818,729.05,729.05,686.05,698.75,144369
FINCABLES,20110818,37.7,38.5,36.55,37.15,71727
FINPIPE,20110818,63.5,63.5,62.5,62.65,23930
FIRSTLEASE,20110818,77.5,79.8,76.25,77.05,26105
FIRSTWIN,20110818,14.45,14.85,14.45,14.85,912
FKONCO,20110818,112.25,113.5,111.25,111.75,7426
FMGOETZE,20110818,241.1,247.9,233.9,239.7,15874
FORTIS,20110818,153.25,153.95,148.5,149.7,154802
FOSECOIND,20110818,510,510.95,500,505.65,464
FOURSOFT,20110818,9.5,9.55,9,9.1,19395
FSL,20110818,11.8,12.35,11.45,11.5,2267277
FUTUREVENT,20110818,9.15,9.25,8.7,9,1664488
GABRIEL,20110818,40.8,41.75,37.5,38.1,36672
GAEL,20110818,22.65,22.65,21.25,21.6,52275
GAIL,20110818,442,443.5,434,438.2,547085
GAL,20110818,9.05,9.25,8.7,8.85,29160
GALLANTT,20110818,16.15,17.3,16.1,16.9,19005
GALLISPAT,20110818,89.5,89.5,88.9,89,104637
GAMMNINFRA,20110818,13.7,13.95,13.25,13.5,64127
GAMMONIND,20110818,72,75,71.5,74.3,18133
GANDHITUBE,20110818,122,125,118.15,122.75,1689
GANESHHOUC,20110818,130.9,130.9,121.75,124.95,7211
GANGOTRI,20110818,5.8,5.8,4.8,5.1,12275
GARDENSILK,20110818,73.5,73.5,71.05,71.4,6209
GARWALLROP,20110818,55.65,55.65,53.1,53.6,3560
GATI,20110818,62,62.85,58,58.3,212886
GDL,20110818,128.7,128.7,124.75,125,593072
GEECEE,20110818,33.5,34.5,32.05,32.1,3236
GEINDSYS,20110818,152.7,152.7,150,150.3,6528
GEMINI,20110818,19.05,19.45,18.4,18.6,15813
GENESYS,20110818,226,227,211,217.75,17082
GENUSPOWER,20110818,15.2,15.2,13.8,14.05,121251
GEODESIC,20110818,57.5,58.2,51.7,52.5,390029
GEOJITBNPP,20110818,19.45,19.45,18.2,18.45,86531
GEOMETRIC,20110818,38.15,38.9,36.75,37.1,36574
GESHIP,20110818,241.9,241.9,217.6,225.75,531505
GHCL,20110818,39,39.85,38.05,38.3,73852
GICHSGFIN,20110818,89.3,89.3,84.35,84.85,73520
GILLANDERS,20110818,83,86.65,82.5,82.6,1235
GILLETTE,20110818,2060,2065,2012.05,2035.85,1737
GINNIFILA,20110818,7.5,7.8,7.05,7.2,4816
GIPCL,20110818,78,78.45,76,77.6,32208
GISOLUTION,20110818,13,13,11.1,11.25,1223
GITANJALI,20110818,313.75,319,308.3,310.45,1796256
GKB,20110818,40,40,38.1,38.45,3
GKWLIMITED,20110818,475,480,475,480,405
GLAXO,20110818,2140.05,2161.5,2140,2151.95,8793
GLENMARK,20110818,323.05,325.3,319.1,321.5,203984
GLFL,20110818,3.45,3.45,3.45,3.45,1815
GLOBALVECT,20110818,20.25,21,19.95,20.4,1585
GLOBOFFS,20110818,93,96,91,91.1,3096
GLOBUSSPR,20110818,137.4,138.8,128,131.9,21856
GLODYNE,20110818,290.95,297,285,293.15,73424
GMBREW,20110818,95.55,99.5,95.55,96.65,3189
GMDCLTD,20110818,164.95,166.5,160.15,163.7,128061
GMRINFRA,20110818,28.45,29.5,27.5,27.85,6503965
GNFC,20110818,96.5,97.8,94.15,94.55,69569
GOACARBON,20110818,74,75.7,72.9,73.65,3886
GODFRYPHLP,20110818,3330,3330,3170.1,3225.7,2387
GODREJCP,20110818,416,421.5,410.7,415.3,47293
GODREJIND,20110818,204.7,204.7,190.35,193.35,469427
GODREJPROP,20110818,668,682.3,661,672.9,10252
GOENKA,20110818,50.5,50.9,48.15,48.6,6103
GOKEX,20110818,76.9,78,72.05,72.6,1792
GOKUL,20110818,90,90,85.5,86.25,14231
GOLDBEES,20110818,2579.9,2589.8,2572,2586.1,181284
GOLDENTOBC,20110818,63.05,65,60.65,62.1,4932
GOLDIAM,20110818,26.15,27.8,26.15,26.15,1102
GOLDINFRA,20110818,15.15,16.7,15.15,15.75,5089
GOLDSHARE,20110818,2596,2596,2574,2587.85,11975
GOLDTECH,20110818,5.9,5.9,5.5,5.75,7127
GPIL,20110818,150.3,154,145,148.7,15246
GPPL,20110818,65.3,66,63.15,64.35,49871
GRABALALK,20110818,17.35,17.8,16.5,17.25,116026
GRANULES,20110818,70.5,71.35,66.55,67.85,6421
GRAPHITE,20110818,68.5,71.55,67.5,69,864395
GRASIM,20110818,2107,2127.85,2083,2094.45,56264
GRAVITA,20110818,370,384.7,345,349.05,154166
GREAVESCOT,20110818,90.1,91.5,88.45,89.2,26595
GREENPLY,20110818,203,203,188.2,192.8,8932
GREENPOWER,20110818,12.9,13.4,12.7,12.75,408290
GRINDWELL,20110818,248,248,233,238.45,3282
GRUH,20110818,492.55,494,470.1,483.45,16366
GSFC,20110818,382.8,382.9,371.5,374.15,24710
GSKCONS,20110818,2315.1,2349,2315.1,2326.05,2935
GSLNOVA,20110818,2.65,2.65,2.5,2.6,7020
GSPL,20110818,99,100.15,95.1,96.8,1062097
GSSAMERICA,20110818,133.8,134.9,118.5,120.25,14268
GTL,20110818,50,54.9,48.8,51.8,7932268
GTLINFRA,20110818,11.2,12.05,10.6,11.05,4199185
GTNIND,20110818,12.8,12.8,12.3,12.45,160
GTNTEX,20110818,11,11.55,11,11,1671
GTOFFSHORE,20110818,166.9,167.9,149.35,150.95,98291
GUJALKALI,20110818,143.25,143.25,126.2,132.8,108417
GUJAPOLLO,20110818,115,115,113.05,113.9,6564
GUJFLUORO,20110818,487.3,491.5,448.1,454.75,198314
GUJNRECOKE,20110818,28.4,28.5,27.2,27.35,634473
GUJNREDVR,20110818,18.1,18.75,17.95,18,22114
GUJRATGAS,20110818,453,454,435,436.85,34481
GUJSIDHCEM,20110818,8.3,8.45,7.9,8.05,114268
GULFOILCOR,20110818,78,78,74.25,75.05,62110
GVKPIL,20110818,17.7,17.85,16.75,16.9,5794770
HALONIX,20110818,79.6,79.6,68.5,68.5,654
HANUNG,20110818,118.5,118.5,112,113.25,65881
HARRMALAYA,20110818,68.5,69.9,65.8,66.05,10339
HATHWAY,20110818,85.9,86.95,82.55,85.4,19291
HAVELLS,20110818,342,343.4,326.05,328.65,326434
HBLPOWER,20110818,14,14,13.05,13.1,97452
HBSTOCK,20110818,11,11.45,10.6,11.25,959
HCC,20110818,26.95,27.15,26.2,26.6,3428812
HCIL,20110818,52.4,54,50.7,51.1,110716
HCL-INSYS,20110818,72.95,73.25,66.7,67.05,411538
HCLTECH,20110818,422,424.8,391.5,396.8,1590082
HDFC,20110818,663,668.8,636,640.65,3248024
HDFCBANK,20110818,468.3,474.85,458.55,462.4,5722113
HDFCMFGETF,20110818,2618.15,2635,2612,2630.55,12378
HDIL,20110818,103,105,98.1,99.25,8310726
HEG,20110818,225,226.5,219.25,223.75,76874
HEIDELBERG,20110818,33.1,33.5,32.4,32.95,30710
HELIOSMATH,20110818,24.9,25.8,24.1,24.6,13981
HERCULES,20110818,243.3,244,229,230.9,60892
HERITGFOOD,20110818,194.05,196,185.5,186.15,5641
HEROMOTOCO,20110818,1937,1963,1937,1953.7,380313
HEXAWARE,20110818,79.95,81.15,75.75,76.35,868795
HFCL,20110818,12.6,12.6,11.15,12.05,2615442
HGSL,20110818,331,332,320,324.1,1026
HIKAL,20110818,299,299,280.25,282.45,1779
HILTON,20110818,14.15,14.75,14.15,14.15,1687
HIMATSEIDE,20110818,31,31,30,30.2,10663
HINDALCO,20110818,143.85,143.85,136.6,137.65,6934947
HINDCOMPOS,20110818,480,480,470,477.2,815
HINDCOPPER,20110818,224.6,226,216,218,31054
HINDDORROL,20110818,38.55,38.55,35.6,36.2,38158
HINDMOTORS,20110818,15.15,15.15,13.75,13.9,190401
HINDNATGLS,20110818,197,197.4,195,195.95,1230
HINDOILEXP,20110818,127,127.5,121,121.9,498657
HINDPETRO,20110818,380.1,382.45,374.2,379.25,605118
HINDUJAVEN,20110818,301.3,319.7,301.25,315.9,9310
HINDUNILVR,20110818,317.85,320.5,315.5,316.8,1425028
HINDZINC,20110818,124.9,126,122,123.2,237513
HIRECT,20110818,42.5,43.35,40.65,41.45,1826
HITACHIHOM,20110818,160.25,160.25,150,150.8,16496
HITECHGEAR,20110818,125.05,127.4,124.45,125.1,55396
HITECHPLAS,20110818,80,80.1,78,78.45,872
HMT,20110818,47,47,44.3,44.95,39430
HMVL,20110818,132.35,137.2,132.25,135.5,1380
HNGSNGBEES,20110818,1201.1,1230,1201.1,1207,16
HOCL,20110818,24.75,24.8,23.5,23.55,43355
HONAUT,20110818,2471,2496,2460,2463.9,217
HONDAPOWER,20110818,397.95,397.95,371.15,374.35,1241
HOTELEELA,20110818,39.45,39.7,36.6,36.95,1024980
HOTELRUGBY,20110818,7.25,7.25,7.1,7.1,4236
HOVS,20110818,59.15,62,57.25,57.35,10517
HSIL,20110818,205.1,207.85,201.7,203.65,68498
HTMEDIA,20110818,151.05,152.45,148.1,150,113353
HYDRBADIND,20110818,321.1,328.85,308,312,10067
HYDROS&S,20110818,20.1,20.1,19.25,19.25,327
IBPOW,20110818,14.8,14.9,14.3,14.5,234138
IBREALEST,20110818,75.6,78.15,74.8,76.15,6910490
IBSEC,20110818,8.8,8.95,8.6,8.7,448431
ICICIBANK,20110818,915,915,861.3,863.8,7930974
ICIL,20110818,9.6,9.6,9.2,9.6,506
ICRA,20110818,1002,1004.95,985,986.35,9513
ICSA,20110818,69.8,71.6,68.1,68.45,97997
IDBI,20110818,113.35,113.35,105.4,106.9,3177390
IDEA,20110818,95.1,97.65,94.1,95,5061645
IDFC,20110818,112.9,113.5,106,107.25,11015157
IFBAGRO,20110818,162.5,172.95,160.7,163.45,424081
IFBIND,20110818,124.75,127.95,117,117.95,77613
IFCI,20110818,40.65,40.8,37.65,38.15,9998773
IFGLREFRAC,20110818,36,36,33.3,33.3,13435
IGARASHI,20110818,41,42.4,39.5,40.25,1210
IGL,20110818,424.6,424.95,417.1,418.55,166144
IGPL,20110818,23,23,21.25,22.5,1839
IL&FSENGG,20110818,95.45,102.95,92.55,93.45,10920
IL&FSTRANS,20110818,180.5,183.9,173.55,174.8,51168
IMPAL,20110818,612.05,648,612,623.5,1781
IMPEXFERRO,20110818,7.65,7.9,7.25,7.45,1780
INDBANK,20110818,8.65,9,8.05,8.1,22768
INDHOTEL,20110818,71,71,69,69.4,1163493
INDIABULLS,20110818,156.15,156.75,148.2,151.1,573505
INDIACEM,20110818,68.1,69.9,65.3,67.25,781275
INDIAGLYCO,20110818,135,135.7,128.5,129.5,63054
INDIAINFO,20110818,71,72.55,69.5,70.55,343288
INDIANB,20110818,211,212.5,197.35,201.35,580983
INDIANCARD,20110818,86,92.5,86,90,605
INDIANHUME,20110818,126,126,115,115.45,2195
INDLMETER,20110818,95.9,95.9,89.55,91.55,9415
INDNIPPON,20110818,252,252,242.75,246.75,2601
INDOCO,20110818,376.05,404.85,376,394.5,7248
INDORAMA,20110818,34.15,34.95,33.1,33.6,22251
INDOSOLAR,20110818,9.1,9.55,8.35,8.55,810906
INDOTECH,20110818,127.9,149.85,115.15,117.1,25747
INDRAMEDCO,20110818,35.05,35.65,35.05,35.45,23906
INDSWFTLAB,20110818,84,84.1,78.3,79.15,37130
INDSWFTLTD,20110818,26.65,28,25.8,26.15,12355
INDUSFILA,20110818,17.3,19.2,17.3,19,21343
INDUSINDBK,20110818,245,248,238.6,240.65,1209227
INEABS,20110818,555,569,544,545.25,2752
INFINITE,20110818,85.5,88,79.05,79.85,38932
INFODRIVE,20110818,12.15,12.35,11.6,11.85,7280
INFOMEDIA,20110818,12,12.8,12,12.15,5915
INFOTECENT,20110818,115.1,115.1,107.75,109.2,10442
INFRABEES,20110818,280,280,275.2,275.97,271
INFY,20110818,2465,2468.1,2343,2354.1,1334333
INGERRAND,20110818,455,457.9,439,442.45,6369
INGVYSYABK,20110818,324.8,324.8,302.5,306.25,52110
INNOIND,20110818,89.65,92.95,89.5,90.25,110992
INOXLEISUR,20110818,41.55,42,39.55,40.1,64304
INSECTICID,20110818,379.9,383,354,360.3,79220
INVENTURE,20110818,229.7,245,201.05,206.6,4695160
IOB,20110818,118.85,119.95,112.1,113.95,652521
IOC,20110818,314,315.9,309.55,311.15,271288
IOLCP,20110818,33.4,33.4,32.55,32.95,380
IPCALAB,20110818,317.35,318.9,313.25,316.35,8032
IPGETF,20110818,2640,2650,2622.55,2641.9,859
IPRINGLTD,20110818,70,70,69.5,69.5,100
IRB,20110818,151.15,151.15,135.1,136.65,1923211
ISFT,20110818,57,58.5,55.25,58.05,775
ISMTLTD,20110818,33.25,34.25,32.95,34.05,39146
ITC,20110818,204.5,206,202.75,203.85,7169975
ITDCEM,20110818,149.45,149.45,144.2,144.2,154
ITI,20110818,25.95,25.95,23.4,23.6,54171
IVC,20110818,28.85,29.55,28.35,29.2,53770
IVRCLAH,20110818,36.9,36.9,31.5,32.8,23701
IVRCLINFRA,20110818,38.8,39.65,36.3,36.85,5128805
J&KBANK,20110818,805.6,810,794,799.4,36078
JAGRAN,20110818,108,110.8,107,109.65,29339
JAGSNPHARM,20110818,12.9,13.15,12.05,12.1,4806
JAIBALAJI,20110818,143,143,130,131.05,54688
JAICORPLTD,20110818,75.1,77.35,72.5,72.85,319767
JAINSTUDIO,20110818,9,9,9,9,151
JAMNAAUTO,20110818,123,126,120,123,2124
JAYAGROGN,20110818,86,89.85,84.5,85.45,10396
JAYBARMARU,20110818,62.5,62.5,60.05,60.25,1525
JAYNECOIND,20110818,17.05,17.8,16.6,16.75,36809
JAYSREETEA,20110818,139.5,143.7,135,136.3,34345
JBCHEPHARM,20110818,149.4,150.85,143.8,145.1,292364
JBFIND,20110818,129,129,124,126.55,61311
JENSONICOL,20110818,3.85,3.9,3.6,3.8,7686
JETAIRWAYS,20110818,309.4,321,291.5,296.75,3240275
JHS,20110818,31.45,32,31.1,31.5,23286
JIKIND,20110818,6.25,6.25,5.75,6.1,5522
JINDALPHOT,20110818,153.1,160.85,148.35,150.55,104862
JINDALPOLY,20110818,240.9,243.5,223.6,225.45,534091
JINDALSAW,20110818,121.1,126.5,115.15,117,449679
JINDALSTEL,20110818,521,522.8,491.1,495.3,1335643
JINDALSWHL,20110818,652.05,652.2,608.05,614.85,43316
JINDCOT,20110818,100,100,90.55,92.2,20318
JINDRILL,20110818,382.3,385.55,375.7,380.05,3966
JINDWORLD,20110818,147.15,151.7,136.15,139.1,13482
JISLJALEQS,20110818,165.25,170.8,162.2,170.05,1701178
JKCEMENT,20110818,101.1,104,100.5,100.8,7509
JKIL,20110818,97.9,98,90,91.25,11053
JKLAKSHMI,20110818,40.85,40.9,39.6,40.1,44341
JKPAPER,20110818,43.6,43.75,42.8,43.3,357446
JKTYRE,20110818,88.1,89.4,83.35,84,28646
JMCPROJECT,20110818,132.6,135,131.05,133.45,4049
JMFINANCIL,20110818,18.15,18.55,17.8,18,447321
JMTAUTOLTD,20110818,63.5,70,52.5,60.5,27770
JOCIL,20110818,285.85,285.85,273.1,275.25,3135
JPASSOCIAT,20110818,58,58.95,57,58.25,13535580
JPINFRATEC,20110818,39,39.9,38.65,39.05,136014
JPPOWER,20110818,37.05,37.25,33.85,35.45,1243446
JSL,20110818,93,93.1,88.5,90.95,176774
JSWENERGY,20110818,56.1,56.4,53,53.35,639058
JSWISPAT,20110818,14.45,14.45,13.5,13.6,4923359
JSWSTEEL,20110818,644.95,649.05,625.6,634.45,1550455
JUBILANT,20110818,192,200.5,190.1,191.55,91781
JUBLFOOD,20110818,950,958.9,914.85,919.9,1295788
JUBLINDS,20110818,175.75,178.2,168.25,170.75,11600
JUNIORBEES,20110818,102.7,102.7,99.9,100.34,73848
JUPITER,20110818,14.9,14.9,14.05,14.1,204780
JVLAGRO,20110818,17,17,16.45,16.45,13560
JYOTHYLAB,20110818,188,190,175,176.5,49757
JYOTISTRUC,20110818,68.8,68.8,65.2,65.95,59859
KABRAEXTRU,20110818,37.95,38.2,34.7,37.15,61518
KAJARIACER,20110818,104.25,105.8,102.75,103.3,28184
KAKATCEM,20110818,70,70,68.7,68.95,311
KALECONSUL,20110818,68.5,69,66.1,67.1,2786
KALINDEE,20110818,109.5,111.85,108.15,108.7,153814
KALPATPOWR,20110818,113.05,120.4,109.1,114.7,39354
KAMATHOTEL,20110818,78.2,82,78,78.1,1699
KANORICHEM,20110818,33.75,34.35,33.15,33.25,10652
KANSAINER,20110818,861,884.9,861,870.05,328
KARMAENG,20110818,12.5,12.5,10.4,10.45,6047
KARURKCP,20110818,30.6,30.6,30.5,30.55,300
KARURVYSYA,20110818,362,363,350.4,356.75,150861
KAUSHALYA,20110818,7.7,8.5,7.4,7.95,15034
KAVVERITEL,20110818,130.2,136.95,122.6,125.95,27195
KBIL,20110818,645,645,645,645,5
KCP,20110818,26.1,26.1,24.75,25.15,81720
KCPSUGIND,20110818,15.1,15.25,14.65,14.95,16485
KEC,20110818,68.35,68.9,66.55,67.65,32091
KECL,20110818,35.5,37.05,34.5,35.25,4659
KEI,20110818,17.1,17.6,16.5,16.85,41457
KEMROCK,20110818,518,520,514,515.8,12058
KERNEX,20110818,97,98.5,94.25,95.35,42026
KESARENT,20110818,50,50,49.1,49.25,1422
KESORAMIND,20110818,122,124.1,113.65,115.3,36541
KFA,20110818,25.15,25.9,24.2,24.55,2490829
KGL,20110818,8.5,8.5,7.3,7.95,3412186
KHAITANELE,20110818,93.35,96,88.35,93.75,1296
KHAITANLTD,20110818,24.45,24.45,23,23.45,438
KHANDSE,20110818,14.5,15.7,14.5,15,1000
KICL,20110818,451.1,480,436.1,449.05,954
KIL,20110818,13.1,14.75,13.1,13.8,1662
KILITCH,20110818,60,63,60,61.5,1937
KINETICMOT,20110818,16,17,14.9,15,35493
KIRIINDUS,20110818,133.9,133.9,120.5,123.5,86928
KIRLOSBROS,20110818,150,158,145,148.35,1470
KIRLOSENG,20110818,115,120,112.05,117.15,1701
KIRLOSIND,20110818,279,279,278.05,278.05,243
KKCL,20110818,756,756,725,725.4,1521
KLGSYSTEL,20110818,36.9,36.9,34.05,34.8,12998
KLRF,20110818,24,25,23.1,24.05,302
KMSUGAR,20110818,2.7,3,2.6,2.85,8291
KNRCON,20110818,111,114.8,107,108.85,30327
KOHINOOR,20110818,41.4,41.4,39.05,39.3,18648
KOLTEPATIL,20110818,36.75,38,35.6,36.25,32834
KOPRAN,20110818,24.4,24.4,22.5,22.9,41141
KOTAKBANK,20110818,445,449.95,430.1,435.05,795375
KOTAKGOLD,20110818,2562.8,2585,2562.8,2581.75,20799
KOTAKNIFTY,20110818,519,519,509,509.06,39865
KOTAKPSUBK,20110818,384,386,362.5,363.24,1471
KOTARISUG,20110818,5.9,5.9,5.55,5.75,108296
KOTHARIPET,20110818,7,7.4,7,7.2,22688
KOTHARIPRO,20110818,535,562.4,522,526.2,3805
KOUTONS,20110818,21.5,21.65,19.95,20.15,94342
KPIT,20110818,159.8,159.8,147.2,149.35,82247
KPRMILL,20110818,103,111.7,98.5,99.75,5517
KRBL,20110818,26.3,26.3,25.2,25.6,435025
KRISHNAENG,20110818,3.5,3.5,3.4,3.45,1325
KSBPUMPS,20110818,210.25,218.55,210.2,212.1,1855
KSCL,20110818,437.4,437.4,396.5,402.35,30779
KSE,20110818,211,224.25,211,224.25,11
KSERASERA,20110818,13.25,13.25,11.9,11.95,188787
KSK,20110818,100.2,100.85,99.6,100,53526
KSL,20110818,52.25,54,50.2,51.2,16225
KSOILS,20110818,8.15,9.05,8.1,8.4,46142336
KTIL,20110818,77,78,72,77,406
KTKBANK,20110818,96.8,98.25,94,95.65,699411
KWALITY,20110818,152.4,167.7,152.4,164.9,1415831
L&TFH,20110818,48.15,48.5,46.15,46.3,4346287
LAKPRE,20110818,40,44.95,40,42.3,634
LAKSHMIEFL,20110818,25,25.15,23.65,23.95,47598
LAKSHMIMIL,20110818,1700,1725,1650,1650,46
LAKSHVILAS,20110818,106.5,106.5,102.1,102.85,133474
LANCOIN,20110818,34.1,34.9,32.15,32.9,18206
LAOPALA,20110818,88,92.3,87,87.65,37244
LAXMIMACH,20110818,1991,2005,1945,1983.3,7531
LCCINFOTEC,20110818,0.6,0.65,0.55,0.6,13631
LGBBROSLTD,20110818,290,290,271.5,272.85,5805
LGBFORGE,20110818,2.55,2.6,2.35,2.35,17710
LIBERTSHOE,20110818,87.9,87.9,81.15,81.6,27433
LICHSGFIN,20110818,210,210.95,202,203.5,2304494
LIQUIDBEES,20110818,1000.01,1000.01,999.99,1000,72685
LITL,20110818,16.75,17,15.7,15.8,11182242
LLOYDELENG,20110818,52,54.6,50.55,53.75,61735
LLOYDFIN,20110818,1,1.15,1,1,12452
LLOYDSTEEL,20110818,14.15,14.5,14,14.15,353852
LML,20110818,10.35,10.35,8.9,8.95,260388
LOGIXMICRO,20110818,13.25,13.5,13,13.45,5046
LOKESHMACH,20110818,40.05,40.7,38.15,39.95,13765
LOTUSEYE,20110818,10.25,10.25,8.85,9.3,36319
LOVABLE,20110818,439,452.85,429.2,432.95,880708
LPDC,20110818,2.5,2.55,2.4,2.5,1467
LT,20110818,1648,1649.35,1621.05,1628,1279220
LUMAXAUTO,20110818,27.4,27.5,26.55,26.65,1795
LUMAXIND,20110818,319.9,323.7,316.7,322.15,2050
LUMAXTECH,20110818,175,176,168.05,169.7,8633
LUPIN,20110818,448.95,454,436,438.85,746759
LYKALABS,20110818,15.5,15.7,14,15.05,28978
M&M,20110818,719.9,734.8,705.2,717.2,1621345
M&MFIN,20110818,670,670,635,654.3,40267
M100,20110818,7.39,7.39,7.16,7.19,284907
M50,20110818,67.2,67.82,65.55,65.79,9314
MAANALU,20110818,50,51.45,48.1,49.75,1529
MADHAV,20110818,16.5,17,16.35,16.85,2129
MADHUCON,20110818,79,79,64.2,66.2,26701
MADRASCEM,20110818,86.65,87.85,83.35,84.4,19150
MADRASFERT,20110818,24.8,25,23.1,23.25,115264
MAGMA,20110818,76,76.95,73.6,74.6,76336
MAGNUM,20110818,4.95,4.95,4.6,4.7,2905
MAHABANK,20110818,52,52,49.25,49.4,95692
MAHINDFORG,20110818,59.55,63,59.55,62.7,57862
MAHLIFE,20110818,337.1,340,333.4,337.75,6658
MAHSCOOTER,20110818,310,318,310,310.9,348
MAHSEAMLES,20110818,354,358,351,355.75,6411
MAITHANALL,20110818,121.95,121.95,107.45,108,51
MALUPAPER,20110818,10.8,11.05,10.8,10.95,933
MALWACOTT,20110818,25,28.65,24.15,24.85,441
MANAKSIA,20110818,59,60.4,58.05,58.45,18975
MANALIPETC,20110818,11.7,11.7,10.1,10.45,201993
MANAPPURAM,20110818,52.6,53.7,51,51.35,819917
MANDHANA,20110818,215,215,210.25,211.6,98091
MANGALAM,20110818,13,13.4,12.55,12.6,4119
MANGCHEFER,20110818,30.65,31.1,29.8,29.95,246211
MANGLMCEM,20110818,100.6,104,99.1,100.65,44364
MANINDS,20110818,127,132.9,120.2,128.1,152736
MANINFRA,20110818,106,106.9,100,101.2,3444
MANJUSHREE,20110818,84.5,85.95,82.2,83.1,8186
MANUGRAPH,20110818,49.75,50.25,49.5,49.75,15463
MARALOVER,20110818,12.75,12.75,11.25,11.45,2516
MARG,20110818,79,79,72.85,73.5,23508
MARICO,20110818,160.7,161.9,158.55,160.15,105345
MARUTI,20110818,1197,1203,1152.65,1159.4,286994
MASTEK,20110818,92.6,94.9,91.4,91.9,41765
MAWANASUG,20110818,19.1,19.15,17.45,17.7,9012
MAX,20110818,175.55,186.7,175.55,183.9,293163
MBECL,20110818,133.7,133.7,121.05,122.55,19208
MBLINFRA,20110818,124,127,106.3,108.85,48176
MCDHOLDING,20110818,63,65.9,60.4,61.7,7198
MCDOWELL-N,20110818,964,967.35,920,928.3,111475
MCLEODRUSS,20110818,230,230,223.15,228.6,327896
MEGASOFT,20110818,15.25,16.85,14.65,14.85,15279
MEGH,20110818,10,10.15,9.75,9.75,77417
MERCK,20110818,631.4,643,625.2,633.4,3569
MHRIL,20110818,363.5,363.7,348.15,350.4,2934
MIC,20110818,11.85,12.35,11.55,11.7,221326
MICROSEC,20110818,25.1,25.7,24.05,25.4,56691
MICROTECH,20110818,112.8,112.9,105.4,109.05,16632
MINDAIND,20110818,182,186,180.4,180.65,348
MINDTREE,20110818,355,362,353.65,357.8,63758
MIRCELECTR,20110818,18.8,18.8,17.75,17.85,33337
MIRZAINT,20110818,17.2,17.9,16.95,17.1,38229
MLL,20110818,24,24.8,22.9,23.15,1142752
MMFL,20110818,101,104.7,100,100.25,8512
MMFSL,20110818,78.7,79.1,78.5,78.5,17868
MMTC,20110818,730,730,701,703.75,8357
MOIL,20110818,312,312,304,306.35,339018
MONNETISPA,20110818,483,485.7,480,484.75,9319
MONSANTO,20110818,1822,1824,1755,1770.45,4012
MORARJETEX,20110818,12.5,12.95,11.85,12.2,2509
MOREPENLAB,20110818,3.9,3.95,3.5,3.6,398267
MOSERBAER,20110818,24.8,25.25,21.05,21.45,2154465
MOTHERSUMI,20110818,220,221.5,210.05,212.5,123463
MOTILALOFS,20110818,81.6,83.5,81.6,82.55,4489
MOTOGENFIN,20110818,39,39.75,38,39.75,345
MPHASIS,20110818,385.05,386.8,354,358.2,189414
MRF,20110818,6844,6844,6501,6543.25,6911
MRO-TEK,20110818,11.5,11.5,10.6,10.85,9442
MRPL,20110818,65,66.95,62.2,63,893967
MSPL,20110818,45.15,46.35,44,44,10810
MTNL,20110818,37.5,37.95,35.3,35.85,929822
MUDRA,20110818,23.2,24.2,23.1,23.4,4280
MUKANDENGG,20110818,27.05,27.5,26.25,26.5,4430
MUKANDLTD,20110818,34.9,35,34.5,34.9,10883
MUKTAARTS,20110818,36,38,35,35.65,2104
MUNDRAPORT,20110818,139.1,140.75,134.45,136.45,5314420
MUNJALAU,20110818,156.1,160.9,154,155.75,5774
MUNJALSHOW,20110818,60.2,63.1,58.4,59.25,25652
MURUDCERA,20110818,16,16.7,15.5,15.85,11442
MUTHOOTFIN,20110818,180,180.4,165.25,169.65,385971
MVL,20110818,25,25,22.75,24.05,1162553
MVLIND,20110818,12.1,12.1,12,12,226
MYSOREBANK,20110818,552,561.45,541,542.35,1820
N100,20110818,98.55,98.55,92.1,95.1,1181
NAGARFERT,20110818,27.45,27.7,26,26.25,1758338
NAGREEKCAP,20110818,27.35,27.35,23.7,23.7,211
NAGREEKEXP,20110818,17.15,19.4,15.3,16.75,3372
NAHARCAP,20110818,50,50,48,48,692
NAHARINDUS,20110818,42.5,44.85,40.2,40.8,1634
NAHARPOLY,20110818,22.3,24.6,22.3,24.4,135
NAHARSPING,20110818,57.25,57.25,54.55,55.9,10029
NANDAN,20110818,2.5,2.55,2.5,2.5,119254
NATCOPHARM,20110818,261,261.7,255.4,257.8,8929
NATIONALUM,20110818,62.05,62.5,60.25,60.75,227423
NATNLSTEEL,20110818,14.5,14.5,13.65,13.9,35765
NAUKRI,20110818,705,719.95,705,710,1010
NAVINFLUOR,20110818,325.15,327.5,318.6,319.35,12605
NAVNETPUBL,20110818,62.2,62.3,59.3,60.8,147767
NBVENTURES,20110818,198,201.9,196.5,198.85,16581
NCC,20110818,56.2,57.55,54.2,55.4,340619
NCLIND,20110818,36,36.9,35,35.3,11772
NDTV,20110818,48.85,49.65,46.65,47.65,35486
NECLIFE,20110818,20,20.15,18.9,19,67034
NEHAINT,20110818,120.5,127,108.5,109.7,265157
NELCAST,20110818,104.5,105.15,101.7,103.6,10919
NELCO,20110818,56.9,57,53.45,53.9,26972
NEPCMICON,20110818,3.85,3.95,3.75,3.8,35643
NESCO,20110818,609.8,613.8,596.05,600.3,60701
NESTLEIND,20110818,4199,4340,4145.75,4197.95,39515
NET4,20110818,134.3,134.3,120.1,129.2,26567
NETWORK18,20110818,93.1,97.9,93,95.35,88758
NEULANDLAB,20110818,90,94.9,81.25,90.8,1361
NEXTMEDIA,20110818,5,5.3,4.65,5.05,51328
NEYVELILIG,20110818,84.05,85.9,80.1,80.65,153616
NFL,20110818,81.4,82,77.1,77.5,113386
NHPC,20110818,24.8,24.85,24.1,24.2,3189580
NIFTYBEES,20110818,518,518.99,505.25,506.29,395879
NIITLTD,20110818,47.4,47.75,45.5,47.1,119396
NIITTECH,20110818,200.1,204,182.4,187.5,90352
NILKAMAL,20110818,257.9,264.7,246,250.85,2513
NIPPOBATRY,20110818,382,392.15,380,385.1,1018
NISSAN,20110818,2.2,2.3,2.15,2.15,78611
NITCO,20110818,51.05,51.05,49.15,49.7,13304
NITESHEST,20110818,19,20.1,18.5,19.6,125655
NITINFIRE,20110818,114.65,117.6,106.1,109.3,443193
NITINSPIN,20110818,6.3,6.65,6.15,6.5,27640
NMDC,20110818,221.1,224.7,216.6,220.05,528896
NOCIL,20110818,15.6,16.2,15.25,15.4,161373
NOIDATOLL,20110818,21.9,21.9,21.15,21.2,303059
NOL,20110818,42,42,38.05,38.3,2337
NORBTEAEXP,20110818,5,5.25,4.35,4.65,9429
NORTHGATE,20110818,11.1,11.45,10.65,11.1,54844
NOVOPANIND,20110818,41.15,43,41.15,42.05,5724
NRBBEARING,20110818,44,44,42.25,42.75,11308
NRC,20110818,4.25,4.9,4.25,4.5,11707
NSIL,20110818,624,694,624,662.9,689
NTPC,20110818,178,178,172.75,174.3,1101831
NUCENT,20110818,1.7,1.7,1.7,1.7,1142
NUCHEM,20110818,3.05,3.15,2.85,3,26398
NUCLEUS,20110818,66.2,67.95,64,64.05,7550
NUMERICPW,20110818,210.3,213.75,205,205.95,2040
NUTEK,20110818,3.5,3.9,3.5,3.6,1548327
OBEROIRLTY,20110818,228,228,217,220,701874
OCL,20110818,93.5,94.7,92.2,93.5,6103
OFSS,20110818,1898,1922,1818,1841.35,55995
OIL,20110818,1320.5,1321.5,1310.15,1317.55,87662
OILCOUNTUB,20110818,69,69,65.5,67.25,32672
OISL,20110818,51.25,52.45,51.1,51.2,16088
OMAXAUTO,20110818,36.65,37.4,35.1,35.6,6536
OMAXE,20110818,125.5,126,121.15,122.35,111590
OMKARCHEM,20110818,58,60.5,55.3,58.2,19130
OMMETALS,20110818,25.8,25.8,25,25,241
OMNITECH,20110818,130.1,139.95,129,132.6,11668
ONGC,20110818,279.95,280.55,274,276.25,3364314
ONMOBILE,20110818,68.65,68.65,59.85,61,412988
ONWARDTEC,20110818,31.25,33.85,31,31.85,1839
OPTOCIRCUI,20110818,280.95,281.9,276.2,277.7,131457
ORBITCORP,20110818,37.2,38.95,36.05,36.8,459589
ORCHIDCHEM,20110818,204,205.6,181.55,186.7,1938832
ORIENTABRA,20110818,30.95,31.95,28.6,28.95,42130
ORIENTALTL,20110818,7.85,8.2,7.85,8,14883
ORIENTBANK,20110818,318.9,318.9,306.25,313.45,694700
ORIENTCERA,20110818,50.25,51.1,48.15,51.05,311
ORIENTHOT,20110818,29,29,27.25,27.5,5615
ORIENTLTD,20110818,74,83.95,72,75.9,34
ORIENTPPR,20110818,58.5,58.9,57.5,57.9,99329
ORISSAMINE,20110818,43900.05,44135,40800,41026.75,2830
OUDHSUG,20110818,24.4,25.05,24.1,24.3,3863
PAEL,20110818,23.5,24.05,21.5,22.3,6597
PAGEIND,20110818,2700,2748,2645,2717.15,37759
PANACEABIO,20110818,171.8,183.4,144,144.3,426404
PANCARBON,20110818,144.1,144.1,126.5,126.5,13
PANORAMUNI,20110818,8.9,9,8.55,8.8,20919
PANTALOONR,20110818,291.8,293.25,269.5,275.15,479895
PAPERPROD,20110818,80.5,81.35,75.25,77.4,50265
PARABDRUGS,20110818,31.45,32.15,30,30.3,23618
PARACABLES,20110818,2.7,3,2.7,2.95,56118
PARAL,20110818,238.1,243,235,236.25,2137
PARAPRINT,20110818,26.8,28.9,25.5,26.75,448327
PARASPETRO,20110818,0.55,0.55,0.5,0.5,27721
PAREKHPLAT,20110818,3.1,3.45,3.1,3.25,6673
PARSVNATH,20110818,45.1,45.8,45,45.45,224533
PATELENG,20110818,102.5,105.25,95.75,96.85,766765
PATINTLOG,20110818,28,28,27.25,27.85,2237
PATNI,20110818,261.6,274.9,257.9,266,112010
PATSPINLTD,20110818,12.05,12.8,11.75,11.95,3814
PBAINFRA,20110818,44.95,45.45,40.5,41.25,13689
PDUMJEIND,20110818,21.75,21.75,21.45,21.45,677
PDUMJEPULP,20110818,18.95,19.5,18.2,18.4,2482
PEACOCKIND,20110818,2.55,2.7,2.45,2.7,1562
PENIND,20110818,37.4,38.7,37.4,38.2,9337
PENINLAND,20110818,43.7,45.85,43.25,44.95,32972
PEPL,20110818,3.3,3.3,3.2,3.2,9
PERIATEA,20110818,140,144.8,140,140.35,252
PERSISTENT,20110818,309,318,299,302,17697
PETRONENGG,20110818,371.7,372.25,367.1,369.05,24806
PETRONET,20110818,170.45,172.4,160,163.5,3381970
PFC,20110818,159.75,161,148.15,149.8,3355958
PFIZER,20110818,1381.05,1423,1381.05,1401,4281
PFOCUS,20110818,64.45,65.5,57.35,58.35,809701
PFS,20110818,18,18.1,17.65,17.85,238520
PGHH,20110818,1950,1956,1950,1950,1801
PHILIPCARB,20110818,133.3,136.35,130.1,131.25,15307
PHOENIXLTD,20110818,213,216.9,208.35,214.2,10493
PIDILITIND,20110818,166.1,169.5,161.5,162.7,60257
PIIND,20110818,540,554.8,539.95,542.3,8281
PIONDIST,20110818,48,49,46.6,49,490
PIONEEREMB,20110818,13,13.85,11.8,12.05,4118
PIPAVAVYD,20110818,67.4,68.8,64.3,65,1583264
PIRGLASS,20110818,135.55,136.45,128.1,129.3,19093
PIRHEALTH,20110818,377.2,377.2,348,350.55,169185
PIRLIFE,20110818,89.55,89.55,82.65,83,293223
PITTILAM,20110818,38.5,39.5,38.1,38.7,3416
PLASTIBLEN,20110818,191.25,191.25,182,182,872
PLETHICO,20110818,372,376,371.4,371.95,76305
PNB,20110818,1047.85,1047.85,991.45,1011.55,596073
PNBGILTS,20110818,24.05,24.2,23.7,23.9,57217
PNC,20110818,13,13.45,13,13,4384
POCHIRAJU,20110818,13.05,13.85,12.7,12.85,5510
POLARIND,20110818,4.3,4.45,4.3,4.3,10955
POLARIS,20110818,134.7,135,124.4,126.35,1020098
POLYPLEX,20110818,188.05,191.65,181.4,182.15,42189
PONDYOXIDE,20110818,30.55,31.5,30.2,31,6992
PONNIERODE,20110818,83,84,82,82,9182
POWERGRID,20110818,103.5,103.85,101.65,102.65,2874594
PPAP,20110818,94,97,92,95,6687
PRADIP,20110818,74.85,74.85,63.1,67.3,108855
PRAENG,20110818,8.2,8.45,8.15,8.3,26711
PRAJIND,20110818,71.6,72.45,68.4,69.75,1469831
PRAKASH,20110818,56.5,56.85,54.2,54.65,59592
PRAKASHSTL,20110818,130.2,130.25,126.6,128.1,3485
PRATIBHA,20110818,43.85,44.3,39.7,41.25,133201
PRECOT,20110818,108,109.7,104,105.2,623
PRECWIRE,20110818,95.25,98.8,92.4,93.25,1414
PREMIER,20110818,78.1,79.95,75.55,77.6,5424
PRESTIGE,20110818,107.5,107.5,97.6,98.25,558951
PRETAILDVR,20110818,184,196,173.35,174.9,6953
PRICOL,20110818,16.4,17.2,16.3,16.4,18031
PRIMESECU,20110818,18.5,18.5,17.75,17.8,11860
PRISMCEM,20110818,42.1,42.7,40.6,41.45,50692
PRITHVI,20110818,20.05,20.85,20,20.25,13476
PROVOGUE,20110818,29.65,29.65,28.4,28.65,118331
PSB,20110818,83,83.5,80,81.15,68351
PSL,20110818,62,62,58.8,59.1,98527
PSUBNKBEES,20110818,363.65,363.7,344,344.39,3331
PTC,20110818,71.05,71.55,68.5,69.6,747925
PTL,20110818,25.65,25.65,25.65,25.65,2
PUNJABCHEM,20110818,66.75,72.95,66.75,68.9,308
PUNJLLOYD,20110818,59.25,59.25,55.3,56.05,3161962
PURVA,20110818,61.4,65.1,60.6,62.25,21479
PVP,20110818,6.5,6.55,5.95,6.2,95599
PVR,20110818,111.05,113.65,108,112.7,17461
QGOLDHALF,20110818,1280,1288.5,1275,1285.8,2127
QNIFTY,20110818,475.1,570,460,504.62,158
QUINTEGRA,20110818,3,3.1,2.95,3.05,10929
RADAAN,20110818,2.25,2.4,2.2,2.2,14146
RADICO,20110818,129.1,130.45,128.1,129.9,38265
RAINBOWPAP,20110818,58,58.5,56.7,57,258499
RAINCOM,20110818,32.9,32.9,30.05,31.15,140495
RAJESHEXPO,20110818,107,109.5,104.5,105.55,347609
RAJOIL,20110818,23.4,23.4,19.8,20.2,80409
RAJPALAYAM,20110818,203,208.95,203,203.95,716
RAJRAYON,20110818,10,10.35,10,10.1,2446
RAJSREESUG,20110818,36.5,42.8,36.5,37.8,11313
RAJTV,20110818,45.95,45.95,44.05,44.95,39643
RAJVIR,20110818,105.1,109.95,95.6,102.5,856
RALLIS,20110818,164.9,165.8,161.1,164.15,127497
RAMANEWS,20110818,11.65,12.35,11.3,11.45,8824
RAMCOIND,20110818,41.5,43.05,40.6,41.2,17641
RAMCOSYS,20110818,64,64,60.3,60.7,1913
RAMKY,20110818,280,289,270,274.05,67338
RAMSARUP,20110818,9.8,10.25,9.2,9.8,44884
RANASUG,20110818,4.1,4.15,3.9,3.95,420429
RANBAXY,20110818,481.9,486.2,472,476.05,628031
RANEHOLDIN,20110818,212.8,212.8,210.1,210.2,582
RANKLIN,20110818,13.2,13.2,13.2,13.2,1116
RATNAMANI,20110818,99,101.5,98.25,99.8,69609
RAYMOND,20110818,350.05,353.8,330,333.25,177001
RBL,20110818,107,115,107,109.2,1207
RBN,20110818,83.25,84.4,81.15,82,78763
RCF,20110818,79.8,80.8,74.8,75.4,674245
RCOM,20110818,76.5,78.1,75.1,75.8,7166101
RECLTD,20110818,180.6,184,172,173.2,2478805
REDINGTON,20110818,92.1,94.85,91.25,93.55,258454
REFEX,20110818,16.7,16.8,16.7,16.8,20770
REIAGROLTD,20110818,25.8,25.9,24.8,25.15,383363
REISIXTEN,20110818,28,29,27.05,27.55,4740
RELAXO,20110818,264,274,264,269.95,574
RELBANK,20110818,942,942,893,899.02,303
RELCAPITAL,20110818,416.2,420,390.15,395.3,1902340
RELGOLD,20110818,2500,2504.8,2485,2486.85,106913
RELGRNIFTY,20110818,465,500,464.2,499.98,121
RELIANCE,20110818,757.7,760,737,741.2,3914915
RELIGARE,20110818,439,442,432,432.5,12781
RELIGAREGO,20110818,2629.95,2695.65,2615,2637.7,353
RELINFRA,20110818,459,459,412,423.45,2067210
RELMEDIA,20110818,90.5,90.8,83.4,84.8,438111
RENUKA,20110818,59,59.8,55.35,55.9,6920760
REPRO,20110818,144.1,146.35,141.6,142.45,15188
RESPONIND,20110818,107.15,110,106.25,107.05,14323
RESURGERE,20110818,0.35,0.35,0.3,0.35,3914780
REVATHI,20110818,352.2,368,350,360,427
RICOAUTO,20110818,11.55,11.55,10.9,11.1,63879
RIIL,20110818,406,406,386.4,388.6,63827
RKDL,20110818,17.05,18,16.5,16.95,17731
RKFORGE,20110818,101,103.9,101,102.75,112
RMCL,20110818,5.2,5.75,5.2,5.3,17953
RML,20110818,128.2,128.2,119.95,119.95,225
ROHITFERRO,20110818,30.5,30.7,28.5,28.95,35851
ROHLTD,20110818,55.8,57.45,54.2,55.05,5957
ROLTA,20110818,103,104,101.1,102.05,410268
ROMAN,20110818,20.3,21,20,20,10351
RPGLIFE,20110818,79.35,79.35,74.1,76.05,2083
RPOWER,20110818,86,86.85,83.1,83.9,1882617
RPPINFRA,20110818,71,72,66.2,67.95,21912
RSSOFTWARE,20110818,44,45,43.6,44.1,2000
RSWM,20110818,89,89.75,86.25,86.6,10955
RSYSTEMS,20110818,103,105,98,98.7,3728
RUBYMILLS,20110818,915,935,885.25,891.8,1072
RUCHINFRA,20110818,15.25,16,14.35,14.6,31015
RUCHIRA,20110818,8.9,8.9,7.65,7.95,5673
RUCHISOYA,20110818,92.3,94.05,87.65,92.5,882871
RUSHIL,20110818,119.75,122.8,111,114.35,696654
SABTN,20110818,48,52.4,48,50.45,1337
SADBHAV,20110818,144.8,144.8,140,140.85,125536
SAGCEM,20110818,135,135,127,127,114
SAHPETRO,20110818,32,33.4,30.65,30.85,2506
SAIL,20110818,107.2,108,103.5,104.4,2185598
SAKHTISUG,20110818,28.15,28.5,26.5,26.95,73944
SAKSOFT,20110818,81,84,72.85,79.25,7453
SAKUMA,20110818,13.3,13.95,13,13.4,13188
SALONACOT,20110818,16,16,15.5,15.85,90
SALORAINTL,20110818,26,26,26,26,2
SALSTEEL,20110818,5.05,5.3,5,5.15,14609
SAMBANDAM,20110818,75,75,75,75,1
SAMBHAAV,20110818,1.2,1.45,1.2,1.35,17398
SANDESH,20110818,266.2,271,266.2,271,11
SANGAMIND,20110818,31.5,32.3,30.5,30.8,14437
SANGHIIND,20110818,17.4,17.4,13.65,15.05,12146
SANGHIPOLY,20110818,1.35,1.45,1.35,1.35,16469
SANGHVIFOR,20110818,25.2,26.25,24.65,25.15,4241
SANGHVIMOV,20110818,118.05,124.5,117.05,120.55,14307
SANWARIA,20110818,18,18.4,16.9,18.15,43196
SARDAEN,20110818,160,160,142.5,144.05,18140
SAREGAMA,20110818,62.25,63.4,61.3,62.15,13761
SARLAPOLY,20110818,111,124,110.5,114,865
SASKEN,20110818,99.85,99.85,97.15,98.9,33332
SATHAISPAT,20110818,39.9,40.45,37.05,37.45,33997
SATYAMCOMP,20110818,71.5,72.25,68,68.3,3916911
SAVERA,20110818,35,37.8,35,36.95,4163
SBBJ,20110818,425.05,429.5,415,421.85,12034
SBIGETS,20110818,2615,2639,2612,2633.35,9811
SBIN,20110818,2184,2185,2070.05,2078.4,2226318
SBT,20110818,641,644.7,630,635.2,6333
SCI,20110818,83.6,83.6,80.45,80.8,353743
SEAMECLTD,20110818,95,98.75,92.4,94.65,5434
SEINVEST,20110818,10,10.2,9.6,9.6,257630
SELAN,20110818,286.15,295,275.7,278.8,32415
SELMCL,20110818,11.2,11.65,10.9,11.1,723151
SENTINEL,20110818,13.05,13.7,13.05,13.05,2674
SERVALL,20110818,6.5,6.7,6.35,6.4,30298
SESAGOA,20110818,233.5,234.25,225,226.4,1456036
SESHAPAPER,20110818,201,202.95,188.05,189.9,691
SGJHL,20110818,139.95,139.95,123.45,123.65,125551
SGL,20110818,4.35,4.75,4.25,4.25,2100
SHAHALLOYS,20110818,9.85,11.5,9.55,9.55,6820
SHANTIGEAR,20110818,42.3,42.75,41.3,41.55,93507
SHARIABEES,20110818,112.1,112.1,108.9,108.9,14
SHARRESLTD,20110818,46,51.75,45.6,47,71045
SHASUNPHAR,20110818,69,70,65,67,68612
SHILPAMED,20110818,209.8,209.8,199,200.7,2041
SHILPI,20110818,13.2,13.2,12.4,12.45,27531
SHIV-VANI,20110818,174.65,179.9,170,172.2,24486
SHIVAMAUTO,20110818,99.5,105,98.3,103.25,53
SHIVTEX,20110818,23.6,23.6,22.6,22.7,2006
SHLAKSHMI,20110818,81.9,82,77.75,80.35,64016
SHOPERSTOP,20110818,390,390,373.1,384.5,31514
SHPRE,20110818,4.05,4.8,4.05,4.25,5871
SHREEASHTA,20110818,4.05,4.1,3.9,3.95,2430172
SHREECEM,20110818,1651,1660,1640,1657.5,7798
SHREERAMA,20110818,4.75,4.8,4.2,4.55,117813
SHRENUJ,20110818,55,56,53.15,54,14469
SHREYANIND,20110818,18.15,18.15,18.15,18.15,100
SHREYAS,20110818,27,28.95,26.1,27.55,3440
SHRIRAMCIT,20110818,537,548.75,519.95,541.55,4262
SHRIRAMEPC,20110818,126.5,126.6,116.8,119.4,7344
SHYAMTEL,20110818,37.05,39,37.05,38.15,8163
SICAGEN,20110818,18.5,18.9,18.15,18.25,10063
SICAL,20110818,79.3,79.65,79.2,79.4,75794
SIEMENS,20110818,872.95,879.75,861.5,868.45,54759
SILINV,20110818,85,89.65,82.1,82.1,289
SIMBHSUGAR,20110818,40,41,39.1,40.2,28485
SIMPLEX,20110818,80,81.8,75.3,77.5,809
SIMPLEXINF,20110818,267,267.2,261.45,264.7,2367
SINTEX,20110818,138,142.25,135.75,139.4,1252817
SIRPAPER,20110818,44,45,42.2,43.25,1721
SITASHREE,20110818,7.6,7.7,7.1,7.2,4571
SIYSIL,20110818,320,339.95,307.3,318.9,5792
SJVN,20110818,22.05,22.2,22,22.1,221486
SKFINDIA,20110818,655,659.95,642,650.4,18819
SKMEGGPROD,20110818,6.8,6.9,6.5,6.6,13245
SKSMICRO,20110818,287,289.95,286.8,286.8,28556
SKUMARSYNF,20110818,47.3,48.4,41.1,42.3,3358156
SMARTLINK,20110818,41.05,42.5,39.55,40.3,22349
SMLISUZU,20110818,345.65,357,345.65,356.9,172
SMOBILITY,20110818,98.3,102,96.5,99.95,43938
SMPL,20110818,7,7.1,6.6,6.75,196810
SMSPHARMA,20110818,160,163,156,158.95,138
SOBHA,20110818,230.1,230.5,220.2,224.2,115449
SOFTTECHGR,20110818,6,6,4.4,4.65,4192
SOLARINDS,20110818,749,750,734,744.8,2284
SOMANYCERA,20110818,48,48,45.1,45.35,1154
SOMATEX,20110818,6.1,6.3,6,6,7943
SONASTEER,20110818,14.8,15.05,14.55,14.65,77612
SONATSOFTW,20110818,31.8,33.1,30.75,30.95,179733
SOTL,20110818,612.5,626,600.1,602.45,4205
SOUISPAT,20110818,6.9,7.15,6.55,6.6,41555
SOUTHBANK,20110818,22,22.05,20.9,21,2452026
SPANCO,20110818,147.95,147.95,108.5,111.65,47909
SPARC,20110818,72.1,74.2,68.5,70.15,210320
SPECTACLE,20110818,13.5,14.75,12.7,13.85,65900
SPENTEX,20110818,10.2,10.6,8.8,9.2,24507
SPIC,20110818,27.25,27.5,25.6,26.05,455938
SPLIL,20110818,3.25,3.35,3.25,3.25,1504
SPMLINFRA,20110818,142,142,123.05,127.3,4086
SPYL,20110818,26,29.75,24.6,26.45,8760
SREINFRA,20110818,37.25,37.4,34.2,36.5,1025406
SRF,20110818,299,303.9,290,294.6,34355
SRGINFOTEC,20110818,0.45,0.5,0.45,0.45,25683
SRHHLINDST,20110818,4.4,4.4,3.85,3.9,1906
SRICHAMUND,20110818,35.25,35.25,35.25,35.25,500
SRTRANSFIN,20110818,623,625,596,608.45,266898
SSWL,20110818,273.05,274.95,257.95,260.05,10506
STAR,20110818,302.85,303.8,288.2,291.05,124064
STARPAPER,20110818,18.05,19.9,17,17.9,1488
STCINDIA,20110818,158,158,145.55,147,63333
STER,20110818,135,135.3,127.25,128.45,4945269
STERLINBIO,20110818,65.5,66.3,64.25,65.35,300752
STERTOOLS,20110818,106,111,105.35,106.3,286
STRTECH,20110818,38.35,40.5,37.85,38.6,709280
SUBEX,20110818,44.65,45.8,43.35,44.05,473163
SUDAR,20110818,92.6,93,84.15,85.2,104179
SUDARSCHEM,20110818,690.55,703.9,690.05,695,348
SUJANATOW,20110818,23.2,24.6,20.9,22.5,2280569
SUJANAUNI,20110818,4.3,4.45,4.2,4.2,39681
SUMEETINDS,20110818,26.8,27.3,26.35,26.55,53822
SUMMITSEC,20110818,70,75,70,72.6,494
SUNCLAYTON,20110818,138.15,141,135.6,139.35,4280
SUNDARAM,20110818,42.05,42.95,42.05,42.35,85122
SUNDARMFIN,20110818,530,539.95,520.05,531.7,18880
SUNDRMBRAK,20110818,158.3,162.5,158.3,160,598
SUNDRMFAST,20110818,63.95,65.5,63.05,64.1,178686
SUNFLAG,20110818,27.55,28.1,27.55,27.75,69263
SUNILHITEC,20110818,88,88,79.8,80.4,37148
SUNPHARMA,20110818,484.5,488.4,475.1,478.85,321807
SUNTECK,20110818,269.75,284,267.45,279.4,8217
SUNTV,20110818,305,308.8,302.05,304.6,1298522
SUPER,20110818,189,189,186,187.55,129
SUPERSPIN,20110818,9.35,9.95,9.25,9.35,6968
SUPPETRO,20110818,74.7,74.7,71,72.75,61139
SUPRAJIT,20110818,18.1,18.9,17.05,18.45,13785
SUPREMEIND,20110818,215.9,215.9,205.1,209.45,469382
SUPREMEINF,20110818,249.1,251.95,226.25,231.4,23708
SURAJDIAMN,20110818,42.45,44,41.15,41.7,15743
SURANACORP,20110818,86.5,92,86.5,87.65,349
SURANAIND,20110818,407,410,405,409.55,16046
SURANAT&P,20110818,14,14.7,13,13.75,599
SURANAVEL,20110818,36.95,36.95,30.05,31,6626
SURYAJYOTI,20110818,23,23.8,22.45,22.5,15186
SURYALAXMI,20110818,57,58,53.6,54.3,1800
SURYAPHARM,20110818,17.55,18.15,16.75,16.9,159024
SURYAROSNI,20110818,66.65,66.65,64.5,64.85,10907
SUTLEJTEX,20110818,162.5,165.05,160,161.15,2264
SUVEN,20110818,17,18.15,16.85,17.35,165217
SUZLON,20110818,37.5,39.7,37.5,39.15,29743229
SWARAJENG,20110818,447.35,448.95,440.1,440.8,3306
SYMPHONY,20110818,1233.85,1233.85,1085,1106.35,2104
SYNCOM,20110818,15.9,15.9,15.05,15.2,18969
SYNDIBANK,20110818,105.5,105.5,98.25,99.7,837862
TAINWALCHM,20110818,27.7,29.95,27.15,27.15,4269
TAJGVK,20110818,89.5,92,88.4,90.05,33887
TAKE,20110818,33.2,33.45,31.55,32.65,39403
TALBROAUTO,20110818,48,49.8,46.3,47.5,1566
TALWALKARS,20110818,195.35,196.75,181.95,184.1,59849
TANFACIND,20110818,24.25,24.25,24.2,24.2,210
TANLA,20110818,10.35,10.35,9.7,9.75,158926
TANTIACONS,20110818,47.8,49.4,47.1,47.65,3010
TARAPUR,20110818,17.4,17.75,17.2,17.6,5453
TATACHEM,20110818,355.1,355.35,345,348.35,328305
TATACOFFEE,20110818,738.9,745.95,702.2,704.65,203317
TATACOMM,20110818,204,204.65,191.4,195.1,149807
TATAELXSI,20110818,192.2,199.75,189.05,190,18608
TATAGLOBAL,20110818,96,96,87.65,88.6,2557677
TATAINVEST,20110818,450,451.55,441,447.6,7441
TATAMETALI,20110818,74.1,75.5,70,70.35,23200
TATAMOTORS,20110818,786.7,787.3,747.9,752.05,2518993
TATAMTRDVR,20110818,420.2,430,412.9,418.4,647585
TATAPOWER,20110818,1075.1,1078.3,1032,1041.65,287338
TATASPONGE,20110818,304.9,308.95,301.1,302.15,8449
TATASTEEL,20110818,472.65,472.65,458.6,462.6,3031279
TCI,20110818,79.05,80,76.5,76.75,12414
TCIDEVELOP,20110818,165.25,170,153.55,154.85,637
TCS,20110818,1005.9,1009.3,958,962.35,1809948
TECHM,20110818,717,717,655.9,660.7,364133
TECHNO,20110818,224,227.9,206.75,212.15,18260
TECHNOFAB,20110818,133,134.45,124.05,128.75,6716
TECPRO,20110818,265,272,261.6,269.25,10757
TELEDATAIT,20110818,0.35,0.35,0.25,0.3,1192383
TELEMARINE,20110818,0.6,0.7,0.6,0.6,35163
TEXMACOLTD,20110818,30.6,31.25,30.4,31,143740
TEXMOPIPES,20110818,44.15,44.6,41.4,41.95,84842
TEXRAIL,20110818,78.6,78.95,73.05,76.55,127866
TFCILTD,20110818,28.65,28.85,27.9,28.5,74856
TFL,20110818,14,15.45,14,15.45,4
THANGAMAYL,20110818,151,155.4,146,146.4,12355
THEMISMED,20110818,133,133,130,131,1050
THERMAX,20110818,508.15,508.15,495.5,497.2,58456
THINKSOFT,20110818,36.05,36.2,34.8,35.25,28846
THIRUSUGAR,20110818,90,90,84.5,89.85,1629
THOMASCOOK,20110818,43.3,43.65,42.05,42.2,67900
TI,20110818,40.5,40.5,37.7,38.95,85776
TIDEWATER,20110818,6720,6800,6500,6539.7,807
TIIL,20110818,37.25,37.8,36.2,36.6,4251
TIL,20110818,392.6,418,392.6,396.65,50774
TIMBOR,20110818,34.75,36.65,34.05,34.1,34718
TIMETECHNO,20110818,68.5,70.5,67.5,68.1,1138351
TIMKEN,20110818,211.05,212.35,203,204.8,65934
TINPLATE,20110818,49.5,49.5,46.15,46.4,42259
TIPSINDLTD,20110818,24.6,25,24.25,24.6,2248
TIRUMALCHM,20110818,74.2,76,71,72.25,2703
TITAN,20110818,211,214.8,200.25,202.25,3885802
TNPETRO,20110818,15.9,16.15,15.85,15.95,65915
TNPL,20110818,103,104.9,102.1,102.8,15284
TODAYS,20110818,5,5.75,5,5.5,9870
TORNTPHARM,20110818,612.95,623,599.05,605.8,28656
TORNTPOWER,20110818,211,214.5,208,211.3,35256
TRENT,20110818,1185,1200,1150,1187.45,4058
TRF,20110818,359,362,345,347.4,15423
TRICOM,20110818,13,14,13,13.15,9351
TRIDENT,20110818,11.3,11.55,11.2,11.3,37194
TRIGYN,20110818,13.95,13.95,13.4,13.5,2737
TRIL,20110818,232.1,239.7,230,230.1,4521
TRIVENI,20110818,25,26.95,24.1,24.5,514337
TTKHEALTH,20110818,472.35,482,449.45,453.25,74807
TTKPRESTIG,20110818,2988.7,3014,2899.3,2926.7,63198
TTL,20110818,25.5,25.85,24.5,24.6,20852
TTML,20110818,18.2,18.2,16.85,17.05,1444053
TUBEINVEST,20110818,137,137,129.3,131.05,52866
TULIP,20110818,143.75,146.5,140.1,143.9,127175
TULSI,20110818,12.5,12.9,12.05,12.1,76606
TULSYAN,20110818,41,41,39,39.85,554
TV18BRDCST,20110818,49,49.9,46.7,47.95,262429
TVSELECT,20110818,20,20.5,19,19.2,5165
TVSMOTOR,20110818,52.7,52.7,49.55,50.1,957174
TVSSRICHAK,20110818,357,357,343,345,1071
TVTODAY,20110818,55.75,56.25,50,51.15,70659
TWILITAKA,20110818,40,40.55,38.15,39.65,14701
TWL,20110818,388.05,389.95,380.05,385.5,13241
UBENGG,20110818,54.8,57.55,52.5,54,13011
UBHOLDINGS,20110818,125,126.35,115.2,118.85,85796
UBL,20110818,439.9,443,428.65,432.2,35926
UCALFUEL,20110818,70.5,72.6,69.7,70,8999
UCOBANK,20110818,71.45,72.4,66.5,67.1,1343017
UFLEX,20110818,178.15,178.85,163.4,166.05,221763
UGARSUGAR,20110818,13.65,13.65,12.8,13,16235
ULTRACEMCO,20110818,1032,1032,979.05,985.35,249027
UMESLTD,20110818,19,19,15.85,16.15,35094
UNICHEMLAB,20110818,142,147,141.35,141.95,22274
UNIENTER,20110818,30.35,30.8,29.35,29.5,14884
UNIONBANK,20110818,263.5,266.7,257,259.3,258945
UNIPHOS,20110818,149.95,149.95,135.25,140.2,1763913
UNIPLY,20110818,11.5,12.45,11.3,12.2,819
UNITECH,20110818,27.3,28.1,26.7,27,21252343
UNITEDBNK,20110818,82.5,83.4,76.5,77.25,78231
UNITEDTEA,20110818,126.55,126.55,112,124.2,554
UNITY,20110818,50,50.45,48.15,48.55,43224
UNIVCABLES,20110818,50,50.65,49,49.4,524
UPERGANGES,20110818,46,46.4,45.05,45.5,23670
USHAMART,20110818,34.3,35.6,33.35,34.25,313270
USHERAGRO,20110818,123.25,128.2,120.25,123.7,371974
UTISUNDER,20110818,850,899.95,831,899.75,52
UTTAMSTL,20110818,79.5,79.5,76.55,77.15,33105
UTTAMSUGAR,20110818,29.15,30,28,28.25,9563
UTVSOF,20110818,948.5,951,938.05,940.25,51311
VADILALIND,20110818,134.4,138,122.5,126.25,5700
VAIBHAVGEM,20110818,37,38.75,36.35,37.7,2920
VAKRANSOFT,20110818,396.05,399,385,385.4,24910
VALECHAENG,20110818,75.55,75.55,70.6,71.3,53123
VALUEIND,20110818,17.2,17.65,17,17,9888
VARDHACRLC,20110818,8.9,8.9,8.55,8.6,36355
VARDMNPOLY,20110818,101,103.95,94.15,95.35,35670
VARUN,20110818,244.45,244.45,236.2,240.8,143870
VARUNSHIP,20110818,19.8,19.95,19.5,19.7,92906
VASCONEQ,20110818,50.1,50.25,47.5,49.1,19419
VENKEYS,20110818,461.5,474,435,438.45,25220
VENUSREM,20110818,216.6,216.75,202.65,204.95,6798
VESUVIUS,20110818,354,380,352.3,362.5,661
VGUARD,20110818,208.85,210.85,205,205.1,65956
VICEROY,20110818,28.6,28.6,25,25.45,60634
VIDEOIND,20110818,179.3,181,176,178.95,133811
VIJAYABANK,20110818,59,59.4,56.4,56.9,1682017
VIJSHAN,20110818,16,16,15.05,15.25,728
VIKASHMET,20110818,10.6,10.85,9.7,9.95,577717
VINATIORGA,20110818,68.5,69.8,66.25,66.85,6892
VINDHYATEL,20110818,144,144,136.75,137.05,915
VINYLINDIA,20110818,10,10.65,9.55,9.8,2486
VIPIND,20110818,847.8,863.9,811,820.25,1248354
VIPUL,20110818,9.75,10.7,9.75,10.2,3375
VISAKAIND,20110818,88,90.8,86.65,87.5,2525
VISASTEEL,20110818,57.8,57.8,56.75,56.9,68061
VISESHINFO,20110818,6.25,7,6.25,6.85,3049
VISHALRET,20110818,26.9,27,26.1,26.2,35297
VISUINTL,20110818,2.2,2.2,2.1,2.2,6306
VIVIMEDLAB,20110818,268,282.95,263.25,264.5,73179
VLSFINANCE,20110818,9.85,10.2,9.75,9.8,25341
VOLTAMP,20110818,497.65,504.8,487.25,490.2,18359
VOLTAS,20110818,131.95,132,129,129.9,1254384
VSTIND,20110818,1200.1,1214,1173,1193.1,7638
VSTTILLERS,20110818,481,509.9,481,497.1,2399
VTL,20110818,177.15,179.4,170,170.9,8652
VTXIND,20110818,13.3,13.3,12.45,12.45,5675
WABAG,20110818,456,474.95,450,456,2001
WABCO-TVS,20110818,1295,1295,1240,1250.4,21034
WALCHANNAG,20110818,97.75,98.8,89.3,90.3,47508
WANBURY,20110818,25,26.25,24.75,25,8368
WEBELSOLAR,20110818,50,50,47.25,48.2,5107
WEIZFOREX,20110818,80.5,83.2,78.25,79.9,2658
WEIZMANIND,20110818,9.7,9.7,8,8.8,3355
WELCORP,20110818,138.7,139.1,132.5,134.05,241377
WELGLOB,20110818,52.35,52.35,47.85,47.85,1860
WELINV,20110818,51,52,48.4,49,549
WELPROJ,20110818,50,50,45.3,45.75,17589
WELSPUNIND,20110818,30,31,26.5,27.05,88361
WENDT,20110818,1899.9,1899.9,1520,1576.55,2371
WHEELS,20110818,259.9,259.9,248.5,249,657
WHIRLPOOL,20110818,208.95,212.95,198.6,199.9,125199
WIPRO,20110818,345,345.5,323.95,328.15,2396107
WOCKPHARMA,20110818,387.9,392,370,372.3,249793
WSI,20110818,16.3,17.45,15.6,16.05,7596
WSTCSTPAPR,20110818,77,79.5,77,78.2,81966
WWIL,20110818,6.85,6.85,6.6,6.7,601260
WYETH,20110818,1010,1017.3,996.25,1012.25,1886
XLENERGY,20110818,7.1,7.5,7.1,7.25,34059
XPROINDIA,20110818,53.45,53.45,50.25,51.1,12641
YESBANK,20110818,290,291.3,273,274.65,2891079
ZANDUREALT,20110818,1781,1798.7,1725,1729.95,847
ZEEL,20110818,123.75,125.95,121.95,123.45,1783228
ZEELEARN,20110818,19.1,19.25,18.4,19.05,343850
ZEENEWS,20110818,12.95,13.15,12.65,12.85,410634
ZENITHBIR,20110818,5.1,5.1,4.85,5,135196
ZENITHCOMP,20110818,13.3,14.45,13.3,13.9,4519
ZENITHINFO,20110818,196,204,186,190.15,308
ZENSARTECH,20110818,144,144,132.5,132.65,4678
ZICOM,20110818,34.2,35.9,34.2,34.75,16054
ZODIACLOTH,20110818,340.45,350.6,337.7,338.9,401
ZODJRDMKJ,20110818,24.05,24.05,24.05,24.05,225
ZUARIAGRO,20110818,674.1,679,655.55,666.45,5807
ZYDUSWELL,20110818,600,607.8,586.1,600.9,11555
ZYLOG,20110818,399.9,401.95,392,393.3,79242
NSENIFTY,20110818,5077.95,5078.60,4932.15,4944.15,139816131,5686.22
NIFTYJUNIOR,20110818,10167.30,10204.90,9907.40,9940.80,80593772,1410.05
BANKNIFTY,20110818,9987.60,10002.30,9564.95,9601.50,26093733,1991.42
NSEMIDCAP,20110818,7382.15,7399.30,7188.15,7206.90,144214972,1598.52
NSEIT,20110818,5599.10,5601.70,5332.80,5348.35,27137783,951.67
NSE100,20110818,4998.90,5001.50,4858.60,4870.55,220409903,7096.27
NSE500,20110818,4093.25,4093.25,3985.20,3994.15,540626416,9575.70
MIDCAP50,20110818,2180.90,2188.05,2101.45,2110.35,91994541,1036.97
VIX,20110818,25.48,27.87,22.35,27.45,25.48,1.97
