20MICRONS,20111019,56.6,57.35,56.05,56.95,120615
3IINFOTECH,20111019,25.85,26.25,25.75,26.1,771903
3MINDIA,20111019,4355,4489,4251,4300,471
A2ZMES,20111019,190,193.5,184,185.55,149664
AANJANEYA,20111019,403.3,403.3,383.1,389.95,31113
AARTIDRUGS,20111019,102,103.05,100,101.5,489
AARTIIND,20111019,46.1,49,46.1,47.85,158930
AARVEEDEN,20111019,35,35,34,34.2,182
ABAN,20111019,395,413.6,394.95,411.5,801663
ABB,20111019,670.45,718,668.25,713.55,426304
ABBOTINDIA,20111019,1433,1479,1433,1463.75,808
ABCIL,20111019,96.1,97.25,92.65,96.65,1056
ABGSHIP,20111019,402.6,405,398.25,401.05,74467
ABHISHEK,20111019,9.35,9.5,9.35,9.4,1888
ABIRLANUVO,20111019,895,910,890.5,896.05,59205
ACC,20111019,1105.5,1134,1104.05,1126.5,241848
ACE,20111019,40.2,43,38.2,42,34237
ACKRUTI,20111019,189.45,195,188,190,23720
ACROPETAL,20111019,14.75,14.75,14.25,14.45,120714
ADANIENT,20111019,463.15,474.5,460.15,473.15,716097
ADANIPOWER,20111019,83.7,86,82.75,85.1,1295857
ADFFOODS,20111019,57,58,56.4,56.6,6517
ADHUNIK,20111019,53,53.35,52,52.1,29974
ADORWELD,20111019,145.1,146.3,144.1,144.65,3653
ADSL,20111019,27.9,28.85,27.9,28.05,53405
ADVANIHOTR,20111019,33.4,33.85,33.4,33.85,225
ADVANTA,20111019,401.1,405.85,392.7,396.8,18237
AEGISCHEM,20111019,184,192,184,186.15,14319
AFL,20111019,42.2,43.4,41.4,42.35,5483
AFTEK,20111019,11.15,11.45,11.15,11.25,67974
AGCNET,20111019,144,153.3,143.5,150.35,1252
AGRE,20111019,40,40.95,39.5,39.65,3691
AGRODUTCH,20111019,7,7.65,6.9,7.2,42169
AHLEAST,20111019,309.1,310,301.1,301.3,2059
AHLUCONT,20111019,108.5,108.5,105,106.6,1201
AHLWEST,20111019,146.6,148.5,144.05,144.8,241
AHMEDFORGE,20111019,101.9,109.9,101.9,103.35,8343
AIAENG,20111019,313,313,308.25,310.8,210768
AJANTPHARM,20111019,322,333.4,315.15,326.45,57085
AJMERA,20111019,118.95,118.95,116.35,117.1,12364
AKSHOPTFBR,20111019,6.2,6.25,6.1,6.2,73720
AKZOINDIA,20111019,917.95,919,907.05,910.1,13296
ALBK,20111019,150.65,152.75,150.4,152,330037
ALCHEM,20111019,260,260,258,258.15,100026
ALEMBICLTD,20111019,18.9,19.2,18.35,18.9,61460
ALFALAVAL,20111019,2303,2410,2303,2348.3,12759
ALKALI,20111019,38.25,39.5,38.25,38.5,2567
ALKYLAMINE,20111019,88.1,92.5,86.1,87.5,761
ALLCARGO,20111019,141.05,144.4,140.1,141.95,5631
ALLSEC,20111019,14,14,13.25,13.25,2542
ALMONDZ,20111019,23.6,24,22.55,23.15,133
ALOKTEXT,20111019,19.3,19.8,19.2,19.75,4087356
ALPA,20111019,7.5,8.3,7.5,8.25,554
ALPHAGEO,20111019,91,91.9,87,88.75,525
AMAR,20111019,113.15,118.25,112,115.95,96510
AMARAJABAT,20111019,210,210.9,207.35,208.25,33261
AMARJOTHI,20111019,54.9,54.9,53.1,53.1,103
AMBIKCO,20111019,181,184.8,177,181.3,741
AMBUJACEM,20111019,152.7,156.25,152.7,155.45,2311875
AMDIND,20111019,18.6,19.3,18.6,18.85,4189
AMLSTEEL,20111019,22.45,22.5,20.4,20.4,4773
AMRUTANJAN,20111019,744,768.5,744,754.3,49110
AMTEKAUTO,20111019,139.9,139.9,133.6,135.25,974480
AMTEKINDIA,20111019,133,134.85,132.9,134.1,32276
ANANTRAJ,20111019,50.1,54,49.55,53.35,744209
ANDHRABANK,20111019,118.1,123,118.1,122.4,344872
ANDHRSUGAR,20111019,99.95,101.2,99.05,100.3,9215
ANGIND,20111019,20.6,20.6,18.8,18.95,572
ANIKINDS,20111019,34.4,34.4,32.95,33.6,567
ANSALAPI,20111019,35.8,36.9,35.15,36.5,118111
ANSALHSG,20111019,36,38.9,34.55,37.55,4152
APARINDS,20111019,150.05,152,150.05,150.5,895
APCOTEXIND,20111019,166.05,173,166.05,166.95,945
APIL,20111019,527.9,531,521.1,527.2,30981
APLAB,20111019,28.05,32.1,28.05,31.95,55
APLLTD,20111019,39.25,46.95,39.25,45.4,91085
APOLLOHOSP,20111019,505,511,502.5,504.95,94971
APOLLOTYRE,20111019,54.85,55.4,54.1,54.5,1083348
APPAPER,20111019,163,163.5,159.2,163,71860
APTECHT,20111019,119.2,121.7,118,118.7,471673
AQUA,20111019,13.7,14.2,13.65,13.65,17654
ARCHIES,20111019,37.6,38.7,37.6,38.3,29643
AREVAT&D,20111019,210,213.25,209,212.9,108836
ARIES,20111019,87.05,89.95,87.05,88.4,2608
ARL,20111019,2.15,2.2,2.1,2.15,62635
AROGRANITE,20111019,39.35,39.35,37.4,38.9,77
ARROWTEX,20111019,9.5,9.7,9.25,9.7,52
ARSHIYA,20111019,144,163.95,142.2,157.8,729898
ARSSINFRA,20111019,321.9,324.4,311.8,316.45,325646
ARVIND,20111019,105.9,109.65,105.7,108.9,3805052
ASAHIINDIA,20111019,63.65,65,63.65,64.2,17751
ASAHISONG,20111019,89.75,93.95,89.75,91.65,4511
ASAL,20111019,50,51.95,49.15,49.75,14442
ASHAPURMIN,20111019,16.15,16.8,16,16.65,11999
ASHCONIUL,20111019,2.1,2.15,2.05,2.05,2626
ASHIANA,20111019,136.45,146.4,136.45,145.4,2283
ASHIMASYN,20111019,4,4.35,4,4.35,4410
ASHOKA,20111019,245,245,238,240,350
ASHOKLEY,20111019,24.05,24.85,24,24.75,3177263
ASIANHOTNR,20111019,177.9,179.5,173.5,178.45,381
ASIANPAINT,20111019,3119.85,3144.5,3089,3126.85,26334
ASIANTILES,20111019,45,45,41.55,41.55,52
ASIL,20111019,2.1,2.1,2.1,2.1,889
ASSAMCO,20111019,10.65,10.95,10.6,10.8,51557
ASTEC,20111019,33.55,34.45,33.55,34.2,2759
ASTERSILI,20111019,16.45,16.45,14.8,15,9396
ASTRAL,20111019,197.05,201.95,194,200.35,1878
ASTRAMICRO,20111019,31.6,32.35,31.2,31.9,19191
ASTRAZEN,20111019,1265,1265,1256,1256,3
ATFL,20111019,385.1,407,382.1,400.05,39603
ATLANTA,20111019,62,63.4,61.1,61.65,76092
ATLASCYCLE,20111019,338.5,345,335.2,337.25,21766
ATNINTER,20111019,0.95,0.95,0.85,0.85,310
ATUL,20111019,214.85,221.5,212.5,217.2,42116
AURIONPRO,20111019,145,145,132.05,137.6,66
AUROPHARMA,20111019,125.6,127.95,125.6,127.25,390388
AUTOAXLES,20111019,393.5,399.95,391.25,392.4,96
AUTOIND,20111019,109.4,109.4,107.4,108.05,5687
AUTOLITIND,20111019,15.25,15.75,15.05,15.15,4313
AVENTIS,20111019,2337.7,2337.7,2290,2300,35158
AVTNPL,20111019,371.15,399.6,371.15,396.5,11170
AXIS-IT&T,20111019,91,97.8,91,96.85,8970
AXISBANK,20111019,1105,1135,1104.7,1132.75,1162310
AXISGOLD,20111019,2603,2629,2599,2607.55,363
BAGFILMS,20111019,5.3,5.6,5.3,5.55,133985
BAJAJ-AUTO,20111019,1624,1648,1621.5,1636.65,509465
BAJAJCORP,20111019,100,100.95,99.2,99.65,121320
BAJAJELEC,20111019,197,202.45,197,199.6,87472
BAJAJFINSV,20111019,533,554.9,531.25,545.25,254175
BAJAJHIND,20111019,37.8,38.2,36.9,37.4,2305116
BAJAJHLDNG,20111019,735.95,741,729.1,739.2,30114
BAJFINANCE,20111019,685,698.7,673,677.9,102861
BALAJITELE,20111019,30.35,32.4,30.35,31.55,62731
BALAMINES,20111019,33.6,34.8,33.6,34.4,7925
BALKRISIND,20111019,179.25,179.25,173.1,174.95,1851
BALLARPUR,20111019,28.4,29.1,28,28.3,407953
BALMLAWRIE,20111019,585,599,578.45,580.15,20093
BALPHARMA,20111019,21.25,21.7,21.2,21.25,365
BALRAMCHIN,20111019,52.4,53.75,52.2,52.95,1426039
BANARISUG,20111019,590,600,575.1,593.45,878
BANCOINDIA,20111019,72.45,73.85,71,72.75,1738
BANG,20111019,22.65,22.7,21.35,21.5,1559
BANKBARODA,20111019,750.05,755,746.1,750.3,677504
BANKBEES,20111019,973.35,993,973.35,988.52,9387
BANKINDIA,20111019,337.1,343,337.05,341.95,200710
BANSWRAS,20111019,87,87,86.8,87,785
BARTRONICS,20111019,51.75,53.1,51.75,51.9,71409
BASF,20111019,605,617.7,605,614.5,961
BASML,20111019,56,67,56,65.5,2330
BATAINDIA,20111019,676,702.8,676,699.35,675721
BATLIBOI,20111019,17,17.5,16.5,17.35,1915
BAYERCROP,20111019,839.95,840,831.05,839.2,5936
BBL,20111019,724,735,720,733.35,1717
BBTC,20111019,440.15,448.5,440.1,447.05,3150
BEARDSELL,20111019,38,38,38,38,111
BEDMUTHA,20111019,102.85,108.9,102.25,107.95,56621
BEL,20111019,1539.6,1540,1519,1528.15,5834
BELLCERATL,20111019,12.75,12.75,12.75,12.75,83
BEML,20111019,495,502,489,492.9,49523
BEPL,20111019,24,24.75,23.3,24,2177
BERGEPAINT,20111019,101.3,101.4,99.6,99.9,42140
BFINVEST,20111019,54,54,50.1,51,298
BFUTILITIE,20111019,458.9,467.6,456.1,462.75,186095
BGLOBAL,20111019,12.35,12.7,11.9,11.95,67378
BGRENERGY,20111019,327.1,332.8,320.3,323.35,343807
BHAGWATIHO,20111019,75.25,75.45,74,74.1,4301
BHAGYNAGAR,20111019,15.3,15.65,14.8,15.35,11308
BHARATFORG,20111019,289.9,290,279.2,288.65,122316
BHARATGEAR,20111019,47,47.4,45.35,45.85,1001
BHARATRAS,20111019,110,110,105,105.8,233
BHARTIARTL,20111019,375.3,386.6,371.75,384.75,3861167
BHARTISHIP,20111019,93,94.6,92.1,93.35,80866
BHEL,20111019,325,326.85,322,324.3,2642981
BHUSANSTL,20111019,325.95,334,322.5,332.9,375563
BIL,20111019,56,59.35,53.5,53.95,5416
BILPOWER,20111019,80,84.75,77.8,81.25,1055
BIMETAL,20111019,259,259,250.6,252.55,62
BINANIIND,20111019,132.8,139,128.55,132.65,91559
BINDALAGRO,20111019,60.25,61.25,60,60.05,81213
BIOCON,20111019,347.7,351.5,345.6,348.25,226108
BIRLACORPN,20111019,324.85,324.85,319.15,320.1,563
BIRLACOT,20111019,0.4,0.4,0.35,0.4,765929
BIRLAERIC,20111019,12.05,13.3,12.05,12.4,6727
BIRLAPOWER,20111019,0.7,0.7,0.65,0.65,813118
BLBLIMITED,20111019,3.4,3.45,3.2,3.25,12576
BLISSGVS,20111019,21.5,22.5,21.1,21.65,22086
BLKASHYAP,20111019,11.9,12.2,11,11.5,217323
BLUECHIP,20111019,1,1,0.85,0.9,24763
BLUECOAST,20111019,170.05,180,170.05,171.1,7
BLUEDART,20111019,1600,1601,1585,1587.85,1469
BLUESTARCO,20111019,220.4,224,219.15,220.75,13850
BLUESTINFO,20111019,72,72.95,70,70.45,394
BOC,20111019,301.05,322.7,301.05,319.9,39750
BODALCHEM,20111019,19,19.05,18.4,18.4,1697
BOMDYEING,20111019,382.4,403.7,381.95,401.25,358437
BOSCHLTD,20111019,7040,7040,6970,6998.75,5761
BPCL,20111019,642.3,650.8,637.55,648.15,126855
BPL,20111019,20.25,20.5,19.8,20.25,8513
BRANDHOUSE,20111019,15.5,15.5,15.05,15.25,7532
BRFL,20111019,277.05,278.95,276.25,277.85,7148
BRIGADE,20111019,63.8,64,62.8,63.45,7860
BRITANNIA,20111019,447.7,454.4,445,452.55,59304
BROADCAST,20111019,7,7.8,7,7.15,577
BROOKS,20111019,21.8,23.35,21.7,22.8,76243
BSELINFRA,20111019,3.6,3.7,3.5,3.6,42825
BSL,20111019,21.2,22,21.2,22,546
BSLGOLDETF,20111019,2645,2668.95,2625,2655,1219
BSLNIFTY,20111019,50.5,51.25,49.51,49.51,301
BSTRANSCOM,20111019,96,99.75,96,98.7,22128
BVCL,20111019,13.9,13.9,13.3,13.5,1171
CADILAHC,20111019,750.65,767.8,750.65,760,163609
CAIRN,20111019,300,303.35,297.2,299.9,1384784
CALSOFT,20111019,25,25.05,24.1,24.45,176
CAMBRIDGE,20111019,23,23.5,22.15,22.2,651
CAMLIN,20111019,49.35,49.35,46.9,47.3,348309
CANBK,20111019,453.3,460.3,451.5,454.55,392788
CANDC,20111019,111.15,112.9,111.15,112.65,16886
CANFINHOME,20111019,102,108.3,101.25,102.35,178074
CANTABIL,20111019,24,24.75,24,24.15,6031
CARBORUNIV,20111019,153.6,158,153.6,156.85,5892
CAROLINFO,20111019,151.75,154.7,151.1,151.15,1098
CASTROL,20111019,470,481.6,470,478.6,48556
CCCL,20111019,19,19.2,18.75,19,4102
CCL,20111019,167.8,169.15,165.75,167.65,6857
CEATLTD,20111019,74.5,75.45,74,74.4,36091
CEBBCO,20111019,40.8,40.8,39,39.15,16682
CELEBRITY,20111019,6,6.45,6,6.05,2510
CELESTIAL,20111019,23.8,23.85,22.4,23.05,6594
CENTENKA,20111019,150,151,148.5,149,2615
CENTEXT,20111019,3,3,2.85,2.85,7815
CENTRALBK,20111019,102.15,104,102.15,103.6,192223
CENTUM,20111019,72.1,73,70.5,70.55,736
CENTURYPLY,20111019,59.9,60.7,58.5,59.9,25430
CENTURYTEX,20111019,304.15,310.4,304.15,308.45,249864
CERA,20111019,201.45,204,199.15,201.8,4652
CESC,20111019,270,273.3,270,272.15,54760
CHAMBLFERT,20111019,87.5,89.2,84.75,87.3,12699128
CHEMFALKAL,20111019,43.55,47.6,43.4,43.5,601
CHEMPLAST,20111019,5.55,5.7,5.55,5.65,42103
CHENNPETRO,20111019,201.45,201.45,196.5,197.05,18559
CHESLINTEX,20111019,10.75,10.9,10.7,10.9,800
CHETTINAD,20111019,470,480,466,466,276
CHOLAFIN,20111019,153,157.5,150.8,151.3,10301
CILNOVA,20111019,16.7,16.7,16.7,16.7,20
CINEMAX,20111019,35.9,35.9,34.8,35.05,10228
CINEVISTA,20111019,3.35,3.7,3.35,3.6,4403
CIPLA,20111019,288,291.45,286,288.9,2735464
CLASSIC,20111019,10.05,10.4,9.85,9.95,24041
CLNINDIA,20111019,711,732.15,711,715.05,2280
CLUTCHAUTO,20111019,33.9,34.7,33.75,33.95,3674
CMAHENDRA,20111019,179.15,190,179.15,187.45,140627
CMC,20111019,738,746.95,729.05,740.9,44809
COALINDIA,20111019,332.9,338.5,332,334.85,4426087
COLPAL,20111019,999.4,1020,999.4,1004.3,41780
COMPUAGE,20111019,91.5,99.7,91,92.9,5669
CONCOR,20111019,1007.1,1007.1,985,989.6,99323
CONSOFINVT,20111019,58.5,61.45,57.9,58.15,1990
CORAL-HUB,20111019,4.25,4.55,4.25,4.3,5004
CORDSCABLE,20111019,30.85,31.25,29.9,30.1,433
COREEDUTEC,20111019,283,283.75,281,283,213956
COROENGG,20111019,264.9,264.9,242.1,242.1,45
COROMANDEL,20111019,339,339,311.1,326.6,561662
CORPBANK,20111019,413,416,411.15,413.3,35213
COSMOFILMS,20111019,88.25,88.9,86.65,87.15,6219
COX&KINGS,20111019,215.75,217.8,212.55,213.3,77885
CPIL,20111019,279.8,279.8,271.2,274.25,17083
CREATIVEYE,20111019,5.35,5.35,5.2,5.2,1059
CRESTANI,20111019,38.9,38.9,37.3,37.85,8970
CREWBOS,20111019,35.85,35.9,35.35,35.5,13772
CRISIL,20111019,855,874.8,848,868.55,164551
CROMPGREAV,20111019,165.5,169.4,141.55,143.65,14573774
CRONIMET,20111019,145,167.3,145,153.4,124151
CTE,20111019,7.1,7.65,7,7.35,33890
CUB,20111019,43,43.5,43,43.35,170754
CUBEXTUB,20111019,10.05,10.15,9.65,10.15,1552
CUMMINSIND,20111019,409.45,409.45,399.05,400.8,133946
CURATECH,20111019,102,107.85,100,105.25,1419
CYBERMEDIA,20111019,14.7,14.7,14.65,14.7,196
CYBERTECH,20111019,10.4,10.7,10.35,10.4,1445
DAAWAT,20111019,44.5,45,44.25,44.4,18409
DABUR,20111019,98.3,99.8,97.3,99.3,804169
DALMIABEL,20111019,107,109,107,108.3,8081
DALMIASUG,20111019,16.2,17.35,16.2,16.7,9381
DATAMATICS,20111019,27.2,28.15,27.2,27.65,706
DBCORP,20111019,221.4,225.85,217.6,224.75,6540
DBREALTY,20111019,56.25,57.5,56.25,56.95,122051
DCB,20111019,43.7,44,42.5,43.6,1956621
DCHL,20111019,54.1,55,54,54.55,148223
DCM,20111019,54.6,59.25,53.1,57.45,45137
DCMSRMCONS,20111019,47,47,45.4,46.4,9847
DCW,20111019,8.85,9.1,8.85,9,122103
DECCANCE,20111019,148,149.8,147,149,2252
DECOLIGHT,20111019,3.6,3.85,3.6,3.6,5758
DEEPAKFERT,20111019,165.75,168.5,165.3,165.9,42266
DEEPAKNTR,20111019,173.05,174.5,173.05,174.2,1310
DEEPIND,20111019,75.05,79.4,75,76.8,73322
DELTACORP,20111019,101.65,104,101,103.4,3227569
DELTAMAGNT,20111019,29.45,29.45,29.45,29.45,1
DEN,20111019,78,84.65,78,83.2,355933
DENABANK,20111019,75.3,76.45,75,76.2,429313
DENORA,20111019,84.05,87.95,84,84.6,3776
DENSO,20111019,57,57,55.5,55.65,2309
DEWANHOUS,20111019,227.9,227.9,222.05,224,99465
DHAMPURSUG,20111019,42.1,42.7,41,41.55,257639
DHANBANK,20111019,63.5,64.55,62.3,63.9,595857
DHANUKA,20111019,101,101.5,100,100.3,2727
DHARSUGAR,20111019,30,32,29.5,30.45,5326
DIAPOWER,20111019,102.2,105.8,98,105.25,13174
DICIND,20111019,221.55,226.5,221.55,225.3,531
DIGJAM,20111019,8.8,9.1,8.8,8.85,16602
DISHMAN,20111019,56.5,56.75,55.5,55.9,39966
DISHTV,20111019,77.5,78.7,73.7,77.6,8754839
DIVISLAB,20111019,727.7,730.95,722.1,727.2,95504
DLF,20111019,233.5,240.25,233.1,239.25,4359021
DLINKINDIA,20111019,19.45,20.3,19.45,20.15,13709
DOLPHINOFF,20111019,128.7,130,116.25,119.2,117636
DONEAR,20111019,22.05,22.95,22,22.2,1517
DPSCLTD,20111019,1950,1950,1911,1915,36
DPTL,20111019,124,124,121,121.4,1668
DQE,20111019,33,33,32,32.1,5675
DREDGECORP,20111019,231.7,237.8,231.7,234,5020
DRREDDY,20111019,1512,1522,1497,1518.3,228210
DSKULKARNI,20111019,55.5,55.6,54.4,55.25,5085
DWARKESH,20111019,41.5,41.85,40.55,41.6,10312
DYNAMATECH,20111019,1169,1175.05,1155.1,1175,271
DYNASYS,20111019,0.7,0.7,0.7,0.7,400
EASTSILK,20111019,5.6,5.75,5.55,5.6,13263
ECEIND,20111019,107,108,103.05,104.25,175
ECLERX,20111019,740.15,769,725.5,736,79145
EDELWEISS,20111019,24.6,24.6,24,24.35,146906
EDL,20111019,70.3,72.9,70.3,72.5,6149
EDSERV,20111019,100.7,101.9,95.75,97.2,455083
EDUCOMP,20111019,256.6,262.1,252.6,255.45,1382427
EICHERMOT,20111019,1655.9,1662,1610.2,1644.75,10193
EIDPARRY,20111019,221.15,230,221.15,226.6,96820
EIHAHOTELS,20111019,155.85,155.85,151,151.1,2110
EIHOTEL,20111019,88,89.9,87.95,89.6,44714
EIMCOELECO,20111019,175.05,175.05,175,175,91
EKC,20111019,68.35,68.95,66,66.45,459630
ELDERPHARM,20111019,380.05,385,375.5,378,45220
ELECON,20111019,71.3,72.5,70.15,71.2,33975
ELECTCAST,20111019,28.15,28.45,28,28,104128
ELFORGE,20111019,9.95,9.95,9.55,9.55,671
ELGIEQUIP,20111019,68.1,69,68,68,20923
ELGIRUBCO,20111019,24.8,24.8,24,24.3,463968
ELNET,20111019,34.4,34.4,31.9,32,613
EMAMIINFRA,20111019,33.8,33.8,32.15,32.9,4821
EMAMILTD,20111019,410.5,413,397.1,409.9,18036
EMCO,20111019,52,52.35,51.1,51.45,20420
EMKAY,20111019,46.7,47,46.65,46.85,6041
EMMBI,20111019,13.2,14.3,13.2,14.1,11183
EMPEESUG,20111019,17.8,19.7,17.8,18.4,1775
ENERGYDEV,20111019,40.9,40.9,38.5,40.5,14698
ENGINERSIN,20111019,245,246,242.85,243.85,28374
ENIL,20111019,251,253.8,249.55,250.35,8519
EONELECT,20111019,58,59.9,57.75,58.55,2034
ERAINFRA,20111019,151.2,152.5,150.6,151.95,348620
EROSMEDIA,20111019,274.25,274.9,260.1,266.05,338526
ESABINDIA,20111019,512.6,526,512.6,519.15,6086
ESCORTS,20111019,78.3,80.7,78.3,79.9,925355
ESL,20111019,6,6.05,5.95,6,444430
ESSAROIL,20111019,80.5,81.65,79.25,81.2,478539
ESSARPORTS,20111019,55.15,60.9,55.15,56.7,761124
ESSDEE,20111019,177.6,190.85,177.6,185.15,23667
ESSELPACK,20111019,36.4,36.55,35.5,35.65,7823
ESTER,20111019,28.1,28.95,28.1,28.65,5800
EUROMULTI,20111019,6.95,6.95,6.45,6.7,7466
EUROTEXIND,20111019,18.8,18.8,18.1,18.1,2
EVEREADY,20111019,35.45,35.45,35,35.1,19845
EVERESTIND,20111019,166,169.35,160.1,161.05,155503
EVERONN,20111019,376,382,373.1,376.65,142213
EXCELCROP,20111019,147.9,155,146.5,149.1,41588
EXCELINDUS,20111019,63.25,69.95,63,67.75,650
EXCELINFO,20111019,13,13.6,13,13.1,75847
EXIDEIND,20111019,134.25,136.2,130.8,131.4,1166520
FACT,20111019,33.9,35.6,33.7,33.8,39577
FAGBEARING,20111019,1252.5,1260,1243.15,1253.5,925
FAME,20111019,48,48.9,47.5,48.15,5883
FARMAXIND,20111019,3,3.05,2.9,3.05,59011
FCH,20111019,136.9,139.4,135.2,137.6,32264
FCSSOFT,20111019,0.6,0.65,0.55,0.6,1397127
FDC,20111019,92.45,92.95,91,91.5,29456
FEDDERLOYD,20111019,63.2,65.8,63.2,64.95,12235
FEDERALBNK,20111019,376.1,393.8,376.1,391,137817
FIEMIND,20111019,159.05,161,159,159.8,751
FILATEX,20111019,41.25,41.9,40.35,40.9,17248
FINANTECH,20111019,723.9,730,717,722.15,147540
FINCABLES,20111019,37,37.9,36.8,37.65,39759
FINPIPE,20111019,63.15,65.75,63.15,65.35,34791
FIRSTLEASE,20111019,71.75,71.75,70,70.15,3733
FIRSTWIN,20111019,15.5,15.5,15.5,15.5,1
FKONCO,20111019,112,114.9,111.05,112.25,5168
FLEXITUFF,20111019,156.9,187.7,142,165.55,22043834
FMGOETZE,20111019,228.95,232,223.15,228.55,219492
FORTIS,20111019,122.55,123.6,122.45,122.9,194222
FOSECOIND,20111019,525,533.2,515,519.45,171
FSL,20111019,10.9,11.05,10.85,10.95,915421
FTCSF5YDIV,20111019,10.85,10.85,10.85,10.85,6000
FTCSF5YGRO,20111019,13.6,13.6,13.6,13.6,50559
FUTUREVENT,20111019,9,9.05,8.95,8.95,90330
GABRIEL,20111019,41,41,40.5,40.7,806
GAEL,20111019,23.4,23.4,22.9,22.95,13039
GAIL,20111019,417,428.5,412.15,425.95,667193
GAL,20111019,24.9,26.2,24.9,26.1,239941
GALLANTT,20111019,23.25,24.9,22.6,24.35,172584
GAMMNINFRA,20111019,13.9,14.4,13.75,13.8,50001
GAMMONIND,20111019,66,66.95,65.15,65.6,23299
GANDHITUBE,20111019,123,123,123,123,100
GANESHHOUC,20111019,120.55,123,120.55,120.95,1590
GANGOTRI,20111019,4.25,4.35,3.95,4.05,8074
GARDENSILK,20111019,73.5,75,73.1,73.9,6214
GARWALLROP,20111019,54,54.4,53.55,54.4,272
GATI,20111019,54.5,57.4,54.25,56.35,653849
GAYAPROJ,20111019,145.1,148.8,142,146,10662
GDL,20111019,145.5,150.45,145,145.75,141240
GEECEE,20111019,31.5,31.95,30.5,30.8,1765
GEINDSYS,20111019,129,131.7,128.05,129.45,1822
GEMINI,20111019,20.4,20.9,20.3,20.45,10512
GENESYS,20111019,194,199.9,194,198.6,5190
GENUSPOWER,20111019,14.15,14.15,13.55,13.6,39928
GEODESIC,20111019,55,58.95,53.2,56.7,1135084
GEOJITBNPP,20111019,18.55,18.7,18.4,18.5,39839
GEOMETRIC,20111019,45.9,46,44.5,44.75,47327
GESHIP,20111019,233.6,243,233.6,241.95,84653
GHCL,20111019,37.6,37.6,36.95,37.05,32984
GICHSGFIN,20111019,91,94.05,91,93.15,119105
GILLANDERS,20111019,85.3,87,83.7,86.1,1617
GILLETTE,20111019,2070,2080,2048.4,2061.85,480
GINNIFILA,20111019,7.45,7.8,7.45,7.5,3682
GIPCL,20111019,80.1,80.45,79.4,79.4,5666
GISOLUTION,20111019,13,13,13,13,50
GITANJALI,20111019,365,368.3,357,360.05,282245
GKB,20111019,40,40,35.5,37.25,622
GKWLIMITED,20111019,450,450,450,450,5
GLAXO,20111019,2079.95,2144.9,2062.05,2093.35,19296
GLENMARK,20111019,291,292.2,285.5,286.5,560760
GLFL,20111019,3,3,2.9,2.9,1260
GLOBALVECT,20111019,20,20,19.35,19.5,5211
GLOBOFFS,20111019,86.5,86.5,80.1,81.55,1093
GLOBUSSPR,20111019,113.4,113.4,110.55,112.05,6050
GLODYNE,20111019,363.5,368.05,361.5,363.25,85762
GLORY,20111019,3.45,3.55,3.45,3.5,44103
GMBREW,20111019,94,95.5,90.9,93.6,5803
GMDCLTD,20111019,178.5,186,177.05,183.9,878792
GMRINFRA,20111019,25.4,25.7,25.2,25.3,2225541
GNFC,20111019,89,90.35,88.6,89.35,27934
GOACARBON,20111019,80,81.9,78.75,79.15,2244
GODFRYPHLP,20111019,3633,3659.8,3509.95,3633.75,3679
GODREJCP,20111019,400,413.9,400,412.05,117442
GODREJIND,20111019,194.7,195.15,192,194.15,261972
GODREJPROP,20111019,673.7,744,662.2,672,11259
GOENKA,20111019,33,37.5,32.15,36.75,34439
GOKEX,20111019,85,89,85,87.6,488
GOKUL,20111019,89.9,101,89.9,95,533054
GOLDBEES,20111019,2556.05,2563.3,2537.05,2545.65,94665
GOLDENTOBC,20111019,55.85,57.75,55.7,55.9,1136
GOLDIAM,20111019,32.1,33.5,32.05,32.85,142
GOLDINFRA,20111019,12.75,12.95,12.5,12.55,1767
GOLDSHARE,20111019,2574.9,2579.8,2541,2551.1,4628
GOLDTECH,20111019,7,7.35,7,7.15,11201
GPIL,20111019,109.3,111.95,109,111.15,35326
GPPL,20111019,70.1,71.7,68.4,71.35,3787447
GRABALALK,20111019,18.2,18.7,18.05,18.35,675
GRANULES,20111019,69.5,70.5,68,68.95,6403
GRAPHITE,20111019,73.15,76,73.15,75.55,9670
GRASIM,20111019,2350.8,2374,2330.35,2353.5,65591
GRAVITA,20111019,475,483.9,467,470.65,173744
GREAVESCOT,20111019,89.65,92,89.65,91.6,13672
GREENPLY,20111019,209,212.75,208.05,210.3,2572
GREENPOWER,20111019,14.75,15.35,14.75,15.15,393627
GRINDWELL,20111019,232.3,234.6,232,232.05,686
GRUH,20111019,531,548.7,531,540.3,9562
GSFC,20111019,426,438,423.3,425.8,45296
GSKCONS,20111019,2311,2349,2304.05,2315.95,28171
GSLNOVA,20111019,2.55,2.95,2.55,2.8,1631
GSPL,20111019,97.1,98.95,96.5,97.4,1229990
GSS,20111019,129,129.8,128.2,128.45,5291
GTL,20111019,52.2,52.45,50.8,51.25,761510
GTLINFRA,20111019,11.15,11.15,10.6,10.65,1394951
GTNIND,20111019,13,13,13,13,14
GTNTEX,20111019,12.9,13.5,12.7,12.7,883
GTOFFSHORE,20111019,115,115.75,113.45,114.7,47088
GUFICBIO,20111019,6.7,6.85,6.6,6.6,1895
GUJALKALI,20111019,141.05,142.65,140.75,141.45,9086
GUJAPOLLO,20111019,133,133.05,128,130.2,7860
GUJFLUORO,20111019,538.7,544.65,536.25,542.8,59845
GUJNRECOKE,20111019,24,24.2,23.5,24,1073392
GUJNREDVR,20111019,16.9,17.2,16.5,16.8,18896
GUJRATGAS,20111019,424.5,436.45,413.5,425.75,421439
GUJSIDHCEM,20111019,8.75,9,8.75,8.9,37595
GULFOILCOR,20111019,71.55,73,71.5,72.1,15018
GVKPIL,20111019,14.7,15,14.55,14.6,10494450
HALONIX,20111019,57,57.55,56.55,56.65,579
HANUNG,20111019,111,112.45,110.5,111.35,103940
HARITASEAT,20111019,68.9,68.9,68.9,68.9,21
HARRMALAYA,20111019,83.5,84.7,79.55,81.05,25355
HATHWAY,20111019,118.05,125.95,115.5,121.8,846640
HAVELLS,20111019,359.6,366.5,359.6,365.25,151914
HBLPOWER,20111019,18.45,18.6,18.05,18.5,21215
HBSTOCK,20111019,12.65,13.3,12.05,12.45,749
HCC,20111019,27.6,28,27.25,27.55,788098
HCIL,20111019,52.8,54.5,52.05,52.85,30267
HCL-INSYS,20111019,61.55,61.95,61.15,61.3,103044
HCLTECH,20111019,408.7,413.5,404.05,407.5,1617539
HDFC,20111019,679.9,679.9,669.75,673.95,2981665
HDFCBANK,20111019,482.95,494.6,479.3,491.85,4344521
HDFCMFGETF,20111019,2602,2615,2590,2597.95,3404
HDIL,20111019,95.5,97.5,94.6,95.5,5227190
HEG,20111019,207.8,210.7,207.8,208.55,9099
HEIDELBERG,20111019,35.5,36.45,35.4,35.6,47463
HELIOSMATH,20111019,24.3,24.55,24.15,24.2,3122
HERCULES,20111019,253.25,258.8,252,253.9,57731
HERITGFOOD,20111019,173.55,177.95,173.55,177.95,302
HEROMOTOCO,20111019,2060,2092.95,2041.5,2066.55,1775133
HEXAWARE,20111019,86.95,89.85,86.5,89.4,809782
HFCL,20111019,13.5,14.25,13.5,13.65,1294177
HGSL,20111019,309.9,309.9,285,291.3,8349
HIKAL,20111019,276.1,286.65,276.1,282.15,675
HILTON,20111019,13.1,14.2,13.1,13.8,4444
HIMATSEIDE,20111019,33.3,33.6,33.1,33.4,4806
HINDALCO,20111019,127.7,128.4,126.5,127.7,6498115
HINDCOMPOS,20111019,480.05,488,480.05,481.9,10119
HINDCOPPER,20111019,224,227.7,220.6,222.15,35042
HINDDORROL,20111019,38.45,38.45,36.35,36.8,108570
HINDMOTORS,20111019,12.9,13.1,12.9,12.95,59298
HINDNATGLS,20111019,171,179.6,167,175,67
HINDOILEXP,20111019,107.85,110.9,107.5,110.25,386088
HINDPETRO,20111019,345.75,346,340.05,345,623458
HINDUJAFO,20111019,66.75,66.75,66.75,66.75,1
HINDUJAVEN,20111019,327,342.85,327,336.9,6702
HINDUNILVR,20111019,330.15,334,327.85,331.45,2312230
HINDZINC,20111019,120,122.75,115.55,121.4,2109677
HIRECT,20111019,43.75,45.35,43.75,44.5,2745
HITACHIHOM,20111019,165.45,166.9,163.1,165,16581
HITECHGEAR,20111019,139.7,139.7,132.3,138.05,4282
HITECHPLAS,20111019,78.5,80.7,78.45,80.7,110
HMT,20111019,43.3,43.7,42.25,42.8,46277
HMVL,20111019,135,135.15,126.65,134.1,15210
HNGSNGBEES,20111019,1230,1250,1210.1,1210.1,6
HOCL,20111019,23.1,23.6,23,23.15,50036
HONAUT,20111019,2501.05,2501.05,2388,2412.55,7219
HONDAPOWER,20111019,358,363.85,353.1,353.7,1588
HOPFL,20111019,53,53.85,51.15,52.85,2742
HORIZONINF,20111019,305,305,282,289,973
HOTELEELA,20111019,38.45,38.45,37.7,37.9,74165
HOTELRUGBY,20111019,5.25,5.25,5.25,5.25,820
HOVS,20111019,54.5,55.5,54.2,54.8,7124
HSIL,20111019,200.9,204.8,200,203.85,92760
HTMEDIA,20111019,139.35,143.45,139.35,140.55,18462
HYDRBADIND,20111019,355.9,358.7,345.3,348.2,9323
HYDROS&S,20111019,19.4,20.45,18.45,19.5,24598
IBPOW,20111019,11.7,11.7,11.45,11.5,360304
IBREALEST,20111019,71,72,70.5,71.4,2259696
IBSEC,20111019,8.05,8.2,8,8.1,221591
IBWSL,20111019,4.35,4.35,4.35,4.35,66907
ICICIBANK,20111019,888,907.9,888,904.15,2552845
ICIL,20111019,8.6,8.6,8.6,8.6,1
ICRA,20111019,895.4,908.95,895.4,900.05,4113
ICSA,20111019,56.2,57.2,55.3,56.55,73899
IDBI,20111019,104,107.45,104,107.15,1150802
IDEA,20111019,94.75,95.5,91.6,94,4928263
IDFC,20111019,123.9,127.75,123.25,126.7,5332162
IFBIND,20111019,115.7,117.4,115,115.95,21122
IFCI,20111019,31.25,31.75,30.9,31.55,4685605
IFGLREFRAC,20111019,28.8,34.9,28.8,32.95,2656
IGARASHI,20111019,42,42,40.25,40.9,1921
IGL,20111019,400.2,403.95,387.5,397.45,806485
IGPL,20111019,21.1,21.45,20.3,21,1632
IITL,20111019,134,134,134,134,75
IL&FSENGG,20111019,92.25,94,91.05,91.65,10498
IL&FSTRANS,20111019,213.7,214.05,205.1,207.1,21680
IMFA,20111019,325.4,330,325.2,325.45,291
IMPAL,20111019,626,626,615,615,91
IMPEXFERRO,20111019,7.75,7.9,7.15,7.8,502
INDBANK,20111019,7.65,8.1,7.65,7.8,6432
INDHOTEL,20111019,68.55,69.5,68.55,69.1,464777
INDIABULLS,20111019,168,170.25,167.1,168.75,154199
INDIACEM,20111019,73.1,76.6,73.1,76.1,508165
INDIAGLYCO,20111019,131.7,135.4,131.05,132.55,63502
INDIAINFO,20111019,71.8,73.1,70.2,72.35,299352
INDIANB,20111019,206,209.95,206,209.55,70497
INDIANCARD,20111019,84.2,85.95,84.2,85.4,461
INDIANHUME,20111019,118,118.5,115.35,115.5,142
INDLMETER,20111019,69,69,69,69,100
INDNIPPON,20111019,166.5,166.5,159.2,163.3,1288
INDOCO,20111019,395.5,397.9,385,388.05,1675
INDORAMA,20111019,32.75,32.75,32.15,32.15,7415
INDOSOLAR,20111019,8.8,8.95,8.55,8.7,255229
INDOTECH,20111019,122,122,118.3,119.4,818
INDOWIND,20111019,10.05,10.25,9.8,10.1,346693
INDRAMEDCO,20111019,34.45,40.65,33.45,38.75,818517
INDSWFTLAB,20111019,86.95,88,85.85,86.95,18065
INDSWFTLTD,20111019,30.9,31.05,29.9,30.2,13510
INDTERRAIN,20111019,114,114,113.75,113.75,64
INDUSFILA,20111019,14.5,14.65,14.5,14.65,909
INDUSINDBK,20111019,271.4,273,268.2,270.8,512841
INEABS,20111019,601.05,609.75,580,588.9,5201
INFINITE,20111019,96.1,100.65,96.1,100.35,18981
INFODRIVE,20111019,9.95,9.95,9.2,9.2,196
INFOMEDIA,20111019,11,11.45,11,11.25,5233
INFOTECENT,20111019,119.2,123.45,112.25,115.5,64861
INFRABEES,20111019,258,263.3,256.1,261.25,292
INFY,20111019,2722,2735,2701.1,2727.75,1266915
INGERRAND,20111019,497,504,497,500.2,9190
INGVYSYABK,20111019,326,331.5,321,322.2,265950
INNOIND,20111019,93.1,96,93.1,94.25,1332
INOXLEISUR,20111019,54.9,56.75,53.05,53.4,183225
INSECTICID,20111019,365.2,379.4,363,370.1,59426
INVENTURE,20111019,145.9,158.4,145.9,156.65,72576
IOB,20111019,98.8,99.75,98.35,99.1,148569
IOC,20111019,294,295.5,292.2,294.8,989892
IOLCP,20111019,31,31.5,31,31.25,357
IOLN,20111019,8.1,8.1,7.6,7.9,17404
IPCALAB,20111019,239.85,249.7,235.25,247.8,107633
IPGETF,20111019,2630,2633.95,2610,2618.95,2724
IPRINGLTD,20111019,57.05,62.75,57,60,1059
IRB,20111019,166.5,169.9,166.5,168.8,822661
ISFT,20111019,50.5,52.5,47.95,49.45,17388
ISMTLTD,20111019,31.6,31.75,31.2,31.5,17448
ITC,20111019,205.2,207.75,203.8,207.1,4596436
ITDCEM,20111019,153.85,154,149.3,151,560
ITI,20111019,23.85,24.1,22.75,23.05,121004
IVC,20111019,28.5,28.55,27.7,28.05,17496
IVP,20111019,55.15,55.15,53,54,1401
IVRCLAH,20111019,30.35,31,29.65,30.55,26801
IVRCLINFRA,20111019,36.2,37.8,35.7,36.9,3572862
J&KBANK,20111019,808,835,808,823.8,17340
JAGRAN,20111019,101.7,109.3,101.05,106.05,475193
JAGSNPHARM,20111019,12.4,12.65,12.05,12.4,2083
JAIBALAJI,20111019,96.1,100.35,95.65,96.2,72866
JAICORPLTD,20111019,81,81.9,79.5,79.95,175352
JAINSTUDIO,20111019,7.65,8,7.65,7.8,259
JAMNAAUTO,20111019,132.15,132.15,132,132,205
JAYAGROGN,20111019,85.4,87.7,83.9,84.4,3737
JAYBARMARU,20111019,51,56,51,51.8,1342
JAYNECOIND,20111019,18.15,18.75,18,18.1,29012
JAYSREETEA,20111019,143.9,143.9,142,142.05,6333
JBCHEPHARM,20111019,77.5,80,77,78.2,102465
JBFIND,20111019,122,122,118.4,119.15,50972
JBMA,20111019,61,62.45,59.1,62.4,159
JCTEL,20111019,1.35,1.45,1.35,1.35,451318
JENSONICOL,20111019,3.85,4,3.85,3.95,3747
JETAIRWAYS,20111019,243,244.4,235.95,237.8,866309
JHS,20111019,32.8,33.7,32.2,32.7,9957
JIKIND,20111019,5.65,6,5.6,6,2684
JINDALPHOT,20111019,164.65,164.65,162.4,163.15,8969
JINDALPOLY,20111019,199.95,202.45,199.1,199.85,96502
JINDALSAW,20111019,134.35,137.9,133.1,137.1,89286
JINDALSTEL,20111019,530.15,534.45,516.7,529.9,2222521
JINDALSWHL,20111019,535,539,523.5,531.8,26994
JINDCOT,20111019,72,73.8,70.5,71.15,12788
JINDRILL,20111019,306.65,313.8,306.65,312.4,2083
JINDWORLD,20111019,92.5,97.3,92,95.65,14022
JISLJALEQS,20111019,133.85,134.35,130.75,132.35,2859824
JKCEMENT,20111019,109.45,109.45,107.3,108.45,1062
JKIL,20111019,153.6,153.7,148.2,150.2,53976
JKLAKSHMI,20111019,41.5,41.85,41.25,41.35,10973
JKPAPER,20111019,40.6,41.9,39.5,40.25,553563
JKTYRE,20111019,69,69.45,68.7,69.05,34102
JMCPROJECT,20111019,122.9,123.95,120.3,121.85,1783
JMFINANCIL,20111019,16,16.35,15.9,16.05,139004
JMTAUTOLTD,20111019,55,56.9,53.1,56.45,2587
JOCIL,20111019,129.4,135,128.6,130.55,1251
JPASSOCIAT,20111019,71.55,73.35,71.25,73,8099338
JPINFRATEC,20111019,61.5,63.05,60.4,61.65,3052758
JPPOWER,20111019,38,38.75,37.7,38,667758
JSL,20111019,90.85,93.9,90.5,91.05,122579
JSWENERGY,20111019,50.1,51.35,50.1,50.85,621676
JSWISPAT,20111019,12.9,13.2,12.7,12.9,1758198
JSWSTEEL,20111019,579.95,589.5,576.3,587,946422
JUBILANT,20111019,197.15,198.8,196.5,198.15,15953
JUBLFOOD,20111019,897.65,909.9,888,895.6,544955
JUBLINDS,20111019,185.8,185.8,180.25,182.45,2233
JUMBO,20111019,16,16,15.85,15.85,7083
JUNIORBEES,20111019,98.15,99.75,98.15,99.42,24442
JUPITER,20111019,14.45,14.45,14.2,14.25,62901
JVLAGRO,20111019,15.15,15.3,14.75,15.2,25176
JYOTHYLAB,20111019,146.5,146.5,139,139.9,85517
JYOTISTRUC,20111019,62.05,62.7,61.3,61.6,53352
KABRAEXTRU,20111019,40.25,41.9,40.25,41,1710
KAJARIACER,20111019,117,119.75,117,118.3,60754
KAKATCEM,20111019,68,68.5,66.75,67.45,392
KALECONSUL,20111019,83.6,87.7,82.8,86.4,14544
KALINDEE,20111019,114,114.8,113.05,114.2,64078
KALPATPOWR,20111019,99,100.9,99,99.8,13574
KAMATHOTEL,20111019,91.5,93,91.5,92.1,1435
KANORICHEM,20111019,34.3,35.4,33.3,33.45,13328
KANSAINER,20111019,832,841.9,832,840.05,36
KARMAENG,20111019,13.8,13.8,12,12,290
KARURKCP,20111019,27.65,28.65,27.6,28.6,52
KARURVYSYA,20111019,372,376.85,371.5,372.15,27413
KAUSHALYA,20111019,7.9,8.15,7.85,8,3259
KAVVERITEL,20111019,141.5,141.5,137,137.7,34473
KBIL,20111019,644.15,654.95,630.5,632,253
KCP,20111019,24.7,25,24.5,24.8,9944
KCPSUGIND,20111019,15.4,15.4,14.6,14.75,25985
KEC,20111019,58.5,60,58.15,58.75,56062
KECL,20111019,32.1,32.1,31.5,31.6,4072
KEI,20111019,15.25,15.65,14.9,15.15,19297
KEMROCK,20111019,509,511,506.15,506.65,18609
KERNEX,20111019,98.7,99.6,97,97.1,27509
KESARENT,20111019,55,55,55,55,1000
KESORAMIND,20111019,123.9,129.45,123.9,124.95,37061
KFA,20111019,24,24.4,23.35,23.45,3426244
KGL,20111019,5.55,5.55,4.9,5,6084681
KHAITANELE,20111019,92,97,92,97,2305
KHAITANLTD,20111019,24.95,24.95,23.3,23.5,401
KICL,20111019,530,553.85,527,538,85
KIL,20111019,13.15,14,13.15,13.7,766
KILITCH,20111019,69.8,69.8,68.5,69,2752
KINETICMOT,20111019,17.5,18.2,17.5,18.15,23601
KIRIINDUS,20111019,127.8,128.45,124.35,125.4,18092
KIRLOSBROS,20111019,143.05,144,141.5,142.75,1579
KIRLOSENG,20111019,132.15,141.55,130.1,140,18281
KIRLOSIND,20111019,287,287,273.1,278.65,528
KITPLYIND,20111019,3.35,3.7,3.35,3.5,2450
KKCL,20111019,835,835,812,812.55,217
KLGSYSTEL,20111019,34.9,34.9,32.8,32.9,9324
KMSUGAR,20111019,2.6,2.75,2.55,2.55,6394
KNRCON,20111019,104.9,105,103.6,104.4,586
KOHINOOR,20111019,44,44.4,42.1,43.75,28212
KOLTEPATIL,20111019,36.75,37.9,36.6,36.95,17485
KOPDRUGS,20111019,4.05,4.35,4.05,4.3,2291
KOPRAN,20111019,22.8,22.8,20.8,20.9,57832
KOTAKBANK,20111019,468.15,476,466.4,475.4,389527
KOTAKGOLD,20111019,2565.65,2580,2545,2555.7,26900
KOTAKNIFTY,20111019,517,521.5,516.05,521.47,167
KOTAKPSUBK,20111019,338.7,344,338.1,343.45,142
KOTARISUG,20111019,6.35,6.35,6.1,6.15,13786
KOTHARIPET,20111019,7.4,7.5,7.05,7.35,4550
KOTHARIPRO,20111019,488,490.75,480.25,486.8,118
KOUTONS,20111019,23,23.5,22.5,22.65,68412
KPIT,20111019,162,167,160,165.6,235893
KPRMILL,20111019,95,101,93.4,99.45,3385
KRBL,20111019,24.9,25.15,24.7,25,457367
KRISHNAENG,20111019,3.25,3.4,3.2,3.2,1223
KSBPUMPS,20111019,205.8,207.8,202.2,204.4,6883
KSCL,20111019,463,480,458.1,476.85,11756
KSE,20111019,218.8,218.8,210,218.75,149
KSK,20111019,105.9,105.9,105.15,105.45,57771
KSL,20111019,48.75,49.9,48.75,49.3,6201
KSOILS,20111019,10.1,10.1,9.9,9.95,2721239
KTIL,20111019,68,68,68,68,6
KTKBANK,20111019,83,85.1,83,84.5,329251
KWALITY,20111019,180.55,183.5,179.15,181.15,580193
L&TFH,20111019,51.6,52.3,51.6,51.95,1354263
LAKPRE,20111019,40.95,40.95,39.15,39.3,552
LAKSHMIEFL,20111019,19.75,20.3,19.55,19.6,153150
LAKSHMIMIL,20111019,1645.05,1660,1645.05,1660,6
LAKSHVILAS,20111019,92,95.2,90.3,94.25,74884
LANCOIN,20111019,33.6,34.15,33.6,33.9,3339
LAOPALA,20111019,112.55,116.25,112.55,114.3,20642
LAXMIMACH,20111019,1916.9,1951,1916.9,1947.3,4162
LCCINFOTEC,20111019,0.55,0.55,0.5,0.5,8042
LGBBROSLTD,20111019,310,311,308.5,310.1,877
LIBERTSHOE,20111019,83.35,85,83.35,84.05,11001
LICHSGFIN,20111019,230.1,236.45,230.1,231.95,2082496
LIQUIDBEES,20111019,1000,1000.01,999.99,999.99,97978
LITL,20111019,15,15.15,14.9,15.05,5562717
LLOYDELENG,20111019,50.45,50.45,48.65,48.95,8384
LLOYDFIN,20111019,0.95,1.05,0.95,0.95,1360
LLOYDSTEEL,20111019,12.25,12.6,12.15,12.2,63333
LML,20111019,8.4,8.65,8.4,8.55,45626
LOGIXMICRO,20111019,20.05,20.6,19,20.6,33569
LOKESHMACH,20111019,41.8,41.8,39.25,39.6,4551
LOTUSEYE,20111019,10.15,10.6,10.15,10.4,11946
LOVABLE,20111019,472.75,492,471.4,482.5,469330
LPDC,20111019,2.65,2.85,2.55,2.8,9942
LT,20111019,1360,1404.8,1356.6,1400.05,1800314
LUMAXAUTO,20111019,31.7,31.7,29.5,30.5,747
LUMAXIND,20111019,385.2,408.8,385.15,399.9,5592
LUMAXTECH,20111019,188.8,188.8,182,183.9,1349
LUPIN,20111019,470,473.65,467.3,472.4,513676
LYKALABS,20111019,14.45,14.5,13.9,13.95,15257
M&M,20111019,810.5,817.5,807.85,810.45,714286
M&MFIN,20111019,626.75,639,623.5,627.3,428539
M100,20111019,7.05,7.29,6.9,7.06,36257
M50,20111019,67.17,69.15,66.15,68.74,5121
MAANALU,20111019,52,52,52,52,142
MADHAV,20111019,19.25,19.25,18.7,18.7,60
MADHUCON,20111019,68.3,70.9,68.3,70.4,19799
MADRASCEM,20111019,97,99.15,97,98.5,23172
MADRASFERT,20111019,23.45,24.3,23.1,23.3,133755
MAGMA,20111019,65.3,66.25,64.35,64.9,9054
MAGNUM,20111019,4.75,5.15,4.75,4.8,2717
MAHABANK,20111019,46.9,47,46.35,46.8,58265
MAHINDFORG,20111019,58.9,60.9,58.05,59.6,72499
MAHINDUGIN,20111019,47.2,48.6,45.1,45.95,16621
MAHLIFE,20111019,292,303,292,300.45,6823
MAHSCOOTER,20111019,324.8,327.95,320.5,327.95,97
MAHSEAMLES,20111019,329.25,334.75,329,329.35,11054
MALUPAPER,20111019,11.35,11.35,10.5,10.55,2551
MALWACOTT,20111019,27,29,27,28.55,2250
MANAKSIA,20111019,57.3,59.3,57.2,57.75,13211
MANALIPETC,20111019,11.1,11.2,10.85,10.95,111081
MANAPPURAM,20111019,57.25,57.75,56.9,57.15,315822
MANDHANA,20111019,239,239.25,219.1,225.65,337014
MANGALAM,20111019,14.75,14.8,14.1,14.5,1269
MANGCHEFER,20111019,32,32.4,31.4,31.6,78814
MANGLMCEM,20111019,99.15,100.9,99.15,100.25,5743
MANGTIMBER,20111019,19.05,21.25,19.05,19.25,860
MANINDS,20111019,128,128,123,125.25,6271
MANINFRA,20111019,127,145.6,126.1,129.75,21764
MANJEERA,20111019,84,93.9,80.05,85.15,29
MANJUSHREE,20111019,90,91.95,89.7,90.25,4980
MANUGRAPH,20111019,50,50,49.5,49.5,1813
MARALOVER,20111019,12.6,12.6,11.8,12.25,1206
MARG,20111019,82.5,83,81,81.9,46403
MARICO,20111019,151.5,154.65,151.5,151.9,62702
MARKSANS,20111019,2.2,2.25,2.15,2.15,40093
MARUTI,20111019,1065,1074,1052.3,1065.8,585164
MASTEK,20111019,95.8,108.9,91.5,94.4,651709
MAWANASUG,20111019,17.6,17.9,17.55,17.75,1861
MAX,20111019,182.4,187.8,180.55,186.4,680225
MAXWELL,20111019,27.2,28.1,27.2,27.6,19074
MBECL,20111019,126,129.7,124.6,126,4641
MBLINFRA,20111019,131.5,131.5,127.05,128.15,2455
MCDHOLDING,20111019,53.55,56.8,53.55,54.85,15538
MCDOWELL-N,20111019,882,898.5,876.25,895.15,252001
MCLEODRUSS,20111019,252,254.5,248.05,249.15,71386
MEGASOFT,20111019,14.5,14.95,14.4,14.5,173238
MEGH,20111019,9.3,9.45,9.05,9.1,33349
MELSTAR,20111019,7.05,7.05,7,7,527
MERCK,20111019,640,657.65,639.85,642.35,1473
MHRIL,20111019,319,336.5,319,334.2,3190
MIC,20111019,9.85,9.95,9.6,9.65,104908
MICROSEC,20111019,29.1,30.2,28.8,29.45,72364
MICROTECH,20111019,129,131.4,128.75,129.35,14325
MINDAIND,20111019,172.5,179.55,172.5,174,21
MINDTREE,20111019,401,404.8,391.15,394.85,81926
MIRCELECTR,20111019,18.7,19.15,18.7,18.8,77924
MIRZAINT,20111019,20.4,20.4,19.85,19.95,48916
MLL,20111019,25.5,26.15,25.3,26.05,476122
MMFL,20111019,101,102.4,100.05,100.65,132
MMFSL,20111019,92.15,95,92.15,93.5,3977
MMTC,20111019,658,663,653,657.55,4234
MOIL,20111019,254,257.7,253.2,253.8,109444
MONNETISPA,20111019,483.9,485,475.05,479.05,21602
MONSANTO,20111019,799.95,811,794.35,804.25,2002
MORARJETEX,20111019,12.05,13.55,12.05,13.3,1310
MOREPENLAB,20111019,3.85,3.85,3.7,3.75,118143
MOSERBAER,20111019,22.25,24.65,22.05,24.25,1896445
MOTHERSUMI,20111019,175.2,187,175.2,183.7,54419
MOTILALOFS,20111019,89.8,90.8,87.55,88.85,6690
MOTOGENFIN,20111019,42.15,42.15,38.6,39.45,918
MPHASIS,20111019,325.15,331,324.1,327.75,136268
MPSLTD,20111019,35.9,37.7,34.6,34.8,11295
MRF,20111019,6620,6624,6577.05,6605.5,5275
MRO-TEK,20111019,10.2,10.75,10.2,10.45,1517
MRPL,20111019,64,65.5,61.4,64.95,238376
MSPL,20111019,42,43.85,41.25,42.2,3732
MTNL,20111019,30.35,30.8,30,30.55,580501
MUDRA,20111019,23.9,23.9,23.15,23.6,33341
MUKANDENGG,20111019,25.05,25.45,24.9,25.3,3703
MUKANDLTD,20111019,32.25,32.5,31.9,32.1,5627
MUKTAARTS,20111019,38.5,38.5,37.4,38.2,462
MUNDRAPORT,20111019,153.05,155.25,149.55,150.4,1057725
MUNJALAU,20111019,176,177.9,173.55,175.65,1180
MUNJALSHOW,20111019,61.05,63,61.05,62.6,2405
MURLIIND,20111019,23.5,23.8,22.8,22.85,382
MURUDCERA,20111019,17.45,17.45,17,17.35,870
MUTHOOTFIN,20111019,167.9,168.9,166.45,167,110215
MVL,20111019,23.35,27.4,22.8,26.85,1792504
MVLIND,20111019,13,13.5,12.5,12.9,21393
MYSOREBANK,20111019,563.95,567.8,561,562.3,719
N100,20111019,109,111.8,106.5,111.61,3155
NAGREEKCAP,20111019,22.1,23.4,21.05,21.7,1084
NAGREEKEXP,20111019,23.35,23.35,23.25,23.25,16
NAHARCAP,20111019,50.5,50.5,50.5,50.5,500
NAHARINDUS,20111019,45.45,45.45,41.65,42.15,1020
NAHARPOLY,20111019,22.4,22.5,22,22.05,1106
NAHARSPING,20111019,63,64,62.45,63.5,1767
NANDAN,20111019,2.2,2.3,2.15,2.2,94403
NATCOPHARM,20111019,235,241,226.65,228.05,97282
NATHSEED,20111019,11.85,11.85,10.7,10.8,18109
NATIONALUM,20111019,63.7,63.7,59.4,60.85,127676
NATNLSTEEL,20111019,15.25,16.25,15.25,15.9,8242
NAUKRI,20111019,690.95,690.95,680.05,681,50
NAVINFLUOR,20111019,404,409.5,366,372.2,72049
NAVNETPUBL,20111019,63.75,65.15,63.75,64.25,22196
NBVENTURES,20111019,179.5,183.65,176.15,179.45,14752
NCC,20111019,56.7,57.25,55.55,56.25,324322
NCLIND,20111019,35.7,37.25,35.1,36.2,2258
NCOPPER,20111019,22.5,22.9,20.5,21.1,15337
NDTV,20111019,50.1,50.8,49.1,49.35,203092
NECLIFE,20111019,22.95,22.95,21.95,22.15,40597
NELCAST,20111019,26.55,26.55,24.5,24.6,172573
NELCO,20111019,52,53.7,52,52.7,20121
NEPCMICON,20111019,3.4,3.5,3.2,3.35,35144
NESCO,20111019,576,583.75,574,576.8,6209
NESTLEIND,20111019,4140,4168.95,4056.25,4124.15,10440
NET4,20111019,152.95,153,149.25,149.9,33676
NETWORK18,20111019,61.55,64.75,60.25,64.4,261577
NEULANDLAB,20111019,88,89.8,87.1,87.7,493
NEXTMEDIA,20111019,5.15,5.25,5,5.25,3154
NEYVELILIG,20111019,76.25,80.5,76.25,79.95,311351
NFL,20111019,69,71.65,68.5,69.65,95317
NHPC,20111019,23.45,23.45,23.15,23.2,1387622
NICCO,20111019,2.55,2.6,2.4,2.4,6954
NIFTYBEES,20111019,514.5,522.55,514.5,521.98,53123
NIITLTD,20111019,48.45,48.45,47.5,48,364535
NIITTECH,20111019,225,228.5,218.7,222.2,147452
NILKAMAL,20111019,283.8,283.8,262.75,264.55,1194
NIPPOBATRY,20111019,386,396,385.05,391.15,247
NITCO,20111019,46.7,48.8,46.7,48.4,6317
NITESHEST,20111019,17,17.3,16.7,16.8,17012
NITINFIRE,20111019,37.9,38.35,36.2,36.8,247827
NITINSPIN,20111019,6.45,6.5,6.2,6.45,5505
NMDC,20111019,241.2,248.65,240.25,247.95,226919
NOCIL,20111019,15.8,16.3,15.8,16.15,36072
NOIDATOLL,20111019,23,23.3,22.55,22.7,209907
NOL,20111019,39,40.85,39,39.05,600
NORBTEAEXP,20111019,5.65,6.2,5.15,5.95,5827
NORTHGATE,20111019,12.4,12.55,12,12.05,12429
NOVOPANIND,20111019,43.2,43.2,41.45,42.15,1061
NRBBEARING,20111019,45.05,46.8,43.55,45,30375
NRC,20111019,4.15,4.3,3.9,4,5974
NSIL,20111019,615,621.95,593.7,601.5,128
NTPC,20111019,168.5,172.45,168.25,171.95,1413533
NUCENT,20111019,1.85,1.85,1.85,1.85,100
NUCHEM,20111019,3.05,3.15,2.85,2.95,2357
NUCLEUS,20111019,69.1,72.5,69.1,71.05,75792
NUMERICPW,20111019,196.05,209.5,196.05,203.35,8842
NUTEK,20111019,2.25,2.4,2.25,2.35,1265317
OBEROIRLTY,20111019,236,236,229.05,232.25,5784
OCL,20111019,92,93,90.05,91.75,2435
OFSS,20111019,2069.9,2154,2069.9,2138.85,87982
OIL,20111019,1279,1292.95,1265.1,1277.7,24502
OILCOUNTUB,20111019,60,61.5,59.05,59.6,16339
OISL,20111019,49,49.45,48,48.15,2191
OMAXAUTO,20111019,37.45,37.95,37.45,37.65,5266
OMAXE,20111019,138,140.2,137,139.7,205706
OMKARCHEM,20111019,68,68.85,68,68.15,800
OMMETALS,20111019,29.6,35.45,29.6,33.6,88688
OMNITECH,20111019,141.25,144,139.25,143.8,9913
ONELIFECAP,20111019,185,201,178,197.9,4365707
ONGC,20111019,264.65,269.8,263.1,268.15,2077855
ONMOBILE,20111019,59.2,59.35,57.5,57.9,265301
ONWARDTEC,20111019,35.6,36.25,35.05,35.4,495
OPTOCIRCUI,20111019,238.5,245.8,238.5,245.1,147074
ORBITCORP,20111019,33.5,34.55,33,34.2,143711
ORCHIDCHEM,20111019,164.5,167.8,164.1,166.1,526173
ORIENTABRA,20111019,34.05,35.45,34.05,34.75,9295
ORIENTALTL,20111019,8.3,8.4,8.3,8.4,1392
ORIENTBANK,20111019,294.5,308.55,292.5,305.85,674573
ORIENTCERA,20111019,51.95,51.95,49.3,49.3,3
ORIENTHOT,20111019,26.85,26.85,26,26.6,4939
ORIENTLTD,20111019,73.45,74.65,67.6,72.85,244
ORIENTPPR,20111019,57.05,59.1,57.05,58.9,14800
ORISSAMINE,20111019,42550,43200,42525,42867.15,250
OSWALMIN,20111019,43.75,48.25,43.75,47.9,424
OUDHSUG,20111019,20,21.35,20,20.8,5377
PAEL,20111019,22.5,23.45,22.15,22.8,1976
PAGEIND,20111019,2519.9,2519.9,2466,2482.15,1937
PANACEABIO,20111019,113,113.95,107.3,108.2,15054
PANAMAPET,20111019,223.95,224,221.5,223,710
PANASONIC,20111019,104,104.95,101,101.55,236
PANCARBON,20111019,128,128,128,128,60
PANORAMUNI,20111019,9.9,10,9.7,10,9468
PANTALOONR,20111019,190.4,195,190.4,193.4,326669
PAPERPROD,20111019,76.95,76.95,74.95,75.2,9353
PARABDRUGS,20111019,28.25,35.6,28.25,35.4,6991
PARACABLES,20111019,2.8,2.95,2.8,2.85,19078
PARAL,20111019,237.15,244,237.15,241,4469
PARAPRINT,20111019,25.2,26.2,23.4,24.75,318577
PARASPETRO,20111019,0.5,0.5,0.45,0.45,12905
PARRYSUGAR,20111019,79.9,83.55,77,77,281
PARSVNATH,20111019,72.3,79.4,71.4,78.15,2680088
PATELENG,20111019,95.3,96.25,94.65,95.35,190286
PATINTLOG,20111019,34.05,34.1,31.35,32,52816
PATNI,20111019,340.1,344.75,328.25,330.45,1988961
PATSPINLTD,20111019,12.6,12.6,11.6,11.6,911
PBAINFRA,20111019,47,52,45.7,50.6,35521
PDPL,20111019,101.45,107.9,99.1,100.85,1429
PDUMJEPULP,20111019,16.5,18,16.5,17.4,618
PEACOCKIND,20111019,2.8,3.15,2.8,3.1,5632
PEARLPOLY,20111019,19.35,19.65,19.1,19.65,3100
PENIND,20111019,37.9,39.4,37.55,37.85,7288
PENINLAND,20111019,40.5,41.75,40.5,41.5,8714
PERIATEA,20111019,165,172.7,162.15,163.25,176
PERSISTENT,20111019,318,324,314.05,315.2,5628
PETRONENGG,20111019,308,308,286,296.8,2931
PETRONET,20111019,162,167.25,162,165.5,4683501
PFC,20111019,145.5,150.7,144.75,149.95,1728749
PFIZER,20111019,1388,1399,1376.55,1382.15,13727
PFOCUS,20111019,56.1,57.6,55.35,56.05,250015
PFS,20111019,15.5,15.5,15.1,15.5,59324
PGEL,20111019,231.55,233.9,219,224.5,44081
PGHH,20111019,1930,1930,1918,1918.6,999
PHILIPCARB,20111019,139.5,145.25,139.5,144.9,7850
PHOENIXLTD,20111019,196,209.8,189.2,194.45,63310
PIDILITIND,20111019,160.5,162.25,158.5,160.65,31561
PIIND,20111019,612,617.45,606.4,614,1973
PIONDIST,20111019,44,47.9,42,45.85,415
PIONEEREMB,20111019,11.65,11.65,11.1,11.35,410
PIPAVAVDOC,20111019,83.85,85,83.75,84.2,1584707
PIRGLASS,20111019,120.25,132.5,120.25,126.75,15791
PIRHEALTH,20111019,359.15,365,358.25,360.7,104082
PIRLIFE,20111019,92,92.95,90.55,91.65,11293
PITTILAM,20111019,48.5,49.1,47.55,47.7,12516
PLASTIBLEN,20111019,174,174,161.2,162,3914
PLETHICO,20111019,371,371,368.3,369.7,47291
PNB,20111019,971.25,984.95,969.95,979.7,130985
PNBGILTS,20111019,23.75,24.2,23.75,24,21182
PNC,20111019,13.2,14.2,13.15,14,2600
POCHIRAJU,20111019,12.7,13.25,12.65,13.1,1264
POLARIND,20111019,3.7,3.95,3.7,3.8,12583
POLARIS,20111019,135.85,143,135,141.15,884723
POLYPLEX,20111019,173.5,179.5,173.3,177.55,50518
PONDYOXIDE,20111019,30,30.3,29.1,29.9,6459
PONNIERODE,20111019,80.8,81.9,80.8,81.9,143
POWERGRID,20111019,99,100.5,98.45,99.95,2894575
PPAP,20111019,82,82,79.05,81.7,942
PRADIP,20111019,80.5,86,79.8,85.55,135917
PRAENG,20111019,5.9,5.9,5.5,5.65,23292
PRAJIND,20111019,77.4,80.5,77.4,80.05,1322909
PRAKASH,20111019,47.5,48.45,47.25,47.6,141741
PRAKASHCON,20111019,176,179.75,166.15,168.75,236796
PRAKASHSTL,20111019,123,123.4,120.25,120.7,3139
PRATIBHA,20111019,44.9,45.8,43.4,43.9,13166
PRECOT,20111019,109,109.7,107.8,108.45,260
PRECWIRE,20111019,87.5,90.95,87.5,88.95,256
PREMIER,20111019,80.6,81.45,79.55,80.4,2887
PRESTIGE,20111019,100.4,103,99.3,99.95,87839
PRETAILDVR,20111019,139,140,134.2,137.4,9975
PRICOL,20111019,15.1,15.8,15.1,15.5,29729
PRIMESECU,20111019,16.55,17.25,16.5,17,7238
PRISMCEM,20111019,41,42,40.05,41.7,206920
PRITHVI,20111019,19,19.9,19,19.7,3034
PROVOGUE,20111019,30.9,31.3,30.65,30.85,56077
PSB,20111019,71.85,72.45,70.6,70.9,62222
PSL,20111019,63.4,63.4,62.2,62.6,25416
PSUBNKBEES,20111019,328.2,334.3,327.55,331.2,275
PTC,20111019,69.35,70.7,69,70.35,266889
PTL,20111019,40.05,40.65,39.5,40.4,7116
PUNJABCHEM,20111019,68.75,69.85,67.1,67.85,1938
PUNJLLOYD,20111019,54.25,55.55,54.2,55.25,1581355
PURVA,20111019,71.7,75.4,71.7,75,11143
PVP,20111019,4.8,4.95,4.75,4.85,10608
PVR,20111019,117.5,123.7,117.5,122.35,77549
QGOLDHALF,20111019,1277.4,1284.95,1265.1,1270.55,1373
QNIFTY,20111019,517,520.1,517,520.1,23
QUINTEGRA,20111019,3.2,3.2,3,3.1,2739
RADAAN,20111019,2.25,2.3,2.15,2.15,10256
RADICO,20111019,120.85,121,118.8,120,181971
RAINBOWPAP,20111019,64.5,64.75,64.2,64.5,50757
RAINCOM,20111019,29.7,29.9,28.95,29.25,97147
RAJESHEXPO,20111019,144.6,148,142.8,144.3,1025303
RAJOIL,20111019,20,21.85,20,21.05,54817
RAJPALAYAM,20111019,204.7,213.85,200,202.1,2093
RAJSREESUG,20111019,42,43.75,42,43.3,5129
RAJTV,20111019,63.2,65.4,61.65,62.7,17318
RAJVIR,20111019,103,109.95,102,108.95,42
RALLIS,20111019,173.6,175.8,170,172.4,111810
RAMANEWS,20111019,13.15,13.4,12.1,12.25,29370
RAMCOIND,20111019,42,43.15,41.75,42.05,10187
RAMCOSYS,20111019,57,58.7,57,57.75,4598
RAMKY,20111019,215,218.6,215,217.55,4949
RAMSARUP,20111019,9.6,9.6,9.15,9.15,10838
RANASUG,20111019,3.9,4,3.9,3.95,79869
RANBAXY,20111019,505.6,516,501.6,514.65,410447
RANEENGINE,20111019,188.5,189.9,181,181.1,84
RANEHOLDIN,20111019,204.9,204.9,198.1,202.65,493
RANKLIN,20111019,13,13.55,12.85,12.95,12503
RATNAMANI,20111019,103,105.7,102.2,103.05,127
RAYMOND,20111019,342.3,349.2,342.1,347.15,316600
RBL,20111019,107,111,107,109.7,258
RBN,20111019,65.75,66.4,63.9,64.5,51632
RCF,20111019,72.8,75.7,72.5,74.15,440289
RCOM,20111019,75,76.5,74.45,76,2817658
RECLTD,20111019,173.55,176.35,173,175.8,1646788
REDINGTON,20111019,90.2,91.5,88.75,90.3,178223
REFEX,20111019,11.35,12.65,11.35,12.65,6151
REIAGROLTD,20111019,23.2,24.2,20,24.05,150844
REISIXTEN,20111019,22.7,22.7,20.8,21.05,3327
RELAXO,20111019,458,464.9,453,462.4,1155
RELBANK,20111019,881,927,881,900.37,53
RELCAPITAL,20111019,327.9,335.55,325,333.65,2039718
RELGOLD,20111019,2501,2510.1,2479,2486.35,16814
RELGRNIFTY,20111019,498.5,498.5,464.1,480,63
RELIANCE,20111019,825.5,845,824.1,843,2713867
RELIGARE,20111019,439.95,443,439.95,440,634
RELIGAREGO,20111019,2603.05,2643,2603.05,2611.5,205
RELINFRA,20111019,411.4,416.8,408.1,413.95,631841
RELMEDIA,20111019,89.1,90.9,88.5,89.75,183982
RENUKA,20111019,56.7,58.5,56.7,57.95,3931324
REPRO,20111019,163,168.15,163,166.5,10400
RESPONIND,20111019,108,108,107.1,107.75,7635
RESURGERE,20111019,0.3,0.3,0.2,0.25,9292439
REVATHI,20111019,360,360,355,355.5,60
RICOAUTO,20111019,11.25,11.45,11.25,11.3,55800
RIIL,20111019,402.1,409.55,401,405.8,69734
RJL,20111019,90.9,90.9,87.55,87.6,1003
RKDL,20111019,16.65,16.65,16.15,16.2,5939
RKFORGE,20111019,110,110,102.25,102.5,310
RMCL,20111019,6,6.25,6,6,4418
RML,20111019,117.6,120,117.6,118.25,1360
ROHITFERRO,20111019,27.5,27.95,27.3,27.75,16735
ROHLTD,20111019,53,55.4,53,54.4,17765
ROLTA,20111019,75.2,75.45,73.5,73.95,647738
ROMAN,20111019,22.9,22.95,21.6,22.95,335
RPGLIFE,20111019,81,81.4,79,80.25,6885
RPOWER,20111019,86.05,87.85,85.7,87.7,1356530
RPPINFRA,20111019,68,68.5,65.35,66.9,17532
RSSOFTWARE,20111019,54.7,57.6,54.7,55.5,6853
RSWM,20111019,91,92.7,90.55,91,2618
RSYSTEMS,20111019,100,100,98.7,99.45,1285
RUBYMILLS,20111019,816,885,810,822.5,504
RUCHINFRA,20111019,23.7,23.7,22.8,22.95,2701
RUCHIRA,20111019,9.15,9.45,9,9.05,9386
RUCHISOYA,20111019,109.8,113,109.5,112,540750
RUSHIL,20111019,165.15,166.5,155.55,157.2,401376
SABERORGAN,20111019,121.1,122,121.05,121.1,2615
SADBHAV,20111019,132,134,127.7,128.7,8378
SAGCEM,20111019,139.5,140,133,135.85,2567
SAHPETRO,20111019,28.95,29.95,28,28.65,435
SAIL,20111019,104.7,107,104.1,106.7,1999881
SAKHTISUG,20111019,26.8,27.5,26.8,27.35,34909
SAKSOFT,20111019,66.95,66.95,64.15,65.45,461
SAKUMA,20111019,13.85,13.85,13.1,13.2,2571
SALORAINTL,20111019,24.1,25.85,23.2,24.55,866
SALSTEEL,20111019,5.35,5.55,5.35,5.45,10353
SAMBANDAM,20111019,72.5,78.25,70.45,73.75,4
SAMBHAAV,20111019,1.05,1.2,1.05,1.1,1890
SANDESH,20111019,277,280,277,280,3
SANGAMIND,20111019,30.7,30.75,29.6,29.6,2866
SANGHIPOLY,20111019,1.4,1.5,1.35,1.35,4742
SANGHVIFOR,20111019,27.8,28.4,25.55,26,23705
SANGHVIMOV,20111019,116.6,122,116.6,118.65,5868
SANWARIA,20111019,16,16.4,15.35,15.85,329887
SARDAEN,20111019,121.2,124.5,121.2,122.5,3812
SAREGAMA,20111019,67.7,73.45,67,69.3,107988
SASKEN,20111019,110.2,110.55,107.35,107.95,12033
SATHAISPAT,20111019,35.1,35.7,34.85,35,11097
SATYAMCOMP,20111019,71.7,71.85,69.6,70.9,2092434
SAVERA,20111019,39,39,36.05,36.65,411
SB&TINTL,20111019,15.65,16.25,15.35,16,34341
SBBJ,20111019,389,395,386,391.25,4241
SBIGETS,20111019,2617.75,2624.55,2593,2604.85,7243
SBIN,20111019,1887.95,1923.5,1886.05,1918.35,1555536
SBT,20111019,594.1,603.4,594.1,598.9,3700
SCI,20111019,71,71,70.15,70.55,287878
SEAMECLTD,20111019,104.95,106,102.6,105.35,3300
SEINV,20111019,94.2,97,89.2,95.2,14719
SELAN,20111019,298,309,291.6,298,51914
SELMCL,20111019,12.1,12.25,11.95,12.1,71698
SENTINEL,20111019,14.15,14.6,14,14,2490
SERVALL,20111019,6.25,6.35,6.1,6.15,44807
SESAGOA,20111019,220,225.3,212.35,214.2,3394593
SESHAPAPER,20111019,198,201,194,194.25,116
SEZALGLASS,20111019,2.1,2.3,2.1,2.3,12512
SGFL,20111019,4.8,4.8,4.55,4.55,354
SGJHL,20111019,154.8,158.05,152.5,153.8,127531
SGL,20111019,3.45,3.55,2.95,3.1,15592
SHAHALLOYS,20111019,9,9.5,9,9.5,2085
SHALPAINTS,20111019,470,476,455,461.9,5216
SHANTIGEAR,20111019,39,39.5,38.1,39.2,22498
SHARIABEES,20111019,116,116,116,116,130
SHARRESLTD,20111019,65,65.3,62.05,63,98058
SHASUNPHAR,20111019,62.35,62.75,60.15,60.7,17744
SHILPAMED,20111019,221.3,233,220,220.05,2877
SHILPI,20111019,14.1,14.95,13.25,13.65,37201
SHIV-VANI,20111019,194.8,194.8,190.3,192,5679
SHIVAMAUTO,20111019,125.75,125.75,124.5,124.5,2
SHIVTEX,20111019,26.95,29.7,25.9,26.35,94024
SHLAKSHMI,20111019,108,111.4,108,110.75,172558
SHOPERSTOP,20111019,354.2,369,351.8,354.35,3445
SHREEASHTA,20111019,5.9,5.95,5.85,5.85,2160694
SHREECEM,20111019,1856.25,1899,1855,1889.05,3323
SHREERAMA,20111019,4.25,4.25,4.15,4.25,2100
SHRENUJ,20111019,65.15,71.5,65.15,70.6,70793
SHREYANIND,20111019,19.45,21,19.45,19.5,313
SHREYAS,20111019,32.4,33.95,32.05,32.9,2671
SHRIRAMCIT,20111019,534,534,523,524.75,804
SHRIRAMEPC,20111019,117.3,121.85,117.3,118,2840
SHYAMTEL,20111019,33.15,33.9,32.25,32.65,4331
SICAGEN,20111019,20,20,19,19.45,7665
SICAL,20111019,72,78.4,71.5,73.9,1591224
SIEMENS,20111019,821,834.85,813,832.8,188673
SILINV,20111019,82.75,84.15,80.35,82,647
SIMBHSUGAR,20111019,30.9,31.95,30.5,31.4,17311
SIMPLEX,20111019,90,92,87.05,87.1,994
SIMPLEXINF,20111019,218,223,212.05,214.65,244981
SINTEX,20111019,121.5,123.2,120.1,121.35,1549638
SIRPAPER,20111019,45.15,46.3,45.15,46.25,552
SITASHREE,20111019,6.8,6.9,6.65,6.8,12927
SIYSIL,20111019,274,277.9,269.15,274.45,6292
SJVN,20111019,21.55,21.7,21.4,21.55,1000877
SKFINDIA,20111019,660,665,652.8,655.75,16025
SKMEGGPROD,20111019,8,8.85,8,8.1,12043
SKSMICRO,20111019,205.85,208.6,202,205.45,193407
SKUMARSYNF,20111019,40.6,41.7,40.6,41.5,572457
SMARTLINK,20111019,39.8,41.45,39.6,40.1,9838
SMLISUZU,20111019,397.95,420,397.95,411.95,16005
SMOBILITY,20111019,100,100,98.15,99,64749
SMPL,20111019,7,7,6.8,6.9,64100
SMSPHARMA,20111019,170.3,172,170.3,170.9,271
SOBHA,20111019,246,246,231.3,234.85,144726
SOFTTECHGR,20111019,4.95,4.95,4.45,4.75,80
SOLARINDS,20111019,790,799.9,785.25,790.1,4634
SOMANYCERA,20111019,48.5,48.9,46.5,46.85,2062
SOMATEX,20111019,4.9,4.9,3.9,4.2,514662
SONASTEER,20111019,13.7,13.95,13.65,13.85,23579
SONATSOFTW,20111019,27.9,28.1,27.65,27.85,124108
SOTL,20111019,537.95,539.9,525,526.7,995
SOUISPAT,20111019,4.7,4.75,4.5,4.65,59405
SOUTHBANK,20111019,23.25,23.7,23.1,23.55,2204430
SPANCO,20111019,122.3,124.4,118.5,122.45,57480
SPARC,20111019,87.7,88.25,86,87.75,68630
SPENTEX,20111019,8.75,9,8.75,9,3937
SPIC,20111019,25.2,25.7,24.65,24.75,109585
SPMLINFRA,20111019,126,126,120.35,122.9,1124
SPYL,20111019,23,23.5,23,23.5,4555
SREINFRA,20111019,34.8,36.1,34.7,35.8,393490
SRF,20111019,301,302,297.25,299.95,19670
SRGINFOTEC,20111019,0.45,0.5,0.45,0.45,29874
SRHHLINDST,20111019,3,4.1,3,3.65,274
SRHHYPOLTD,20111019,37.3,41.7,37.3,39.3,1228
SRSLTD,20111019,34.6,35.5,34.2,34.8,247547
SRTRANSFIN,20111019,592.05,606.8,592.05,597.7,241301
SSWL,20111019,224,226.55,220.1,220.75,4930
STAR,20111019,366,383.85,364.45,372.15,451371
STARPAPER,20111019,23.1,24.15,23,23.25,2100
STCINDIA,20111019,154.4,155.6,152.6,153.25,31031
STER,20111019,118,120.8,117.35,119.2,3395548
STERLINBIO,20111019,66.5,70.5,65,68.45,641070
STERTOOLS,20111019,105.65,112,104.15,111.45,1805
STOREONE,20111019,14.7,14.7,14.7,14.7,1318
STRTECH,20111019,37.5,39.2,37.5,38.8,522565
SUBEX,20111019,41.35,42.2,41.35,41.75,369729
SUDAR,20111019,64.9,64.9,58.55,62.55,137697
SUDARSCHEM,20111019,701,701,700,700.7,1702
SUJANATOW,20111019,26.3,27.25,26.2,26.4,3395513
SUJANAUNI,20111019,4.5,4.6,4.4,4.45,20000
SUMEETINDS,20111019,23.1,24.3,21.5,23.6,109163
SUMMITSEC,20111019,77.95,80,77.95,78.3,221
SUNCLAYTON,20111019,143,143,138.35,139.1,1106
SUNDARAM,20111019,42.6,45,42.35,43.5,287935
SUNDARMFIN,20111019,501.95,514,500,508.5,5722
SUNDRMBRAK,20111019,153.5,154,150.05,152,82
SUNDRMFAST,20111019,59,59.5,58.5,59,13577
SUNFLAG,20111019,25.2,25.4,25.05,25.1,7666
SUNILHITEC,20111019,87.1,92.45,87.1,90.35,9699
SUNPHARMA,20111019,468,485.45,468,483,777823
SUNTECK,20111019,345.3,352,344.85,347.05,9793
SUNTV,20111019,271.95,281.95,263.65,269.2,812165
SUPER,20111019,159.45,163.05,159.4,161,1215
SUPERSPIN,20111019,7.8,7.9,7.6,7.6,400
SUPPETRO,20111019,72.25,74.8,71.25,71.8,36528
SUPRAJIT,20111019,19.1,20.35,19.1,20.15,107294
SUPREMEIND,20111019,196,210.1,187.4,194.05,369905
SUPREMEINF,20111019,218.2,223,217.5,220.4,13114
SURAJDIAMN,20111019,45.3,47,45.3,46.55,13951
SURANACORP,20111019,94.5,97,86.5,90,203
SURANAIND,20111019,424,424,402,406.45,6927
SURANAT&P,20111019,14.15,14.5,14.15,14.5,11098
SURANAVEL,20111019,25,25,25,25,6185
SURYAJYOTI,20111019,23,23.35,22.15,22.25,8144
SURYALAXMI,20111019,61,68.85,59.7,64.9,1271
SURYAPHARM,20111019,16.2,16.2,15.6,15.75,38150
SURYAROSNI,20111019,60,60.35,59,60.2,1654
SUTLEJTEX,20111019,170.1,171.05,161.35,162.7,6561
SUVEN,20111019,16.7,16.7,16.15,16.2,17091
SUZLON,20111019,37.45,37.55,35.85,36.5,11036363
SWARAJENG,20111019,460,470,460,464.75,3477
SYMPHONY,20111019,1360.05,1380,1326,1361.75,2462
SYNCOM,20111019,14.5,14.5,13.5,13.5,10179
SYNDIBANK,20111019,103.2,105,102.2,103.75,267714
TAINWALCHM,20111019,22.3,22.3,22.25,22.25,250
TAJGVK,20111019,88,89.85,88,88.9,5422
TAKE,20111019,29.5,30.95,29.45,29.6,27640
TAKSHEEL,20111019,157,184.3,39.1,58.15,53644144
TALBROAUTO,20111019,38.8,40,38.75,39,1973
TALWALKARS,20111019,166.5,174,166.5,172,68572
TANFACIND,20111019,24.05,24.85,24,24.85,44
TANLA,20111019,7.3,7.3,6.95,7,164481
TANTIACONS,20111019,52.5,56.5,51.05,55.05,187703
TARAPUR,20111019,17.3,18.25,17.3,17.55,2195
TATACHEM,20111019,321.05,321.95,317,319.9,145721
TATACOFFEE,20111019,887.3,908,882,893.65,398648
TATACOMM,20111019,186.1,187.45,185.15,186.15,199790
TATAELXSI,20111019,209,209.9,205.2,205.8,32026
TATAGLOBAL,20111019,88.7,89.1,85.6,87.55,910465
TATAINVEST,20111019,485,493,472.2,480.75,26819
TATAMETALI,20111019,75,76.7,74.25,74.95,13980
TATAMOTORS,20111019,183.9,188.25,183.9,186.95,12154991
TATAMTRDVR,20111019,99.15,103.4,99.15,102.85,2109725
TATAPOWER,20111019,101,101,99.35,100.15,2513063
TATASPONGE,20111019,301,306,301,302.95,2894
TATASTEEL,20111019,431.7,437.4,429.5,434,2370363
TCI,20111019,79.75,79.8,77,78,5696
TCIDEVELOP,20111019,160.5,173,160.5,161.35,147
TCIFINANCE,20111019,26.35,27.55,25.75,27.25,4982
TCS,20111019,1043,1054.4,1035.2,1048.95,1913710
TDPOWERSYS,20111019,254.1,270,254.1,258.7,19797
TECHM,20111019,572.05,580.5,570,578.15,103373
TECHNO,20111019,231,231,226.05,229.45,8496
TECHNOFAB,20111019,134,137,133.9,135.45,364
TECPRO,20111019,229.9,232,218.75,219.5,11119
TELEDATAIT,20111019,0.3,0.3,0.25,0.3,182294
TELEMARINE,20111019,0.55,0.6,0.5,0.55,111918
TEXMACOLTD,20111019,30.95,30.95,30.3,30.5,35120
TEXMOPIPES,20111019,34.4,35.15,33.7,34.05,53082
TEXRAIL,20111019,87.7,87.7,85,85.7,10229
TFCILTD,20111019,26.65,27.4,26.6,27,6783
TFL,20111019,14,15.6,14,15.5,278
THANGAMAYL,20111019,163.95,163.95,156,157.05,12251
THEMISMED,20111019,111.95,112.5,109,112,511
THERMAX,20111019,419.05,438,417.55,431.35,107443
THINKSOFT,20111019,37.45,37.5,36.55,37,11810
THIRUSUGAR,20111019,76.5,76.7,73.25,74.3,1020
THOMASCOOK,20111019,50.7,52,49.35,49.9,306188
TI,20111019,33.75,34.7,33.45,33.6,89291
TIDEWATER,20111019,6543,6640,6543,6605.95,282
TIIL,20111019,39,39.85,38.45,39.15,662
TIJARIA,20111019,18.5,19.2,17.25,17.65,2566089
TIL,20111019,404,414.9,404,414.45,1953
TIMESGTY,20111019,25.4,26.2,25.35,25.85,767
TIMETECHNO,20111019,64,64,62.05,62.15,15104
TIMKEN,20111019,220.7,223.95,218.55,219.6,44687
TINPLATE,20111019,46,46.7,45.1,46.1,29302
TIPSINDLTD,20111019,29.65,30.85,29.3,30.15,43145
TIRUMALCHM,20111019,72.5,72.5,70.4,72,101
TITAN,20111019,222,225.55,220.45,222.5,3034247
TNPETRO,20111019,15.05,16.9,15.05,15.5,39206
TNPL,20111019,102,103.8,99.7,100.8,25716
TODAYS,20111019,4.6,5.25,4.6,4.75,5346
TOKYOPLAST,20111019,13.4,13.4,13.4,13.4,100
TORNTPHARM,20111019,575,590,556.4,577.15,91150
TORNTPOWER,20111019,237.8,241.5,234.2,239.7,74601
TREEHOUSE,20111019,166.55,176.8,165.8,175.1,163983
TRENT,20111019,1049,1050,1032.05,1039.25,8190
TRF,20111019,333.95,339.8,328,332.5,12631
TRICOM,20111019,11.95,11.95,11.5,11.75,3887
TRIDENT,20111019,11.9,11.95,11.75,11.9,29550
TRIGYN,20111019,14.45,14.45,13.85,13.85,920
TRIL,20111019,217.6,222,217.6,218.55,1091
TRIVENI,20111019,21.95,22.75,21.75,22.4,405501
TTKHEALTH,20111019,479.7,484.5,472.5,474.5,35668
TTKPRESTIG,20111019,2759.85,2849.3,2741.5,2836.3,107788
TTL,20111019,24,24.8,23.3,23.95,5319
TTML,20111019,17.05,18,17,17.5,3949768
TUBEINVEST,20111019,139,143,138.75,140.1,26160
TULIP,20111019,144.95,146.9,142.5,144.05,221613
TULSI,20111019,11.2,11.5,11.15,11.2,27367
TULSYAN,20111019,38,38,37.35,37.5,133
TV18BRDCST,20111019,49.8,51.4,48.9,49.3,247515
TVSELECT,20111019,18.55,18.55,18.15,18.25,4680
TVSMOTOR,20111019,63.2,65.5,62.75,65,4069377
TVSSRICHAK,20111019,398.45,398.45,385.1,393.95,2745
TVTODAY,20111019,60.95,61.95,59.5,59.65,25939
TWILITAKA,20111019,36.8,37.5,36.6,37.15,22088
TWL,20111019,451,459,445,446.55,11064
UBENGG,20111019,49.25,51,49,49.8,24299
UBHOLDINGS,20111019,111.65,113.2,108.25,108.7,73671
UBL,20111019,412.6,428.95,408.6,419.15,28090
UCALFUEL,20111019,72,72.5,71.05,71.95,6699
UCOBANK,20111019,66.8,67.85,66.25,67.55,661985
UFLEX,20111019,154.8,156.8,153,154.65,285967
UGARSUGAR,20111019,12.05,13.25,12.05,12.95,5275
ULTRACEMCO,20111019,1125.05,1129.85,1122,1124,34443
UMESLTD,20111019,18.8,18.8,17.4,18.15,1443
UNICHEMLAB,20111019,138.55,139,136.65,138.1,31067
UNIENTER,20111019,26.7,27.55,26.7,27.55,2060
UNIONBANK,20111019,252.45,252.45,240.05,249.1,318585
UNIPHOS,20111019,145.95,151.3,143.5,145.3,2385731
UNIPLY,20111019,11.45,12.55,11.45,12.45,11363
UNITECH,20111019,26.9,29.15,26.6,27.55,10255577
UNITEDBNK,20111019,72.1,72.9,71.65,72.4,20910
UNITY,20111019,39.5,40.1,39.15,39.85,65212
UNIVCABLES,20111019,47,51.9,46.2,50.9,7627
UPERGANGES,20111019,45.95,45.95,43.75,43.95,318
USHAMART,20111019,32.1,32.7,31.65,32.4,375794
USHERAGRO,20111019,125.5,127.7,123.65,126.05,296014
UTTAMSTL,20111019,73.1,73.9,72.5,73.4,14121
UTTAMSUGAR,20111019,30.9,31.2,29.95,30.9,3236
UTVSOF,20111019,951,954.95,949.5,950.85,1936
VADILALIND,20111019,142,150,142,148.25,25928
VAIBHAVGEM,20111019,32.9,32.9,30.4,31.3,579
VAKRANSOFT,20111019,352,357.8,350.05,350.8,4844
VALECHAENG,20111019,75.4,76.45,74.35,75.4,4997
VALUEIND,20111019,16.95,17.5,16.7,16.9,7043
VARDHACRLC,20111019,8.95,9,8.85,9,11610
VARDMNPOLY,20111019,66,80,66,80,67228
VARUN,20111019,246.5,249.75,246,249,193938
VARUNSHIP,20111019,18.35,18.8,18.1,18.55,16288
VASCONEQ,20111019,48.1,48.95,47.7,48.05,3514
VENKEYS,20111019,514.9,529.8,506.35,512.05,404772
VENUSREM,20111019,201.95,201.95,197,198.45,7833
VESUVIUS,20111019,400.85,400.85,392.25,396,1505
VGUARD,20111019,213,215,209.05,210.5,43114
VHL,20111019,374.05,388,374.05,388,120
VICEROY,20111019,27.65,27.85,26.35,27.05,11013
VIDEOIND,20111019,175.9,177.25,174,176.15,64174
VIJAYABANK,20111019,53.75,54.85,53.55,54.6,771704
VIJSHAN,20111019,15.8,16.7,15.8,15.9,1389
VIKASHMET,20111019,9.7,9.8,9.25,9.55,19785
VIMTALABS,20111019,18.95,19,18.55,18.65,8684
VINATIORGA,20111019,66.25,66.5,65.25,65.45,2647
VINDHYATEL,20111019,143,143.1,138.5,142.85,1025
VINYLINDIA,20111019,10.2,11.5,9.1,11.35,13824
VIPIND,20111019,935.9,948,933,938.7,294555
VIPUL,20111019,10.35,10.4,10.2,10.2,2191
VISAKAIND,20111019,94.2,102.8,93.35,100.3,33199
VISASTEEL,20111019,58.5,58.95,58.5,58.5,5489
VISESHINFO,20111019,3.05,3.05,2.9,2.9,6355
VISHALRET,20111019,22.3,22.5,21.75,21.9,51149
VISUINTL,20111019,1.95,2,1.95,2,11875
VIVIMEDLAB,20111019,249.25,253.75,247.7,252.25,9095
VLSFINANCE,20111019,12,12.1,11.7,11.85,42641
VOLTAMP,20111019,496.45,512,494,497,5915
VOLTAS,20111019,99.9,100.95,99,100.05,1324757
VSTIND,20111019,1351,1370,1340,1347,3151
VSTTILLERS,20111019,514.2,524.95,514.2,519.05,383
VTL,20111019,199.5,202.95,199.5,202.3,973
VTXIND,20111019,13.1,13.85,13,13,405
WABAG,20111019,370.75,372,353,354.05,3999
WABCOINDIA,20111019,1287.2,1298.7,1280.05,1287.7,669
WALCHANNAG,20111019,86.5,88.4,84.5,85.8,17547
WANBURY,20111019,24.5,24.8,23.85,24.5,2286
WEBELSOLAR,20111019,38,38.35,36.3,37.85,20858
WEIZFOREX,20111019,73,73.95,67.5,71.45,179
WEIZMANIND,20111019,9.25,9.25,8.85,8.9,406
WELCORP,20111019,116,116.45,113.1,114.95,234995
WELGLOB,20111019,37.5,39.65,37.25,39.3,173
WELINV,20111019,47.45,47.45,44.65,45.05,34
WELPROJ,20111019,40.3,40.7,38.5,39.45,7387
WENDT,20111019,1550,1550,1504.95,1523,444
WHEELS,20111019,240.1,246.95,237.65,240.25,406
WHIRLPOOL,20111019,214.25,224,214.25,222.65,17782
WILLAMAGOR,20111019,48,51,48,49.1,993
WINDMACHIN,20111019,21.05,21.05,19.55,19.6,1470
WINSOME,20111019,24.9,25.1,23.05,24.8,2090
WIPRO,20111019,346.8,358.9,346.8,357.6,945720
WOCKPHARMA,20111019,455,458.4,363,446.95,143243
WSI,20111019,16.3,16.35,16.1,16.1,702
WSTCSTPAPR,20111019,68.5,70.05,68.5,68.9,7479
WWIL,20111019,8.45,9.25,8.3,8.85,2583517
WYETH,20111019,975.05,1004.45,975.05,994.35,1058
XLENERGY,20111019,6.85,7.1,6.85,7.05,7291
XPROINDIA,20111019,50.5,51.85,50.2,51.05,2487
YESBANK,20111019,283.9,291,282,289.95,1850578
ZEEL,20111019,113.9,114.85,112.65,113.25,1668458
ZEELEARN,20111019,20.55,21.25,19.2,20.1,2913919
ZEENEWS,20111019,12.45,14.6,12.4,12.45,514372
ZENITHBIR,20111019,5,5,4.75,4.85,179760
ZENITHCOMP,20111019,14,14.4,14,14.05,4127
ZENITHEXPO,20111019,63.25,64.5,63.25,64.5,4000
ZENITHINFO,20111019,70.25,70.25,70.25,70.25,3103
ZENSARTECH,20111019,123.9,123.9,116.65,118.1,4571
ZICOM,20111019,40.25,42.85,40.2,41.05,14543
ZODIACLOTH,20111019,225.1,225.1,215.05,216.9,633
ZODJRDMKJ,20111019,23.5,24.4,23.3,24.4,5207
ZUARIAGRO,20111019,582.05,599,582.05,594.25,5525
ZYDUSWELL,20111019,575,581.7,552,570.1,13043
ZYLOG,20111019,410.7,410.7,402.35,405.95,99668
NSENIFTY,20111019,5080.45,5148.05,5075.30,5139.15,117468754,4776.09
NIFTYJUNIOR,20111019,9782.75,9897.25,9782.75,9870.20,63808086,1133.64
BANKNIFTY,20111019,9673.00,9865.85,9673.00,9841.35,13388954,1010.53
NSEMIDCAP,20111019,7048.90,7147.55,7048.90,7142.35,96776057,1047.35
NSEIT,20111019,5923.85,5966.60,5901.40,5959.90,13624837,832.63
NSE100,20111019,4969.55,5032.50,4969.55,5024.90,181276840,5909.73
NSE500,20111019,4046.60,4098.70,4046.60,4093.50,390536058,7976.55
MIDCAP50,20111019,2084.45,2107.70,2084.45,2105.95,76432567,641.59
VIX,20111019,25.90,25.90,23.53,24.05,25.90,-1.85
