20MICRONS,20110620,51,51.45,47.15,47.45,22831
3IINFOTECH,20110620,46.9,46.9,40,42.9,1801385
3MINDIA,20110620,4000,4000,3900,3916.5,325
A2ZMES,20110620,257.7,262.9,226,235.9,508628
AANJANEYA,20110620,352.85,384,348,376.95,2784970
AARTIDRUGS,20110620,129.3,129.3,120,126.2,8761
AARTIIND,20110620,50.9,51,46.6,47.95,190102
AARVEEDEN,20110620,53.05,53.05,50.1,50.75,267
ABAN,20110620,542.95,548.8,501.3,522.15,653032
ABB,20110620,839.95,849.8,818.25,822.7,29083
ABBOTINDIA,20110620,1427.45,1456.95,1382,1430.65,2154
ABCIL,20110620,122,122,113.65,114.75,8510
ABGSHIP,20110620,368.7,370.5,354.05,357.35,128954
ABHISHEK,20110620,14.65,14.65,13.9,14.35,7231
ABIRLANUVO,20110620,862.05,868.95,821.35,861.5,98893
ACC,20110620,961,964.75,917.6,937.75,251124
ACE,20110620,48,48,46.5,47.05,128620
ACKRUTI,20110620,200.25,201.95,190.05,191,13384
ACROPETAL,20110620,20.3,20.5,19.2,19.2,571242
ADANIENT,20110620,673.05,675.9,655,660.7,140726
ADANIPOWER,20110620,110.5,110.75,106,107.7,367233
ADFFOODS,20110620,68.2,68.4,64.05,64.9,88953
ADHUNIK,20110620,76.85,76.85,70.55,73.05,36739
ADORWELD,20110620,174.1,175,167.3,170.3,3446
ADSL,20110620,48.45,48.45,44.55,44.8,203985
ADVANIHOTR,20110620,35.5,37,35,35.5,1669
ADVANTA,20110620,271.3,278.65,231.4,246.45,102179
AEGISCHEM,20110620,225.05,225.55,196,213.5,36999
AFL,20110620,43.5,44.9,41,41.35,2274
AFTEK,20110620,15.5,15.5,12.35,13.7,445420
AGCNET,20110620,165,165.7,165,165,1576
AGRE,20110620,50.2,51.4,48.25,48.3,14987
AGRODUTCH,20110620,11.05,11.85,11.05,11.05,29639
AHLEAST,20110620,296,305,296,298.65,953
AHLUCONT,20110620,120,120,113.25,114.4,3696
AHLWEST,20110620,184.25,191.9,184.25,188,301
AHMEDFORGE,20110620,115.3,115.5,109.05,110.15,25780
AIAENG,20110620,367,373,360,370,6796
AJANTPHARM,20110620,316,316,290.7,292.5,52178
AJMERA,20110620,154.05,155.15,143.6,147.45,17976
AKSHOPTFBR,20110620,6.9,7.1,6.7,6.85,104851
AKZOINDIA,20110620,916,916,870,890.5,7419
ALBK,20110620,197.1,199,190.55,194.15,370921
ALCHEM,20110620,231.05,233,225,229.9,110608
ALEMBICLTD,20110620,20.1,20.1,18.85,19,68216
ALFALAVAL,20110620,1562.6,1590,1460,1476.7,4873
ALKALI,20110620,59.6,59.6,52,52.8,190521
ALKYLAMINE,20110620,77.5,77.5,77.5,77.5,50
ALLCARGO,20110620,162,163,159.1,160.35,1676
ALLSEC,20110620,22.35,22.35,19.95,20.05,1856
ALMONDZ,20110620,27.45,27.55,26.6,27.5,2156
ALOKTEXT,20110620,27.1,27.2,23.05,24.65,15913626
ALPA,20110620,10.1,10.75,10.05,10.2,2410
ALPHAGEO,20110620,109,109,98,100,4950
ALPSINDUS,20110620,3.8,3.8,3.65,3.65,11391
AMAR,20110620,100.5,122.9,97.55,98.85,154871
AMARAJABAT,20110620,210.5,217.9,205.1,215.8,66394
AMARJOTHI,20110620,64,64,61.2,61.2,170
AMBIKCO,20110620,174.95,174.95,161.15,166.05,18666
AMBUJACEM,20110620,128.15,129,124.85,125.55,1934928
AMDIND,20110620,17.1,17.45,16.7,17.3,3844
AMLSTEEL,20110620,16.55,16.7,16,16.55,2005
AMRUTANJAN,20110620,757.7,757.7,710.25,713.9,69049
AMTEKAUTO,20110620,169.7,169.7,159.55,163.7,196188
AMTEKINDIA,20110620,89.1,89.1,81.15,82.65,139740
ANANTRAJ,20110620,68.75,70,65.1,65.6,133064
ANDHRABANK,20110620,135.8,135.8,127,130.6,642233
ANDHRACEMT,20110620,12.05,12.1,11.5,11.6,21717
ANDHRSUGAR,20110620,91.95,92.45,89.3,90.05,7293
ANGIND,20110620,25.4,26.8,24.6,24.65,2688
ANIKINDS,20110620,37.4,37.9,36.05,36.95,3266
ANKURDRUGS,20110620,40.4,40.4,37.05,38.15,42150
ANSALAPI,20110620,41.4,41.55,38.55,39.95,77999
ANSALHSG,20110620,42.2,42.2,40,40.3,8875
ANTGRAPHIC,20110620,0.3,0.3,0.25,0.25,225379
APARINDS,20110620,229,229,222,224.6,11494
APCOTEXIND,20110620,174.1,174.1,166.4,169.6,4335
APIL,20110620,560,560,491.95,523.25,231604
APOLLOHOSP,20110620,485,485,464.8,471.45,36857
APOLLOTYRE,20110620,75.8,75.8,71,73.15,1820960
APPAPER,20110620,362.8,362.8,357.5,360.45,26569
APTECHT,20110620,95.2,97.3,87,89.7,374411
AQUA,20110620,16.35,16.5,14.55,16,102875
ARCHIDPLY,20110620,14.3,14.3,13.2,13.6,8343
ARCHIES,20110620,38.1,38.55,36.95,37.2,22973
AREVAT&D,20110620,257,257.95,245,248.75,66643
ARIES,20110620,107.5,107.5,101.1,102.7,5692
ARIHANT,20110620,60,60,60,60,25
ARL,20110620,2.35,2.4,2.25,2.35,294253
AROGRANITE,20110620,41.15,41.15,39.5,39.9,4570
ARROWTEX,20110620,10.75,11.6,9.6,11.4,69830
ARSHIYA,20110620,172.25,174.7,157,162,25566
ARSSINFRA,20110620,456,456.25,415,444.5,535197
ARVIND,20110620,82.45,82.65,72.65,77,2155138
ASAHIINDIA,20110620,80.1,80.1,77.35,79.35,10396
ASAL,20110620,62.6,63.5,61.9,62.85,6800
ASHAPURMIN,20110620,20.5,20.8,18.9,19.15,110795
ASHCONIUL,20110620,2.7,2.8,2.7,2.7,5645
ASHIMASYN,20110620,7.05,7.05,6.65,6.7,8800
ASHOKA,20110620,250.1,252,240,247.4,1404
ASHOKLEY,20110620,49.5,49.7,46.6,46.8,5593879
ASIANELEC,20110620,11.25,11.25,10.2,10.45,94526
ASIANHOTNR,20110620,205.5,205.5,194,195.25,3195
ASIANPAINT,20110620,3005.05,3013.85,2905,2947.5,57240
ASIANTILES,20110620,45.25,45.3,45,45,3180
ASSAMCO,20110620,15.8,15.8,14.8,15.1,411445
ASTEC,20110620,45.55,47.4,43.45,44.1,16748
ASTERSILI,20110620,24.8,25,23.75,23.75,8198
ASTRAL,20110620,187.7,187.7,175.6,184.8,16828
ASTRAMICRO,20110620,29.5,29.9,27.75,28.05,54152
ASTRAZEN,20110620,1305.1,1324.95,1284.1,1300,193
ATFL,20110620,383,383,353.1,356.3,6356
ATLANTA,20110620,75.65,75.8,71.25,72.1,147137
ATLASCYCLE,20110620,258,258,242.05,244.55,14422
ATNINTER,20110620,1.15,1.2,1.1,1.2,11947
ATUL,20110620,188,190,171.5,176.15,46753
AURIONPRO,20110620,165,165,165,165,1
AUROPHARMA,20110620,176,176,164.75,166.25,930802
AUSOMENT,20110620,45.05,45.45,36.3,37,859
AUSTRAL,20110620,2.95,3,2.8,2.8,538077
AUTOAXLES,20110620,416,429.5,411,414.85,651
AUTOIND,20110620,130.35,136.95,123.5,128.15,44342
AUTOLITIND,20110620,20.55,21.95,20.05,20.05,2562
AVANTI,20110620,35,35,33.3,34.15,3049
AVENTIS,20110620,2032,2032,1971,1999.55,497
AVTNPL,20110620,193.95,206.8,193.95,201.2,18094
AXIS-IT&T,20110620,81.5,81.5,67,71.85,42686
AXISBANK,20110620,1225,1237.5,1201,1226.4,1426140
AXISGOLD,20110620,2220,2229.75,2220,2225,66
BAGFILMS,20110620,7.2,7.2,6.85,6.9,155893
BAJAJ-AUTO,20110620,1333,1343.7,1295,1311.8,413744
BAJAJCORP,20110620,114.2,117.9,110.1,113.25,42844
BAJAJELEC,20110620,257.6,262.8,240,254.25,91666
BAJAJFINSV,20110620,539.8,539.8,500,513.4,89233
BAJAJHIND,20110620,68.55,68.55,58,63.05,1603846
BAJAJHLDNG,20110620,758,758,744,747.4,45202
BAJFINANCE,20110620,570,582.05,553.8,571.9,15181
BALAJITELE,20110620,33.9,33.9,31.05,33.2,69041
BALAMINES,20110620,38.1,39.9,37.4,37.45,12807
BALKRISIND,20110620,145,146.5,137,144.45,38829
BALLARPUR,20110620,33,33,31.9,32.1,234325
BALMLAWRIE,20110620,590,593.5,565,570.65,5862
BALPHARMA,20110620,27.5,27.7,26,27.2,7373
BALRAMCHIN,20110620,61,61,57,57.6,531430
BANARISUG,20110620,589,589,540,544.4,427
BANCOINDIA,20110620,68.4,69.5,65,67.3,43268
BANG,20110620,33.85,36.45,30.2,32.05,6357
BANKBARODA,20110620,860,865,845,858.15,241513
BANKBEES,20110620,1079,1079,1060,1062.18,463
BANKINDIA,20110620,410.4,413.4,405.2,408.2,305669
BANSWRAS,20110620,136,136,125.15,130,5145
BARTRONICS,20110620,64.6,65.3,59.5,60.2,291962
BASF,20110620,609.9,609.9,570,575.8,16817
BASML,20110620,88,88,83,84.5,311
BATAINDIA,20110620,550,553.3,525,527.15,816682
BATLIBOI,20110620,20.15,23,20.15,21.85,1199
BAYERCROP,20110620,860.1,860.2,820,828.7,3437
BBL,20110620,928,937,898,899.35,5843
BBTC,20110620,400.35,405,397.5,403.65,4005
BEARDSELL,20110620,48,48,44.15,46.15,535
BECREL,20110620,10.6,10.85,10.15,10.15,765
BEDMUTHA,20110620,115.5,117.15,111.5,113.7,81443
BEL,20110620,1664.55,1664.6,1562.2,1603.6,24620
BELLCERATL,20110620,14.5,14.5,14.05,14.05,119
BEML,20110620,590,594.8,552,572.7,72415
BEPL,20110620,30.1,30.9,29.5,29.95,99255
BERGEPAINT,20110620,102.1,102.85,96.15,99.1,152816
BFINVEST,20110620,73.5,73.5,67.8,69.1,39038
BFUTILITIE,20110620,728.85,730.75,690.55,695.2,223634
BGRENERGY,20110620,489,489.9,449.2,457.5,371452
BHAGWATIHO,20110620,90.85,91,85.1,89.95,3188
BHAGYNAGAR,20110620,17.15,17.3,16.35,16.45,9804
BHARATFORG,20110620,309.9,309.9,293.75,295.7,181368
BHARATGEAR,20110620,59,59,53.2,54.15,8263
BHARATRAS,20110620,109.2,110.8,108.85,108.95,704
BHARTIARTL,20110620,380,391.95,375.55,389.85,7974447
BHARTISHIP,20110620,131.45,132,120,124.85,95759
BHEL,20110620,1945,1945,1891.25,1919.45,486099
BHUSANSTL,20110620,422.95,427,377,414.85,305057
BIL,20110620,59,59,50.3,53.35,31282
BILENERGY,20110620,23.6,23.6,21.05,21.9,28992
BILPOWER,20110620,96.8,99.9,96.35,97.1,1287
BIMETAL,20110620,275,275.1,260.5,271.1,467
BINANIIND,20110620,178.2,179.7,169,170.25,33391
BINDALAGRO,20110620,90.5,91.9,75,89.75,1580408
BIOCON,20110620,358,358.65,339,342,641284
BIRLACORPN,20110620,351.25,354,345,345.3,23736
BIRLACOT,20110620,0.55,0.55,0.4,0.45,8847712
BIRLAERIC,20110620,15.55,15.55,15.3,15.5,750
BIRLAMONEY,20110620,22.65,22.65,21.2,21.9,5398
BIRLAPOWER,20110620,1,1.05,0.95,0.95,10401183
BLBLIMITED,20110620,6,6.2,5.6,5.6,32585
BLISSGVS,20110620,21.8,22.1,21.75,21.85,5123
BLKASHYAP,20110620,20,20.2,19.2,19.35,77710
BLUECHIP,20110620,1.2,1.25,1.15,1.15,6771
BLUECOAST,20110620,169,169,153.25,168.5,202
BLUEDART,20110620,1371,1390,1311.1,1320.15,3419
BLUESTARCO,20110620,318,318,301,306.75,12771
BLUESTINFO,20110620,92.2,95.7,91,91.85,518
BOC,20110620,284.25,284.5,276.7,277.7,7627
BOMDYEING,20110620,368.35,369.7,335.9,348.15,380401
BOSCHLTD,20110620,6932,6932,6831,6874.45,5265
BPCL,20110620,635,636.4,598.2,627.65,608183
BPL,20110620,23.5,23.8,22.4,22.5,33700
BRANDHOUSE,20110620,24.3,24.35,20.8,22.25,93940
BRFL,20110620,287.1,289.9,283.1,286,325750
BRIGADE,20110620,75.9,75.9,72,72.7,32638
BRITANNIA,20110620,470,479,460.15,470.45,67815
BROADCAST,20110620,10.3,10.3,10.25,10.3,583
BSELINFRA,20110620,5.35,5.35,5.05,5.05,93914
BSL,20110620,23,26,23,25,2636
BSLGOLDETF,20110620,2260,2273,2250,2268,5971
BSTRANSCOM,20110620,132.7,132.7,116.5,119.55,30721
BURNPUR,20110620,7.65,7.9,7.05,7.5,23395
BVCL,20110620,16.3,17.95,16.3,17.25,3251
CADILAHC,20110620,919.9,924.75,896,902.15,136398
CAIRN,20110620,325.25,326,303.5,307.5,2953547
CALSOFT,20110620,29,30,28.25,30,657
CAMLIN,20110620,72.85,72.95,70.55,71.5,208840
CANBK,20110620,514.95,514.95,503,506.9,492572
CANDC,20110620,88.9,88.9,75.15,84.45,71721
CANFINHOME,20110620,106.9,122.4,106.6,116.4,1364859
CANTABIL,20110620,35.85,35.9,31,31.5,77137
CARBORUNIV,20110620,277,281.65,273,275.1,12139
CAROLINFO,20110620,176.85,176.85,168,169.65,873
CASTROL,20110620,491.15,502,460.2,492.5,91432
CCCL,20110620,33.8,34,30.05,32.5,21101
CCL,20110620,199,203,187.1,189.15,8326
CEATLTD,20110620,96.55,97.65,92.75,93.15,28731
CEBBCO,20110620,36.5,36.5,34.05,35.05,7986
CELEBRITY,20110620,9.45,10,8.75,9.3,4927
CELESTIAL,20110620,30.85,35.35,30.85,32.95,72459
CENTENKA,20110620,190.4,190.4,175,179.25,18769
CENTEXT,20110620,3.5,3.6,3.45,3.55,15186
CENTRALBK,20110620,116.1,117.5,112.35,114.2,592741
CENTUM,20110620,86,86.5,86,86.05,554
CENTURYPLY,20110620,66.05,66.05,63.1,64.4,23314
CENTURYTEX,20110620,354.95,356.75,315.25,336.35,766066
CERA,20110620,204.55,210,196,205.35,14815
CESC,20110620,287,287.35,273.35,275.75,130609
CHAMBLFERT,20110620,78.4,79,74.35,75.65,1020767
CHEMFALKAL,20110620,49.5,49.5,45.75,45.95,958
CHEMPLAST,20110620,6.9,7,6.6,6.65,40684
CHENNPETRO,20110620,227,228,219.1,220.25,34712
CHESLINTEX,20110620,14.1,14.1,12.55,12.6,1999
CHETTINAD,20110620,413,413,400.1,409.05,641
CHOLAFIN,20110620,157,159.7,151.3,157.6,14619
CILNOVA,20110620,15.3,15.3,15,15,11710
CINEMAX,20110620,36.4,37,34.8,35.2,30625
CINEVISTA,20110620,3.4,3.65,3.3,3.35,2646
CIPLA,20110620,326.65,329.7,310.1,317.6,1809566
CLASSIC,20110620,12.2,12.25,11.5,11.55,11450
CLNINDIA,20110620,750.8,765.85,732.15,735.1,9377
CMAHENDRA,20110620,251.9,251.9,232.05,245.5,87102
CMC,20110620,1197.95,1198,1120,1124.45,11283
COALINDIA,20110620,400.15,406.35,392.8,395.6,3967696
COLPAL,20110620,913.95,924.85,908,914.3,60485
COMPUAGE,20110620,107.75,107.75,95.1,98.05,4235
CONCOR,20110620,1099.95,1102,1064.65,1076.85,13383
CONSOFINVT,20110620,70.15,70.15,65.35,66.05,7343
CORAL-HUB,20110620,6.5,6.5,5.8,6,14528
CORDSCABLE,20110620,34.55,35.4,33.2,34,2160
COREPROTEC,20110620,291,292.5,287.45,287.85,118898
COROMANDEL,20110620,337.3,339.7,312.35,333.15,209950
CORPBANK,20110620,516,519.5,500,508.4,75877
COSMOFILMS,20110620,106.2,107.7,100.2,102.55,50784
COX&KINGS,20110620,391.95,391.95,372,374.55,101824
CPIL,20110620,331,332.9,325.25,330.95,15889
CREATIVEYE,20110620,5.4,5.4,5.05,5.15,853
CRESTANI,20110620,52.9,52.9,47,48.65,90018
CREWBOS,20110620,98.9,98.9,88.45,89.35,107597
CRISIL,20110620,6928,6987,6800,6848.35,2127
CROMPGREAV,20110620,260.9,262.85,248.55,249.7,737149
CRONIMET,20110620,131,139,125.4,126.8,15729
CTE,20110620,9.35,10.35,9.35,9.55,4910
CUB,20110620,45.25,45.35,44.5,44.95,333214
CUBEXTUB,20110620,12.25,12.25,12,12.05,1040
CUMMINSIND,20110620,690.05,695.05,667,671.6,105960
CURATECH,20110620,166,203,166,203,50
CYBERMEDIA,20110620,17.9,18.5,17.9,18.5,457
CYBERTECH,20110620,14,14.25,13.6,13.6,2042
DAAWAT,20110620,50.3,50.65,46.1,48.05,72171
DABUR,20110620,117,117.75,112,114.3,1260284
DALMIABEL,20110620,162,162,149,150.85,3481
DALMIASUG,20110620,17.7,18,16.5,16.6,45468
DATAMATICS,20110620,31,31,29,30.2,23238
DBCORP,20110620,233.05,236.9,230,233,13529
DBREALTY,20110620,78.95,79.45,73,74.5,503865
DCB,20110620,60,60,54.9,56.5,3937026
DCHL,20110620,65,66.9,53.4,65.1,5145633
DCM,20110620,82.3,82.3,76.55,77.1,42734
DCMSRMCONS,20110620,43,43.65,42.5,43.45,48292
DCW,20110620,11.3,11.3,10.6,10.75,137546
DECCANCE,20110620,143.5,143.5,143.5,143.5,510
DECOLIGHT,20110620,7.2,7.7,7,7.25,27878
DEEPAKFERT,20110620,170.15,173.9,163.25,164.6,65853
DEEPAKNTR,20110620,168,176.9,161,174.2,793
DEEPIND,20110620,58.3,58.3,55,56.85,13867
DELTACORP,20110620,98.5,98.65,81.25,90.55,9958707
DELTAMAGNT,20110620,35.15,35.15,35.15,35.15,2
DEN,20110620,96.6,96.75,90,93.6,30353
DENABANK,20110620,89.8,90.4,86,86.75,798062
DENORA,20110620,82,85.15,82,82.6,5448
DENSO,20110620,65.2,72.95,64.65,65.45,3214
DEWANHOUS,20110620,217,217,196.2,198.55,80069
DHAMPURSUG,20110620,53.8,54.6,52,52.2,119193
DHANBANK,20110620,114.9,114.9,110.5,114,412275
DHARSUGAR,20110620,33.8,33.85,31.95,32.4,4025
DIAPOWER,20110620,164.5,164.5,156.1,158.2,35151
DICIND,20110620,260,268.85,257,257.5,1176
DIGJAM,20110620,12.45,12.45,11.2,11.3,84281
DISHMAN,20110620,94.7,95.75,87.3,88,86563
DISHTV,20110620,82,83.2,77,78.9,3960645
DIVISLAB,20110620,776,779.15,712.2,749.6,352091
DLF,20110620,225.95,226.4,217.25,219.05,3897568
DLINKINDIA,20110620,28.2,28.2,26.1,26.6,22650
DOLPHINOFF,20110620,131,131.7,121,123.8,26868
DONEAR,20110620,23.4,23.4,22.8,23.25,3189
DPSCLTD,20110620,1905,1959,1850,1899.4,324
DPTL,20110620,153.05,155,150,150.15,7336
DQE,20110620,44.5,44.8,40.3,42.65,37529
DREDGECORP,20110620,320.1,321.95,305,306.65,12302
DRREDDY,20110620,1550,1555.5,1490,1516.1,258967
DSKULKARNI,20110620,59,59.25,56.05,58.1,27538
DUNCANSIND,20110620,15.05,15.5,14.9,15.05,46936
DWARKESH,20110620,65.7,66,55,63.45,10103
DYNAMATECH,20110620,1566,1566,1480,1509.85,27974
DYNASYS,20110620,0.75,0.8,0.75,0.8,1300
EASTSILK,20110620,8.15,8.15,7.75,7.8,21298
EASUNREYRL,20110620,79,80.85,75.5,76.2,15562
ECEIND,20110620,103,117.3,103,114.45,4641
ECLERX,20110620,810,810,760,780.7,15697
EDELWEISS,20110620,33.6,34.25,31.85,33.15,364555
EDL,20110620,98.35,99.5,94.45,96.05,12790
EDSERV,20110620,135,135.5,127.3,128.3,131497
EDUCOMP,20110620,419,419.05,380,396.55,1045253
EICHERMOT,20110620,1232,1280.25,1193,1202.2,144659
EIDPARRY,20110620,226,227.7,215.55,220.25,28579
EIHAHOTELS,20110620,146.9,146.9,131.1,137.05,1436
EIHOTEL,20110620,85.9,86.8,82.5,83.65,385685
EIMCOELECO,20110620,232.5,232.55,232,232,402
EKC,20110620,88.9,88.9,79.55,83.8,467523
ELDERPHARM,20110620,358.1,363.6,346.8,350.45,32496
ELECON,20110620,68.5,68.95,65.15,66.55,52557
ELECTCAST,20110620,29.9,29.95,29.15,29.25,102035
ELECTHERM,20110620,171,171,166,166.3,2583
ELFORGE,20110620,12.5,12.5,11.85,11.85,1632
ELGIEQUIP,20110620,80.05,81.55,77,78.9,44568
ELNET,20110620,36,37.6,34.95,37.5,298
EMAMIINFRA,20110620,30.55,30.75,29.75,30,38806
EMAMILTD,20110620,445,458.95,444.95,448.4,152864
EMCO,20110620,53.4,53.4,45.4,49.35,137516
EMKAY,20110620,45,46,43.3,43.75,1129
EMMBI,20110620,12.45,12.9,12.3,12.3,8366
EMPEESUG,20110620,27,27,25.05,25.15,10109
ENERGYDEV,20110620,34.15,36.5,34.15,35.8,5558
ENGINERSIN,20110620,286.1,286.1,271.55,275.85,248048
ENIL,20110620,265.85,265.85,236.25,241.05,53927
ENTEGRA,20110620,23.2,23.95,23.2,23.65,20845
ERAINFRA,20110620,174.5,174.7,170.7,171.55,261239
EROSMEDIA,20110620,160.1,166.5,153.2,156.4,217092
ESABINDIA,20110620,489,489,469,476.5,2535
ESCORTS,20110620,110.55,111.8,97.9,102.3,1243940
ESL,20110620,8.75,8.85,8.25,8.45,293129
ESSAROIL,20110620,122,123.5,115.1,117.7,633378
ESSARPORTS,20110620,106.85,107.2,96,99.35,50910
ESSDEE,20110620,367,368,325,357.15,16291
ESSELPACK,20110620,43,43.85,41.6,42.65,132037
ESTER,20110620,46.95,46.95,43.3,43.7,37596
EUROCERA,20110620,23.55,25.75,23.55,24.5,1101
EUROMULTI,20110620,11.7,11.7,10.4,10.6,30672
EVEREADY,20110620,39.65,39.65,36.5,37.3,112735
EVERESTIND,20110620,151,152,147,148.5,5137
EVERONN,20110620,537,537.7,460.2,509.15,223141
EVINIX,20110620,0.95,1,0.95,0.95,83347
EXCELCROP,20110620,160.05,160.5,154.05,154.95,13019
EXCELINDUS,20110620,78.1,78.1,75.55,76.45,2409
EXCELINFO,20110620,26.7,26.7,24.15,24.9,36766
EXIDEIND,20110620,152.7,153.4,142,150.5,1741402
FACT,20110620,38.4,38.85,36,37.1,24241
FAGBEARING,20110620,1112.15,1169.95,1102,1140.8,3287
FAME,20110620,59.15,59.15,54.9,56.1,37246
FARMAXIND,20110620,3.65,3.85,3.6,3.6,55161
FCH,20110620,140,140.7,130.2,133.45,55386
FCSSOFT,20110620,0.95,0.95,0.8,0.8,5163118
FDC,20110620,95.15,98,92,96.95,63796
FEDDERLOYD,20110620,72.2,75.9,70,74.4,32491
FEDERALBNK,20110620,439.65,440,419.3,424.15,1028488
FIEMIND,20110620,155.5,155.5,150,152.5,8611
FINANTECH,20110620,813.85,816.85,763.95,806.95,116740
FINCABLES,20110620,48.7,48.7,45.2,46.3,64932
FINPIPE,20110620,78.25,78.9,75.1,75.55,66484
FIRSTLEASE,20110620,98,99.9,84.05,88.1,332692
FIRSTWIN,20110620,15.65,16.45,15.6,15.65,1289
FKONCO,20110620,126.8,130.4,120,120.5,78457
FMGOETZE,20110620,257.85,257.85,248.7,255.4,12119
FORTIS,20110620,160.8,160.8,153.2,153.9,494648
FOSECOIND,20110620,545,545,515.45,520.6,822
FOURSOFT,20110620,13.8,14.1,13.4,13.5,12106
FSL,20110620,18.3,18.7,15.7,16.9,2906611
FTCPOF5YGR,20110620,12.35,13.5,12.35,13.5,500
FTCSF5YGRO,20110620,12.95,12.95,12.95,12.95,17533
FUTUREVENT,20110620,9.05,9.15,8.45,8.55,2304022
GABRIEL,20110620,48.6,48.75,45.35,46.1,51438
GAEL,20110620,29.95,29.95,27.5,27.85,27982
GAIL,20110620,438.15,444.85,425,430.7,774121
GAL,20110620,13.3,13.7,12.3,12.85,18545
GALLANTT,20110620,17.05,17.05,16.2,16.65,11338
GALLISPAT,20110620,90,91,89.2,89.45,91901
GAMMNINFRA,20110620,15.9,15.95,15.1,15.2,160713
GAMMONIND,20110620,99.5,99.5,90,92.2,19299
GANDHITUBE,20110620,111.1,116.3,110.95,111.35,3471
GANESHHOUC,20110620,130,130,115,115.7,7241
GANGOTRI,20110620,6.35,6.35,5.95,6.1,10816
GARDENSILK,20110620,95.05,96.5,88,88.85,35824
GARWALLROP,20110620,62.6,62.6,59.55,59.85,12873
GATI,20110620,63.1,63.6,57.5,59.3,189353
GDL,20110620,125,125.95,123.05,124.8,71764
GEECEE,20110620,39.05,40.45,39.05,40.3,14907
GEINDSYS,20110620,179,182,174,175.1,8145
GEMINI,20110620,20.35,21.4,19.8,20.95,49821
GENESYS,20110620,222,222,200.1,215.6,51302
GENUSPOWER,20110620,16.5,17.05,15.8,16,111174
GEODESIC,20110620,74,74,70.1,71.65,141458
GEOJITBNPP,20110620,20.05,23.95,20.05,22.55,102595
GEOMETRIC,20110620,56.35,57.85,53.45,54.3,42413
GESHIP,20110620,278.8,279,265,267.8,144521
GHCL,20110620,38.6,39.35,37.5,37.8,58278
GICHSGFIN,20110620,110,110,105,105.45,111644
GILLANDERS,20110620,103.6,103.85,101.1,102.6,2931
GILLETTE,20110620,2080,2080,1950,2018.35,3037
GINNIFILA,20110620,10,10,9.15,9.55,21044
GIPCL,20110620,81.2,81.75,64.85,79,25033
GISOLUTION,20110620,13.55,13.55,11.2,11.95,43085
GITANJALI,20110620,290,293.45,265.1,281.1,1513326
GKWLIMITED,20110620,475.1,500,450.05,500,90
GLAXO,20110620,2377.4,2377.4,2241.2,2327.6,24978
GLENMARK,20110620,308,309.6,290.55,298,688215
GLFL,20110620,3.5,3.75,3.45,3.45,3252
GLOBALVECT,20110620,22.85,23.35,21.5,22.45,2450
GLOBOFFS,20110620,116.8,118.5,111,115.45,952
GLOBUSSPR,20110620,144.8,144.8,129.05,136.6,21765
GLODYNE,20110620,355,359,326,345.75,142428
GMBREW,20110620,101,101.25,97.55,98.2,2103
GMDCLTD,20110620,145.5,145.5,140.25,142.6,206286
GMRINFRA,20110620,32,32.3,29.9,31.1,3739174
GNFC,20110620,98.95,99.7,96.35,97.15,68795
GOACARBON,20110620,82.15,83.9,80.9,81.05,1866
GODFRYPHLP,20110620,2300,2414,2290.65,2395.7,3440
GODREJCP,20110620,420.5,425.75,415.2,421.95,174673
GODREJIND,20110620,204,205,193.05,197.5,871765
GODREJPROP,20110620,679.2,679.2,653,662.15,102753
GOENKA,20110620,58,58.5,56.3,56.75,6795
GOKEX,20110620,100,105.35,96.15,97.45,1029
GOKUL,20110620,84,86.85,81,81.8,45751
GOLDBEES,20110620,2179.7,2186.95,2173,2184.95,91564
GOLDENTOBC,20110620,72.55,72.85,70.6,71.05,10326
GOLDIAM,20110620,35.1,37,35,35,6094
GOLDINFRA,20110620,18.6,18.95,18.1,18.9,14811
GOLDSHARE,20110620,2180,2184,2171.15,2183.4,6513
GOLDTECH,20110620,7.55,7.85,7.5,7.65,10907
GPIL,20110620,164.5,167.35,157,159.25,21831
GPPL,20110620,66.5,66.7,59.6,64.45,90661
GRABALALK,20110620,27.7,28,27.5,28,280
GRANULES,20110620,89.1,90,85,85.6,3166
GRAPHITE,20110620,93,93,90,91,101714
GRASIM,20110620,2108,2135,1982.2,2013.55,174340
GRAVITA,20110620,355.1,360,347.4,351.25,44092
GREAVESCOT,20110620,86,87,83.3,85,62225
GREENPLY,20110620,189.05,193.95,181.1,189.95,4477
GREENPOWER,20110620,18.9,19.25,17.25,17.7,126277
GRINDWELL,20110620,239.25,243.5,228.15,240,8763
GRUH,20110620,416.9,426.9,401,412.25,33977
GSFC,20110620,354.8,354.8,340,342.25,43706
GSKCONS,20110620,2475,2495,2400.3,2433.65,20515
GSLNOVA,20110620,3.5,3.7,3.45,3.5,3347
GSPL,20110620,95,95.5,86,91.8,1111311
GSSAMERICA,20110620,177.85,177.85,157.65,161.8,145409
GTL,20110620,307.85,328.8,124.15,127.95,51153620
GTLINFRA,20110620,29,29,15.25,16.95,114727955
GTNIND,20110620,17.45,17.45,15,15.1,7602
GTNTEX,20110620,14.75,15.25,14.55,14.8,2599
GTOFFSHORE,20110620,216,224.95,205.05,209.45,38228
GUJALKALI,20110620,135,135.35,130,134.3,41007
GUJAPOLLO,20110620,130.65,130.65,125,128.95,7318
GUJFLUORO,20110620,332,333,315,323.5,85474
GUJNRECOKE,20110620,47.7,47.7,44.65,44.95,683216
GUJNREDVR,20110620,23,23.15,22.5,22.7,15866
GUJRATGAS,20110620,380.1,380.1,364.05,376.05,22280
GUJSIDHCEM,20110620,10.25,10.25,9.75,9.85,69661
GULFOILCOR,20110620,92,92,83.1,83.6,160380
GVKPIL,20110620,21.75,21.75,17.3,20.5,12371219
HALONIX,20110620,75.1,78,75.1,75.5,831
HANUNG,20110620,152.65,152.65,136.5,140.45,224795
HARITASEAT,20110620,69.85,69.85,67.7,69,712
HARRMALAYA,20110620,76.4,76.7,71.15,73.45,34307
HATHWAY,20110620,115.5,115.5,103.5,112.75,126135
HAVELLS,20110620,428.25,431.5,402.6,410.1,258594
HBLPOWER,20110620,19.05,19.05,16.75,17.3,84010
HBSTOCK,20110620,13.05,13.6,13.05,13.6,1679
HCC,20110620,32,32.35,28.25,29.15,6074617
HCIL,20110620,39.7,39.75,37.6,39.25,15978
HCL-INSYS,20110620,92.5,92.5,88.1,90.1,75479
HCLTECH,20110620,482,484,439.95,465.1,1286761
HDFC,20110620,640.8,641.95,625.1,630.05,4128299
HDFCBANK,20110620,2342.15,2361.45,2271.95,2299,781285
HDFCMFGETF,20110620,2229.7,2235,2221,2229.05,1952
HDIL,20110620,174,175,158.5,159.45,5893295
HEG,20110620,249,249,235.1,238.4,35751
HEIDELBERG,20110620,37.7,38.2,36.65,37,48490
HELIOSMATH,20110620,31.1,31.7,30,30.35,21270
HERCULES,20110620,235.45,240,230,230.85,14294
HERITGFOOD,20110620,186,190,181.1,185.85,2826
HEROHONDA,20110620,1726.55,1752.65,1726.55,1740.25,462979
HEXAWARE,20110620,69.4,69.8,62.6,66.45,752367
HFCL,20110620,18.4,18.4,15.5,16.25,7375957
HGSL,20110620,394,395,380,393.25,1417
HIKAL,20110620,309,309,294.05,296.9,940
HILTON,20110620,16.1,16.2,15.55,16,6691
HIMATSEIDE,20110620,34.5,34.5,32.55,33.5,113487
HINDALCO,20110620,170.65,170.7,161.7,168.6,6326296
HINDCOMPOS,20110620,475,480,465,471.15,229
HINDCOPPER,20110620,273,273.6,258.1,259.95,40505
HINDDORROL,20110620,58.4,58.4,52.6,52.9,105107
HINDMOTORS,20110620,17.2,17.45,15.75,16.15,269762
HINDNATGLS,20110620,198.2,198.2,192,192.35,240
HINDOILEXP,20110620,180.75,181.45,167.1,170.15,839129
HINDPETRO,20110620,384,385.05,360.3,374,684822
HINDUJAFO,20110620,75.25,76.5,75,76,825
HINDUJAVEN,20110620,242.9,279.95,242.9,272.95,11120
HINDUNILVR,20110620,320,324.7,313.8,322.55,4312687
HINDZINC,20110620,130.5,132,125.1,130.1,752336
HIRECT,20110620,46.2,49.9,45.5,46.2,24626
HITACHIHOM,20110620,204,204,191.05,195.1,29239
HITECHGEAR,20110620,105.1,105.95,104,104.5,1193
HITECHPLAS,20110620,92,92,90.1,90.15,1275
HMT,20110620,63.4,63.4,57.35,57.9,121322
HMVL,20110620,143.5,143.7,132.55,139.65,6394
HNGSNGBEES,20110620,1349.8,1395,1304,1374,24
HOCL,20110620,33.3,33.3,30.6,31.35,60218
HONAUT,20110620,2598,2598,2450.1,2468.5,468
HONDAPOWER,20110620,397.7,400,380,381.75,2867
HOTELEELA,20110620,37.75,37.9,35.3,35.7,309643
HOTELRUGBY,20110620,10.35,10.35,8.75,9.15,13918
HOVS,20110620,88.85,90.25,84.6,85.85,18916
HSIL,20110620,182.1,182.1,174.05,175.75,183755
HTMEDIA,20110620,165.5,165.5,160,161.95,6886
HYDRBADIND,20110620,384,390.7,363,371.75,14749
HYDROS&S,20110620,22.05,22.05,21.85,21.85,170
IBN18,20110620,81.3,89,79.5,80.45,10145
IBPOW,20110620,19.1,19.2,17.45,17.7,630628
IBREALEST,20110620,112,112.3,102.55,104.3,2759749
IBSEC,20110620,13.8,13.9,12.8,13.15,483727
ICICIBANK,20110620,1030.9,1041.8,1010,1024.85,3141587
ICIL,20110620,11.7,11.9,11.25,11.35,1515
ICRA,20110620,1046.05,1060,1021,1045,1304
ICSA,20110620,111.1,111.15,106,107.2,59593
IDBI,20110620,129.45,129.75,121.5,126.2,1279157
IDEA,20110620,77.65,80.5,74.45,79.15,8564256
IDFC,20110620,120.5,121,111.15,118,14964286
IFBAGRO,20110620,84,84,74,74.55,8177
IFBIND,20110620,122.35,122.35,112.5,114.1,15147
IFCI,20110620,47.5,47.85,42.6,44.1,11865544
IFGLREFRAC,20110620,33.9,33.9,31.55,32,3849
IGARASHI,20110620,50.25,50.25,47.3,49.45,546
IGL,20110620,369.85,372.65,346.55,360.4,409991
IGPL,20110620,27,27,26.3,27,430
IL&FSENGG,20110620,155.5,155.5,146.6,148.75,17803
IL&FSTRANS,20110620,198.3,204,198.3,201.05,85892
IMPAL,20110620,678,678,675,675,105
IMPEXFERRO,20110620,10.05,10.4,9.9,10.25,700
INDBANK,20110620,11.1,11.15,10.5,10.55,23975
INDHOTEL,20110620,78.8,78.8,72.2,73.35,1758125
INDIABULLS,20110620,154.95,155,139.85,143.45,634202
INDIACEM,20110620,80.15,82.85,75.65,77.5,660965
INDIAGLYCO,20110620,113,113,106.25,108.4,49861
INDIAINFO,20110620,82.7,83,79.55,81.7,1106495
INDIANB,20110620,221.5,226,214.1,220,422456
INDIANHUME,20110620,126.1,131,126.1,127.45,1758
INDLMETER,20110620,98,98,88.25,90.2,4845
INDNIPPON,20110620,257,257,251,254,1804
INDOASIFU,20110620,82.2,82.2,77.75,79.65,17353
INDOCO,20110620,440,440,415.05,417.4,1824
INDORAMA,20110620,44,44,39.25,39.55,42872
INDOSOLAR,20110620,15.25,15.25,14.4,14.9,235142
INDOTECH,20110620,135.9,136.5,128.2,131.05,7619
INDOWIND,20110620,21,21.1,19,19.1,125783
INDRAMEDCO,20110620,36,36,35.3,35.45,43161
INDSWFTLAB,20110620,96.5,97.35,92.5,93.1,49568
INDSWFTLTD,20110620,31.5,31.5,29.55,29.9,28126
INDUSFILA,20110620,21.75,21.75,20.85,21.45,378
INDUSINDBK,20110620,254,256.8,241.5,251.25,526087
INEABS,20110620,654.8,654.8,601,610.8,8138
INFINITE,20110620,131.05,132.8,124.7,127.45,46024
INFODRIVE,20110620,14.4,14.4,13.2,13.7,1598
INFOMEDIA,20110620,18.8,18.8,18,18,4666
INFOSYSTCH,20110620,2768.3,2779.75,2652.5,2709.55,1557269
INFOTECENT,20110620,135.15,138,131.5,136.4,44667
INFRABEES,20110620,296,296.75,294.5,295.5,121
INGERRAND,20110620,467.7,474.9,460,463.15,4014
INGVYSYABK,20110620,328.55,329.7,298.25,321.25,56271
INNOIND,20110620,93.9,93.9,86.15,87.5,22981
INOXLEISUR,20110620,44.1,44.4,41.6,41.8,119025
INSECTICID,20110620,337,338.7,321.25,327.75,53336
IOB,20110620,150.25,150.3,143.55,144.35,288760
IOC,20110620,335.35,336.9,316,325.75,502871
IOLCP,20110620,35,36.9,30,33.8,1410
IOLN,20110620,6.75,7,6.45,6.45,7626
IPCALAB,20110620,340,342.75,331.3,337.2,18920
IPGETF,20110620,2244,2249,2223.8,2232.15,242
IRB,20110620,164.1,165.15,153.15,161.5,1304645
ISFT,20110620,61.5,64,60,63,2954
ISMTLTD,20110620,40.95,40.95,38.55,39.4,52030
ISPATIND,20110620,20.25,20.7,18.35,19.2,3911079
ITC,20110620,192.9,192.9,184.3,186.45,8151059
ITDCEM,20110620,155.35,158.95,155,155.35,850
ITI,20110620,32.2,32.2,30,30.1,165398
IVC,20110620,34.5,34.5,32.8,33.15,21316
IVP,20110620,43,43,42.55,42.55,610
IVRCLAH,20110620,48,49.35,48,48.65,38410
IVRCLINFRA,20110620,72,72.15,65.1,67.4,4538822
J&KBANK,20110620,840,855,825.35,845.95,53809
JAGRAN,20110620,121.5,121.95,119,120.9,35495
JAGSNPHARM,20110620,17.5,17.5,13.8,14,3146
JAIBALAJI,20110620,186,186.75,166.1,171.35,45083
JAICORPLTD,20110620,124,125.3,103.8,115.5,759892
JAINSTUDIO,20110620,10.8,10.8,10.5,10.55,80
JAMNAAUTO,20110620,125.15,129.9,125,125,2118
JAYAGROGN,20110620,80.6,82,80,80.3,3611
JAYBARMARU,20110620,77,79,75.2,75.85,2365
JAYNECOIND,20110620,21.65,21.85,20.1,20.65,105241
JAYSREETEA,20110620,164.35,164.35,152,157.3,28588
JBCHEPHARM,20110620,127.9,128.45,123,125.1,160677
JBFIND,20110620,161.75,161.8,156.05,157.3,52878
JCTEL,20110620,1.15,1.2,1.05,1.15,54748
JENSONICOL,20110620,5,5.15,4.4,4.6,71691
JETAIRWAYS,20110620,449,451.9,405.55,423.45,553866
JHS,20110620,57.9,58.45,52,52.65,91067
JIKIND,20110620,7.6,7.85,7.45,7.7,3248
JINDALPHOT,20110620,169.3,173.75,157.55,158.5,224124
JINDALPOLY,20110620,328.05,329.95,300,308.25,188540
JINDALSAW,20110620,156.75,160,145.9,146.85,396807
JINDALSTEL,20110620,632.65,635.95,610.8,620.05,846407
JINDALSWHL,20110620,985,989.65,905,914.1,45470
JINDCOT,20110620,105.5,106.4,100,102.1,132026
JINDRILL,20110620,445.1,449,440,447.3,10767
JINDWORLD,20110620,205.95,208.8,185,188.95,22573
JISLJALEQS,20110620,144.15,144.15,128.5,136,4396653
JKCEMENT,20110620,106,113.15,103,109.65,122872
JKIL,20110620,134.25,134.25,126.05,131.25,9019
JKLAKSHMI,20110620,44.1,44.6,43,43.65,31820
JKPAPER,20110620,46.7,47.3,45.5,45.75,56582
JKTYRE,20110620,97,97.3,92,93.8,27288
JMCPROJECT,20110620,145.4,147.95,140.15,142.25,4426
JMFINANCIL,20110620,23.55,23.55,21.4,21.95,572924
JMTAUTOLTD,20110620,69.3,70.2,66.3,68.85,500
JOCIL,20110620,263,263,255.05,258,1109
JPASSOCIAT,20110620,81.5,81.8,77.2,79,9331602
JPINFRATEC,20110620,51,51.5,47,49.95,277555
JPPOWER,20110620,48.1,48.5,42.2,44.4,735585
JSL,20110620,101.7,102,95,99.05,249634
JSWENERGY,20110620,68.6,69.05,65.15,66.6,427484
JSWSTEEL,20110620,870,870.05,825,843.4,616388
JUBILANT,20110620,162,162.3,157.1,159.65,39721
JUBLFOOD,20110620,807.5,815,768.5,787.7,577357
JUBLINDS,20110620,164,174.4,156.7,159.6,9464
JUMBO,20110620,19,19,18.2,18.35,6290
JUNIORBEES,20110620,111,111.2,108.03,109.08,91756
JUPITER,20110620,21.8,22.15,20,20.1,439634
JVLAGRO,20110620,22.3,22.5,21.7,21.7,151115
JYOTHYLAB,20110620,219,224.9,206.2,210.55,153072
JYOTISTRUC,20110620,89.4,90.9,75,84.6,210398
KABRAEXTRU,20110620,53.75,53.85,51.8,52.15,13005
KAJARIACER,20110620,90.05,90.7,87.05,87.4,57361
KAKATCEM,20110620,68.85,70.45,68,68.6,273
KALECONSUL,20110620,80.4,80.5,73.65,74.9,5025
KALINDEE,20110620,106,106,100.6,102,126859
KALPATPOWR,20110620,126.8,127,124.2,125.05,117078
KAMATHOTEL,20110620,96,96,89.7,90.75,10464
KANDAGIRI,20110620,96,97,84,90,454
KANORICHEM,20110620,50,50,47.6,48.85,66837
KANSAINER,20110620,880.05,893,880.05,886.95,3436
KARURKCP,20110620,37,37,37,37,1
KARURVYSYA,20110620,404,404.9,395,396.9,37630
KAUSHALYA,20110620,9.75,10.1,9.1,9.5,13690
KAVVERITEL,20110620,149.15,154.7,135,144.85,108001
KBIL,20110620,535,549.95,520,545,639
KCP,20110620,25.1,25.35,24.5,25.1,34422
KCPSUGIND,20110620,15.1,15.4,15,15.1,126921
KEC,20110620,80.1,80.55,77.1,79,83899
KECL,20110620,43,45.35,42,42.7,2152
KEI,20110620,22.2,22.2,20.8,21.15,60714
KEMROCK,20110620,519.05,522.9,515,516.25,18598
KERNEX,20110620,95.1,96.45,87.05,93,24996
KESARENT,20110620,46,46,45.9,45.9,415
KESORAMIND,20110620,176.95,176.95,168.2,172.95,30709
KFA,20110620,39.95,39.95,35.2,36.75,2757992
KGL,20110620,12.4,12.4,11,11.7,1216482
KHAITANELE,20110620,110,110.4,105,109,320
KHAITANLTD,20110620,26.85,28.85,26.8,28.55,92
KHANDSE,20110620,20.7,20.7,17,18,3470
KICL,20110620,723.9,723.9,640,649.35,753
KIL,20110620,17.6,18.65,16.05,16.85,28340
KILITCH,20110620,52.2,53.85,50,51,2074
KINETICMOT,20110620,20.25,20.25,18.5,18.75,21269
KIRIINDUS,20110620,236,239.2,215,224.2,20519
KIRLOSBROS,20110620,148,169.45,146,160.35,114817
KIRLOSENG,20110620,122,123.9,115.95,122.7,3339
KIRLOSIND,20110620,289,289,285,286.2,304
KITPLYIND,20110620,4.05,4.05,3.6,3.7,8119
KKCL,20110620,620.2,620.2,607,612,2313
KLGSYSTEL,20110620,62.5,62.8,52.1,55.4,1101032
KMSUGAR,20110620,3.35,3.35,3.25,3.3,4080
KNRCON,20110620,123.55,123.55,115,121.55,19999
KOHINOOR,20110620,49.65,50,46.6,47.7,45498
KOLTEPATIL,20110620,49,49.4,44,44.8,73420
KOPRAN,20110620,22.75,23.25,21.05,21.1,46689
KOTAKBANK,20110620,439,446,429.3,433.25,1144407
KOTAKGOLD,20110620,2172.05,2189.2,2170.25,2182.15,12643
KOTAKNIFTY,20110620,546,548,535,540.57,433
KOTAKPSUBK,20110620,396,398,388.1,390.06,386
KOTARISUG,20110620,6,6.1,5.9,6,118103
KOTHARIPET,20110620,7.5,7.5,7.35,7.4,2110
KOTHARIPRO,20110620,430,430,417.6,419,669
KOUTONS,20110620,29.1,29.3,26,26.7,143298
KPIT,20110620,170,170.5,164,165.15,454745
KPRMILL,20110620,125,127.1,119,120.15,5631
KRBL,20110620,26.55,26.9,23,25.2,655464
KRISHNAENG,20110620,3.8,3.8,3.8,3.8,4798
KSBPUMPS,20110620,235,238.4,233,233.7,1605
KSCL,20110620,395,395,362.25,374.05,13582
KSE,20110620,205,205,196.5,197.1,740
KSERASERA,20110620,11.15,11.2,11,11,1228250
KSK,20110620,115.5,116,113.55,114.35,131515
KSL,20110620,76.8,76.8,71,72.25,36339
KSOILS,20110620,24,24.3,16.5,18.95,22116999
KTIL,20110620,74.5,74.5,74.5,74.5,30
KTKBANK,20110620,126.35,126.4,115.05,120.95,1242373
KWALITY,20110620,119.15,123.45,118.55,123.05,1094314
LAKPRE,20110620,47.45,47.6,46.1,46.8,1336
LAKSHMIEFL,20110620,40.55,41.1,39,39.1,58229
LAKSHMIMIL,20110620,1782,1782,1775,1775.85,26
LAKSHVILAS,20110620,118.95,118.95,111,116.35,165756
LANCOIN,20110620,38.55,38.55,35,35.55,18498
LAOPALA,20110620,78.6,80,73,74.85,8967
LAXMIMACH,20110620,2140,2140,2035,2081.3,3905
LCCINFOTEC,20110620,0.75,0.75,0.65,0.65,118321
LGBBROSLTD,20110620,262.3,272,262.3,264.3,3550
LGBFORGE,20110620,3.15,3.15,2.7,3,47226
LIBERTSHOE,20110620,99.45,99.45,85.1,90.75,60618
LICHSGFIN,20110620,230,231,213,217.75,3519416
LIQUIDBEES,20110620,999.99,1000.01,999.99,1000,177635
LITL,20110620,30,30.2,25.15,27.7,17647468
LLOYDELENG,20110620,53.1,54.65,46.55,50.1,27106
LLOYDFIN,20110620,1.35,1.35,1.35,1.35,9
LLOYDSTEEL,20110620,17,17,15.5,16.05,1309324
LML,20110620,9.25,9.35,7.35,8.9,343642
LOGIXMICRO,20110620,19,19,18,18,5141
LOKESHMACH,20110620,42,42.05,40.8,40.95,3913
LOTUSEYE,20110620,11.75,11.75,10.8,10.95,9408
LOVABLE,20110620,429,442.3,395.25,402.1,4003138
LPDC,20110620,2.9,3,2.85,2.9,4220
LT,20110620,1678,1697.6,1644.65,1660.8,1268766
LUMAXAUTO,20110620,38,38,38,38,26
LUMAXIND,20110620,341.5,343.95,317,333.15,3572
LUMAXTECH,20110620,165.25,170.65,164.8,167,9836
LUPIN,20110620,442.3,445.7,419.95,431.35,770377
LYKALABS,20110620,19.85,20.15,18.95,19,23189
M&M,20110620,647,647,616.7,633.25,2271553
M&MFIN,20110620,615.15,624.9,593.75,614.65,51735
M100,20110620,8,8,7.65,7.69,209043
M50,20110620,72.5,72.5,68,71.12,15564
MAANALU,20110620,59,60.75,59,59,142
MADHAV,20110620,16,19.5,16,17.2,8013
MADHUCON,20110620,86.05,86.95,78.1,84.9,17153
MADRASCEM,20110620,85.5,85.9,82,82.55,24489
MADRASFERT,20110620,26.85,26.85,23.25,25.75,212382
MAGMA,20110620,69,72.4,67.7,69.25,44374
MAGNUM,20110620,5.75,5.9,5.25,5.35,19441
MAHABANK,20110620,56,56.35,52.45,54.6,126491
MAHINDFORG,20110620,69.95,71.9,64.1,66.75,14010
MAHINDUGIN,20110620,48,48.3,46,46.9,4600
MAHLIFE,20110620,350,351.7,336.2,339.8,5416
MAHSCOOTER,20110620,352.95,353,330.25,338.15,333
MAHSEAMLES,20110620,342.05,369,342.05,366.75,20972
MALUPAPER,20110620,12.15,13.1,12,12.8,9497
MALWACOTT,20110620,44.9,44.9,39.4,40.15,2874
MANAKSIA,20110620,72.7,78,67.6,68.45,19275
MANALIPETC,20110620,13.6,13.75,12.85,13,194411
MANAPPURAM,20110620,57.85,57.85,55.4,56.9,349207
MANDHANA,20110620,189.1,189.1,180,180.85,14216
MANGALAM,20110620,12.6,12.8,12.35,12.35,1934
MANGCHEFER,20110620,31.15,31.2,29.6,29.7,153462
MANGLMCEM,20110620,112.5,113,107,107.7,15730
MANGTIMBER,20110620,17.25,18.4,16.25,17.35,7496
MANINDS,20110620,151.5,156.8,139.2,141.15,396213
MANINFRA,20110620,123.1,124.45,112.2,114.2,22584
MANJEERA,20110620,109.4,109.4,94.05,98.35,574
MANJUSHREE,20110620,75.35,77.5,70.8,73.25,3805
MANUGRAPH,20110620,49.95,50.85,48.2,50.4,16005
MARALOVER,20110620,13.7,14.05,13.25,13.3,15563
MARG,20110620,96.6,96.95,85.5,88.05,96572
MARICO,20110620,146.95,146.95,139.4,140.8,86530
MARKSANS,20110620,2.35,2.35,2.2,2.2,281375
MARUTI,20110620,1177,1177,1130.05,1160.75,523585
MASTEK,20110620,110,111.45,101.4,104.95,121027
MAWANASUG,20110620,23,23.6,23,23.25,5359
MAX,20110620,179.5,179.9,168,170.15,288310
MAXWELL,20110620,19.3,19.3,18.05,18.1,77380
MBECL,20110620,171,171,156,159.85,19011
MBLINFRA,20110620,139.4,142,135,137.55,27826
MCDHOLDING,20110620,91.05,91.05,83.05,84.7,19781
MCDOWELL-N,20110620,956.95,956.95,910,942.3,468724
MCLEODRUSS,20110620,263,265,241.3,260,241742
MEGASOFT,20110620,23.05,24.75,22.6,23.4,12588
MEGH,20110620,11.9,11.9,11.1,11.25,180969
MELSTAR,20110620,8.8,8.8,7.8,8.75,152
MERCK,20110620,604.4,614.9,592,596.6,3040
MHRIL,20110620,356.4,356.6,343.05,346.8,4841
MIC,20110620,15.45,15.8,12.9,13.75,1593481
MICROSEC,20110620,39.3,40.4,38,38.25,18826
MICROTECH,20110620,129.85,130.5,123.1,125.3,12492
MINDAIND,20110620,246.35,257,235.3,242.35,1594
MINDTREE,20110620,357.8,359,352,355.15,46935
MIRCELECTR,20110620,26.2,27.5,24.5,25.75,95536
MIRZAINT,20110620,22.6,22.65,21.2,22,203994
MLL,20110620,39.5,39.9,36.15,36.9,1130137
MMFL,20110620,111,115.9,101.5,110.3,3270
MMFSL,20110620,81.3,81.3,78,81.3,287713
MMTC,20110620,917,920,875.35,887.65,14895
MOIL,20110620,342.9,343.5,332,332.8,105430
MONNETISPA,20110620,485,501,480.05,480.9,8626
MONSANTO,20110620,1716,1724,1660,1668.4,2503
MORARJETEX,20110620,14,15.95,14,15.15,2139
MOREPENLAB,20110620,4.7,4.7,4.5,4.5,287077
MOSERBAER,20110620,40.3,40.4,35.2,37.45,657696
MOTHERSUMI,20110620,220.9,220.9,209.05,210.4,54830
MOTILALOFS,20110620,97.1,102,97.1,98.35,10204
MOTOGENFIN,20110620,44.15,45,44,45,3413
MPHASIS,20110620,447,447,419,425.15,256786
MPSLTD,20110620,32.4,34.5,32.2,34.5,490
MRF,20110620,6777.75,6790,6515,6597.3,4986
MRO-TEK,20110620,16.4,16.4,15.7,15.7,8447
MRPL,20110620,77.5,77.9,71,72.7,719343
MSPL,20110620,47.5,47.6,42.5,44.65,55934
MTNL,20110620,44.25,44.4,42.5,43,500651
MUDRA,20110620,54.6,54.6,53.7,53.8,29986
MUKANDENGG,20110620,30.4,30.9,29.55,29.75,3621
MUKANDLTD,20110620,43.6,44,42.65,42.75,6038
MUKTAARTS,20110620,36.3,36.95,30.3,35.4,1172
MUNDRAPORT,20110620,149.8,150,141.4,147.15,1207293
MUNJALAU,20110620,130.75,136.5,126.4,126.8,2411
MUNJALSHOW,20110620,59.1,62,56.25,58.7,22528
MURLIIND,20110620,25,27,25,25.5,5036
MURUDCERA,20110620,17.75,19.6,17.25,17.3,9473
MUTHOOTFIN,20110620,158.55,159,153.95,154.25,302130
MVL,20110620,26.45,26.9,25.5,26.05,444121
MVLIND,20110620,15.15,16.25,15.15,15.9,2804
MYSOREBANK,20110620,609,610.1,600,602,2772
N100,20110620,99,100,98.05,99.85,193
NAGARFERT,20110620,32,32.1,30.75,31.3,1668747
NAGREEKEXP,20110620,24.6,24.6,22.45,22.65,2757
NAHARCAP,20110620,62.55,63.9,55.2,61,1796
NAHARINDUS,20110620,59.8,59.8,52.25,53.45,1421
NAHARPOLY,20110620,28.25,29.5,28,28.75,1710
NAHARSPING,20110620,84.1,84.7,80.05,80.45,10149
NANDAN,20110620,2.6,2.65,2.6,2.6,446110
NATCOPHARM,20110620,268.75,268.75,255,259.8,17375
NATIONALUM,20110620,87,87.7,84,84.2,255666
NATNLSTEEL,20110620,19,19.5,18,18.15,30437
NAUKRI,20110620,724.55,739,691,717.6,7615
NAVINFLUOR,20110620,286.1,288.15,269.05,282.4,15415
NAVNETPUBL,20110620,63.5,63.5,59,62.4,202477
NBVENTURES,20110620,202.1,207.8,195,198.85,28048
NCC,20110620,83,83.05,77.4,79.95,644294
NCLIND,20110620,37,37,35,35.65,50574
NDTV,20110620,63.45,64.05,59,61,113598
NECLIFE,20110620,25,25,24.25,24.5,55077
NEHAINT,20110620,183.75,183.8,174.4,174.4,10609
NELCAST,20110620,103.5,104.6,90.1,95.25,52948
NELCO,20110620,72.25,72.9,68.1,68.75,34426
NEOCURE,20110620,2.7,2.75,2.5,2.7,32540
NEPCMICON,20110620,4.3,4.4,4.25,4.3,22770
NESCO,20110620,609.4,629,552.25,565.05,225583
NESTLEIND,20110620,3925.05,3950,3875,3893.85,8699
NET4,20110620,137.45,137.5,127,128.55,15351
NETWORK18,20110620,146,146,141.55,144.95,24113
NEULANDLAB,20110620,126,126,121.5,123,136
NEXTMEDIA,20110620,5.75,6,4.6,5.35,24844
NEYVELILIG,20110620,100.85,100.85,96.05,97,162724
NFL,20110620,98.65,98.65,90.55,92.7,91528
NHPC,20110620,24.1,24.2,23,23.75,3069197
NICCO,20110620,3.3,3.3,3.3,3.3,1201
NIFTYBEES,20110620,548.85,548.85,532.1,537.23,249660
NIITLTD,20110620,57,57.6,54.1,56.4,210229
NIITTECH,20110620,187.05,188.75,181.9,182.95,147934
NILKAMAL,20110620,265.5,265.5,251,255.45,3779
NIPPOBATRY,20110620,429.5,439.3,421.05,433.2,122
NISSAN,20110620,2.6,2.6,2.4,2.45,273355
NITCO,20110620,58,58.4,56,56.4,19243
NITESHEST,20110620,23.5,23.8,23,23.25,62618
NITINFIRE,20110620,100.25,100.3,85.4,90.45,253508
NITINSPIN,20110620,9.1,9.25,8.85,8.9,18113
NMDC,20110620,256.8,256.8,248.65,249.9,87506
NOCIL,20110620,17.35,17.35,15.75,16.25,362717
NOIDATOLL,20110620,26.5,26.5,25.4,25.5,300288
NOL,20110620,48.55,48.55,48.55,48.55,13
NORBTEAEXP,20110620,6.8,7,6,6.5,3802
NORTHGATE,20110620,13.5,13.5,12.25,12.25,18957
NOVOPANIND,20110620,41,41,41,41,268
NRBBEARING,20110620,49.2,49.2,47,47.6,10516
NRC,20110620,6,6.5,5.65,5.95,6416
NSIL,20110620,743,755,740,741.15,182
NTPC,20110620,179,180.55,172.7,174.65,1940926
NUCHEM,20110620,4.7,4.8,4.2,4.45,23594
NUCLEUS,20110620,86,86,80,81.15,16748
NUMERICPW,20110620,224,226.3,218,219.7,3298
NUTEK,20110620,4.8,4.8,4.25,4.35,877628
OBEROIRLTY,20110620,228,242,227.9,236.25,63006
OCL,20110620,102.25,113,101.75,105.1,11446
OFSS,20110620,2201.15,2219,2067.1,2164.25,57124
OIL,20110620,1270,1289,1248,1253.15,38679
OILCOUNTUB,20110620,69.8,70.05,67,68.7,4204
OISL,20110620,42.5,43.8,41.3,41.65,6293
OMAXAUTO,20110620,41.55,42.55,39.3,40.4,7391
OMAXE,20110620,125,125.6,120.1,121.95,56708
OMKARCHEM,20110620,59,59.4,53.1,54,38156
OMMETALS,20110620,37.1,38,35.05,35.9,12659
OMNITECH,20110620,148,148.6,137.15,142.2,12754
ONGC,20110620,263,269.3,255.45,256.2,3437979
ONMOBILE,20110620,109.7,109.7,100.05,105,528459
ONWARDTEC,20110620,36.7,37.6,33.5,34.35,26834
OPTOCIRCUI,20110620,281.9,289.7,270.5,285.45,419649
ORBITCORP,20110620,43,43.15,38.6,40.15,449844
ORCHIDCHEM,20110620,276,276.5,252.55,260.2,911000
ORIENTABRA,20110620,31.7,32.95,29.7,30,126461
ORIENTBANK,20110620,322.9,322.9,312,313.05,228126
ORIENTCERA,20110620,52,53.5,49.5,50.1,2831
ORIENTHOT,20110620,30,30.45,28.95,29.1,11510
ORIENTLTD,20110620,88.15,89.2,85,85,626
ORIENTPPR,20110620,57.2,58.2,56.15,58,37956
ORISSAMINE,20110620,48799.65,48799.65,45200,45943.6,870
OSWALMIN,20110620,56,56,56,56,877
OUDHSUG,20110620,28.35,28.4,26.6,26.95,8096
PAEL,20110620,27.35,28.1,26.35,26.35,1136
PAGEIND,20110620,1781,1781,1710,1730.65,1985
PANACEABIO,20110620,170,172,162.3,164.3,8898
PANASONIC,20110620,116,118.5,113.2,116.8,641
PANCARBON,20110620,151.1,151.1,148.25,148.5,361
PANORAMUNI,20110620,14.25,14.7,14,14.2,3748
PANTALOONR,20110620,293.5,296,267.85,281.3,495640
PAPERPROD,20110620,75,75.1,71,71.6,53579
PARABDRUGS,20110620,41.1,41.2,38.35,39.35,25313
PARACABLES,20110620,3.8,3.9,3.6,3.65,38498
PARAL,20110620,299,299,246,258.75,17210
PARAPRINT,20110620,23,24,21,22.75,1286926
PARASPETRO,20110620,0.55,0.6,0.55,0.55,73611
PAREKHPLAT,20110620,4.65,4.9,4.5,4.75,1039
PARRYSUGAR,20110620,105.5,108.75,100.2,100.2,41
PARSVNATH,20110620,44.5,44.6,42.5,43.05,329317
PATELENG,20110620,154.55,155.5,142,143.75,841298
PATINTLOG,20110620,26,27.7,24,24.75,15885
PATNI,20110620,336,346,323.75,329.25,225083
PATSPINLTD,20110620,17.05,19.1,17.05,17.3,17092
PBAINFRA,20110620,64.5,65,59,59.6,24763
PDPL,20110620,104.1,104.1,98.6,99.85,8264
PDUMJEIND,20110620,19.5,19.55,19.5,19.55,209
PDUMJEPULP,20110620,22,22,19.15,20.2,2558
PEACOCKIND,20110620,2.7,2.8,2.7,2.8,4339
PEARLPOLY,20110620,23.85,25.35,23.05,23.1,11225
PENIND,20110620,38.45,39.75,37.55,38.3,60930
PENINLAND,20110620,54.95,61.8,50.05,50.7,79747
PEPL,20110620,3.15,3.15,3,3,2627
PERIATEA,20110620,170,170,170,170,47
PERSISTENT,20110620,363,363,337,339,17153
PETRONENGG,20110620,360,367.9,330.25,357.55,5537
PETRONET,20110620,140,142.4,134.3,140.1,3025185
PFC,20110620,182.75,184,175.25,176,6124078
PFIZER,20110620,1365,1377,1354,1375.05,10788
PFOCUS,20110620,58,58.4,48.3,51.65,503852
PFS,20110620,17.45,17.55,16.85,16.95,246599
PGHH,20110620,1955,1957.2,1882,1915.05,562
PHILIPCARB,20110620,138.25,143.25,132.8,134.4,17088
PHOENIXLTD,20110620,196,196,187.05,191.25,16477
PIDILITIND,20110620,153,164.9,153,157,142100
PIIND,20110620,702.95,720,702,712.55,536
PIONDIST,20110620,46.45,47,46,46.5,2078
PIONEEREMB,20110620,17.6,17.75,17,17.65,12841
PIPAVAVYD,20110620,77.55,78.1,72.35,76.85,1762463
PIRGLASS,20110620,128.3,132,120,122.25,19055
PIRHEALTH,20110620,369.05,369.7,351.05,358.85,103215
PIRLIFE,20110620,86.55,87.8,78.2,84.25,11612
PITTILAM,20110620,37.2,40.85,37,37.2,1196
PLASTIBLEN,20110620,213.95,214,201.55,203.75,2239
PLETHICO,20110620,353,353,349,349.75,42825
PNB,20110620,1050,1062,1040,1050.35,193778
PNBGILTS,20110620,24.5,25.05,23.95,24.1,69399
PNC,20110620,15.6,15.6,14,14.5,3442
POCHIRAJU,20110620,16.45,16.7,16,16.2,20784
POLARIND,20110620,4.35,4.35,4,4,1000
POLARIS,20110620,179.95,180,155,164.25,908282
POLYPLEX,20110620,182.05,183.05,168.55,177.25,150917
PONDYOXIDE,20110620,30.5,31.4,30.1,30.8,15316
PONNIERODE,20110620,92.7,92.7,91,92.4,109
POWERGRID,20110620,102.05,103.7,99.05,101.95,3484387
PPAP,20110620,98.5,100,96.5,96.75,2953
PRADIP,20110620,83.65,84,81.6,82.45,2863
PRAENG,20110620,11.4,11.6,10.95,10.95,38889
PRAJIND,20110620,73.55,73.7,68.2,70.15,402052
PRAKASH,20110620,67.5,67.6,64,64.3,183577
PRAKASHSTL,20110620,151,153,148,148,4478
PRATIBHA,20110620,54.35,54.75,51.2,52.25,46466
PRECOT,20110620,155,156.9,141.2,144.35,3081
PRECWIRE,20110620,117.6,121.5,115,119.8,7850
PREMIER,20110620,86.9,86.9,80.6,83.65,30170
PRESTIGE,20110620,130.7,132,118.2,123.15,51228
PRETAILDVR,20110620,182,186.8,171,180,5457
PRICOL,20110620,21.3,21.3,20.1,20.3,49535
PRIMESECU,20110620,23.4,23.45,22.95,23.1,7156
PRISMCEM,20110620,45,46.2,44.15,45,178912
PRITHVI,20110620,28.6,29.9,28.15,28.5,16261
PROVOGUE,20110620,36.75,37.3,34.1,34.85,331958
PSB,20110620,102.1,102.95,98,100,197733
PSL,20110620,72,72.45,68.55,68.85,127826
PSUBNKBEES,20110620,380.55,383.99,377.5,381.27,368
PTC,20110620,76.8,77.9,68,72.35,1153297
PTL,20110620,27.5,27.95,26.6,27.5,100
PUNJABCHEM,20110620,78.55,80,76.9,78.45,959
PUNJLLOYD,20110620,68,69.75,63.1,64.9,7302699
PURVA,20110620,93.1,93.8,86.3,89.65,12267
PVP,20110620,8.9,9.5,8.45,8.6,114605
PVR,20110620,105.7,105.9,95.7,100.95,154629
QGOLDHALF,20110620,1094.7,1094.7,1081.25,1086.2,450
QNIFTY,20110620,540,542,530.06,533,147
QUINTEGRA,20110620,3.75,3.75,3.7,3.75,16929
RADAAN,20110620,2.45,2.45,2.3,2.3,16340
RADICO,20110620,128.05,130,127.4,129.25,182686
RAINBOWPAP,20110620,63.2,63.2,61.8,62,13649
RAINCOM,20110620,34.2,34.85,31.8,33.9,319844
RAJESHEXPO,20110620,92,93.85,88.5,90.05,174001
RAJOIL,20110620,33.55,34,31.5,32.2,51739
RAJPALAYAM,20110620,599.8,605,570,577.75,1676
RAJRAYON,20110620,11.15,12,11.15,11.85,705
RAJSREESUG,20110620,45.85,46.7,44,44.45,8139
RAJTV,20110620,52,52.6,48.55,49.9,39160
RAJVIR,20110620,159,171.9,159,169.9,928
RALLIS,20110620,1532.95,1535,1483.15,1506.4,59848
RAMANEWS,20110620,16.05,16.2,15.55,15.55,7296
RAMCOIND,20110620,43.2,43.2,40.05,41,62872
RAMCOSYS,20110620,98.65,98.65,93,95.8,6587
RAMKY,20110620,284,284,255.55,263.5,6456
RAMSARUP,20110620,16.9,17.1,16.15,16.25,32988
RANASUG,20110620,5.3,5.4,5.1,5.15,211719
RANBAXY,20110620,535.15,541.5,517.15,526.1,816229
RANEENGINE,20110620,225,225,215.05,219.5,20
RANEHOLDIN,20110620,230,235.2,224.3,231.45,3949
RANKLIN,20110620,15.4,16.4,15.4,15.4,22701
RATNAMANI,20110620,108.2,110,104.6,106.55,2205
RAYMOND,20110620,371.35,379.5,339,357.95,636812
RBL,20110620,115.2,115.2,112,112,340
RBN,20110620,73.1,75.5,66.15,72.8,154966
RCF,20110620,78.9,78.9,73.6,74.95,396188
RCOM,20110620,92.7,93.4,86.25,87.65,9295234
RECLTD,20110620,190,192,181.2,186.05,2317059
REDINGTON,20110620,86.6,89.4,82.5,84.2,363704
REFEX,20110620,34.4,34.4,32.1,32.1,14259
REIAGROLTD,20110620,25.5,26.5,24.7,25.4,699360
REISIXTEN,20110620,36.9,37.8,31,35.25,8469
RELAXO,20110620,272,272,262.05,262.3,504
RELBANK,20110620,1013,1029.4,1009,1029.4,17
RELCAPITAL,20110620,544,544.45,516.95,520.9,860739
RELGOLD,20110620,2120,2136,2113.55,2130.25,4714
RELGRNIFTY,20110620,525,530,510,527.71,131
RELIANCE,20110620,875,875,828.1,833.25,6926078
RELIGARE,20110620,465,466.5,460,460.2,18272
RELIGAREGO,20110620,2217.55,2238.95,2216.25,2234.7,617
RELINFRA,20110620,571.9,572.05,530.2,544.95,1487230
RELMEDIA,20110620,131,131,119.05,121.8,718878
RENUKA,20110620,63,63.45,59.1,59.85,6130323
REPRO,20110620,136,137,120.55,125.9,80708
RESURGERE,20110620,0.6,0.65,0.55,0.6,7844315
REVATHI,20110620,402.7,402.7,393,398.25,633
RICOAUTO,20110620,16.1,16.35,15.15,15.45,159464
RIIL,20110620,542,552,519,521.9,154728
RKDL,20110620,25.9,25.95,24.8,24.95,54348
RKFORGE,20110620,103.05,105.05,98.05,105,3116
RMCL,20110620,7.85,8.05,7.55,7.8,6995
RML,20110620,121.1,128,120.5,122.2,435
ROHITFERRO,20110620,36.15,36.5,34,35.2,91648
ROHLTD,20110620,62,62,61,61.15,4540
ROLTA,20110620,132,132.05,116.85,122.6,711619
ROMAN,20110620,28.25,28.25,27.65,28,2177
RPGLIFE,20110620,81.8,81.85,78.5,79.9,1777
RPOWER,20110620,115,115,109.8,110.25,2185963
RPPINFRA,20110620,74.8,75,70.4,72.15,49782
RSSOFTWARE,20110620,54.7,56.75,54.6,55.75,3492
RSWM,20110620,144.95,145.55,135,136.3,7500
RSYSTEMS,20110620,108.6,108.6,104,104.25,2434
RUBYMILLS,20110620,735.2,744.65,705,711.4,132
RUCHINFRA,20110620,20.7,20.7,18.05,19.05,46564
RUCHIRA,20110620,9.6,10.6,9.6,10.35,7300
RUCHISOYA,20110620,97,98,81.75,89.95,1023969
SABTN,20110620,56.55,57.5,55.1,56.35,1951
SADBHAV,20110620,135.1,138.95,131,131.7,30623
SAGCEM,20110620,132.05,148.6,132.05,142.7,195
SAHPETRO,20110620,37,37,32,34.6,67878
SAIL,20110620,137,137.45,132.1,133.4,2324209
SAKHTISUG,20110620,33.5,33.7,30,31.7,129286
SAKSOFT,20110620,53.15,54.3,53.15,53.25,1341
SAKUMA,20110620,15,15.2,14,14.7,3573
SALONACOT,20110620,21.05,21.05,21.05,21.05,3
SALORAINTL,20110620,28.05,28.05,28.05,28.05,500
SALSTEEL,20110620,7,7.1,6.6,6.6,24466
SAMBANDAM,20110620,87.8,94.95,86,87.7,325
SAMBHAAV,20110620,1.45,1.6,1.45,1.45,451
SANDESH,20110620,274,275.85,264,264,282
SANGAMIND,20110620,40.4,41,36.85,37.35,34415
SANGHIIND,20110620,18.5,19.5,17.95,19,9396
SANGHIPOLY,20110620,1.8,1.8,1.7,1.7,8825
SANGHVIFOR,20110620,60,60.75,53.8,55.05,165447
SANGHVIMOV,20110620,119,119,113.05,116,2150
SANWARIA,20110620,48.95,48.95,45.05,45.3,3285
SARDAEN,20110620,219.25,219.25,200.1,205.8,18920
SAREGAMA,20110620,71.8,72.75,63.15,66.05,86905
SARLAPOLY,20110620,108.05,113,108.05,109.5,300
SASKEN,20110620,143.5,144,125.55,128.5,99575
SATHAISPAT,20110620,47.85,47.85,45.55,46.05,13491
SATYAMCOMP,20110620,83.6,84.15,78.1,82.8,5932464
SAVERA,20110620,36.95,37.35,36.95,37,985
SBBJ,20110620,493,500.85,480.05,481.45,10511
SBIGETS,20110620,2210.8,2227,2210.8,2223.15,2869
SBIN,20110620,2220,2221.8,2120.05,2180.2,1548245
SBT,20110620,728,728,695.85,698.45,9863
SCI,20110620,103.95,103.95,97.15,99.75,293808
SEAMECLTD,20110620,91.5,91.95,88,88.95,2764
SEINVEST,20110620,11,11.1,9.95,10.5,416911
SELAN,20110620,321.65,328.95,307.05,310,25816
SELMCL,20110620,17.6,17.9,16.15,16.3,526673
SENTINEL,20110620,15.55,15.95,15.3,15.5,7290
SERVALL,20110620,9.15,9.2,8.25,8.35,210522
SESAGOA,20110620,273.05,274.7,261.1,265.15,1213065
SESHAPAPER,20110620,225.15,238.75,225.1,232.5,62
SGFL,20110620,6,6.1,5.75,6.1,3685
SGJHL,20110620,262,262,255.3,258.15,132361
SGL,20110620,4.6,4.6,4.05,4.35,7229
SHAHALLOYS,20110620,12.9,13,12.55,12.6,5470
SHANTIGEAR,20110620,41.55,41.95,40.1,40.3,68930
SHARIABEES,20110620,119,120.05,119,119.2,236
SHARRESLTD,20110620,51.35,54.95,51.35,51.7,332
SHASUNPHAR,20110620,76,76,72.45,73.45,23429
SHILPAMED,20110620,240,240,228,233.2,1339
SHILPI,20110620,16.85,17.1,16.15,16.15,72233
SHIV-VANI,20110620,243,243.7,225,227.15,26389
SHIVAMAUTO,20110620,109,112.4,107.35,112,1405
SHIVTEX,20110620,33.1,34,32,32.6,9045
SHLAKSHMI,20110620,85.1,86.7,78.7,79.2,18667
SHOPERSTOP,20110620,460.05,469,396,427.4,156187
SHPRE,20110620,6.5,6.5,6.3,6.4,3069
SHREEASHTA,20110620,5,5,4.65,4.7,6219758
SHREECEM,20110620,1720,1729,1675.1,1699.25,6068
SHREERAMA,20110620,5.9,5.9,5.6,5.75,12500
SHRENUJ,20110620,56.9,57.45,46.55,53.3,32692
SHREYANIND,20110620,20.5,20.5,19.45,20.5,1531
SHREYAS,20110620,30.6,31.8,30.6,31.8,961
SHRIRAMCIT,20110620,550,560.05,550,558,4035
SHRIRAMEPC,20110620,171,171,152.65,155.7,35831
SHYAMTEL,20110620,41.5,41.9,40,40,4591
SICAGEN,20110620,25.15,25.45,24,24.1,42448
SICAL,20110620,72.5,73.35,71.8,73.05,38161
SIEMENS,20110620,867,871.25,828.4,845.7,244478
SILINV,20110620,104.5,104.5,85.05,89.3,2408
SIMBHSUGAR,20110620,37,37,35.5,35.85,14893
SIMPLEX,20110620,102.15,102.15,95.1,97.65,1285
SIMPLEXINF,20110620,292,293.9,280.25,285.05,1656
SINTEX,20110620,176.2,179.65,155.05,171.7,982365
SIRPAPER,20110620,58.95,59.2,55.4,56.1,4989
SITASHREE,20110620,6.1,6.3,6.05,6.05,2046
SIYSIL,20110620,420,420,393,414.55,2635
SJVN,20110620,21.1,21.2,20.95,21.05,275625
SKFINDIA,20110620,633.75,636.95,610.25,621.55,19019
SKMEGGPROD,20110620,9,9.45,8.5,8.8,27230
SKSMICRO,20110620,414.4,420,381.05,397.1,589797
SKUMARSYNF,20110620,64.6,64.8,56.55,58.15,2527981
SMARTLINK,20110620,54,54.4,51,52.15,63926
SMLISUZU,20110620,351,356,350,354,30
SMPL,20110620,10.55,10.55,9.35,9.5,254194
SMSPHARMA,20110620,199,203.5,195,201.9,1921
SOBHA,20110620,252,256,238.1,245.2,268989
SOFTTECHGR,20110620,5,5,5,5,80
SOLARINDS,20110620,639.95,639.95,625,634.9,5945
SOMANYCERA,20110620,40.75,41.5,39.9,40.05,2220
SOMATEX,20110620,7.5,7.5,7.3,7.4,1227
SONASTEER,20110620,16.05,16.3,15.6,15.65,59552
SONATSOFTW,20110620,41.8,41.95,37,38.4,491100
SOTL,20110620,565,565,546.05,550.3,3766
SOUISPAT,20110620,9.35,9.35,8.75,8.75,290046
SOUTHBANK,20110620,25.25,25.45,24.4,24.95,4019362
SPANCO,20110620,139,139,127,131.9,3843
SPARC,20110620,92.3,92.95,85.1,88.3,171731
SPECTACLE,20110620,16.7,16.7,15.2,15.85,30929
SPENTEX,20110620,13,14.65,11.35,13.45,13865
SPIC,20110620,30.1,30.1,27.1,27.8,1880091
SPICEMOBIL,20110620,98.25,100,97,97.85,20431
SPLIL,20110620,4.3,4.3,3.95,4.2,106
SPMLINFRA,20110620,169.3,169.3,157.2,165.15,1359
SPYL,20110620,31.65,32.2,30.9,31,15652
SREINFRA,20110620,42.5,43.2,38.1,40.1,2155778
SRF,20110620,295,297.75,284.2,285.35,41800
SRGINFOTEC,20110620,0.6,0.65,0.6,0.6,23875
SRHHLINDST,20110620,3.75,3.95,3.75,3.95,110
SRHHYPOLTD,20110620,42.05,42.75,42.05,42.4,940
SRICHAMUND,20110620,40.5,40.5,38,38,2425
SRTRANSFIN,20110620,624.3,624.3,592.6,607.45,878909
SSWL,20110620,260.4,262,243.05,251.9,13975
STAR,20110620,352.05,352.55,320,337.4,121303
STARPAPER,20110620,23,23.9,23,23.05,2904
STCINDIA,20110620,218.15,219.6,201,207.15,71459
STER,20110620,158,159.3,150,152.6,4092507
STERLINBIO,20110620,96.75,96.75,92.1,93.05,201259
STERTOOLS,20110620,127.95,127.95,120.25,121.05,448
STRTECH,20110620,51.2,51.7,45.65,46.3,949534
SUBEX,20110620,62.75,62.85,55.1,56.95,1113955
SUDAR,20110620,109.7,109.9,100,103.6,39228
SUDARSCHEM,20110620,760,770,760,760,572
SUJANATOW,20110620,33.7,33.7,26.75,27.9,1998403
SUJANAUNI,20110620,5.7,5.9,5.45,5.55,80582
SUMEETINDS,20110620,37.5,37.75,35.25,35.6,373809
SUMMITSEC,20110620,87.2,87.2,82,82,1230
SUNCLAYTON,20110620,151.4,151.4,144,144.85,2078
SUNDARAM,20110620,42.9,43,42,42.25,198644
SUNDARMFIN,20110620,543.7,543.7,500,524.1,13557
SUNDRMBRAK,20110620,159.7,159.7,150.25,156.4,616
SUNDRMFAST,20110620,58.5,59.75,48,58.8,84602
SUNFLAG,20110620,25.35,25.45,24.65,24.75,78644
SUNILHITEC,20110620,123,125.45,115.5,116.65,18572
SUNPHARMA,20110620,484.1,492.7,471.85,476.75,1207266
SUNTECK,20110620,292.45,303.5,275,294.3,19549
SUNTV,20110620,344.65,351.85,315.2,343.45,4207755
SUPER,20110620,243,243,243,243,10
SUPERSPIN,20110620,8.2,8.75,8.2,8.5,7283
SUPPETRO,20110620,59.55,59.8,57.6,58.05,11762
SUPRAJIT,20110620,19.6,19.75,19.5,19.55,6801
SUPREMEIND,20110620,181.45,181.45,169,172,18475
SUPREMEINF,20110620,232,232,212.9,218.4,4930
SURAJDIAMN,20110620,48.8,48.8,38.7,44.4,115907
SURANACORP,20110620,92,97.85,92,92,706
SURANAIND,20110620,315,316,310,314.7,6570
SURANAT&P,20110620,15.5,15.5,15.05,15.25,19271
SURANAVEL,20110620,43.8,44,43,43.45,14661
SURYAJYOTI,20110620,33.2,33.9,31.8,32.05,22998
SURYALAXMI,20110620,71.1,72.5,66.05,71.15,3163
SURYAPHARM,20110620,21.7,22.6,19.75,20.75,391150
SURYAROSNI,20110620,88.1,88.1,83.1,84.2,12063
SUTLEJTEX,20110620,186.2,194,186.2,190.6,9276
SUVEN,20110620,21.55,21.85,20.65,20.65,53941
SUZLON,20110620,51.55,51.6,47.55,48.05,15123695
SWARAJENG,20110620,432.5,432.5,410,413.85,1658
SYMPHONY,20110620,1059.5,1138.5,1000.1,1065.9,427
SYNCOM,20110620,23.5,23.8,20,22.05,45257
SYNDIBANK,20110620,115.2,115.2,110.2,112.1,271190
TAINWALCHM,20110620,35,35,34.9,34.9,22684
TAJGVK,20110620,106,106.6,102.95,105.15,23832
TAKE,20110620,40.6,40.6,37,38.85,225135
TALBROAUTO,20110620,55.55,56,52.4,55.9,559
TALWALKARS,20110620,241.9,243,210,231.05,179922
TANFACIND,20110620,28,29.9,28,29.05,406
TANLA,20110620,15.05,15.05,14.15,14.2,89718
TANTIACONS,20110620,67.15,70.65,63.9,65.85,5694
TARAPUR,20110620,20.15,24,19.9,20.05,48356
TATACHEM,20110620,374.3,374.3,356.05,365.6,520001
TATACOFFEE,20110620,829.65,832.25,779,783.35,200351
TATACOMM,20110620,205.8,206.8,185.1,190.2,380571
TATAELXSI,20110620,241.7,241.7,229.05,234.2,38175
TATAGLOBAL,20110620,98.7,98.8,90.55,93.4,1271268
TATAINVEST,20110620,493,493,474,476.1,14506
TATAMETALI,20110620,103.9,103.9,98.6,99.25,27232
TATAMOTORS,20110620,981.5,983.95,925.55,931,2402227
TATAMTRDVR,20110620,570.2,572,532,539.15,290682
TATAPOWER,20110620,1230,1244.45,1202.2,1214,295766
TATASPONGE,20110620,347,353,344,346.25,13914
TATASTEEL,20110620,574.6,574.95,548.5,561.15,3432312
TCI,20110620,92.7,92.7,85.5,86.45,10586
TCIDEVELOP,20110620,196,205,182,189.05,1174
TCIFINANCE,20110620,60.7,63,59.75,60.35,7613
TCS,20110620,1115,1119,1058,1069.3,2655204
TECHM,20110620,686,692.3,654.8,666.7,182584
TECHNO,20110620,229.55,234,218.55,223.15,20408
TECHNOFAB,20110620,148.5,153,142.05,143.7,4010
TECPRO,20110620,260,260,248.3,250.1,22295
TELEDATAIT,20110620,0.45,0.45,0.4,0.45,257336
TEXMACOLTD,20110620,32.65,32.8,31.7,31.9,399419
TEXMOPIPES,20110620,37,37.5,34.5,35.05,22531
TEXRAIL,20110620,82.35,87.2,80,83.55,37431
TFCILTD,20110620,25.95,25.95,24.25,24.5,57819
TFL,20110620,15.7,15.7,14.3,14.3,293
THANGAMAYL,20110620,158.5,163,150,160.35,75048
THEMISMED,20110620,156.5,160.1,156.5,160.1,151
THERMAX,20110620,598,605.95,585,592.85,57617
THINKSOFT,20110620,53.8,54.3,45.1,49.45,70453
THIRUSUGAR,20110620,90,90,88.55,90,2700
THOMASCOOK,20110620,49.7,49.7,47.35,47.55,94976
TI,20110620,35.9,37.65,31,36.25,1164514
TIDEWATER,20110620,6870.15,6908.9,6580.05,6624.95,1329
TIIL,20110620,54.8,54.8,50.1,52.7,4652
TIL,20110620,449,453,421.55,425.65,18035
TIMESGTY,20110620,39.2,39.2,39.15,39.15,60
TIMETECHNO,20110620,65.85,65.85,61.1,64.55,643278
TIMKEN,20110620,237.7,245.4,224.35,227.2,1034874
TINPLATE,20110620,61,61,58.05,58.4,81403
TIPSINDLTD,20110620,28.5,29,26.1,26.5,19272
TIRUMALCHM,20110620,98.2,98.2,95,95.9,670
TITAN,20110620,4569.95,4685,4491,4621.25,762107
TNPETRO,20110620,16.4,17,16,16.25,67566
TNPL,20110620,121.3,122.7,116.8,117.9,39909
TODAYS,20110620,7.5,7.5,6.95,7,21057
TOKYOPLAST,20110620,14.15,14.15,13.9,13.9,453
TORNTPHARM,20110620,644.5,668,621.4,627.15,24710
TORNTPOWER,20110620,240.55,245,238.05,243.1,44875
TRENT,20110620,1075,1084.5,1026,1044,7939
TRF,20110620,390,390,337.15,361.05,20309
TRICOM,20110620,15,15.45,15,15.1,7186
TRIDENT,20110620,14.9,15.1,14.3,14.4,67547
TRIGYN,20110620,18,18,17.25,17.25,4004
TRIL,20110620,263.85,264.7,245,246.7,15603
TRIVENI,20110620,38.4,38.45,36.8,37,174272
TTKHEALTH,20110620,409.85,415.95,394,397.1,9139
TTKPRESTIG,20110620,2500,2578,2455.5,2517.15,147443
TTL,20110620,29.25,30,27.45,27.65,21718
TTML,20110620,16.4,18.45,14.8,17.15,9273689
TUBEINVEST,20110620,139.65,139.65,134,136.3,34291
TULIP,20110620,163.9,163.9,133.1,149.75,303265
TULSI,20110620,15.4,15.7,14,14.55,142007
TULSYAN,20110620,45,45,44.8,44.8,105
TV-18,20110620,68.6,68.8,61.25,62.05,2258807
TVSELECT,20110620,23,23.6,23,23.5,5705
TVSMOTOR,20110620,54.4,54.4,50.5,51.6,770123
TVSSRICHAK,20110620,303.75,310,300.1,303.2,895
TVTODAY,20110620,63,63.75,59.25,59.8,26400
TWILITAKA,20110620,55,55.1,51.2,51.35,51818
TWL,20110620,405,407,397,404.05,24408
UBENGG,20110620,78.25,79.8,71.65,72.8,34145
UBHOLDINGS,20110620,167.5,167.5,147.9,155.25,143224
UBL,20110620,562.05,565,489.95,522,146287
UCALFUEL,20110620,81.6,83.7,78.7,79.6,19248
UCOBANK,20110620,93,93,88.55,89.45,1138870
UFLEX,20110620,205.5,206,180.1,189.9,865390
UGARSUGAR,20110620,13.5,14,13.5,13.65,4743
ULTRACEMCO,20110620,965.1,970,914,945.2,234635
UMESLTD,20110620,24.2,24.2,22.05,22.2,8416
UNICHEMLAB,20110620,155.2,162.95,155,157.6,8617
UNIENTER,20110620,26.05,27,26,26.1,1271
UNIONBANK,20110620,308.85,310,303.5,305.6,402984
UNIPHOS,20110620,151.9,152,141.35,146.15,1149375
UNIPLY,20110620,14.35,14.35,13.9,14,1632
UNITECH,20110620,33.9,33.95,31.9,32.35,15769075
UNITEDBNK,20110620,94.1,94.75,90.65,92.7,95385
UNITEDTEA,20110620,133,133,119.4,127.1,496
UNITY,20110620,67.5,67.9,61.5,62.8,99645
UNIVCABLES,20110620,59.1,59.1,56.05,58.1,1903
UPERGANGES,20110620,53.6,54,50,52.2,3323
USHAMART,20110620,53.6,53.6,51,51.35,73447
USHERAGRO,20110620,115.45,115.45,107,111.05,458220
UTISUNDER,20110620,836.3,870,830,869.95,59
UTTAMSTL,20110620,108,109.4,103.7,104.05,34647
UTTAMSUGAR,20110620,38,38,34.45,34.95,23023
UTVSOF,20110620,742,744,681.1,722.75,107424
VADILALIND,20110620,167.45,167.45,155,156.3,8742
VAIBHAVGEM,20110620,42.5,44.75,42,42.95,9543
VAKRANSOFT,20110620,362.45,368.75,350.05,353.15,36183
VALECHAENG,20110620,98.7,99,91.55,97.45,39943
VALUEIND,20110620,20.05,20.05,19,19.1,12471
VARDHACRLC,20110620,10.8,10.8,10.4,10.4,51319
VARDMNPOLY,20110620,67.75,70,65.5,68.05,73446
VARUN,20110620,182,182,155,174.3,102461
VARUNSHIP,20110620,25.9,25.9,24.7,24.8,106327
VASCONEQ,20110620,80.8,81,77.05,78.1,8936
VENKEYS,20110620,579,584.95,542.2,546.95,79804
VENUSREM,20110620,195.2,198.8,178.4,188.85,15248
VESUVIUS,20110620,362,367,350.1,355.95,588
VGUARD,20110620,226.4,226.5,209,215.1,235955
VHL,20110620,415,421.5,410,420.5,410
VICEROY,20110620,28.3,28.3,25.55,26.85,17693
VIDEOIND,20110620,179.25,181,175.15,176.85,129449
VIJAYABANK,20110620,69.2,69.2,65.9,66.35,2196206
VIJSHAN,20110620,19.15,20.5,19.15,20.05,1630
VIKASHMET,20110620,13.1,13.15,12,12.1,311093
VINATIORGA,20110620,72.75,73,71,72.05,13390
VINDHYATEL,20110620,175,175,172.85,172.85,576
VINYLINDIA,20110620,12.5,12.65,12.5,12.5,3333
VIPIND,20110620,734,740.45,671,694.75,472886
VIPUL,20110620,11.55,11.9,11,11.25,16763
VISAKAIND,20110620,102.15,102.15,99.1,99.35,4592
VISASTEEL,20110620,59,59.25,58,58.05,113496
VISESHINFO,20110620,9.2,9.4,9,9,32391
VISHALRET,20110620,33.15,33.15,30.3,31.8,96635
VISUINTL,20110620,3.5,3.5,3,3.15,86806
VIVIMEDLAB,20110620,289.5,289.5,268,278.25,16733
VLSFINANCE,20110620,14.8,15,13.5,13.75,24479
VOLTAMP,20110620,538.5,538.55,501.2,516.55,57016
VOLTAS,20110620,165.7,165.7,157,161.15,349867
VSTIND,20110620,930,935,865.1,920.6,13115
VSTTILLERS,20110620,485,491,465,478.85,5151
VTL,20110620,224.5,232,213.25,224.6,22884
VTXIND,20110620,16.25,16.25,16.05,16.05,225
WABAG,20110620,1300,1300,1260.05,1273.4,676
WABCO-TVS,20110620,1099,1099,1019,1020,1100
WALCHANNAG,20110620,123.6,124.25,116,117.7,74268
WANBURY,20110620,30.65,30.85,27.9,28.25,20879
WEBELSOLAR,20110620,63.9,63.9,58.5,59.45,2071
WEIZMANIND,20110620,12.5,12.7,11.85,12.25,1286
WELCORP,20110620,166.5,166.55,155.25,156.55,404395
WELINV,20110620,67.95,71,63,63,191
WELPROJ,20110620,64.5,64.95,58.1,60.15,37854
WELSPUNIND,20110620,43.1,43.65,40.1,40.3,50544
WENDT,20110620,1450,1456,1400,1425,400
WHEELS,20110620,257,261,252.5,256.65,270
WHIRLPOOL,20110620,251.75,252.05,240.2,245.85,36261
WILLAMAGOR,20110620,49.95,56.05,40.05,44.65,4649
WINSOMYARN,20110620,4.05,4.05,3.7,3.7,33895
WIPRO,20110620,410,412.45,381.45,402.3,1829456
WOCKPHARMA,20110620,373.45,373.65,340.2,351.75,95797
WSI,20110620,19.15,19.5,18.5,18.7,6873
WSTCSTPAPR,20110620,88.5,89.5,84.55,85.2,33100
WWIL,20110620,9.35,9.35,8.55,8.6,1275375
WYETH,20110620,890,898,865.55,875.25,2060
XLENERGY,20110620,8.6,8.8,7.05,7.8,207584
XPROINDIA,20110620,54,55.25,51.3,51.6,23118
YESBANK,20110620,284,292.55,274.1,290.65,3803930
ZANDUREALT,20110620,1976,2030,1930,1938.5,687
ZEEL,20110620,135.55,136.95,131,134.2,1518687
ZEELEARN,20110620,20.2,20.35,18.65,19.15,729493
ZEENEWS,20110620,12.05,12.3,11.35,11.75,1470546
ZENITHBIR,20110620,7.25,7.25,6.75,6.8,533686
ZENITHCOMP,20110620,18.2,18.25,17.5,17.7,8796
ZENITHINFO,20110620,206.1,229.7,206,208.7,853
ZENSARTECH,20110620,167,169.4,164.55,166.4,5167
ZICOM,20110620,42,42.4,38,39.85,39705
ZODIACLOTH,20110620,375,375,365.05,374.7,275
ZODJRDMKJ,20110620,21.05,21.75,21.05,21.75,800
ZUARIAGRO,20110620,658,662,610.25,640.95,8567
ZYDUSWELL,20110620,590,596,585,590.45,11069
ZYLOG,20110620,401.05,401.9,391.5,397.55,74137
NSENIFTY,20110620,5372.20,5377.40,5195.90,5257.90,135334880,5956.17
NIFTYJUNIOR,20110620,11090.45,11104.95,10723.55,10853.95,75457021,1759.36
BANKNIFTY,20110620,10592.65,10618.40,10340.40,10484.30,11185463,1180.13
NSEMIDCAP,20110620,7921.65,7941.95,7649.00,7732.40,140255558,1997.90
NSEIT,20110620,6365.75,6367.50,6050.00,6166.45,64871485,1733.27
NSE100,20110620,5312.75,5320.15,5145.50,5202.80,210791901,7715.53
NSE500,20110620,4360.95,4364.35,4220.10,4263.25,648289106,11053.57
MIDCAP50,20110620,2443.50,2444.30,2325.95,2361.60,96176855,1175.19
VIX,20110620,20.27,24.38,19.78,22.18,20.27,1.91
