20MICRONS,20111220,58,58.85,56,56.55,88982
3IINFOTECH,20111220,13,13.1,12.1,12.2,2533618
3MINDIA,20111220,3584.25,3595,3401,3494.2,189
A2ZMES,20111220,98.1,101.8,94.1,95.2,147826
AANJANEYA,20111220,420,474,420,467.15,88058
AARTIDRUGS,20111220,75,79.95,72.5,74.4,1457
AARTIIND,20111220,47.05,47.95,46.05,46.35,21554
AARVEEDEN,20111220,31.5,31.5,29.05,30.9,363
ABAN,20111220,334.05,340,323.5,327.8,790661
ABB,20111220,554.9,554.9,541,544.75,30418
ABBOTINDIA,20111220,1405,1458.9,1381,1430.55,2341
ABCIL,20111220,70.25,71.85,69,69.65,1334
ABGSHIP,20111220,412,413.85,398.3,406.85,79460
ABHISHEK,20111220,7.35,7.35,6.75,6.8,867
ABIRLANUVO,20111220,800,800.9,753,762.8,106439
ACC,20111220,1131,1134.7,1084,1101.85,382452
ACE,20111220,26.9,27.7,25.65,27.05,95062
ACROPETAL,20111220,11.7,12,11.35,11.35,76451
ADANIENT,20111220,309.85,314.75,302.55,308.7,528401
ADANIPOWER,20111220,70.7,71.1,66.9,67.85,511672
ADFFOODS,20111220,46.8,48.8,46.75,48,2054
ADHUNIK,20111220,37.5,37.8,31.6,35.25,177613
ADORWELD,20111220,119.8,119.8,109.7,109.95,2148
ADSL,20111220,19.85,20.5,19.85,19.85,49319
ADVANIHOTR,20111220,32.5,33,32.5,33,560
ADVANTA,20111220,275.05,284,256.55,264.55,197786
AEGISCHEM,20111220,115.2,116.2,109,110.65,13771
AFL,20111220,34.2,35.4,34.2,34.8,5144
AFTEK,20111220,9.7,9.9,9.15,9.35,201265
AGCNET,20111220,133,145.4,132.8,142.5,1110
AGRE,20111220,32.75,34,31,31.15,3174
AGRODUTCH,20111220,5.9,5.9,5.35,5.6,6667
AHLEAST,20111220,270,270,270,270,200
AHLUCONT,20111220,58,58,56.9,57.6,307
AHLWEST,20111220,130,130,124.8,125,412
AHMEDFORGE,20111220,82.45,83.45,79,79.85,11659
AIAENG,20111220,270.5,273,269.5,270,28236
AJANTPHARM,20111220,300.35,307,292,294.3,7716
AJMERA,20111220,97.5,98.4,94.5,94.55,3733
AKSHOPTFBR,20111220,6.65,6.9,6.65,6.85,177397
AKZOINDIA,20111220,745,754,700,727.95,3060
ALBK,20111220,132.7,132.7,125,125.95,1164095
ALCHEM,20111220,179.85,179.85,179.85,179.85,2973
ALEMBICLTD,20111220,14,14.6,13.55,14.2,36458
ALFALAVAL,20111220,2199.8,2200,2185,2194.4,1468
ALKALI,20111220,29.1,29.7,28.25,28.3,4294
ALKYLAMINE,20111220,85.6,90,80,80,314
ALLCARGO,20111220,130,130.05,122,123.15,5857
ALLSEC,20111220,11.1,12.5,10.1,11.4,25461
ALMONDZ,20111220,13.25,13.25,12.25,12.35,3466
ALOKTEXT,20111220,19.1,19.3,18.1,18.25,3806258
ALPA,20111220,6.05,6.6,5.55,5.65,4911
ALPHAGEO,20111220,54.2,56.4,54.1,55.75,428
ALPSINDUS,20111220,2.05,2.05,1.95,1.95,34242
AMAR,20111220,120,123.9,119.5,121.8,55587
AMARAJABAT,20111220,191,195.4,191,191.6,10419
AMARJOTHI,20111220,47.9,47.9,46.05,46.05,18
AMBIKCO,20111220,147,157,142.35,143,2858
AMBUJACEM,20111220,154,154.85,147.75,149.35,1505653
AMDIND,20111220,13.5,13.5,13.3,13.35,788
AMLSTEEL,20111220,13.7,13.7,13.7,13.7,10
AMRUTANJAN,20111220,659.7,663.8,625,629.2,24750
AMTEKAUTO,20111220,99.45,99.45,92.5,93.9,137612
AMTEKINDIA,20111220,94.3,96.4,92.45,94.6,197087
ANANTRAJ,20111220,39.75,40.2,39.2,39.55,108723
ANDHRABANK,20111220,84,85.5,76.5,81.85,270879
ANDHRSUGAR,20111220,102.1,103.5,100.05,100.45,5575
ANGIND,20111220,16.9,16.9,16.9,16.9,5
ANIKINDS,20111220,24.5,28.4,24.5,28.05,5948
ANKURDRUGS,20111220,17.05,18.3,16.7,17.35,6861
ANSALAPI,20111220,22.9,23.65,22.5,22.65,52753
ANSALHSG,20111220,28.6,31.4,28.15,29.15,8708
ANTGRAPHIC,20111220,0.2,0.2,0.15,0.2,61238
APARINDS,20111220,101,105.75,100.6,103.5,3826
APCOTEXIND,20111220,131.2,133,128.9,132.3,503
APIL,20111220,306,308.8,290.3,299.15,102188
APLAB,20111220,24.65,24.65,22.6,24.4,11
APLAPOLLO,20111220,137,140,136,136,468
APLLTD,20111220,38,39.2,37.15,38.9,32828
APOLLOHOSP,20111220,528,545,515.5,522.8,420493
APOLLOTYRE,20111220,61.45,62.7,56.8,57.2,5427978
APPAPER,20111220,150.5,155.7,150.5,151.7,2573
APTECHT,20111220,72.6,76.4,69.5,73.4,1011568
AQUA,20111220,11.75,11.75,10.55,10.95,43238
ARCHIDPLY,20111220,14,14,13.7,13.7,1010
ARCHIES,20111220,26.2,27,25.5,25.8,39460
AREVAT&D,20111220,139,142.9,132,134,113644
ARIES,20111220,71,72,68.5,69,554028
ARIHANT,20111220,47,47,47,47,6
ARL,20111220,2.1,2.2,2.05,2.2,666588
AROGRANITE,20111220,33.05,34.95,32.15,32.15,531
ARROWTEX,20111220,6.3,6.95,5,5.1,27634
ARSHIYA,20111220,122.5,123.8,116.25,120.1,22961
ARSSINFRA,20111220,115.95,115.95,115.95,115.95,5085
ARVIND,20111220,70.3,72.7,68.25,70.3,2558670
ASAHIINDIA,20111220,51.95,52.95,48.05,49.5,25445
ASAHISONG,20111220,73.25,74,72.2,73.95,1785
ASAL,20111220,40.05,40.15,38.6,39.9,1678
ASHAPURMIN,20111220,14,14.5,13,13.35,32452
ASHIANA,20111220,133,133,128,129.4,705
ASHOKA,20111220,198.5,198.5,185,186.35,483
ASHOKLEY,20111220,23.1,23.25,20.75,21.6,13058736
ASIANELEC,20111220,5.35,5.7,5.35,5.55,27755
ASIANHOTNR,20111220,165,165,160.7,163.7,3859
ASIANPAINT,20111220,2699.9,2749,2645.25,2649.5,53134
ASIANTILES,20111220,31,31,28.2,30.1,1273
ASSAMCO,20111220,6.7,6.75,5.85,5.95,355610
ASTEC,20111220,25,26.65,23.25,25.2,13703
ASTERSILI,20111220,7.8,8.1,7.4,7.7,33457
ASTRAL,20111220,131.2,131.2,128,130,21831
ASTRAMICRO,20111220,35.2,35.35,34.7,34.95,23842
ASTRAZEN,20111220,1235.1,1248,1211,1243.45,395
ATFL,20111220,355.2,359,340.5,345.2,5782
ATLANTA,20111220,57.25,58,55.05,56.55,62256
ATLASCYCLE,20111220,249,253.2,247.65,250.7,5654
ATNINTER,20111220,0.8,0.85,0.75,0.85,7255
ATUL,20111220,144,145,138.3,139.8,21557
AURIONPRO,20111220,131,131,107,110.7,5597
AUROPHARMA,20111220,89,90.65,87.55,88.95,460912
AUSOMENT,20111220,34.7,34.7,34.7,34.7,100
AUSTRAL,20111220,1.35,1.4,1.3,1.3,212775
AUTOAXLES,20111220,335,344.95,324,324.8,1292
AUTOIND,20111220,85.35,90.6,85.35,87.15,39890
AUTOLITIND,20111220,14.4,14.4,11.85,12.05,6472
AVENTIS,20111220,2212.1,2238,2165,2200.9,3897
AVTNPL,20111220,265.25,277.95,263.5,263.7,3523
AXIS-IT&T,20111220,70.5,71.95,66,68,17417
AXISBANK,20111220,857.7,857.7,808.85,820.3,3895799
AXISGOLD,20111220,2708,2720,2690.1,2715.4,339
BAGFILMS,20111220,3.95,4.15,3.7,3.75,94989
BAJAJ-AUTO,20111220,1654.95,1661.85,1594.9,1600.65,497259
BAJAJCORP,20111220,97.3,101.85,97.3,100.8,234615
BAJAJELEC,20111220,156,156,147,149.75,30147
BAJAJFINSV,20111220,415,425,391,400.1,43101
BAJAJHIND,20111220,24.2,24.45,23.35,23.7,1524281
BAJAJHLDNG,20111220,702.55,706.9,695,699,36845
BAJFINANCE,20111220,624,635,624,632.85,7678
BALAJITELE,20111220,30.9,33.8,29.5,30.75,428892
BALAMINES,20111220,34.85,34.85,32.1,32.55,407
BALKRISIND,20111220,152.1,160.1,152.1,159.9,11015
BALLARPUR,20111220,19.5,20.3,18.65,18.95,348993
BALMLAWRIE,20111220,498,499,473,479.55,15086
BALPHARMA,20111220,16.8,16.85,15.6,15.95,3594
BALRAMCHIN,20111220,34.5,35.2,33.2,34.2,923718
BANARISUG,20111220,500,547.7,500,505.9,238
BANCOINDIA,20111220,60,61,56.55,60.1,3981
BANG,20111220,16.1,17.35,15,16,10069
BANKBARODA,20111220,685,686.75,631,641.6,637397
BANKBEES,20111220,795,818,787.15,790.86,6551
BANKINDIA,20111220,298.9,298.9,275.2,279.2,671101
BANSWRAS,20111220,68.2,68.65,65,65.8,13327
BARTRONICS,20111220,23.85,24.6,23.3,23.5,201654
BASF,20111220,473,476,446.1,448.3,11779
BASML,20111220,60,60,55.15,56.7,75359
BATAINDIA,20111220,504,543,492,537.6,2271273
BATLIBOI,20111220,14.55,14.6,12.65,13.1,277
BAYERCROP,20111220,715.9,715.9,705,709.6,4424
BBL,20111220,541,541,512,518.2,1626
BBTC,20111220,346.05,357.7,345,346.75,745
BEARDSELL,20111220,37,37,36.4,36.7,200
BECREL,20111220,7.05,7.5,7.05,7.05,552
BEDMUTHA,20111220,37.35,37.35,37.35,37.35,1028
BEL,20111220,1407,1413,1370,1386.7,28771
BELLCERATL,20111220,10,10.4,9.6,9.9,2925
BEML,20111220,465,476.85,453.5,468.5,132638
BEPL,20111220,20.3,21.45,20,21.45,740
BERGEPAINT,20111220,81.5,82,79,79.35,54203
BFINVEST,20111220,42.5,45.45,39.5,40.7,9638
BFUTILITIE,20111220,280,284,259.15,262.25,355828
BGLOBAL,20111220,8.65,9.5,8.55,9.05,20943
BGRENERGY,20111220,192.3,195,177,178.8,766760
BHAGWATIHO,20111220,58.5,61.45,54.55,60.45,34135
BHAGYNAGAR,20111220,17.2,17.85,17.2,17.5,59256
BHARATFORG,20111220,244,245.9,230.2,237.35,446224
BHARATGEAR,20111220,39.75,41.45,39.7,40,5610
BHARATRAS,20111220,111.6,121.85,111.6,116,560
BHARTIARTL,20111220,339.8,339.8,319.25,323.25,8050347
BHARTISHIP,20111220,69.5,69.9,65.6,66.3,128926
BHEL,20111220,235.25,237.45,223.35,228.25,5241078
BHUSANSTL,20111220,304.35,306.8,301.1,302.2,342246
BIL,20111220,54,55.95,52.6,53.4,1716
BILENERGY,20111220,49.6,49.6,49.55,49.55,494
BILPOWER,20111220,58,60.85,55.65,56.75,1760
BIMETAL,20111220,228,237.95,223.15,226.55,281
BINANIIND,20111220,90.15,91.8,87,89.05,29321
BINDALAGRO,20111220,60.5,60.5,48.3,49.2,386927
BIOCON,20111220,247.95,261,240.45,256.45,1030401
BIRLACORPN,20111220,250.15,257.5,250.15,251.6,3308
BIRLACOT,20111220,0.25,0.25,0.2,0.2,1037458
BIRLAERIC,20111220,9.55,9.55,8.65,9.15,3806
BIRLAMONEY,20111220,11.85,12.4,11.3,11.45,5512
BIRLAPOWER,20111220,0.55,0.55,0.5,0.5,1585473
BLBLIMITED,20111220,3.15,3.3,3.15,3.15,1268
BLISSGVS,20111220,21.2,22.05,21.05,21.7,10563
BLKASHYAP,20111220,9.45,9.45,8.9,9.1,58537
BLUECHIP,20111220,0.95,1,0.95,1,3324
BLUEDART,20111220,1457.1,1457.5,1435,1446.45,355
BLUESTARCO,20111220,167,169.95,159.25,160.7,310417
BLUESTINFO,20111220,67.15,68,67.15,67.2,122
BOC,20111220,269,272,269,270.25,8141
BODALCHEM,20111220,11.45,11.45,11.45,11.45,500
BOMDYEING,20111220,349,352.45,336.55,338.9,103410
BOSCHLTD,20111220,6570,6666,6512.85,6616.05,2423
BPCL,20111220,525.15,541,496.4,500.6,776792
BPL,20111220,16.95,16.95,15.8,16,22995
BRANDHOUSE,20111220,9.75,10.25,9.3,9.9,15846
BRFL,20111220,259.2,267,255.05,263.3,202745
BRIGADE,20111220,42,42,39.3,40.95,8731
BRITANNIA,20111220,445,448,439,440.7,8037
BROADCAST,20111220,5.5,5.55,5.05,5.1,2512
BROOKS,20111220,14.4,15.8,14,14.7,115484
BSELINFRA,20111220,2.65,2.8,2.6,2.7,42851
BSL,20111220,18.45,19.4,17.1,17.2,2767
BSLGOLDETF,20111220,2799,2799,2731,2765,126
BSLNIFTY,20111220,48.5,48.5,46,46.5,349
BSTRANSCOM,20111220,112,116,112,115.15,12341
BURNPUR,20111220,6.35,6.7,6.25,6.25,11558
BVCL,20111220,12.1,12.75,12.1,12.45,301
CADILAHC,20111220,702.35,716.95,702.3,710.4,37882
CAIRN,20111220,310.5,314.75,306.1,310.7,1884654
CAMBRIDGE,20111220,14.5,15.35,13.3,14.9,1803
CAMLIN,20111220,31.9,32.7,30.6,31.05,45068
CANBK,20111220,383.1,388.9,360.1,361.7,885363
CANDC,20111220,77.5,83,75,78.95,1593
CANFINHOME,20111220,89.1,90.9,89,89.1,2654
CANTABIL,20111220,14.5,14.9,14.45,14.45,4687
CARBORUNIV,20111220,138,149.7,137.55,139.85,32070
CAREERP,20111220,220,220,210,212.1,1502
CAROLINFO,20111220,143,144.9,140.55,142.7,973
CASTROL,20111220,401.9,401.9,388.1,391.6,32229
CCCL,20111220,16.5,16.8,16.15,16.5,3502
CCL,20111220,125.2,127,115.25,117.05,8433
CEATLTD,20111220,70.9,72,68.05,68.65,54784
CEBBCO,20111220,51,51.95,47.7,48,42551
CELEBRITY,20111220,5,5.8,4.9,5.05,2619
CELESTIAL,20111220,18.85,18.85,16.65,17.35,16438
CENTENKA,20111220,88.5,98,88.5,95.25,116756
CENTEXT,20111220,2.15,2.2,1.85,2,62228
CENTRALBK,20111220,79,79.8,75.25,75.55,215921
CENTUM,20111220,48.5,54.5,47.65,47.65,4758
CENTURYPLY,20111220,48.8,48.8,46.55,46.85,3872
CENTURYTEX,20111220,229.8,229.8,215.85,218,353921
CERA,20111220,178.9,178.9,159,160.85,4835
CESC,20111220,216,221.7,211.3,215.2,227719
CHAMBLFERT,20111220,77.5,79.4,72.9,75.55,2003088
CHEMFALKAL,20111220,40.6,42,40.6,42,62
CHEMPLAST,20111220,4.25,4.25,4,4,38594
CHENNPETRO,20111220,162.5,162.95,160.2,161.4,5447
CHESLINTEX,20111220,9.5,9.8,9.5,9.65,2
CHETTINAD,20111220,537,537,502,505.05,236
CHOLAFIN,20111220,110,124,110,111.65,4957
CILNOVA,20111220,15.5,15.6,15.5,15.5,5559
CIMMCO,20111220,66.2,73,66.2,73,500
CINEMAX,20111220,26.15,28.35,26.05,26.55,10614
CINEVISTA,20111220,2.6,2.75,2.45,2.7,2141
CIPLA,20111220,332.8,334.85,326.7,328.8,847263
CLASSIC,20111220,6.2,6.2,4.85,5.35,26498
CLNINDIA,20111220,573.1,582,573,577.9,4972
CLUTCHAUTO,20111220,27.5,27.5,23.45,25.65,3206
CMAHENDRA,20111220,126,133,124.05,126.25,1860
CMC,20111220,794.95,794.95,750.55,757.8,1731
COALINDIA,20111220,306.9,310.1,300.1,302,2497383
COLPAL,20111220,1009,1009,991.2,1000.3,51098
COMPUAGE,20111220,61,61,59.1,60.75,1015
CONCOR,20111220,844,844,815.1,826.45,155595
CONSOFINVT,20111220,42.7,45.9,42.7,43.15,626
CORAL-HUB,20111220,3.5,3.5,3.1,3.2,11026
CORDSCABLE,20111220,23,23.45,21.75,22.3,3041
COREEDUTEC,20111220,270.1,275,266.05,270.4,213493
COROENGG,20111220,181.1,199,181,199,737
COROMANDEL,20111220,264.6,265.95,254.35,258.15,22077
CORPBANK,20111220,345.1,347,335,341.85,207212
COSMOFILMS,20111220,74,74,71.1,72,9110
COX&KINGS,20111220,173.7,175.95,160,160.9,226071
CREATIVEYE,20111220,4.35,4.35,3.7,3.7,2439
CRESTANI,20111220,25.5,25.5,24.1,24.1,11409
CREWBOS,20111220,21.2,22,20.3,20.3,79535
CRISIL,20111220,877,885.9,850,862.05,10702
CROMPGREAV,20111220,116,119,109,109.75,1222062
CRONIMET,20111220,18.55,21.25,18.55,19.1,35353
CTE,20111220,8.25,8.55,8.05,8.05,1087
CUB,20111220,40.95,40.95,39.5,39.75,183012
CUBEXTUB,20111220,8.05,8.5,7.6,8.5,202
CUMMINSIND,20111220,331.7,335,323.5,326.4,335581
CURATECH,20111220,46.85,48.6,43.1,43.1,3191
CYBERMEDIA,20111220,11.15,11.6,9.5,10.95,761
CYBERTECH,20111220,10.4,10.4,9.95,9.95,2908
DAAWAT,20111220,39.4,40.9,38.5,39.15,13252
DABUR,20111220,96.5,98.2,96,97.2,586334
DALMIABEL,20111220,115.85,118.5,115.8,116.85,78324
DALMIASUG,20111220,13.05,13.65,13,13.4,3008
DATAMATICS,20111220,23.6,24.15,23.6,24.05,4743
DBCORP,20111220,193,193,180.3,182.1,5910
DBREALTY,20111220,51.45,51.5,49,49.4,174713
DCB,20111220,35,35.3,33.05,33.3,1888635
DCHL,20111220,39,39.45,36.15,37.3,207053
DCM,20111220,46.45,50,44.9,46.25,86983
DCMSRMCONS,20111220,40.25,41.7,37.5,38.95,100617
DCW,20111220,8.05,8.15,7.75,7.85,46690
DECCANCE,20111220,135.05,135.05,135,135,156
DEEPAKFERT,20111220,120.95,125,120.05,121.85,12353
DEEPAKNTR,20111220,152,165,152,160,320
DEEPIND,20111220,59,59.75,57.2,58.1,28186
DELTACORP,20111220,58.45,58.65,52.25,52.95,5072718
DEN,20111220,49.5,50.2,46.5,49.05,83306
DENABANK,20111220,57,57,53.25,53.55,1303799
DENORA,20111220,78,78.15,77,77.95,8686
DENSO,20111220,48,50,46.25,49.85,1729
DEWANHOUS,20111220,197,207.8,192,197.3,258803
DHAMPURSUG,20111220,28.6,28.8,27,28,39786
DHANBANK,20111220,50,50.25,45.6,46.25,595028
DHANUKA,20111220,95.05,96.3,93.05,93.85,19965
DHARSUGAR,20111220,17.5,19.7,17.5,18.7,2354
DHUNINV,20111220,61.8,61.8,61.8,61.8,45
DIAPOWER,20111220,79.05,83.85,77.55,78,27591
DICIND,20111220,190.1,192.9,188.4,190,891
DIGJAM,20111220,6.45,6.6,6.05,6.5,57425
DISHMAN,20111220,35.1,35.6,34.25,34.8,38369
DISHTV,20111220,62.5,62.5,57.6,59.05,1670834
DIVISLAB,20111220,741.55,752,736.5,738.55,132947
DLF,20111220,190.4,193.3,183.85,185.25,7288079
DLINKINDIA,20111220,16.1,16.6,15.6,15.9,13000
DOLPHINOFF,20111220,62,64.95,58.1,58.95,5200
DONEAR,20111220,18,18,16,16.8,2926
DPSCLTD,20111220,15.85,15.85,15.85,15.85,6206
DPTL,20111220,110,113.25,110,111.6,3146
DQE,20111220,20.75,22.75,20.7,21.95,20412
DREDGECORP,20111220,197,199,186.65,188.25,6355
DRREDDY,20111220,1590,1597.5,1562.15,1567.95,329675
DSKULKARNI,20111220,53.1,53.5,52,53.2,14593
DSSL,20111220,4.75,4.75,4.75,4.75,451
DUNCANSIND,20111220,8.9,9.05,8.5,9,16498
DWARKESH,20111220,29,30.5,28,29.15,17398
DYNAMATECH,20111220,987.15,1000,982,996.6,49
EASTSILK,20111220,4,4.15,3.75,3.85,10823
EASUNREYRL,20111220,50,50,47,48.95,35383
ECEIND,20111220,74.5,75.4,70,70.5,1636
ECLERX,20111220,695,700,681,684.45,54203
EDELWEISS,20111220,22.5,23.2,21.25,22.1,68457
EDL,20111220,62.65,62.85,61.1,61.4,3000
EDSERV,20111220,43,43,41.1,41.1,23356
EDUCOMP,20111220,186.6,191,178.25,183.85,2754108
EICHERMOT,20111220,1412,1428,1360.25,1412.5,11074
EIDPARRY,20111220,182,186,175.55,184.1,32576
EIHAHOTELS,20111220,138,138,134.45,134.45,528
EIHOTEL,20111220,83.2,84.25,81.15,83.6,136667
EIMCOELECO,20111220,155,164.6,150,150,1324
EKC,20111220,30.2,30.8,28,28.6,582204
ELDERPHARM,20111220,338.5,369.9,329,354.05,51428
ELECON,20111220,54.5,54.7,50.3,52,19020
ELECTCAST,20111220,17,17,15.95,16.2,95275
ELECTHERM,20111220,123.75,123.75,123.75,123.75,310
ELFORGE,20111220,7.9,7.9,7.9,7.9,2
ELGIEQUIP,20111220,69,69.55,69,69.2,15426
ELGIRUBCO,20111220,17.3,18.45,17.3,18.45,1359
ELNET,20111220,25.05,25.05,25.05,25.05,200
EMAMIINFRA,20111220,18.1,19.75,18.1,18.5,124268
EMAMILTD,20111220,361,361,352.85,357.85,11172
EMCO,20111220,30,30.65,28.25,29.65,31281
EMKAY,20111220,34,34,34,34,1052
EMMBI,20111220,12.6,13.3,12.5,12.75,8647
EMPEESUG,20111220,11.75,11.75,10.5,10.8,425
ENERGYDEV,20111220,32.85,32.85,30,31.75,4892
ENGINERSIN,20111220,203,204,194.4,199.3,110786
ENIL,20111220,231.1,244,226.2,229.05,3093
ENTEGRA,20111220,12,12.55,11.4,11.95,26980
EONELECT,20111220,34.05,34.55,33,33.85,56532
ERAINFRA,20111220,146.2,146.2,141.25,142.3,315204
EROSMEDIA,20111220,195.65,204.4,192.25,193.95,96697
ESABINDIA,20111220,430,430,422,422.8,3037
ESCORTS,20111220,67.4,68.6,66,66.65,681207
ESL,20111220,4,4.05,3.7,3.8,1080151
ESSAROIL,20111220,48.2,49.7,45.85,46.65,2357917
ESSARPORTS,20111220,49.1,50.95,46.65,48.85,65974
ESSARSHPNG,20111220,16.75,18.05,16.7,17.65,56203
ESSDEE,20111220,127,129,119,120.5,35748
ESSELPACK,20111220,26,26.5,23.3,24.55,18012
ESTER,20111220,21.5,22.3,20.35,20.35,23075
EUROCERA,20111220,10,10,10,10,1624
EUROMULTI,20111220,5.1,5.8,5.1,5.4,2541
EUROTEXIND,20111220,17.35,17.5,17.35,17.5,375
EVEREADY,20111220,24.05,24.25,22.75,23,28333
EVERESTIND,20111220,109,113.5,108,109.55,3023
EVERONN,20111220,358.05,358.1,353,353.9,129131
EXCELCROP,20111220,123,125.55,117.5,118.4,14386
EXCELINDUS,20111220,58.5,61,56,57.5,1018
EXCELINFO,20111220,12.65,13.3,12.25,12.8,197353
EXIDEIND,20111220,112,114,104.3,105.7,1019316
FACT,20111220,20.5,20.7,19.9,20.05,7615
FAGBEARING,20111220,1031.1,1054.65,1000.25,1007.15,1492
FAME,20111220,35,37,33.45,34.4,1234
FARMAXIND,20111220,1.55,1.55,1.55,1.55,68225
FCH,20111220,107.75,114,102.1,103.95,57681
FCSSOFT,20111220,0.4,0.45,0.4,0.4,742254
FDC,20111220,83,89.7,80.35,81.8,49623
FEDDERLOYD,20111220,52.95,53.5,50.5,51.1,2237
FEDERALBNK,20111220,360,363.55,350.55,352.2,579197
FIEMIND,20111220,132.1,149.75,132.1,144,8258
FILATEX,20111220,33.7,33.7,33.7,33.7,500
FINANTECH,20111220,567.7,568,521.15,525.25,139293
FINCABLES,20111220,25,25,24,24.3,53183
FINPIPE,20111220,43.75,44.4,42,42.05,16465
FIRSTLEASE,20111220,53.35,53.35,51.4,52.5,1043
FIRSTWIN,20111220,14.5,14.5,13.5,13.55,377
FKONCO,20111220,85.1,85.9,81.3,83.1,5763
FLEXITUFF,20111220,269.7,281,268.1,277,142433
FMGOETZE,20111220,200.25,201.95,193.3,197,15432
FORTIS,20111220,91.1,92.15,89.05,90.45,375091
FOSECOIND,20111220,535.1,544,528,531.7,923
FOURSOFT,20111220,7.95,7.95,7.4,7.45,3402
FSL,20111220,6.55,6.6,6.4,6.45,968327
FTCPOF5YGR,20111220,13.45,13.45,13.45,13.45,2000
FUTUREVENT,20111220,8.9,9.15,8.75,9.05,1454165
GABRIEL,20111220,38.4,38.8,37,37.5,4916
GAEL,20111220,19.6,20,18.7,19.05,12584
GAIL,20111220,381,383.5,375,377.95,1237925
GAL,20111220,10.3,10.9,10.25,10.3,5877
GALLANTT,20111220,19.85,19.85,18.9,18.9,8714
GALLISPAT,20111220,101.65,101.65,101.65,101.65,10
GAMMNINFRA,20111220,10.95,10.95,9.3,9.75,55268
GAMMONIND,20111220,41.7,42.6,40.5,41.3,15241
GANDHITUBE,20111220,116.3,125.1,116.3,122.25,623
GANESHHOUC,20111220,106.8,106.8,84,92.85,17898
GARDENSILK,20111220,53.6,54.7,53,53.1,5598
GARWALLROP,20111220,45.5,47.35,42.7,46.35,5895
GATI,20111220,25.1,25.6,23.2,23.55,222250
GAYAPROJ,20111220,103,116.9,94,95,10175
GDL,20111220,120.75,125,117.85,123.9,342257
GEECEE,20111220,29.2,29.2,29.2,29.2,3
GEINDSYS,20111220,121,124.45,101.75,121.7,11623
GEMINI,20111220,18.65,20.5,18.65,20.05,17939
GENESYS,20111220,132,149.5,112.1,123.35,7821
GENUSPOWER,20111220,8.6,8.6,7.8,7.95,24837
GEODESIC,20111220,41.05,42,39.2,40.05,170920
GEOJITBNPP,20111220,16,16.1,15.4,15.7,84796
GEOMETRIC,20111220,45.65,47.4,45.5,45.55,65388
GESHIP,20111220,197.05,201.05,190.5,196,103559
GHCL,20111220,28.85,28.85,27.7,27.95,49451
GICHSGFIN,20111220,69.15,69.9,68.2,68.55,29857
GILLANDERS,20111220,62.95,63,61.05,61.2,345
GILLETTE,20111220,1806,1848,1782.1,1821.35,1078
GINNIFILA,20111220,5,5.05,4.85,5,20266
GIPCL,20111220,67,68.9,67,68.05,5813
GISOLUTION,20111220,8.3,8.6,8.25,8.3,1812
GITANJALI,20111220,325.05,325.05,319,321.15,1719897
GKWLIMITED,20111220,419,439,419,439,3
GLAXO,20111220,1864.8,1864.8,1829.3,1849.5,3550
GLENMARK,20111220,296,298.95,274.5,276.8,435549
GLOBALVECT,20111220,14.5,15.4,13.85,14,857
GLOBOFFS,20111220,67.3,69.25,67.3,68.45,1315
GLOBUSSPR,20111220,102.45,102.75,96.1,98,9606
GLODYNE,20111220,239.55,245.5,227,233.65,94970
GLORY,20111220,2.75,2.75,2.5,2.6,104505
GMBREW,20111220,59.5,60.5,58,58.15,533
GMDCLTD,20111220,160,162.95,155.5,155.9,254453
GMRINFRA,20111220,19.2,19.55,18.5,18.95,3320457
GNFC,20111220,74,75.15,73.05,74.7,34658
GOACARBON,20111220,67.5,71.4,66,68.35,4271
GODFRYPHLP,20111220,2605,2700,2311,2398.5,1835
GODREJCP,20111220,398,403,384,390.35,109078
GODREJIND,20111220,182.95,185.5,172.75,174.75,409361
GODREJPROP,20111220,641.5,641.5,615.25,625.35,7899
GOENKA,20111220,32.4,32.45,29.75,30.2,6269
GOKEX,20111220,71.3,87.7,71.25,77.45,2727
GOKUL,20111220,81,86.35,79,83.9,8905
GOLDBEES,20111220,2633.4,2654.85,2627.55,2647.65,105547
GOLDENTOBC,20111220,31.15,33.25,30,31.4,9326
GOLDIAM,20111220,24.2,25.95,24.1,25,1495
GOLDINFRA,20111220,9.85,9.85,9.1,9.15,1931
GOLDSHARE,20111220,2625,2646,2618.8,2635.25,7884
GOLDTECH,20111220,6.25,6.45,6.2,6.25,15135
GPIL,20111220,88.1,90.7,84,84.55,16269
GPPL,20111220,50.05,54.5,48.5,52.35,30910
GRABALALK,20111220,17.15,17.15,17.1,17.1,565
GRANULES,20111220,60,61.95,58.05,58.2,1119
GRAPHITE,20111220,67.8,67.85,66.3,66.75,13438
GRASIM,20111220,2409.95,2409.95,2330,2346.9,58765
GRAVITA,20111220,354.7,368,348,348.9,187819
GREAVESCOT,20111220,75.05,75.7,71.8,72.15,11105
GREENPLY,20111220,167.5,172.8,155.75,159.05,4388
GREENPOWER,20111220,9.6,9.95,9,9.05,301415
GRINDWELL,20111220,216,218,205,209.05,3669
GRUH,20111220,533,533,520.1,524.15,7025
GSFC,20111220,355.5,365.85,339.05,342.4,66943
GSKCONS,20111220,2450.05,2468,2376,2433.1,8819
GSLNOVA,20111220,2.05,2.4,2.05,2.2,3938
GSPL,20111220,85.6,87.55,84.1,86.2,1030658
GSS,20111220,75.55,75.55,75.55,75.55,2338
GTL,20111220,30.9,34.2,29.25,32.65,2046228
GTLINFRA,20111220,7.35,8.6,7.05,8.45,1015423
GTNIND,20111220,10,10,9.55,9.65,440
GTNTEX,20111220,9.1,9.1,8.6,9,604
GTOFFSHORE,20111220,81.3,82.3,77.65,78.5,71685
GUFICBIO,20111220,4.75,5.15,4.75,4.9,3066
GUJALKALI,20111220,129.9,131.3,127.5,129.8,18513
GUJAPOLLO,20111220,124.5,127.85,124.5,125.8,11100
GUJFLUORO,20111220,352.9,352.95,340,341.65,113003
GUJNRECOKE,20111220,15,15.5,14.75,15,1644908
GUJNREDVR,20111220,11.35,12,11,11.15,27597
GUJRATGAS,20111220,342,350.05,336.6,340.45,38315
GUJSIDHCEM,20111220,7.15,7.2,7,7.05,62075
GULFOILCOR,20111220,54.95,55.35,52.3,53.05,5477
GVKPIL,20111220,10.25,10.4,10,10.1,5749060
HALONIX,20111220,49,49.55,48,48.25,1229
HANUNG,20111220,80,93.7,76,78.3,128820
HARRMALAYA,20111220,54.2,54.8,52.4,52.95,7505
HATHWAY,20111220,111,113.05,109.25,111.95,197322
HAVELLS,20111220,389.95,389.95,367.35,370.6,131139
HBLPOWER,20111220,15.95,15.95,14.65,15,13638
HBSTOCK,20111220,9.35,9.95,9.35,9.45,515
HCC,20111220,17.5,17.6,16.35,16.75,1935206
HCIL,20111220,48,48.5,46.5,47.1,23351
HCL-INSYS,20111220,42,42.55,41.45,41.85,88058
HCLTECH,20111220,414,415,386.9,391.3,2253295
HDFC,20111220,619.75,628.7,618,623.4,2775142
HDFCBANK,20111220,406,421.6,404,414.2,4995892
HDFCMFGETF,20111220,2709.2,2718,2692.5,2709.8,1672
HDIL,20111220,57.1,57.5,54.3,54.65,7400525
HEG,20111220,160.95,160.95,154.05,155.3,6677
HEIDELBERG,20111220,25.2,25.7,24.65,25.15,47110
HELIOSMATH,20111220,19,19.7,18.8,19,6698
HERCULES,20111220,203.35,204.6,191.2,193.25,9914
HERITGFOOD,20111220,150,151.7,146.05,150.25,1742
HEROMOTOCO,20111220,1917,1925,1788.1,1809.9,626765
HEXAWARE,20111220,83.1,83.6,80.75,81.6,593453
HFCL,20111220,10.85,10.85,10.25,10.45,1284914
HGS,20111220,304,304,293.55,296.25,846
HIKAL,20111220,235.05,242.8,232,235.45,383
HILTON,20111220,11.4,11.85,11.35,11.4,602
HIMATSEIDE,20111220,23.75,23.75,22.55,23.05,24582
HINDALCO,20111220,125.3,126.2,118.1,118.85,8372622
HINDCOMPOS,20111220,440,440.1,440,440,151
HINDCOPPER,20111220,154.5,155.65,146,147.15,22772
HINDDORROL,20111220,24.3,24.8,24,24.1,28829
HINDMOTORS,20111220,8.6,9,8.15,8.3,144636
HINDNATGLS,20111220,143,146.5,141.05,142.95,1362
HINDOILEXP,20111220,99.8,101.6,92.1,92.85,1279114
HINDPETRO,20111220,262.55,266.8,250.05,252.05,478923
HINDUJAFO,20111220,59.55,65.75,58.9,59.9,428
HINDUJAVEN,20111220,304,308,295.25,299.3,2801
HINDUNILVR,20111220,396.6,402.9,394.5,396.7,1722756
HINDZINC,20111220,118.8,121.05,116.3,117.4,417304
HIRECT,20111220,38.5,38.75,36.8,37.7,737
HITACHIHOM,20111220,102.3,102.3,95.05,96.9,11292
HITECHGEAR,20111220,120,121.65,120,120,14042
HITECHPLAS,20111220,58.75,58.75,58.75,58.75,1
HMT,20111220,29.05,29.05,26.8,27.65,54057
HMVL,20111220,131,131.9,123,125.45,2659
HNGSNGBEES,20111220,1285,1297,1283,1283,59
HOCL,20111220,16.45,16.45,15.75,16,12675
HONAUT,20111220,1702,1799,1665,1729.25,2382
HONDAPOWER,20111220,278.05,278.05,261,266.7,8324
HOPFL,20111220,50.5,52.35,47.4,48.05,429
HORIZONINF,20111220,227.3,227.3,210,221.15,490
HOTELEELA,20111220,31.15,31.35,29.65,30.15,285656
HOTELRUGBY,20111220,5.6,6,5.6,5.8,46984
HOVS,20111220,35.5,36.3,34,35.15,7658
HSIL,20111220,132.15,135.45,129,129.95,44646
HTMEDIA,20111220,114.5,116.45,114,115.1,983
HUBTOWN,20111220,178,181.4,176.2,178.95,11338
HYDRBADIND,20111220,263,267.4,257.95,258.55,5903
IBPOW,20111220,9.05,9.2,8.7,8.75,214674
IBREALEST,20111220,44.8,45.55,41.25,42.45,5208666
IBSEC,20111220,5.7,5.8,5.45,5.5,232368
IBWSL,20111220,4.6,4.8,4.6,4.6,25337
ICICIBANK,20111220,662,671,648.15,653.4,4702588
ICIL,20111220,7.55,7.55,7.55,7.55,3
ICRA,20111220,888,888,828.05,835.2,57174
ICSA,20111220,27.05,28,23.5,24.55,581919
IDBI,20111220,88.5,92,82.5,83.25,2004301
IDBIGOLD,20111220,2750,2786,2746.25,2763,87
IDEA,20111220,82.75,84.25,81.3,83.15,3569655
IDFC,20111220,103.1,104.3,100,101.05,8812275
IFBAGRO,20111220,138.05,142,136.75,136.75,2857
IFBIND,20111220,61.85,62.25,59.65,60.05,4265
IFCI,20111220,20.5,20.75,19.65,19.8,10978232
IFGLREFRAC,20111220,31,32.5,30.3,31.05,2945
IGARASHI,20111220,36.5,38.5,31.05,31.2,1359
IGL,20111220,358.55,369.05,354.25,360.35,277644
IGPL,20111220,14,14,12.65,13.05,1866
IIFLNIFTY,20111220,461.55,462.6,452.4,453.75,4276
IL&FSENGG,20111220,51.05,57.9,51.05,56.55,24516
IL&FSTRANS,20111220,155,164.95,153.35,155.65,25117
IMFA,20111220,222,239.75,214,216.2,546
IMPAL,20111220,613,622.7,610.15,611.4,1163
IMPEXFERRO,20111220,5.55,5.55,5.4,5.4,11096
INDBANK,20111220,5.75,5.9,5.3,5.45,10478
INDHOTEL,20111220,56,56.2,54.15,54.5,489818
INDIABULLS,20111220,137.6,139.95,130.1,132.45,348662
INDIACEM,20111220,68.5,69.25,65.4,65.95,1474920
INDIAGLYCO,20111220,104.1,113.6,104.1,111.45,14477
INDIAINFO,20111220,54.2,54.25,51.1,51.55,381904
INDIANB,20111220,178.05,178.7,168.5,171.05,193346
INDIANCARD,20111220,80.15,80.45,77,77.3,365
INDIANHUME,20111220,94.75,94.75,82.05,83.75,2715
INDNIPPON,20111220,152,157.35,151.2,151.7,299
INDOCO,20111220,389,389.75,383,384.2,242
INDORAMA,20111220,22.9,22.9,21.05,21.95,4596
INDOSOLAR,20111220,5.55,5.85,5.4,5.45,163251
INDOTECH,20111220,80.5,80.5,76.6,77.2,1933
INDOTHAI,20111220,10.6,10.85,10.5,10.6,41321
INDOWIND,20111220,6.9,7,6.7,6.7,501479
INDRAMEDCO,20111220,35.05,38,35.05,36.95,159988
INDSWFTLAB,20111220,79.5,81.8,77.25,78.05,181762
INDSWFTLTD,20111220,23.2,24.4,23.2,23.45,27324
INDTERRAIN,20111220,78.05,85.5,78,82.2,755
INDUSFILA,20111220,13.5,14.7,12.1,12.6,13038
INDUSINDBK,20111220,246,247.7,222.15,231.95,744209
INEABS,20111220,581.05,588.5,581.05,585.35,1380
INFINITE,20111220,61.45,64.6,56.2,59.65,7940
INFODRIVE,20111220,7.5,7.55,6.3,7,1686
INFOMEDIA,20111220,9,9.3,9,9.1,9256
INFOTECENT,20111220,114,115,111,111.75,4664
INFRABEES,20111220,214.55,214.55,205,205.71,339
INFY,20111220,2690,2698.15,2651.1,2668.75,1310576
INGERRAND,20111220,400,400,354.05,367.65,1635
INGVYSYABK,20111220,286,286.95,276.55,277.8,21077
INNOIND,20111220,81.55,86,75.2,84.65,8719
INOXLEISUR,20111220,37,38.4,37,37.3,16717
INSECTICID,20111220,398.85,401.7,394,395.8,9667
INVENTURE,20111220,150.05,153,150,150.8,1532
IOB,20111220,81.6,81.6,77.1,77.5,247180
IOC,20111220,265.15,266.85,260.75,265.35,381512
IOLCP,20111220,20.2,20.2,18.95,19,1680
IOLN,20111220,7,7,6.7,6.8,925
IPCALAB,20111220,255,257.4,245,252.1,34798
IPGETF,20111220,2710,2733,2695,2725,271
IPRINGLTD,20111220,53.25,53.25,46.05,46.05,134
IRB,20111220,148,148.9,142.3,143.6,773973
ISFT,20111220,49.5,51,49.15,50.5,423
ISMTLTD,20111220,25.95,25.95,24,24.35,23241
ITC,20111220,199,200.75,198.15,199.4,8652581
ITDCEM,20111220,120,123.45,120,120.15,130
ITI,20111220,17,17.3,16.05,16.25,41755
IVC,20111220,25.2,25.2,23.25,23.65,40337
IVP,20111220,39.75,46.8,39.75,40.75,402
IVRCLAH,20111220,22.35,23.3,21.25,21.45,32563
IVRCLINFRA,20111220,29.65,30.15,28,28.2,4882097
J&KBANK,20111220,663.55,679.05,663.55,675.4,24365
JAGRAN,20111220,94,95,92.3,93.25,17529
JAGSNPHARM,20111220,10.05,10.25,9.85,9.95,19338
JAIBALAJI,20111220,34,35.7,33.5,35.1,74322
JAICORPLTD,20111220,51,51,45.65,46.35,501593
JAMNAAUTO,20111220,90,90,80,80.05,2461
JAYAGROGN,20111220,80,82,79.6,81.25,7259
JAYBARMARU,20111220,41.5,42.95,37.25,38.75,548
JAYNECOIND,20111220,12.4,12.85,11.4,11.55,56695
JAYSREETEA,20111220,86.05,89.35,82.05,83.35,37516
JBCHEPHARM,20111220,67.9,67.9,65.5,66.25,121681
JBFIND,20111220,97,98,92,92.95,355627
JBMA,20111220,49.2,49.2,46.8,46.8,200
JCTEL,20111220,0.85,0.85,0.8,0.8,143143
JDORGOCHEM,20111220,3.7,3.7,3.7,3.7,600
JENSONICOL,20111220,3.2,3.2,2.8,2.85,13315
JETAIRWAYS,20111220,193.05,193.05,175.25,176.95,1422971
JHS,20111220,35.45,35.45,32.3,33.2,14434
JIKIND,20111220,4.15,4.55,3.8,4.3,25190
JINDALPHOT,20111220,100.1,119.35,100.1,116,27677
JINDALPOLY,20111220,149.3,157,146.1,155.05,274856
JINDALSAW,20111220,120.25,120.5,113,114.95,314019
JINDALSTEL,20111220,504.4,504.4,472.75,479.9,2302829
JINDALSWHL,20111220,385.05,404.95,354.5,358.6,116964
JINDCOT,20111220,49.6,51.9,40.05,49.35,189016
JINDRILL,20111220,290,308,290,296.05,3513
JINDWORLD,20111220,70,74.8,69.5,71.8,848
JISLDVREQS,20111220,35.65,35.65,35.65,35.65,3890
JISLJALEQS,20111220,86.6,88.15,74.5,76.15,3432682
JKCEMENT,20111220,101,102.7,99,99.25,26181
JKIL,20111220,157,157.5,152,155.95,6081
JKLAKSHMI,20111220,38.05,38.95,37.9,38.4,31983
JKPAPER,20111220,35,35.35,34.3,34.55,117162
JKTYRE,20111220,59,60.8,58.05,58.9,21470
JMCPROJECT,20111220,94,94,86,88.55,4277
JMFINANCIL,20111220,12.15,12.5,11.6,11.85,266920
JMTAUTOLTD,20111220,50.8,50.8,50.8,50.8,7
JOCIL,20111220,98,98,93,96.5,156
JPASSOCIAT,20111220,58.3,58.4,52.85,53.45,27988968
JPINFRATEC,20111220,36.6,36.6,33,33.5,635784
JPPOWER,20111220,35.45,35.85,33.5,33.75,562820
JSL,20111220,71.65,74.9,71.2,73,90894
JSWENERGY,20111220,39,40,37.6,38.4,507998
JSWISPAT,20111220,9.95,10,9.6,9.7,815304
JSWSTEEL,20111220,493,502.55,462.35,469.15,2665771
JUBILANT,20111220,169.5,170,161.25,164.5,846847
JUBLFOOD,20111220,762,776.7,696.4,711.25,1466375
JUBLINDS,20111220,196.9,196.9,180,180.8,5528
JUMBO,20111220,13,13.2,12.7,13.2,282
JUNIORBEES,20111220,86,87.7,83.45,83.82,23463
JUPITER,20111220,9.45,9.45,8.6,8.7,124944
JVLAGRO,20111220,13.95,14.45,13.6,14.2,50076
JYOTHYLAB,20111220,163.5,164,160.5,162.6,20232
JYOTISTRUC,20111220,38.35,38.75,36.75,37.25,58210
KABRAEXTRU,20111220,32.05,32.9,31.6,31.95,1276
KAJARIACER,20111220,97,99.8,95,95.5,49943
KAKATCEM,20111220,63.5,64,60,60.9,1059
KALECONSUL,20111220,100.5,104.5,96.75,97.45,28040
KALINDEE,20111220,94.8,94.9,92,92.5,135192
KALPATPOWR,20111220,90.3,94.75,90,90.2,7892
KAMATHOTEL,20111220,84,90,80.1,85.3,20083
KANANIIND,20111220,144,159,141.5,145.4,6007
KANORICHEM,20111220,25.95,25.95,24.05,24.05,4332
KANSAINER,20111220,861,876.05,861,874.85,1409
KARURKCP,20111220,17.7,18.65,15.2,18.35,3346
KARURVYSYA,20111220,355.55,355.55,350.1,351.25,54781
KAUSHALYA,20111220,5.45,5.9,5.05,5.5,7877
KAVVERITEL,20111220,124,125.15,121,123.5,37302
KBIL,20111220,646,717,635,683.3,2524
KCP,20111220,23.15,23.75,22.55,22.95,21252
KCPSUGIND,20111220,14.45,15,13.5,13.7,18197
KEC,20111220,32.55,33,31.7,32.5,823483
KECL,20111220,26.05,27.8,26,26.95,6471
KEI,20111220,14.4,14.4,12.9,13,45119
KEMROCK,20111220,510,512.85,505.1,510.25,14015
KERNEX,20111220,57.9,58.7,54.65,55.15,54495
KESORAMIND,20111220,94.1,94.75,91,91.35,9201
KEYCORPSER,20111220,38.25,38.25,38.25,38.25,1
KFA,20111220,22,22.3,20.85,21.4,3613570
KGL,20111220,4.15,4.3,4.05,4.15,1073273
KHAITANELE,20111220,75,81.45,65.25,74.55,10922
KHAITANLTD,20111220,17.95,18,16.6,16.6,220
KHANDSE,20111220,19,19,18.05,18.5,684
KICL,20111220,350.9,380,350,350,107
KIL,20111220,11.5,12.15,11.25,12.1,2695
KILITCH,20111220,47.95,50.4,47.95,50.4,625
KINETICMOT,20111220,11.95,11.95,10.25,10.7,27220
KIRIINDUS,20111220,52.7,52.7,50,50.2,17186
KIRLOSBROS,20111220,111.1,115.5,110,111.85,2563
KIRLOSENG,20111220,119,119,113,114.2,2128
KIRLOSIND,20111220,230.05,249,230,236.35,6366
KITPLYIND,20111220,3.1,3.1,2.55,2.6,4798
KKCL,20111220,666.9,666.9,619.95,623.8,467
KLGSYSTEL,20111220,22.35,22.35,18.7,19.35,21582
KLRF,20111220,23.3,25,23.25,25,628
KMSUGAR,20111220,2,2.05,1.85,1.9,1722
KNRCON,20111220,104.85,105.9,94,97.05,38339
KOHINOOR,20111220,32.9,33,30.5,30.8,19879
KOLTEPATIL,20111220,31.25,32.3,30.5,30.95,13792
KOPRAN,20111220,14.65,15.25,13.8,14.15,21003
KOTAKBANK,20111220,470,472.7,440,445.05,1639430
KOTAKGOLD,20111220,2645.2,2660,2633.1,2653.6,12322
KOTAKNIFTY,20111220,472,475,465.5,469.02,651
KOTAKPSUBK,20111220,294,294,282,283.5,487
KOTARISUG,20111220,5.25,5.8,5.25,5.55,25011
KOTHARIPET,20111220,5.55,5.8,5.55,5.8,1711
KOTHARIPRO,20111220,368.4,368.4,351,351.6,2736
KOUTONS,20111220,16.2,16.5,15.25,15.5,55233
KPIT,20111220,139.05,145.2,136.5,137.6,122242
KPRMILL,20111220,87.55,88.3,82,84.25,706
KRBL,20111220,14.45,14.45,13.1,13.25,492416
KRISHNAENG,20111220,2,2.55,2,2.5,626
KSBPUMPS,20111220,146,148.2,141.1,143.8,1053
KSCL,20111220,425,442.05,422,424.9,11481
KSE,20111220,221,221.75,203,209.85,207
KSERASERA,20111220,2.45,2.6,2.4,2.5,55348
KSK,20111220,35.1,36,33.35,34.8,44722
KSL,20111220,34.7,36.5,31.4,33.9,21270
KSOILS,20111220,6,6.1,5.75,5.85,3417571
KTIL,20111220,58,58,58,58,18
KTKBANK,20111220,70.2,70.2,67.6,68.4,430643
KWALITY,20111220,33.5,34.1,33.25,33.7,885773
L&TFH,20111220,43.05,43.85,42.1,42.5,299070
LAKPRE,20111220,34,36,34,35.9,383
LAKSHMIEFL,20111220,14.5,14.75,14,14.55,11738
LAKSHMIMIL,20111220,1501,1580,1415,1450,99
LAKSHVILAS,20111220,82,82.45,80,81.25,121361
LANCOIN,20111220,19.5,19.5,19,19.35,8454
LAOPALA,20111220,96.5,100.95,96,98.65,4331
LAXMIMACH,20111220,1450,1472.95,1421.3,1446.2,8971
LCCINFOTEC,20111220,0.35,0.4,0.35,0.4,8482
LGBBROSLTD,20111220,280,285,280,281.15,967
LGBFORGE,20111220,2.75,2.95,2.75,2.95,21823
LIBERTSHOE,20111220,59.4,59.4,56.8,57.8,8183
LICHSGFIN,20111220,215.85,217.4,210.4,213.35,2821284
LIQUIDBEES,20111220,999.99,1000.01,999.99,999.99,210243
LITL,20111220,9.2,9.45,9,9.1,8794858
LLOYDELENG,20111220,37.1,38.5,36.55,37.4,5622
LLOYDFIN,20111220,0.9,0.9,0.75,0.75,2312
LLOYDSTEEL,20111220,7.15,7.2,6.8,6.85,106960
LML,20111220,7.5,7.5,7.1,7.2,89912
LOGIXMICRO,20111220,16.8,17.15,16.4,17.15,8191
LOKESHMACH,20111220,38.1,39.5,38.1,38.85,5187
LOTUSEYE,20111220,8.9,8.9,7.5,7.6,9567
LOVABLE,20111220,292.4,300.75,287.5,290.5,568529
LPDC,20111220,1.95,1.95,1.85,1.9,850
LT,20111220,1028.3,1032.7,970.5,977.7,5491598
LUMAXAUTO,20111220,26.35,26.5,26.3,26.5,51
LUMAXIND,20111220,375,378.95,370,375.55,3377
LUMAXTECH,20111220,137,138.95,132.1,135,7498
LUPIN,20111220,430,436.55,422,427.2,1111903
LYKALABS,20111220,8.85,9.25,8.8,8.9,4868
M&M,20111220,656,658.4,632.2,649.85,2584294
M&MFIN,20111220,631.75,631.75,602.25,609.1,26303
M100,20111220,6.15,6.25,6.02,6.05,31796
M50,20111220,61.03,61.77,60,60.15,11050
MAANALU,20111220,42.5,42.5,35.4,36.65,522
MADHAV,20111220,16.4,16.4,15.1,15.35,752
MADHUCON,20111220,49.55,51.05,43.65,50.55,16491
MADRASCEM,20111220,103.25,105.9,100.05,100.5,132824
MADRASFERT,20111220,16.25,16.4,15.7,15.8,63827
MAGMA,20111220,50,52.75,48,51,113133
MAGNUM,20111220,3.2,3.4,3.1,3.2,8348
MAHABANK,20111220,42.95,43.5,40.1,40.3,52121
MAHINDFORG,20111220,47,48.65,47,47.3,4913
MAHINDUGIN,20111220,51.3,51.3,45.15,45.45,15241
MAHLIFE,20111220,244,246.9,241,241.4,2678
MAHSCOOTER,20111220,285.5,296.9,285.5,288.55,1700
MAHSEAMLES,20111220,334,339,332.75,334,5565
MALUPAPER,20111220,9.2,9.8,9.2,9.8,1100
MALWACOTT,20111220,17.1,19.95,17.05,18.1,1858
MANAKSIA,20111220,45.5,45.5,40.9,41.05,10093
MANALIPETC,20111220,8.5,8.95,8.25,8.4,37264
MANAPPURAM,20111220,43.95,44.65,42,43.35,943700
MANDHANA,20111220,217,217.6,213,215.8,73810
MANGALAM,20111220,11.5,11.85,11.1,11.35,11438
MANGCHEFER,20111220,35.45,35.45,34.05,34.25,183462
MANGLMCEM,20111220,89.25,89.25,86.15,86.6,8476
MANGTIMBER,20111220,20.15,20.9,19.5,19.6,3008
MANINDS,20111220,103,109.9,103,109.4,9600
MANINFRA,20111220,94.4,97,91,96,15350
MANJEERA,20111220,83.6,83.9,80,83.9,15
MANJUSHREE,20111220,74.3,77,74.3,75.65,25783
MANUGRAPH,20111220,46,49.6,46,48.05,12911
MARALOVER,20111220,8.95,8.95,8.95,8.95,50
MARG,20111220,75.05,76.9,74.75,75.65,82141
MARICO,20111220,141.95,144.4,139,142.3,235558
MARKSANS,20111220,1.8,1.8,1.7,1.75,47786
MARUTI,20111220,924,926.9,908.7,916.15,366360
MASTEK,20111220,75,77.55,74,76.55,12686
MAWANASUG,20111220,12.35,15.55,12,13.7,11837
MAX,20111220,151.05,151.95,148,150,286805
MAXWELL,20111220,22,22,21.1,21.1,12747
MBECL,20111220,86.6,86.6,81,83.1,3098
MBLINFRA,20111220,99,101.75,93,99.55,18211
MBSWITCH,20111220,71.75,74.9,69.1,70.25,25158
MCDHOLDING,20111220,37,37,34.3,34.85,11827
MCDOWELL-N,20111220,629.5,630,585.5,605.9,476961
MCLEODRUSS,20111220,180.6,195,180.05,190.8,312526
MEGASOFT,20111220,9.8,10,9.35,9.65,18804
MEGH,20111220,8.1,8.5,7.8,8.05,38892
MELSTAR,20111220,7,7,7,7,50
MERCATOR,20111220,17.3,17.55,15.9,16.4,1164606
MERCK,20111220,605,605,585.2,587.9,1657
MHRIL,20111220,253,287,253,280.35,2338
MIC,20111220,6.2,6.2,5.7,5.85,177794
MICROSEC,20111220,26.6,26.85,26.3,26.45,5255
MICROTECH,20111220,154.65,154.65,151,152.4,30407
MINDAIND,20111220,150,150,150,150,453
MINDTREE,20111220,395.8,411.6,394.2,402.6,44263
MIRCELECTR,20111220,15.3,15.7,14.45,15.45,134250
MIRZAINT,20111220,17,17,16.05,16.1,98863
MMFL,20111220,82.35,87.9,82.35,83.05,652
MMFSL,20111220,90.4,90.4,83,84.5,8381
MMTC,20111220,458.1,476,439.2,442.5,4671
MOIL,20111220,223.3,226.95,222,223.05,69971
MONNETISPA,20111220,366,369.4,357.6,360,42206
MONSANTO,20111220,685,685,650,678.85,1078
MORARJETEX,20111220,10.5,12.05,10.45,11.45,1634
MOREPENLAB,20111220,3.05,3.05,2.8,2.9,164660
MOSERBAER,20111220,13.55,14.15,13.25,13.4,526362
MOTHERSUMI,20111220,138,140.1,135.6,137.2,14305
MOTILALOFS,20111220,79.15,81.25,78.1,79,2867
MOTOGENFIN,20111220,35.1,35.2,33.65,34.95,1265
MPHASIS,20111220,339.95,339.95,324,327.65,105577
MPSLTD,20111220,36.1,36.15,36.1,36.15,2426
MRF,20111220,7040,7070,6910,6960.95,5136
MRO-TEK,20111220,7.5,8.45,7.5,7.95,841
MRPL,20111220,56,56.9,53.3,53.6,157302
MSPL,20111220,30.15,30.15,26.6,27.3,8004
MTNL,20111220,24.1,24.1,22.6,22.9,368902
MUDRA,20111220,14.5,15.45,14.4,14.7,8557
MUKANDENGG,20111220,20.5,21.6,20.5,20.65,1003
MUKANDLTD,20111220,26.1,27.25,25,25.95,13602
MUKTAARTS,20111220,29,31.5,28.55,30.45,651
MUNDRAPORT,20111220,120.9,123.8,117.7,121.5,2207343
MUNJALAU,20111220,184.9,184.9,171.1,172.15,3275
MUNJALSHOW,20111220,57.05,62.95,57.05,60.2,4760
MURUDCERA,20111220,14.3,14.35,13.7,13.8,198
MUTHOOTFIN,20111220,156.2,158.6,153.5,154.8,142800
MVL,20111220,21.45,21.75,19.3,19.6,455983
MVLIND,20111220,9.5,9.9,9.5,9.8,353
MYSOREBANK,20111220,430,436.95,415.05,417.4,1087
N100,20111220,115,116.68,113.1,116.04,19600
NAGREEKCAP,20111220,15.5,15.5,15.5,15.5,250
NAGREEKEXP,20111220,14.1,14.1,14.1,14.1,55
NAHARCAP,20111220,39.5,41.4,38.15,38.45,596
NAHARINDUS,20111220,31.5,31.5,30.15,31,655
NAHARPOLY,20111220,18.3,18.5,18.3,18.5,420
NAHARSPING,20111220,50,50,45,45.95,3022
NANDAN,20111220,1.8,1.85,1.75,1.8,27648
NATCOPHARM,20111220,228.75,229,221,225.9,15692
NATHSEED,20111220,7.4,7.5,7.3,7.35,1077
NATIONALUM,20111220,50,50.95,49.25,50.2,96061
NATNLSTEEL,20111220,12.5,13.5,12.2,12.85,15652
NAUKRI,20111220,597,604,574.1,584.4,599
NAVINFLUOR,20111220,295,297.9,284,284.75,7241
NAVNETPUBL,20111220,51.25,52.25,50.7,51.5,19377
NBVENTURES,20111220,180.05,182.65,173.35,178.7,4856
NCC,20111220,35.9,37.6,34.35,34.75,1385882
NCLIND,20111220,33.05,33.2,31.55,31.6,16571
NCOPPER,20111220,16.05,17,15.4,16.7,34269
NDTV,20111220,21,28.7,21,25.8,768631
NECLIFE,20111220,17.3,17.3,15.7,15.9,39231
NEHAINT,20111220,28.95,28.95,28.95,28.95,632
NELCAST,20111220,22.8,23.2,21.45,22.05,55617
NELCO,20111220,39.9,39.95,37.25,37.85,21069
NEPCMICON,20111220,2.95,2.95,2.65,2.75,18627
NESCO,20111220,549.8,549.8,530.6,535.1,3516
NESTLEIND,20111220,4189,4199.9,4012,4114.25,18419
NET4,20111220,149,149,148.05,148.3,28529
NETWORK18,20111220,38,43.3,37.5,38.6,1224841
NEULANDLAB,20111220,73.1,73.1,69.1,70,4516
NEXTMEDIA,20111220,3.9,3.9,3.35,3.6,28299
NEYVELILIG,20111220,70.75,70.9,69.1,70,51369
NFL,20111220,46.6,47.5,44.5,44.8,11178
NHPC,20111220,19,19.35,18.35,18.55,5068709
NICCO,20111220,1.7,1.7,1.3,1.3,68514
NIFTYBEES,20111220,477,477,462.85,463.86,186232
NIITLTD,20111220,38,38,36.15,36.55,64476
NIITTECH,20111220,178,180,167,167.95,41837
NILKAMAL,20111220,198.05,198.05,185,188.3,3209
NIPPOBATRY,20111220,384,384,370.2,374.6,398
NITCO,20111220,32.6,33.45,31.55,32.1,4260
NITESHEST,20111220,15.4,15.8,14.3,15.4,63625
NITINFIRE,20111220,24.75,25.4,23.25,23.75,94498
NITINSPIN,20111220,5.6,6,5.5,5.9,20436
NMDC,20111220,145.4,146.75,135.6,136.95,461247
NOCIL,20111220,15.05,15.9,15.05,15.5,87433
NOIDATOLL,20111220,20,20.05,19.6,19.85,289639
NOL,20111220,39.35,39.35,39.35,39.35,204
NORBTEAEXP,20111220,4.9,5,4.35,4.8,2111
NORTHGATE,20111220,7.9,7.9,7.1,7.65,6443
NRBBEARING,20111220,35.25,35.25,34,34.3,3293
NRC,20111220,3,3.25,2.8,3,2450
NSIL,20111220,536.25,539.95,535,535.25,184
NTPC,20111220,160.3,161.8,154.1,154.9,3952329
NUCHEM,20111220,2.2,2.4,2.1,2.15,15956
NUCLEUS,20111220,56.65,60.8,56.1,59.6,31908
NUMERICPW,20111220,170,170,157.9,162.4,2870
NUTEK,20111220,1.35,1.4,1.35,1.35,224964
OBEROIRLTY,20111220,215,216,212.15,212.85,8800
OCL,20111220,85.5,87,85.5,86.35,3674
OFSS,20111220,1929.6,1950,1865.25,1911.6,26209
OIL,20111220,1160.05,1165,1141.5,1154.5,61574
OILCOUNTUB,20111220,44.1,47,44.1,46.2,4059
OISL,20111220,41.6,43.95,40.5,40.85,7452
OMAXAUTO,20111220,32.65,34,32.6,33.15,2656
OMAXE,20111220,133.3,133.3,128.2,132.1,96196
OMKARCHEM,20111220,58.75,60.5,58,59.25,1582
OMMETALS,20111220,24.85,24.85,24,24.5,742
OMNITECH,20111220,130,133.75,127,130.9,3274
ONELIFECAP,20111220,231.1,232,216.05,217.75,303696
ONGC,20111220,251.4,254.95,248.75,252.9,2541824
ONMOBILE,20111220,63,65.35,60.75,64.25,496236
ONWARDTEC,20111220,35,37.35,35,37.25,3139
OPTOCIRCUI,20111220,190.3,191,183,184.25,245993
ORBITCORP,20111220,26,26.8,24.85,25.35,200071
ORCHIDCHEM,20111220,128.8,136.35,126.4,131.5,5172322
ORIENTABRA,20111220,9.35,9.8,9.05,9.2,9926
ORIENTALTL,20111220,6.1,7.7,5.6,6.65,3637
ORIENTBANK,20111220,234.95,234.95,221,223.45,287240
ORIENTCERA,20111220,45.95,45.95,40.1,45.5,26
ORIENTHOT,20111220,24.65,26.7,24.05,25.15,7834
ORIENTLTD,20111220,88.85,90.85,85.05,85.05,4
ORIENTPPR,20111220,44.9,45.5,43.7,44.35,10131
ORISSAMINE,20111220,29700,29700,26886.1,27303.05,1322
OUDHSUG,20111220,21.55,23.4,21.55,22.4,3390
PAEL,20111220,16,16,15.2,15.2,3101
PAGEIND,20111220,2415,2449.8,2290,2311,5404
PANACEABIO,20111220,81.85,85.4,74.55,82.6,100324
PANAMAPET,20111220,211,212.9,209.4,210.05,2096
PANASONIC,20111220,69.4,76,69.4,72.2,213
PANCARBON,20111220,118,118,115.05,115.05,195
PANORAMUNI,20111220,7.5,7.95,6.95,7.2,5794
PANTALOONR,20111220,140,143.55,131.6,136.45,5142030
PAPERPROD,20111220,61.25,62.75,59.65,60,72751
PARABDRUGS,20111220,24.55,31.7,24.55,30.15,24751
PARACABLES,20111220,2,2.2,2,2.05,7321
PARAL,20111220,170.05,174.95,170.05,171.55,4324
PARAPRINT,20111220,5.8,5.8,5.7,5.8,191465
PARASPETRO,20111220,0.4,0.45,0.4,0.4,9664
PARRYSUGAR,20111220,91,91,90.3,90.3,124
PARSVNATH,20111220,41.9,42.25,40.5,41.25,462995
PATELENG,20111220,75.05,76.5,73.1,73.55,152683
PATINTLOG,20111220,19.55,20.45,19.25,19.7,1608
PATNI,20111220,448.85,448.9,444,444.9,145494
PATSPINLTD,20111220,9.5,9.5,8.2,8.5,1447
PBAINFRA,20111220,28.9,29.25,27,27.2,5753
PDPL,20111220,99,101.9,96,97.65,1163
PDUMJEIND,20111220,13.3,13.3,13.3,13.3,31
PDUMJEPULP,20111220,16,16,14.3,14.35,5154
PEACOCKIND,20111220,3,3.45,2.75,2.9,197
PEARLPOLY,20111220,12.95,13.5,12,13.35,1661
PENIND,20111220,37.1,37.9,36.5,37,54515
PENINLAND,20111220,30.7,31.9,29.2,30.45,22206
PERIATEA,20111220,125,130,125,125.35,201
PERSISTENT,20111220,308.9,308.9,298.1,302.15,11833
PETRONENGG,20111220,225.65,250,216,221.95,1949
PETRONET,20111220,162,164,160.05,160.55,963501
PFC,20111220,142.7,143.6,137.5,139.25,2669767
PFIZER,20111220,1135,1140,1095.7,1118.15,4832
PFOCUS,20111220,42,45.75,41.45,44.1,354407
PFS,20111220,10.45,10.5,9.75,9.8,166543
PGEL,20111220,212,245.4,204.55,214.75,13347
PGHH,20111220,1760,1770,1730,1737.25,637
PHILIPCARB,20111220,78.2,81.9,77.4,78,12121
PHOENIXLTD,20111220,163.5,163.5,150,152.55,13746
PIDILITIND,20111220,139,139.5,135.2,136.3,20378
PIIND,20111220,465,509.9,465,496.35,67960
PIONDIST,20111220,40,40,32,32.45,941
PIONEEREMB,20111220,10.2,11.4,10.2,10.35,1853
PIPAVAVDOC,20111220,67,67.3,65.8,66.55,1137679
PIRGLASS,20111220,102,102,94,94.5,10654
PIRHEALTH,20111220,370.95,373.5,362.55,369.65,148018
PIRLIFE,20111220,96.95,96.95,94.55,96.2,78699
PITTILAM,20111220,51.65,52.3,50,50.75,8134
PLASTIBLEN,20111220,150.45,150.45,139.8,142.9,605
PLETHICO,20111220,368.5,370,342,345.3,25089
PNB,20111220,800,809,771,778.1,488531
PNBGILTS,20111220,23.3,23.95,23.3,23.6,23759
PNC,20111220,11.95,11.95,9.7,10.25,14206
POCHIRAJU,20111220,9.5,10.1,9.5,9.9,3945
POLARIND,20111220,2.9,3,2.85,3,1321
POLARIS,20111220,117.9,119.2,116.5,117.35,301311
POLYMED,20111220,204.05,210,196,205.6,254
POLYPLEX,20111220,160,160,153.55,154.45,32331
PONDYOXIDE,20111220,22.1,22.8,21,21.1,19867
PONNIERODE,20111220,74,75.9,72.2,73.1,523
POWERGRID,20111220,99.45,99.45,96.75,97.55,3752246
PPAP,20111220,64.5,65,61.05,62.65,1519
PRADIP,20111220,105.55,105.6,99.6,100.5,85392
PRAENG,20111220,3.05,3.15,2.7,2.75,290263
PRAJIND,20111220,71.6,72.9,67.75,69.95,992575
PRAKASH,20111220,29,29,27.4,27.6,147316
PRAKASHCON,20111220,213.9,233.85,209.6,229.6,549608
PRAKASHSTL,20111220,116.5,119.5,114.8,115.15,12977
PRATIBHA,20111220,31.2,32.5,28.5,29.15,154789
PRECOT,20111220,76.8,76.8,72.1,72.8,406
PRECWIRE,20111220,72.5,74,72,73.95,379
PREMIER,20111220,66.15,69.95,63.65,64.5,628
PRESTIGE,20111220,61.05,61.8,57.55,59.9,161942
PRETAILDVR,20111220,89.8,89.8,82.25,86.4,21955
PRICOL,20111220,12.65,12.95,12.6,12.7,13328
PRIMESECU,20111220,11.75,12.25,11.05,11.4,3836
PRISMCEM,20111220,36.1,37.5,35.8,37.3,89864
PRITHVI,20111220,13.25,13.5,12,12.6,69816
PROVOGUE,20111220,17.75,18.5,17.15,18.15,178702
PSB,20111220,63,63.65,61.3,61.85,39347
PSL,20111220,53.05,53.9,50.1,51.3,53655
PSUBNKBEES,20111220,280,280,267,268.51,961
PTC,20111220,42.05,42.05,39.65,39.95,1046440
PTL,20111220,33.05,33.9,31.7,32.55,2909
PUNJABCHEM,20111220,49.05,49.9,48.75,48.75,299
PUNJLLOYD,20111220,39.05,39.2,37,37.55,2789363
PURVA,20111220,57.4,61.8,56.7,58.6,2486
PVP,20111220,4.5,4.6,4.25,4.25,40216
PVR,20111220,123,123,115.05,118.4,25491
QGOLDHALF,20111220,1315,1323,1311.15,1321.25,674
QNIFTY,20111220,470,470,466,466.63,88
QUINTEGRA,20111220,2.15,2.15,1.9,2,9829
RADAAN,20111220,1.85,1.85,1.7,1.75,9277
RADICO,20111220,117.5,118,111,112,517940
RAINBOWPAP,20111220,60.5,60.95,59.8,60.1,67718
RAINCOM,20111220,29.75,29.75,28.8,29.25,526257
RAJESHEXPO,20111220,129.4,130,124.15,125.55,240234
RAJOIL,20111220,10.6,10.6,9.9,9.95,46765
RAJPALAYAM,20111220,177,177.1,173.05,173.05,329
RAJRAYON,20111220,7.5,7.65,7.5,7.5,1762
RAJSREESUG,20111220,31.5,31.5,29.95,30.65,4401
RAJTV,20111220,71.3,72.3,67.55,70.15,12109
RAJVIR,20111220,79.05,92.4,79,83.3,472
RALLIS,20111220,130,131,123.25,126.8,275932
RAMANEWS,20111220,8,8.1,7.5,8,18988
RAMCOIND,20111220,35.75,35.75,33,33.55,88229
RAMCOSYS,20111220,63,65,58.6,60.2,8963
RAMKY,20111220,195.6,199.8,193,194,12890
RAMSARUP,20111220,7.65,8.1,7.6,7.9,27658
RANASUG,20111220,2.75,2.8,2.6,2.75,103350
RANBAXY,20111220,384.25,398.8,382.15,394.55,1046555
RANEENGINE,20111220,177,177,161.15,163.1,161
RANEHOLDIN,20111220,190,190,190,190,491
RANKLIN,20111220,12.6,12.6,10.5,10.8,18072
RASOYPR,20111220,29.5,29.6,28.95,29.6,620
RATNAMANI,20111220,99,101.95,92.7,98.2,626
RAYMOND,20111220,345,345.95,325.15,327.5,206137
RBL,20111220,105,105.15,100,100.45,992
RBN,20111220,40.55,42.45,40.5,41.3,15793
RCF,20111220,44.05,44.2,42.05,42.15,235654
RCOM,20111220,65.3,65.5,60.8,62.1,6875542
RECLTD,20111220,164.6,166.85,155.55,157.1,1734980
REDINGTON,20111220,79.1,80.8,65.6,71.8,1215226
REFEX,20111220,10.6,10.9,10.35,10.4,3372
REIAGROLTD,20111220,18.35,18.45,17.35,17.4,751979
REISIXTEN,20111220,14.5,14.95,13.85,14.35,3689
RELAXO,20111220,247,269.9,247,267.7,289
RELBANK,20111220,742,754,735,739.66,74
RELCAPITAL,20111220,241.7,244.65,230,232.7,2815681
RELGOLD,20111220,2576,2589.95,2565,2580.5,8628
RELGRNIFTY,20111220,450,459.99,437.2,443.64,2637
RELIANCE,20111220,741.7,741.7,709.2,713.45,5550563
RELIGARE,20111220,400,401,395,398.6,6018
RELIGAREGO,20111220,2710,2734.5,2702.05,2712.2,245
RELINFRA,20111220,352,357.4,343.3,346.7,1836780
RELMEDIA,20111220,68.5,70,66.1,67.95,138119
RENUKA,20111220,25.2,25.7,23.95,24.05,8218858
REPRO,20111220,148,153.9,148,148.8,8965
RESPONIND,20111220,101,101,83,98.7,2423
RESURGERE,20111220,0.25,0.25,0.2,0.2,1036042
REVATHI,20111220,309.9,330,307.1,310.4,178
RICOAUTO,20111220,8,8.7,7.5,7.85,389035
RIIL,20111220,292.75,296.85,277.5,281.3,48190
RJL,20111220,80.5,80.5,70.5,71.4,710
RKDL,20111220,10.95,12.5,8.65,9,1478936
RKFORGE,20111220,90.95,90.95,83,87.45,2586
RMCL,20111220,6.4,6.4,5.4,5.4,3951
RML,20111220,97.5,101.75,95.05,95.05,182
ROHITFERRO,20111220,22.8,23.6,22.25,22.4,31818
ROHLTD,20111220,43.65,45.45,42.55,43.25,2015
ROLTA,20111220,52.8,53.05,50,50.4,578296
ROMAN,20111220,17.1,18,16.1,16.4,16976
RPGLIFE,20111220,68.25,75.45,66.5,69.1,3695
RPOWER,20111220,73.6,74,70,70.3,3853965
RPPINFRA,20111220,53.95,54,49.05,49.9,5826
RSSOFTWARE,20111220,45.25,45.45,44.6,45.15,2122
RSWM,20111220,65,65.15,63.7,64.2,3102
RUBYMILLS,20111220,608,628.35,608,611.7,65
RUCHINFRA,20111220,13.3,14.7,13.3,13.65,34112
RUCHIRA,20111220,8.35,9.25,8.3,9,55616
RUCHISOYA,20111220,104.7,104.7,97.6,99.3,267728
RUPA,20111220,140,148,140,145,5947
RUSHIL,20111220,125.5,129.7,120,120.15,125691
SABERORGAN,20111220,64.85,64.85,64.85,64.85,5680
SABTN,20111220,61,61,57.8,58.55,13901
SADBHAV,20111220,102.3,105,100,101.9,120431
SAGCEM,20111220,136.35,136.5,136,136,800
SAHPETRO,20111220,24.8,24.8,24,24.4,75
SAIL,20111220,77.2,79.1,76.15,77.05,6179233
SAKHTISUG,20111220,19.2,20.35,19.15,19.3,25701
SAKSOFT,20111220,38.55,42.45,38.55,42.4,112
SAKUMA,20111220,11.7,11.85,11.05,11.65,1503
SALONACOT,20111220,14.05,14.05,14,14,3
SALORAINTL,20111220,20.95,21.05,17.8,21,3560
SALSTEEL,20111220,4.5,4.5,4.15,4.35,5241
SAMBANDAM,20111220,67,68.85,55.05,55.65,214
SANDESH,20111220,236.25,249,236.25,245.7,62
SANGAMIND,20111220,35.1,36.4,34.55,35.25,30810
SANGHIIND,20111220,15.9,16.25,15,15.8,24718
SANGHVIFOR,20111220,23,23.7,22.8,23.05,5789
SANGHVIMOV,20111220,88.55,90,88.55,89.3,8330
SANWARIA,20111220,10.5,10.5,9.9,9.95,58721
SARDAEN,20111220,78.5,79.9,75.65,76.8,4731
SAREGAMA,20111220,60.9,60.9,57.5,57.8,3523
SARLAPOLY,20111220,81.65,81.65,81.6,81.6,4000
SARTHAKIND,20111220,24.95,24.95,24.95,24.95,15
SASKEN,20111220,94,94.2,92.6,93.2,21587
SATHAISPAT,20111220,25.05,25.2,24.6,25,24670
SATYAMCOMP,20111220,64.1,68.2,64.05,64.65,4320145
SAVERA,20111220,30,32,30,30.85,248
SB&TINTL,20111220,9.95,10.45,9.5,9.5,18551
SBBJ,20111220,310,319.5,307,308.6,7397
SBIGETS,20111220,2700,2708,2691.85,2702.6,6417
SBIN,20111220,1632,1649,1571.1,1578.5,3398804
SBT,20111220,479.75,479.75,460,462.6,9318
SCI,20111220,51.5,51.7,49.45,49.85,484697
SEAMECLTD,20111220,79,81.25,79,80.8,2360
SEINV,20111220,158.3,168,158.3,165.2,9684
SELAN,20111220,242,242,231.5,233.6,8612
SELMCL,20111220,9.05,9.45,8.4,8.9,184413
SERVALL,20111220,4.1,4.25,3.95,4.05,28848
SESAGOA,20111220,161.2,161.2,148.3,149.6,3065615
SESHAPAPER,20111220,190,190,177,179.35,457
SEZAL,20111220,12.1,13.7,12.1,13.05,1825
SGJHL,20111220,103.4,104.95,85.2,94.15,155038
SHAHALLOYS,20111220,6.05,6.05,6.05,6.05,5
SHAKTIPUMP,20111220,29.8,32,28.1,31.05,1358
SHALPAINTS,20111220,355,355,328.95,329.15,4128
SHANTIGEAR,20111220,31.8,34,30.7,31.35,39024
SHARIABEES,20111220,111.95,111.95,110,110,9
SHARONBIO,20111220,295.95,296.95,290,295.1,17915
SHARRESLTD,20111220,50.5,51.6,50,50.05,33571
SHASUNPHAR,20111220,41.1,41.1,39.15,39.85,16927
SHILPAMED,20111220,141,145.5,141,142.6,1732
SHILPI,20111220,9.2,9.85,9.05,9.3,8850
SHIV-VANI,20111220,180,185,175.1,179.9,9977
SHIVAMAUTO,20111220,89.2,89.2,85.2,88,167
SHIVTEX,20111220,16.8,17.45,16.8,17,2922
SHLAKSHMI,20111220,97.5,99.95,93,97.35,242121
SHOPERSTOP,20111220,270.1,283.95,257.2,265.8,52338
SHPRE,20111220,3.75,4,3.75,4,1161
SHREEASHTA,20111220,3.9,4,3.85,3.9,2121262
SHREECEM,20111220,1981.1,2008.95,1950.15,1981,2328
SHREERAMA,20111220,3.25,3.45,3.15,3.35,4097
SHRENUJ,20111220,53,55.5,51,52.35,2262
SHREYANIND,20111220,18.1,18.1,18.1,18.1,1
SHREYAS,20111220,22,23.5,21.5,21.95,501
SHRIRAMCIT,20111220,470,477.9,470,473.25,8964
SHRIRAMEPC,20111220,88.5,88.5,82.55,84.4,968
SHYAMTEL,20111220,23.4,24.5,23.25,23.65,2133
SICAGEN,20111220,15,15,14.35,14.45,8883
SICAL,20111220,69.05,70.15,69,69.5,4818
SIEMENS,20111220,643.05,648.9,626.7,630.35,157585
SIMBHSUGAR,20111220,24.1,27.4,24.1,26.5,10942
SIMPLEX,20111220,85.5,85.5,77,82.35,746
SIMPLEXINF,20111220,177,180.95,160,162.4,2381
SINTEX,20111220,65,69.9,62.55,65.85,6119088
SIRPAPER,20111220,33,33.1,31.05,31.7,11482
SITASHREE,20111220,5.5,5.75,5.2,5.3,3488
SIYSIL,20111220,248,248.65,233,234.9,3707
SJVN,20111220,18.65,19,18.65,18.85,475708
SKFINDIA,20111220,560,560,549,554.5,5964
SKMEGGPROD,20111220,6.5,7.05,6.5,6.95,3327
SKSMICRO,20111220,95.6,98.5,92.5,93.75,291103
SKUMARSYNF,20111220,27.7,27.7,26.5,26.85,2427948
SMLISUZU,20111220,370,375,361.6,365,860
SMOBILITY,20111220,80,80,63.4,69.5,125866
SMPL,20111220,3.8,3.85,3.75,3.8,56320
SMSPHARMA,20111220,149.05,149.05,149.05,149.05,74
SOBHA,20111220,223,223,212,214.05,114953
SOFTTECHGR,20111220,4.25,4.25,3.7,4.05,70
SOLARINDS,20111220,743.95,754,727.6,749.7,1472
SOMANYCERA,20111220,36.5,36.5,31.35,32.05,1220
SOMATEX,20111220,4.1,4.5,3.9,4.05,8396
SONASTEER,20111220,10.9,11.15,10.25,10.35,42884
SONATSOFTW,20111220,22.7,23.1,20.75,21.15,93644
SOTL,20111220,399.5,400,380,385.6,1112
SOUISPAT,20111220,3.5,3.5,3.45,3.45,19050
SOUTHBANK,20111220,20.9,20.9,20,20.1,1049264
SPANCO,20111220,70.5,70.5,66.5,68.05,26452
SPARC,20111220,75.9,75.9,67.25,68.6,96008
SPECTACLE,20111220,7.3,7.3,7.1,7.1,40002
SPENTEX,20111220,6.6,7.1,6.6,7.1,3090
SPIC,20111220,14.75,15,14.25,14.4,161741
SPLIL,20111220,2.45,2.45,2.4,2.4,1146
SPMLINFRA,20111220,76.1,76.1,68.05,74.25,44931
SPYL,20111220,23,24.3,22.25,22.25,1352
SREINFRA,20111220,26,26.25,24.1,24.6,1016882
SRF,20111220,238.15,240,230.5,233.6,41764
SRGINFOTEC,20111220,0.45,0.45,0.4,0.4,11001
SRHHLINDST,20111220,2.85,2.9,2.85,2.9,206
SRHHYPOLTD,20111220,32.05,35,32,32.9,5484
SRSLTD,20111220,34.95,34.95,32.2,32.5,71083
SRTRANSFIN,20111220,492.7,501.9,455.2,467.75,503886
SSWL,20111220,182,184.65,174,175.65,49417
STAR,20111220,382.75,393.9,370,373.7,120903
STARPAPER,20111220,16.8,16.8,14.1,14.35,44775
STCINDIA,20111220,115.05,115.4,111.1,112.65,27812
STEL,20111220,7.3,9.8,7.05,7.2,59044
STER,20111220,91.5,91.5,87.35,88.1,5293564
STERLINBIO,20111220,41.5,55,37.65,37.65,1986827
STERTOOLS,20111220,100.2,107.95,100.2,102.1,409
STINDIA,20111220,23.85,24,23.85,24,295
STOREONE,20111220,13.25,13.25,12.65,13,5559
STRTECH,20111220,28.75,29.3,28,28.15,191218
SUBEX,20111220,25.35,25.75,24.3,24.55,255343
SUBROS,20111220,21.65,22,21.05,22,9002
SUDAR,20111220,49.7,50.8,46,46.15,223790
SUDARSCHEM,20111220,567.3,567.3,510,511,128
SUJANATOW,20111220,5.95,5.95,5.95,5.95,561706
SUJANAUNI,20111220,2.65,2.8,2.6,2.65,11356
SUMEETINDS,20111220,23.8,25,23.3,23.65,207104
SUMMITSEC,20111220,58.75,61,57,57.45,290
SUNCLAYTON,20111220,144,146,142.25,142.6,1583
SUNDARAM,20111220,46.65,46.95,45.4,45.9,24613
SUNDARMFIN,20111220,508,508,502,503.7,3569
SUNDRMBRAK,20111220,158.4,159,149,154.2,56
SUNDRMFAST,20111220,49.75,49.75,47.5,48.3,25395
SUNFLAG,20111220,21.6,21.6,18.55,19.75,83278
SUNILHITEC,20111220,60,60,56.25,57.65,5702
SUNPHARMA,20111220,513.7,513.7,497.8,500,1215637
SUNTECK,20111220,319,328.7,312.95,317.85,19977
SUNTV,20111220,267.05,271.7,255.3,258.25,247675
SUPER,20111220,128,128,125,125.4,110
SUPERSPIN,20111220,6,6.95,6,6.55,1023
SUPPETRO,20111220,43.05,44,42.05,43.9,428326
SUPRAJIT,20111220,17,17,16.4,16.45,5438
SUPREMEIND,20111220,170,171,162.05,166.8,79323
SUPREMEINF,20111220,162.05,166.95,162,162.1,10408
SURAJDIAMN,20111220,38.15,38.2,36.3,37,22357
SURANACORP,20111220,81.9,82,80,80.35,453
SURANAIND,20111220,401,405,399,403.55,11767
SURANAT&P,20111220,13,14.5,13,14.2,36574
SURANAVEL,20111220,19,19,16.6,17.05,5996
SURYAJYOTI,20111220,12.5,12.5,11.45,11.85,3782
SURYALAXMI,20111220,47.05,49,45.05,47.3,1103
SURYAPHARM,20111220,10.3,10.3,9.75,9.8,33878
SURYAROSNI,20111220,42.5,44.95,41.35,42.8,2563
SUTLEJTEX,20111220,130,132.9,127,130,3269
SUVEN,20111220,13.2,13.55,12.8,12.95,39735
SUZLON,20111220,18.45,18.45,17.45,17.7,18333996
SWARAJENG,20111220,365.2,388.4,350.25,353.85,3089
SYMPHONY,20111220,1131.6,1143.95,1092.05,1108.95,184
SYNCOM,20111220,10.75,11,10.5,10.65,7529
SYNDIBANK,20111220,85.15,85.55,77.65,78.3,541099
TAINWALCHM,20111220,15,15,13.5,13.55,1356
TAJGVK,20111220,69.95,71,65.6,66.3,43196
TAKE,20111220,20.3,22.9,20.1,20.45,21204
TAKSHEEL,20111220,13,13.05,12.3,12.35,41893
TALBROAUTO,20111220,38,38.05,36.8,38,42602
TALWALKARS,20111220,118.1,121,107,109.2,31152
TANFACIND,20111220,20,20,20,20,285
TANLA,20111220,5.8,5.85,5.5,5.6,76696
TANTIACONS,20111220,38.25,38.75,36,36.65,4661
TARAPUR,20111220,15.3,16.6,14.55,15,17682
TATACHEM,20111220,326.8,326.8,313,315,123302
TATACOFFEE,20111220,758.05,776,744,748.4,156900
TATACOMM,20111220,209.85,216.85,205.75,211.1,665881
TATAELXSI,20111220,170.35,176.65,170.1,171,22968
TATAGLOBAL,20111220,85.2,87.2,84.5,85.05,439611
TATAINVEST,20111220,434,439,409,411.4,5245
TATAMETALI,20111220,54.2,55.4,52,52.25,9606
TATAMOTORS,20111220,180,180.75,173.85,174.9,14568217
TATAMTRDVR,20111220,90,90.2,86.1,87.4,1009254
TATAPOWER,20111220,86.8,87.9,80.15,81,3611790
TATASPONGE,20111220,270,274,268.5,272.9,4943
TATASTEEL,20111220,365.3,366.55,340.6,342.75,6536826
TCI,20111220,55.45,57.4,53,54.45,2355
TCIDEVELOP,20111220,108.2,126,108.2,111.35,118
TCIFINANCE,20111220,20,20.75,19.8,20.05,2362
TCS,20111220,1145.35,1151.1,1128.25,1133.35,904698
TDPOWERSYS,20111220,278.9,278.9,231,233.75,2423
TECHM,20111220,580,585,565.05,572.15,151217
TECHNO,20111220,180,183.95,175.05,177.1,67569
TECHNOFAB,20111220,116.2,119.75,116,117.25,2051
TECPRO,20111220,151,161.85,151,153.2,3842
TEXMACOLTD,20111220,22,22.4,20.5,20.6,43827
TEXMOPIPES,20111220,16.75,16.8,15.7,15.7,19507
TEXRAIL,20111220,61.7,61.7,56.3,57.05,12795
TFCILTD,20111220,20,20,19.1,19.65,16570
TFL,20111220,9.6,9.6,9.45,9.45,1043
THANGAMAYL,20111220,145.45,151.95,145.45,149.05,2850
THEMISMED,20111220,77.65,77.65,70.15,70.15,35
THERMAX,20111220,399.5,407,390,390.85,22883
THINKSOFT,20111220,37.5,38,35.55,35.85,12073
THIRUSUGAR,20111220,72,72.1,71,71,3118
THOMASCOOK,20111220,34.8,35.35,34.1,34.25,72294
TI,20111220,33.4,33.4,30.55,30.7,68829
TIDEWATER,20111220,5888,5889,5700,5729.4,476
TIIL,20111220,29.5,29.95,26.65,27.7,1251
TIJARIA,20111220,10,10.65,9.75,10.55,88564
TIL,20111220,205,217.9,205,213.95,1332
TIMBOR,20111220,23.6,24.5,23.6,23.6,1913
TIMESGTY,20111220,18.5,19.5,18.5,19.1,628
TIMETECHNO,20111220,48.8,48.8,44.5,45.6,8350
TIMKEN,20111220,167,168.9,163,164.4,15770
TINPLATE,20111220,33.3,34.9,32.3,32.95,32097
TIPSINDLTD,20111220,39.5,39.5,37.65,37.85,4494
TIRUMALCHM,20111220,50,52,50,52,148
TITAN,20111220,162,163.7,154.2,156.2,5248338
TNPETRO,20111220,12.55,13.25,12.35,12.7,5152
TNPL,20111220,81.95,81.95,77,78.65,10345
TODAYS,20111220,3.9,4,3.75,3.75,11079
TORNTPHARM,20111220,520.05,536,520,523.55,12366
TORNTPOWER,20111220,187,192,187,190.25,22937
TREEHOUSE,20111220,149.35,152.7,140.1,142.8,49843
TRENT,20111220,831.15,862.45,802,835.55,10519
TRF,20111220,218,218,200.1,201.3,5169
TRICOM,20111220,11.45,11.95,11,11.75,11674
TRIDENT,20111220,9.55,9.65,9.2,9.55,27270
TRIGYN,20111220,12.05,12.45,11.5,12,2358
TRIL,20111220,151.1,153.95,141.1,143.1,5156
TRITURBINE,20111220,36.1,36.6,33.25,33.45,16575
TRIVENI,20111220,14.5,14.5,13.75,13.9,599715
TTKHEALTH,20111220,390.95,395.1,376.75,378.1,28825
TTKPRESTIG,20111220,2635,2635,2550,2593,40273
TTL,20111220,19.05,19.35,18.1,19,3406
TTML,20111220,13,13.55,11.95,12.75,2080014
TUBEINVEST,20111220,107,110,97.6,101.75,58785
TULIP,20111220,122.5,122.5,108,109.8,821600
TULSI,20111220,8.05,8.45,7.9,8.2,37087
TULSYAN,20111220,34.45,34.45,30,30,1532
TV18BRDCST,20111220,29,32.3,28.5,29.45,518320
TVSELECT,20111220,16.65,17.7,16.65,17.05,2514
TVSMOTOR,20111220,50,50.9,48.15,48.7,1311271
TVSSRICHAK,20111220,287.6,288,282,286.95,1818
TVTODAY,20111220,43.1,44.6,42.05,42.45,26071
TWILITAKA,20111220,23.2,24.7,23.2,23.4,115828
TWL,20111220,370.1,379,355,359.7,8753
UBENGG,20111220,31,31.75,29.45,29.85,18984
UBHOLDINGS,20111220,66.45,66.45,60,60.45,66225
UBL,20111220,399,403,372.6,378.75,98701
UCALFUEL,20111220,58.7,60.95,58.1,58.3,4902
UCOBANK,20111220,52.2,56.1,49.3,49.9,5933527
UFLEX,20111220,111,114.9,106.1,107.3,377742
UGARSUGAR,20111220,9.85,10.4,9.85,10.1,2869
ULTRACEMCO,20111220,1148.95,1148.95,1109.95,1120.75,227252
UMESLTD,20111220,11.8,12,11.2,11.2,2102
UNICHEMLAB,20111220,138,152.8,136.1,148,1307164
UNIENTER,20111220,23.9,23.9,22.8,23.05,3177
UNIONBANK,20111220,176,177.35,163.05,166.65,1462833
UNIPHOS,20111220,132.1,134.85,130.75,132.25,452910
UNIPLY,20111220,7,7.7,7,7,161
UNITECH,20111220,19,19.15,17.45,17.65,21607827
UNITEDBNK,20111220,53.65,54.4,50.75,51.05,77200
UNITY,20111220,28.4,28.75,27.05,28.3,439207
UNIVCABLES,20111220,33,33,30.55,30.95,4598
UPERGANGES,20111220,36.5,40.5,36.5,39.9,5407
USHAMART,20111220,23.1,23.8,22.7,23,98767
USHERAGRO,20111220,96.5,97,86.5,86.6,180746
UTISUNDER,20111220,1070,1110,1068.8,1089.4,12
UTTAMSTL,20111220,49.25,51,48.1,48.45,10143
UTTAMSUGAR,20111220,21.95,22.05,20.75,21,2384
UTVSOF,20111220,963.2,972,960,960.95,78480
VADILALIND,20111220,87.1,97,85.2,94.55,306
VAIBHAVGEM,20111220,25.8,27.75,25.1,25.7,395
VAKRANSOFT,20111220,320,329.7,315,320.05,23974
VALECHAENG,20111220,49,49.35,44.2,44.8,27849
VALUEIND,20111220,14.5,14.5,14,14.2,4496
VARDHACRLC,20111220,6.95,6.95,6.75,6.8,43910
VARDMNPOLY,20111220,86.05,86.05,84,85.6,2936
VARUN,20111220,240.1,241.35,225.65,227.45,139941
VARUNSHIP,20111220,15.25,15.75,15.15,15.5,43884
VASCONEQ,20111220,37.95,37.95,36.1,36.55,4341
VASWANI,20111220,7.7,8.7,7.7,8.2,52927
VENKEYS,20111220,378,386.45,365,368.95,12185
VENUSREM,20111220,159.75,159.75,151,153.05,7224
VESUVIUS,20111220,322.9,328.95,312,316.2,461
VGUARD,20111220,150,152.45,142.85,145.2,44131
VHL,20111220,374.5,374.55,373.55,373.55,126
VICEROY,20111220,20,20.7,18.6,19.1,19708
VIDEOIND,20111220,175,176.4,174,174.6,67414
VIJAYABANK,20111220,49.9,50.4,47.8,48.15,1482356
VIJSHAN,20111220,13.4,15.5,13.4,15.35,1520
VIKASGLOB,20111220,164,164,150.35,159.15,80697
VIKASHMET,20111220,6.05,6.25,5.75,5.8,10262
VIMTALABS,20111220,14.1,14.4,13.9,14,5904
VINATIORGA,20111220,63.45,63.45,61,61.25,4760
VINDHYATEL,20111220,139.15,144.95,137.7,144.8,958
VINYLINDIA,20111220,8.1,8.3,7.1,7.85,2115
VIPIND,20111220,81.1,81.6,73.65,74.7,5207826
VIPUL,20111220,7.3,8.9,7.3,8.9,357
VISAKAIND,20111220,61.5,61.6,59.5,60,11582
VISASTEEL,20111220,58,58.2,57.9,58,18363
VISESHINFO,20111220,2.9,2.95,2.85,2.95,9600
VISUINTL,20111220,1.6,1.7,1.4,1.65,41415
VIVIMEDLAB,20111220,215.1,226.8,212,219.1,22847
VLSFINANCE,20111220,9.6,9.7,9.6,9.65,3075
VOLTAMP,20111220,464,464.85,451.35,457.2,1346
VOLTAS,20111220,75.25,79.5,75.25,75.95,538240
VSTIND,20111220,1069,1069,1025,1032.4,4052
VSTTILLERS,20111220,417,420,411,419.1,1019
VTL,20111220,169,172.05,163.55,165.55,2590
VTXIND,20111220,12.95,12.95,11.85,11.95,40
WABAG,20111220,316.15,325,301,303,2370
WABCOINDIA,20111220,1142,1180,1140,1160.8,854
WALCHANNAG,20111220,65.8,66.45,62.8,63.2,19620
WANBURY,20111220,19.95,20.4,19.95,20.3,2713
WEBELSOLAR,20111220,18.7,19.8,18.55,18.85,2494
WEIZFOREX,20111220,52,52.2,50.1,51.25,1045
WEIZMANIND,20111220,7.05,7.35,6.85,7.3,692
WELCORP,20111220,81.45,82.8,77,78.8,1061572
WELINV,20111220,36.05,38.95,35.05,35.9,214
WELPROJ,20111220,29.45,29.5,26.55,29.05,92426
WELSPUNIND,20111220,22.45,23.55,22.1,23.05,108739
WENDT,20111220,1285,1300,1275,1280.85,160
WHEELS,20111220,242.1,245.35,235.35,240.7,1172
WHIRLPOOL,20111220,157.1,158.6,152.35,157.5,14692
WILLAMAGOR,20111220,35.35,35.35,34,34,354
WINDMACHIN,20111220,13,13,11,11,3769
WINSOME,20111220,18.65,19.2,18.25,19.1,772
WIPRO,20111220,402.2,407,392,396.15,1383197
WOCKPHARMA,20111220,307.7,312,267,271.1,1011892
WSI,20111220,13,13,12.3,12.3,2348
WSTCSTPAPR,20111220,49.55,50.45,49.55,49.8,1115
WWIL,20111220,6.3,6.45,6,6,434966
WYETH,20111220,850.05,855.05,820,836.3,4366
XLENERGY,20111220,5.1,5.4,4.55,4.85,27647
XPROINDIA,20111220,47.05,47.65,46.55,46.95,1663
YESBANK,20111220,255.95,258,240.2,242.6,3840015
ZANDUREALT,20111220,1310,1310,1260,1263.7,532
ZEEL,20111220,117.7,119.4,114.5,118.1,1691356
ZEELEARN,20111220,12.6,12.9,12.5,12.75,192870
ZEENEWS,20111220,9.25,9.45,8.6,8.7,1099941
ZENITHBIR,20111220,3.6,3.6,3.4,3.45,50200
ZENITHCOMP,20111220,12.5,12.7,12.05,12.05,1096
ZENITHINFO,20111220,37.5,37.5,34.05,34.05,1553
ZENSARTECH,20111220,135.05,135.05,130.35,131.15,3019
ZICOM,20111220,29.45,29.45,27,27.15,3406
ZODIACLOTH,20111220,200.7,205.6,200.15,205,362
ZODJRDMKJ,20111220,22,22.5,22,22.5,8
ZUARIAGRO,20111220,474,474,438.65,450.55,11777
ZYDUSWELL,20111220,398,398.95,381.05,389.45,8544
ZYLOG,20111220,400,400,390.1,393.55,49628
NSENIFTY,20111220,4635.80,4637.25,4531.15,4544.20,195304596,6279.01
NIFTYJUNIOR,20111220,8501.20,8532.60,8274.50,8295.85,81700373,1170.14
BANKNIFTY,20111220,7948.45,7961.70,7766.35,7798.55,25526248,1643.84
NSEMIDCAP,20111220,6170.20,6196.25,6030.45,6037.10,165542749,1148.57
NSEIT,20111220,6061.80,6066.45,5976.35,5989.95,14358333,720.28
NSE100,20111220,4500.35,4500.35,4397.35,4408.40,277004969,7449.16
NSE500,20111220,3616.25,3618.40,3535.85,3544.00,515026745,9194.69
MIDCAP50,20111220,1772.95,1781.60,1722.45,1727.40,108602308,711.51
VIX,20111220,30.58,31.02,29.54,30.53,30.58,-0.05
