20MICRONS,20110621,49.85,49.85,46.5,47,11584
3IINFOTECH,20110621,42.9,44.15,42.4,43.2,1035958
3MINDIA,20110621,4000,4020,3900,3970.9,302
A2ZMES,20110621,238.95,261.3,237.65,243.6,1718837
AANJANEYA,20110621,380.9,385.5,371.5,376.7,1441229
AARTIDRUGS,20110621,125.5,128.35,125.5,127.05,816
AARTIIND,20110621,48,48.6,46.05,46.75,20136
AARVEEDEN,20110621,51.5,52.95,51.5,52.95,864
ABAN,20110621,523.95,532.45,514.55,518.9,543759
ABB,20110621,825,837.75,820.05,829.8,28367
ABBOTINDIA,20110621,1459.9,1473.5,1420.1,1459.6,1313
ABCIL,20110621,116.95,119.7,112.5,114.7,4506
ABGSHIP,20110621,358.05,363,336.55,349.95,431826
ABHISHEK,20110621,13.9,14.2,13.7,13.85,9234
ABIRLANUVO,20110621,865,873.9,842.35,848.05,74892
ACC,20110621,940.05,954.4,927,947.85,129339
ACE,20110621,46.9,47.5,46.1,46.9,63405
ACKRUTI,20110621,194.7,194.7,188.3,189.8,11189
ACROPETAL,20110621,18.55,19.1,18.25,18.25,192293
ADANIENT,20110621,660.15,666.9,652.95,662.75,342607
ADANIPOWER,20110621,108.5,109.2,107.2,107.55,391285
ADFFOODS,20110621,64.55,64.9,62.5,62.95,39779
ADHUNIK,20110621,73.8,74.95,72.25,73.5,257709
ADORWELD,20110621,172,172,169.4,170.05,2661
ADSL,20110621,44.55,46.3,42.7,43.45,71207
ADVANIHOTR,20110621,35,37.5,35,35.55,942
ADVANTA,20110621,247.95,291.8,240.1,281.45,1700875
AEGISCHEM,20110621,215.05,216,203.1,204.65,13486
AFL,20110621,41.5,46.8,41,41.6,4167
AFTEK,20110621,14.4,14.75,13.5,13.85,393895
AGCNET,20110621,165.6,165.6,165,165,414
AGRE,20110621,48.25,50.75,47.5,49.15,5829
AGRODUTCH,20110621,11,11.15,10.65,10.7,19150
AHLEAST,20110621,300.05,305,295.05,299.2,595
AHLUCONT,20110621,110.25,117.8,110.15,112.15,1088
AHLWEST,20110621,198,198,185.1,188,114
AHMEDFORGE,20110621,111.45,113.75,110.3,110.75,11039
AIAENG,20110621,364.1,374,364.1,370.7,2749
AJANTPHARM,20110621,300,301,291.2,292.55,20132
AJMERA,20110621,147.5,149,140,143.4,17576
AKSHOPTFBR,20110621,6.75,6.8,6.6,6.65,45527
AKZOINDIA,20110621,914,921,889.95,898.75,4259
ALBK,20110621,194.4,198,187.9,189.25,346972
ALCHEM,20110621,230.4,232.1,229.6,229.9,104255
ALEMBICLTD,20110621,19.5,19.7,19,19.1,38048
ALFALAVAL,20110621,1478,1505.95,1442,1471.2,2052
ALKALI,20110621,53.5,54,50.5,51.6,35504
ALLCARGO,20110621,158.35,161.8,158.35,160,1998
ALLSEC,20110621,20.3,20.8,18.6,18.85,3959
ALMONDZ,20110621,26.3,27.7,26.2,27.6,2754
ALOKTEXT,20110621,24.9,25.4,23.4,24.5,13133871
ALPA,20110621,9.45,10.4,9.45,10.2,2918
ALPHAGEO,20110621,101.4,105,99.85,101,310
ALPSINDUS,20110621,3.5,3.55,3.5,3.55,1490
AMAR,20110621,99.25,101.75,97.55,98.85,83343
AMARAJABAT,20110621,215.5,217.8,212,212.55,20350
AMARJOTHI,20110621,61.3,61.3,61.3,61.3,500
AMBIKCO,20110621,166.05,175,162.7,172.6,11567
AMBUJACEM,20110621,126,129.8,123.55,128.95,1338028
AMDIND,20110621,17,17.55,16.65,16.85,4125
AMLSTEEL,20110621,16.45,17.45,16.45,17.3,4655
AMRUTANJAN,20110621,721,734.95,708,710.4,57125
AMTEKAUTO,20110621,162,163.65,160.1,161.65,124382
AMTEKINDIA,20110621,82.05,83.9,81,83.55,1254162
ANANTRAJ,20110621,66.45,66.45,61.4,62.05,194571
ANDHRABANK,20110621,131,131.7,128.2,129,457916
ANDHRACEMT,20110621,11.9,11.95,11.45,11.65,13018
ANDHRSUGAR,20110621,90.2,91,89.45,89.8,5179
ANGIND,20110621,25,25.45,24,24.05,2204
ANIKINDS,20110621,36.55,37.6,36.5,36.95,903
ANKURDRUGS,20110621,38.1,39.15,37.4,38.05,26740
ANSALAPI,20110621,40.45,40.5,38.15,38.95,89314
ANSALHSG,20110621,42.8,42.8,39.15,40.4,4304
ANTGRAPHIC,20110621,0.25,0.3,0.25,0.25,55709
APARINDS,20110621,225.25,228.8,224.2,226.15,2913
APCOTEXIND,20110621,167.95,174.4,166,168.55,280
APIL,20110621,526.4,532.65,519.2,523.4,69908
APOLLOHOSP,20110621,474,476.5,465,465.5,43557
APOLLOTYRE,20110621,72.55,76,72.55,75.05,1830065
APPAPER,20110621,360.15,361.45,360,360,25926
APTECHT,20110621,90.4,91.6,85,88.7,213990
AQUA,20110621,16,16.25,15.7,15.9,57236
ARCHIDPLY,20110621,13.15,13.85,13,13.35,12811
ARCHIES,20110621,37.9,39.75,36.95,37.7,114639
AREVAT&D,20110621,249.15,255.05,244.5,251.5,93994
ARIES,20110621,105,105,99,99.45,15818
ARIHANT,20110621,53.1,60,53.1,60,2041
ARL,20110621,2.35,2.4,2.3,2.35,168887
AROGRANITE,20110621,39.5,43.2,39.5,40.1,1307
ARROWTEX,20110621,12.6,13.7,11.75,13.65,57668
ARSHIYA,20110621,168.2,168.2,156.3,158,17770
ARSSINFRA,20110621,449,452.7,439,443.6,226788
ARVIND,20110621,77.75,80.45,75.75,77.25,2711153
ASAHIINDIA,20110621,79,80,77,77.5,11265
ASAL,20110621,62.1,63.6,62.1,63.5,3697
ASHAPURMIN,20110621,19.25,19.3,18.1,18.65,76987
ASHCONIUL,20110621,2.65,2.8,2.6,2.7,9675
ASHIMASYN,20110621,6.7,6.9,6.7,6.7,12503
ASHOKA,20110621,245.1,253,238,249.6,1452
ASHOKLEY,20110621,47.2,48.2,46,47.1,4209778
ASIANELEC,20110621,10.55,10.55,9.75,9.9,216847
ASIANHOTNR,20110621,204.5,204.5,194,196.7,1440
ASIANPAINT,20110621,2950.15,2979.9,2927,2951.45,34200
ASIANTILES,20110621,45,45.5,44.25,45.35,5174
ASIL,20110621,2.75,2.75,2.75,2.75,150
ASSAMCO,20110621,15.35,15.35,15,15.05,125817
ASTEC,20110621,45,45,42,42.55,8443
ASTERSILI,20110621,23.6,23.8,22.6,22.85,10982
ASTRAL,20110621,185.05,186.95,183.25,185.15,18693
ASTRAMICRO,20110621,28.05,28.65,25.35,27.65,41861
ASTRAZEN,20110621,1267,1307,1267,1282.4,235
ATFL,20110621,360,367,353.6,360,4686
ATLANTA,20110621,72.95,73.35,71.05,71.35,197175
ATLASCYCLE,20110621,247.95,262.25,242.8,252.3,106813
ATNINTER,20110621,1.15,1.25,1.15,1.15,2554
ATUL,20110621,175,180.8,175,179.3,19967
AURIONPRO,20110621,168,172.8,168,170,1007
AUROPHARMA,20110621,176,176,165.35,170.45,1088947
AUSOMENT,20110621,40,40,40,40,1000
AUSTRAL,20110621,2.8,2.9,2.75,2.75,338217
AUTOAXLES,20110621,427,427,411,411.25,551
AUTOIND,20110621,139.3,139.3,125.05,125.65,177699
AUTOLITIND,20110621,20.85,21,19.85,19.95,1177
AVANTI,20110621,34.15,34.15,34.15,34.15,1000
AVENTIS,20110621,2035,2035,1986.15,1992.65,158
AVTNPL,20110621,201.5,210.95,200,200.35,19402
AXIS-IT&T,20110621,72.5,76.95,71.85,72.05,32283
AXISBANK,20110621,1231,1260,1226.4,1241.85,1295258
AXISGOLD,20110621,2224.8,2235,2224.8,2230,115
BAGFILMS,20110621,7,7.05,6.8,6.85,104153
BAJAJ-AUTO,20110621,1320,1329,1306.25,1321.35,363199
BAJAJCORP,20110621,112.2,117,112.2,113.3,56671
BAJAJELEC,20110621,252,259.9,248,250.6,13054
BAJAJFINSV,20110621,523,523,492.1,497.95,87525
BAJAJHIND,20110621,63.3,64.5,61.6,62.05,781556
BAJAJHLDNG,20110621,751,751.6,740.25,741.45,34743
BAJFINANCE,20110621,572,588,572,578.35,4289
BALAJITELE,20110621,32.1,33.5,31.6,32.15,52546
BALAMINES,20110621,39.75,39.75,37.65,38,2951
BALKRISIND,20110621,142.05,146.85,142.05,145.95,4355
BALLARPUR,20110621,32.25,32.4,31.55,31.65,112740
BALMLAWRIE,20110621,589.95,589.95,571.2,572.8,4615
BALPHARMA,20110621,26.1,27,26.1,26.45,1924
BALRAMCHIN,20110621,57.9,59.95,56.55,56.85,267630
BANARISUG,20110621,544.1,550,536,537.6,260
BANCOINDIA,20110621,66.9,68.5,65.15,67.65,18083
BANG,20110621,32.4,34.95,32,32,1140
BANKBARODA,20110621,864.4,876,856.15,858.6,245419
BANKBEES,20110621,1074.6,1080,1060,1064.14,358
BANKINDIA,20110621,410.4,416.95,407,412.55,436138
BANSWRAS,20110621,127,135,126.2,129.6,573
BARTRONICS,20110621,61.75,61.75,60,60.1,151558
BASF,20110621,571,592,571,587.65,5795
BASML,20110621,88,88,80.25,83.35,364
BATAINDIA,20110621,529.55,535,512,521.35,718476
BATLIBOI,20110621,21,22.35,20.8,21.05,714
BAYERCROP,20110621,855,855,820.1,835.15,4762
BBL,20110621,896,915,880,892.7,2242
BBTC,20110621,399,405,392.5,394.05,6161
BEARDSELL,20110621,46,48.5,44.5,48.3,1104
BECREL,20110621,10.15,10.7,9.75,10.7,1838
BEDMUTHA,20110621,113.15,116.8,111,111.5,61273
BEL,20110621,1603.55,1642.3,1575,1580.2,19337
BELLCERATL,20110621,15,15,13.6,13.6,846
BEML,20110621,580.95,580.95,555,559.4,227763
BEPL,20110621,29,31.8,28.25,28.6,67519
BERGEPAINT,20110621,100,100.15,97,97.7,60109
BFINVEST,20110621,72.7,72.7,67.3,69.25,2046
BFUTILITIE,20110621,682,711.95,652.65,686,197703
BGRENERGY,20110621,457.5,466.15,450.5,453.25,244694
BHAGWATIHO,20110621,93.9,93.9,88.5,89.45,2590
BHAGYNAGAR,20110621,16.15,18,16.15,17.2,16107
BHARATFORG,20110621,296.05,297.85,286.4,291.5,903298
BHARATGEAR,20110621,55.45,55.75,53.5,54.05,3394
BHARATRAS,20110621,103.55,109.8,103.55,104.75,953
BHARTIARTL,20110621,390.05,398.4,388.15,391.6,5010285
BHARTISHIP,20110621,125,127.4,122.3,124.25,105612
BHEL,20110621,1933,1933,1871.55,1908.1,660674
BHUSANSTL,20110621,417.6,420.5,412,418.3,233112
BIL,20110621,53,57,50.2,52.7,41454
BILENERGY,20110621,21.4,23.5,21.4,22.8,8405
BILPOWER,20110621,97.25,98.25,94.55,94.6,8704
BINANIIND,20110621,179,179,170,170.9,25224
BINDALAGRO,20110621,90.1,91.4,86.8,89.6,566378
BIOCON,20110621,343.25,346.85,340.05,341.75,264556
BIRLACORPN,20110621,342.85,348.95,340,340.2,1156
BIRLACOT,20110621,0.45,0.5,0.45,0.5,1652864
BIRLAERIC,20110621,14.8,16,14.75,15.7,2864
BIRLAMONEY,20110621,20.25,21.9,20.25,21.45,11412
BIRLAPOWER,20110621,0.9,0.95,0.9,0.9,8811042
BLBLIMITED,20110621,5.8,5.8,5.35,5.35,7500
BLISSGVS,20110621,22,22,21.75,21.85,5546
BLKASHYAP,20110621,19.35,19.95,19,19.1,79234
BLUECHIP,20110621,1.1,1.25,1.1,1.15,42611
BLUEDART,20110621,1310,1359,1307.35,1331.05,2605
BLUESTARCO,20110621,309,313.85,305.05,308.3,4155
BLUESTINFO,20110621,90.6,94,89,89.4,4577
BOC,20110621,276,283.55,276,280.75,1789
BOMDYEING,20110621,348,355.8,332,338.9,340206
BOSCHLTD,20110621,6880,6938.95,6852.1,6916.9,1245
BPCL,20110621,622.75,629.9,615.5,618.25,287709
BPL,20110621,22.5,23,22.1,22.35,15520
BRANDHOUSE,20110621,22.4,22.65,19.15,20.25,236073
BRFL,20110621,282,286.95,282,286.5,204909
BRIGADE,20110621,72.95,74.35,72.6,72.8,13301
BRITANNIA,20110621,474.4,480,464,472.05,104662
BROADCAST,20110621,10.05,10.85,10.05,10.8,1229
BSELINFRA,20110621,5.05,5.1,4.85,4.9,105593
BSL,20110621,21.1,25.4,21.1,24,3158
BSLGOLDETF,20110621,2274.45,2274.45,2257,2270.75,507
BSTRANSCOM,20110621,120.1,122,118,118.45,13625
BURNPUR,20110621,7.5,7.75,7.4,7.45,37387
BVCL,20110621,18.5,18.5,16.5,17.1,1539
CADILAHC,20110621,914.9,919.9,895.45,906,70435
CAIRN,20110621,309.05,313.95,298.15,305.65,2934502
CALSOFT,20110621,29,31.95,28.05,28.15,277
CAMLIN,20110621,71.45,73.8,71.1,71.65,342159
CANBK,20110621,509,517.85,506.3,507.65,345311
CANDC,20110621,87.75,87.75,82.5,83.1,28344
CANFINHOME,20110621,115.3,119.5,111.15,111.6,579129
CANTABIL,20110621,32,33.35,31.65,32,39185
CARBORUNIV,20110621,274.5,279.4,274.5,275.15,2158
CAROLINFO,20110621,173,177,172,174.5,1069
CASTROL,20110621,496.95,496.95,485.05,488.9,28086
CCCL,20110621,31.4,32.95,30.85,31.3,16119
CCL,20110621,196.35,220.95,187.05,197.65,608905
CEATLTD,20110621,95.95,95.95,91.5,92,34467
CEBBCO,20110621,34.05,36.75,34.05,36,241728
CELEBRITY,20110621,9.4,9.7,9,9.25,5956
CELESTIAL,20110621,32.2,33.2,32,32.3,28100
CENTENKA,20110621,182.8,182.8,172.25,173.85,18050
CENTEXT,20110621,3.4,3.6,3.4,3.55,13880
CENTRALBK,20110621,115.7,116.7,114.2,114.7,354422
CENTUM,20110621,82.05,85.75,82.05,85.6,166
CENTURYPLY,20110621,64.05,66.15,64.05,64.75,34669
CENTURYTEX,20110621,334.9,342,326,329.1,429981
CERA,20110621,205,208.3,200.1,202.35,4863
CESC,20110621,276,276.4,266.6,267.5,77294
CHAMBLFERT,20110621,75.7,76.9,74.2,75.9,1203490
CHEMFALKAL,20110621,46,46.8,45.65,45.75,472
CHEMPLAST,20110621,6.6,6.95,6.6,6.85,30050
CHENNPETRO,20110621,222,223,215.25,218.6,138597
CHESLINTEX,20110621,14.5,14.5,11.95,12.45,2301
CHOLAFIN,20110621,155,159.95,154.5,158.7,7066
CILNOVA,20110621,14,15.25,12.5,15.15,17209
CINEMAX,20110621,35.8,36.25,33.55,35.15,56937
CINEVISTA,20110621,3.2,3.8,3.2,3.65,16790
CIPLA,20110621,318.4,319.2,312.7,315.95,1277281
CLASSIC,20110621,11.55,11.85,11.4,11.6,4285
CLNINDIA,20110621,693.8,748.95,693.8,745.2,2700
CMAHENDRA,20110621,245.45,248.5,241.5,242.95,42800
CMC,20110621,1138,1160.25,1102.25,1116.45,10809
COALINDIA,20110621,396.95,399.8,388.25,389.75,2133725
COLPAL,20110621,915,917,909.25,916,72883
COMPUAGE,20110621,100,100,95.3,99.65,454
CONCOR,20110621,1141.5,1141.5,1066,1084.15,8516
CONSOFINVT,20110621,65.5,67.25,64.5,65.4,5131
CORAL-HUB,20110621,6.4,6.4,5.75,5.85,16721
CORDSCABLE,20110621,33.95,33.95,33,33.7,2976
COREPROTEC,20110621,289.3,289.65,287.5,287.55,130013
COROMANDEL,20110621,334.05,337.95,331.85,335.75,143511
CORPBANK,20110621,512,516.95,505,514.3,67629
COSMOFILMS,20110621,102.5,104.5,102.5,102.75,34400
COX&KINGS,20110621,195,196.5,183,195.05,153099
CPIL,20110621,330,331.95,328.6,331,6286
CREATIVEYE,20110621,4.15,5.45,4.15,5.3,8818
CRESTANI,20110621,48.95,51,47.15,47.85,54167
CREWBOS,20110621,92.4,92.7,87.1,91,309528
CRISIL,20110621,6870,7020,6841,6928.85,503
CROMPGREAV,20110621,250,253.85,246.85,250.25,572335
CRONIMET,20110621,125,138,121.25,127.45,29056
CTE,20110621,9.8,10,9.7,9.95,3464
CUB,20110621,44.9,45.4,44.7,44.8,344522
CUBEXTUB,20110621,11.95,11.95,11.65,11.9,530
CUMMINSIND,20110621,674.1,680.9,670,673.2,69240
CURATECH,20110621,219.1,219.15,219.1,219.1,51
CYBERMEDIA,20110621,17.6,17.7,17.6,17.7,1410
CYBERTECH,20110621,13,13.95,13,13.8,1388
DAAWAT,20110621,48.65,49.75,47.55,48.4,34338
DABUR,20110621,114.5,116.95,113.3,113.85,893303
DALMIABEL,20110621,148,165,148,152.7,13715
DALMIASUG,20110621,17,18.4,16.4,16.95,15611
DATAMATICS,20110621,30.5,31.2,29.1,29.45,21486
DBCORP,20110621,235,242,233,235.05,241124
DBREALTY,20110621,75.05,76.9,71.35,72.15,216221
DCB,20110621,56.7,57.75,55.6,55.8,2760161
DCHL,20110621,66.85,67.2,63.65,64,3250971
DCM,20110621,78.25,79.9,77,78.1,27568
DCMSRMCONS,20110621,42.65,43.8,42.65,43.1,43256
DCW,20110621,10.95,11,10.7,10.9,90725
DECCANCE,20110621,143.5,143.5,143.5,143.5,89
DECOLIGHT,20110621,7,7.55,7,7,2225
DEEPAKFERT,20110621,165,166.75,162.65,164.9,34997
DEEPAKNTR,20110621,177.9,177.9,174,174.95,660
DEEPIND,20110621,57,57.85,55.55,55.75,10403
DELTACORP,20110621,91.75,93.6,83.4,87.15,5653050
DEN,20110621,94.9,96.1,89.55,90.7,208975
DENABANK,20110621,87,87.65,84.9,85.8,591912
DENORA,20110621,79.55,84,79.55,83.2,17
DENSO,20110621,65.15,65.75,64.1,64.65,1023
DEWANHOUS,20110621,202,208.9,198.4,205.3,313544
DHAMPURSUG,20110621,52.25,53.85,51.95,53.25,133918
DHANBANK,20110621,117.25,117.25,113.05,114.45,383670
DHARSUGAR,20110621,35,35,31.15,31.3,3556
DHUNINV,20110621,67.5,74.8,66,67.5,1475
DIAPOWER,20110621,158,160,153.05,155.4,29029
DICIND,20110621,265,265,250.6,251.85,2037
DIGJAM,20110621,11,12.1,11,11.7,140522
DISHMAN,20110621,89.75,90.5,88.2,89.65,38988
DISHTV,20110621,79.55,80.85,77.8,78.85,2983448
DIVISLAB,20110621,754.9,772.6,750.1,755.4,233631
DLF,20110621,220.95,222,211.3,212.15,5170525
DLINKINDIA,20110621,26.5,27.6,25.7,25.95,21157
DOLPHINOFF,20110621,126.75,127,122,122.6,11214
DONEAR,20110621,22.55,23.5,22.5,23,4896
DPSCLTD,20110621,1948,1948,1860,1871.25,107
DPTL,20110621,142.5,155,142.5,152.1,4062
DQE,20110621,41.7,42,40.4,40.7,11142
DREDGECORP,20110621,313.6,314.9,305.8,306.8,15740
DRREDDY,20110621,1520,1539,1500,1511.2,654274
DSKULKARNI,20110621,57.95,60,56.15,59.6,88832
DUNCANSIND,20110621,14.85,15.7,14.6,14.8,23631
DWARKESH,20110621,64.9,64.9,62.15,62.55,9307
DYNAMATECH,20110621,1490,1496.45,1450,1459,156
DYNASYS,20110621,0.8,0.8,0.75,0.75,29738
EASTSILK,20110621,7.85,8.15,7.5,7.5,20269
EASUNREYRL,20110621,76.2,76.5,74.55,74.7,11086
ECEIND,20110621,113,122,113,115.25,2642
ECLERX,20110621,781,795,773,792.65,6728
EDELWEISS,20110621,32.7,33.85,32.2,33.15,205695
EDL,20110621,94,97,92,94.6,3271
EDSERV,20110621,129.35,133,128.3,129.8,146209
EDUCOMP,20110621,403,411,395.4,398.05,972236
EICHERMOT,20110621,1202,1230,1200,1206.6,138562
EIDPARRY,20110621,223,227.9,216.1,226.9,51698
EIHAHOTELS,20110621,143,143,132,133,1094
EIHOTEL,20110621,84.5,85.9,83.55,84.1,226260
EIMCOELECO,20110621,232.1,233,225.1,230,301
EKC,20110621,84,87.5,82.7,83.8,475079
ELDERPHARM,20110621,353.2,361.95,352.5,357.75,31053
ELECON,20110621,67.8,68.4,66.5,67.95,58027
ELECTCAST,20110621,29.8,29.8,28.9,29.1,81849
ELECTHERM,20110621,165,169,159.05,160,3455
ELFORGE,20110621,11,12.05,11,11.3,7847
ELGIEQUIP,20110621,78,80.55,74.1,78.05,25410
ELNET,20110621,36,36,35.6,35.7,36
EMAMIINFRA,20110621,30,30.5,29.5,30,106511
EMAMILTD,20110621,450,458,447,451.25,35823
EMCO,20110621,50.15,51.95,48.25,48.65,381399
EMKAY,20110621,42,44.5,42,43,2790
EMMBI,20110621,12.4,12.5,12,12.1,18676
EMPEESUG,20110621,24.2,25.4,23.9,24,5201
ENERGYDEV,20110621,35,35.2,33.6,33.95,3695
ENGINERSIN,20110621,276,277.85,270,271.8,48453
ENIL,20110621,242.2,252.4,240.05,244.95,48334
ENTEGRA,20110621,22.05,24.4,22.05,23.3,26406
ERAINFRA,20110621,171.95,171.95,170.1,171.1,120147
EROSMEDIA,20110621,155.5,164.75,155.5,163.05,187203
ESABINDIA,20110621,479,500,479,484.7,2866
ESCORTS,20110621,103.1,105.6,101.35,102.95,1163074
ESL,20110621,8.7,8.7,8.3,8.35,746385
ESSAROIL,20110621,118,119.65,115.3,116.95,478740
ESSARPORTS,20110621,100.5,103.25,96.5,97.65,44644
ESSDEE,20110621,365,378.6,355,355.25,5750
ESSELPACK,20110621,43,43,41.5,42.35,104069
ESTER,20110621,41.55,44.9,41.55,42.2,21133
EUROCERA,20110621,24.65,24.85,24.65,24.85,370
EUROMULTI,20110621,10.55,11.4,10.55,10.95,5882
EUROTEXIND,20110621,23,24,23,23.05,901
EVEREADY,20110621,37.9,37.9,36.2,36.8,45648
EVERESTIND,20110621,147.05,152.5,146.05,148.2,5433
EVERONN,20110621,550,550,507,509.25,150039
EVINIX,20110621,1,1,0.95,1,27940
EXCELCROP,20110621,157,159.8,153.35,153.45,7881
EXCELINDUS,20110621,76.4,79,75.55,77.15,1633
EXCELINFO,20110621,25,25.45,24.3,24.4,33986
EXIDEIND,20110621,150.7,151.7,148.65,149.45,970004
FACT,20110621,38,38.4,36.4,36.85,14817
FAGBEARING,20110621,1135,1160,1121.75,1139.8,726
FAME,20110621,55,55,53.3,53.45,11662
FARMAXIND,20110621,3.6,3.6,3.45,3.45,63542
FCH,20110621,133.6,136.5,130.75,131.7,31336
FCSSOFT,20110621,0.85,0.85,0.8,0.8,1388211
FDC,20110621,98.2,98.75,96.05,97.25,29694
FEDDERLOYD,20110621,74.2,74.95,72.9,73.35,7299
FEDERALBNK,20110621,424.15,437.9,424.15,434.25,721126
FIEMIND,20110621,153.95,154.6,150.6,150.95,9530
FINANTECH,20110621,849,855.9,791.2,793.95,185938
FINCABLES,20110621,46.5,47.3,45,45.15,60230
FINPIPE,20110621,76.25,76.9,73,73.55,65400
FIRSTLEASE,20110621,85.15,90.7,83.5,85,173626
FIRSTWIN,20110621,15.5,16.25,15.3,15.35,1608
FKONCO,20110621,123.7,127.9,118.7,124.05,117897
FMGOETZE,20110621,251,257.9,250.4,257.75,5295
FORTIS,20110621,153.95,155.45,151.85,154.3,301559
FOSECOIND,20110621,502.1,535.05,502.1,516.05,698
FOURSOFT,20110621,13.35,13.95,12.9,13,35694
FSL,20110621,17,17.45,16.65,16.75,1490298
FTCPOF5YDV,20110621,10.05,10.05,10.05,10.05,9
FTCSF5YDIV,20110621,11,11.05,11,11.05,18
FUTUREVENT,20110621,8.9,9.05,8.6,8.65,1279473
GABRIEL,20110621,46.1,46.85,45.15,46.45,12328
GAEL,20110621,27.9,28.6,27.1,27.65,28704
GAIL,20110621,431.5,440,429,434,605107
GAL,20110621,12.2,13.9,12.2,12.9,10898
GALLANTT,20110621,16.3,16.4,15.9,16,12221
GALLISPAT,20110621,89.6,90.95,87,87.9,141764
GAMMNINFRA,20110621,15.2,15.5,13.55,14.2,216472
GAMMONIND,20110621,96,96,91.25,92,16525
GANDHITUBE,20110621,111,111,111,111,3
GANESHHOUC,20110621,121.9,121.9,115,115.75,3433
GANGOTRI,20110621,6.25,6.25,5.9,6.05,1959
GARDENSILK,20110621,90.9,92.45,89.1,90.25,18641
GARWALLROP,20110621,63.5,63.5,58.05,60,3024
GATI,20110621,59.9,60.95,59.5,59.9,54172
GDL,20110621,125.15,128.45,123.05,123.75,29441
GEECEE,20110621,39.3,41.2,39.3,40,108521
GEINDSYS,20110621,172,179,172,173.1,6904
GEMINI,20110621,21,21.35,19.9,20.8,46959
GENESYS,20110621,219,222.8,213.85,216.85,76700
GENUSPOWER,20110621,16.8,16.8,15.25,15.5,56390
GEODESIC,20110621,71.05,72.7,67.5,67.8,265077
GEOJITBNPP,20110621,22.6,22.95,22.1,22.25,75723
GEOMETRIC,20110621,55.45,55.45,50.7,51.7,45552
GESHIP,20110621,269.5,269.5,260,261.6,92788
GHCL,20110621,38.1,38.2,37.4,37.6,63306
GICHSGFIN,20110621,105.5,107.5,105.5,105.95,30819
GILLANDERS,20110621,101.5,105.8,101.5,103.05,2303
GILLETTE,20110621,2000.1,2050,1980,2033.7,2583
GINNIFILA,20110621,9.25,9.65,9.2,9.3,26236
GIPCL,20110621,80.45,80.45,76.1,77.25,27328
GISOLUTION,20110621,11.8,12.2,11.8,11.8,3588
GITANJALI,20110621,282.45,295.4,281,285.1,2047285
GKB,20110621,39.05,39.05,39,39,76
GKWLIMITED,20110621,500,500,480,495,152
GLAXO,20110621,2350.85,2350.85,2281.2,2320.75,15996
GLENMARK,20110621,300,314.8,300,309.05,535055
GLFL,20110621,3.3,3.45,3.3,3.45,102
GLOBALVECT,20110621,21.2,24.7,21.2,22.45,946
GLOBOFFS,20110621,114.55,117,112,114.05,3619
GLOBUSSPR,20110621,140,140,132.65,135.65,26546
GLODYNE,20110621,350,366.9,336,339.7,26966
GMBREW,20110621,97.1,100,97.1,99.25,902
GMDCLTD,20110621,143.2,146.8,139.5,145.5,287694
GMRINFRA,20110621,31.2,31.35,30.7,30.95,1675703
GNFC,20110621,98.7,98.7,95.1,95.75,27173
GOACARBON,20110621,80.8,82.95,80.1,81,7031
GODFRYPHLP,20110621,2397.5,2413.95,2350.2,2399.7,1169
GODREJCP,20110621,422.5,425.35,420.15,422.3,228491
GODREJIND,20110621,198.65,199.9,195.3,197.05,324766
GODREJPROP,20110621,669.95,670,660,663.1,5051
GOENKA,20110621,56.7,60,56.1,58.45,10938
GOKEX,20110621,96.25,97,93.2,97,335
GOKUL,20110621,83,85.8,81.3,84.05,180507
GOLDBEES,20110621,2166,2190,2166,2189.3,32073
GOLDENTOBC,20110621,70.55,72.35,70.55,71.35,13871
GOLDIAM,20110621,35.05,35.85,35,35.2,2704
GOLDINFRA,20110621,19.2,19.2,18.3,18.35,4415
GOLDSHARE,20110621,2184,2189.95,2182.05,2188.65,3973
GOLDTECH,20110621,7.55,8,7.55,7.9,12504
GPIL,20110621,158,162.95,150.6,153.1,38239
GPPL,20110621,65,66.4,63,63.95,37898
GRABALALK,20110621,28.7,28.7,27,27.2,1336
GRANULES,20110621,97,97,82,82.8,5823
GRAPHITE,20110621,92.5,92.5,90.05,90.1,112182
GRASIM,20110621,2025,2057,1981.9,2044.4,53732
GRAVITA,20110621,353,354.95,343.55,346,29262
GREAVESCOT,20110621,84.65,85.2,81.3,82.85,33296
GREENPLY,20110621,188,193.95,183.5,192.35,5724
GREENPOWER,20110621,18.3,18.5,17.7,17.95,118035
GRINDWELL,20110621,237.05,240,232,239.85,8483
GRUH,20110621,418.3,421.95,412,413.85,20292
GSFC,20110621,345,349.2,340.3,346.1,47720
GSKCONS,20110621,2433.65,2469.65,2416,2424.2,26799
GSLNOVA,20110621,3.35,3.65,3,3.6,9606
GSPL,20110621,92.8,92.8,89.3,90.05,1744311
GSSAMERICA,20110621,155.15,162.6,155.15,158.75,8938
GTL,20110621,125,148.7,121,123.3,35218173
GTLINFRA,20110621,17.9,18.9,16.25,16.65,50966117
GTNIND,20110621,16.25,16.25,15,15.05,1819
GTNTEX,20110621,14,15.2,14,14.75,520
GTOFFSHORE,20110621,213.8,219,208.3,213.3,31136
GUJALKALI,20110621,133.5,136.4,130.25,133.65,46408
GUJAPOLLO,20110621,129.95,133,127.1,130.95,6032
GUJFLUORO,20110621,331,334,321,332.45,19025
GUJNRECOKE,20110621,45.5,45.8,44.15,44.55,487626
GUJNREDVR,20110621,22.3,23.45,22.2,22.95,17498
GUJRATGAS,20110621,375,389.7,375,379.45,10004
GUJSIDHCEM,20110621,9.9,10,9.6,9.65,92220
GULFOILCOR,20110621,85.55,86,81.95,82.5,106212
GVKPIL,20110621,20.9,21.7,19.45,19.6,5974556
HALONIX,20110621,73,78.6,73,77.5,756
HANUNG,20110621,142,144.65,136.9,137.85,170315
HARITASEAT,20110621,69.95,70,69.95,70,300
HARRMALAYA,20110621,74,75.15,69.5,71.05,47801
HATHWAY,20110621,113.9,114.9,110.6,111.45,23557
HAVELLS,20110621,411.7,415,400.05,405,312209
HBLPOWER,20110621,17.35,18.15,16,16.5,74093
HBSTOCK,20110621,13,14.15,12.55,12.65,3403
HCC,20110621,29.75,30.6,28.85,29,4346798
HCIL,20110621,39.2,39.3,38,38.65,7125
HCL-INSYS,20110621,92,92,89.15,89.9,56640
HCLTECH,20110621,469,469,451.95,465.05,1382920
HDFC,20110621,633,649.3,631,643.05,1956632
HDFCBANK,20110621,2302,2344,2302,2325.55,507886
HDFCMFGETF,20110621,2238,2238,2225,2230.3,1367
HDIL,20110621,160,162.4,153.45,157,5014375
HEG,20110621,240,241.4,232,237.65,17848
HEIDELBERG,20110621,37.05,38.45,37,37.2,30507
HELIOSMATH,20110621,30.45,31.7,30,30.5,18300
HERCULES,20110621,234.75,244.35,227,230.35,90022
HERITGFOOD,20110621,177,194.9,177,189,1135
HEROHONDA,20110621,1747,1778.4,1741.1,1762.35,239719
HEXAWARE,20110621,67.2,67.8,63.8,66.85,472324
HFCL,20110621,16.4,17.1,15.85,16.1,2950660
HGSL,20110621,394.5,399,393,395.5,2391
HIKAL,20110621,293.05,301,293.05,296.8,540
HILTON,20110621,15,16.95,15,16,3101
HIMATSEIDE,20110621,33.5,33.9,33.2,33.25,126423
HINDALCO,20110621,169.45,172.95,168,169.6,6029770
HINDCOMPOS,20110621,479,481,475.05,476.7,136
HINDCOPPER,20110621,262,270.6,258,259.75,102341
HINDDORROL,20110621,52,53,51,51.15,61386
HINDMOTORS,20110621,16.7,16.7,15.7,15.9,201359
HINDNATGLS,20110621,187,198,187,197.9,489
HINDOILEXP,20110621,181.9,181.9,163.5,166.65,640935
HINDPETRO,20110621,372.35,376,368.55,370.55,270335
HINDUJAFO,20110621,73,75,70.3,72.5,1656
HINDUJAVEN,20110621,268.15,280,268.15,275.05,9312
HINDUNILVR,20110621,322,327,320.9,322.35,2289179
HINDZINC,20110621,130.8,132.35,129.3,130.25,548273
HIRECT,20110621,47,48.45,46,46.75,2486
HITACHIHOM,20110621,194,200.75,192.55,193.25,33827
HITECHGEAR,20110621,104,108.9,104,105.75,459
HITECHPLAS,20110621,94,94,92,92,1389
HMT,20110621,58.55,59.3,57.05,57.55,97412
HMVL,20110621,135.65,136.4,133,135,5559
HNGSNGBEES,20110621,1375,1386.64,1320,1353.33,22
HOCL,20110621,32.2,32.4,31.5,31.65,54362
HONAUT,20110621,2577.9,2577.9,2443.7,2447.35,395
HONDAPOWER,20110621,394,394,377,380.05,6010
HOTELEELA,20110621,35.8,36.7,34.8,36.05,328596
HOTELRUGBY,20110621,9.6,9.9,9.25,9.25,2703
HOVS,20110621,83.5,89.5,83.5,85.7,43323
HSIL,20110621,176.15,179.95,174.6,175.6,60791
HTMEDIA,20110621,163,163.1,159,159.05,18486
HYDRBADIND,20110621,367.3,377,363,369.05,10944
HYDROS&S,20110621,21.1,21.1,21,21.05,745
IBN18,20110621,80,83.1,80,81.75,10591
IBPOW,20110621,17.75,17.85,17.1,17.2,389635
IBREALEST,20110621,102.55,106.95,97.6,106.35,6909893
IBSEC,20110621,13.05,13.6,13,13.15,365970
ICICIBANK,20110621,1026.7,1038,1003.4,1014,4634995
ICIL,20110621,11,12.5,11,12.5,1069
ICRA,20110621,1032.25,1067,1030,1043.05,1232
ICSA,20110621,105.5,109.4,103.6,105.4,38677
IDBI,20110621,126.5,127.9,124.25,124.65,1072724
IDEA,20110621,79.3,80.25,76.9,78.05,6596902
IDFC,20110621,118.7,122.7,118.2,121.15,8484606
IFBAGRO,20110621,74.5,76.75,73,73.15,4298
IFBIND,20110621,115.15,117.9,112.3,113.25,10969
IFCI,20110621,44.7,44.75,43.55,43.8,6451860
IFGLREFRAC,20110621,34.9,36.45,31.15,33.25,47481
IGARASHI,20110621,48,49,47.6,47.9,1207
IGL,20110621,363.2,372,361,367.05,187846
IGPL,20110621,26.3,26.5,25.1,25.55,2460
IL&FSENGG,20110621,150,151.9,143,143.7,14653
IL&FSTRANS,20110621,202,206.4,196,197.7,81644
IMPAL,20110621,678,688.95,670,678,205
IMPEXFERRO,20110621,10.3,10.3,10,10,200
INDBANK,20110621,10.95,10.95,10.25,10.55,18156
INDHOTEL,20110621,74,74.6,73.1,73.35,795801
INDIABULLS,20110621,143.5,147.9,139.5,145.85,752198
INDIACEM,20110621,77.7,77.7,74.8,75.55,541186
INDIAGLYCO,20110621,110.8,111.4,107.6,108.2,13839
INDIAINFO,20110621,81.15,83.8,80.5,81.15,700545
INDIANB,20110621,218,221.95,213.2,216.1,142018
INDIANCARD,20110621,102,102.1,99.15,100.1,621
INDIANHUME,20110621,125,133,125,125.45,1772
INDLMETER,20110621,88.25,95,88.25,94.4,8245
INDNIPPON,20110621,255,255,248.25,248.8,1320
INDOASIFU,20110621,79,81,79,79.8,5776
INDOCO,20110621,439.9,439.9,416.8,418,1281
INDORAMA,20110621,39.95,40.85,39.05,39.4,25679
INDOSOLAR,20110621,14.7,15.1,14.45,14.6,126283
INDOTECH,20110621,129.9,134.7,128,130.1,8852
INDOWIND,20110621,18,21.85,17.25,20.6,352276
INDRAMEDCO,20110621,34.95,36.45,34.95,35.7,22737
INDSWFTLAB,20110621,95.5,95.5,92,92.3,88497
INDSWFTLTD,20110621,29.95,30.2,29.4,29.75,11024
INDUSFILA,20110621,21.5,21.5,20.7,20.75,1845
INDUSINDBK,20110621,252,256.4,250,253.1,680841
INEABS,20110621,615,628.2,592.1,600.25,7099
INFINITE,20110621,131,131,123,124,40520
INFODRIVE,20110621,13.15,13.7,12.7,12.7,12222
INFOMEDIA,20110621,18.05,18.5,17.6,18,7070
INFOSYSTCH,20110621,2723,2755,2693.3,2727.15,942852
INFOTECENT,20110621,135.75,137.75,135.75,137.05,10516
INFRABEES,20110621,296.65,296.65,290,294,1628
INGERRAND,20110621,459.1,466.8,459,462,8148
INGVYSYABK,20110621,324,326.8,319.3,321.05,26809
INNOIND,20110621,88.5,90.7,85.5,87.9,68363
INOXLEISUR,20110621,42.7,43.1,42,42.25,57553
INSECTICID,20110621,331.7,342.5,315.65,338.4,202297
IOB,20110621,144.8,146.35,139.05,140.05,315698
IOC,20110621,327.35,328.75,322.5,323.5,236142
IOLCP,20110621,33.7,35,33.7,34.35,700
IOLN,20110621,6.3,6.45,6.15,6.15,9857
IPCALAB,20110621,337.6,338.9,333.1,336.75,15513
IPGETF,20110621,2231.5,2249,2231.5,2236.9,439
IPRINGLTD,20110621,75.35,75.35,75.35,75.35,15
IRB,20110621,162.55,164.25,158.2,159.8,710765
ISFT,20110621,66,66,60,62.55,816
ISMTLTD,20110621,40.55,40.55,39,39.05,36087
ISPATIND,20110621,19.2,19.55,18.9,19,1823979
ITC,20110621,187.5,188.9,184.25,184.85,4537795
ITDCEM,20110621,152.55,154.4,150.4,154,325
ITI,20110621,30.7,30.9,30,30.15,86615
IVC,20110621,34.3,34.3,33.05,33.65,21838
IVP,20110621,41.85,41.85,41.85,41.85,4
IVRCLAH,20110621,48.05,50.95,46.6,47.45,24075
IVRCLINFRA,20110621,67.9,69.3,65.7,66.45,2020862
J&KBANK,20110621,854.6,860,822.4,835.85,91157
JAGRAN,20110621,121,122.5,120.15,122,18569
JAGSNPHARM,20110621,16,16,13.7,13.8,6399
JAIBALAJI,20110621,171.35,172.7,166,167.15,48280
JAICORPLTD,20110621,119,124.95,119,119.75,1069805
JAINSTUDIO,20110621,10.7,10.7,10.05,10.25,421
JAMNAAUTO,20110621,125.1,133,121,125,852
JAYAGROGN,20110621,81,82.5,80.5,81,1426
JAYBARMARU,20110621,75.05,79,73.5,74.95,3270
JAYNECOIND,20110621,20.7,21.2,20.55,20.7,75271
JAYSREETEA,20110621,160.15,161.9,155.1,157.1,33009
JBCHEPHARM,20110621,127.5,127.9,125.1,125.35,94103
JBFIND,20110621,157.9,160.5,156,156.8,38828
JCTEL,20110621,1.1,1.15,1.1,1.15,108358
JENSONICOL,20110621,4.75,4.75,4.35,4.65,35362
JETAIRWAYS,20110621,427.45,433.7,405.1,414.8,389619
JHS,20110621,53.1,54.8,52,53.1,43415
JIKIND,20110621,6.9,7.6,6.9,7.5,3263
JINDALPHOT,20110621,160.7,166.45,155.55,157.15,348673
JINDALPOLY,20110621,308,317.5,297,300.5,214509
JINDALSAW,20110621,149.8,149.85,141.6,142.4,512701
JINDALSTEL,20110621,624,627.95,615,622.45,882759
JINDALSWHL,20110621,924,947.45,901.5,905.45,31546
JINDCOT,20110621,102.3,104,101.15,102.55,107350
JINDRILL,20110621,452.4,452.4,442,442.55,4413
JINDWORLD,20110621,193.35,200.35,182.1,185.45,54367
JISLJALEQS,20110621,136.9,145.6,135,142.1,3857244
JKCEMENT,20110621,106,112,105.3,109.85,81507
JKIL,20110621,132,133.7,130.5,132,7483
JKLAKSHMI,20110621,43.5,45,43.05,44.8,36379
JKPAPER,20110621,45.4,47.1,45.4,46.2,49221
JKTYRE,20110621,93.8,98,92.5,93,33983
JMCPROJECT,20110621,138.05,143.95,138.05,142.1,817
JMFINANCIL,20110621,22,22.6,21.5,21.75,481556
JMTAUTOLTD,20110621,73.25,73.25,68.05,70.75,39
JOCIL,20110621,263,269,256,257.5,2081
JPASSOCIAT,20110621,79.5,79.7,75.6,75.95,10309509
JPINFRATEC,20110621,50,51,49.05,49.9,147911
JPPOWER,20110621,45,45.45,43.2,43.5,493705
JSL,20110621,99.25,102,99.05,100.1,228699
JSWENERGY,20110621,67.85,68,66,66.7,299802
JSWSTEEL,20110621,843.4,862,842,849.85,539759
JUBILANT,20110621,160.05,162.95,159.05,160.15,87434
JUBLFOOD,20110621,790.2,811,787,800.85,600941
JUBLINDS,20110621,161.95,163.95,159,161.9,8150
JUMBO,20110621,18.95,18.95,18.25,18.25,1368
JUNIORBEES,20110621,109.5,109.75,108.1,108.77,13721
JUPITER,20110621,20.35,20.65,19.5,19.65,579526
JVLAGRO,20110621,21.6,22.2,20.65,21.55,30934
JYOTHYLAB,20110621,216.1,220,201.5,212.65,77481
JYOTISTRUC,20110621,86,86,82.05,84.65,57858
KABRAEXTRU,20110621,51.75,53.45,51.75,52.5,12806
KAJARIACER,20110621,87.55,89.5,87.5,88,30601
KAKATCEM,20110621,69.8,69.85,67.6,68.4,1093
KALECONSUL,20110621,78.45,81.45,73.2,77.65,6900
KALINDEE,20110621,104,105.5,101.25,102.3,161832
KALPATPOWR,20110621,125,128,124.2,124.9,67037
KAMATHOTEL,20110621,90.45,94.4,89.55,89.95,24887
KANDAGIRI,20110621,86,90,86,87.55,1003
KANORICHEM,20110621,49.5,49.75,48.15,48.75,35902
KANSAINER,20110621,885,891,885,889.85,31623
KARURVYSYA,20110621,399,400,382.7,386.75,57061
KAUSHALYA,20110621,9.25,9.8,9.25,9.3,8209
KAVVERITEL,20110621,140.15,148,140.15,144.95,65535
KBIL,20110621,535,565,535,564.45,788
KCP,20110621,24.75,26.5,24.75,25.5,22120
KCPSUGIND,20110621,14.9,15.3,14.9,15.1,18221
KEC,20110621,79.95,83,78,79.4,428039
KECL,20110621,42.3,43.45,41,42.45,5693
KEI,20110621,21,22.35,20.7,20.85,51902
KEMROCK,20110621,516.25,522.8,516.25,518.9,3258
KERNEX,20110621,92.05,94.9,92.05,93.45,18437
KESARENT,20110621,46.55,46.55,45.65,46.55,350
KESORAMIND,20110621,171,173.45,166.15,169.2,9760
KFA,20110621,37.2,38,35.5,36.05,1397771
KGL,20110621,12.2,12.2,11.7,11.75,552437
KHAITANELE,20110621,110,112.2,109,109,492
KHAITANLTD,20110621,29.25,31.45,29.05,30.1,836
KHANDSE,20110621,18.5,19,18,18.1,500
KICL,20110621,749.95,749.95,616,623.5,1425
KIL,20110621,16.15,17.85,16.15,17.25,6137
KILITCH,20110621,51,51,51,51,197
KINETICMOT,20110621,18.5,18.9,17.85,18.5,6751
KIRIINDUS,20110621,226.6,231.9,211.3,214.8,23728
KIRLOSBROS,20110621,161,164,152,155.9,53988
KIRLOSENG,20110621,128.85,128.85,118.6,120.8,2471
KIRLOSIND,20110621,282.05,289,281.15,286.05,1351
KITPLYIND,20110621,3.55,3.9,3.5,3.55,12528
KKCL,20110621,670,670,602.6,605.55,775
KLGSYSTEL,20110621,55,57,54.25,54.8,110984
KLRF,20110621,28.3,28.3,25.05,25.25,1850
KMSUGAR,20110621,3.2,3.3,3.2,3.3,7060
KNRCON,20110621,119.25,121.4,119.2,120.15,2748
KOHINOOR,20110621,45.5,49.65,45.5,47.9,35385
KOLTEPATIL,20110621,45,45.6,43.45,44.3,79095
KOPRAN,20110621,21.75,23.45,21.05,21.35,179157
KOTAKBANK,20110621,432.35,443,432.35,435.2,501560
KOTAKGOLD,20110621,2188,2192,2180.15,2187.6,19456
KOTAKNIFTY,20110621,541,544,536,539.94,409
KOTAKPSUBK,20110621,391.5,397,388,392.78,213
KOTARISUG,20110621,5.95,6.15,5.9,5.95,7259
KOTHARIPET,20110621,7.25,7.5,7.2,7.2,5334
KOTHARIPRO,20110621,414.05,434,414.05,428.35,905
KOUTONS,20110621,26.25,27.5,26,26.3,112359
KPIT,20110621,168.9,168.9,162.55,164.4,110136
KPRMILL,20110621,119,120,115.25,117.2,6562
KRBL,20110621,25.7,26,24.75,25,332141
KRISHNAENG,20110621,3.8,3.8,3.8,3.8,11447
KSBPUMPS,20110621,231.1,235.95,230,231.4,1243
KSCL,20110621,370.1,385.5,370.1,378.25,20902
KSE,20110621,206,208,198.1,199.15,1584
KSERASERA,20110621,11,11.15,11,11,541897
KSK,20110621,114.25,114.75,114.05,114.35,47304
KSL,20110621,74.75,74.75,70.4,71.85,15672
KSOILS,20110621,19,20.4,19,19.35,8298199
KTIL,20110621,71.35,71.35,71.35,71.35,35
KTKBANK,20110621,122.5,124.5,121.3,122.55,1150730
KWALITY,20110621,124,125.45,123.5,125.2,594682
LAKPRE,20110621,46.7,46.9,46.3,46.45,324
LAKSHMIEFL,20110621,39.2,40.45,39,39.25,16660
LAKSHMIMIL,20110621,1765,1765,1765,1765,3
LAKSHVILAS,20110621,117,118.85,115.7,116.95,141105
LANCOIN,20110621,35.6,36.7,35.4,35.85,21372
LAOPALA,20110621,74.25,77.9,74.2,75.2,2889
LAXMIMACH,20110621,2080,2117.45,2071.1,2090.1,2535
LCCINFOTEC,20110621,0.7,0.7,0.65,0.7,21842
LGBBROSLTD,20110621,262.1,264.6,258,259.55,1941
LGBFORGE,20110621,3,3.15,2.9,3.05,35572
LIBERTSHOE,20110621,91.85,95.15,91,92.6,106388
LICHSGFIN,20110621,220.1,221.2,214.2,218.25,3524196
LIQUIDBEES,20110621,999.99,1000.01,999.99,1000,161018
LITL,20110621,28,28.4,27,27.55,8646262
LLOYDELENG,20110621,50.15,51.4,50,50.25,6629
LLOYDFIN,20110621,1.35,1.4,1.3,1.3,4700
LLOYDSTEEL,20110621,16.2,17.05,16.1,16.15,900855
LML,20110621,9,9.1,8.55,8.9,82807
LOGIXMICRO,20110621,15.8,18.85,15.8,17.05,5323
LOKESHMACH,20110621,40.2,41.9,40.2,41.3,1779
LOTUSEYE,20110621,10.55,11.3,10.5,10.9,5174
LOVABLE,20110621,400.95,416.95,388.3,393.35,2115133
LPDC,20110621,2.9,3.05,2.8,2.8,13320
LT,20110621,1662.2,1679.95,1630.5,1642.55,904506
LUMAXAUTO,20110621,39,39,37.75,38.8,1629
LUMAXIND,20110621,338.75,338.75,328.6,334.15,5083
LUMAXTECH,20110621,168.95,170,168.05,168.25,6154
LUPIN,20110621,435,445.1,431,435.1,530499
LYKALABS,20110621,19.95,19.95,18.7,18.85,12418
M&M,20110621,638.6,642.5,632,634.45,804645
M&MFIN,20110621,614,620,602.1,614.4,30943
M100,20110621,7.85,7.85,7.52,7.6,82473
M50,20110621,72.01,72.65,70.29,71.34,6201
MAANALU,20110621,57.3,59.95,57.3,59.25,1010
MADHAV,20110621,16.9,17.6,16.45,17.35,1107
MADHUCON,20110621,85.1,86.55,81.5,84.3,106791
MADRASCEM,20110621,83,84.05,83,83.1,19755
MADRASFERT,20110621,25.75,26.35,25.3,26.05,85076
MAGMA,20110621,69.9,69.9,68.6,69.05,55810
MAGNUM,20110621,5.4,5.95,5.1,5.45,5779
MAHABANK,20110621,55.1,55.15,54,54.45,72214
MAHINDFORG,20110621,68.95,68.95,66.2,67.35,11321
MAHINDUGIN,20110621,46.25,51,46,46.45,14263
MAHLIFE,20110621,340,346,337.15,340.15,4989
MAHSCOOTER,20110621,345,349.35,340,344.75,30
MAHSEAMLES,20110621,369.9,370.9,365.1,365.4,1802
MALUPAPER,20110621,12.95,14.4,12.95,13.8,9435
MALWACOTT,20110621,40,41.45,38.55,39.65,3263
MANAKSIA,20110621,73,73,67,68.6,4746
MANALIPETC,20110621,12.9,13.15,12.1,12.8,139110
MANAPPURAM,20110621,56.9,56.9,56,56.35,222136
MANDHANA,20110621,183,186.45,179,180.15,20494
MANGALAM,20110621,12.2,12.95,12.2,12.55,1089
MANGCHEFER,20110621,29.8,30.25,29.35,29.55,123702
MANGLMCEM,20110621,109.85,109.9,104.1,105.55,23472
MANGTIMBER,20110621,17.2,18.45,16.7,16.75,2240
MANINDS,20110621,141.25,145.55,135.2,139.5,182658
MANINFRA,20110621,111,116.55,110,112.5,9662
MANJEERA,20110621,99,100.05,96,99.3,197
MANJUSHREE,20110621,74,74.35,72.1,72.8,999
MANUGRAPH,20110621,50,51.25,50,50.85,9161
MARALOVER,20110621,13.35,13.55,13,13.2,5036
MARG,20110621,89,89.65,86.1,86.8,56987
MARICO,20110621,142.9,145.9,141.1,142.7,185658
MARKSANS,20110621,2.2,2.25,2.15,2.15,253601
MARUTI,20110621,1164.95,1170,1136,1144.8,261594
MASTEK,20110621,106.8,108.25,103.4,104.15,100389
MAWANASUG,20110621,23.05,23.4,22.55,22.6,8605
MAX,20110621,173.65,176,170.25,172.6,170037
MAXWELL,20110621,18.15,19.25,17.6,17.65,245991
MBECL,20110621,164,164,148.35,149.3,98512
MBLINFRA,20110621,137.8,140.25,136.35,137.55,7112
MCDHOLDING,20110621,86,86.85,82.5,84.45,7095
MCDOWELL-N,20110621,945,953.45,894.7,918.75,351136
MCLEODRUSS,20110621,262.95,262.95,255.1,256.85,144196
MEGASOFT,20110621,22,23.75,22,23.15,13185
MEGH,20110621,11.5,11.5,10.4,10.85,259474
MELSTAR,20110621,8,8.1,8,8.1,82
MERCK,20110621,592.5,615,592.5,601.05,7353
MHRIL,20110621,355.95,355.95,344,345.6,2949
MIC,20110621,13.75,14.5,12.65,13.05,3217761
MICROSEC,20110621,38.05,39.35,37.7,38.4,15585
MICROTECH,20110621,125,127.2,124.3,125.2,32478
MINDAIND,20110621,241,241.9,240.3,240.3,300
MINDTREE,20110621,350.35,359,350,355.4,10357
MIRCELECTR,20110621,26,26.05,24.8,25.15,43311
MIRZAINT,20110621,22.1,22.3,21.5,22.1,95579
MLL,20110621,37.6,37.6,35.75,36,920832
MMFL,20110621,104.25,114.65,104.25,113.9,1194
MMFSL,20110621,85.4,85.4,77.25,77.25,131164
MMTC,20110621,891.25,904.9,876,885.75,10341
MOIL,20110621,333.1,339.7,329.5,330.7,138271
MONNETISPA,20110621,481,490.85,481,482.55,3599
MONSANTO,20110621,1675,1720,1675,1689.05,1118
MORARJETEX,20110621,14.15,15.5,14.15,15.05,2677
MOREPENLAB,20110621,4.5,4.65,4.45,4.5,130478
MOSERBAER,20110621,37.6,39.3,37.1,37.35,973008
MOTHERSUMI,20110621,212,212,207.1,208.85,60419
MOTILALOFS,20110621,99.9,99.9,95.25,96.4,6407
MOTOGENFIN,20110621,43.05,45.3,43.05,45,62938
MPHASIS,20110621,435,439.25,420.3,424.35,155927
MPSLTD,20110621,31.5,36.75,31.5,35.4,3610
MRF,20110621,6670,6699,6525,6572.75,4746
MRO-TEK,20110621,16.35,16.35,14.95,15,30668
MRPL,20110621,72.75,74.2,71.15,72.25,583008
MSPL,20110621,45.45,46.45,44.05,45,7063
MTNL,20110621,43.1,43.4,42.3,42.55,326220
MUDRA,20110621,53.65,54.15,53.3,53.5,32599
MUKANDENGG,20110621,28.5,30.35,28.5,29.65,741
MUKANDLTD,20110621,41.4,43.55,41.4,42.6,6862
MUKTAARTS,20110621,36,36.05,35,35.2,393
MUNDRAPORT,20110621,148,149.8,144.5,148.35,1088170
MUNJALAU,20110621,126.6,130,125.8,128.1,2304
MUNJALSHOW,20110621,60,61,58.5,58.7,10676
MURLIIND,20110621,26,26.7,24.75,24.95,6371
MURUDCERA,20110621,17.3,18.15,16.65,16.8,10164
MUTHOOTFIN,20110621,155.85,156.5,153.2,153.5,195394
MVL,20110621,26.2,27.35,25.6,26.65,57421
MVLIND,20110621,15,16.4,15,15.5,915
MYSOREBANK,20110621,610,616.5,602.35,603.25,1044
N100,20110621,96.55,102.49,96,102.04,2682
NAGARFERT,20110621,31.7,32.2,31,31.6,2196031
NAGREEKCAP,20110621,27,32.5,27,28.45,1396
NAGREEKEXP,20110621,25.1,25.1,22,22.2,2013
NAHARCAP,20110621,61.5,62.55,60.05,60.95,555
NAHARINDUS,20110621,57.95,57.95,52.5,53.5,307
NAHARPOLY,20110621,30.15,30.85,27.75,27.75,5465
NAHARSPING,20110621,81.25,84,80.6,81.85,12005
NANDAN,20110621,2.6,2.65,2.4,2.55,93400
NATCOPHARM,20110621,260,265.2,259.05,263.4,10801
NATIONALUM,20110621,85,85.6,82.85,83.2,237491
NATNLSTEEL,20110621,18.2,18.45,17.85,17.95,8265
NAUKRI,20110621,713,737,712,731.65,83875
NAVINFLUOR,20110621,275.05,286.95,275.05,285.1,9185
NAVNETPUBL,20110621,62.8,62.8,60.3,60.95,249121
NBVENTURES,20110621,199.5,204.8,197,203.8,7036
NCC,20110621,80.05,81.95,77.3,78.3,305248
NCLIND,20110621,35.9,36,35.5,35.9,19930
NDTV,20110621,62,62.45,60.4,60.85,83481
NECLIFE,20110621,25.25,25.25,24.2,24.35,17104
NEHAINT,20110621,165.7,165.7,165.7,165.7,1164
NELCAST,20110621,96.1,100.05,96,99.5,21524
NELCO,20110621,68.5,71.65,68.5,68.85,46133
NEOCURE,20110621,2.5,2.65,2.5,2.5,2206
NEPCMICON,20110621,4.5,4.5,4.1,4.15,32040
NESCO,20110621,572.45,609.8,552.4,576.6,522841
NESTLEIND,20110621,3949,3968.7,3876.35,3887.9,5116
NET4,20110621,129.6,129.95,127.5,129.4,25783
NETWORK18,20110621,145.95,145.95,142.1,142.1,4425
NEULANDLAB,20110621,120,126.95,120,126.7,1582
NEXTMEDIA,20110621,5.3,5.8,5.3,5.6,15658
NEYVELILIG,20110621,97.3,97.7,95.1,95.7,120446
NFL,20110621,93.2,94.3,90,91.35,106921
NHPC,20110621,23.5,24,23.25,23.35,3501373
NICCO,20110621,3.15,3.15,3.15,3.15,5061
NIFTYBEES,20110621,537,544.45,537,539.2,80290
NIITLTD,20110621,56,56.4,54.8,55.35,127212
NIITTECH,20110621,186.8,187.5,183.5,184.35,132645
NILKAMAL,20110621,255.5,262,240,246.65,10008
NIPPOBATRY,20110621,423,433.5,420,431.1,112
NISSAN,20110621,2.45,2.6,2.3,2.35,331959
NITCO,20110621,55.8,57,55.2,55.5,11171
NITESHEST,20110621,23.1,23.6,22.9,23,31746
NITINFIRE,20110621,91.3,94.5,90.3,92.65,151867
NITINSPIN,20110621,8.75,9.05,8.7,8.85,21002
NMDC,20110621,250.5,256,248,251.05,132067
NOCIL,20110621,16.25,16.65,16.1,16.2,131191
NOIDATOLL,20110621,25.5,25.85,25.1,25.2,149786
NORBTEAEXP,20110621,6.05,6.9,6,6.6,5013
NORTHGATE,20110621,11.85,12.05,11.65,11.7,33917
NOVOPANIND,20110621,41.9,42,41,42,1884
NRBBEARING,20110621,47.25,48.25,46.25,46.5,12307
NRC,20110621,5.5,5.9,5.5,5.6,7344
NSIL,20110621,735.1,749,730.35,748.9,127
NTPC,20110621,175.3,177,173.4,176.45,920981
NUCHEM,20110621,4.05,4.65,4.05,4.2,28660
NUCLEUS,20110621,82.5,84.1,80.05,80.5,31320
NUMERICPW,20110621,219.45,224.3,217.3,218.15,1286
NUTEK,20110621,4.55,4.65,4.3,4.4,992268
OBEROIRLTY,20110621,232.05,242,230.2,231.25,19220
OCL,20110621,103,104.25,101.2,101.95,3303
OFSS,20110621,2189,2210,2153,2171.1,35162
OIL,20110621,1260,1270,1241.3,1245.85,28774
OILCOUNTUB,20110621,67.55,80.2,67.55,79.35,516528
OISL,20110621,40.35,41.9,40.35,40.65,690
OMAXAUTO,20110621,39.5,43.55,39.5,39.55,23103
OMAXE,20110621,123,124.3,116,122.55,105280
OMKARCHEM,20110621,53.1,56.95,53.1,55,22080
OMMETALS,20110621,35.55,36.75,34.5,35.4,3729
OMNITECH,20110621,148,148,140.05,141.65,10017
ONGC,20110621,258.8,261.65,248.05,256.05,6562588
ONMOBILE,20110621,105.5,107.6,102.55,103.95,406481
ONWARDTEC,20110621,35.1,35.95,34.85,35.65,3906
OPTOCIRCUI,20110621,283.95,285,265.2,272.5,368029
ORBITCORP,20110621,40.25,41,38.2,38.55,525865
ORCHIDCHEM,20110621,263.95,266.7,215.05,231.55,4170076
ORIENTABRA,20110621,30,30.95,27.85,28.7,202774
ORIENTALTL,20110621,9,9.3,8.7,8.75,1984
ORIENTBANK,20110621,312.85,322,312.85,319.8,264549
ORIENTCERA,20110621,50,53.8,50,51.85,221
ORIENTHOT,20110621,28.45,29.75,28.15,29.35,4681
ORIENTLTD,20110621,81.7,81.7,81.7,81.7,1
ORIENTPPR,20110621,57.05,59.35,57.05,58.75,73249
ORISSAMINE,20110621,48000,48000,46121,46307.8,503
OSWALMIN,20110621,58.8,58.8,58.8,58.8,914
OUDHSUG,20110621,27.9,27.9,26.25,26.55,5529
PAEL,20110621,25.35,27.65,25.35,26.8,1160
PAGEIND,20110621,1740.05,1800,1725,1725.45,2565
PANACEABIO,20110621,164.55,165.95,160.35,161.05,6077
PANASONIC,20110621,118,118,110.5,110.8,2120
PANORAMUNI,20110621,14.7,14.7,13.75,13.8,18065
PANTALOONR,20110621,282.2,289,276.75,285.5,547137
PAPERPROD,20110621,72.2,74.9,71,71.5,56058
PARABDRUGS,20110621,39.05,40,38.5,38.85,29061
PARACABLES,20110621,3.55,3.85,3.2,3.75,18142
PARAL,20110621,259,267.7,252.05,259.95,12913
PARAPRINT,20110621,22.95,23.4,21.8,22.3,518070
PARASPETRO,20110621,0.55,0.6,0.55,0.55,16796
PAREKHPLAT,20110621,4.75,4.8,4.6,4.6,3746
PARRYSUGAR,20110621,105.2,105.2,100,104.65,601
PARSVNATH,20110621,42.85,43.4,41.85,42.45,696349
PATELENG,20110621,143.75,145.8,132,136,1473520
PATINTLOG,20110621,25.05,27.9,24.65,25.7,10485
PATNI,20110621,327,338.9,322.35,324.75,158231
PATSPINLTD,20110621,17.1,18.45,17,17,6760
PBAINFRA,20110621,60.05,61.9,59,59.85,13289
PDPL,20110621,95.3,103.1,94.9,94.9,10009
PDUMJEIND,20110621,19.45,19.45,18.25,18.25,1295
PDUMJEPULP,20110621,19.25,20,19.25,20,700
PEACOCKIND,20110621,2.5,2.9,2.5,2.85,3496
PEARLPOLY,20110621,25,25,22,24.3,14021
PENIND,20110621,38.15,39.85,36.5,37.5,66338
PENINLAND,20110621,53.25,53.25,48.85,49.4,32805
PEPL,20110621,3,3.15,3,3.15,59
PERIATEA,20110621,170,177,170,177,40
PERSISTENT,20110621,350,359,335.1,355.95,11353
PETRONENGG,20110621,356,360,354.1,357.85,3604
PETRONET,20110621,140.25,144,139.05,142.8,1781276
PFC,20110621,178,179.95,168.2,170.95,4206632
PFIZER,20110621,1374,1472,1374,1444.25,57343
PFOCUS,20110621,53.25,53.25,47.2,48.8,698772
PFS,20110621,17.05,17.1,16.55,16.6,133487
PGHH,20110621,1901,1934,1901,1917.55,960
PHILIPCARB,20110621,136,139.4,134,134,8726
PHOENIXLTD,20110621,190,191.95,185.6,190,65178
PIDILITIND,20110621,157.6,161.75,157.15,159.35,128993
PIIND,20110621,680,730,680,710,31
PIONDIST,20110621,46.6,47.5,46.5,47.5,655
PIONEEREMB,20110621,17.8,17.9,17.35,17.9,517
PIPAVAVYD,20110621,76.9,78,74.1,75.8,1716414
PIRGLASS,20110621,122.25,124.65,118.5,120.7,54002
PIRHEALTH,20110621,365,370.9,357.15,364.45,78152
PIRLIFE,20110621,84.85,86,80.1,83.75,5400
PITTILAM,20110621,36.75,37.3,36.15,36.85,5286
PLASTIBLEN,20110621,209.1,209.1,202,205.4,81
PLETHICO,20110621,354,354,349,349.85,52185
PNB,20110621,1055,1061.5,1034,1039.6,120781
PNBGILTS,20110621,24.4,24.4,23,24.1,19484
PNC,20110621,15,15,14.05,14.35,1771
POCHIRAJU,20110621,15.75,16.55,15.75,16.05,3945
POLARIND,20110621,4,4.2,4,4.05,855
POLARIS,20110621,164.25,172,162.6,169.55,632646
POLYPLEX,20110621,177,183.9,176.55,180.15,132580
PONDYOXIDE,20110621,30.8,31.5,29.35,30.55,5362
PONNIERODE,20110621,90,91,88,90.15,689
POWERGRID,20110621,101.8,102.45,100.4,101.35,2883693
PPAP,20110621,97.7,98.5,96.8,97.2,6740
PRADIP,20110621,82.05,83.5,79.8,80.45,6325
PRAENG,20110621,11,11.25,10.65,10.95,60322
PRAJIND,20110621,70.5,71.5,68.1,69,385606
PRAKASH,20110621,64.5,65,62,62.4,151667
PRAKASHSTL,20110621,142.1,148.95,141.05,146.25,1495
PRATIBHA,20110621,52.55,53.25,51.05,51.3,44992
PRECOT,20110621,144.35,153,144.35,149.85,331
PRECWIRE,20110621,116.2,119.75,116.2,117.55,1141
PREMIER,20110621,83,86.6,82.5,83.6,10295
PRESTIGE,20110621,124,127,122.65,123.3,41754
PRETAILDVR,20110621,175.1,184.75,170,174.8,3143
PRICOL,20110621,16.3,20.4,16.3,20.15,20293
PRIMESECU,20110621,23,23.5,23,23.25,5168
PRISMCEM,20110621,45.45,46.75,44.65,46.5,91988
PRITHVI,20110621,28.95,28.95,27.55,27.75,7856
PROVOGUE,20110621,35.3,36.1,34.55,34.85,290934
PSB,20110621,100.5,101.85,99.7,101.1,50833
PSL,20110621,69.5,70.1,68,69.55,66048
PSUBNKBEES,20110621,383.75,383.75,375,376.51,1432
PTC,20110621,73.8,74.8,72.7,73.25,497029
PTL,20110621,26.5,27.5,26.5,27.3,1393
PUNJABCHEM,20110621,78.5,80.9,76.7,79.7,3203
PUNJLLOYD,20110621,65.2,66.5,64.05,64.65,5302405
PURVA,20110621,88.35,91.2,85.55,86.2,16585
PVP,20110621,8.5,9,8.1,8.7,28551
PVR,20110621,101,102.7,99.95,100.7,59976
QGOLDHALF,20110621,1087.5,1094.95,1083.7,1089.45,433
QNIFTY,20110621,533.2,538.9,533.2,538.9,120
QUINTEGRA,20110621,3.6,3.7,3.6,3.65,8125
RADAAN,20110621,2.3,2.4,2.25,2.25,5531
RADICO,20110621,128.2,131.85,128.15,129.15,110988
RAINBOWPAP,20110621,61,62.95,60,62.6,17082
RAINCOM,20110621,34,34.65,33,34,179144
RAJESHEXPO,20110621,91,96.8,89.5,92.65,372739
RAJOIL,20110621,32.1,32.75,30.8,31.5,40900
RAJPALAYAM,20110621,578.1,598.95,578.1,586,1505
RAJRAYON,20110621,11.5,11.7,11.25,11.45,7509
RAJSREESUG,20110621,44.3,45,43.35,44.1,3234
RAJTV,20110621,50.1,50.9,49.15,49.5,17356
RAJVIR,20110621,160,170.95,160,162.7,50
RALLIS,20110621,1481,1517.8,1481,1507.5,7825
RAMANEWS,20110621,15.1,15.75,15.1,15.3,7008
RAMCOIND,20110621,41.45,41.75,40.6,41,18096
RAMCOSYS,20110621,96.95,98.35,93.35,94.55,10926
RAMKY,20110621,261.55,266.5,261.55,263.9,5949
RAMSARUP,20110621,16.25,16.7,15.5,15.7,30051
RANASUG,20110621,5.15,5.2,5.1,5.15,251499
RANBAXY,20110621,527.5,533.55,520,531.75,622075
RANEENGINE,20110621,230,230,212,215,223
RANEHOLDIN,20110621,222.6,230,222.6,226.15,373
RANKLIN,20110621,15.25,15.4,14.65,14.65,44498
RATNAMANI,20110621,107,110.5,101.15,107.3,1961
RAYMOND,20110621,360.8,372.6,355.05,359.15,1007623
RBL,20110621,114.95,114.95,107,108,883
RBN,20110621,73.1,77.65,73,77,277796
RCF,20110621,74.8,76.2,74.05,75.25,380577
RCOM,20110621,89,89.85,86.6,87.75,4587686
RECLTD,20110621,187.45,189.4,181.7,182.3,2412473
REDINGTON,20110621,84,88.25,83.1,84.3,157166
REFEX,20110621,30.9,33.4,30.7,31.8,41998
REIAGROLTD,20110621,25.5,25.9,24.6,25.05,1483686
REISIXTEN,20110621,34,36.45,32,33.55,18500
RELAXO,20110621,258,264.7,250.1,257.5,399
RELCAPITAL,20110621,521.3,529.15,512.05,515.4,808133
RELGOLD,20110621,2130,2139,2123.05,2132.1,3348
RELGRNIFTY,20110621,525,525,520,521.46,783
RELIANCE,20110621,839.9,855,837.3,848.65,3980489
RELIGARE,20110621,461.1,466,457.45,458.35,14984
RELIGAREGO,20110621,2235,2237.9,2224.15,2234.6,223
RELINFRA,20110621,550.2,554.7,527,531.2,758310
RELMEDIA,20110621,123.4,123.4,117.55,118.2,573425
RENUKA,20110621,60.5,61.4,57.65,57.9,4244402
REPRO,20110621,127.5,134.4,125.35,128.05,109802
RESURGERE,20110621,0.6,0.6,0.55,0.55,4744387
REVATHI,20110621,400,407,400,406,12
RICOAUTO,20110621,15.5,15.9,15,15.05,128633
RIIL,20110621,524,539.5,516,519.05,170965
RKDL,20110621,25,25,24,24.3,31994
RKFORGE,20110621,98,112,98,105,2626
RMCL,20110621,7.45,8.2,7.45,7.45,24616
RML,20110621,121.1,128.5,121.1,124.95,2401
ROHITFERRO,20110621,35.75,35.75,35,35.25,57362
ROHLTD,20110621,62.6,62.95,60.3,60.6,5768
ROLTA,20110621,124.25,125.75,121.5,122.9,378553
ROMAN,20110621,27,27.65,26.6,26.9,6276
RPGLIFE,20110621,81.5,81.5,77.2,79.15,4922
RPOWER,20110621,110.25,111.5,108.1,109.85,1974358
RPPINFRA,20110621,72.5,73,71.6,72.85,41323
RSSOFTWARE,20110621,55.5,57.4,55.5,55.6,5070
RSWM,20110621,133.35,138.95,133.2,134.2,6479
RSYSTEMS,20110621,104,107,104,105.4,1344
RUBYMILLS,20110621,718,737,710,715.4,133
RUCHINFRA,20110621,19.9,20.45,19.05,19.55,23020
RUCHIRA,20110621,10,10.35,10,10.3,5542
RUCHISOYA,20110621,90.05,92.35,80.05,90.3,1936087
SABTN,20110621,58,58,54.15,54.8,247
SADBHAV,20110621,125.1,135,125.1,130.1,152143
SAGCEM,20110621,136,139.6,131,135,435
SAHPETRO,20110621,28,35.5,28,32.55,23361
SAIL,20110621,134,135.25,130.25,131.3,1632548
SAKHTISUG,20110621,32.35,32.5,31.5,31.6,47019
SAKSOFT,20110621,52.55,54.9,52.55,54.9,9845
SAKUMA,20110621,14.8,14.8,14.5,14.5,833
SALONACOT,20110621,20.3,22.15,20.3,22.15,2
SALORAINTL,20110621,33,33,28.55,28.9,2947
SALSTEEL,20110621,6.65,6.85,6.6,6.6,16003
SAMBANDAM,20110621,92,94,86.5,90,115
SAMBHAAV,20110621,1.55,1.6,1.4,1.4,1007
SANDESH,20110621,296.85,296.85,269,278,17
SANGAMIND,20110621,37.6,38.85,37.4,38.1,9159
SANGHIIND,20110621,18.65,19,18.35,18.7,2602
SANGHIPOLY,20110621,1.65,1.7,1.65,1.65,6416
SANGHVIFOR,20110621,53,55.8,52.3,52.3,55624
SANGHVIMOV,20110621,114.35,118.4,114.05,114.4,3104
SANWARIA,20110621,46.85,46.85,43.05,43.05,4682
SARDAEN,20110621,207.35,212,205,207.35,10556
SAREGAMA,20110621,65.75,68.7,65.1,65.7,51920
SARLAPOLY,20110621,107,111,107,111,200
SASKEN,20110621,131.2,135.95,129,131.85,45025
SATHAISPAT,20110621,45.3,47.3,45.3,45.6,9747
SATYAMCOMP,20110621,82.45,84.85,81.25,84.25,5364121
SAVERA,20110621,37.1,37.2,36.9,37,829
SBBJ,20110621,481.1,487,480,480.8,6548
SBIGETS,20110621,2229.95,2232.9,2223.05,2229.95,1992
SBIN,20110621,2188,2209.9,2141.2,2148.5,1647030
SBT,20110621,703,710,692.1,698.8,10701
SCI,20110621,100.4,100.9,98.65,99.55,191695
SEAMECLTD,20110621,87.2,90.9,87.2,88.9,755
SEINVEST,20110621,10.5,11.3,9.9,10.05,545171
SELAN,20110621,314.8,314.8,295.7,300.6,12858
SELMCL,20110621,16.5,16.75,16.15,16.35,295503
SENTINEL,20110621,15,15.25,14.8,14.85,6244
SERVALL,20110621,8.5,9.1,8.1,8.35,276707
SESAGOA,20110621,266.05,270.8,263,267.45,884082
SESHAPAPER,20110621,238,238,232.05,232.05,50
SGFL,20110621,6,6,5.8,5.8,16
SGJHL,20110621,258.1,262,258.1,259.2,80544
SGL,20110621,4.1,4.2,4.1,4.2,466
SHAHALLOYS,20110621,12.35,12.4,12.35,12.4,700
SHANTIGEAR,20110621,40.3,41,39.8,40,48283
SHARIABEES,20110621,117.6,118.55,117.6,118.17,1022
SHARRESLTD,20110621,54,55,52.05,54,198
SHASUNPHAR,20110621,73.3,75,70.15,73.8,18202
SHILPAMED,20110621,233,233,228.6,230.05,682
SHILPI,20110621,16.5,16.5,15.35,15.35,68146
SHIV-VANI,20110621,227,232.8,220,220.7,47450
SHIVAMAUTO,20110621,109,112.9,108.05,111,318
SHIVTEX,20110621,31.55,33.8,31.55,31.95,6612
SHLAKSHMI,20110621,81,82.4,77,78.35,26437
SHOPERSTOP,20110621,430,443.95,417,433.7,77746
SHPRE,20110621,6.5,7,6.3,6.3,5607
SHREEASHTA,20110621,4.75,4.8,3.85,4.15,8391346
SHREECEM,20110621,1700,1725,1664.3,1698.95,9402
SHREERAMA,20110621,5.55,5.8,5.55,5.75,4614
SHRENUJ,20110621,52.05,55,52.05,53.3,9290
SHREYAS,20110621,29,33,29,31.8,8115
SHRIRAMCIT,20110621,558,560.05,556,556,979
SHRIRAMEPC,20110621,156.05,165,153,159.25,38164
SHYAMTEL,20110621,39.55,40.5,39.3,39.45,8309
SICAGEN,20110621,24.5,25.1,24.1,24.45,18032
SICAL,20110621,71.25,74.25,71.25,73.1,41527
SIEMENS,20110621,852.95,855.65,835.45,841.65,85483
SILINV,20110621,90,94,86,86.3,759
SIMBHSUGAR,20110621,34.65,36.4,34.65,35.7,213050
SIMPLEX,20110621,104,104,96.5,97.25,791
SIMPLEXINF,20110621,292.1,293.5,281.15,284.8,872
SINTEX,20110621,172.25,174.6,163.15,165.1,1041193
SIRPAPER,20110621,54.5,57.4,54.45,57.4,680
SITASHREE,20110621,6,6.2,6,6,1866
SIYSIL,20110621,415,415,396.05,400.25,1045
SJVN,20110621,21.2,21.2,21.05,21.05,89630
SKFINDIA,20110621,622,640.9,610.45,628.55,7629
SKMEGGPROD,20110621,8.5,10,8.45,9,45430
SKSMICRO,20110621,400,411,377.25,377.25,213435
SKUMARSYNF,20110621,59,59,41.65,51.2,20907524
SMARTLINK,20110621,51,53.95,51,51.25,77606
SMLISUZU,20110621,355.55,355.55,355,355.05,120
SMPL,20110621,9.55,9.85,9.3,9.35,214426
SMSPHARMA,20110621,190.1,201.95,190.1,199.7,1049
SOBHA,20110621,244.25,247.75,243,244.45,83831
SOLARINDS,20110621,627,640,627,631,43
SOMANYCERA,20110621,38,41.45,37.95,39.9,11105
SOMATEX,20110621,7.25,7.4,7,7.35,7949
SONASTEER,20110621,15.85,16.15,15.15,15.9,81857
SONATSOFTW,20110621,38.9,40.15,38.9,39.6,245585
SOTL,20110621,550.3,557.75,546,547.95,343
SOUISPAT,20110621,9.05,9.05,8.5,8.6,72440
SOUTHBANK,20110621,24.95,25.15,24.65,24.75,1519572
SPANCO,20110621,135,135,125,128.5,2738
SPARC,20110621,88.8,91.3,87.35,88.35,150991
SPECTACLE,20110621,16.5,16.5,15.4,16,75474
SPENTEX,20110621,12.5,13.9,12.5,13.5,11497
SPIC,20110621,28.05,28.7,27.5,27.85,774533
SPICEMOBIL,20110621,98.25,98.9,97.25,98.1,6747
SPLIL,20110621,4.2,4.2,4,4.2,2794
SPMLINFRA,20110621,168,168,161.4,164.05,729
SPYL,20110621,30.1,31.35,29.85,30.05,57327
SREINFRA,20110621,40.7,41.4,36.7,38.65,1027611
SRF,20110621,288,292.25,282.1,283.3,42400
SRGINFOTEC,20110621,0.55,0.65,0.55,0.65,25554
SRHHLINDST,20110621,3.6,3.9,3.6,3.9,4
SRHHYPOLTD,20110621,42.05,43,41.5,43,1650
SRICHAMUND,20110621,38,39,38,38.1,540
SRTRANSFIN,20110621,629.9,640,589.85,602.2,583354
SSWL,20110621,251.15,265,251,252.8,13004
STAR,20110621,342,342.8,335.05,339.2,170781
STARPAPER,20110621,22.55,22.6,22.5,22.55,2177
STCINDIA,20110621,208,218,207,208.95,111561
STER,20110621,154.1,154.6,151.4,153.7,5799518
STERLINBIO,20110621,93.95,93.95,91.4,93.1,224022
STERTOOLS,20110621,123.8,123.8,120.95,121.8,1709
STRTECH,20110621,47,48.25,46.7,47.2,436968
SUBEX,20110621,57.6,58.9,55.3,55.9,1215851
SUDAR,20110621,104.75,106.8,102.35,105.55,163301
SUDARSCHEM,20110621,750.05,750.05,750,750,3786
SUJANATOW,20110621,27.45,30.2,27.05,28.45,1182073
SUJANAUNI,20110621,5.4,5.6,5.35,5.5,30722
SUMEETINDS,20110621,36.6,36.65,33.85,34.25,503198
SUMMITSEC,20110621,81,88.85,81,83.3,3864
SUNCLAYTON,20110621,147.1,147.1,144,144,605
SUNDARAM,20110621,42.3,42.85,42.2,42.7,293911
SUNDARMFIN,20110621,524.1,528,510.1,517.25,3347
SUNDRMBRAK,20110621,151.6,157.7,150.5,152,1267
SUNDRMFAST,20110621,59.1,59.8,58.05,59,16428
SUNFLAG,20110621,24.9,25.1,23.7,23.75,66702
SUNILHITEC,20110621,118,119.75,111.15,112.6,32761
SUNPHARMA,20110621,477.45,490,477.25,488.2,789845
SUNTECK,20110621,291,302,291,298.35,24956
SUNTV,20110621,345,356.45,343.5,347.3,1967466
SUPER,20110621,235,239.4,223,228.1,1120
SUPERSPIN,20110621,8.25,8.6,8.25,8.4,6435
SUPPETRO,20110621,58,59.6,56.3,57.95,12292
SUPRAJIT,20110621,19.1,19.85,19.1,19.65,9212
SUPREMEIND,20110621,172.1,177,171.9,172.85,14813
SUPREMEINF,20110621,228.85,228.9,210.05,212.7,8685
SURAJDIAMN,20110621,44.4,45.5,44.4,44.85,31815
SURANACORP,20110621,96,96,91.1,94.75,770
SURANAIND,20110621,317,319,312,314.35,1973
SURANAT&P,20110621,15,15.5,15,15.5,3523
SURANAVEL,20110621,41,44,41,44,277
SURYAJYOTI,20110621,32.5,32.5,30.75,30.9,17449
SURYALAXMI,20110621,72.5,72.5,69.3,69.7,2898
SURYAPHARM,20110621,21,21.1,20.25,20.35,57809
SURYAROSNI,20110621,84.2,86.8,82.55,83.25,6742
SUTLEJTEX,20110621,187.1,193.95,185.05,187.7,3144
SUVEN,20110621,21.5,21.65,19.65,19.95,71045
SUZLON,20110621,48.4,49.2,45.35,46.45,12328654
SWARAJENG,20110621,418.25,432,412.65,421.8,2638
SYMPHONY,20110621,1021,1123.9,1020.65,1060.55,264
SYNCOM,20110621,22.35,22.5,21.8,21.85,25164
SYNDIBANK,20110621,112.9,113.4,110.55,111.45,472645
TAINWALCHM,20110621,33.15,35.9,33.15,33.15,739
TAJGVK,20110621,104,106.1,101.6,102.25,13089
TAKE,20110621,38.1,39.1,38,38.2,45793
TALBROAUTO,20110621,58.45,58.5,53.05,53.4,1687
TALWALKARS,20110621,235,239,226.3,228.55,99979
TANFACIND,20110621,28.55,29.95,28.55,28.95,778
TANLA,20110621,13.55,14.5,13.55,13.9,69564
TANTIACONS,20110621,65.6,66.95,64.05,66.05,5989
TARAPUR,20110621,19.4,20.35,19.4,19.8,15786
TATACHEM,20110621,367,367.65,360,360.65,125494
TATACOFFEE,20110621,810,810,772,776.4,243394
TATACOMM,20110621,191,194.35,188.55,190.5,179323
TATAELXSI,20110621,233.45,240.5,233,233.7,55824
TATAGLOBAL,20110621,94.5,95.25,91.75,92.35,634845
TATAINVEST,20110621,482.95,484,475.1,476.15,5911
TATAMETALI,20110621,91,102,91,98.05,24183
TATAMOTORS,20110621,938,949.75,930,936.2,3090153
TATAMTRDVR,20110621,540,544.95,529,530.1,630079
TATAPOWER,20110621,1219,1223.8,1205.05,1209.25,186495
TATASPONGE,20110621,340,341.95,335.05,336.4,12705
TATASTEEL,20110621,565.9,568.5,556.75,558.2,2687660
TCI,20110621,89.85,89.85,85.8,86.6,7101
TCIDEVELOP,20110621,183.4,197,183.4,190.15,1534
TCIFINANCE,20110621,58,58,57.35,57.35,3715
TCS,20110621,1075,1110.7,1063.2,1106.75,1712973
TECHM,20110621,666,682,658.1,675.4,194608
TECHNO,20110621,231,231,214.55,216.95,6524
TECHNOFAB,20110621,149,155.4,143.35,144.95,1523
TECPRO,20110621,258.5,258.9,240,241.85,12900
TELEDATAIT,20110621,0.4,0.45,0.4,0.45,551581
TEXMACOLTD,20110621,31.9,32.25,31.7,32,114967
TEXMOPIPES,20110621,34,34.95,31.4,32.9,26115
TEXRAIL,20110621,83.05,86,82.15,83,21182
TFCILTD,20110621,24.25,25.2,24.05,24.1,17495
TFL,20110621,13.75,14,13.6,14,172
THANGAMAYL,20110621,159.8,164,156,158.9,34312
THERMAX,20110621,595,603,585.4,589.7,36198
THINKSOFT,20110621,50.4,51.2,48,48.45,62134
THIRUSUGAR,20110621,86,98.9,86,92,301
THOMASCOOK,20110621,47.95,48.4,47.05,47.35,75617
TI,20110621,36.4,37.2,35,36.45,229914
TIDEWATER,20110621,6612,6729,6570.1,6588.95,1221
TIIL,20110621,52.1,53.85,52,52.05,2466
TIL,20110621,427.1,443,425,427,13873
TIMESGTY,20110621,39.45,39.45,37.2,37.2,1543
TIMETECHNO,20110621,65.65,66.3,64.45,65.75,343499
TIMKEN,20110621,229.4,237.4,224,225.35,531712
TINPLATE,20110621,58.9,58.9,57.55,57.75,73223
TIPSINDLTD,20110621,26.65,27.45,25.7,26,9143
TIRUMALCHM,20110621,96.3,99,95.85,96.8,696
TITAN,20110621,4645.75,4668.25,4510,4578.7,527172
TNPETRO,20110621,16.15,16.5,16.1,16.2,30497
TNPL,20110621,118.85,119.8,117.8,118.3,17784
TODAYS,20110621,7.1,7.45,7,7,3560
TOKYOPLAST,20110621,14.5,14.5,13.7,13.7,570
TORNTPHARM,20110621,629,645,621,622.45,9956
TORNTPOWER,20110621,243.8,244.8,236.55,240.05,39768
TRENT,20110621,1050.05,1084,995,1022.6,25249
TRF,20110621,368,379.7,361.05,364,18198
TRICOM,20110621,15.25,15.7,15.25,15.6,10710
TRIDENT,20110621,14.8,14.8,14.25,14.3,49925
TRIGYN,20110621,17.25,17.45,16.7,16.85,6427
TRIL,20110621,248.4,254.8,242.6,247.05,11301
TRIVENI,20110621,37.5,37.5,36.4,36.75,115636
TTKHEALTH,20110621,407,407,395.15,398.5,5882
TTKPRESTIG,20110621,2532,2580,2476,2530.35,108927
TTL,20110621,26.6,29.25,26.6,27.05,14263
TTML,20110621,17.4,17.65,16.6,16.85,3435026
TUBEINVEST,20110621,136.45,139.6,133.1,133.75,28211
TULIP,20110621,159.8,159.8,147,150.75,116567
TULSI,20110621,14.5,14.65,14,14.05,136936
TULSYAN,20110621,45,45.2,44,44,231
TVSELECT,20110621,23.5,23.8,23.4,23.4,2429
TVSMOTOR,20110621,52,53.5,50.5,51.2,880399
TVSSRICHAK,20110621,305,305,302,304.35,18
TVTODAY,20110621,59.35,61.15,59.35,60.35,27452
TWILITAKA,20110621,52.45,52.45,49.8,50.4,32907
TWL,20110621,403,408.6,393.25,396.45,13977
UBENGG,20110621,77.95,77.95,72.1,72.5,13146
UBHOLDINGS,20110621,157.8,157.8,148.05,150.35,75756
UBL,20110621,520.1,547,495,501.45,145544
UCALFUEL,20110621,78,84.65,78,82.45,75646
UCOBANK,20110621,90.05,90.5,87.35,88.05,1069043
UFLEX,20110621,190.9,195,185.35,186.7,503239
UGARSUGAR,20110621,13.6,14,13.5,13.55,7289
ULTRACEMCO,20110621,952.95,974.8,937,967.85,54551
UMESLTD,20110621,22,23,22,22.95,7368
UNICHEMLAB,20110621,160.45,160.45,151.15,151.85,25874
UNIENTER,20110621,25.25,26.95,25.2,26.1,1117
UNIONBANK,20110621,305.65,309,295.4,296.55,619862
UNIPHOS,20110621,148,148,143.8,144.7,481088
UNIPLY,20110621,13.15,14.7,13.15,13.4,1481
UNITECH,20110621,32.6,32.8,30.8,31,18587616
UNITEDBNK,20110621,93.9,95.75,91,94.6,63666
UNITEDTEA,20110621,129.65,129.7,127,129.7,113
UNITY,20110621,67,67,63,63.25,36391
UNIVCABLES,20110621,57.05,64.85,57.05,58.95,1376
UPERGANGES,20110621,50,52.9,50,52.05,799
USHAMART,20110621,51.25,52.3,49,51.6,44210
USHERAGRO,20110621,111.9,117.9,111.15,114.6,364676
UTTAMSTL,20110621,105,107.9,104.1,104.4,19051
UTTAMSUGAR,20110621,34.35,35.5,34.3,34.9,2612
UTVSOF,20110621,729,738,711.15,719.75,68438
VADILALIND,20110621,158.05,158.6,150.05,151.25,6831
VAIBHAVGEM,20110621,42.1,43.9,42.1,43.1,1470
VAKRANSOFT,20110621,350.05,358,350,350.5,4053
VALECHAENG,20110621,97,98.9,94.5,96.75,18733
VALUEIND,20110621,19.2,19.3,19,19,3686
VARDHACRLC,20110621,10.4,10.7,10.4,10.5,24836
VARDMNPOLY,20110621,70.05,72.85,69.6,71.25,88217
VARUN,20110621,167.2,177,167.2,171.3,11751
VARUNSHIP,20110621,25,25,24,24.75,36027
VASCONEQ,20110621,78.85,78.85,76.1,76.7,8596
VENKEYS,20110621,554.75,564.9,537,554.15,115063
VENUSREM,20110621,185.75,191.7,184.1,186.4,3522
VESUVIUS,20110621,360,368.9,356,360.6,3351
VGUARD,20110621,217.25,223.8,216.15,221.5,250935
VHL,20110621,417,429.75,417,420.95,151
VICEROY,20110621,26.2,26.9,26.1,26.5,10848
VIDEOIND,20110621,177.95,181,169.65,178.45,1057478
VIJAYABANK,20110621,67,67.6,65.8,66.1,1630596
VIJSHAN,20110621,19.9,20.1,18.2,19.2,3959
VIKASHMET,20110621,12,13.35,11.9,13.35,2192733
VINATIORGA,20110621,71.6,73.5,71.5,71.9,21996
VINDHYATEL,20110621,168.05,173.4,167.95,168.2,458
VINYLINDIA,20110621,12.15,12.2,11.55,11.85,7915
VIPIND,20110621,697.9,717.8,685.35,692.8,696057
VIPUL,20110621,11.3,11.6,10.75,10.95,6071
VISAKAIND,20110621,102.45,102.45,98.1,98.85,9918
VISASTEEL,20110621,58,61.5,58,61.1,415371
VISESHINFO,20110621,8.9,9.15,8.9,8.9,12755
VISHALRET,20110621,32.1,32.95,31.1,31.35,74212
VISUINTL,20110621,3.4,3.4,3,3.05,7197
VIVIMEDLAB,20110621,281.95,282,269,270.6,10215
VLSFINANCE,20110621,13.85,14.5,13.75,13.85,19589
VOLTAMP,20110621,523.95,534,506.55,511.05,89497
VOLTAS,20110621,162,162.95,158.7,159.55,436708
VSTIND,20110621,924.65,942,919,926,9390
VSTTILLERS,20110621,488.8,488.8,475,475.3,168
VTL,20110621,218,228.45,218,220.95,3796
VTXIND,20110621,15.5,16.15,15.4,16,2750
WABAG,20110621,1243.35,1283.4,1243.35,1278.1,689
WABCO-TVS,20110621,1025,1029.9,1011,1020,1485
WALCHANNAG,20110621,119.8,121.85,114.1,117.6,76621
WANBURY,20110621,29.5,29.5,27.1,28.75,32767
WEBELSOLAR,20110621,62.85,62.85,59.5,59.75,4884
WEIZMANIND,20110621,12.35,12.95,11.3,11.8,2625
WELCORP,20110621,160.05,167.2,151.5,158.75,617054
WELINV,20110621,62,69.8,60.6,61.45,1115
WELPROJ,20110621,63,70.9,62.5,68.6,769959
WELSPUNIND,20110621,40.4,41.45,39.65,39.95,61629
WENDT,20110621,1410,1439.45,1410,1427,328
WHEELS,20110621,251.05,267,251,262.7,824
WHIRLPOOL,20110621,246.5,254.95,242.25,250.9,14005
WILLAMAGOR,20110621,47.5,47.95,42.75,45.9,2073
WINSOMYARN,20110621,3.55,3.9,3.55,3.75,137237
WIPRO,20110621,402.6,405.5,395.5,402.4,1005952
WOCKPHARMA,20110621,354.7,359.5,348.25,349.55,62157
WSI,20110621,18.15,20.75,18,18.3,5515
WSTCSTPAPR,20110621,85.6,86,83.15,83.95,26030
WWIL,20110621,8.8,8.85,8.6,8.65,731713
WYETH,20110621,876.1,911,876,909.6,7654
XLENERGY,20110621,7.5,8.5,7.5,8.3,65772
XPROINDIA,20110621,51.7,53.25,51.7,52.55,10412
YESBANK,20110621,292.7,295,286.1,287.5,1496346
ZANDUREALT,20110621,1933,1951,1914.15,1922.45,768
ZEEL,20110621,134.55,137,124.55,136.1,856532
ZEELEARN,20110621,19.3,19.6,19,19.15,274074
ZEENEWS,20110621,11.95,12,11.5,11.6,665766
ZENITHBIR,20110621,7,7,6.55,6.65,266545
ZENITHCOMP,20110621,17.9,18.45,17.5,17.75,7964
ZENITHINFO,20110621,210,210,206,208.7,803
ZENSARTECH,20110621,166.8,166.8,161.5,162.65,2564
ZICOM,20110621,39.5,40.2,37.2,39.4,21445
ZODIACLOTH,20110621,364.1,380,364.1,374.7,470
ZODJRDMKJ,20110621,21.1,21.1,21.1,21.1,1
ZUARIAGRO,20110621,661,661,630.15,642,29965
ZYDUSWELL,20110621,588,594.3,586.15,590.55,2045
ZYLOG,20110621,399.25,400.7,390.05,394.4,82812
NSENIFTY,20110621,5280.80,5322.45,5257.00,5275.85,107191673,4765.02
NIFTYJUNIOR,20110621,10875.65,10933.55,10814.20,10825.05,52465679,1255.38
BANKNIFTY,20110621,10503.75,10645.10,10426.85,10459.15,11691513,1245.93
NSEMIDCAP,20110621,7733.05,7784.55,7694.65,7698.05,91458087,1384.33
NSEIT,20110621,6193.40,6274.75,6160.80,6237.15,44742996,1135.31
NSE100,20110621,5221.55,5261.80,5200.40,5215.15,159657352,6020.40
NSE500,20110621,4275.65,4307.70,4260.05,4268.35,479484079,8780.30
MIDCAP50,20110621,2370.55,2381.85,2348.50,2354.05,60661112,855.58
VIX,20110621,22.18,22.18,20.93,21.31,22.18,-0.87
