20MICRONS,20111021,57.4,58,56.35,56.95,100080
3IINFOTECH,20111021,25.3,26.15,25.2,25.4,980578
3MINDIA,20111021,4306,4375,4306,4346.35,237
A2ZMES,20111021,184.95,186.2,180.2,181.1,87139
AANJANEYA,20111021,323,386.25,323,383.95,921160
AARTIDRUGS,20111021,98.5,99.5,98.25,98.5,558
AARTIIND,20111021,48.5,49,47.6,47.8,17228
AARVEEDEN,20111021,33.3,35.45,33.3,34.6,2005
ABAN,20111021,407,415.95,398,400.85,802325
ABB,20111021,714.85,714.85,690.6,697,109305
ABBOTINDIA,20111021,1473.75,1475,1425,1439.95,1379
ABCIL,20111021,106.8,106.8,93.55,93.95,9085
ABGSHIP,20111021,412.7,416,408.15,411.4,335728
ABHISHEK,20111021,9.05,9.5,9.05,9.5,58
ABIRLANUVO,20111021,880.15,895,876,881.8,38614
ACC,20111021,1120,1127.7,1112.35,1118.05,105563
ACE,20111021,42.45,42.85,41.25,41.45,26769
ACKRUTI,20111021,185.1,193,185.1,187.1,3857
ACROPETAL,20111021,14.6,14.7,14.15,14.2,218489
ADANIENT,20111021,473.95,473.95,458,462.15,221703
ADANIPOWER,20111021,85.8,86.95,83.3,83.8,599221
ADFFOODS,20111021,55,55.8,54.15,55.4,2258
ADHUNIK,20111021,51,51,48,48.5,82635
ADORWELD,20111021,141.8,143,141.5,141.9,1816
ADSL,20111021,27.25,28.75,26.5,28.25,80472
ADVANIHOTR,20111021,34,34,33.1,33.55,252
ADVANTA,20111021,399.75,400.7,378.15,382.4,15151
AEGISCHEM,20111021,182.5,185.6,180.45,181.85,3315
AFL,20111021,42.8,42.8,41,41.4,7774
AFTEK,20111021,11.1,11.35,11.05,11.05,41950
AGCNET,20111021,145.15,158,145.15,152,1362
AGRE,20111021,39.5,41.8,39.15,40.5,8987
AGRODUTCH,20111021,6.95,7.25,6.7,7.05,8198
AHLEAST,20111021,301.6,313.6,301.6,305.15,143
AHLUCONT,20111021,104.3,106.5,103.05,103.85,488
AHLWEST,20111021,152.5,152.5,144.15,145.9,397
AHMEDFORGE,20111021,101.55,102.95,100.05,101.85,8484
AIAENG,20111021,316,318.9,310.45,313.7,4617
AJANTPHARM,20111021,324,331,322.1,324.9,15694
AJMERA,20111021,114.15,117.05,114.15,114.6,5108
AKSHOPTFBR,20111021,6.3,6.7,6.15,6.35,250679
AKZOINDIA,20111021,909,918,876.05,894.7,168771
ALBK,20111021,151.3,152.7,148.7,149.8,358436
ALCHEM,20111021,258.35,259,258.05,258.35,112914
ALEMBICLTD,20111021,18.4,18.8,18.1,18.25,40730
ALFALAVAL,20111021,2350,2350,2215.1,2224.8,12944
ALKALI,20111021,38.25,38.5,37.6,37.95,3027
ALKYLAMINE,20111021,85.1,88.9,85,86.05,4872
ALLCARGO,20111021,146,148.9,144.05,146.1,972
ALLSEC,20111021,13.25,14,13.25,13.3,1417
ALMONDZ,20111021,22.9,23,22.2,22.6,2839
ALOKTEXT,20111021,19.5,19.9,19.45,19.5,4662502
ALPA,20111021,7.95,8.6,7.95,8,821
ALPHAGEO,20111021,87,90,85.55,86.8,723
AMAR,20111021,114,121.8,114,117.75,137984
AMARAJABAT,20111021,205,208.15,204.1,204.5,25382
AMARJOTHI,20111021,55.5,55.5,53,54.2,3103
AMBIKCO,20111021,182,187,182,182.95,2230
AMBUJACEM,20111021,153.9,154.8,149.55,150.3,993505
AMDIND,20111021,18,19.45,17.1,19,4308
AMLSTEEL,20111021,18.45,18.45,18.45,18.45,685
AMRUTANJAN,20111021,749.6,762.4,737,740.7,53433
AMTEKAUTO,20111021,128.7,131.7,125.05,126.65,234354
AMTEKINDIA,20111021,135,136.75,130.15,131.55,36826
ANANTRAJ,20111021,51.5,52.05,50.35,50.5,219674
ANDHRABANK,20111021,118.15,120.6,118.15,118.45,159377
ANDHRSUGAR,20111021,101.7,103.2,100.75,103,13923
ANGIND,20111021,19,20.5,19,19.55,86
ANIKINDS,20111021,33,34.85,31.75,32.05,3194
ANSALAPI,20111021,36,36.9,35.4,35.7,61810
ANSALHSG,20111021,37,38.25,36.5,38,3051
APARINDS,20111021,153,153,149,151.1,1091
APCOTEXIND,20111021,162,172.9,162,167.55,11674
APIL,20111021,530,530,518.1,522.85,27554
APLAB,20111021,28.35,30.9,28.2,28.45,1326
APLLTD,20111021,44.6,46.65,44.6,45.7,42867
APOLLOHOSP,20111021,519,519,504,505.7,9918
APOLLOTYRE,20111021,53.25,55.7,53.15,53.9,3447869
APPAPER,20111021,164.4,166,162.8,163.8,10656
APTECHT,20111021,117.95,117.95,113.65,114.65,233018
AQUA,20111021,13.8,14.3,13.55,14.25,661829
ARCHIES,20111021,38.5,38.95,37.65,37.95,16746
AREVAT&D,20111021,209.2,216.8,209.2,213.25,173706
ARIES,20111021,89.5,89.65,86.5,87.2,2962
ARIHANT,20111021,67.5,67.5,67.5,67.5,50
ARL,20111021,2.25,2.35,2.25,2.25,66124
AROGRANITE,20111021,37.5,38.95,37.5,38.9,294
ARROWTEX,20111021,9.15,9.75,9.15,9.4,2148
ARSHIYA,20111021,159.5,167.85,157.6,158.9,316302
ARSSINFRA,20111021,319.85,327.9,316.5,319.1,227162
ARVIND,20111021,108,109.4,106.1,106.6,4743680
ASAHIINDIA,20111021,63,63,62.5,62.75,23936
ASAHISONG,20111021,100.8,103,90,94.55,6530
ASAL,20111021,47.6,51,47.6,49.3,514
ASHAPURMIN,20111021,16.8,17.5,16.5,16.55,16428
ASHCONIUL,20111021,2,2.1,1.85,1.95,3697
ASHIANA,20111021,148.5,148.5,140,144.4,3372
ASHIMASYN,20111021,4.5,4.5,4.05,4.1,1202
ASHOKA,20111021,239.1,239.2,238,238.1,452
ASHOKLEY,20111021,24.4,24.8,24.35,24.45,1487218
ASIANHOTNR,20111021,176,181.5,176,177.3,1274
ASIANPAINT,20111021,3215,3215,3000,3015.5,128498
ASIANTILES,20111021,43,43.8,42,42,12
ASIL,20111021,2,2.05,2,2.05,106
ASSAMCO,20111021,10.4,11.05,10.25,10.8,143679
ASTEC,20111021,33.85,34.5,33.85,34,1010
ASTERSILI,20111021,14.8,15.1,14.65,14.8,6345
ASTRAL,20111021,192.2,199.8,192.2,197.6,10524
ASTRAMICRO,20111021,31.1,32.65,31.1,31.95,11235
ASTRAZEN,20111021,1264,1264,1100,1215.25,849
ATFL,20111021,399.9,405.9,390,391.55,4686
ATLANTA,20111021,62,63.2,60.9,61.4,46650
ATLASCYCLE,20111021,336.6,341.5,325.1,328.75,26743
ATNINTER,20111021,0.9,1.05,0.9,0.95,15111
ATUL,20111021,210,211.5,200.1,202.5,66490
AURIONPRO,20111021,134,139,130,130.8,194
AUROPHARMA,20111021,126.35,126.5,121.6,122,502910
AUSOMENT,20111021,31,31.2,31,31.2,1000
AUTOAXLES,20111021,399.5,403,384,384.45,205
AUTOIND,20111021,109.5,110.35,107,107.75,6539
AUTOLITIND,20111021,14.7,15,14.65,14.95,3866
AVENTIS,20111021,2335,2339.75,2291.3,2299.05,174
AVTNPL,20111021,366.3,396.95,366.3,396.4,8032
AXIS-IT&T,20111021,99.05,100.75,95.25,95.75,7231
AXISBANK,20111021,1136.8,1139.9,1122.3,1127.7,1419262
AXISGOLD,20111021,2626,2626,2601,2609.2,368
BAGFILMS,20111021,5.35,5.5,5.3,5.35,49863
BAJAJ-AUTO,20111021,1629,1654.95,1614.4,1641.3,692109
BAJAJCORP,20111021,99.1,100.4,98.1,99.35,74511
BAJAJELEC,20111021,197.05,200,196.2,197.3,13880
BAJAJFINSV,20111021,562.35,565.7,543.45,545.4,153321
BAJAJHIND,20111021,37.45,37.45,36.85,36.95,917110
BAJAJHLDNG,20111021,723,739.7,716.6,721.15,90655
BAJFINANCE,20111021,675.1,675.25,654,661.05,6395
BALAJITELE,20111021,30.5,31.5,30.2,30.6,47612
BALAMINES,20111021,35.75,35.8,33.3,34,2731
BALKRISIND,20111021,170.05,173,169,170,3788
BALLARPUR,20111021,27.55,28,27.05,27.15,244060
BALMLAWRIE,20111021,587.5,591.7,577,579.05,6876
BALPHARMA,20111021,20.7,21,20.05,20.95,1413
BALRAMCHIN,20111021,52.5,53.75,52.4,53.45,1108099
BANARISUG,20111021,598,639.15,592.2,597.65,476
BANCOINDIA,20111021,71.9,73.5,69.35,70.3,3636
BANG,20111021,22,22.3,21.35,21.7,932
BANKBARODA,20111021,750,753.85,737.45,743.3,393116
BANKBEES,20111021,983.5,984.95,974,974.78,1882
BANKINDIA,20111021,335.1,335.8,322.35,324.55,418558
BANSWRAS,20111021,88,88,86.05,86.15,3643
BARTRONICS,20111021,51.5,52.35,50.9,51.05,54585
BASF,20111021,614,618.75,611,614.55,2100
BASML,20111021,60,64.9,60,62.55,315
BATAINDIA,20111021,697.55,697.55,685.1,687.3,182279
BATLIBOI,20111021,17,18,16.4,16.8,2886
BAYERCROP,20111021,839.6,851.85,818.3,839.55,13699
BBL,20111021,730,730,701.1,706.55,2759
BBTC,20111021,452,454.9,436.5,443.5,5588
BEDMUTHA,20111021,107.45,109,104.25,105.55,92864
BEL,20111021,1530,1534.9,1516.8,1522.25,15471
BELLCERATL,20111021,12.75,12.75,12.5,12.55,1536
BEML,20111021,482.95,490.95,478,481.95,34093
BEPL,20111021,24,24.45,23.75,24.25,6438
BERGEPAINT,20111021,99.75,100.45,98.15,98.65,50525
BFINVEST,20111021,52,53,49,49.35,1143
BFUTILITIE,20111021,474.7,479.35,452.05,455.75,318970
BGLOBAL,20111021,12.3,12.65,11.85,12,29665
BGRENERGY,20111021,321,325.9,316.2,317.4,227699
BHAGWATIHO,20111021,72,75.5,71.2,72.15,3636
BHAGYNAGAR,20111021,14.25,15.4,14.25,14.85,6969
BHARATFORG,20111021,286.95,289.6,284.1,285.1,48160
BHARATGEAR,20111021,46.8,46.95,45.3,46.45,2373
BHARATRAS,20111021,108,110.2,105.3,110.2,1172
BHARTIARTL,20111021,391.9,391.9,376.5,378,2936003
BHARTISHIP,20111021,94.5,94.5,90.55,91.05,54611
BHEL,20111021,318,326,318,320.1,2371070
BHUSANSTL,20111021,327,329.8,320.4,321.9,171683
BIL,20111021,53.65,54.85,52.35,53.5,2326
BILPOWER,20111021,87.95,87.95,78.3,78.4,2501
BIMETAL,20111021,268.9,268.9,255,264.5,145
BINANIIND,20111021,132.05,139,130.25,132.3,74678
BINDALAGRO,20111021,60.4,60.5,60,60,48484
BIOCON,20111021,346.95,347.6,342.7,345.6,119598
BIRLACORPN,20111021,325,325,318.5,319.45,954
BIRLACOT,20111021,0.4,0.4,0.35,0.35,438753
BIRLAERIC,20111021,13.15,13.15,12.25,12.3,948
BIRLAPOWER,20111021,0.7,0.7,0.65,0.65,581917
BLBLIMITED,20111021,3.3,3.45,3.25,3.3,12671
BLISSGVS,20111021,21.4,21.95,20.85,21.5,21122
BLKASHYAP,20111021,12.25,12.65,11.8,11.95,185832
BLUECHIP,20111021,0.85,0.9,0.85,0.85,9143
BLUECOAST,20111021,154.45,154.45,154.45,154.45,1
BLUEDART,20111021,1600,1645,1600,1625.8,7170
BLUESTARCO,20111021,217,222.7,215.1,215.85,14270
BLUESTINFO,20111021,68.05,69.45,68.05,68.55,431
BOC,20111021,311.6,322,311.1,314.2,17391
BODALCHEM,20111021,18.25,20.05,18.15,18.75,3627
BOMDYEING,20111021,412.05,417,402.2,405.75,451403
BOSCHLTD,20111021,6985,6994.95,6932,6963.45,7756
BPCL,20111021,640.1,651.2,635.5,644.45,146090
BPL,20111021,19.6,20.25,19.6,19.85,7780
BRANDHOUSE,20111021,15.1,15.45,14.9,15,25790
BRFL,20111021,272.25,282,272.25,278.95,168998
BRIGADE,20111021,62.8,64.95,61.85,62.1,14293
BRITANNIA,20111021,444,454,439.1,444.3,64629
BROADCAST,20111021,6.65,7.45,6.65,7.1,551
BROOKS,20111021,22.05,22.3,21.4,21.65,105951
BSELINFRA,20111021,3.75,3.75,3.3,3.35,59011
BSL,20111021,20.5,23.9,20.5,22.75,635
BSLGOLDETF,20111021,2640,2669.9,2629.45,2629.45,54
BSLNIFTY,20111021,51.4,51.4,49,49.01,102
BSTRANSCOM,20111021,95.25,99.6,95.25,98.85,18748
BVCL,20111021,13.9,13.9,13.4,13.45,1120
CADILAHC,20111021,756,758.4,750,755.1,42218
CAIRN,20111021,287.5,290,282.85,287.45,1511075
CALSOFT,20111021,25,27.85,24.5,25.25,350
CAMBRIDGE,20111021,21.35,22.75,21.35,22.1,261
CAMLIN,20111021,47.1,48,45.3,45.6,222989
CANBK,20111021,456,465.9,447.85,451.1,627964
CANDC,20111021,110,113.45,109.3,110.8,17515
CANFINHOME,20111021,102,106.4,101.1,101.65,103186
CANTABIL,20111021,24.5,24.7,24,24.25,11922
CARBORUNIV,20111021,154,158.9,151.2,153.35,2592
CAROLINFO,20111021,150.2,153.7,150,150.55,1076
CASTROL,20111021,451.1,496,451.1,482.3,51331
CCCL,20111021,18.6,20,18.5,18.75,94849
CCL,20111021,167.85,168.1,162.55,163.05,3849
CEATLTD,20111021,73.45,76.6,73.45,74.6,36810
CEBBCO,20111021,39.45,40.75,37,37.45,45822
CELEBRITY,20111021,5.8,6.4,5.75,5.95,5137
CELESTIAL,20111021,23.2,24.5,22.9,23,16766
CENTENKA,20111021,147.1,151,147,148.15,2410
CENTEXT,20111021,2.8,2.9,2.65,2.7,27454
CENTRALBK,20111021,102,102.75,101,101.2,199420
CENTURYPLY,20111021,63.8,63.8,58.85,60,5532
CENTURYTEX,20111021,304.05,311,300.2,304.5,303702
CERA,20111021,198,198,193.15,194.25,2376
CESC,20111021,263.35,267.45,261,261.7,66501
CHAMBLFERT,20111021,87.25,91.6,87.25,89.9,6763086
CHEMFALKAL,20111021,43.05,43.15,43.05,43.15,18
CHEMPLAST,20111021,5.6,5.7,5.4,5.55,17930
CHENNPETRO,20111021,195.1,199.85,192.8,195.85,114074
CHESLINTEX,20111021,10.45,10.9,10.45,10.65,1577
CHETTINAD,20111021,467,477,467,472,2
CHOLAFIN,20111021,156,156,152.05,153.45,5123
CILNOVA,20111021,16.3,20,13.8,14.55,3872
CINEMAX,20111021,34.05,34.8,34,34.25,9992
CINEVISTA,20111021,3.65,3.8,3.5,3.55,18046
CIPLA,20111021,288.95,289.6,286.2,286.9,1327476
CLASSIC,20111021,9.75,10.2,9.75,10.1,1709
CLNINDIA,20111021,704.05,717.3,697,702.2,1543
CLUTCHAUTO,20111021,34,35,33.5,33.7,10689
CMAHENDRA,20111021,180.05,183.95,178.1,179.85,8458
CMC,20111021,764.6,773.95,749.95,753.65,7913
COALINDIA,20111021,330.9,333.4,327.5,328.55,1766269
COLPAL,20111021,1000,1007,981.1,987.9,18855
COMPUAGE,20111021,92.95,93.5,92.95,93.5,25
CONCOR,20111021,983.05,991.9,983.05,986.6,3685
CONSOFINVT,20111021,57.3,60,57.3,59.5,8707
CORAL-HUB,20111021,4.25,4.5,4.25,4.3,3098
CORDSCABLE,20111021,31.8,31.8,30.8,31.5,1826
COREEDUTEC,20111021,282,283.95,281,281.5,166272
COROENGG,20111021,254.05,254.05,250,251,140
COROMANDEL,20111021,331.85,342.6,331.1,338.75,368358
CORPBANK,20111021,412,415,408.1,411.1,19192
COSMOFILMS,20111021,85.8,87.6,85.7,86.7,11885
COX&KINGS,20111021,210.2,213.7,202.95,206.9,56050
CPIL,20111021,267.65,273.95,265.55,267.25,8482
CREATIVEYE,20111021,5.15,5.4,5,5.05,42714
CRESTANI,20111021,41.75,41.75,39,39.2,51950
CREWBOS,20111021,34,34.75,33.65,34.35,23693
CRISIL,20111021,853.15,870.5,811.8,861.55,46182
CROMPGREAV,20111021,135.4,143.5,135.4,137.85,3402537
CRONIMET,20111021,145,164,145,158.9,93506
CTE,20111021,7.9,7.9,7,7.2,21808
CUB,20111021,43.5,44.1,42.65,44,297975
CUBEXTUB,20111021,10.4,11,10.25,10.3,770
CUMMINSIND,20111021,395,404.85,389.2,393.05,340197
CURATECH,20111021,102.2,109.85,101.15,101.15,20
CYBERMEDIA,20111021,13.55,13.55,13.55,13.55,1
CYBERTECH,20111021,10.5,10.5,10.2,10.3,1802
DAAWAT,20111021,44.3,44.7,43.75,44,8988
DABUR,20111021,98,99.5,97.55,98.75,795510
DALMIABEL,20111021,107.05,108,103.5,104.45,3893
DALMIASUG,20111021,16.55,17.75,16.4,16.55,6816
DATAMATICS,20111021,26.4,27.7,26.4,27,84
DBCORP,20111021,226.1,226.1,216.35,220.6,47727
DBREALTY,20111021,56.05,58,56,56.1,117691
DCB,20111021,43.1,43.3,42.35,42.5,1378967
DCHL,20111021,54,54.75,53.2,54.2,248973
DCM,20111021,55.8,56.3,54.55,54.9,12507
DCMSRMCONS,20111021,46.5,46.5,45.25,45.35,4458
DCW,20111021,9.5,9.5,9.1,9.2,111686
DECCANCE,20111021,160,160,148,149.9,382
DECOLIGHT,20111021,3.6,3.6,3.55,3.55,450
DEEPAKFERT,20111021,167.6,169.7,166.5,168.35,78167
DEEPAKNTR,20111021,172,174,172,174,475
DEEPIND,20111021,76,76.65,73.5,76.05,9818
DELTACORP,20111021,102.9,104.1,100.25,100.7,2972141
DELTAMAGNT,20111021,29.45,29.45,29.45,29.45,1
DEN,20111021,85.5,86,80.15,80.8,81172
DENABANK,20111021,75.3,75.65,74,74.2,405221
DENORA,20111021,83.2,85,83.2,84.15,465
DENSO,20111021,55.1,56.65,54.5,54.7,4557
DEWANHOUS,20111021,221.05,221.05,216,216.75,22216
DHAMPURSUG,20111021,42,42.6,39.9,40.3,337165
DHANBANK,20111021,65.5,65.75,60.1,62.05,3042543
DHANUKA,20111021,101,102,100.1,100.75,13242
DHARSUGAR,20111021,32.2,37.65,32,35,110656
DIAPOWER,20111021,104.5,107,104,106.05,10807
DICIND,20111021,222,224.6,221.45,223.5,221
DIGJAM,20111021,8.8,9,8.75,8.8,21353
DISHMAN,20111021,56,56,54.5,55.35,56101
DISHTV,20111021,76.2,77.5,75.5,75.75,1769604
DIVISLAB,20111021,723.4,732.6,720.1,726.3,108720
DLF,20111021,224.55,229.4,222.3,224.9,5963105
DLINKINDIA,20111021,19.4,22.45,19.4,20.75,63092
DOLPHINOFF,20111021,117,119.8,115,115.55,6501
DONEAR,20111021,21,21.95,20.8,21.1,274
DPSCLTD,20111021,1950,1950,1910,1939.8,61
DPTL,20111021,117,119.9,117,118.6,1361
DQE,20111021,32.5,32.9,32.5,32.7,5355
DREDGECORP,20111021,231.5,236,231.5,233.6,2483
DRREDDY,20111021,1525.35,1555,1512,1530.15,305063
DSKULKARNI,20111021,56.25,56.8,54.5,55.45,7820
DWARKESH,20111021,40.1,41.85,40.1,40.25,9787
DYNAMATECH,20111021,1161.1,1190.1,1137.3,1175.45,1601
DYNASYS,20111021,0.65,0.75,0.65,0.7,211
EASTSILK,20111021,5.7,5.7,5.6,5.6,4241
ECEIND,20111021,119.85,119.85,110,111.45,2121
ECLERX,20111021,733,740,715.4,727.15,4673
EDELWEISS,20111021,25.5,26.6,25.25,25.9,174652
EDL,20111021,72,73.4,72,72.75,4497
EDSERV,20111021,98,99.55,95.8,98.2,298676
EDUCOMP,20111021,252,256.75,246.7,249.9,1223174
EICHERMOT,20111021,1650,1658.95,1635.4,1649.1,10307
EIDPARRY,20111021,223.25,225.25,219.2,220.9,57037
EIHAHOTELS,20111021,154.6,162.9,152.5,160.65,6094
EIHOTEL,20111021,90.75,92.7,90,90.3,138184
EIMCOELECO,20111021,179,180.5,172,175.9,44
EKC,20111021,65.65,65.7,63.7,63.95,304013
ELDERPHARM,20111021,378.85,386.75,378.1,379.2,64265
ELECON,20111021,71.8,72,70.2,71.1,36803
ELECTCAST,20111021,28.5,28.5,28,28.05,60378
ELFORGE,20111021,9.6,9.9,9.55,9.6,128
ELGIEQUIP,20111021,68.7,68.7,67,67.5,19816
ELGIRUBCO,20111021,24,25.8,23.7,23.9,200745
ELNET,20111021,31.5,33.15,31.4,31.4,2564
EMAMIINFRA,20111021,32.35,33.5,32.3,32.4,8828
EMAMILTD,20111021,414.25,414.25,406.2,408.9,74064
EMCO,20111021,52.1,52.8,51,52.4,57013
EMKAY,20111021,47,47,47,47,197
EMMBI,20111021,14.15,16.1,14.15,15.4,43159
EMPEESUG,20111021,18,18.9,17.35,18.3,3304
ENERGYDEV,20111021,40.25,40.25,38.05,38.2,786
ENGINERSIN,20111021,243.25,244.8,237.25,237.85,124650
ENIL,20111021,250,250.85,246.7,247.4,6854
EONELECT,20111021,57.1,58.8,57.1,58,17628
ERAINFRA,20111021,152,152,151.1,151.45,207343
EROSMEDIA,20111021,271,274.65,269,270.1,345413
ESABINDIA,20111021,513,562,502,505.1,174997
ESCORTS,20111021,78.6,81.2,78.4,79.5,1338848
ESL,20111021,6,6.05,5.95,6,639509
ESSAROIL,20111021,79.95,81.4,78.1,78.5,572692
ESSARPORTS,20111021,60.3,61.8,58.2,58.85,119591
ESSDEE,20111021,187,188,177.6,178.85,34385
ESSELPACK,20111021,36.2,39,36.2,37.75,77602
ESTER,20111021,29,29.45,28.55,28.85,13134
EUROMULTI,20111021,6.5,6.6,6.5,6.55,1512
EUROTEXIND,20111021,17.05,17.45,17.05,17.45,3
EVEREADY,20111021,35.75,36.2,33.2,34.2,91301
EVERESTIND,20111021,159,170.9,148.3,148.95,27361
EVERONN,20111021,381,383,375.5,376.8,48752
EXCELCROP,20111021,147,147.15,143.2,144.35,12077
EXCELINDUS,20111021,70.05,70.35,67.75,68.7,952
EXCELINFO,20111021,12.9,13.2,12.5,12.7,28907
EXIDEIND,20111021,121.3,122.7,117.6,118.15,6819760
FACT,20111021,34,34.15,32.9,33.1,12446
FAGBEARING,20111021,1285,1350,1285,1330.9,17998
FAME,20111021,49.15,49.3,47.75,48,19026
FARMAXIND,20111021,2.9,3.1,2.85,2.9,190897
FCH,20111021,145,145.3,140,140.5,50070
FCSSOFT,20111021,0.55,0.6,0.55,0.6,601832
FDC,20111021,91.6,93,91.5,91.7,5358
FEDDERLOYD,20111021,63.05,64.5,62.15,62.45,3025
FEDERALBNK,20111021,397.9,401.8,382.1,383.3,258618
FIEMIND,20111021,160,173.8,159,166.9,9009
FILATEX,20111021,40,40,40,40,400
FINANTECH,20111021,720,735.35,704,708.3,79552
FINCABLES,20111021,37.3,37.3,36.5,36.9,22172
FINPIPE,20111021,64.45,65.85,61.35,61.8,111837
FIRSTLEASE,20111021,70.5,71.9,69.5,69.6,11819
FIRSTWIN,20111021,15,18,14.05,17.3,14017
FKONCO,20111021,110.1,118.25,110.1,114.5,61814
FLEXITUFF,20111021,157.95,171,154.95,159.4,3071261
FMGOETZE,20111021,230.1,234.9,228.4,230,1048
FORTIS,20111021,122.25,122.5,121,121.25,150423
FOSECOIND,20111021,525,533,525,529.05,298
FSL,20111021,10.6,10.9,10.55,10.65,944843
FUTUREVENT,20111021,8.75,8.95,8.6,8.75,424809
GABRIEL,20111021,43.2,45.5,42.5,42.7,88689
GAEL,20111021,23,23.05,22.7,22.8,6640
GAIL,20111021,421.1,423,415.1,418.4,485400
GAL,20111021,24.8,24.8,23.6,23.6,7327
GALLANTT,20111021,27,29.5,27,29.5,303896
GAMMNINFRA,20111021,14.35,14.35,13.85,13.95,77134
GAMMONIND,20111021,65.05,65.8,63.4,63.9,24026
GANDHITUBE,20111021,123.05,124.8,123.05,124.8,307
GANESHHOUC,20111021,121.55,126,120.6,120.7,1688
GANGOTRI,20111021,3.9,4.2,3.9,4.2,1446
GARDENSILK,20111021,72.15,74,72.15,73,30732
GARWALLROP,20111021,54.95,54.95,53.15,53.5,1775
GATI,20111021,57.7,58.4,56.2,56.4,248319
GAYAPROJ,20111021,147,148.9,145,145,15487
GDL,20111021,144,146.9,141.35,144.2,62378
GEECEE,20111021,30.85,31.45,30.8,30.85,563
GEINDSYS,20111021,129,133,128,130.05,1942
GEMINI,20111021,20.15,20.75,20.05,20.3,8610
GENESYS,20111021,205,205,196.5,197.4,950
GENUSPOWER,20111021,13.8,14,13.55,13.6,9346
GEODESIC,20111021,59,62.5,59,61.4,844868
GEOJITBNPP,20111021,18.45,18.75,18.35,18.45,40695
GEOMETRIC,20111021,44.9,46.25,44.3,45.75,122709
GESHIP,20111021,233,238,232.15,233.45,17545
GHCL,20111021,36.55,39.3,35.7,35.9,187623
GICHSGFIN,20111021,90,92.4,88.05,89.3,115963
GILLANDERS,20111021,85.1,86.15,85.05,85.35,1437
GILLETTE,20111021,2043,2075,2041,2062.85,667
GINNIFILA,20111021,7,7.8,7,7.35,2961
GIPCL,20111021,78.2,78.85,74.7,76.9,24087
GISOLUTION,20111021,13.55,13.55,13.5,13.5,402
GITANJALI,20111021,360.55,362.45,358,361.65,1043842
GKB,20111021,39.85,39.85,35.8,37.95,2046
GKWLIMITED,20111021,450,450,450,450,32
GLAXO,20111021,2118,2131.3,2076.05,2106.05,11645
GLENMARK,20111021,289.6,295.85,287.5,290.9,861674
GLFL,20111021,3,3,3,3,20
GLOBALVECT,20111021,19.5,20,18.7,18.75,2658
GLOBOFFS,20111021,80.5,82.95,80.35,81.15,542
GLOBUSSPR,20111021,111,114.9,111,112,9135
GLODYNE,20111021,364,365.9,348,350.8,108556
GLORY,20111021,3.4,3.45,3.3,3.35,109224
GMBREW,20111021,90,90.1,86.15,87.25,4946
GMDCLTD,20111021,178,182,174.15,175.05,73787
GMRINFRA,20111021,25.3,26.15,25.15,25.65,5411693
GNFC,20111021,92.5,94.4,89.75,90.05,207822
GOACARBON,20111021,78.15,79,77.8,78.45,2194
GODFRYPHLP,20111021,3648,3650,3570.55,3579.95,1108
GODREJCP,20111021,410,410,393.8,405.25,154467
GODREJIND,20111021,193.8,195.7,192.2,193.45,203576
GODREJPROP,20111021,679.6,685,652.65,668.6,37680
GOENKA,20111021,38.25,39,36.25,36.85,12904
GOKEX,20111021,85.6,86.95,84.15,84.75,627
GOKUL,20111021,93.4,94.25,91,93.25,326994
GOLDBEES,20111021,2542.05,2554.95,2534.2,2538,103648
GOLDENTOBC,20111021,55.15,58,55.1,55.1,503
GOLDIAM,20111021,33,34.5,32.1,33.1,3596
GOLDINFRA,20111021,12.35,12.35,12.05,12.2,2693
GOLDSHARE,20111021,2555,2565,2541.1,2547.6,6579
GOLDTECH,20111021,7,7.15,6.95,7,11295
GPIL,20111021,109.5,115,109.5,111.95,305509
GPPL,20111021,69.25,71.25,67.9,69.6,33075
GRABALALK,20111021,18.3,18.3,18.3,18.3,620
GRANULES,20111021,67.5,67.5,64.5,64.9,11570
GRAPHITE,20111021,74.3,74.6,73.5,73.75,8353
GRASIM,20111021,2324.25,2342,2280,2289.55,66549
GRAVITA,20111021,464.9,491.4,459.75,468.75,705554
GREAVESCOT,20111021,89.5,90.35,88,88.2,14863
GREENPLY,20111021,205,205,200.15,201.75,508
GREENPOWER,20111021,15.2,15.2,14.8,15.05,326136
GRINDWELL,20111021,232.6,234.55,232,232.65,265
GRUH,20111021,530,550,530,547.1,16954
GSFC,20111021,430,466.8,426.3,456.3,343188
GSKCONS,20111021,2357.8,2370,2350,2360.6,2316
GSLNOVA,20111021,2.55,2.7,2.55,2.55,2844
GSPL,20111021,96.75,98,96.4,97.1,789692
GSS,20111021,128,130.7,128,128.55,2757
GTL,20111021,51.4,51.4,49.05,49.25,961815
GTLINFRA,20111021,10.7,10.7,10.05,10.1,906636
GTNIND,20111021,12.5,13.4,12.5,13.4,3009
GTNTEX,20111021,12.5,12.7,12.5,12.5,1022
GTOFFSHORE,20111021,114.2,115.9,110,110.9,70198
GUFICBIO,20111021,6.5,7.05,6.5,7,12488
GUJALKALI,20111021,146.7,146.8,138.05,140.4,195049
GUJAPOLLO,20111021,128.25,130,127,127.55,8772
GUJFLUORO,20111021,480,546.9,480,541.45,45439
GUJNRECOKE,20111021,23.7,24.45,23.4,24.15,1499129
GUJNREDVR,20111021,16.65,17,16.4,16.7,30620
GUJRATGAS,20111021,424,424,419,421.6,94910
GUJSIDHCEM,20111021,8.6,8.95,8.6,8.7,37667
GULFOILCOR,20111021,71.5,72.6,71.05,72.1,11250
GVKPIL,20111021,14.5,14.65,14.15,14.25,5845498
HALONIX,20111021,57,57.2,55.95,57.15,55
HANUNG,20111021,109.3,111.2,108.15,108.55,130358
HARITASEAT,20111021,64.25,67.95,64.25,65.35,20
HARRMALAYA,20111021,79.45,80.45,78.8,79.5,4948
HATHWAY,20111021,120.15,123.8,115.2,116.45,196405
HAVELLS,20111021,360.5,365.15,352,353.75,88278
HBLPOWER,20111021,18.5,19,18.5,18.75,11303
HBSTOCK,20111021,12.3,13.1,11.55,12.45,1851
HCC,20111021,27,27.25,25.9,26.4,6858113
HCIL,20111021,51.85,52.25,50.25,51,18974
HCL-INSYS,20111021,61,61.6,60.3,61.2,161559
HCLTECH,20111021,413,418.5,410.3,413.15,1220498
HDFC,20111021,647,649.7,630,633.4,3474173
HDFCBANK,20111021,490.05,491.8,483.3,487,2290366
HDFCMFGETF,20111021,2595,2614.95,2595,2604.05,2884
HDIL,20111021,94.2,95.1,90.7,91.2,6619120
HEG,20111021,204.5,207.9,201.5,204.3,18973
HEIDELBERG,20111021,34.9,35.25,34.35,34.55,8663
HELIOSMATH,20111021,24.5,24.5,24.1,24.2,4149
HERCULES,20111021,255.35,260.8,251,251.8,45592
HERITGFOOD,20111021,174,175,163.3,165,4622
HEROMOTOCO,20111021,2030.05,2066.25,2005.25,2052.3,717701
HEXAWARE,20111021,90.5,90.5,86.65,87.05,1277749
HFCL,20111021,13.3,13.6,12.8,12.9,563493
HGSL,20111021,303,305,299.05,303.9,563
HIKAL,20111021,283,283,275.5,277.05,141
HILTON,20111021,13.95,14,13.65,13.75,2380
HIMATSEIDE,20111021,32.7,33.25,32.6,32.7,5041
HINDALCO,20111021,125.5,125.5,121.15,121.75,6532613
HINDCOMPOS,20111021,480.25,486,480.25,481.65,15386
HINDCOPPER,20111021,219,222.7,215,215.85,64995
HINDDORROL,20111021,36.95,36.95,35.1,35.3,121950
HINDMOTORS,20111021,12.95,13,12.7,12.7,57131
HINDNATGLS,20111021,176,179,175,178.7,909
HINDOILEXP,20111021,110.95,110.95,104.1,105.1,390089
HINDPETRO,20111021,339.95,345.3,339.95,342.95,579339
HINDUJAFO,20111021,64.75,72.7,64.75,67.35,4900
HINDUJAVEN,20111021,329,339.75,315.5,319.15,2721
HINDUNILVR,20111021,331.9,332.25,325.2,326.1,1987414
HINDZINC,20111021,120.95,121.9,119.4,119.95,514701
HIRECT,20111021,44.5,44.9,43.5,43.85,2614
HITACHIHOM,20111021,169.95,171.9,163.05,164.7,166677
HITECHGEAR,20111021,133.1,139,133.1,138.65,788
HITECHPLAS,20111021,81.95,81.95,78.2,79,7
HMT,20111021,42.4,42.65,41.25,41.55,24284
HMVL,20111021,131.5,134.9,131.5,133.7,3488
HNGSNGBEES,20111021,1250,1250,1230,1230.86,42
HOCL,20111021,22.75,23.7,22.75,23,24417
HONAUT,20111021,2525.1,2525.1,2345.05,2370.05,815
HONDAPOWER,20111021,353,357.8,353,353.85,932
HOPFL,20111021,49.25,55,49.25,54.5,1182
HORIZONINF,20111021,284.85,293,280,292,636
HOTELEELA,20111021,37.5,37.7,36.7,36.8,48352
HOTELRUGBY,20111021,4.75,4.75,4.75,4.75,4311
HOVS,20111021,54.25,55.65,54.25,54.75,6369
HSIL,20111021,192,192.7,184,185.75,80996
HTMEDIA,20111021,142,143.2,137.65,139.95,56506
HYDRBADIND,20111021,349,353,340,343.5,2824
HYDROS&S,20111021,24.4,24.4,19.05,19.95,183
IBPOW,20111021,11.2,11.4,10.95,11,559071
IBREALEST,20111021,68,71.15,67.8,68.25,2504913
IBSEC,20111021,8,8,7.8,7.85,339541
IBWSL,20111021,4.85,4.85,4.4,4.85,2489641
ICICIBANK,20111021,880,883.3,866.55,870.55,1953168
ICIL,20111021,9.1,9.9,9.1,9.9,74
ICRA,20111021,906.5,915,897,902.05,3686
ICSA,20111021,56,57,53.15,55.75,72227
IDBI,20111021,105.9,106.1,103.8,104.15,1412911
IDEA,20111021,93,93.4,90.25,91.45,6961103
IDFC,20111021,122.5,123.25,120.2,121.2,2472593
IFBIND,20111021,115,115.95,111.15,112.6,27813
IFCI,20111021,37.2,37.2,30.05,30.2,5169749
IFGLREFRAC,20111021,30.3,33.85,30.3,33.5,1373
IGARASHI,20111021,41.4,41.4,38.55,39.6,1477
IGL,20111021,403.95,403.95,394.15,399.55,70409
IGPL,20111021,21,21.95,21,21.05,1677
IITL,20111021,147,147,147,147,100
IL&FSENGG,20111021,88,89.6,85.3,86.65,7802
IL&FSTRANS,20111021,202,208,200,203.25,30083
IMFA,20111021,325.7,331,325,327,461
IMPAL,20111021,625,642.9,620.05,637.4,341
IMPEXFERRO,20111021,7.1,7.7,7.1,7.1,129
INDBANK,20111021,7.7,8.2,7.7,8.05,6673
INDHOTEL,20111021,69,69.6,68.65,68.85,394866
INDIABULLS,20111021,171,172.5,161.5,163.9,1302924
INDIACEM,20111021,74.6,75.4,73.15,73.5,378297
INDIAGLYCO,20111021,140.5,153.95,136.1,136.8,339742
INDIAINFO,20111021,71.9,71.9,70.3,70.8,151913
INDIANB,20111021,205,210,203.15,206.3,87352
INDIANCARD,20111021,81.05,88.95,81.05,84.8,242
INDIANHUME,20111021,118,118.85,114.5,114.85,346
INDNIPPON,20111021,160.1,166,160,160.5,480
INDOCO,20111021,391,393,385,386.9,1777
INDORAMA,20111021,32.45,32.45,31.8,32.1,10303
INDOSOLAR,20111021,8.6,8.7,8.5,8.55,51163
INDOTECH,20111021,117,136,117,123.25,138630
INDOWIND,20111021,10.25,10.6,9.65,9.65,3122704
INDRAMEDCO,20111021,37.2,38.1,36.1,36.15,49769
INDSWFTLAB,20111021,89.9,90.05,85.2,85.6,27266
INDSWFTLTD,20111021,29.85,30.5,29.3,29.65,12020
INDUSFILA,20111021,14.25,14.85,14.25,14.5,41
INDUSINDBK,20111021,269.2,275.75,269,273.45,651568
INEABS,20111021,576,598,555.05,595.15,1783
INFINITE,20111021,99,99.05,96.25,97.1,6695
INFODRIVE,20111021,9.05,9.4,9.05,9.35,304
INFOMEDIA,20111021,11.2,11.2,10.65,10.9,10165
INFOTECENT,20111021,113,114.45,111.1,114.05,35025
INFRABEES,20111021,263.2,263.2,256.75,256.93,275
INFY,20111021,2747.55,2749,2707,2722.65,857289
INGERRAND,20111021,500,500,485.05,487.5,11972
INGVYSYABK,20111021,320.5,322,315.2,318.7,29439
INNOIND,20111021,92.5,94.8,92,92.3,2339
INOXLEISUR,20111021,51.6,52.25,51,51.2,99085
INSECTICID,20111021,370,378.45,368.4,371.25,25754
INVENTURE,20111021,160.15,164,148,160.9,29422
IOB,20111021,99.25,99.35,96.7,97.35,118915
IOC,20111021,291,293.4,289.95,290.75,608713
IOLCP,20111021,31,31.8,31,31,251
IOLN,20111021,7.8,7.9,7.7,7.7,12823
IPCALAB,20111021,251,251,239,240.25,218141
IPGETF,20111021,2604.05,2635,2604.05,2613.1,179
IRB,20111021,163.35,163.6,158.5,159.6,1557884
ISFT,20111021,52,52.5,50.55,52.35,1140
ISMTLTD,20111021,32.4,34,32,32.85,57168
ITC,20111021,205.75,206.65,203.35,204,5739319
ITDCEM,20111021,150.6,155.5,150.6,154.5,2881
ITI,20111021,22.9,23.45,22.45,22.6,45193
IVC,20111021,28.85,28.85,27.75,28.15,12145
IVP,20111021,50.55,51.8,50.55,51.15,210
IVRCLAH,20111021,30.05,30.05,28.45,29.3,14881
IVRCLINFRA,20111021,36.8,36.8,35.15,35.25,2191978
J&KBANK,20111021,837,837.55,818,821.7,5444
JAGRAN,20111021,104.25,106,103.65,105.4,10347
JAGSNPHARM,20111021,11.85,13.4,11.85,13.15,1329
JAIBALAJI,20111021,99.4,99.4,90,90.4,24072
JAICORPLTD,20111021,79.95,79.95,77.1,77.6,170473
JAYAGROGN,20111021,84,85.4,83.4,83.55,4314
JAYBARMARU,20111021,52.95,56,52.4,53.6,14086
JAYNECOIND,20111021,17.75,18.1,17.75,17.85,12560
JAYSREETEA,20111021,147.4,147.4,141,142.3,8456
JBCHEPHARM,20111021,79.8,80.95,76.85,77.3,83024
JBFIND,20111021,121,123.8,120,122.45,45321
JBMA,20111021,59,61,59,60.85,244
JCTEL,20111021,1.35,1.5,1.35,1.4,351513
JENSONICOL,20111021,3.9,3.9,3.85,3.85,752
JETAIRWAYS,20111021,239.7,241.5,230.55,232.5,602565
JHS,20111021,31.15,32.6,30.75,31,11533
JIKIND,20111021,5.5,6.1,5.5,5.9,3353
JINDALPHOT,20111021,161.25,167.6,161.25,163.7,84089
JINDALPOLY,20111021,204.8,214.8,204.8,209,691512
JINDALSAW,20111021,133.5,134,132.25,132.55,521891
JINDALSTEL,20111021,537.5,544,526.15,529.65,1285167
JINDALSWHL,20111021,525,535,510,512.75,26652
JINDCOT,20111021,69,71,68.35,69.2,23021
JINDRILL,20111021,306.4,314.8,303,308.1,45040
JINDWORLD,20111021,96,113.95,96,109.05,163009
JISLJALEQS,20111021,130.9,131,122.65,123.35,1702627
JKCEMENT,20111021,107.1,108,106.15,107.25,3426
JKIL,20111021,148.1,153.2,147.5,148.65,7483
JKLAKSHMI,20111021,42,42,41.4,41.5,25357
JKPAPER,20111021,39.4,41.45,38.7,39.35,420872
JKTYRE,20111021,68.6,72.7,68.6,70.25,223496
JMCPROJECT,20111021,123,131.8,123,130.3,15237
JMFINANCIL,20111021,15.65,16.05,15.25,15.75,121113
JMTAUTOLTD,20111021,57,57,52.6,53.1,240
JOCIL,20111021,127.2,131,127.2,129.1,1239
JPASSOCIAT,20111021,70.7,71.6,68.7,69.5,11546690
JPINFRATEC,20111021,60.45,65.45,59.65,63.9,6242071
JPPOWER,20111021,37.05,37.5,36.2,36.4,388044
JSL,20111021,89.7,91.4,88.7,89.2,161112
JSWENERGY,20111021,51,51,48.85,49,498558
JSWISPAT,20111021,13.05,13.2,12.5,12.55,2501493
JSWSTEEL,20111021,585,593.65,567.65,580.45,2635310
JUBILANT,20111021,197.3,205,193.85,200.05,79709
JUBLFOOD,20111021,860,874.05,830.1,833.45,1181319
JUBLINDS,20111021,180.05,181.75,178,179,1027
JUMBO,20111021,15.1,15.3,15,15.05,2354
JUNIORBEES,20111021,98.93,99,96.5,97.1,11325
JUPITER,20111021,14.05,14.2,13.8,13.85,129941
JVLAGRO,20111021,15,15.1,14.7,14.9,13783
JYOTHYLAB,20111021,142,165,133,134.75,66514
JYOTISTRUC,20111021,62.3,63.25,61.75,61.9,89402
KABRAEXTRU,20111021,39.2,40.6,39.2,39.3,1876
KAJARIACER,20111021,116,117.2,113.9,114.35,12610
KAKATCEM,20111021,67.5,68,67,67,379
KALECONSUL,20111021,86.5,91.3,86.1,88.2,68017
KALINDEE,20111021,112.5,113.5,111.9,112.25,25642
KALPATPOWR,20111021,98.5,100,98.5,98.95,5264
KAMATHOTEL,20111021,92,95.5,92,93.7,1744
KANORICHEM,20111021,33.05,33.9,32.5,33.1,12077
KANSAINER,20111021,846.7,850.15,845,849.15,261
KARMAENG,20111021,12.55,12.55,12.25,12.25,6772
KARURKCP,20111021,28.55,29,28,28.9,839
KARURVYSYA,20111021,372.3,375,370.8,372.8,17239
KAUSHALYA,20111021,8,8,7.8,7.85,3771
KAVVERITEL,20111021,137,138.7,136.05,136.55,24101
KBIL,20111021,632.4,643.85,630,633.35,113
KCP,20111021,25.55,26,25.05,25.6,17344
KCPSUGIND,20111021,15.65,16,15.5,15.95,40056
KEC,20111021,58,58.8,57.05,57.25,16991
KECL,20111021,31.9,33.9,31,31.1,4172
KEI,20111021,14.8,15.35,14.8,14.9,32058
KEMROCK,20111021,506,508,500.3,504,773
KERNEX,20111021,97.7,97.7,94.65,95.25,11971
KESARENT,20111021,55,55,55,55,51
KESORAMIND,20111021,122.05,124.6,121.35,121.7,15005
KEYCORPSER,20111021,39.1,43.2,39.1,43.2,11
KFA,20111021,23.2,23.5,22.5,22.6,1230608
KGL,20111021,4.85,4.85,4.45,4.5,4159265
KHAITANELE,20111021,93.45,97.4,92.4,92.85,323
KHAITANLTD,20111021,21.15,22.45,20.05,21.1,4231
KHANDSE,20111021,18.05,19.9,18.05,19.85,226
KICL,20111021,522,522,492.05,503.85,183
KIL,20111021,13.1,14.9,13.1,13.8,8251
KILITCH,20111021,63.8,70.45,63.75,66.25,1860
KINETICMOT,20111021,16.7,17.5,16.7,16.95,6576
KIRIINDUS,20111021,126,127.4,122.6,123.4,18154
KIRLOSBROS,20111021,142.5,142.5,129,130.7,20893
KIRLOSENG,20111021,139.5,139.5,131.15,132.15,3106
KIRLOSIND,20111021,271.5,283,271.5,277,42
KITPLYIND,20111021,3.4,3.75,3.4,3.5,5554
KKCL,20111021,811,824,780,785.6,1027
KLGSYSTEL,20111021,33.4,33.4,32.2,32.55,13496
KLRF,20111021,22.55,22.85,22.55,22.85,26
KMSUGAR,20111021,2.55,2.85,2.55,2.55,606
KNRCON,20111021,105,105,102.05,103.3,1555
KOHINOOR,20111021,44.2,44.7,43.3,43.5,12202
KOLTEPATIL,20111021,36.1,36.95,35.15,35.55,13048
KOPRAN,20111021,20.95,21.1,20.25,20.5,12555
KOTAKBANK,20111021,473.85,474.25,464.25,465.85,253206
KOTAKGOLD,20111021,2546.05,2575,2546.05,2557.6,70654
KOTAKNIFTY,20111021,519.5,519.5,516,519.14,382
KOTAKPSUBK,20111021,345,346,344,344.5,72
KOTARISUG,20111021,6.05,6.2,6.05,6.1,2788
KOTHARIPET,20111021,7.5,7.5,6.9,7.2,1872
KOTHARIPRO,20111021,479.2,486.65,473.5,483.3,2206
KOUTONS,20111021,23.1,23.1,22.05,22.1,52160
KPIT,20111021,165,169.65,163.65,167.5,326139
KPRMILL,20111021,99,100.5,97.25,97.9,679
KRBL,20111021,25,25.2,24.55,24.7,318278
KRISHNAENG,20111021,2.85,3.5,2.85,2.95,4
KSBPUMPS,20111021,208,208,201.05,202.55,2430
KSCL,20111021,477.95,483,469.8,471.05,25814
KSE,20111021,210,221.5,210,220.25,280
KSK,20111021,105.75,107.4,105.75,106.45,415795
KSL,20111021,48,48.75,48,48.05,9917
KSOILS,20111021,9.85,10.25,9.8,9.9,4667328
KTIL,20111021,65.6,69.95,65.6,67,305
KTKBANK,20111021,83.1,85.1,82.55,83.1,711977
KWALITY,20111021,180.05,183.9,178.6,179.75,477662
L&TFH,20111021,51.5,52.5,51.4,51.75,1816525
LAKPRE,20111021,38.45,40.5,38,38.35,611
LAKSHMIEFL,20111021,19.75,19.95,19.35,19.4,39234
LAKSHVILAS,20111021,95.7,95.8,93.6,94.4,8787
LANCOIN,20111021,34.1,34.7,33.5,34.15,6475
LAOPALA,20111021,119.75,123.35,115.35,116.9,76197
LAXMIMACH,20111021,1922,1943.85,1905.1,1917.35,881
LCCINFOTEC,20111021,0.5,0.6,0.5,0.55,70083
LGBBROSLTD,20111021,313.85,315,310,312.65,766
LIBERTSHOE,20111021,82.45,84,82.35,82.85,6463
LICHSGFIN,20111021,219,221.45,211.1,211.75,5345626
LIQUIDBEES,20111021,1000.01,1000.01,999.99,1000,111191
LITL,20111021,15.25,15.3,14.7,14.85,5691899
LLOYDELENG,20111021,49,49,47.35,47.6,15763
LLOYDFIN,20111021,0.95,1,0.95,0.95,1686
LLOYDSTEEL,20111021,12.15,12.65,11.8,11.85,311914
LML,20111021,8.7,8.7,8.45,8.5,66983
LOGIXMICRO,20111021,22.75,22.75,21,22.75,86723
LOKESHMACH,20111021,40.5,40.5,39.45,39.75,992
LOTUSEYE,20111021,10.6,10.6,10.15,10.3,1863
LOVABLE,20111021,477.3,482.4,465,466.5,309023
LPDC,20111021,2.65,2.8,2.6,2.75,851
LT,20111021,1385,1417.9,1325,1335.3,5783973
LUMAXAUTO,20111021,31,31,28.5,28.65,3000
LUMAXIND,20111021,387.4,401,385,395.35,19435
LUMAXTECH,20111021,184.9,184.9,178.3,179.8,55919
LUPIN,20111021,478.95,479.6,464.5,466.55,1284908
LYKALABS,20111021,13.9,14.2,13.6,13.65,23909
M&M,20111021,803.7,810.5,795,802.05,594015
M&MFIN,20111021,621.1,635,621.1,630.85,6498
M100,20111021,7.08,7.09,7.02,7.05,9695
M50,20111021,67.01,69.68,67.01,67.63,5179
MAANALU,20111021,50.15,50.15,50.15,50.15,4
MADHAV,20111021,18,19,17.7,19,528
MADHUCON,20111021,69,70.65,69,70.4,11247
MADRASCEM,20111021,100.5,100.5,98.3,98.55,7963
MADRASFERT,20111021,23.6,24,23.4,23.55,59712
MAGMA,20111021,64.25,65,62.5,63.3,28482
MAGNUM,20111021,4.55,4.75,4.55,4.55,2513
MAHABANK,20111021,47.25,48.95,47.15,48.05,322014
MAHINDFORG,20111021,60.2,62.65,59.3,61.05,194499
MAHINDUGIN,20111021,46,48.35,45.3,46.25,1711
MAHLIFE,20111021,311.2,315,303.1,306,6096
MAHSCOOTER,20111021,318.25,322.95,318,319.3,538
MAHSEAMLES,20111021,330,331.9,324,325.25,40939
MAITHANALL,20111021,95.65,95.65,95.65,95.65,1
MALUPAPER,20111021,11.1,11.1,10.4,10.55,4765
MALWACOTT,20111021,27,28.7,26.5,28.1,541
MANAKSIA,20111021,58.4,58.4,57.45,57.8,1530
MANALIPETC,20111021,10.75,10.9,10.7,10.7,88119
MANAPPURAM,20111021,58,59.75,56.85,58.05,3096651
MANDHANA,20111021,230.1,240.8,223.8,238.25,441034
MANGALAM,20111021,16.95,16.95,13.75,13.8,5004
MANGCHEFER,20111021,31.25,32.2,31.25,31.55,77600
MANGLMCEM,20111021,99.5,101,99.5,100.1,5645
MANGTIMBER,20111021,18.65,18.75,18.2,18.25,1234
MANINDS,20111021,118.2,126.65,117.15,124.9,11390
MANINFRA,20111021,127,131,124.65,125.4,3052
MANJEERA,20111021,83.5,83.5,82.1,83.15,5
MANJUSHREE,20111021,94,96,89.6,90.35,362
MANUGRAPH,20111021,48,48.2,47.5,47.5,2223
MARALOVER,20111021,12.75,13,12.6,12.85,659
MARG,20111021,88.6,88.6,83.3,84.85,96263
MARICO,20111021,150.4,154.15,150.15,152.8,41906
MARKSANS,20111021,2.15,2.2,2.1,2.1,66195
MARUTI,20111021,1110,1117.5,1088,1094.55,1422468
MASTEK,20111021,91.2,95,89.5,90.5,74204
MAWANASUG,20111021,17.3,17.4,17.25,17.25,617
MAX,20111021,183.65,185.5,179.5,180.35,65577
MAXWELL,20111021,27,27.6,26.9,27.2,14818
MBECL,20111021,125,127.7,120.15,121.3,19526
MBLINFRA,20111021,129,129.1,127.25,128.05,5711
MBSWITCH,20111021,350,382.1,276.1,378.7,14899055
MCDHOLDING,20111021,54.9,55.95,53.2,54.05,13431
MCDOWELL-N,20111021,872.5,879.5,851.05,854.6,144711
MCLEODRUSS,20111021,251.5,257.3,248.25,251.3,234755
MEGASOFT,20111021,15.4,15.5,15.05,15.25,29835
MEGH,20111021,9.1,9.25,9.05,9.2,61423
MELSTAR,20111021,7,7.75,7,7.1,1319
MERCK,20111021,633.2,645,633.2,640.35,411
MHRIL,20111021,335,335,325.2,327.95,559
MIC,20111021,9.35,9.5,9.1,9.25,285086
MICROSEC,20111021,28.55,29.25,28.5,28.7,32237
MICROTECH,20111021,131.2,131.9,130.2,131.6,15119
MINDAIND,20111021,183.7,183.7,175.35,180.15,59
MINDTREE,20111021,384.1,387.35,376,381.2,28980
MIRCELECTR,20111021,18.4,18.4,17.5,17.85,46083
MIRZAINT,20111021,20.3,20.3,19.7,19.85,45048
MLL,20111021,25.2,25.45,24.3,24.55,526197
MMFL,20111021,102.65,102.65,101,101.45,368
MMFSL,20111021,88.15,94.9,88.15,93,2155
MMTC,20111021,639,659.8,639,642.5,4604
MOIL,20111021,251.15,251.95,249,249.75,87718
MONNETISPA,20111021,474,475,470.1,472.95,31523
MONSANTO,20111021,792.25,810,792.25,797.25,1102
MORARJETEX,20111021,12,13.2,12,13.2,202
MOREPENLAB,20111021,3.7,3.8,3.7,3.8,61607
MOSERBAER,20111021,26.6,28.15,26.05,27.85,4577549
MOTHERSUMI,20111021,190,190,175.6,178.15,103290
MOTILALOFS,20111021,87.15,87.7,81.5,82.55,9332
MOTOGENFIN,20111021,41.9,41.9,38.3,38.55,33
MPHASIS,20111021,325.05,326.8,316.6,318.35,95049
MPSLTD,20111021,34.2,35.4,34.2,34.45,5076
MRF,20111021,6600,6617.85,6490,6524.55,3707
MRO-TEK,20111021,10.2,10.75,10.05,10.55,2153
MRPL,20111021,64.5,64.5,63.1,63.4,194373
MSPL,20111021,41.05,42.7,39.5,40.25,40757
MTNL,20111021,30.45,30.45,29.7,29.85,219163
MUDRA,20111021,23,23.35,22.2,22.3,14620
MUKANDENGG,20111021,25,25.7,24.55,24.9,969
MUKANDLTD,20111021,32.3,32.85,31.95,31.95,1713
MUKTAARTS,20111021,36.5,37.55,34.55,34.8,5921
MUNDRAPORT,20111021,149,153,149,150.45,300342
MUNJALAU,20111021,177.7,178,175.6,177.8,1502
MUNJALSHOW,20111021,62,66.9,62,65.85,103278
MURLIIND,20111021,22.5,23.7,22.2,22.4,1067
MURUDCERA,20111021,16.2,17.35,16.2,16.7,56
MUTHOOTFIN,20111021,167,168.9,165,165.45,66969
MVL,20111021,26.8,26.85,24.65,24.95,268203
MVLIND,20111021,12.3,13.05,12.3,13.05,253
MYSOREBANK,20111021,561.25,572.95,561,561.25,1902
N100,20111021,110,110,110,110,742
NAGREEKCAP,20111021,21.5,21.5,21.5,21.5,100
NAGREEKEXP,20111021,25.75,25.75,22.95,23.35,767
NAHARCAP,20111021,49,50.45,49,49.05,308
NAHARINDUS,20111021,40.2,42.95,40.2,42.1,2421
NAHARPOLY,20111021,23.5,23.5,22.4,22.45,850
NAHARSPING,20111021,62.1,64.9,62.1,63,1680
NANDAN,20111021,2.25,2.25,2.1,2.1,92483
NATCOPHARM,20111021,224.2,228.95,221.15,222.8,10952
NATHSEED,20111021,10.1,11.1,10.1,10.75,5554
NATIONALUM,20111021,60.9,61.05,59.65,60.85,56571
NATNLSTEEL,20111021,15.6,16.05,15.6,15.8,3359
NAUKRI,20111021,710.1,713.1,690.5,700.55,43083
NAVINFLUOR,20111021,400,409,389,391.2,77030
NAVNETPUBL,20111021,65.9,65.9,64.5,64.6,36345
NBVENTURES,20111021,180,180,174.55,175.3,5291
NCC,20111021,54.4,55.1,53.8,54.05,257567
NCLIND,20111021,36,36.2,35.85,36.05,3212
NCOPPER,20111021,20,21,19.5,20.7,12259
NDTV,20111021,47.1,48.95,47,47.2,91679
NECLIFE,20111021,22,22.6,21.8,22,20903
NELCAST,20111021,24,25.25,23.55,24.45,94694
NELCO,20111021,52.55,53.05,51.6,51.95,16704
NEPCMICON,20111021,3.2,3.3,3.15,3.15,12948
NESCO,20111021,580,586,573.15,575.4,11131
NESTLEIND,20111021,4292.6,4347.7,4292.6,4306.55,13505
NET4,20111021,152,152,140.2,148.6,35955
NETWORK18,20111021,63.6,65.05,63.5,64.3,109222
NEULANDLAB,20111021,91.95,92,84,84.15,1256
NEXTMEDIA,20111021,4.8,4.95,4.55,4.95,3207
NEYVELILIG,20111021,78.5,79.35,78,78.75,104481
NFL,20111021,68.65,70.4,68.05,68.3,42298
NHPC,20111021,23.2,23.35,23,23.1,1569434
NICCO,20111021,2.35,2.4,2.3,2.4,8270
NIFTYBEES,20111021,518.37,521.99,513.1,514.56,35113
NIITLTD,20111021,47.7,49.2,45.6,46.4,1575558
NIITTECH,20111021,227.8,232.8,225.1,230.4,133537
NILKAMAL,20111021,265,267.9,259,260.35,1426
NIPPOBATRY,20111021,383.05,384.1,382.55,383.15,123
NITCO,20111021,47,47.85,46.5,46.7,4820
NITESHEST,20111021,17.15,17.3,16.7,16.85,19780
NITINFIRE,20111021,37.6,37.6,36.5,36.85,144777
NITINSPIN,20111021,6.05,6.6,6.05,6.05,11204
NMDC,20111021,244.9,246.5,239.5,240.65,62026
NOCIL,20111021,16.65,16.8,16.15,16.2,150345
NOIDATOLL,20111021,23.2,23.55,23.1,23.2,244753
NOL,20111021,39,39,39,39,1
NORBTEAEXP,20111021,5.5,5.5,5.45,5.45,4
NORTHGATE,20111021,11.7,12.2,11.65,11.65,11762
NOVOPANIND,20111021,41.9,41.9,41.4,41.4,13
NRBBEARING,20111021,45.45,45.45,45,45,5525
NRC,20111021,4,4.5,4,4.05,12721
NSIL,20111021,629,675,590.2,614.9,192
NTPC,20111021,171.7,171.7,168.8,169.45,1043684
NUCHEM,20111021,2.8,3,2.8,2.95,2317
NUCLEUS,20111021,72,76.4,71,71.9,10131
NUMERICPW,20111021,197.25,203,196,196.5,1372
NUTEK,20111021,2.1,2.4,1.95,1.95,12290881
OBEROIRLTY,20111021,244,244,226.25,228.45,39318
OCL,20111021,92,92.45,91.1,91.55,791
OFSS,20111021,2150,2188.8,2127.15,2176.95,36587
OIL,20111021,1266,1284,1266,1275.45,11225
OILCOUNTUB,20111021,58,60.2,58,58.8,2800
OISL,20111021,47.05,49.3,47.05,47.65,6791
OMAXAUTO,20111021,37.25,37.85,37.15,37.45,1524
OMAXE,20111021,139.5,141,136.5,138.85,51568
OMKARCHEM,20111021,68,69.35,67.9,67.9,1161
OMMETALS,20111021,33.5,33.5,31.6,31.8,7126
OMNITECH,20111021,144,144.5,141.6,142.15,2580
ONELIFECAP,20111021,195.25,203.45,191.05,198.8,974794
ONGC,20111021,267.45,267.95,263.6,265.4,1546479
ONMOBILE,20111021,59.9,60.2,56.25,57.05,356665
ONWARDTEC,20111021,35,35.1,34.15,34.25,942
OPTOCIRCUI,20111021,244.65,248,242.55,244.55,312533
ORBITCORP,20111021,33.6,34.5,32.65,33.75,60914
ORCHIDCHEM,20111021,163.45,164.9,159.2,160,572056
ORIENTABRA,20111021,34.15,34.85,34.15,34.85,8263
ORIENTALTL,20111021,7.7,8.15,7.7,8.15,379
ORIENTBANK,20111021,274.5,305.4,274.5,296.2,258539
ORIENTCERA,20111021,50.1,50.85,47.4,49.1,1698
ORIENTHOT,20111021,26.95,27.45,26.25,26.55,4154
ORIENTLTD,20111021,67,72.5,65,70.05,1083
ORIENTPPR,20111021,59.05,60.4,59,59.8,18920
ORISSAMINE,20111021,42605.9,42957,41500,41649,380
OUDHSUG,20111021,20.55,21.15,19.65,20,7110
PAEL,20111021,23.3,23.3,21.6,21.65,777
PAGEIND,20111021,2480,2500,2467.2,2485.2,912
PANACEABIO,20111021,108.7,109.4,103.4,103.95,26846
PANAMAPET,20111021,223,226,221.5,224,2348
PANASONIC,20111021,102.5,104,102,102,34
PANCARBON,20111021,127.05,127.05,127.05,127.05,60
PANORAMUNI,20111021,9.8,10,9.55,9.95,4219
PANTALOONR,20111021,190,190.95,181.1,182.45,522948
PAPERPROD,20111021,74.5,75,71.75,72.25,45529
PARABDRUGS,20111021,35,35.6,34.55,35.05,11121
PARACABLES,20111021,2.85,2.9,2.8,2.85,10653
PARAL,20111021,235.25,243,235.25,241.25,2770
PARAPRINT,20111021,24.4,26.95,23,24.4,308780
PARASPETRO,20111021,0.45,0.5,0.45,0.45,30558
PARRYSUGAR,20111021,80,80,75,75,152
PARSVNATH,20111021,78.8,79.55,76.5,77.3,1431461
PATELENG,20111021,95.8,97.5,94.6,95.65,311105
PATINTLOG,20111021,31.5,32.6,31.5,32.5,116515
PATNI,20111021,326.45,333.6,323.8,330.3,487607
PATSPINLTD,20111021,10.1,11.75,10.1,11.75,1987
PBAINFRA,20111021,49.5,50.6,47.75,48.25,14149
PDPL,20111021,99.9,99.9,90.5,91,1355
PDUMJEIND,20111021,16,16,15.15,15.15,2
PDUMJEPULP,20111021,16.55,17.75,16.55,17.05,2323
PEACOCKIND,20111021,2.85,2.85,2.75,2.8,2191
PEARLPOLY,20111021,17.85,19.55,17.85,18.25,1792
PENIND,20111021,37.1,38.3,37.1,37.9,12410
PENINLAND,20111021,42,42,40.5,41,21876
PEPL,20111021,2.05,2.05,2.05,2.05,598
PERSISTENT,20111021,309,316,306.05,311.65,4347
PETRONENGG,20111021,301,305.95,295.7,296.65,292
PETRONET,20111021,164.45,166.15,163.35,164.05,1519060
PFC,20111021,151,151.05,145.7,147.3,1319668
PFIZER,20111021,1371,1378.9,1356.2,1369.05,359
PFOCUS,20111021,55.7,56.35,52.65,53.5,268081
PFS,20111021,15.2,15.55,15,15.05,46358
PGEL,20111021,221.4,234,211,217.4,165016
PGHH,20111021,1901,1945,1901,1940.3,774
PHILIPCARB,20111021,139.5,143,139.5,141.3,7153
PHOENIXLTD,20111021,172.7,186.7,172.7,185.25,9691
PIDILITIND,20111021,155.1,159.9,155.1,157.5,23944
PIIND,20111021,617.45,617.45,575.4,583.2,5165
PIONDIST,20111021,44.2,44.3,44.15,44.3,51
PIONEEREMB,20111021,11.9,11.95,11.35,11.65,337
PIPAVAVDOC,20111021,85,86.4,84.8,85.3,2522301
PIRGLASS,20111021,125.1,128.9,125.1,128,6506
PIRHEALTH,20111021,346,358,346,354.6,162628
PIRLIFE,20111021,90.5,91.7,90.4,90.75,4037
PITTILAM,20111021,46.5,48.75,46.25,46.5,4676
PLASTIBLEN,20111021,167.95,168,160,160.4,137
PLETHICO,20111021,367.05,373,367.05,370.75,49430
PNB,20111021,991,998,976,982.25,257219
PNBGILTS,20111021,24.3,24.3,23.95,24,7981
PNC,20111021,13.75,14.35,13.75,13.75,601
POCHIRAJU,20111021,12.9,13.35,12.9,12.9,5225
POLARIND,20111021,3.7,4.15,3.7,3.8,5395
POLARIS,20111021,137.75,139.45,126.7,128.5,946130
POLYPLEX,20111021,179,186.85,179,182.5,159698
PONDYOXIDE,20111021,29.5,29.5,29.2,29.4,3311
PONNIERODE,20111021,82.4,82.4,78.15,78.15,275
POWERGRID,20111021,98.75,100.1,98.25,99,1196816
PPAP,20111021,81.05,82.9,81,82.4,147
PRADIP,20111021,87.25,89.75,84.05,87.65,47575
PRAENG,20111021,5.6,5.75,5.5,5.65,34859
PRAJIND,20111021,79,79.9,77.2,77.5,717872
PRAKASH,20111021,47.35,47.6,46.5,46.75,77642
PRAKASHCON,20111021,176.25,191.25,170,183.25,653522
PRAKASHSTL,20111021,121.95,121.95,120.05,120.05,3394
PRATIBHA,20111021,42,43.9,41.1,43.4,23226
PRECOT,20111021,105.2,108.75,105.2,108.5,620
PRECWIRE,20111021,91.95,94.85,89.65,92,1222
PREMIER,20111021,79.9,81.1,78.05,79.9,2371
PRESTIGE,20111021,100,101.4,94.1,94.45,112049
PRETAILDVR,20111021,127.05,134,126.1,130.1,12099
PRICOL,20111021,15.8,15.8,15.05,15.05,5130
PRIMESECU,20111021,16.7,19.6,16.2,17.9,42704
PRISMCEM,20111021,41.1,41.65,41.1,41.55,70737
PRITHVI,20111021,19.35,19.35,18.4,18.7,5732
PROVOGUE,20111021,31.55,31.95,30.2,30.5,74605
PSB,20111021,72.4,72.9,71.05,72.25,55562
PSL,20111021,62.5,64,62.5,63.2,44544
PSUBNKBEES,20111021,347.84,348,334.95,341.66,225
PTC,20111021,69,69.9,68.5,68.65,155787
PTL,20111021,39.55,40.35,39.35,39.65,781
PUNJABCHEM,20111021,66.95,74,65.55,65.95,1662
PUNJLLOYD,20111021,54.95,56.05,53.5,53.75,2948291
PURVA,20111021,72,75.25,71.25,75,7802
PVP,20111021,4.7,4.8,4.7,4.7,12950
PVR,20111021,124,128.7,120.25,125,290216
QGOLDHALF,20111021,1269.85,1279.95,1261.9,1274.25,991
QNIFTY,20111021,516.9,516.9,516.9,516.9,10
QUINTEGRA,20111021,3.05,3.1,2.95,3.1,2754
RADAAN,20111021,2.3,2.3,2.1,2.1,10608
RADICO,20111021,121.45,121.45,119.6,119.9,73860
RAINBOWPAP,20111021,63.9,64.5,63.5,64,60095
RAINCOM,20111021,29.2,30.95,28.95,29.1,390545
RAJESHEXPO,20111021,144.4,146,142.8,144.05,325938
RAJOIL,20111021,20.95,21.25,20.8,20.8,24258
RAJPALAYAM,20111021,200.25,210.95,195.2,206.1,3870
RAJRAYON,20111021,9.8,9.8,9.55,9.55,5952
RAJSREESUG,20111021,46,46,42.6,43.65,11941
RAJTV,20111021,61,62.5,60.55,60.9,7110
RAJVIR,20111021,105,119,102.1,112.95,7948
RALLIS,20111021,164.2,169,160.4,163.55,954991
RAMANEWS,20111021,13.7,13.7,12.8,12.9,7842
RAMCOIND,20111021,41.1,41.5,41.05,41.25,4824
RAMCOSYS,20111021,57.5,57.95,56.25,56.45,3391
RAMKY,20111021,215,237,213,230,26716
RAMSARUP,20111021,9.15,9.3,9,9.1,7558
RANASUG,20111021,3.95,3.95,3.85,3.9,90892
RANBAXY,20111021,504,504.9,495.6,497.4,267157
RANEENGINE,20111021,184,190,184,185.3,654
RANEHOLDIN,20111021,206.9,207.9,206.7,206.7,297
RANKLIN,20111021,13.4,13.6,12.9,13.4,13630
RATNAMANI,20111021,105.7,105.7,102,102,1071
RAYMOND,20111021,361.55,392.45,361,384.9,2501507
RBL,20111021,107,115,107,112.55,828
RBN,20111021,65.2,65.75,61.9,62.5,47202
RCF,20111021,73.05,74.9,71.6,72.2,405623
RCOM,20111021,75.5,76,74,74.3,2797059
RECLTD,20111021,175.35,176.4,170.65,171.65,1509986
REDINGTON,20111021,91,92.95,90.3,91.55,35296
REFEX,20111021,15.35,15.35,14.5,15.35,121422
REIAGROLTD,20111021,24.4,24.9,22.7,22.9,231076
REISIXTEN,20111021,21.8,21.8,20,20.5,4336
RELAXO,20111021,442,449.8,439,440,2081
RELBANK,20111021,880,930,880,919,38
RELCAPITAL,20111021,338.6,342,332.05,333.85,1765032
RELGOLD,20111021,2485.75,2504.7,2484.05,2489.95,10944
RELGRNIFTY,20111021,463.25,463.25,463.2,463.2,14
RELIANCE,20111021,840,849.2,831.1,835.75,2364175
RELIGARE,20111021,435,443,435,440,3249
RELIGAREGO,20111021,2612,2647,2610.65,2629.5,1251
RELINFRA,20111021,409,409.75,397,399.05,800424
RELMEDIA,20111021,89.4,92.5,86.25,86.9,203416
RENUKA,20111021,57.3,57.3,54.55,54.75,3824041
REPRO,20111021,171,175.4,166.7,168.7,68527
RESPONIND,20111021,106,106.6,104.7,104.7,6037
RESURGERE,20111021,0.2,0.25,0.2,0.25,2877196
REVATHI,20111021,377.7,377.7,350.2,363.95,58
RICOAUTO,20111021,11.1,11.2,11,11.05,57361
RIIL,20111021,403,404.75,393.1,395.35,65513
RJL,20111021,90.05,100,90,98,24826
RKDL,20111021,16,16.4,15.95,16.1,4554
RKFORGE,20111021,106.85,106.9,101.2,101.2,259
RMCL,20111021,6.5,6.6,5.95,6.15,5115
RML,20111021,118.6,119.2,118,118.25,3215
ROHITFERRO,20111021,27.6,28.2,27.5,27.85,24414
ROHLTD,20111021,55,59.9,54.35,59.1,53187
ROLTA,20111021,75,75.75,73.5,73.85,390907
ROMAN,20111021,21.85,22.85,21.8,21.95,1601
RPGLIFE,20111021,78.5,79.65,77,78.3,4749
RPOWER,20111021,85.6,85.95,83.45,85.35,1646709
RPPINFRA,20111021,66.2,67,63.05,64.95,31569
RSSOFTWARE,20111021,51,58,51,54.9,2366
RSWM,20111021,89,92,89,91.45,2540
RSYSTEMS,20111021,99.1,100.95,93.95,98.15,1769
RUBYMILLS,20111021,820,840,805,809.15,121
RUCHINFRA,20111021,22.55,23.7,22.55,23.15,7320
RUCHIRA,20111021,8.95,8.95,8.95,8.95,1
RUCHISOYA,20111021,112.15,113.4,111,111.25,90823
RUSHIL,20111021,155.25,155.7,135,137.9,431138
SABERORGAN,20111021,119.65,122.25,119.6,122.1,1779
SADBHAV,20111021,131.1,131.1,127.55,128,1070
SAGCEM,20111021,135,142.35,135,141.75,684
SAIL,20111021,106.9,107.2,105.15,105.5,1689691
SAKHTISUG,20111021,27.5,27.8,26.3,26.9,43655
SAKSOFT,20111021,64.05,66.8,61.65,62.3,1173
SAKUMA,20111021,12.8,13.5,12.8,13.1,538
SALONACOT,20111021,14.5,14.7,14.5,14.7,2
SALSTEEL,20111021,5.4,5.8,5.4,5.65,11563
SAMBANDAM,20111021,70.05,77.3,70.05,75.1,1628
SAMBHAAV,20111021,1.2,1.2,1.05,1.05,4
SANDESH,20111021,265,288,265,277,2004
SANGAMIND,20111021,29.1,30.2,29.1,29.8,450
SANGHIPOLY,20111021,1.4,1.45,1.4,1.45,1351
SANGHVIFOR,20111021,25.95,25.95,23.75,24.05,3952
SANGHVIMOV,20111021,122,122,118.3,119.95,1773
SANWARIA,20111021,15.05,15.85,13.65,13.8,500370
SARDAEN,20111021,121.75,121.75,114,118,15266
SAREGAMA,20111021,69.8,69.8,68.2,68.4,8452
SARLAPOLY,20111021,106,106,106,106,1
SASKEN,20111021,109.9,111.95,108.3,108.75,30524
SATHAISPAT,20111021,34.4,35.4,34,35.15,4156
SATYAMCOMP,20111021,70.1,71.4,69.55,69.8,1699567
SAVERA,20111021,35.7,37.7,35.7,36.9,130
SB&TINTL,20111021,16.3,16.4,15.35,15.75,21766
SBBJ,20111021,392,396.65,385.1,393.8,5672
SBIGETS,20111021,2602.05,2623.8,2601.1,2609.2,6008
SBIN,20111021,1941.4,1967.4,1936.15,1948.25,2174612
SBT,20111021,600,600,586,589.6,4923
SCI,20111021,69.3,69.9,68.7,69.05,180713
SEAMECLTD,20111021,104.55,111,104.55,109.7,12249
SEINV,20111021,98,102.75,97.8,102.2,10769
SELAN,20111021,296.8,302.4,290.15,296.15,22429
SELMCL,20111021,12.1,12.15,11.9,11.95,109369
SENTINEL,20111021,13.2,15.5,13.2,15.15,21506
SERVALL,20111021,6.1,6.5,6.1,6.25,37693
SESAGOA,20111021,212,212.55,205,206.15,2134591
SESHAPAPER,20111021,191,196.95,191,192.95,308
SEZALGLASS,20111021,2.2,2.3,2.15,2.25,35144
SGFL,20111021,4.35,4.35,4.35,4.35,2002
SGJHL,20111021,154.95,154.95,149.05,150.2,29850
SGL,20111021,2.9,3.4,2.9,2.95,5115
SHAHALLOYS,20111021,9.6,9.9,9.15,9.5,2264
SHALPAINTS,20111021,454.1,462.5,452.75,455.1,1011
SHANTIGEAR,20111021,38.5,39.1,38.5,39,23830
SHARIABEES,20111021,117.8,117.8,117.8,117.8,11
SHARRESLTD,20111021,64,69,61,61.4,125378
SHASUNPHAR,20111021,60.8,62.5,59,61.8,29306
SHILPAMED,20111021,224,236.35,220,222.05,8098
SHILPI,20111021,13.2,14.7,13.2,14.1,61054
SHIV-VANI,20111021,191.7,191.7,189,189.85,3372
SHIVAMAUTO,20111021,125,125,117,118.55,120
SHIVTEX,20111021,25.3,26.8,25,25.25,23315
SHLAKSHMI,20111021,109.05,110.25,108.4,109.8,142435
SHOPERSTOP,20111021,358.6,365,352.05,355.95,8165
SHREEASHTA,20111021,5.85,5.9,5.75,5.8,1811533
SHREECEM,20111021,1862,1930,1832.65,1843.65,3786
SHREERAMA,20111021,4.15,4.2,3.95,4.05,5247
SHRENUJ,20111021,65.2,72.25,65.2,71.7,48679
SHREYANIND,20111021,20.2,20.25,19.2,20.25,300
SHREYAS,20111021,32,33.7,32,33.15,889
SHRIRAMCIT,20111021,523,527.9,523,523,1129
SHRIRAMEPC,20111021,117.2,121.9,117.2,119.6,2651
SHYAMTEL,20111021,32.1,33,32.1,32.7,1791
SICAGEN,20111021,19.4,19.65,18.55,19.15,7136
SICAL,20111021,72,73.5,71.15,71.15,4721
SIEMENS,20111021,817.85,825,811,822.7,93435
SILINV,20111021,76.65,93.2,76.65,83.4,1683
SIMBHSUGAR,20111021,32.2,32.9,31.05,32.7,10629
SIMPLEX,20111021,88.5,91,88.2,89.9,663
SIMPLEXINF,20111021,211,213.95,203,204.7,1988
SINTEX,20111021,120.05,120.2,116.25,116.85,715002
SIRPAPER,20111021,47,48.7,47,48.45,329
SITASHREE,20111021,6.3,6.95,5.55,6.75,11527
SIYSIL,20111021,276,280.9,268,269,16884
SJVN,20111021,22.15,22.25,21.8,22,75959
SKFINDIA,20111021,638,662,627.4,656.55,12408
SKMEGGPROD,20111021,8.5,8.5,8,8.1,1157
SKSMICRO,20111021,206.95,206.95,200.2,201.15,151630
SKUMARSYNF,20111021,41.1,41.9,39.85,40.15,744593
SMARTLINK,20111021,41.3,43,40,41.8,18074
SMLISUZU,20111021,400,404.95,390,393.7,1386
SMOBILITY,20111021,99.5,100,99.05,99.9,11256
SMPL,20111021,6.7,6.9,6.65,6.7,47512
SMSPHARMA,20111021,165,175,165,168.5,44
SOBHA,20111021,230,231.85,227,229.2,135809
SOFTTECHGR,20111021,4.8,4.8,4.6,4.6,10
SOLARINDS,20111021,775,799,775,790.3,4537
SOMANYCERA,20111021,45.5,46.85,45,45.65,1305
SOMATEX,20111021,4.5,4.5,4.15,4.35,16719
SONASTEER,20111021,14.2,14.85,14.1,14.25,133631
SONATSOFTW,20111021,27.15,28.3,27.1,27.9,69469
SOTL,20111021,530,535,513.4,525,6734
SOUISPAT,20111021,4.55,4.75,4.5,4.6,8949
SOUTHBANK,20111021,23.25,23.45,23,23.05,715042
SPANCO,20111021,122,124.3,121.15,122.4,48729
SPARC,20111021,86.8,88.9,86.5,87.5,81990
SPENTEX,20111021,8,8.95,8,8.95,2414
SPIC,20111021,25.1,25.5,24.75,24.85,68297
SPMLINFRA,20111021,129,129,114.1,116.75,5757
SPYL,20111021,23.5,24.4,23.5,23.8,4464
SREINFRA,20111021,36,36,33.75,33.85,633014
SRF,20111021,301.45,301.45,298.3,300.25,13740
SRGINFOTEC,20111021,0.45,0.5,0.45,0.45,4676
SRHHLINDST,20111021,3.3,3.6,3.3,3.55,176
SRHHYPOLTD,20111021,37,42,36.2,42,3
SRSLTD,20111021,34.3,34.6,33.5,34,101660
SRTRANSFIN,20111021,610.1,616.8,602.05,606,268342
SSWL,20111021,215.3,224,215.3,217.4,3655
STAR,20111021,377.85,383.35,373.25,378.15,59870
STARPAPER,20111021,23,23.25,22.8,23,1113
STCINDIA,20111021,151.8,156,150.75,151.8,78775
STER,20111021,117.35,117.5,114.2,115,3221628
STERLINBIO,20111021,68.3,68.3,65.6,66.85,460536
STERTOOLS,20111021,115.9,115.9,107.5,107.75,832
STOREONE,20111021,14.2,14.2,13.35,13.95,5232
STRTECH,20111021,38.3,38.8,36.1,36.95,348238
SUBEX,20111021,41.2,41.65,40.6,40.75,308633
SUDAR,20111021,63.1,63.45,59,60.2,37818
SUJANATOW,20111021,25.8,26.1,24.25,24.9,1441524
SUJANAUNI,20111021,4.5,4.6,4.35,4.45,13459
SUMEETINDS,20111021,23.3,23.8,23.1,23.65,490015
SUMMITSEC,20111021,89.9,89.9,77,77,1290
SUNCLAYTON,20111021,138.05,140.65,138.05,139.8,1120
SUNDARAM,20111021,44,44.75,43.7,44.15,47189
SUNDARMFIN,20111021,503,509.9,500.55,501.85,497
SUNDRMBRAK,20111021,150,150,145,150,813
SUNDRMFAST,20111021,58.25,58.6,57.75,58.1,8650
SUNFLAG,20111021,24.95,25.9,24.85,24.95,20322
SUNILHITEC,20111021,88,91.45,87,87.8,8353
SUNPHARMA,20111021,493.4,497,484,487.45,703969
SUNTECK,20111021,352,354,337.6,349.35,11995
SUNTV,20111021,268,272,262.6,264.8,303656
SUPER,20111021,160,160.55,157.25,160.55,7
SUPERSPIN,20111021,7.5,7.95,7.5,7.75,5230
SUPPETRO,20111021,66.05,67.05,65.5,66.4,12704
SUPRAJIT,20111021,20,21,20,20.5,13296
SUPREMEIND,20111021,192.9,192.9,183,187.85,45876
SUPREMEINF,20111021,216,221.95,216,219.8,1530
SURAJDIAMN,20111021,45.3,46.7,45.3,45.55,6086
SURANACORP,20111021,86,95,86,94.5,81
SURANAIND,20111021,410.5,411.95,405.5,410,3268
SURANAT&P,20111021,14.85,14.85,13.7,14.05,6536
SURANAVEL,20111021,25.35,26,24.05,26,10523
SURYAJYOTI,20111021,22.6,22.6,22,22.3,2039
SURYALAXMI,20111021,62,65,60.35,62,1135
SURYAPHARM,20111021,15.7,15.8,15.5,15.6,19383
SURYAROSNI,20111021,58.15,59.7,58.15,58.85,5665
SUTLEJTEX,20111021,154.1,165,154.1,160.7,2409
SUVEN,20111021,16.8,16.8,16,16,20203
SUZLON,20111021,36.6,37.15,35.95,36.2,9706626
SWARAJENG,20111021,467,470,461,461.45,101940
SYMPHONY,20111021,1293.1,1370,1293.1,1346.05,1531
SYNCOM,20111021,13.6,14.25,13.45,13.7,30594
SYNDIBANK,20111021,103.5,104,101.3,101.65,184658
TAINWALCHM,20111021,22.15,22.15,22.1,22.1,24
TAJGVK,20111021,85,89.2,84.05,88.1,8262
TAKE,20111021,29.6,30.2,29.1,29.6,14600
TAKSHEEL,20111021,37.25,37.25,37.25,37.25,549154
TALBROAUTO,20111021,39,40.95,39,40.5,960
TALWALKARS,20111021,167.55,171,165,166,45157
TANLA,20111021,7.4,7.4,6.75,6.8,180785
TANTIACONS,20111021,53,56,51.05,51.85,1852
TARAPUR,20111021,17,18,17,17.25,5072
TATACHEM,20111021,317.4,319.5,307.05,308.25,193177
TATACOFFEE,20111021,888.6,903.3,872.7,876.3,289917
TATACOMM,20111021,182.95,185.8,181.5,183,206275
TATAELXSI,20111021,205,212.4,201.35,203.9,80202
TATAGLOBAL,20111021,85.5,86.4,84.35,84.7,927470
TATAINVEST,20111021,475.1,481,472,475.3,1831
TATAMETALI,20111021,76.55,80.7,75.5,77.15,164472
TATAMOTORS,20111021,184.8,185.6,177.15,178.15,12320540
TATAMTRDVR,20111021,100.5,101.25,96.65,97,2359113
TATAPOWER,20111021,98.1,98.8,96.5,97.25,2241248
TATASPONGE,20111021,294,301.95,294,297.75,5695
TATASTEEL,20111021,443.6,445,431.05,433,3329204
TCI,20111021,76,79.7,74.5,74.9,6229
TCIDEVELOP,20111021,159.2,184,159,174.7,1059
TCIFINANCE,20111021,27.5,27.5,26.1,26.85,2672
TCS,20111021,1054.9,1060,1043,1049.85,1230565
TDPOWERSYS,20111021,255,256.95,255,255.1,9710
TECHM,20111021,571.15,588.85,568.7,571.6,131908
TECHNO,20111021,228.45,232.5,222.5,229.05,19786
TECHNOFAB,20111021,135,135.5,132.65,133.05,449
TECPRO,20111021,219,221.45,218,219.1,1338
TELEDATAIT,20111021,0.3,0.3,0.2,0.25,3039093
TELEMARINE,20111021,0.5,0.6,0.5,0.55,16104
TEXMACOLTD,20111021,30.2,31.05,30.15,30.45,80350
TEXMOPIPES,20111021,34.7,34.7,33.4,33.55,31924
TEXRAIL,20111021,84.1,84.95,81.65,83.85,11242
TFCILTD,20111021,26.4,27,26.4,26.85,5073
TFL,20111021,15.35,15.5,15.35,15.5,6
THANGAMAYL,20111021,157.1,167,155,158.9,11939
THEMISMED,20111021,108.15,108.9,105,108.55,140
THERMAX,20111021,432.5,445,421.25,424.3,222999
THINKSOFT,20111021,37.3,38.55,36.9,38.05,34102
THIRUSUGAR,20111021,73,74.15,73,74,252
THOMASCOOK,20111021,50.7,51.45,49.25,50.4,361173
TI,20111021,33.4,34.8,32.15,32.3,171224
TIDEWATER,20111021,6532.2,6597.95,6517.3,6542.5,156
TIIL,20111021,38.05,39.45,38.05,39.25,878
TIJARIA,20111021,16.7,17.05,16.05,16.55,812817
TIL,20111021,417.95,424,412.15,416.25,1464
TIMESGTY,20111021,24.45,25,24.45,24.5,603
TIMETECHNO,20111021,63.1,63.3,62.3,63,21548
TIMKEN,20111021,219.2,224.7,217.25,220.2,90453
TINPLATE,20111021,45.5,45.85,44.55,44.95,23664
TIPSINDLTD,20111021,31.8,31.8,29.6,29.8,2871
TIRUMALCHM,20111021,71,73.75,70,70.45,104
TITAN,20111021,218,222.8,216.75,219.9,2950215
TNPETRO,20111021,15.55,15.6,15.35,15.45,6771
TNPL,20111021,101.4,101.4,100.25,101.05,17433
TODAYS,20111021,4.4,4.95,4.4,4.8,3157
TOKYOPLAST,20111021,13.35,13.35,13.35,13.35,1
TORNTPHARM,20111021,585,585,573.05,579,6156
TORNTPOWER,20111021,232.95,236.9,230.5,231.2,22779
TREEHOUSE,20111021,180,198.5,180,189.35,1179997
TRENT,20111021,1026.15,1050,1026.15,1034.8,5771
TRF,20111021,337.95,337.95,327.5,329.8,2818
TRICOM,20111021,11.85,11.9,11.55,11.6,113
TRIDENT,20111021,11.7,12,11.65,11.85,23420
TRIGYN,20111021,13.25,13.3,13.05,13.3,1550
TRIL,20111021,218,226,217,220.8,4011
TRIVENI,20111021,23.2,23.3,22.1,22.3,341548
TTKHEALTH,20111021,474,487.5,471,483.7,77303
TTKPRESTIG,20111021,2789.9,2841.8,2755,2765.5,74600
TTL,20111021,22.55,27.6,22.55,24.65,14610
TTML,20111021,17.3,17.75,16.65,16.85,1935932
TUBEINVEST,20111021,132.8,140,132.8,139.35,484388
TULIP,20111021,145.9,152.9,143.1,151.05,330070
TULSI,20111021,11,11.15,10.9,10.95,26733
TULSYAN,20111021,38.05,38.9,37.7,38.45,518
TV18BRDCST,20111021,48.4,49.4,46.1,46.5,105056
TVSELECT,20111021,17,18.5,17,18.45,3335
TVSMOTOR,20111021,65.7,67,65.3,66.4,2873192
TVSSRICHAK,20111021,380,380,377.15,379.6,886
TVTODAY,20111021,58,59.9,57.15,57.55,14005
TWILITAKA,20111021,36.3,36.85,34.5,34.7,20210
TWL,20111021,440,445,432,434.95,3057
UBENGG,20111021,49,50.5,48.05,48.75,10834
UBHOLDINGS,20111021,108.9,111,103.35,104.8,178921
UBL,20111021,413.75,442.9,408.25,419.15,285457
UCALFUEL,20111021,72.05,73.9,72.05,72.8,4496
UCOBANK,20111021,66.4,67,65.15,65.4,681955
UFLEX,20111021,150.6,173.4,148.2,168.2,4086128
UGARSUGAR,20111021,13.05,13.15,12.85,12.9,3553
ULTRACEMCO,20111021,1132.75,1132.75,1105.55,1120.75,43252
UMESLTD,20111021,18,18.5,17.3,18.1,1940
UNICHEMLAB,20111021,136,136.85,133.65,134.1,12414
UNIENTER,20111021,26.8,27,26.8,26.8,482
UNIONBANK,20111021,252.15,254.05,238.3,239.55,543623
UNIPHOS,20111021,145.9,147.15,136.8,143.5,3102330
UNIPLY,20111021,12.1,12.2,11.3,11.9,481
UNITECH,20111021,26.95,27.3,26.55,26.7,9683783
UNITEDBNK,20111021,72.7,72.7,70.1,70.55,36586
UNITY,20111021,40.9,40.9,37.35,39.6,117446
UNIVCABLES,20111021,50.5,52.7,48,50.15,1303
UPERGANGES,20111021,46.45,46.45,43.6,43.7,235
USHAMART,20111021,33.7,33.7,32.35,32.75,157917
USHERAGRO,20111021,126,129.2,125.25,127.55,373701
UTISUNDER,20111021,1359.95,1463.04,1358.8,1463.04,211
UTTAMSTL,20111021,72,74.95,70.35,71.65,67639
UTTAMSUGAR,20111021,31.5,31.55,30.15,31.35,5085
UTVSOF,20111021,949,951.25,948.05,950.25,4272
VADILALIND,20111021,146,146,136.5,137.9,10261
VAIBHAVGEM,20111021,31,31,29.45,29.65,3131
VAKRANSOFT,20111021,351,353.9,350,350.05,2563
VALECHAENG,20111021,75.95,75.95,73,73.6,5471
VALUEIND,20111021,17.45,17.65,17.05,17.1,7360
VARDHACRLC,20111021,9,9,8.85,8.95,6895
VARDMNPOLY,20111021,87,89.8,86.8,87.85,29824
VARUN,20111021,249,255.4,248.05,249.75,273652
VARUNSHIP,20111021,19.15,19.15,18.25,18.8,107264
VASCONEQ,20111021,47.8,48.25,47.6,47.7,2178
VENKEYS,20111021,514.9,520,502.25,504.7,120633
VENUSREM,20111021,199,200,197.25,198.4,4893
VESUVIUS,20111021,406,406,388,395.9,160790
VGUARD,20111021,208,213.8,208,211.55,24111
VHL,20111021,364,427,363.1,396.6,79
VICEROY,20111021,27.3,27.3,25.6,26.55,7409
VIDEOIND,20111021,176.9,176.9,174.6,175.95,199519
VIJAYABANK,20111021,54,54.5,52.9,53.15,566828
VIJSHAN,20111021,15.5,16.05,15.5,15.9,197
VIKASHMET,20111021,9.35,9.6,9.3,9.3,12753
VIMTALABS,20111021,18.8,18.95,18.5,18.85,9212
VINATIORGA,20111021,65.25,65.5,65,65.15,2764
VINDHYATEL,20111021,139.2,140,139.2,140,6
VINYLINDIA,20111021,10.5,11.4,10.5,10.95,709
VIPIND,20111021,951,963.9,932.15,936.9,401318
VIPUL,20111021,10,10.1,9.55,9.7,5824
VISAKAIND,20111021,98.7,98.7,92,93.15,4905
VISASTEEL,20111021,58.5,59,58.5,58.55,3989
VISESHINFO,20111021,2.85,2.95,2.85,2.9,1864
VISHALRET,20111021,21.75,21.75,21.25,21.35,13576
VISUINTL,20111021,2,2,1.85,1.9,31257
VIVIMEDLAB,20111021,261,263.15,255.1,256.65,10081
VLSFINANCE,20111021,12.15,12.15,11.5,11.6,4231
VOLTAMP,20111021,491.5,508.95,490.1,491.9,8589
VOLTAS,20111021,100.45,100.65,96.1,96.7,1353280
VSTIND,20111021,1338,1349.7,1332.95,1339.1,2709
VSTTILLERS,20111021,521,521,505,508.05,361
VTL,20111021,203,205.9,202.45,204.3,4241
VTXIND,20111021,13.7,13.7,12.2,13.1,2631
WABAG,20111021,352.25,359.35,350.65,352,924
WABCOINDIA,20111021,1329.8,1364,1320,1344.6,2582
WALCHANNAG,20111021,84.5,87.1,84.45,84.95,10880
WANBURY,20111021,24.05,25.15,23.85,23.95,8442
WEBELSOLAR,20111021,37.6,37.6,36.05,36.95,1322
WEIZFOREX,20111021,70,70,70,70,2000
WEIZMANIND,20111021,8.2,8.95,8.2,8.6,10082
WELCORP,20111021,112.5,113.25,109.6,110.55,198951
WELGLOB,20111021,38,39.85,37.35,37.45,1522
WELINV,20111021,45.05,50.85,44.3,45.55,736
WELPROJ,20111021,38.25,38.9,37.15,37.95,1913
WENDT,20111021,1573.8,1634,1568.1,1569.05,26
WHEELS,20111021,244.9,247,240.3,241,270
WHIRLPOOL,20111021,219,223,217.05,217.7,6267
WILLAMAGOR,20111021,48,50.65,46.15,48.55,1995
WINDMACHIN,20111021,19.6,21,18.2,19.95,3624
WINSOME,20111021,22.7,23.7,22.7,23.05,2070
WIPRO,20111021,356.4,358,350.25,354.05,615202
WOCKPHARMA,20111021,445,452.1,434.1,436.5,60148
WSI,20111021,16.2,16.65,16.1,16.1,740
WSTCSTPAPR,20111021,68,69.4,68,68.65,1514
WWIL,20111021,8.8,8.85,8.25,8.35,1249848
WYETH,20111021,997,1009.85,997,1002.1,941
XLENERGY,20111021,7,7,6.8,6.9,30122
XPROINDIA,20111021,51,52.2,51,51.35,4298
YESBANK,20111021,285,290.25,276.3,277.8,3155430
ZEEL,20111021,112.5,114,111.85,112.1,1283578
ZEELEARN,20111021,19.35,19.45,18.7,18.85,344429
ZEENEWS,20111021,12.6,12.75,12.25,12.3,242293
ZENITHBIR,20111021,4.8,4.9,4.7,4.75,59081
ZENITHCOMP,20111021,14.15,14.7,14,14.1,7398
ZENITHINFO,20111021,63.45,63.45,63.45,63.45,2808
ZENSARTECH,20111021,118.25,126.6,117,122.3,32177
ZICOM,20111021,41,41,38.5,38.85,8836
ZODIACLOTH,20111021,221.9,221.9,209.1,217.05,1115
ZUARIAGRO,20111021,581.1,590.95,576.3,582.2,6108
ZYDUSWELL,20111021,555.05,563,547,551.1,6162
ZYLOG,20111021,405.35,410,402.8,405.4,80955
NSENIFTY,20111021,5106.60,5120.75,5037.95,5049.95,109893599,4733.71
NIFTYJUNIOR,20111021,9782.90,9837.35,9667.65,9682.65,69629631,1269.25
BANKNIFTY,20111021,9767.40,9811.35,9678.40,9695.35,12395573,1024.15
NSEMIDCAP,20111021,7063.55,7099.95,7002.55,7008.05,96737662,1051.91
NSEIT,20111021,5991.15,5991.15,5932.35,5948.45,10605491,552.85
NSE100,20111021,4991.10,5006.35,4925.85,4936.40,179523230,6002.97
NSE500,20111021,4065.35,4079.05,4017.50,4024.65,368578921,7827.72
MIDCAP50,20111021,2082.35,2093.05,2060.25,2064.25,68582267,652.47
VIX,20111021,25.60,26.70,24.39,26.30,25.60,0.70
