20MICRONS,20110923,55.2,56,53.5,53.8,68685
3IINFOTECH,20110923,27,27.55,26.25,26.95,711548
3MINDIA,20110923,4255,4329.95,4200,4203.75,492
A2ZMES,20110923,210.95,229,202,223.1,330479
AANJANEYA,20110923,479.35,493.5,474.95,483.95,217819
AARTIDRUGS,20110923,108,109.95,105.15,109.05,2332
AARTIIND,20110923,46,48.85,45.3,47.9,120573
AARVEEDEN,20110923,36,36.2,35,36.2,702
ABAN,20110923,368,369.45,353.1,361.9,749129
ABB,20110923,775.15,787.95,748.5,751.5,201423
ABBOTINDIA,20110923,1475,1499.95,1446.5,1456.2,846
ABCIL,20110923,101.6,102.5,97.1,98.35,3297
ABGSHIP,20110923,376,385.9,364,382.5,166186
ABHISHEK,20110923,10.75,10.75,9.75,10.4,3855
ABIRLANUVO,20110923,921,943.9,911.1,920.05,90497
ACC,20110923,1058.65,1078.45,1056,1069.25,326450
ACE,20110923,46.5,47.5,45.6,47,115519
ACKRUTI,20110923,189.9,190,184.25,187.05,3850
ACROPETAL,20110923,16,16.2,15.4,15.9,133329
ADANIENT,20110923,579.95,582.8,565.2,569.55,331219
ADANIPOWER,20110923,83,85.85,81.5,84.55,311971
ADFFOODS,20110923,59,62,58.6,60.15,6460
ADHUNIK,20110923,48.95,51.95,47.1,51.6,170118
ADORWELD,20110923,156,156,150.4,151.45,10610
ADSL,20110923,28.9,29.25,27.7,27.95,143296
ADVANIHOTR,20110923,35,35,35,35,100
ADVANTA,20110923,382.25,404.9,381,396,70015
AEGISCHEM,20110923,190,197.9,190,195.25,6146
AFL,20110923,37,39.55,37,38.75,895
AFTEK,20110923,11,11.2,10.6,10.95,170260
AGCNET,20110923,122.2,133,115.2,132.55,4296
AGRE,20110923,40,42.4,39,41.8,7867
AGRODUTCH,20110923,7.65,7.9,7.55,7.9,13709
AHLEAST,20110923,290,300,290,290,2441
AHLUCONT,20110923,110,115,107,108.1,2521
AHLWEST,20110923,155.1,160,152.15,154.2,990
AHMEDFORGE,20110923,102.1,105,102.1,104.6,9416
AIAENG,20110923,309.1,311,308,309.9,293314
AJANTPHARM,20110923,308,311.9,300.6,310.05,8357
AJMERA,20110923,126,126,120,120.75,21719
AKSHOPTFBR,20110923,6.1,6.4,6.1,6.3,52514
AKZOINDIA,20110923,957,957,931.7,945.65,4796
ALBK,20110923,160,163.95,154.1,160.95,864611
ALCHEM,20110923,261,265,260.85,261.7,96264
ALEMBICLTD,20110923,19,19.7,18.6,19.25,33503
ALFALAVAL,20110923,2200.1,2214,2165.05,2201.5,5255
ALKALI,20110923,39,39.9,38,38.9,9336
ALKYLAMINE,20110923,88,88,83.55,84.65,76
ALLCARGO,20110923,143,147.75,141.25,144.2,9065
ALLSEC,20110923,14.4,14.4,13.1,13.65,2124
ALMONDZ,20110923,21.4,22.05,21.25,22.05,426
ALOKTEXT,20110923,17.3,17.35,16.6,17.05,7538851
ALPA,20110923,7.55,8.15,7.5,8,6313
ALPHAGEO,20110923,99,99,95,95.75,666
AMAR,20110923,107.25,110.5,107,109.1,42788
AMARAJABAT,20110923,206,210,206,209.1,12352
AMARJOTHI,20110923,47.05,57.75,47,52,2021
AMBIKCO,20110923,180,180,171.2,171.4,279
AMBUJACEM,20110923,141.5,147.45,141.5,144.8,1583141
AMDIND,20110923,20,20.25,19,20.15,6307
AMLSTEEL,20110923,11.55,13.2,11.55,13.1,5347
AMRUTANJAN,20110923,782.2,791.95,764,776.6,64189
AMTEKAUTO,20110923,130.1,132.95,128.3,130.65,323576
AMTEKINDIA,20110923,118.05,125,116.6,124.05,227449
ANANTRAJ,20110923,58.05,59.95,57.2,59.15,108588
ANDHRABANK,20110923,119.15,122.3,118.65,121.2,506786
ANDHRSUGAR,20110923,97.1,99.95,97,98.7,14739
ANGIND,20110923,24.4,24.4,19.8,20.95,4084
ANIKINDS,20110923,33.1,35,32.5,34.95,971
ANSALAPI,20110923,32.1,34.2,32.1,33.2,141848
ANSALHSG,20110923,39,45,37.2,38.6,10169
APARINDS,20110923,166.15,170,166,167.8,4486
APCOTEXIND,20110923,162.55,169.85,162.5,166.05,321
APIL,20110923,523.25,529.8,516,519.8,66913
APLAB,20110923,32.25,35.9,32,35.9,934
APOLLOHOSP,20110923,520,524.7,516.25,520.25,45686
APOLLOTYRE,20110923,57.85,58.9,55.9,58.05,1553880
APPAPER,20110923,304.2,304.2,269.05,279.15,97166
APTECHT,20110923,119.35,119.35,112.4,114.95,1019353
AQUA,20110923,12.8,14.55,12.8,14.25,1314346
ARCHIES,20110923,39.7,40.4,38.65,39.6,59538
AREVAT&D,20110923,218,225.8,218,224.1,72338
ARIES,20110923,100,101.9,94,97.9,161881
ARL,20110923,2.2,2.3,2.15,2.3,236544
AROGRANITE,20110923,41,41,36.2,37.55,323
ARROWTEX,20110923,8.85,9.7,8.85,9,5551
ARSHIYA,20110923,139,144.9,135.1,142.55,125703
ARSSINFRA,20110923,353.55,360.9,339.5,343.15,309663
ARVIND,20110923,94.6,97,91.75,93.85,5500780
ASAHIINDIA,20110923,66.4,68.65,65.1,66.65,26292
ASAHISONG,20110923,100,100,94,95.6,669
ASAL,20110923,51.6,54.75,51.05,52.3,2435
ASHAPURMIN,20110923,16.1,16.45,15.85,15.95,39124
ASHCONIUL,20110923,2,2.25,2,2.15,5940
ASHIANA,20110923,148,150,141.95,142.85,4100
ASHIMASYN,20110923,4.65,5,4.65,4.75,239
ASHOKA,20110923,246,250,246,248.7,312
ASHOKLEY,20110923,25.9,26.6,25.2,26.05,5555189
ASIANHOTNR,20110923,181.15,184.5,181,182.35,429
ASIANPAINT,20110923,3099.95,3150,3075,3090.4,73185
ASIANTILES,20110923,42,42,39,40.1,8500
ASSAMCO,20110923,11.7,11.7,11.05,11.15,164285
ASTEC,20110923,36.5,38,35.25,36.05,11476
ASTERSILI,20110923,18.1,18.1,17,17.65,18650
ASTRAL,20110923,219.25,228.4,196,198.5,238387
ASTRAMICRO,20110923,24,25,23.5,24.2,107256
ASTRAZEN,20110923,1267,1276.95,1240,1270.15,594
ATFL,20110923,413,418,408.3,412.9,8004
ATLANTA,20110923,62.7,63.95,58.25,61.25,213061
ATLASCYCLE,20110923,342,342,321,329.5,33203
ATNINTER,20110923,0.8,0.95,0.8,0.95,28010
ATUL,20110923,208.95,214,208.95,210.85,36377
AURIONPRO,20110923,148.9,149,135,143.05,3257
AUROPHARMA,20110923,135.5,136.75,130.7,132.4,826026
AUSOMENT,20110923,33.35,35.5,33.35,35.5,1000
AUTOAXLES,20110923,400,403.45,393.25,396.15,488
AUTOIND,20110923,115,116.9,114,114.55,22999
AUTOLITIND,20110923,16,16.65,15.6,16.55,2565
AVENTIS,20110923,2275.45,2275.45,2211,2268.5,994
AVTNPL,20110923,374,398,374,383.2,9201
AXIS-IT&T,20110923,120,120,112.1,112.1,49508
AXISBANK,20110923,1100.1,1115.95,1065.4,1086.85,2740795
AXISGOLD,20110923,2762.1,2768.95,2725.1,2744,722
BAGFILMS,20110923,5.4,5.8,5.4,5.55,110816
BAJAJ-AUTO,20110923,1535,1565.6,1520.85,1548.6,508073
BAJAJCORP,20110923,117,120,113.1,119.15,21611
BAJAJELEC,20110923,180,185.2,176,180.75,148485
BAJAJFINSV,20110923,532.15,550.9,532.05,536.65,124382
BAJAJHIND,20110923,39.1,41.4,39.1,40.75,2696135
BAJAJHLDNG,20110923,738.05,738.05,730.05,734.1,56433
BAJFINANCE,20110923,627,666,622,653.75,24296
BALAJITELE,20110923,31.15,32.5,30.65,31.15,38833
BALAMINES,20110923,35,35,34,34.6,12268
BALKRISIND,20110923,183,190,177.1,181.7,22400
BALLARPUR,20110923,25.75,26.15,25.4,26,384466
BALMLAWRIE,20110923,620.15,630,612,617.95,9842
BALPHARMA,20110923,23,23.25,22.1,22.55,2519
BALRAMCHIN,20110923,49.5,50.15,48.6,49.75,807571
BANARISUG,20110923,629.5,629.5,620,621.05,387
BANCOINDIA,20110923,71.5,72.4,70,70.25,9324
BANG,20110923,22.05,24,22.05,23.95,2952
BANKBARODA,20110923,757.95,783.55,748,775.85,325700
BANKBEES,20110923,968,978,936,958.63,1619
BANKINDIA,20110923,306.1,307,299.15,300.95,903352
BANSWRAS,20110923,92.1,92.75,87.5,89.7,13783
BARTRONICS,20110923,52,53,51.4,51.9,59391
BASF,20110923,617,617.7,603.05,611.9,3681
BASML,20110923,70.95,70.95,60.3,61.5,3119
BATAINDIA,20110923,666.5,672.45,655.1,660.5,583987
BATLIBOI,20110923,16.6,17.2,16.6,17.2,2860
BAYERCROP,20110923,820.4,825,791,806.5,5682
BBL,20110923,701,713.05,692,709.65,2365
BBTC,20110923,413,423,405,416.35,1599
BEDMUTHA,20110923,114.2,116.8,110.35,113.75,119577
BEL,20110923,1550,1585,1525,1537.8,122967
BELLCERATL,20110923,13.9,14,13.9,13.95,140
BEML,20110923,469.7,469.7,449.8,455.05,53159
BEPL,20110923,25,27,25,26,1986
BERGEPAINT,20110923,101.05,104,101.05,102.15,188672
BFINVEST,20110923,51.3,53.95,50.3,52.25,9829
BFUTILITIE,20110923,496.05,496.7,473,483.1,622609
BGLOBAL,20110923,14.2,14.8,14.15,14.15,32794
BGRENERGY,20110923,340.1,343.7,330.1,335.35,593234
BHAGWATIHO,20110923,75.2,79.65,75.2,77.1,7735
BHAGYNAGAR,20110923,15.25,17.1,15.1,15.45,14255
BHARATFORG,20110923,278,278.05,269.1,272.15,225814
BHARATGEAR,20110923,50,50.7,47,47.7,2925
BHARATRAS,20110923,105,105,102.15,102.2,115
BHARTIARTL,20110923,369,382.2,360.65,375,7091652
BHARTISHIP,20110923,97,97.4,93.35,96.1,128416
BHEL,20110923,1600,1617,1573.05,1599.05,726442
BHUSANSTL,20110923,325.55,329.95,316.1,322.25,224565
BIL,20110923,47.5,49.2,47,47.55,4578
BILPOWER,20110923,82.55,82.55,80.05,80.45,1478
BIMETAL,20110923,250.05,257.4,247.25,250.3,162
BINANIIND,20110923,135,135.5,130.55,133.7,32414
BINDALAGRO,20110923,62.15,64.95,62.15,63.45,100978
BIOCON,20110923,331.95,337.75,327.4,336.5,197816
BIRLACORPN,20110923,322.95,325,315.15,320.9,1093
BIRLACOT,20110923,0.35,0.4,0.3,0.35,1269615
BIRLAERIC,20110923,12.15,13.15,12.15,12.75,4396
BIRLAPOWER,20110923,0.65,0.7,0.65,0.65,1263328
BLBLIMITED,20110923,3.8,3.85,3.7,3.7,2552
BLISSGVS,20110923,21,21,20,20.65,22695
BLKASHYAP,20110923,10.4,10.8,10.2,10.35,523612
BLUECHIP,20110923,1,1.1,0.9,0.95,148464
BLUECOAST,20110923,165.3,165.3,150,160,1100
BLUEDART,20110923,1680,1680,1622,1628.15,819
BLUESTARCO,20110923,237,238,227.35,231.55,33259
BLUESTINFO,20110923,72,72.75,71.7,71.9,489
BOC,20110923,295,301,294.5,298.9,10531
BODALCHEM,20110923,16.3,16.8,16.3,16.55,4276
BOMDYEING,20110923,340.65,358,333.45,355.5,366285
BOSCHLTD,20110923,7100,7168,7036.05,7104.05,1727
BPCL,20110923,667,668.65,654.15,657.35,421504
BPL,20110923,21.05,21.05,20.1,20.4,48352
BRANDHOUSE,20110923,15.1,15.35,14.5,15.25,50333
BRFL,20110923,277,283,276.05,278.4,19968
BRIGADE,20110923,67.25,67.8,65.45,66.45,17198
BRITANNIA,20110923,455,467,450,463.4,19557
BROADCAST,20110923,7.45,8,7.45,7.85,1093
BROOKS,20110923,27.7,28.05,27.7,27.7,80931
BSELINFRA,20110923,3.75,3.85,3.05,3.75,56076
BSL,20110923,20.15,21.6,20.15,21.5,619
BSLGOLDETF,20110923,2820,2820,2750.35,2790,110
BSLNIFTY,20110923,49.3,52,47.6,49.75,3238
BSTRANSCOM,20110923,93.05,96,91,91.75,21339
BVCL,20110923,15.2,15.75,15.1,15.6,1381
CADILAHC,20110923,801.3,815.15,800.1,807.2,166254
CAIRN,20110923,283,283,264.15,277.05,5903819
CALSOFT,20110923,29.9,30,29.9,29.95,3
CAMBRIDGE,20110923,22.2,23.8,22.2,23.45,1067
CAMLIN,20110923,71,72.8,70.15,71.55,174361
CANBK,20110923,408.6,439.7,408.6,434,524508
CANDC,20110923,119,120.45,115.25,118.5,14918
CANFINHOME,20110923,93.1,96,92.05,95,8814
CANTABIL,20110923,27.35,27.35,26.5,27,20469
CARBORUNIV,20110923,298,310.45,298,304.3,7811
CAROLINFO,20110923,175,175.25,166.1,168.6,1450
CASTROL,20110923,501,526.85,501,510.85,69410
CCCL,20110923,19.75,21.35,19.1,20.65,61091
CCL,20110923,172,172.6,161.65,166.85,24435
CEATLTD,20110923,79.8,80.4,77.45,79.15,47813
CEBBCO,20110923,34.8,35.1,33.45,33.8,54154
CELEBRITY,20110923,8.05,8.05,6.4,6.95,3867
CELESTIAL,20110923,24.25,25.1,22.15,22.7,45363
CENTENKA,20110923,151,151.5,146.3,149.2,7310
CENTEXT,20110923,2.8,3.05,2.8,3,11845
CENTRALBK,20110923,99.45,101.75,96.5,100.2,581926
CENTUM,20110923,78.25,78.65,78.25,78.65,200
CENTURYPLY,20110923,61.05,61.2,59.55,60.25,15264
CENTURYTEX,20110923,288,298.5,284.65,293.6,387055
CERA,20110923,195,197.9,188,189.25,4081
CESC,20110923,284.4,284.4,273.5,277.75,96096
CHAMBLFERT,20110923,107,107.4,98,99.3,6287442
CHEMFALKAL,20110923,42.05,45.6,42.05,45.45,882
CHEMPLAST,20110923,6,6.05,5.9,6,24842
CHENNPETRO,20110923,206.95,206.95,201.3,203.75,16727
CHESLINTEX,20110923,10.95,11.6,10.95,11.6,3558
CHETTINAD,20110923,440,466,440,466,108
CHOLAFIN,20110923,157.1,160.9,157.1,159.2,3372
CILNOVA,20110923,16,17,16,16.95,1900
CINEMAX,20110923,34.1,36.4,34.1,35,81399
CINEVISTA,20110923,3.25,3.4,3.25,3.35,10510
CIPLA,20110923,277.75,286.3,277,283.85,1396370
CLASSIC,20110923,10,10.65,9.9,10.3,16355
CLNINDIA,20110923,718,725,718,721,2093
CLUTCHAUTO,20110923,35.1,37.95,34.25,36,8960
CMAHENDRA,20110923,172.2,181,172.2,176.5,60538
CMC,20110923,831.1,842.25,821.6,827.35,9959
COALINDIA,20110923,372.2,373.4,364.65,365.6,3128059
COLPAL,20110923,965,988.85,936,983.05,32516
COMPUAGE,20110923,104,112,104,111.3,213
CONCOR,20110923,885,928,870,917.15,24387
CONSOFINVT,20110923,61.4,61.4,57,60.5,1553
CORAL-HUB,20110923,5,5.1,4.65,5,13857
CORDSCABLE,20110923,32.5,33.8,32.25,33.1,2501
COREEDUTEC,20110923,282,287.5,282,285.75,47732
COROMANDEL,20110923,300.15,304.95,296,299.55,46459
CORPBANK,20110923,427.1,432.85,420,424.85,83789
COSMOFILMS,20110923,86,87.9,85,86.2,16899
COX&KINGS,20110923,195.8,209.8,195.8,203.8,308701
CPIL,20110923,271,274.8,258,267.35,42435
CREATIVEYE,20110923,5.2,5.4,5.05,5.15,147
CRESTANI,20110923,32,32.95,30.9,31.7,35476
CREWBOS,20110923,37.5,39.3,36.7,37.2,153143
CRISIL,20110923,8190.9,8360,8150,8175.25,3198
CROMPGREAV,20110923,149.5,151.9,146,150,1489958
CRONIMET,20110923,98.25,107.9,98.25,102.1,2964
CTE,20110923,6.65,7.55,6.6,7.55,3479
CUB,20110923,44,44.5,42.5,44.1,171511
CUBEXTUB,20110923,10.35,11.9,10.35,10.5,1842
CUMMINSIND,20110923,413,436,410.25,425.05,258937
CURATECH,20110923,148,150,148,148.85,294
CYBERMEDIA,20110923,14,14,14,14,21
CYBERTECH,20110923,10.9,11.6,10.9,11.35,4484
DAAWAT,20110923,45.15,46.3,44.4,45.45,47433
DABUR,20110923,103.95,105.9,101.5,102.7,946696
DALMIABEL,20110923,110,110,107.15,108.65,1805
DALMIASUG,20110923,17.4,18,17.05,17.4,10612
DATAMATICS,20110923,27.35,27.65,27.35,27.5,1597
DBCORP,20110923,218,218,213.1,214.45,22851
DBREALTY,20110923,56,56.7,54.3,55.75,417392
DCB,20110923,45.3,46.75,44.15,45.9,2428643
DCHL,20110923,55.5,61.3,54.25,58.9,806061
DCM,20110923,49.7,50.75,49.25,49.95,29461
DCMSRMCONS,20110923,43.5,45,43,44.5,34170
DCW,20110923,9.2,9.2,8.9,9.1,101664
DECCANCE,20110923,147,147.05,145.05,147.05,176
DECOLIGHT,20110923,4.3,4.6,4.25,4.4,5417
DEEPAKFERT,20110923,169.4,172.5,152.55,158.9,230072
DEEPAKNTR,20110923,166,170.15,166,170.1,360
DEEPIND,20110923,81,90.75,80.5,84.35,351571
DELTACORP,20110923,102,105.7,97.4,102.8,13693201
DEN,20110923,54.1,56.95,52.1,55.45,173804
DENABANK,20110923,79,80.15,77.15,78.95,1799000
DENORA,20110923,80,80,75.3,80,1616
DENSO,20110923,54.25,57,54.25,54.95,2212
DEWANHOUS,20110923,218.75,218.75,201.95,206.9,129826
DHAMPURSUG,20110923,42,43.2,41.75,42.5,47790
DHANBANK,20110923,73.05,77.5,73.05,76.6,313818
DHANUKA,20110923,102.75,102.75,98,101.9,36373
DHARSUGAR,20110923,27.5,28.95,27.5,28.1,2277
DHUNINV,20110923,80.3,95,80.3,93.2,602
DIAPOWER,20110923,105.7,105.7,103.1,103.9,16954
DICIND,20110923,235,235.5,228,228.5,1605
DIGJAM,20110923,9,9.05,8.9,9,76639
DISHMAN,20110923,62.25,63.5,61.3,61.85,48707
DISHTV,20110923,73.1,78.25,73.1,76.8,2861021
DIVISLAB,20110923,714.8,723,707,718.65,42135
DLF,20110923,193.8,200.7,191.05,197.5,6492548
DLINKINDIA,20110923,21.75,22,20.55,20.85,28462
DOLPHINOFF,20110923,131,131,123.45,124.25,7586
DONEAR,20110923,19.45,21.6,19.45,21.25,3483
DPSCLTD,20110923,1950,1950,1831.25,1881,81
DPTL,20110923,128.05,134.7,126.2,127.2,8367
DQE,20110923,40,42.5,37.8,38.15,85700
DREDGECORP,20110923,267,267,255.05,257.9,8282
DRREDDY,20110923,1495.55,1523,1480.1,1486.5,393437
DSKULKARNI,20110923,59.1,59.5,56.55,58.2,11603
DUNCANSIND,20110923,9.9,9.9,9.5,9.75,30018
DWARKESH,20110923,42,43,40.65,41.55,10434
DYNAMATECH,20110923,944.15,1034,944,1011.25,3745
DYNASYS,20110923,0.7,0.7,0.7,0.7,1600
EASTSILK,20110923,6.4,6.4,6,6.15,15578
ECEIND,20110923,102,107,100,102,1834
ECLERX,20110923,702.6,731,692.6,719.4,36261
EDELWEISS,20110923,27.8,28.25,24.2,27.85,187511
EDL,20110923,94,94,88.15,91.95,7267
EDSERV,20110923,99.5,99.95,96.35,97.8,119929
EDUCOMP,20110923,218,223.4,211.7,217.1,3200046
EICHERMOT,20110923,1558,1635,1511.2,1602.7,37149
EIDPARRY,20110923,229,231,217.55,225.35,81702
EIHAHOTELS,20110923,144.35,157.3,144.35,156,3544
EIHOTEL,20110923,83.2,86.15,83.2,84.55,77140
EIMCOELECO,20110923,177.25,177.25,174,175.3,112
EKC,20110923,72.1,72.85,70.05,71.75,328288
ELDERPHARM,20110923,378.85,378.85,370.05,376.7,30213
ELECON,20110923,71.3,72.3,69.8,71.6,58940
ELECTCAST,20110923,28.9,29,28.2,28.75,197199
ELECTHERM,20110923,118,121.25,115.05,118.55,7957
ELFORGE,20110923,10,10.25,10,10.25,350
ELGIEQUIP,20110923,71,72.45,70,70.4,22217
ELGIRUBCO,20110923,24,26.5,24,25.7,3549
ELNET,20110923,33.3,33.3,33.3,33.3,50
EMAMIINFRA,20110923,39,39.5,37.8,38.9,13491
EMAMILTD,20110923,444,444,431.25,435.95,19988
EMCO,20110923,49.1,53.3,48.45,53.05,294300
EMKAY,20110923,46.35,47.5,46,47,7864
EMMBI,20110923,14.35,15.35,13.8,14.6,47514
EMPEESUG,20110923,17.8,19.3,17.8,18.35,526
ENERGYDEV,20110923,37,37.9,36.2,37.1,5210
ENGINERSIN,20110923,252.1,255,245.1,252.1,53657
ENIL,20110923,255.1,274.55,255.1,262.65,45743
ENTEGRA,20110923,23.65,24.95,22.45,24.25,129963
EONELECT,20110923,59.25,61.9,58.4,61.05,2407
ERAINFRA,20110923,154.4,155,154,154.25,244394
EROSMEDIA,20110923,250.6,259.9,247.05,249.75,587160
ESABINDIA,20110923,533.5,541.5,526.05,528.8,4911
ESCORTS,20110923,70,73.85,68.35,72.15,1787142
ESL,20110923,6.8,6.85,6.7,6.8,211793
ESSAROIL,20110923,88.5,89.35,86.05,87.4,682608
ESSARPORTS,20110923,64.8,65,62.2,63.35,20819
ESSDEE,20110923,198,204.8,194.2,202.55,17151
ESSELPACK,20110923,36.05,37.4,36.05,37.1,15346
ESTER,20110923,28.7,29,28,28.55,18020
EUROMULTI,20110923,7.7,8.25,7.7,8,2992
EUROTEXIND,20110923,20.95,20.95,19.1,19.5,775
EVEREADY,20110923,38.95,38.95,37.25,37.55,27367
EVERESTIND,20110923,150,150,147,148.6,13567
EVERONN,20110923,414.4,423.95,392.8,400.2,3145953
EXCELCROP,20110923,138,138,130.5,131.3,13351
EXCELINDUS,20110923,65,66,63.1,66,1776
EXCELINFO,20110923,12.6,13,11.65,11.95,94755
EXIDEIND,20110923,134,134.3,129.85,130.95,2551196
FACT,20110923,36.5,36.5,35.25,35.6,16204
FAGBEARING,20110923,1221,1249.65,1205,1221,1317
FAME,20110923,49,50,45,46.1,13515
FARMAXIND,20110923,2.6,2.75,2.55,2.6,121207
FCH,20110923,148.85,148.9,144.05,146.8,52815
FCSSOFT,20110923,0.65,0.7,0.6,0.65,1236363
FDC,20110923,89.05,89.9,88.6,89,12304
FEDDERLOYD,20110923,65.5,66.8,65.1,65.6,3128
FEDERALBNK,20110923,355.05,368,352.4,359.8,226985
FIEMIND,20110923,155,160,150.3,159.6,3347
FILATEX,20110923,41.25,41.5,40.8,41.1,2200
FINANTECH,20110923,835,863.9,812.5,840.95,269176
FINCABLES,20110923,38.1,39.15,37,38.6,47004
FINPIPE,20110923,64.5,66.5,64,64.45,28706
FIRSTLEASE,20110923,74.5,74.5,72.1,72.55,15684
FIRSTWIN,20110923,14.1,16.35,14.1,15.4,164
FKONCO,20110923,116.7,119.9,115,116,17947
FMGOETZE,20110923,231.05,240,227.8,235.05,8773
FORTIS,20110923,135,135,132,132.45,993235
FOSECOIND,20110923,535,537,523.95,526.8,187
FSL,20110923,11.65,11.95,11.5,11.7,2338056
FTCSF5YGRO,20110923,12.7,12.7,12.7,12.7,1000
FUTUREVENT,20110923,9.4,9.6,9.15,9.45,716379
GABRIEL,20110923,41.3,41.3,40,40,110338
GAEL,20110923,23.65,23.95,23,23.6,13618
GAIL,20110923,422.9,427.25,413.2,421.9,727855
GAL,20110923,11.4,12.85,11.4,12.2,153997
GALLANTT,20110923,14.75,17.1,14.15,14.9,16470
GALLISPAT,20110923,90,95.7,90,90.95,102835
GAMMNINFRA,20110923,14,14.3,13.75,13.85,51593
GAMMONIND,20110923,78,78,75.1,76,15264
GANDHITUBE,20110923,126,128,126,126.65,3
GANESHHOUC,20110923,139.5,139.5,127.25,128.95,4143
GANGOTRI,20110923,4.85,4.85,4.25,4.4,4965
GARDENSILK,20110923,72.5,74,71.55,73.25,6738
GARWALLROP,20110923,55.55,55.55,52.7,53.35,3779
GATI,20110923,54,55.5,53.25,54.15,103476
GAYAPROJ,20110923,142,144,137.5,140.2,11073
GDL,20110923,137.9,144.5,133.1,139.5,76824
GEECEE,20110923,31.05,31.95,31.05,31.15,169
GEINDSYS,20110923,140,140,130.25,132.85,5940
GEMINI,20110923,23.5,24.5,22.6,23.9,37791
GENESYS,20110923,214.7,214.7,205.3,208.8,12173
GENUSPOWER,20110923,14.1,14.6,13.8,14,59094
GEODESIC,20110923,55.1,55.75,53.25,53.5,196116
GEOJITBNPP,20110923,18.25,19.4,18.25,19.25,46660
GEOMETRIC,20110923,43.2,43.7,41.9,42.3,29431
GESHIP,20110923,252.5,254.8,248.05,250.65,121941
GHCL,20110923,37.1,38.25,37.1,37.4,38395
GICHSGFIN,20110923,89,90.5,87.3,88.45,149743
GILLANDERS,20110923,87,87,84.5,85.45,2829
GILLETTE,20110923,2050,2096.95,2035,2048.55,842
GINNIFILA,20110923,7.6,8.25,7.3,7.75,10927
GIPCL,20110923,79.05,81.9,79.05,80.3,30772
GITANJALI,20110923,355,364,340.8,350.3,2435893
GKB,20110923,40.5,40.5,37,37.4,300
GKWLIMITED,20110923,480,480,470,480,2112
GLAXO,20110923,2020.5,2053.6,1992.5,2004.65,10859
GLENMARK,20110923,322.9,325.55,315.05,322.65,367151
GLFL,20110923,3.25,3.5,3.15,3.3,2401
GLOBALVECT,20110923,19.5,21.3,19.2,21.1,1047
GLOBOFFS,20110923,94,94.5,92,93.2,1179
GLOBUSSPR,20110923,110.2,112.05,108,108.45,9166
GLODYNE,20110923,352,379,335.45,363.8,214221
GLORY,20110923,3.55,3.6,3.4,3.5,83835
GMBREW,20110923,94.6,94.6,93.1,93.2,1810
GMDCLTD,20110923,177.85,178,173,177.75,450597
GMRINFRA,20110923,27.6,28.95,27.5,28.35,5354671
GNFC,20110923,90.1,92,89.25,89.7,50099
GOACARBON,20110923,76.5,77.8,76.1,76.7,2142
GODFRYPHLP,20110923,3500,3545,3410,3494.5,3668
GODREJCP,20110923,419,421.75,411.2,414.55,144299
GODREJIND,20110923,192.85,194.3,186.95,191.9,558282
GODREJPROP,20110923,645,649,611,644.8,10139
GOENKA,20110923,41.9,43,40,41.5,9025
GOKEX,20110923,84,88.75,81.3,86.2,2116
GOKUL,20110923,85,89.95,84,87.35,6569
GOLDBEES,20110923,2700,2707.05,2663.15,2668.65,227493
GOLDENTOBC,20110923,59.1,64,55,62.15,20686
GOLDIAM,20110923,33,33.3,32.05,33.3,1528
GOLDINFRA,20110923,13.95,13.95,13.7,13.85,529
GOLDSHARE,20110923,2701,2709.95,2671,2677.15,11299
GOLDTECH,20110923,8.5,8.5,7.9,8.05,29824
GPIL,20110923,132,132.5,124,129.95,40040
GPPL,20110923,65.25,66.45,64.15,65.65,452294
GRABALALK,20110923,16.8,16.8,16.55,16.75,11570
GRANULES,20110923,66,67.8,66,66.55,3101
GRAPHITE,20110923,77,77.5,75.35,76.85,31809
GRASIM,20110923,2296.3,2405.7,2277.05,2348.8,94770
GRAVITA,20110923,421.05,435,414.55,432.95,1072982
GREAVESCOT,20110923,88,89.85,86.55,87.35,25740
GREENPLY,20110923,195,197,195,195.2,2551
GREENPOWER,20110923,14.5,14.95,14.1,14.6,280919
GRINDWELL,20110923,235,238,233.25,235.85,71090
GRUH,20110923,493.55,512,485,507.25,20967
GSFC,20110923,446,446.05,433.05,439.4,57833
GSKCONS,20110923,2400,2400,2341.3,2372.05,1795
GSLNOVA,20110923,2.4,2.8,2.4,2.7,6029
GSPL,20110923,101.65,102.5,98.85,101.1,1033372
GSS,20110923,139.85,139.85,128.55,130.5,3599
GTL,20110923,65,66.25,62.6,62.95,2696165
GTLINFRA,20110923,12.65,12.8,12.15,12.3,1355313
GTNIND,20110923,12.95,14.5,12.95,14,667
GTNTEX,20110923,12,13.45,11.15,13.25,906
GTOFFSHORE,20110923,133,133,127.5,129.1,113695
GUFICBIO,20110923,7.1,7.25,7,7,1457
GUJALKALI,20110923,139.8,141.95,138.3,139.25,16312
GUJAPOLLO,20110923,122,127.6,121.1,126.65,10442
GUJFLUORO,20110923,539.7,542,525,538.6,111048
GUJNRECOKE,20110923,25.5,25.7,24.2,25.4,1803424
GUJNREDVR,20110923,16.9,16.9,16,16.5,22976
GUJRATGAS,20110923,434,439.95,426,430.85,13753
GUJSIDHCEM,20110923,8.8,9.05,8.6,8.95,311181
GULFOILCOR,20110923,74,75.9,72.55,73.65,32797
GVKPIL,20110923,16.5,16.85,16.05,16.6,9139854
HALONIX,20110923,66.55,67,63.25,65.65,3172
HANUNG,20110923,110.6,112,105.3,108.95,301273
HARITASEAT,20110923,70.05,71.85,67.05,71.15,316
HARRMALAYA,20110923,62,67,60.55,63.35,35061
HATHWAY,20110923,82.1,83.85,78.6,82.65,22663
HAVELLS,20110923,366.25,366.25,356.55,359.75,156416
HBLPOWER,20110923,17,17.7,16.7,17.5,45347
HBSTOCK,20110923,12.55,12.6,12.5,12.6,223
HCC,20110923,28,29.35,27.75,29.1,2382564
HCIL,20110923,47.9,48,46.55,47.45,8718
HCL-INSYS,20110923,59,65.9,59,64.8,520341
HCLTECH,20110923,378.65,393.45,378.65,388.05,1153341
HDFC,20110923,639,639,622.55,625,7087677
HDFCBANK,20110923,468.55,470,452.5,456.4,8227806
HDFCMFGETF,20110923,2773,2774.4,2730,2733.4,5662
HDIL,20110923,102.1,103,98.65,100.1,8583168
HEG,20110923,218,218,215,216.8,31814
HEIDELBERG,20110923,36.1,37.05,35.4,36.05,97596
HELIOSMATH,20110923,24.25,24.5,23.05,24.45,11444
HERCULES,20110923,236.65,240.7,231.1,236.7,43437
HERITGFOOD,20110923,172,178.9,172,175,1149
HEROMOTOCO,20110923,2055,2086.95,2021.4,2037.05,539677
HEXAWARE,20110923,74,76.15,72.7,74.7,1605330
HFCL,20110923,11.85,12.05,11.55,11.75,508754
HGSL,20110923,325.3,338,325.3,331.5,3432
HIKAL,20110923,270.1,273.75,268,269.25,1956
HILTON,20110923,14.5,14.65,13.95,14.4,722
HIMATSEIDE,20110923,34.45,34.45,32.65,33.75,40127
HINDALCO,20110923,137,137.7,132.1,133.9,9950997
HINDCOMPOS,20110923,480,480,475,480,146
HINDCOPPER,20110923,221.55,222.6,215,219.2,49600
HINDDORROL,20110923,43.15,43.25,40.4,41.95,307225
HINDMOTORS,20110923,13.75,14.05,13.5,13.75,135950
HINDNATGLS,20110923,188.05,193,188.05,190.9,1186
HINDOILEXP,20110923,117.2,120,114.6,116.9,605576
HINDPETRO,20110923,370,378.4,369.15,371.7,553654
HINDUJAFO,20110923,69.85,69.85,67.05,67.35,243
HINDUJAVEN,20110923,305.3,308.85,297.1,302.25,3477
HINDUNILVR,20110923,330.1,335.75,328,331.15,2142263
HINDZINC,20110923,120.65,127.2,120.6,125.9,526037
HIRECT,20110923,42.8,45,42.8,43.55,710
HITACHIHOM,20110923,162.55,166.65,157.55,161.1,30311
HITECHGEAR,20110923,129,132.5,127.1,128.95,85665
HITECHPLAS,20110923,80,80,76,78,1237
HMT,20110923,41.3,42.6,41.2,41.65,74660
HMVL,20110923,138.75,138.9,130.1,135.95,1563
HNGSNGBEES,20110923,1200,1234,1186,1216.99,99
HOCL,20110923,23.35,23.75,22.65,23.25,20001
HONAUT,20110923,2505,2570,2494,2527.25,1141
HONDAPOWER,20110923,382,389.85,376,379.95,1488
HOPFL,20110923,57,58,53.3,57.4,1405
HORIZONINF,20110923,309.9,315,304.25,304.9,3226
HOTELEELA,20110923,35.15,36.35,35.15,36.05,164919
HOTELRUGBY,20110923,7.9,8.5,7.9,8.35,27045
HOVS,20110923,58,61,55.1,57.6,29488
HSIL,20110923,180.1,185.5,172.25,174.5,127858
HTMEDIA,20110923,142.75,145,140.2,140.65,505196
HYDRBADIND,20110923,318.55,325,309.95,314.05,11383
HYDROS&S,20110923,20.95,20.95,19.15,19.6,506
IBPOW,20110923,14,14.15,13.4,13.9,386753
IBREALEST,20110923,75.2,76.9,73.05,74.55,3429147
IBSEC,20110923,8.4,8.9,8.4,8.65,472477
IBWSL,20110923,4.2,4.25,3.9,4.25,862848
ICICIBANK,20110923,848.3,865.9,838.35,843.75,3012724
ICIL,20110923,9.95,9.95,9.1,9.8,1044
ICRA,20110923,933,950,931.25,940.15,1277
ICSA,20110923,66.95,69,64.15,66.15,71704
IDBI,20110923,103,104.75,101.65,103,1737714
IDEA,20110923,93.15,97.85,93.15,96.55,3660936
IDFC,20110923,107.65,111.15,106.55,109.35,5969012
IFBIND,20110923,113.95,118,111.1,114,13466
IFCI,20110923,33.2,33.2,31.95,32.1,10635098
IFGLREFRAC,20110923,33,35.5,32.85,33.3,12629
IGARASHI,20110923,42.05,43.5,41.65,42.9,1266
IGL,20110923,429.95,429.95,403.05,421.9,485697
IGPL,20110923,23.35,23.4,22.8,22.8,483
IL&FSENGG,20110923,94,95,91,93.9,12488
IL&FSTRANS,20110923,203,206,192.55,197.75,137851
IMFA,20110923,330,342.75,325.8,335.05,151
IMPAL,20110923,620,630,615.6,616.8,717
IMPEXFERRO,20110923,7.55,7.85,7.3,7.5,1662
INDBANK,20110923,9,9,8,8.5,16632
INDHOTEL,20110923,68.2,70.8,68.2,69.9,298110
INDIABULLS,20110923,156.4,158,151.1,153.75,313327
INDIACEM,20110923,69.05,73.4,68.2,71.4,2037814
INDIAGLYCO,20110923,129.75,131,124.35,125.75,28614
INDIAINFO,20110923,71.4,72.25,69.6,71.05,266526
INDIANB,20110923,202.65,209.1,196,200.05,409355
INDIANCARD,20110923,90.3,90.6,90.3,90.6,125
INDIANHUME,20110923,126.5,126.5,121.3,122.45,932
INDLMETER,20110923,69.05,70,66.5,69.5,355
INDNIPPON,20110923,176.1,179.95,172.05,176.65,508
INDOCO,20110923,395,400,392,394.75,1275
INDORAMA,20110923,33.5,35.3,33.1,33.55,23467
INDOSOLAR,20110923,9.25,9.5,8,9.2,390109
INDOTECH,20110923,108.1,112.85,108.1,111.1,3419
INDOWIND,20110923,12.95,13.4,12.4,12.85,982705
INDRAMEDCO,20110923,33.8,34.2,33.5,33.85,17172
INDSWFTLAB,20110923,85.2,86.75,82.35,83.55,29815
INDSWFTLTD,20110923,30.8,31.4,29.85,30.75,8271
INDTERRAIN,20110923,103,103.5,103,103.5,132
INDUSFILA,20110923,16,16,14.5,15,606
INDUSINDBK,20110923,260,264.9,246.8,254,511673
INEABS,20110923,570.1,590,560,576.4,4119
INFINITE,20110923,107.25,109.8,104.55,104.55,16904
INFODRIVE,20110923,10,10.3,10,10.15,3658
INFOMEDIA,20110923,12.85,12.85,11.9,12.45,6496
INFOTECENT,20110923,115.5,117.05,115,115.6,5432
INFRABEES,20110923,260.5,265,260,264.31,416
INFY,20110923,2328,2389.8,2321,2338.8,1306054
INGERRAND,20110923,509.5,511,497.6,507.05,8732
INGVYSYABK,20110923,285.05,289,282.1,286.25,13361
INNOIND,20110923,85.05,88.95,85,87.4,10169
INOXLEISUR,20110923,52.8,54.9,49.25,52.2,572569
INSECTICID,20110923,362.55,372.5,358.25,365.2,110489
INVENTURE,20110923,145,149.8,142.65,147.15,61636
IOB,20110923,95,96.7,93.1,95.1,1106216
IOC,20110923,313,313.9,309.2,313.1,1036806
IOLCP,20110923,28.1,30,28,28.2,2511
IOLN,20110923,6.3,6.35,6.3,6.3,2407
IPCALAB,20110923,262,274.35,260.3,270.75,44205
IPGETF,20110923,2784.5,2793.7,2732.5,2754.4,557
IPRINGLTD,20110923,72.95,72.95,67,67,4
IRB,20110923,160,166.5,155.55,164.75,1430745
ISFT,20110923,54.5,56.85,53.4,55.05,1140
ISMTLTD,20110923,34.1,34.85,33.6,34.35,36713
ITC,20110923,190.1,194.4,189.05,191.65,8347260
ITDCEM,20110923,141.3,151,141.1,150.3,562
ITI,20110923,23.15,23.6,22.9,23.1,70719
IVC,20110923,30.45,30.45,29,29.3,7455
IVP,20110923,48.8,48.8,45.4,45.6,408
IVRCLAH,20110923,29,30.25,28,28.6,69223
IVRCLINFRA,20110923,37.5,37.8,36.4,36.75,5414892
J&KBANK,20110923,818,818,777.5,786.9,27323
JAGRAN,20110923,103.9,107,102.9,104.7,36783
JAGSNPHARM,20110923,13.6,13.95,13.1,13.15,2051
JAIBALAJI,20110923,117.8,118.15,110.5,116.6,16295
JAICORPLTD,20110923,84,84.7,81,82.3,381388
JAINSTUDIO,20110923,8.45,9.3,8.45,8.6,576
JAMNAAUTO,20110923,121,121,112.5,115.35,700
JAYAGROGN,20110923,86.25,86.25,83,83.2,6446
JAYBARMARU,20110923,60.6,64.5,56.3,63.1,1900
JAYNECOIND,20110923,18.2,19,18,18.45,34816
JAYSREETEA,20110923,132.1,136.45,132.1,133.55,27040
JBCHEPHARM,20110923,75.55,77.75,73.75,75.1,199607
JBFIND,20110923,131.55,131.55,127.25,129.85,31556
JBMA,20110923,58,58,58,58,10
JCTEL,20110923,1.25,1.3,1.25,1.3,45425
JDORGOCHEM,20110923,5.65,5.65,5.65,5.65,1
JENSONICOL,20110923,3.75,3.85,3.45,3.85,16431
JETAIRWAYS,20110923,265,265,254.6,260.25,1081875
JHS,20110923,34.5,34.9,31.5,32.9,68601
JIKIND,20110923,6,6.85,6,6.2,2559
JINDALPHOT,20110923,153.65,155.5,152,152.55,49217
JINDALPOLY,20110923,214,214.95,207.75,210.95,267238
JINDALSAW,20110923,127,129.95,124.15,128,291050
JINDALSTEL,20110923,524.05,534.5,514.25,524,1992187
JINDALSWHL,20110923,591.5,621.9,591.25,604.9,38633
JINDCOT,20110923,88.7,91.4,88.2,88.65,35395
JINDRILL,20110923,330,340.95,330,333.2,2103
JINDWORLD,20110923,130,131.25,124.55,126.5,4617
JISLJALEQS,20110923,165.5,165.5,147.8,152.65,1303354
JKCEMENT,20110923,116,119.8,115.05,116.25,4855
JKIL,20110923,126,126,115.25,120.85,12147
JKLAKSHMI,20110923,40,47.1,39.65,41.7,127709
JKPAPER,20110923,40.25,41.2,40.25,40.6,30753
JKTYRE,20110923,78.15,78.15,74.85,75.3,51182
JMCPROJECT,20110923,132.05,132.05,126.05,128.35,5588
JMFINANCIL,20110923,17.75,17.85,17.45,17.55,243102
JMTAUTOLTD,20110923,61,64,58.45,62.05,741
JOCIL,20110923,282,290.9,281,285.35,2050
JPASSOCIAT,20110923,65.3,68.95,64.3,67.35,29557740
JPINFRATEC,20110923,46.6,48,44.5,45.9,854958
JPPOWER,20110923,31.8,33.7,31.7,32.4,509841
JSL,20110923,104,106,101.3,104.4,30581
JSWENERGY,20110923,58.2,58.2,55,55.6,1424557
JSWISPAT,20110923,14.05,14.8,14.05,14.55,3559939
JSWSTEEL,20110923,630.05,642.95,605.2,632.55,2493350
JUBILANT,20110923,194,202.9,188.15,201.4,124758
JUBLFOOD,20110923,869.95,899.9,865.2,891.05,749021
JUBLINDS,20110923,181.4,187.1,181.4,185,17514
JUMBO,20110923,17.3,17.5,17,17.1,2342
JUNIORBEES,20110923,100.7,100.7,98.4,99.54,23764
JUPITER,20110923,16.8,17.05,15.75,16.2,270065
JVLAGRO,20110923,15.25,15.9,14.9,15.1,26757
JYOTHYLAB,20110923,165.65,169.5,160.5,164.9,106854
JYOTISTRUC,20110923,66.75,66.75,64,65.1,101314
KABRAEXTRU,20110923,39.85,41.4,38,39.4,3166
KAJARIACER,20110923,114,119.75,113.25,119.15,132779
KAKATCEM,20110923,71,72.25,69.05,72,5696
KALECONSUL,20110923,82.05,85.05,80.05,81,55260
KALINDEE,20110923,114,114.9,109.05,114.15,226933
KALPATPOWR,20110923,110.25,111.85,108.6,110.9,32036
KAMATHOTEL,20110923,86,88.5,83.3,86.45,4351
KANDAGIRI,20110923,73,73,71.1,71.1,112
KANORICHEM,20110923,32.05,33,32.05,32.85,11940
KANSAINER,20110923,844.9,847.65,826.3,843.25,584
KARMAENG,20110923,12.1,12.6,12.05,12.45,5495
KARURKCP,20110923,29.15,29.15,29.15,29.15,5
KARURVYSYA,20110923,380,389,372.4,381.7,209155
KAUSHALYA,20110923,7.95,8.65,7.95,8.5,7017
KAVVERITEL,20110923,130,133,127.25,128.8,35200
KBIL,20110923,630.05,655,630.05,650,257
KCP,20110923,24.6,25,24.5,24.6,21338
KCPSUGIND,20110923,14.5,14.7,14.3,14.55,16017
KEC,20110923,55.6,58,55.15,57.4,54930
KECL,20110923,34.55,35,34,34.6,5014
KEI,20110923,15.5,16.7,15.5,15.85,31472
KEMROCK,20110923,516,517.8,512,516.8,14618
KERNEX,20110923,94,95.8,91.1,94.25,41046
KESARENT,20110923,49.8,50,47.05,48.2,2161
KESORAMIND,20110923,130,130.45,126,129.3,22992
KFA,20110923,25,25.1,23.4,24.3,2408666
KGL,20110923,8.65,8.75,8.25,8.4,1052456
KHAITANELE,20110923,95,99,90.05,96.5,2986
KHAITANLTD,20110923,25.8,25.8,25.8,25.8,5
KHANDSE,20110923,18,18.9,16.9,17.5,2956
KICL,20110923,466.2,490,466.2,489.2,508
KIL,20110923,13.1,13.9,13.1,13.9,1613
KILITCH,20110923,70.1,73.9,70,71.35,2321
KINETICMOT,20110923,16.9,16.9,15.3,15.8,21751
KIRIINDUS,20110923,145,145,131.25,135.3,58116
KIRLOSBROS,20110923,149,155,149,150.7,2323
KIRLOSENG,20110923,126.25,137,125.55,133.8,611987
KIRLOSIND,20110923,270,278.8,264.05,276.05,63
KITPLYIND,20110923,3.85,3.85,3.55,3.6,1353
KKCL,20110923,775,849.85,775,842.5,2264
KLGSYSTEL,20110923,34.95,38,34,34.9,7531
KLRF,20110923,24.6,26.75,24.6,26.75,2010
KMSUGAR,20110923,2.75,2.9,2.55,2.8,14511
KNRCON,20110923,105.5,105.5,101.05,103,3713
KOHINOOR,20110923,45.5,50.1,45.5,47.1,382710
KOLTEPATIL,20110923,36.1,37,36.1,36.6,15999
KOPDRUGS,20110923,5.05,5.05,5.05,5.05,620
KOPRAN,20110923,22.15,22.85,21.75,22,22846
KOTAKBANK,20110923,454.15,465.9,446,454.75,1046910
KOTAKGOLD,20110923,2700.25,2724,2680,2685.85,29150
KOTAKNIFTY,20110923,495.5,501.5,495.5,498.5,929
KOTAKPSUBK,20110923,339,340,331,336.75,960
KOTARISUG,20110923,5.85,6.1,5.35,6.05,26821
KOTHARIPET,20110923,7.05,7.75,7.05,7.2,1957
KOTHARIPRO,20110923,517,525,507.05,521.8,2886
KOUTONS,20110923,22.5,22.9,21.55,22.2,285493
KPIT,20110923,146,152.8,143.2,152.15,372039
KPRMILL,20110923,99.5,102,97.1,100.1,3157
KRBL,20110923,26.3,26.4,24.5,25.15,1905324
KRISHNAENG,20110923,3.55,4,3.45,3.6,21941
KSBPUMPS,20110923,215.25,218.95,215,215.3,2905
KSCL,20110923,455,455,431.2,433.9,20865
KSE,20110923,209,211,207,210,76
KSK,20110923,103.9,105.85,102.75,103.65,147207
KSL,20110923,53.3,53.65,51.3,52.6,11730
KSOILS,20110923,11,11.3,10.65,11.05,17855354
KTIL,20110923,70.1,74.75,70.1,74.75,640
KTKBANK,20110923,89,90,87,87.55,1072232
KWALITY,20110923,166.1,167.35,166.1,167,675723
L&TFH,20110923,48.75,49.15,47.75,48.55,1426707
LAKPRE,20110923,41.5,42.8,38.15,41.25,3831
LAKSHMIEFL,20110923,24.5,25.1,24.3,24.9,72361
LAKSHMIMIL,20110923,1719.95,1720,1665.1,1699,18
LAKSHVILAS,20110923,98.55,100.1,98.3,98.95,129522
LANCOIN,20110923,34.1,34.8,33.6,34,8656
LAOPALA,20110923,108.3,112,105.4,107.95,33949
LAXMIMACH,20110923,1940,1976.95,1925,1942.3,9514
LCCINFOTEC,20110923,0.5,0.6,0.5,0.55,21076
LGBBROSLTD,20110923,292.1,298,291,293.1,3119
LIBERTSHOE,20110923,85.05,88,83.1,83.85,26313
LICHSGFIN,20110923,208,210.9,204,206,3900173
LIQUIDBEES,20110923,1000,1000.01,999.99,1000,406895
LITL,20110923,16.25,16.65,15.8,16.25,13393270
LLOYDELENG,20110923,50.9,51.5,49.35,50,10595
LLOYDFIN,20110923,1,1.05,0.95,1.05,723
LLOYDSTEEL,20110923,14.1,16.5,13.55,13.85,241630
LML,20110923,9.1,9.15,8.85,9.05,162128
LOGIXMICRO,20110923,16.4,19.45,16.05,17.6,155889
LOKESHMACH,20110923,41.5,42,40.55,41.3,2697
LOTUSEYE,20110923,10.05,10.05,9.1,9.65,15662
LOVABLE,20110923,489.4,493.8,467.3,483.05,1231191
LPDC,20110923,2.95,2.95,2.7,2.75,2101
LT,20110923,1480,1480,1440.1,1451.25,2883306
LUMAXAUTO,20110923,27.25,29,27.1,27.1,410
LUMAXIND,20110923,360,377.1,356.15,370.7,30504
LUMAXTECH,20110923,168.1,174,165.1,171.95,6258
LUPIN,20110923,474.35,484.4,472.3,475.6,665955
LYKALABS,20110923,15.05,15.2,14.7,15,8541
M&M,20110923,777.5,788,770.9,775.55,1586862
M&MFIN,20110923,668.7,678,641,660.3,19680
M100,20110923,7.3,7.3,7.1,7.18,36145
M50,20110923,66,67.49,64.12,65.2,26469
MAANALU,20110923,47.55,49.95,47.25,49.95,1736
MADHAV,20110923,17,18,16.75,17.4,718
MADHUCON,20110923,70.65,72.9,68.05,71.4,6017
MADRASCEM,20110923,100,102,98,100.1,142033
MADRASFERT,20110923,21.5,22.5,21.4,21.5,71138
MAGMA,20110923,72.5,73.8,72.1,72.45,43704
MAGNUM,20110923,4.7,4.8,4.55,4.8,1934
MAHABANK,20110923,47.1,48.1,45.25,46.2,232842
MAHINDFORG,20110923,62,63.95,61.9,63.45,5817
MAHINDUGIN,20110923,44.4,46.8,44.25,44.8,4188
MAHLIFE,20110923,292.5,303.3,287.1,297.1,10499
MAHSCOOTER,20110923,313.15,326,303,317,1636
MAHSEAMLES,20110923,360,367,354.2,359.6,18721
MAITHANALL,20110923,93.05,98,85,95.05,2749
MALUPAPER,20110923,12.2,13.5,12.2,12.95,1510
MALWACOTT,20110923,25.6,28.95,25.6,28.5,848
MANAKSIA,20110923,58.5,58.95,57,58.2,3098
MANALIPETC,20110923,11.2,11.4,11.05,11.15,87784
MANAPPURAM,20110923,54.05,55.2,53.3,54.4,820583
MANDHANA,20110923,215.85,217.75,204.6,213.4,194299
MANGALAM,20110923,14.5,14.5,13.5,13.5,1477
MANGCHEFER,20110923,31.9,32.25,30.55,31,283073
MANGLMCEM,20110923,100.1,104.5,100.1,104.15,18647
MANGTIMBER,20110923,17.2,19.2,17.2,18.5,4520
MANINDS,20110923,134.1,142.35,134.1,138.8,26868
MANINFRA,20110923,135.5,143.8,128.05,141.7,39770
MANJEERA,20110923,81,94.5,81,90,358
MANJUSHREE,20110923,92.1,94.2,90.1,93.7,17942
MANUGRAPH,20110923,47,47.5,46.5,47.45,3428
MARALOVER,20110923,11.65,12,11.65,12,178
MARG,20110923,85,87.5,80.4,85.9,56361
MARICO,20110923,144.8,147.25,141,145.45,286875
MARKSANS,20110923,2.2,2.3,2.1,2.2,310096
MARUTI,20110923,1070,1106.15,1048.6,1090.9,659223
MASTEK,20110923,90.25,93,89.5,91.15,55642
MAWANASUG,20110923,17.15,17.9,17.15,17.75,2684
MAX,20110923,196.5,203.75,196.5,202.05,147730
MAXWELL,20110923,28.4,29.85,27.1,29.6,176958
MBECL,20110923,125,126,119.8,120.65,7764
MBLINFRA,20110923,125,129.9,123.95,129.3,8109
MCDHOLDING,20110923,58.05,59.1,56.3,57.4,6380
MCDOWELL-N,20110923,780,794.9,774.65,779.8,252609
MCLEODRUSS,20110923,250,251.9,245.3,248.75,733820
MEGASOFT,20110923,17.1,18.4,17.05,17.85,3511
MEGH,20110923,9.3,9.65,9.3,9.4,49415
MELSTAR,20110923,7.15,7.2,7.1,7.1,2540
MERCK,20110923,635,646.35,628,629.65,1722
MHRIL,20110923,320,322.5,316.05,320.85,1339
MIC,20110923,12,12,11.7,11.9,169357
MICROSEC,20110923,30,30,29.5,29.5,17506
MICROTECH,20110923,123.2,124.8,119,121.6,18369
MINDAIND,20110923,195.4,195.4,177.5,182.5,195
MINDTREE,20110923,352,355,347,353.65,29814
MIRCELECTR,20110923,19.3,20.2,18.8,19.65,99012
MIRZAINT,20110923,21.85,21.85,19.05,20.75,768977
MLL,20110923,24.55,25.85,23.85,25.15,1958222
MMFL,20110923,98.2,101.4,98.1,99.95,3562
MMFSL,20110923,95.85,98.8,94.5,95.5,10062
MMTC,20110923,680,685,662.3,674.45,8616
MOIL,20110923,291.1,294.7,290,291.45,82647
MONNETISPA,20110923,486.2,494.95,486.2,492.75,11533
MONSANTO,20110923,1753,1768,1736,1753.7,2932
MORARJETEX,20110923,13,13.8,13,13.8,3
MOREPENLAB,20110923,3.8,3.95,3.7,3.85,174523
MOSERBAER,20110923,22.1,22.2,21.1,21.75,579268
MOTHERSUMI,20110923,185,187.4,179.25,184.6,197597
MOTILALOFS,20110923,81,81.35,76.05,80.2,39243
MOTOGENFIN,20110923,38.45,40,38.45,39.2,3
MPHASIS,20110923,319.85,344,309.2,334.3,380200
MPSLTD,20110923,34.6,38.9,34.5,35.75,927
MRF,20110923,6730,6750,6580,6662.45,6416
MRO-TEK,20110923,10.55,11,10.5,10.75,9983
MRPL,20110923,64.1,64.9,62.5,63.65,396932
MSPL,20110923,44.85,44.85,42,43.05,8818
MTNL,20110923,34.05,34.2,33,33.4,604027
MUDRA,20110923,24.25,24.9,23.4,23.8,36283
MUKANDENGG,20110923,27.55,27.6,26.65,27.1,3198
MUKANDLTD,20110923,34.25,35.45,31.4,34.15,29296
MUKTAARTS,20110923,38,39.95,37,38.6,1606
MUNDRAPORT,20110923,144.6,151.25,143.75,149.65,1400138
MUNJALAU,20110923,166.4,170,165,167.4,2990
MUNJALSHOW,20110923,60.1,62,59.25,61.1,9890
MURLIIND,20110923,23,23.75,22.25,23.75,968
MURUDCERA,20110923,16.7,17.9,16.1,17.6,7298
MUTHOOTFIN,20110923,164.95,170.7,160,169.4,331445
MVL,20110923,27.25,27.25,23.6,24.25,280330
MVLIND,20110923,15.8,15.8,12.05,12.25,13504
MYSOREBANK,20110923,582.05,589.9,565.05,575.75,2210
N100,20110923,105.98,109.99,102.2,106.19,2244
NAGREEKCAP,20110923,22.5,22.5,22.5,22.5,50
NAGREEKEXP,20110923,21,26.4,21,25.25,36639
NAHARCAP,20110923,52,52,50,50,201
NAHARINDUS,20110923,42.5,43.5,42,42.55,2611
NAHARPOLY,20110923,23.35,23.5,23.35,23.5,314
NAHARSPING,20110923,61.05,62.9,60.55,61.25,6805
NANDAN,20110923,2.4,2.45,2.35,2.4,59406
NATCOPHARM,20110923,232.55,234,220.15,232.75,9196
NATHSEED,20110923,16.5,17.85,15.8,17.1,98474
NATIONALUM,20110923,63.4,64.45,62,63,233483
NATNLSTEEL,20110923,16,16.25,15.85,15.85,32823
NAUKRI,20110923,694,694,665,668.85,1227
NAVINFLUOR,20110923,356,358.45,348,355.35,14906
NAVNETPUBL,20110923,66.2,67.8,65.55,66.15,91800
NBVENTURES,20110923,189.2,196.85,189.2,191.5,13471
NCC,20110923,66,66.9,63.6,65.7,515579
NCLIND,20110923,37.25,38.3,35.55,37.75,49540
NDTV,20110923,53.1,56.8,50.1,50.6,368831
NECLIFE,20110923,19.65,22.2,19,21.85,159067
NELCAST,20110923,20.75,22.3,20,21.45,23135
NELCO,20110923,56.15,57.5,54.3,56.95,52383
NEOCURE,20110923,2.7,2.85,2.7,2.7,214
NEPCMICON,20110923,3.65,4.05,3.65,3.85,46501
NESCO,20110923,577,579.5,561.35,567.55,18255
NESTLEIND,20110923,4200.05,4345,4182,4311.2,18095
NET4,20110923,145.9,146,140,145,27143
NETWORK18,20110923,89.6,92,88.25,91.85,30118
NEULANDLAB,20110923,87.75,90,87.65,88.15,412
NEXTMEDIA,20110923,4.7,5,4.7,5,5804
NEYVELILIG,20110923,81.7,83.5,80.8,81.9,86934
NFL,20110923,73.6,74.4,72.25,72.95,60489
NHPC,20110923,23.7,23.9,22.95,23.6,5107673
NICCO,20110923,2.55,2.8,2.55,2.6,21588
NIFTYBEES,20110923,502.34,502.34,493.5,497.59,251430
NIITLTD,20110923,44.8,44.95,43.55,44.3,47119
NIITTECH,20110923,200,206.5,196.1,205.05,103516
NILKAMAL,20110923,256,258,243.95,254.05,2480
NIPPOBATRY,20110923,387.65,394.95,387.65,389.25,138
NISSAN,20110923,2.25,2.3,2.15,2.25,137988
NITCO,20110923,48.75,48.75,45.55,47.2,53676
NITESHEST,20110923,17.1,18.1,17.1,17.3,103949
NITINFIRE,20110923,44,47.05,42.25,43.35,1863632
NITINSPIN,20110923,6.5,7,6.5,6.85,8267
NMDC,20110923,237.5,238.95,222.5,223.95,709942
NOCIL,20110923,16.5,17,16,16.6,228956
NOIDATOLL,20110923,22.05,22.7,22.05,22.3,197769
NOL,20110923,40.7,40.7,40.7,40.7,1500
NORBTEAEXP,20110923,5.5,5.7,5.25,5.5,259
NORTHGATE,20110923,13.1,13.1,12.25,12.5,31658
NOVOPANIND,20110923,39.7,39.7,39.7,39.7,22
NRBBEARING,20110923,44.8,44.8,42,43.4,3433
NRC,20110923,4.25,4.25,3.3,3.8,15471
NSIL,20110923,611,644,611,644,79
NTPC,20110923,164.8,168.95,163.85,167,2128665
NUCHEM,20110923,3,3.2,3,3.15,9474
NUCLEUS,20110923,65.05,67,63.25,66.55,9729
NUMERICPW,20110923,189,196,184,195.8,3058
NUTEK,20110923,2.9,2.9,2.8,2.85,449090
OBEROIRLTY,20110923,221.5,224,219.25,220.2,22001
OCL,20110923,94.5,94.65,91.15,93.4,1221
OFSS,20110923,1894.95,1956.6,1880.35,1909.7,238717
OIL,20110923,1310,1319.8,1280.05,1309.35,21118
OILCOUNTUB,20110923,62,64.2,62,63.8,2663
OISL,20110923,50.8,51.5,50.25,50.6,158474
OMAXAUTO,20110923,39.9,39.9,37.55,38.3,8504
OMAXE,20110923,139.3,139.7,138,138.95,26381
OMKARCHEM,20110923,66,71.45,65,70.85,5966
OMMETALS,20110923,26.3,27,25.5,26.2,11413
OMNITECH,20110923,144.8,144.9,138,143.15,84803
ONGC,20110923,256.25,260.85,255.25,257.8,4869208
ONMOBILE,20110923,59.9,62.3,55.75,61.05,727673
ONWARDTEC,20110923,38,38,33.65,37.35,4233
OPTOCIRCUI,20110923,219.95,235.4,212.1,231.6,754341
ORBITCORP,20110923,33.6,34.6,33.05,33.85,322723
ORCHIDCHEM,20110923,180,187,176.55,181.5,2188984
ORIENTABRA,20110923,37.75,38.25,36.7,37.65,83051
ORIENTALTL,20110923,8,8.85,7.5,8.7,21647
ORIENTBANK,20110923,280.1,284.8,274.2,280.1,903919
ORIENTCERA,20110923,49,53,46.35,47.25,352
ORIENTHOT,20110923,26.7,26.85,26.5,26.6,2147
ORIENTPPR,20110923,60.05,61.5,59.05,59.95,79634
ORISSAMINE,20110923,47714,48250,46300,47778.35,1263
OSWALMIN,20110923,38.35,38.35,38.35,38.35,270
OUDHSUG,20110923,22.5,23.75,22.15,22.5,3574
PAEL,20110923,21.7,22.4,21.7,22,5615
PAGEIND,20110923,2650,2698.8,2582,2681,2317
PANACEABIO,20110923,132,133,125.6,127.4,7129
PANASONIC,20110923,110,113,107.15,110.95,263
PANCARBON,20110923,128,132.55,125.1,130.5,169
PANORAMUNI,20110923,11.55,11.95,11.3,11.65,14890
PANTALOONR,20110923,232,236.5,226.5,228.8,859636
PAPERPROD,20110923,77.45,78.25,76.25,77.15,22949
PARABDRUGS,20110923,29.05,29.4,28.7,29.15,87939
PARACABLES,20110923,3.45,3.45,2.85,3.2,14775
PARAL,20110923,236.5,239.95,228.1,229.55,6782
PARAPRINT,20110923,22.5,22.85,20,21.6,116773
PARASPETRO,20110923,0.45,0.5,0.45,0.5,5422
PARRYSUGAR,20110923,92,92,91,92,660
PARSVNATH,20110923,65.1,67.95,64.7,67.65,1528893
PATELENG,20110923,96.9,98.7,94.55,96.95,476434
PATINTLOG,20110923,32.5,32.8,31,31.95,119043
PATNI,20110923,282.7,299.5,278.5,292.4,166460
PATSPINLTD,20110923,12.15,14.25,12.15,13.5,9476
PBAINFRA,20110923,43.55,44.25,43.1,43.85,6030
PDPL,20110923,104,111.9,99.1,103.75,3605
PDUMJEIND,20110923,17.95,17.95,17.95,17.95,2
PDUMJEPULP,20110923,18,18,17.45,17.95,820
PEACOCKIND,20110923,2.65,3,2.6,2.65,1551
PEARLPOLY,20110923,21.15,22.65,21.1,21.3,2405
PENIND,20110923,37.8,38.6,37.7,38.1,14317
PENINLAND,20110923,44,44.1,42.6,43.65,27630
PEPL,20110923,2.5,2.5,2.5,2.5,500
PERSISTENT,20110923,297,304,297,300.7,5345
PETRONENGG,20110923,300,311.7,300,305.05,773
PETRONET,20110923,165.2,166.9,157,165,3517950
PFC,20110923,152.1,153,146,150.05,1917631
PFIZER,20110923,1364.85,1364.95,1325.65,1349,2701
PFOCUS,20110923,60.1,62.1,58.35,60.1,678626
PFS,20110923,15.9,16.1,15.5,16,115231
PGHH,20110923,1919.85,1929,1900,1925.2,1561
PHILIPCARB,20110923,140.25,147.8,140.1,145.05,12986
PHOENIXLTD,20110923,210.1,223.3,203,217.85,13485
PIDILITIND,20110923,166,167.9,164,165.9,27593
PIIND,20110923,550.2,597.9,550.2,581.45,4194
PIONDIST,20110923,45.55,47,43.8,47,2384
PIONEEREMB,20110923,11,11.95,11,11.95,902
PIPAVAVYD,20110923,81,81.95,80.1,81.2,2284452
PIRGLASS,20110923,129.25,130,123.6,126.9,17637
PIRHEALTH,20110923,345.6,357.7,345.55,353.4,100358
PIRLIFE,20110923,86.5,88.65,86.5,87.3,17583
PITTILAM,20110923,44.65,47.4,44.1,46.7,21038
PLASTIBLEN,20110923,177.95,178.2,177.95,178,28
PLETHICO,20110923,366.5,374.5,366.05,367.75,46298
PNB,20110923,950,977.85,942.3,970.15,365174
PNBGILTS,20110923,24.05,24.2,23.6,24,16448
PNC,20110923,13.65,14,13.6,13.65,1346
POCHIRAJU,20110923,12.7,13.4,12.7,13.2,11083
POLARIND,20110923,4,4.1,3.9,3.9,4836
POLARIS,20110923,125,129.2,124.3,127.2,516454
POLYPLEX,20110923,187,188.5,181.15,184.1,62162
PONDYOXIDE,20110923,31.35,31.4,30,31.15,9557
PONNIERODE,20110923,78,81,78,78.05,723
POWERGRID,20110923,95.5,97.2,94.7,96.05,2031814
PPAP,20110923,85,85.5,81.5,82.45,1629
PRADIP,20110923,65.05,70.1,65.05,69.7,13287
PRAENG,20110923,7.1,7.4,6.65,7,153386
PRAJIND,20110923,71,72.9,69.1,71.55,1368934
PRAKASH,20110923,53.5,54.9,52.5,52.95,159560
PRAKASHSTL,20110923,121.85,124.55,121.85,123.6,3146
PRATIBHA,20110923,45.05,49.2,44.5,48.45,206280
PRECOT,20110923,111.95,127.8,111.95,117.65,25408
PRECWIRE,20110923,94.9,94.9,93.3,93.3,268
PREMIER,20110923,83.5,83.5,80.3,83.3,2860
PRESTIGE,20110923,89.1,91.5,85.3,90.3,84947
PRETAILDVR,20110923,177.8,177.85,172,175.65,3080
PRICOL,20110923,16.1,16.45,15.7,16.05,52892
PRIMESECU,20110923,19.05,20.4,18.1,18.75,14621
PRISMCEM,20110923,44.1,45.85,40.8,41.35,394976
PRITHVI,20110923,19.55,21.8,19.55,20.5,5285
PRITHVISOF,20110923,15.25,15.25,15.25,15.25,69
PROVOGUE,20110923,30.1,30.95,29.15,30.6,320639
PSB,20110923,67,67.2,65.2,65.4,242240
PSL,20110923,61.5,62.5,59.75,60.05,134308
PSUBNKBEES,20110923,329.1,337,321.1,332.8,1460
PTC,20110923,70.05,70.05,68,69.15,428551
PTL,20110923,37.6,41.1,37.5,39,74004
PUNJABCHEM,20110923,70.5,71.85,65.3,71.2,701
PUNJLLOYD,20110923,57,57,54.75,55.2,5885144
PURVA,20110923,65,66,62.5,65.5,11959
PVP,20110923,5.85,6.15,5.5,5.55,48898
PVR,20110923,124.95,124.95,118.1,119.2,47202
QGOLDHALF,20110923,1350.65,1354.6,1330.1,1334.2,1631
QNIFTY,20110923,494.15,540.5,493,496.31,420
QUINTEGRA,20110923,2.95,3.25,2.95,3,45152
RADAAN,20110923,2.15,2.3,2.15,2.2,5512
RADICO,20110923,123.8,124.5,122,123.25,97424
RAINBOWPAP,20110923,66,67.85,66,66.3,226023
RAINCOM,20110923,27.25,27.85,26.55,26.7,128634
RAJESHEXPO,20110923,124,124.4,120.25,122.45,600961
RAJOIL,20110923,23,25,23,23.6,193649
RAJPALAYAM,20110923,210,210,204.6,206.55,919
RAJRAYON,20110923,10.2,10.3,9.95,10.1,843
RAJSREESUG,20110923,37.05,38.05,37,37.8,2768
RAJTV,20110923,54,55.7,53.6,54.75,19375
RAJVIR,20110923,102.1,113.95,100.25,109.25,905
RALLIS,20110923,177.9,178,170.9,172.35,133806
RAMANEWS,20110923,11.15,11.7,11.1,11.4,10179
RAMCOIND,20110923,41.45,41.45,40.3,40.85,4093
RAMCOSYS,20110923,61,63,59.2,60.3,2034
RAMKY,20110923,220.1,224.9,213.05,216,7896
RAMSARUP,20110923,9.9,10,9.7,9.95,19798
RANASUG,20110923,3.95,4,3.85,3.95,217741
RANBAXY,20110923,472.05,483,467.2,472.7,703649
RANEENGINE,20110923,204.5,204.5,203,203.15,14
RANEHOLDIN,20110923,203,214.85,201.25,204.35,2993
RANKLIN,20110923,14,14.15,13.1,13.8,15235
RATNAMANI,20110923,102.1,105.5,102.1,104.55,5507
RAYMOND,20110923,331.2,344.95,330.85,340.25,216427
RBL,20110923,107,107,107,107,275
RBN,20110923,82.8,84.95,81.6,84,24412
RCF,20110923,74.5,74.5,71.45,72.8,632006
RCOM,20110923,77.75,80.4,76.2,79,10305141
RECLTD,20110923,177,177.8,172.4,173.55,1370535
REDINGTON,20110923,92.95,95,90.3,93.55,275184
REFEX,20110923,13,13.9,12.15,13.8,4763
REIAGROLTD,20110923,25.05,25.45,24.75,25.1,156954
REISIXTEN,20110923,26,26,25.1,25.4,1205
RELAXO,20110923,386.55,405.1,385,399.15,1516
RELBANK,20110923,913.99,913.99,890,896,126
RELCAPITAL,20110923,391,409,389.3,402.1,3332557
RELGOLD,20110923,2638,2643.95,2606.05,2622.05,12522
RELGRNIFTY,20110923,491.8,491.9,463.25,491.9,37
RELIANCE,20110923,773.9,792.6,764.1,770.6,8803427
RELIGARE,20110923,420,425,415,415.65,2943
RELIGAREGO,20110923,2666.75,2779.95,2666.75,2744.7,378
RELINFRA,20110923,431,436.6,419.7,428.4,1579457
RELMEDIA,20110923,101.4,102.3,96.3,100.35,584483
RENUKA,20110923,57,57.7,55.75,56.6,5594780
REPRO,20110923,142.85,144.95,141.05,144.05,6940
RESPONIND,20110923,108.45,109,106.3,108.75,6978
RESURGERE,20110923,0.35,0.35,0.3,0.3,6317797
REVATHI,20110923,349.35,354.9,340.25,347.25,341
RICOAUTO,20110923,11.4,11.7,11.1,11.45,96394
RIIL,20110923,407.3,419,404,409,149752
RJL,20110923,95.5,95.5,87,90.9,2763
RKDL,20110923,18,18.15,17.55,17.9,10077
RKFORGE,20110923,100,106.9,99,103.8,740
RMCL,20110923,5.3,5.7,5.3,5.5,25516
RML,20110923,117.8,120,117.55,118.75,1186
ROHITFERRO,20110923,29,29,27.5,28.35,22785
ROHLTD,20110923,54.2,55.35,52.65,53.2,15119
ROLTA,20110923,92.1,94.5,91.8,93.15,282477
ROMAN,20110923,21.25,22.5,20.4,21.9,7412
RPGLIFE,20110923,79,79.85,79,79,3045
RPOWER,20110923,78,82.9,77.2,81.85,5681818
RPPINFRA,20110923,65,65,62.65,63.9,454
RSSOFTWARE,20110923,52.5,54,52.5,53.05,10447
RSWM,20110923,89.7,92.95,85.5,86.45,28467
RSYSTEMS,20110923,105.9,105.9,102,105.1,2408
RUBYMILLS,20110923,919.95,920,870.2,896.75,424
RUCHINFRA,20110923,17.4,18.15,17.1,17.85,14212
RUCHIRA,20110923,8.55,9.6,8.05,8.85,44147
RUCHISOYA,20110923,112,116,108.4,113.95,396211
RUSHIL,20110923,164,167.7,161.5,162.9,320123
SABERORGAN,20110923,117.05,125.8,117.05,123.25,5515
SADBHAV,20110923,130.3,139.45,130.3,133.35,25845
SAGCEM,20110923,125,142,125,141.3,800
SAHPETRO,20110923,30.65,31.3,30.65,31.05,736
SAIL,20110923,106,107.35,102.6,104.5,3829770
SAKHTISUG,20110923,27.2,27.55,26.55,27.05,68602
SAKSOFT,20110923,71.5,71.75,68.4,69.75,2710
SAKUMA,20110923,13.65,13.65,13.05,13.25,2103
SALONACOT,20110923,14.15,16.9,14.15,15.95,300
SALORAINTL,20110923,25.5,26,25.25,25.5,410
SALSTEEL,20110923,5.2,5.6,5.1,5.5,15745
SAMBANDAM,20110923,81,81,74,75,253
SAMBHAAV,20110923,1.35,1.35,1.15,1.3,8407
SANDESH,20110923,270.15,279.75,264.05,273.2,195
SANGAMIND,20110923,29.5,31.3,29.1,30.7,7799
SANGHIPOLY,20110923,1.45,1.45,1.4,1.45,7339
SANGHVIFOR,20110923,27.1,27.9,26.35,27.3,3742
SANGHVIMOV,20110923,126,126.95,120,125.15,24856
SANWARIA,20110923,20.8,22,17.05,17.65,444751
SARDAEN,20110923,136.55,141,135.1,135.9,8760
SAREGAMA,20110923,73.1,74.8,70.7,71.4,86508
SARLAPOLY,20110923,106.55,106.55,106.5,106.5,600
SASKEN,20110923,105.15,107.85,103.25,106.9,31785
SATHAISPAT,20110923,37,38.4,37,37.6,4198
SATYAMCOMP,20110923,69.6,71.7,68.3,70.6,6294977
SAVERA,20110923,37.75,39.4,35.55,36.45,345
SB&TINTL,20110923,19.25,19.55,18.3,18.5,66083
SBBJ,20110923,401.4,414.8,398.05,402.45,51947
SBIGETS,20110923,2772.05,2772.05,2735.3,2741.75,11897
SBIN,20110923,1911,1981.9,1890,1950.25,3751760
SBT,20110923,685,685,605.1,611.3,8183
SCI,20110923,82.2,84.35,82.2,83.45,199344
SEAMECLTD,20110923,97.5,103,97,102.85,2357
SEINVEST,20110923,11.85,11.85,11.25,11.25,152237
SELAN,20110923,291.05,291.05,283.05,286.95,25758
SELMCL,20110923,12.6,12.75,12.3,12.5,272189
SENTINEL,20110923,14,16.8,13.25,14,2089
SERVALL,20110923,7,7,6.55,6.85,39684
SESAGOA,20110923,207.3,211.7,205.5,207.1,2620159
SESHAPAPER,20110923,203,207.75,196.2,198.65,161
SEZALGLASS,20110923,2.65,2.9,2.6,2.85,7342
SGJHL,20110923,152.1,152.1,145.05,147.65,285929
SGL,20110923,4.05,4.4,4.05,4.4,145
SHAHALLOYS,20110923,10.5,11,10.1,10.3,346
SHALPAINTS,20110923,530.55,534.95,513.5,513.5,9604
SHANTIGEAR,20110923,40.25,41.8,40.25,41.55,33309
SHARIABEES,20110923,110.6,110.9,109,110.9,237
SHARRESLTD,20110923,56.5,60.5,53,57.45,49715
SHASUNPHAR,20110923,68,69,65.4,67.65,20046
SHILPAMED,20110923,215,220.5,210,220,4842
SHILPI,20110923,13.4,13.6,12.75,13,37186
SHIV-VANI,20110923,189,197.45,187.25,192.35,47388
SHIVAMAUTO,20110923,121.05,126,121,125.9,1361
SHIVTEX,20110923,24.05,24.45,21.65,23.55,7566
SHLAKSHMI,20110923,95.75,98,93.1,95.15,30921
SHOPERSTOP,20110923,371,379.7,361.55,369.35,14629
SHREEASHTA,20110923,5.95,6,5.5,5.75,9390708
SHREECEM,20110923,1815,1830,1760,1803.5,3474
SHREERAMA,20110923,4.5,4.75,4.5,4.55,54089
SHRENUJ,20110923,56.5,61,56.5,59.9,15704
SHREYANIND,20110923,21.35,21.35,21.35,21.35,184
SHREYAS,20110923,41.9,41.9,36.3,37.25,47513
SHRIRAMCIT,20110923,528.25,532.4,528.1,530.1,3485
SHRIRAMEPC,20110923,120,122.5,117.25,120.85,3147
SHYAMTEL,20110923,38.5,38.5,36.1,36.6,11417
SICAGEN,20110923,18,19,18,18.85,12074
SICAL,20110923,70.5,71.2,70.3,70.45,12624
SIEMENS,20110923,856,862.4,842.1,855.35,206755
SILINV,20110923,92,92,87.05,90.25,113
SIMBHSUGAR,20110923,29.1,30,29.1,29.6,6028
SIMPLEX,20110923,82.5,83,80,81.2,850
SIMPLEXINF,20110923,225.2,237.75,225.2,230.1,787
SINTEX,20110923,144.2,146.8,141.05,144.15,821947
SIRPAPER,20110923,47,47.8,47,47.3,841
SITASHREE,20110923,8.25,9.25,8.1,8.65,6215
SIYSIL,20110923,289.5,306.15,289.35,295.1,1925
SJVN,20110923,21.9,21.9,21,21.8,144782
SKFINDIA,20110923,673.2,675.5,655.05,673.65,16163
SKMEGGPROD,20110923,7.55,7.85,7.35,7.5,11261
SKSMICRO,20110923,299,299,285.35,285.35,33211
SKUMARSYNF,20110923,45.9,46.4,43.15,44.8,2119048
SMARTLINK,20110923,39.7,40.95,39.55,39.85,7612
SMLISUZU,20110923,398.8,398.8,371.25,380.05,4253
SMOBILITY,20110923,99.2,100.7,99.1,99.95,97120
SMPL,20110923,7.8,7.8,7.4,7.75,83987
SMSPHARMA,20110923,174,175,171,171,119
SOBHA,20110923,220.95,222.9,212,219.5,94764
SOFTTECHGR,20110923,4.9,4.9,4.5,4.7,177
SOLARINDS,20110923,750,759,720,750.3,2418
SOMANYCERA,20110923,44.5,44.5,41.25,44.45,223
SOMATEX,20110923,6.35,6.35,6,6,4222
SONASTEER,20110923,14.7,14.95,14.2,14.55,87446
SONATSOFTW,20110923,29,29.95,28.5,29.15,121310
SOTL,20110923,554.05,579.95,554,565.15,3161
SOUISPAT,20110923,5.7,5.75,5.15,5.15,235044
SOUTHBANK,20110923,22.45,22.6,21.6,22,4015535
SPANCO,20110923,116.1,116.5,112.5,114.85,25141
SPARC,20110923,76.1,77.85,74.05,75.4,127724
SPENTEX,20110923,9.1,9.95,9.1,9.6,2265
SPIC,20110923,25.75,26.45,25.1,25.5,279403
SPMLINFRA,20110923,126,131.7,125.15,128.6,1359
SPYL,20110923,20.2,22,20.2,21.25,5881
SREINFRA,20110923,33.1,33.6,31.8,32.9,1721970
SRF,20110923,312,324,312,314.85,84397
SRGINFOTEC,20110923,0.45,0.5,0.45,0.5,16512
SRHHLINDST,20110923,3.7,4.1,3.7,3.95,2008
SRHHYPOLTD,20110923,39,39,38.9,38.9,890
SRSLTD,20110923,35.6,35.6,32.75,34,1401092
SRTRANSFIN,20110923,602.2,620,597.05,603,342835
SSWL,20110923,225.75,239.9,220.15,229.35,9359
STAR,20110923,335,353.75,325,344.9,359646
STARPAPER,20110923,25.5,26.9,23.6,26.6,54976
STCINDIA,20110923,166.4,166.4,158.7,160.55,67950
STER,20110923,123,124.2,117.6,122.65,9386928
STERLINBIO,20110923,70.5,75.35,70.05,73.05,911766
STERTOOLS,20110923,106,109,103.6,103.8,253
STOREONE,20110923,13.45,13.7,13.1,13.3,10272
STRTECH,20110923,37.6,39,37.3,38.2,358202
SUBEX,20110923,44.1,44.7,43,44,473724
SUDAR,20110923,74.1,76.9,70.65,71.75,224736
SUDARSCHEM,20110923,700,700,700,700,151
SUJANATOW,20110923,27,28.5,26.5,26.95,883956
SUJANAUNI,20110923,4.75,4.8,4.5,4.65,67925
SUMEETINDS,20110923,26,27.5,24.5,26.05,35570
SUMMITSEC,20110923,78.5,79.8,77.2,79.2,256
SUNCLAYTON,20110923,134,136.5,130,133,1374
SUNDARAM,20110923,43,45,42.05,42.25,118377
SUNDARMFIN,20110923,525,528.85,520.8,521.8,3467
SUNDRMBRAK,20110923,151,155,146,152.45,79
SUNDRMFAST,20110923,60.75,61.4,58.1,60.55,46646
SUNFLAG,20110923,28.9,29.85,27,27.05,159827
SUNILHITEC,20110923,86.75,88.5,83.6,85.35,13583
SUNPHARMA,20110923,462.55,474,456.25,469.3,880874
SUNTECK,20110923,296.95,311.7,294.4,307.65,38319
SUNTV,20110923,290.1,294.4,287,290,232713
SUPER,20110923,169.45,178.9,169.3,176.9,116
SUPERSPIN,20110923,8.15,8.8,8.1,8.5,17503
SUPPETRO,20110923,73.5,73.5,73,73,23652
SUPRAJIT,20110923,18.6,19.05,18.6,18.7,53500
SUPREMEIND,20110923,200,215,190,192.05,24481
SUPREMEINF,20110923,233.2,235,218.1,229,8365
SURAJDIAMN,20110923,45.65,47.35,45.6,46.25,18398
SURANACORP,20110923,95,100,95,100,1027
SURANAIND,20110923,437,441,436.95,440.1,11338
SURANAT&P,20110923,14.35,15,14.35,14.9,1850
SURANAVEL,20110923,31,31.95,31,31.95,401
SURYAJYOTI,20110923,23.7,23.7,22.3,22.6,11762
SURYALAXMI,20110923,59.5,60.8,58.05,59.2,3268
SURYAPHARM,20110923,16.1,16.1,15.2,15.75,63738
SURYAROSNI,20110923,64,64.5,60,62,28334
SUTLEJTEX,20110923,185,189,182,187.05,1329
SUVEN,20110923,16.5,17,15.25,16.85,33219
SUZLON,20110923,37.05,38.95,36.85,38.4,16621020
SWARAJENG,20110923,456,477.6,456,459.7,1471
SYMPHONY,20110923,1301,1335,1282,1295.7,1153
SYNCOM,20110923,15.45,15.85,15.1,15.4,13780
SYNDIBANK,20110923,98.5,101.95,96.4,100.05,333454
TAINWALCHM,20110923,22.95,23.05,22.95,23,799
TAJGVK,20110923,94.75,94.75,90.3,91.1,63980
TAKE,20110923,31,32,31,31.8,30458
TALBROAUTO,20110923,38.5,40.5,38.25,40.5,766
TALWALKARS,20110923,183.75,183.75,174.5,175.1,81687
TANFACIND,20110923,24,24,24,24,50
TANLA,20110923,9.4,9.4,8.6,8.8,251443
TANTIACONS,20110923,50.15,51,46.75,48.75,6519
TARAPUR,20110923,18,19.5,18,19.15,14663
TATACHEM,20110923,330.25,335.7,321,323.4,240475
TATACOFFEE,20110923,830,858.9,808.1,825.35,293542
TATACOMM,20110923,192,193.95,189.1,192.05,186607
TATAELXSI,20110923,205.2,206.9,196.6,204.65,34490
TATAGLOBAL,20110923,84.75,88,83.1,87.05,1832341
TATAINVEST,20110923,507.2,510,497,497.95,2442
TATAMETALI,20110923,79,79.8,76.35,77.75,13891
TATAMOTORS,20110923,150.5,151.8,146,146.85,21336311
TATAMTRDVR,20110923,89.1,89.5,85.25,87.5,1083670
TATAPOWER,20110923,970.1,998.8,966.55,990.7,464976
TATASPONGE,20110923,295.2,301.9,295,298.8,4851
TATASTEEL,20110923,437.55,438.25,425.1,432.8,5374881
TCI,20110923,83,85.5,82.05,84.35,10752
TCIDEVELOP,20110923,165,174,158.25,159.8,577
TCIFINANCE,20110923,34.75,34.75,32.3,33.65,3111
TCS,20110923,988,1015,982.25,990.3,2282116
TDPOWERSYS,20110923,260,280,257.35,269.85,370908
TECHM,20110923,621.05,635.95,620,626.05,186768
TECHNO,20110923,229.4,229.4,216,222.1,15485
TECHNOFAB,20110923,136,136,128.05,133.35,13320
TECPRO,20110923,231.7,233.25,225.1,232.05,12931
TELEDATAIT,20110923,0.3,0.35,0.3,0.3,732536
TELEMARINE,20110923,0.5,0.6,0.5,0.5,41899
TEXMACOLTD,20110923,32.85,33.2,30,32.45,290795
TEXMOPIPES,20110923,38.7,38.7,36.8,37.1,111555
TEXRAIL,20110923,80.5,81,78.5,80.05,24755
TFCILTD,20110923,28.4,29.25,28.4,28.95,12298
TFL,20110923,14.95,14.95,13.75,13.95,303
THANGAMAYL,20110923,146,147.45,145.25,146.85,6372
THEMISMED,20110923,109.9,119.65,109.9,113.7,1093
THERMAX,20110923,482.25,503,480.65,495.9,111891
THINKSOFT,20110923,34.7,35.8,34.35,35,20187
THIRUSUGAR,20110923,90,92.5,90,91.25,201
THOMASCOOK,20110923,47.55,48.85,47.55,48.2,186529
TI,20110923,30.5,31,29.55,29.9,185877
TIDEWATER,20110923,6610,6769.95,6604,6636.7,466
TIIL,20110923,40.05,41.25,40,40.75,3938
TIL,20110923,395,400.85,395,400.5,775
TIMESGTY,20110923,32.05,35.9,32.05,32.6,315
TIMETECHNO,20110923,67.5,68.3,65.95,66.15,31642
TIMKEN,20110923,208.45,214,205,211.65,175868
TINPLATE,20110923,48,48,46.35,46.95,50347
TIPSINDLTD,20110923,28,29,27.65,28.35,4352
TIRUMALCHM,20110923,72,72.35,68.95,72.2,401
TITAN,20110923,224.45,228.5,220,223.65,3203822
TNPETRO,20110923,14.65,15.4,14.65,15.05,15349
TNPL,20110923,101.5,103.5,99.65,101.55,16650
TODAYS,20110923,5,5.4,5,5.4,2504
TOKYOPLAST,20110923,14.1,14.1,14.1,14.1,100
TORNTPHARM,20110923,575.05,586,568,575.6,10747
TORNTPOWER,20110923,224,224,216.25,217.95,83414
TREEHOUSE,20110923,161.2,177.65,158.1,174.35,4222620
TRENT,20110923,1085,1124,1075.55,1087.8,63569
TRF,20110923,337.5,345,330,333.3,7982
TRICOM,20110923,12,12,11.8,11.8,1892
TRIDENT,20110923,12.5,12.7,11.65,12.5,88380
TRIGYN,20110923,12.5,13.3,12.5,12.95,2502
TRIL,20110923,213.05,222.15,213.05,219.15,4128
TRIVENI,20110923,22.5,22.9,21.65,22.4,392112
TTKHEALTH,20110923,500,500,475.05,484.9,66614
TTKPRESTIG,20110923,2700,2701,2600,2619.45,122302
TTL,20110923,23.55,24.75,23.55,24.35,4386
TTML,20110923,16.5,17.5,16.4,17.2,1896635
TUBEINVEST,20110923,142.1,142.85,139.55,141.5,36084
TULIP,20110923,154,156.85,152.3,154.35,124637
TULSI,20110923,12.2,12.2,11.65,12.05,51878
TULSYAN,20110923,42.05,42.05,37.7,37.95,812
TV18BRDCST,20110923,40.1,41.15,39.6,39.95,188365
TVSELECT,20110923,19.25,20.3,19.25,19.55,1029
TVSMOTOR,20110923,60.75,60.75,56.6,59.15,2157105
TVSSRICHAK,20110923,376,376.9,366.6,375.45,1011
TVTODAY,20110923,56.6,56.6,51.35,52.6,27581
TWILITAKA,20110923,38,40.8,36.95,39.5,47501
TWL,20110923,393.1,399,384.25,393.1,8419
UBENGG,20110923,50.05,52,48.55,50.7,47290
UBHOLDINGS,20110923,115.05,118,110,115.25,50655
UBL,20110923,380,396.95,370.1,390.2,37940
UCALFUEL,20110923,79.15,79.15,72.65,74.75,45360
UCOBANK,20110923,64,66.9,63.1,65.4,1443103
UFLEX,20110923,160.3,160.75,148.8,151.45,941186
UGARSUGAR,20110923,12.9,13.75,12.9,13.2,10565
ULTRACEMCO,20110923,1125.7,1169,1125.7,1162,119773
UMESLTD,20110923,16.5,18,16,17.4,2639
UNICHEMLAB,20110923,142,143,141.55,142.9,3988
UNIENTER,20110923,28.05,29.75,28.05,28.95,5280
UNIONBANK,20110923,233.95,252,227.45,242.8,2007525
UNIPHOS,20110923,142.2,146.95,141.1,145.85,705602
UNIPLY,20110923,11,11.95,11,11.9,2571
UNITECH,20110923,27.5,28,26.85,27.35,21466247
UNITEDBNK,20110923,75.5,77.7,72.65,76.9,63239
UNITY,20110923,48.8,48.8,45.35,46.9,83689
UNIVCABLES,20110923,52.5,52.5,50.5,50.55,46
UPERGANGES,20110923,44.05,47.3,43.1,47.1,4835
USHAMART,20110923,36,36,33.2,34.35,171219
USHERAGRO,20110923,124.25,124.9,122.35,123,161279
UTISUNDER,20110923,920,1011.6,865.15,981.48,1025
UTTAMSTL,20110923,72,76.4,72,75.1,17820
UTTAMSUGAR,20110923,29,30.1,28.4,29.05,5930
UTVSOF,20110923,961.95,969.8,954.25,966.75,11609
VADILALIND,20110923,124,128,122.65,124.5,3520
VAIBHAVGEM,20110923,35,37.35,35,36.45,4519
VAKRANSOFT,20110923,370,370,364.15,366.05,6719
VALECHAENG,20110923,75.2,77,74.1,76.35,28181
VALUEIND,20110923,17.85,17.85,16.8,17.3,21965
VARDHACRLC,20110923,9.1,9.4,9.1,9.2,24933
VARDMNPOLY,20110923,105.85,106,103.55,105.3,38178
VARUN,20110923,253.5,257.85,245.1,255.05,188526
VARUNSHIP,20110923,20.2,20.5,19.7,20.15,45226
VASCONEQ,20110923,45.55,45.55,44.15,45,11454
VENKEYS,20110923,403.95,406.8,391,399.2,63628
VENUSREM,20110923,205,209.7,197.9,204.05,6755
VESUVIUS,20110923,378,378,372,373.75,556
VGUARD,20110923,217,223.25,213,221.45,110115
VHL,20110923,380,397,380,397,1263
VICEROY,20110923,26.45,26.45,24.15,25,32024
VIDEOIND,20110923,172.05,175.6,171.25,174.05,655713
VIJAYABANK,20110923,56,56.45,54,55.1,3028202
VIJSHAN,20110923,16.15,17.8,15.5,17.5,4203
VIKASHMET,20110923,10.7,10.7,10.1,10.45,29517
VIMTALABS,20110923,23.5,24.9,22.55,24.25,10894
VINATIORGA,20110923,66.1,69,66.1,68.25,2714
VINYLINDIA,20110923,9.25,9.75,9.25,9.6,1941
VIPIND,20110923,975.6,996,953.95,981.15,831783
VIPUL,20110923,10,11,10,10.2,3898
VISAKAIND,20110923,93,93,89.55,90.8,8652
VISASTEEL,20110923,58.5,58.95,58.5,58.55,26503
VISESHINFO,20110923,3.6,3.75,3.35,3.55,10045
VISHALRET,20110923,25,25.3,23.15,23.85,49811
VISUINTL,20110923,2,2.2,2,2.15,7804
VIVIMEDLAB,20110923,246,247.95,241.05,246.1,10240
VLSFINANCE,20110923,11.45,11.45,10.7,11.25,9959
VOLTAMP,20110923,501.05,508.75,491,501.6,6236
VOLTAS,20110923,117.25,117.65,115.3,117.05,294609
VSTIND,20110923,1370,1420,1325,1387.55,29036
VSTTILLERS,20110923,490.05,530,490.05,517.05,2506
VTL,20110923,186.15,190.95,186.15,190.4,9121
VTXIND,20110923,13.1,13.1,13.1,13.1,100
WABAG,20110923,370.1,434.9,370.05,390.15,105262
WABCOINDIA,20110923,1300,1319,1300,1300.55,769
WALCHANNAG,20110923,96,96,93.15,94.25,21674
WANBURY,20110923,25.5,26.45,23.65,25.4,17062
WEBELSOLAR,20110923,39.05,40.25,38,39.7,3331
WEIZFOREX,20110923,79.9,81.1,77,81,3727
WEIZMANIND,20110923,9.05,10.4,9,9.65,5727
WELCORP,20110923,118.8,119.8,114.85,115.35,504929
WELGLOB,20110923,44.25,49,44.2,45.05,85
WELINV,20110923,47.5,48.85,44.15,47.15,387
WELPROJ,20110923,43,43.95,41.6,42.45,7028
WENDT,20110923,1620,1638.25,1605,1611.35,191
WHEELS,20110923,264,264,253.35,263.85,42
WHIRLPOOL,20110923,220,223.4,209.15,219.9,16347
WILLAMAGOR,20110923,51,51,49,49.5,2080
WINDMACHIN,20110923,23.7,24.35,23.45,23.5,9214
WINSOME,20110923,25.55,26.5,25.55,26.5,780
WIPRO,20110923,338,348.9,334.3,339.5,1964088
WOCKPHARMA,20110923,386.6,392.35,375.15,383.75,105176
WSI,20110923,16.1,19,16.1,17.65,1733
WSTCSTPAPR,20110923,70.15,72.6,70.15,71.25,3121
WWIL,20110923,6.65,6.95,6.65,6.8,969088
WYETH,20110923,965.3,987.8,965.3,975.6,1747
XLENERGY,20110923,7.45,7.6,7.25,7.45,13042
XPROINDIA,20110923,53.55,55,52.3,53.35,5734
YESBANK,20110923,271.8,271.8,259.5,267.45,3640676
ZANDUREALT,20110923,1932.05,2210.5,1868.55,2112.3,60695
ZEEL,20110923,111.55,116,111.55,113.5,867973
ZEELEARN,20110923,19.15,19.5,18.7,19,609738
ZEENEWS,20110923,12.7,12.75,12.25,12.3,192195
ZENITHBIR,20110923,4.9,4.95,4.7,4.8,173919
ZENITHCOMP,20110923,15.1,15.1,14.6,14.85,3300
ZENITHINFO,20110923,196.95,215,190,194,229
ZENSARTECH,20110923,124,124.1,119.4,121.5,4749
ZICOM,20110923,35.05,36.5,35.05,36.1,18472
ZODIACLOTH,20110923,360,367,351,366.15,3812
ZODJRDMKJ,20110923,23.05,24.7,23,23.15,120
ZUARIAGRO,20110923,574,583,565,573.15,8125
ZYDUSWELL,20110923,573,578.1,560,566.5,56919
ZYLOG,20110923,419,419,405.05,410.05,53997
NSENIFTY,20110923,4873.75,4930.25,4829.60,4867.75,205769423,7364.65
NIFTYJUNIOR,20110923,9960.00,10001.75,9804.20,9895.95,76130614,1341.32
BANKNIFTY,20110923,9418.70,9540.80,9284.65,9375.70,25547887,1908.56
NSEMIDCAP,20110923,7230.65,7251.25,7098.75,7185.30,136064641,1386.37
NSEIT,20110923,5340.85,5465.90,5333.35,5367.75,16813766,855.08
NSE100,20110923,4814.40,4863.90,4768.40,4804.20,281900037,8705.97
NSE500,20110923,3966.80,3996.45,3923.30,3952.10,553926116,10968.14
MIDCAP50,20110923,2146.90,2172.95,2115.50,2145.90,88863713,894.38
VIX,20110923,33.88,37.55,33.52,35.16,33.88,1.28
