20MICRONS,20110824,50.3,51.35,48.15,50.05,54703
3IINFOTECH,20110824,28.9,28.9,27.2,27.4,1218515
3MINDIA,20110824,4799.9,4819.5,4661.05,4734.1,2906
A2ZMES,20110824,187.95,194.9,181.75,184.25,187394
AANJANEYA,20110824,445,449,428.65,434.2,325973
AARTIDRUGS,20110824,113,115.9,113,113.45,739
AARTIIND,20110824,45,51.3,44,45,53796
AARVEEDEN,20110824,32,33.95,32,32.65,476
ABAN,20110824,382.05,389.5,373.3,375.8,623917
ABB,20110824,786.55,794.4,777,781.7,29675
ABBOTINDIA,20110824,1477.95,1499.2,1450,1469.95,2745
ABCIL,20110824,100.5,104,99.25,101.45,4119
ABGSHIP,20110824,337.9,342.5,337.9,340.6,144472
ABHISHEK,20110824,10.75,11.5,10.7,11,760
ABIRLANUVO,20110824,869.8,889.8,830.25,864.65,203953
ACC,20110824,998.6,1009,993.5,1002.45,320635
ACE,20110824,44.2,45.05,43.5,44.25,51611
ACKRUTI,20110824,185.5,192,185.5,188.2,10147
ACROPETAL,20110824,15.05,15.4,14.85,15.05,528946
ADANIENT,20110824,540.3,544.85,522.25,531.4,402094
ADANIPOWER,20110824,89.9,91.1,88.2,89.2,802494
ADFFOODS,20110824,55.3,56.5,53.1,53.15,9172
ADHUNIK,20110824,59,59.05,56.45,57.05,48959
ADORWELD,20110824,153.1,153.1,145,146.15,1897
ADSL,20110824,27,27.9,25.85,26.1,222538
ADVANIHOTR,20110824,38.9,38.9,35.6,35.6,915
ADVANTA,20110824,332.5,348.5,320,325.2,697208
AEGISCHEM,20110824,190,193,184,185.2,5550
AFL,20110824,40.25,41,39.45,40.2,1117
AFTEK,20110824,11.6,11.8,11.4,11.45,150940
AGCNET,20110824,129.05,133,123.5,125.75,9793
AGRE,20110824,42.5,43,41,41.2,1759
AGRODUTCH,20110824,8.2,8.5,8,8.1,20329
AHLEAST,20110824,292.1,309,292.1,306.75,181
AHLUCONT,20110824,124,126.8,123.5,125.2,4861
AHLWEST,20110824,150.2,153.3,150,151.45,187
AHMEDFORGE,20110824,107.15,109.9,107,108.05,16088
AIAENG,20110824,341.8,343.95,337,340,29467
AJANTPHARM,20110824,309,317.5,305.05,307.4,35281
AJMERA,20110824,119.5,122.7,115,117.95,76688
AKSHOPTFBR,20110824,6.6,6.65,6.35,6.5,19437
AKZOINDIA,20110824,944,968.75,943.1,953.65,20463
ALBK,20110824,183.95,186.85,175,176.3,568710
ALCHEM,20110824,228.4,235,228,231.05,106819
ALEMBICLTD,20110824,18.6,19.1,18.6,18.65,25809
ALFALAVAL,20110824,1573.9,1573.9,1476.5,1501.6,363
ALKALI,20110824,39.25,40.85,39.25,39.65,7077
ALKYLAMINE,20110824,82.5,83,80.25,81.5,3112
ALLCARGO,20110824,151.55,154.9,151,151.4,2865
ALLSEC,20110824,14.9,14.9,14.05,14.5,906
ALMONDZ,20110824,23,23.5,20.65,21.45,1745
ALOKTEXT,20110824,17.55,18.3,17.25,17.45,8324528
ALPA,20110824,8.5,9.1,8,8.1,560
ALPSINDUS,20110824,2.4,2.65,2.4,2.5,25130
AMAR,20110824,92.8,94.8,90,92.2,73669
AMARAJABAT,20110824,239.85,242,233,240.1,27643
AMARJOTHI,20110824,53,53,52.5,52.65,155
AMBIKCO,20110824,175,184.9,175,178.4,1344
AMBUJACEM,20110824,131.9,133.4,130.8,132.55,2322743
AMDIND,20110824,20.2,20.5,19.75,19.8,4896
AMLSTEEL,20110824,14.15,14.15,12.7,13.6,3
AMRUTANJAN,20110824,798.1,817,778.7,783.5,193237
AMTEKAUTO,20110824,139.95,140,136.05,137.85,477461
AMTEKINDIA,20110824,116,120.9,113.5,115.55,941471
ANANTRAJ,20110824,62.9,68.4,60.5,64.85,598791
ANDHRABANK,20110824,123.5,126.45,122.8,124.15,555502
ANDHRACEMT,20110824,10.25,10.25,9,9.15,20163
ANDHRSUGAR,20110824,103.1,105.6,103.1,104.25,12174
ANGIND,20110824,20,22,20,21.7,2309
ANIKINDS,20110824,34.5,36.95,34.45,34.5,136
ANKURDRUGS,20110824,24.1,28.45,23.55,27.8,178747
ANSALAPI,20110824,28.55,29.05,27.8,28.3,793982
ANSALHSG,20110824,37.15,37.15,36,36.4,4614
APARINDS,20110824,160,160,156.1,157.2,5425
APCOTEXIND,20110824,180,180,163.95,164.65,1113
APIL,20110824,535,542.05,527.45,532.55,36634
APOLLOHOSP,20110824,550.45,554,541.6,548.2,31897
APOLLOTYRE,20110824,57.85,58.9,56.15,56.75,3420634
APPAPER,20110824,363,369,361.65,362.55,58965
APTECHT,20110824,126,131.9,124.6,126.05,661830
AQUA,20110824,16,16,14,14.15,701075
ARCHIDPLY,20110824,10.9,11.7,10.5,10.5,1470
ARCHIES,20110824,38,38.4,37.75,37.85,12883
AREVAT&D,20110824,218.15,224.9,214,216.65,53329
ARIES,20110824,88,98.95,75.6,90,239142
ARL,20110824,2,2.05,2,2,38486
ARROWTEX,20110824,9.05,11.25,9.05,9.6,9213
ARSHIYA,20110824,138,140.5,133.2,134.1,3653
ARSSINFRA,20110824,289.4,322.85,284.05,297.9,1213728
ARVIND,20110824,74.2,76.2,73,74.5,1757516
ASAHIINDIA,20110824,66,69.3,65.4,68.5,31012
ASAL,20110824,52.8,52.8,50.35,50.75,1564
ASHAPURMIN,20110824,17.85,17.85,17.05,17.15,16923
ASHCONIUL,20110824,2,2.3,2,2.3,72
ASHIANA,20110824,140,140,135,139.85,535
ASHOKA,20110824,260.05,263.9,260,260.15,532
ASHOKLEY,20110824,25.4,25.4,24.35,24.55,3176981
ASIANELEC,20110824,8,9.1,8,8.35,79250
ASIANHOTNR,20110824,172,181.5,172,175.65,375
ASIANPAINT,20110824,3275,3292,3211,3228.4,51509
ASIANTILES,20110824,38.1,39.85,37.55,39.75,14922
ASSAMCO,20110824,11.8,12,11.3,11.45,111679
ASTEC,20110824,32.35,33.2,31.05,32.65,9385
ASTERSILI,20110824,16.05,16.45,15.8,16.1,7775
ASTRAL,20110824,185,185.5,183.5,184.95,5991
ASTRAMICRO,20110824,24.65,24.8,23.8,24,40689
ASTRAZEN,20110824,1341.05,1359,1332,1332,35
ATFL,20110824,396.5,402.95,395,400.25,8669
ATLANTA,20110824,69.75,71.2,69.1,69.75,59585
ATNINTER,20110824,0.9,1,0.9,0.95,8703
ATUL,20110824,195,201.7,195,197.4,18746
AURIONPRO,20110824,122.25,131.05,122.25,129.6,270
AUROPHARMA,20110824,131.5,134.8,129.8,130.4,816964
AUSTRAL,20110824,1.9,1.9,1.8,1.9,426483
AUTOAXLES,20110824,409.8,409.8,398.25,404.5,580
AUTOIND,20110824,118.5,124.7,116.85,119.35,95771
AUTOLITIND,20110824,19.35,20.45,19.2,20.35,948
AVANTI,20110824,51,51.75,50,50.55,2800
AVENTIS,20110824,2119.8,2198.85,2080.1,2153.5,10417
AVTNPL,20110824,313.9,313.95,290.2,304.7,16482
AXISBANK,20110824,1078.55,1114.4,1036,1049.7,2479119
AXISGOLD,20110824,2752.8,2752.8,2690.1,2714.8,1135
BAGFILMS,20110824,5.6,5.7,5.4,5.6,98143
BAJAJ-AUTO,20110824,1559,1565.9,1491.75,1516.05,546455
BAJAJCORP,20110824,115,117.95,110.25,112.75,16529
BAJAJELEC,20110824,178.8,181,164,170.3,692518
BAJAJFINSV,20110824,509.7,519.8,495.5,501.2,25743
BAJAJHIND,20110824,54.6,55.6,52.75,53.05,810755
BAJAJHLDNG,20110824,749.9,753.9,732.1,737.35,63084
BAJFINANCE,20110824,669,672,633,639.5,11354
BALAJITELE,20110824,29,29.5,28.25,28.65,45212
BALAMINES,20110824,36,36,34.4,34.45,3018
BALKRISIND,20110824,168,171,165,165.45,1955
BALLARPUR,20110824,27.55,28.7,27.45,28.25,5294505
BALMLAWRIE,20110824,638,638.5,615,615.25,86377
BALPHARMA,20110824,22.95,23.2,22,22.4,5609
BALRAMCHIN,20110824,54.45,55.55,53.2,54.2,703335
BANARISUG,20110824,557,569.95,550,560,1208
BANCOINDIA,20110824,81,81,78.05,78.55,7827
BANKBARODA,20110824,740,747.9,719,725.8,407518
BANKBEES,20110824,962.5,975,950,950.5,2330
BANKINDIA,20110824,317.1,325.6,305,307.5,733099
BANSWRAS,20110824,99,100,97,98.5,4535
BARTRONICS,20110824,48.5,51.15,48.5,49.35,74529
BASF,20110824,598.8,598.8,582.7,585.4,2047
BASML,20110824,75,75,65.35,67.5,334
BATAINDIA,20110824,701,734.5,701,723.15,1105380
BATLIBOI,20110824,17.05,18,17.05,17.7,647
BAYERCROP,20110824,754,784.4,750.4,775.85,35434
BBL,20110824,694,731.75,694,719.95,1195
BBTC,20110824,413,424.4,405.5,409.5,310
BECREL,20110824,10.45,10.45,10.45,10.45,500
BEDMUTHA,20110824,120.8,123.9,118,120.1,67725
BEL,20110824,1667.65,1667.65,1584.5,1587.5,7985
BELLCERATL,20110824,13,13.9,13,13,984
BEML,20110824,450.75,451.6,442.1,448.25,161605
BEPL,20110824,30.1,32.5,30.1,32,2651
BERGEPAINT,20110824,100.5,101.5,99.5,99.9,50012
BFINVEST,20110824,45.05,49,45.05,46.3,5956
BFUTILITIE,20110824,469.65,479,452.5,457.9,407572
BGLOBAL,20110824,13.25,13.5,12.7,13.15,48183
BGRENERGY,20110824,323.5,337.65,322.7,329.4,565140
BHAGWATIHO,20110824,78.5,79,76.2,77.05,698
BHAGYNAGAR,20110824,14.6,15,14.6,14.8,1728
BHARATFORG,20110824,278.2,284.95,273.2,275,132969
BHARATGEAR,20110824,48.5,48.5,46,46.7,3301
BHARATRAS,20110824,103.9,104,99.95,103,6454
BHARTIARTL,20110824,400,404.15,395.3,397.7,4746991
BHARTISHIP,20110824,93,94.45,90.3,90.7,90417
BHEL,20110824,1748,1760,1737,1751.05,483773
BHUSANSTL,20110824,326.05,334.6,322,324.25,170948
BIL,20110824,40.2,41.3,39.8,39.9,2598
BILPOWER,20110824,82,82,80,80,1809
BIMETAL,20110824,286.3,288.85,285.9,286.75,208
BINANIIND,20110824,141.95,142.85,136.5,137.75,13006
BINDALAGRO,20110824,68.6,72.6,68.2,70.1,150782
BIOCON,20110824,329,331.45,323,324.55,128635
BIRLACORPN,20110824,329.3,331,318.5,324.9,904
BIRLACOT,20110824,0.3,0.4,0.3,0.35,2014676
BIRLAERIC,20110824,12,13.3,12,12.5,2401
BIRLAMONEY,20110824,17.55,20.45,17.55,19.05,35541
BIRLAPOWER,20110824,0.7,0.7,0.65,0.7,1969140
BLBLIMITED,20110824,3.45,3.6,3.4,3.45,1341
BLISSGVS,20110824,22,22,21.1,21.4,8043
BLKASHYAP,20110824,12.6,12.6,11.55,11.65,96155
BLUECHIP,20110824,1,1.05,1,1,16925
BLUEDART,20110824,1611,1733.1,1610.4,1622.5,7676
BLUESTARCO,20110824,252.2,260,250,250.6,22796
BLUESTINFO,20110824,73.65,76,73.2,74,683
BOC,20110824,278.75,281,275.2,276.3,5390
BODALCHEM,20110824,26,27,25.1,26.65,176826
BOMDYEING,20110824,310.25,319,306,309.7,125209
BOSCHLTD,20110824,7224,7224,7124.7,7163.25,1560
BPCL,20110824,681.1,693.8,681.1,685.7,236937
BPL,20110824,21.4,21.4,21,21.05,16573
BRANDHOUSE,20110824,15.6,16.25,15.35,15.65,52748
BRFL,20110824,272.15,277.95,272.15,275.85,53033
BRIGADE,20110824,64,65.35,63.5,63.9,9342
BRITANNIA,20110824,474.9,479,461.05,475.15,29843
BROADCAST,20110824,7.65,8.05,7.65,8,2085
BSELINFRA,20110824,3.55,3.95,3.35,3.85,187234
BSL,20110824,21,23.65,21,22.25,110
BSLGOLDETF,20110824,2800,2800,2464,2761.3,2354
BSLNIFTY,20110824,54,54,49,49.28,1483
BSTRANSCOM,20110824,95.7,100.9,95,97.55,37065
BURNPUR,20110824,6,6.25,5.9,5.95,18274
BVCL,20110824,13,13.8,12.85,12.9,3786
CADILAHC,20110824,840.15,858.5,822,826.15,41685
CAIRN,20110824,266.85,269.35,261.2,262.45,1388108
CAMLIN,20110824,70.5,70.95,69.35,70,48395
CANBK,20110824,427.75,435.9,419.9,423.8,576151
CANDC,20110824,126.1,129,120,121.35,6959
CANFINHOME,20110824,93,95,93,94.25,4973
CANTABIL,20110824,26,27.75,26,27.3,8012
CARBORUNIV,20110824,281.2,290,281.2,288.85,8730
CAROLINFO,20110824,218.5,232.05,218.5,225.8,2952
CASTROL,20110824,508,534,508,518.65,54077
CCCL,20110824,20.85,20.95,20.05,20.25,26853
CCL,20110824,158.5,165,158.5,161.85,49849
CEATLTD,20110824,88,89.8,87,87.55,36914
CEBBCO,20110824,37.8,38,35.3,35.9,37338
CELEBRITY,20110824,8,8,6.5,6.6,12227
CELESTIAL,20110824,25.9,26.9,24.7,25.25,15521
CENTENKA,20110824,155.05,158.9,150.5,153.35,6425
CENTEXT,20110824,2.8,2.8,2.65,2.65,8638
CENTRALBK,20110824,102.6,104.45,99.4,100.35,513832
CENTUM,20110824,74.1,78,74,78,462
CENTURYPLY,20110824,62,64.5,62,63.3,2427
CENTURYTEX,20110824,293.85,296.7,283.1,285.4,261433
CERA,20110824,201,204.75,198,198.35,5845
CESC,20110824,311.95,314.9,306.15,309,124158
CHAMBLFERT,20110824,106,107.4,101.6,102.45,2924612
CHEMFALKAL,20110824,40.3,43.3,40.3,40.65,2975
CHEMPLAST,20110824,5.9,6.15,5.9,6,41493
CHENNPETRO,20110824,216,218.25,215,216.35,141659
CHESLINTEX,20110824,12.75,12.75,12.75,12.75,201
CHETTINAD,20110824,458,458,425,425,244
CHOLAFIN,20110824,145.1,149.15,145.1,148.5,74211
CILNOVA,20110824,15.1,16,15.1,16,951
CINEMAX,20110824,30.05,31.8,30.05,30.55,7686
CINEVISTA,20110824,3.4,3.4,3.25,3.25,56167
CIPLA,20110824,283,287.6,280.05,281,1502948
CLASSIC,20110824,10.15,10.4,10.05,10.35,8924
CLNINDIA,20110824,697.1,711.85,697.05,710.5,4433
CMAHENDRA,20110824,150.5,154,148,149.4,4098
CMC,20110824,1018,1044.7,978.1,992.45,2106
COALINDIA,20110824,387.35,388.35,370.5,373.9,5263656
COLPAL,20110824,951.2,955,925.1,932.3,42242
COMPUAGE,20110824,116,116,105.05,106.8,83
CONCOR,20110824,940,944,932,936.85,44972
CONSOFINVT,20110824,63.95,63.95,60,60.95,1410
CORAL-HUB,20110824,5,5.4,4.95,5,12364
CORDSCABLE,20110824,31.25,32.45,31,32,1507
COREPROTEC,20110824,297.65,302.8,297.3,301.1,566054
COROENGG,20110824,273.5,273.5,273.5,273.5,1
COROMANDEL,20110824,322.05,322.05,311.3,313.85,142236
CORPBANK,20110824,426.5,432,421.5,423.35,50724
COSMOFILMS,20110824,88.45,89.5,87.1,87.35,11500
COX&KINGS,20110824,199.85,205,197,198.4,430645
CPIL,20110824,281,284,271.15,273.55,2508
CREATIVEYE,20110824,5.2,5.2,5,5.15,2032
CRESTANI,20110824,36,37,35,35.45,49898
CREWBOS,20110824,33.3,33.3,33.3,33.3,55967
CRISIL,20110824,7915,8049,7852,7904.95,622
CROMPGREAV,20110824,144.4,147.5,142.1,144.6,1528545
CRONIMET,20110824,105,113.5,100,101,11373
CTE,20110824,6.55,6.75,6.55,6.55,1602
CUB,20110824,44.95,44.95,43.5,44.45,174030
CUBEXTUB,20110824,11,11,10.8,10.8,300
CUMMINSIND,20110824,602.85,608.4,596,599.85,197046
CURATECH,20110824,135.05,166.4,133.05,143,2731
CYBERMEDIA,20110824,15.8,15.8,14.2,14.2,2000
CYBERTECH,20110824,12.3,12.3,11.75,11.9,1110
DAAWAT,20110824,44,45.5,43.2,43.65,29906
DABUR,20110824,105.5,107.65,104.25,106.5,601696
DALMIABEL,20110824,131.85,136.7,125,134.85,1962
DALMIASUG,20110824,16.6,17.35,16.5,16.6,7092
DATAMATICS,20110824,28.45,28.7,27.55,27.85,1627
DBCORP,20110824,240,246,238.1,243.35,3461
DBREALTY,20110824,65.55,70,61.6,63.4,482900
DCB,20110824,46.5,47.9,45,45.6,1811251
DCHL,20110824,63.25,63.25,54.7,56,3491138
DCM,20110824,48,48.5,46.7,47.75,25852
DCMSRMCONS,20110824,46.25,48.7,46.25,47.15,59183
DCW,20110824,8.55,9.7,8.55,8.8,188875
DECCANCE,20110824,136,146,136,141.4,86
DEEPAKFERT,20110824,164,166.95,162,164.6,17865
DEEPIND,20110824,75,75.5,72.15,72.75,19624
DELTACORP,20110824,92.25,94.45,89.35,90.1,3393579
DEN,20110824,44.1,45.5,41,41.35,264911
DENABANK,20110824,83.25,84.95,81.15,81.75,1742226
DENORA,20110824,82.95,86.5,82.05,84.45,2257
DENSO,20110824,57.75,57.75,55.3,57.4,191
DEWANHOUS,20110824,211.5,221.85,210.5,216.85,287515
DHAMPURSUG,20110824,48.9,50.8,47.55,47.95,53985
DHANBANK,20110824,72,75.35,71.5,73.2,770440
DHANUKA,20110824,96,101.95,96,100.4,43324
DHARSUGAR,20110824,29,30,29,29.95,5447
DHUNINV,20110824,77.5,78,77.5,78,45
DIAPOWER,20110824,125,125,117,117.95,14545
DICIND,20110824,227,229,223.6,226.4,420
DIGJAM,20110824,9.65,9.85,9.4,9.65,42210
DISHMAN,20110824,67.75,72.9,67,68.35,33797
DISHTV,20110824,81,82.4,76.7,77.55,5596499
DIVISLAB,20110824,718.05,724.65,706,715.3,103021
DLF,20110824,182.9,185.8,180.25,181.9,3188218
DLINKINDIA,20110824,20.95,21,20.15,20.35,3437
DOLPHINOFF,20110824,120.35,130.9,120.35,129.3,30937
DONEAR,20110824,21.75,23.1,21.45,21.75,1584
DPSCLTD,20110824,2025,2030,1920,1941.65,162
DPTL,20110824,143.25,143.25,136.25,137.4,1670
DQE,20110824,35.5,36,34.3,34.7,4783
DREDGECORP,20110824,236,242.8,232,234.25,9491
DRREDDY,20110824,1448,1455,1431.7,1447.6,118323
DSKULKARNI,20110824,55.8,56.3,55.4,55.9,9577
DUNCANSIND,20110824,8.4,8.8,8,8.8,51994
DWARKESH,20110824,43.2,45.4,43.2,43.6,22376
DYNAMATECH,20110824,1132,1132,1011,1067.55,6641
DYNASYS,20110824,0.65,0.7,0.65,0.65,11485
EASTSILK,20110824,6.1,6.4,6.1,6.15,3086
EASUNREYRL,20110824,57.95,59,55.6,56.35,2071
ECEIND,20110824,100.05,101.85,98.3,101.2,419
ECLERX,20110824,716.6,729.9,710.05,719.55,18376
EDELWEISS,20110824,28.6,29.6,28.3,29.4,145974
EDL,20110824,98.5,98.95,94.4,96.15,9153
EDSERV,20110824,113.55,120,111.3,112.25,308689
EDUCOMP,20110824,221,225,212.45,214.75,2137499
EICHERMOT,20110824,1360,1360,1320,1322.55,1982
EIDPARRY,20110824,249,251.6,242.8,247.55,27196
EIHAHOTELS,20110824,144,147.9,138.6,139.9,5407
EIHOTEL,20110824,85,86.8,84,86.45,100923
EIMCOELECO,20110824,172,180.25,172,173.3,324
EKC,20110824,75.6,76.4,73.1,73.95,281440
ELDERPHARM,20110824,368,383.9,368,381,39280
ELECON,20110824,69.4,72.2,68.5,71,43809
ELECTCAST,20110824,29.45,30,29.25,29.5,338637
ELECTHERM,20110824,117.85,120,109.1,110.8,5902
ELFORGE,20110824,10,10.1,10,10,305
ELGIEQUIP,20110824,69,72.8,69,70.3,29052
ELNET,20110824,31.9,36.9,31.9,35.05,2974
EMAMILTD,20110824,458.25,467.75,451.25,465.75,6210
EMCO,20110824,43,44.4,42.55,43.3,11979
EMKAY,20110824,45.4,52.9,45.4,47.1,616
EMMBI,20110824,11.25,11.95,11.25,11.35,11808
EMPEESUG,20110824,19.45,19.9,19.45,19.9,1631
ENERGYDEV,20110824,27.05,29.5,27.05,28.9,31107
ENGINERSIN,20110824,262.25,265.45,252.25,254.3,102855
ENIL,20110824,246.1,255,245.05,245.95,16180
ENTEGRA,20110824,21.2,21.5,19.5,19.75,38834
EONELECT,20110824,62.6,63.7,62,62.45,10170
ERAINFRA,20110824,157.7,157.9,156.75,157.55,248251
EROSMEDIA,20110824,194.7,199.4,187.2,189.45,83833
ESABINDIA,20110824,490.25,510,490.25,499.45,4419
ESCORTS,20110824,70.5,73.25,69.9,70.65,1377207
ESL,20110824,7.45,7.55,7.3,7.5,170542
ESSAROIL,20110824,88.4,91.4,86.5,87.1,940580
ESSARPORTS,20110824,75.3,75.3,71.6,72.8,16013
ESSDEE,20110824,240,245,232,233.7,7393
ESSELPACK,20110824,36.05,37.5,36.05,36.55,19181
ESTER,20110824,28,29.4,28,29.4,1411
EUROCERA,20110824,17.6,19.5,17.05,17.4,994
EUROMULTI,20110824,7.4,8,7.25,7.35,1782
EUROTEXIND,20110824,25.35,25.35,23,23.1,120
EVEREADY,20110824,40.25,40.95,39.55,39.75,13743
EVERESTIND,20110824,139.4,154.25,136,138,10787
EVERONN,20110824,434,439,426,428.85,68589
EVINIX,20110824,0.65,0.7,0.6,0.65,220941
EXCELCROP,20110824,137.05,143,137.05,139.65,10893
EXCELINDUS,20110824,60,63,55.15,60.6,9217
EXCELINFO,20110824,12.75,13.4,12.75,12.85,40773
EXIDEIND,20110824,154.25,157.9,150.35,151.45,523468
FACT,20110824,39.7,40.65,38.15,38.6,79561
FAGBEARING,20110824,1175,1215,1165,1206.2,6842
FARMAXIND,20110824,2.05,2.2,2.05,2.15,49134
FCH,20110824,159.8,162.25,153.6,155.1,86387
FCSSOFT,20110824,0.6,0.65,0.6,0.65,587204
FDC,20110824,87.35,87.75,86.9,87.35,22733
FEDDERLOYD,20110824,66.9,66.9,65.4,65.45,2525
FEDERALBNK,20110824,349.75,358.5,345,354.9,628439
FIEMIND,20110824,151,159,151,157.4,27116
FINANTECH,20110824,749,770,742.5,748.3,59703
FINCABLES,20110824,39.4,41.6,39.4,41,48169
FINPIPE,20110824,68.9,70.5,68.15,69.6,36500
FIRSTLEASE,20110824,76.25,78.6,72.75,73.6,48377
FIRSTWIN,20110824,14.3,15,14.3,14.75,1900
FKONCO,20110824,114.1,114.1,110,110.95,5264
FMGOETZE,20110824,235,238.9,223.15,226.35,6879
FORTIS,20110824,151.3,152.45,145,146,244504
FOSECOIND,20110824,516.75,516.9,516.75,516.9,40
FOURSOFT,20110824,9.2,10,9.2,9.65,13211
FSL,20110824,12.5,12.7,12.2,12.4,2387004
FTCSF5YDIV,20110824,10.75,10.75,10.75,10.75,200
FUTUREVENT,20110824,8.8,9,8.8,8.9,165151
GABRIEL,20110824,40.7,40.75,39.4,40,12998
GAEL,20110824,23,23.7,22.9,23.3,12184
GAIL,20110824,414,418,409.5,411.65,758411
GAL,20110824,8.8,9,8.4,8.75,28269
GALLANTT,20110824,16.1,17,16.1,16.5,1324
GALLISPAT,20110824,89.1,90.05,89.1,89.75,113213
GAMMNINFRA,20110824,14,14.45,13.8,14.1,29959
GAMMONIND,20110824,75.25,78,75.25,77.2,13643
GANESHHOUC,20110824,129.9,129.9,121.15,122.6,998
GANGOTRI,20110824,5,5.35,4.75,4.95,8591
GARDENSILK,20110824,72.35,77.95,72,72.2,6344
GARWALLROP,20110824,55.45,56.5,54.65,55.4,774
GATI,20110824,58.2,60.3,56.65,57,189475
GAYAPROJ,20110824,156,169.95,156,163.4,31811
GDL,20110824,132,133,130,130.65,24425
GEECEE,20110824,33.5,33.5,33.5,33.5,50
GEINDSYS,20110824,142.1,146,139,140.7,5702
GEMINI,20110824,19.6,20.5,19.6,19.9,7623
GENESYS,20110824,241,241,208,209.35,1423
GENUSPOWER,20110824,14.2,14.5,13.95,14.05,27477
GEODESIC,20110824,53.55,55.9,53.55,55.05,244391
GEOJITBNPP,20110824,18.5,18.7,18.1,18.5,159044
GEOMETRIC,20110824,39.05,39.5,37.7,38.1,18109
GESHIP,20110824,234.05,238,233,235.05,226663
GHCL,20110824,38.3,38.3,36.7,36.85,277072
GICHSGFIN,20110824,87.65,89.75,87,88.2,48664
GILLANDERS,20110824,85,87.9,85,85.85,2772
GILLETTE,20110824,2026,2131,2026,2065.6,2374
GINNIFILA,20110824,7.35,7.85,7.35,7.4,4851
GIPCL,20110824,77.8,79.45,77.05,79,5788
GISOLUTION,20110824,10.6,12.9,10.6,11.7,2343
GITANJALI,20110824,311.9,317.5,308.1,310.4,632537
GKB,20110824,38.75,39.9,38.2,39.9,1060
GKWLIMITED,20110824,458,510,458,484.5,12
GLAXO,20110824,2135.5,2193.95,2130,2149.65,10076
GLENMARK,20110824,326.2,326.5,314.45,318.85,779814
GLFL,20110824,3.5,3.8,3.5,3.8,1738
GLOBALVECT,20110824,20.5,21.25,20.5,21.25,106
GLOBOFFS,20110824,92.2,92.2,87.6,89.25,1442
GLOBUSSPR,20110824,123,125,121.55,123.2,12314
GLODYNE,20110824,282.1,289.9,277.35,278.65,54614
GMBREW,20110824,99,100.5,96.05,99.15,2363
GMDCLTD,20110824,180.5,181.4,175.2,179.05,991341
GMRINFRA,20110824,28.35,29.5,28.05,28.55,6437958
GNFC,20110824,96.85,97.45,95.05,96.45,115726
GOACARBON,20110824,82,83.9,80.05,81.5,9406
GODFRYPHLP,20110824,3231,3255,3200,3229.3,6227
GODREJCP,20110824,428,434.95,414.1,415.95,65431
GODREJIND,20110824,197.85,200.3,192.75,194.7,434219
GODREJPROP,20110824,695,697.8,685,690.55,12849
GOENKA,20110824,44.5,46.5,44.15,44.5,22723
GOKEX,20110824,76.5,80.8,76.5,77.6,413
GOKUL,20110824,88.6,89.8,86.5,87.2,100652
GOLDBEES,20110824,2664.9,2668,2632,2661.2,273219
GOLDENTOBC,20110824,61.65,63.4,61.5,62.05,7547
GOLDIAM,20110824,36.35,36.5,31.65,34.7,26240
GOLDINFRA,20110824,14.15,14.65,14.15,14.65,1902
GOLDSHARE,20110824,2659.8,2661,2632,2657.8,17209
GOLDTECH,20110824,5.85,6.9,5.8,6.4,45544
GPIL,20110824,147,153.2,146,146.6,11521
GPPL,20110824,68.5,69,67.15,68.2,56995
GRABALALK,20110824,18,18.85,17,17.6,745
GRANULES,20110824,70.5,70.8,68,68.85,982
GRAPHITE,20110824,77.95,78,73.8,76.85,40991
GRASIM,20110824,2120.55,2153,2096.15,2132.85,79852
GRAVITA,20110824,345.2,365.95,329.3,334.2,177329
GREAVESCOT,20110824,87.9,88.4,86.5,87.95,129794
GREENPLY,20110824,200,200,192,194.75,2684
GREENPOWER,20110824,13.7,14.45,12.9,13.15,1024597
GRINDWELL,20110824,249,249,237,239.7,1839
GRUH,20110824,465.1,488,465.1,479.75,17958
GSFC,20110824,385,392,380.55,381.9,29358
GSKCONS,20110824,2350,2350,2300.15,2315.5,5757
GSLNOVA,20110824,2.6,2.85,2.5,2.8,7300
GSPL,20110824,96.75,98.2,96.15,96.9,2401268
GSS,20110824,134.9,139,126,131.95,12779
GTL,20110824,52.35,54.4,52,52.35,2070640
GTLINFRA,20110824,12.5,12.75,12,12.15,2633707
GTNIND,20110824,12.85,14,12.85,14,93
GTNTEX,20110824,10.6,11,10.5,11,935
GTOFFSHORE,20110824,146,148.85,140.2,141.45,59887
GUJALKALI,20110824,143.15,147,139.1,143.15,43058
GUJAPOLLO,20110824,125,125,119.55,123.05,2703
GUJFLUORO,20110824,480,493,478.3,481.8,118606
GUJNRECOKE,20110824,29,29.8,28.75,28.9,1116525
GUJNREDVR,20110824,18.55,19.4,18.55,18.6,16626
GUJRATGAS,20110824,447,454.9,438.1,442.35,42590
GUJSIDHCEM,20110824,8.1,8.9,8.1,8.15,47450
GULFOILCOR,20110824,76.5,79.5,76.5,77.65,43198
GVKPIL,20110824,17.9,18,17.3,17.4,7023794
HALONIX,20110824,65,69,65,69,178
HANUNG,20110824,109.8,113.2,108.05,108.85,182463
HARITASEAT,20110824,74.65,80.9,74.65,78.1,2945
HARRMALAYA,20110824,67.4,67.7,65.2,66.7,9832
HATHWAY,20110824,89,89,84,84.75,12777
HAVELLS,20110824,321.5,343,321.5,335,241739
HBLPOWER,20110824,13.95,14.9,13.95,14.55,49967
HBSTOCK,20110824,11.65,12.7,11.6,12.4,900
HCC,20110824,27.5,28.85,27.35,28.45,3335928
HCIL,20110824,51.7,52.5,51.05,52.05,31565
HCL-INSYS,20110824,68.5,70.3,65.7,66.8,117585
HCLTECH,20110824,394,397.55,384.1,387.2,705918
HDFC,20110824,640.2,657.5,640.2,646.3,3192592
HDFCBANK,20110824,458,462.4,452.5,456,3185614
HDFCMFGETF,20110824,2749.5,2749.5,2679,2706.25,21242
HDIL,20110824,108.95,109.15,100.8,101.45,9845261
HEG,20110824,222.75,225.9,222.05,223.15,226504
HEIDELBERG,20110824,33.5,33.9,33.05,33.2,26041
HELIOSMATH,20110824,27,27,24.5,24.55,5791
HERCULES,20110824,246.75,252,237.05,238.2,68859
HERITGFOOD,20110824,182.15,190,182.15,190,204
HEROMOTOCO,20110824,1977.5,1994.95,1951.3,1964.95,311784
HEXAWARE,20110824,74,75.4,71.9,72.6,1150643
HFCL,20110824,12.15,12.5,11.95,12.1,823242
HGSL,20110824,332,339.9,330.05,335.6,1929
HIKAL,20110824,280,287,272.15,280.45,1641
HILTON,20110824,14.1,14.35,14,14.15,1612
HIMATSEIDE,20110824,32.05,34,32.05,32.75,80992
HINDALCO,20110824,145.4,149.7,145,146.65,8489072
HINDCOMPOS,20110824,473.05,473.05,473,473,100
HINDCOPPER,20110824,231.9,238.75,225.45,227.75,101054
HINDDORROL,20110824,35.3,37.7,35.1,36.5,60957
HINDMOTORS,20110824,13.95,14.4,13.7,13.9,85707
HINDNATGLS,20110824,191,212,186,200.8,76208
HINDOILEXP,20110824,121,129.1,120.95,122.95,1011982
HINDPETRO,20110824,383.95,392.55,382.1,387.55,564544
HINDUJAVEN,20110824,308.85,308.85,298.5,302.25,44525
HINDUNILVR,20110824,318.3,321.6,315.6,319.7,2993047
HINDZINC,20110824,125,128,122.2,122.95,1116177
HIRECT,20110824,41.85,43.65,41.8,41.9,897
HITACHIHOM,20110824,151.5,151.5,146,148,126741
HITECHGEAR,20110824,120.25,127,120.25,125,2773
HITECHPLAS,20110824,84,86.85,79.5,79.6,791
HMT,20110824,44,45,43.3,43.75,39195
HMVL,20110824,135.25,141.5,135.25,140.6,1048
HNGSNGBEES,20110824,1215,1256,1215,1248,16
HOCL,20110824,24.2,24.75,23.45,23.6,40880
HONAUT,20110824,2551,2620,2500,2559.95,384
HONDAPOWER,20110824,360,369.6,360,363,206
HOTELEELA,20110824,38.5,40.25,38.25,39.2,489779
HOTELRUGBY,20110824,6.1,6.35,5.9,6.2,40211
HOVS,20110824,54,55.1,51,52.15,29402
HSIL,20110824,204.15,206,200.6,201.5,59692
HTMEDIA,20110824,148.8,148.8,145,145.25,4493
HYDRBADIND,20110824,309,315,306,309.5,7082
HYDROS&S,20110824,20.5,20.5,17.6,18.85,300
IBPOW,20110824,14.5,14.7,14.25,14.5,173384
IBREALEST,20110824,81.9,82,77.7,79.45,3589066
IBSEC,20110824,9.1,9.45,8.9,9,420578
ICICIBANK,20110824,845,858.95,833.9,842.2,3045387
ICIL,20110824,9.35,9.35,9.35,9.35,150
ICRA,20110824,1005,1005,967,975,1560
ICSA,20110824,68.9,70.1,67.8,68.85,31308
IDBI,20110824,110.05,111.7,107.2,108.05,1461760
IDEA,20110824,94,95.9,92.75,93.65,16061564
IDFC,20110824,112.25,115.5,107.6,108.8,8548581
IFBAGRO,20110824,147,153,140.95,142.65,75151
IFBIND,20110824,123,124.5,115.1,117.2,47816
IFCI,20110824,39.4,40.15,38.6,38.85,7427871
IFGLREFRAC,20110824,32,33.35,31.4,32.1,3103
IGARASHI,20110824,44.3,46.45,44.3,45.35,1024
IGL,20110824,421.05,433.1,418,429.95,323962
IGPL,20110824,22.9,22.9,21.55,21.65,808
IL&FSENGG,20110824,88.35,96.85,88.35,91.4,18346
IL&FSTRANS,20110824,186,187,180,180.8,16918
IMPAL,20110824,621,625,621,625,251
IMPEXFERRO,20110824,7.25,8.2,7.25,8.15,4736
INDBANK,20110824,8.5,9.2,8.5,8.65,17191
INDHOTEL,20110824,72,74.2,72,73.1,1196674
INDIABULLS,20110824,147.5,153,146.05,149.65,501471
INDIACEM,20110824,70,70.45,68,68.45,289567
INDIAGLYCO,20110824,127,135.5,127,130.1,67397
INDIAINFO,20110824,72,75.45,71.9,74.65,987773
INDIANB,20110824,201.1,204.45,197.05,198.7,116380
INDIANHUME,20110824,120,122.55,120,121.25,1548
INDLMETER,20110824,82,92.9,82,91.75,152
INDNIPPON,20110824,249,250.5,248.5,249,722
INDOCO,20110824,400.5,418.9,393,415.2,1421
INDORAMA,20110824,35,35.1,33.3,33.8,25170
INDOSOLAR,20110824,8.8,9.4,8.75,9.15,201827
INDOTECH,20110824,118,122,116,118.75,5891
INDRAMEDCO,20110824,35.55,36.25,35.5,35.5,35193
INDSWFTLAB,20110824,78.05,82.35,78.05,79.45,38856
INDSWFTLTD,20110824,25.05,26,24.75,25.4,29304
INDUSFILA,20110824,17.5,17.5,17.5,17.5,69
INDUSINDBK,20110824,242.2,243.5,236.1,239.7,463911
INEABS,20110824,545,545,525,527.5,213
INFINITE,20110824,72,72.05,67.25,68.1,106103
INFODRIVE,20110824,11.1,11.85,11.05,11.35,24053
INFOMEDIA,20110824,12.1,13,12.1,12.55,17556
INFOTECENT,20110824,117,119,115,118.5,15368
INFRABEES,20110824,278,278.7,274.25,274.93,410
INFY,20110824,2280,2284.95,2230,2250.9,1075768
INGERRAND,20110824,461,463,445.05,460.1,13327
INGVYSYABK,20110824,318,320.85,312.05,312.55,12091
INNOIND,20110824,87.45,87.45,83.7,85.3,61938
INOXLEISUR,20110824,42,44.1,42,43.5,133909
INSECTICID,20110824,358.7,370.5,356.05,358.95,121352
INVENTURE,20110824,158.95,159.35,143.5,143.5,1811655
IOB,20110824,113.3,115.8,111.1,112.2,352268
IOC,20110824,317,321.3,315.75,317.4,349359
IOLCP,20110824,32.05,32.05,31.05,31.15,1395
IPCALAB,20110824,311.6,311.6,302,305.8,31750
IPGETF,20110824,2760,2760,2693.1,2729.45,5052
IPRINGLTD,20110824,70,70,70,70,55
IRB,20110824,157.35,161.9,150.35,152.35,1180503
ISFT,20110824,57.2,60.45,57.2,57.85,2710
ISMTLTD,20110824,34.2,34.2,32.15,33.3,21388
ITC,20110824,202.85,204.3,199.3,201.95,4978708
ITDCEM,20110824,148,149,144.3,145.45,283
ITI,20110824,24.1,24.6,23.6,23.8,47043
IVC,20110824,28.85,28.9,27.95,28.2,33553
IVP,20110824,47,47,45.25,47,100
IVRCLAH,20110824,31.35,32,30.15,30.8,20672
IVRCLINFRA,20110824,36.9,38.4,36.1,36.75,3781575
J&KBANK,20110824,787.95,794.85,775,787.85,10030
JAGRAN,20110824,105.8,109.75,105,106.8,43359
JAGSNPHARM,20110824,12.9,12.95,12.5,12.55,2548
JAIBALAJI,20110824,120.6,128.4,120.3,124.1,10699
JAICORPLTD,20110824,79.3,82.9,78.35,79.55,601305
JAINSTUDIO,20110824,8.85,9.5,8.85,9,2871
JAMNAAUTO,20110824,121.2,132.95,121.2,125,458
JAYAGROGN,20110824,87.5,89.5,83.05,85.6,5110
JAYBARMARU,20110824,59.3,60.15,59.3,60,643
JAYNECOIND,20110824,16.6,17.5,16.4,16.6,76155
JAYSREETEA,20110824,138.9,139.65,133.25,134.75,21926
JBCHEPHARM,20110824,151,151,146.1,146.7,566550
JBFIND,20110824,124.7,126.45,123.2,124.25,53869
JENSONICOL,20110824,3.65,3.7,3.65,3.7,4774
JETAIRWAYS,20110824,296,300.5,284.65,287.2,1193287
JHS,20110824,29.3,31.9,29.3,31.05,20719
JIKIND,20110824,6.9,6.9,6.35,6.55,1450
JINDALPHOT,20110824,156.65,157.8,150.45,151.5,48936
JINDALPOLY,20110824,219.45,224.25,216,216.65,283960
JINDALSAW,20110824,117,119.7,114,114.6,267404
JINDALSTEL,20110824,500.05,502.95,481.75,492.85,1811965
JINDALSWHL,20110824,650.05,671.8,638,646.65,72125
JINDCOT,20110824,93.85,94.6,92,92.55,114860
JINDRILL,20110824,387.5,388.75,372.1,374.45,2485
JINDWORLD,20110824,136.75,143.75,135.1,137.75,13366
JISLJALEQS,20110824,176,180.65,176,178,898664
JKCEMENT,20110824,101,107,101,105.45,5810
JKIL,20110824,87,88,83.5,83.8,13809
JKLAKSHMI,20110824,40.15,40.9,38.35,38.9,62915
JKPAPER,20110824,43.3,43.75,42.9,43.25,142478
JKTYRE,20110824,90,92,87.25,88.45,22519
JMCPROJECT,20110824,132,136,131.05,132.15,4282
JMFINANCIL,20110824,18.35,18.5,18,18.1,166678
JMTAUTOLTD,20110824,63,63,63,63,114
JOCIL,20110824,280,280,270,275.45,2852
JPASSOCIAT,20110824,62.25,63.9,61.75,62.3,12684313
JPINFRATEC,20110824,40.05,41.8,40.05,40.65,138299
JPPOWER,20110824,36.85,37.3,35.1,35.85,374214
JSL,20110824,91.5,91.5,87.6,88.25,18812
JSWENERGY,20110824,54,55.45,53.75,54.05,444116
JSWISPAT,20110824,14.5,14.9,14.45,14.5,4159754
JSWSTEEL,20110824,673,692.7,668.35,673.35,1654800
JUBILANT,20110824,179.9,180.85,170.1,172.35,139212
JUBLFOOD,20110824,943,953,900.2,910.6,889954
JUBLINDS,20110824,170,180.5,170,174.8,5270
JUNIORBEES,20110824,101,101.66,99.05,100.3,25113
JUPITER,20110824,14.6,15.65,14.4,15.05,273374
JVLAGRO,20110824,15.5,15.85,15.15,15.35,8873
JYOTHYLAB,20110824,175,178.55,173,174.65,317937
JYOTISTRUC,20110824,66.45,67.85,64.6,65.15,62985
KABRAEXTRU,20110824,38.15,39.75,38,38.95,6261
KAJARIACER,20110824,104,105.75,103.2,103.5,217463
KAKATCEM,20110824,69.7,72.3,69.2,69.7,1259
KALECONSUL,20110824,72,72.7,68.25,68.8,5933
KALINDEE,20110824,110.2,111.25,108.5,109.1,49282
KALPATPOWR,20110824,118.25,120.5,116.1,118.1,148484
KAMATHOTEL,20110824,81,84,81,82.55,1862
KANDAGIRI,20110824,77.9,77.9,77.9,77.9,3
KANORICHEM,20110824,36.45,37.5,34.35,35.1,11630
KANSAINER,20110824,864.5,864.5,856,860.2,220
KARMAENG,20110824,12.1,12.1,12,12,424
KARURKCP,20110824,29.2,30.75,29,29.95,1628
KARURVYSYA,20110824,381,381,372,375.5,78698
KAUSHALYA,20110824,9,9.45,8.7,9.1,5650
KAVVERITEL,20110824,121,129,121,124.5,30533
KBIL,20110824,638,665.05,638,665,267
KCP,20110824,26.9,26.95,25.2,26.15,57215
KCPSUGIND,20110824,14.5,15,14,14.3,24095
KEC,20110824,66,66.25,64.05,65.3,24429
KECL,20110824,34.5,34.5,33,33.3,1001
KEI,20110824,16.05,17,16.05,16.55,32949
KEMROCK,20110824,515.65,519.95,514.95,517.75,138533
KERNEX,20110824,96.05,97.6,94.05,94.85,17864
KESORAMIND,20110824,121.5,130.75,121.15,126.9,180552
KFA,20110824,26.5,26.9,25.6,26.1,1808569
KGL,20110824,7.85,8.15,7.65,8,1494141
KHAITANELE,20110824,95,99.75,93.2,93.25,5039
KHAITANLTD,20110824,23.95,23.95,23.95,23.95,1
KICL,20110824,428,440,424.15,428.25,769
KIL,20110824,13,13.6,12.9,13.05,3971
KILITCH,20110824,60,64.3,58.1,60.45,22761
KINETICMOT,20110824,16.3,16.75,15.3,16.05,10426
KIRIINDUS,20110824,163,177,155.05,161.5,820637
KIRLOSBROS,20110824,154,154,149.25,150.2,673
KIRLOSENG,20110824,112.65,113.5,111,111.05,1969
KIRLOSIND,20110824,279,287.95,278.55,280,20
KKCL,20110824,730,749,730,746.25,808
KLGSYSTEL,20110824,33,34.4,32.3,32.75,50538
KMSUGAR,20110824,2.65,2.8,2.65,2.7,12181
KNRCON,20110824,106,106,101.3,103.15,3538
KOHINOOR,20110824,39.2,40.9,38.75,39.15,30731
KOLTEPATIL,20110824,41,41,38.2,38.9,16677
KOPRAN,20110824,23.6,24.7,23.15,24.25,28978
KOTAKBANK,20110824,426,437.5,426,428.85,841052
KOTAKGOLD,20110824,2659.8,2664.4,2605.15,2659.2,22598
KOTAKNIFTY,20110824,543,543,504,504.5,9348
KOTAKPSUBK,20110824,355,357,354,354,60
KOTARISUG,20110824,6,6,5.8,5.8,4894
KOTHARIPET,20110824,7,7.05,6.8,7,23440
KOTHARIPRO,20110824,549.9,549.9,536.1,538.4,2208
KOUTONS,20110824,20,21.75,19.25,20.15,95259
KPIT,20110824,152,154,147.25,148.7,98676
KPRMILL,20110824,98,102,98,98.15,1958
KRBL,20110824,25.85,27,25.5,25.7,606106
KRISHNAENG,20110824,3.3,3.3,3.25,3.25,550
KSBPUMPS,20110824,220.95,220.95,212,214.45,3826
KSCL,20110824,469,469,428,430.15,13453
KSE,20110824,207.05,207.05,207.05,207.05,77
KSK,20110824,100,100.9,99.7,100.1,82678
KSL,20110824,51,53.35,51,53.05,9721
KSOILS,20110824,10.45,11.25,10.45,10.65,36068780
KTIL,20110824,74.25,75.3,72.75,74.95,1130
KTKBANK,20110824,95.3,96.75,93.55,94.3,319681
KWALITY,20110824,166,167.2,165.8,166.75,524795
L&TFH,20110824,46.4,48.2,46,47.25,3142285
LAKPRE,20110824,38.75,41.4,38.75,39.8,1216
LAKSHMIEFL,20110824,24,24.35,22.65,23.15,112859
LAKSHMIMIL,20110824,1690,1760,1690,1757.5,11
LAKSHVILAS,20110824,109.75,110.95,108.2,109.5,110897
LANCOIN,20110824,32.05,33.15,32,32.65,12132
LAOPALA,20110824,95.1,97.25,95.1,95.3,17123
LAXMIMACH,20110824,1942,1957,1875.55,1901.5,2710
LCCINFOTEC,20110824,0.55,0.6,0.55,0.55,22001
LGBBROSLTD,20110824,279.8,279.9,273.95,276.55,2766
LGBFORGE,20110824,2.4,2.7,2.35,2.5,5360
LIBERTSHOE,20110824,83.8,86.5,82.05,83.05,48681
LICHSGFIN,20110824,207,208.3,197.8,199.75,3770582
LIQUIDBEES,20110824,1000,1000.01,999.99,999.99,111031
LITL,20110824,16.75,17.25,16.55,16.7,6785292
LLOYDELENG,20110824,53.2,54,53,53.35,8905
LLOYDFIN,20110824,1.15,1.15,1,1.1,8150
LLOYDSTEEL,20110824,14.2,14.45,13.75,13.85,114712
LML,20110824,9.25,9.65,9.05,9.1,348889
LOGIXMICRO,20110824,12.25,13,12.25,12.9,4114
LOKESHMACH,20110824,41.45,41.45,39,39.55,3096
LOTUSEYE,20110824,10.2,10.2,9,9.25,3721
LOVABLE,20110824,535,558.95,526.1,546.95,3159318
LPDC,20110824,2.45,2.7,2.45,2.7,7958
LT,20110824,1594,1609.7,1541,1558.05,1309160
LUMAXAUTO,20110824,27,27.15,25.6,25.65,553
LUMAXIND,20110824,321,321,315.1,318,225
LUMAXTECH,20110824,165.1,178.8,165,166.95,1535
LUPIN,20110824,440,458.45,439.5,450.15,1155271
LYKALABS,20110824,15,15.4,14.65,14.95,4859
M&M,20110824,702.2,712.5,694.6,697.45,3175792
M&MFIN,20110824,614.85,623.8,614.85,618.9,16660
M100,20110824,7.4,7.4,7.1,7.16,55964
M50,20110824,67,67,64.5,65.77,39276
MAANALU,20110824,49.95,49.95,48,48.55,552
MADHAV,20110824,16.1,17.75,16.1,17.55,1386
MADHUCON,20110824,70.8,83.8,70.8,75.8,1153844
MADRASCEM,20110824,83.75,85.2,83.05,83.8,59549
MADRASFERT,20110824,24.75,25.2,23.8,24.05,93275
MAGMA,20110824,71.6,73.7,71.2,72.05,21368
MAGNUM,20110824,4.75,4.75,4.6,4.7,2977
MAHABANK,20110824,51,51.2,50,50.1,115972
MAHINDFORG,20110824,60.15,63.3,59.15,59.75,7533
MAHLIFE,20110824,333,335.9,328.55,334.7,51477
MAHSCOOTER,20110824,308.2,335.05,308.2,322.95,1320
MAHSEAMLES,20110824,355.9,355.9,345.05,346.85,2580
MAITHANALL,20110824,101,101,97.8,99.25,973
MALUPAPER,20110824,10.3,11.15,10.3,11,1227
MALWACOTT,20110824,27,31,25.55,27.6,599
MANAKSIA,20110824,57.05,58.9,57.05,58,9434
MANALIPETC,20110824,11.1,11.4,11.05,11.1,46147
MANAPPURAM,20110824,49.9,50,47,47.3,556402
MANDHANA,20110824,203.1,209.9,203.1,207.9,86489
MANGALAM,20110824,12.55,13.1,12.55,12.6,15112
MANGCHEFER,20110824,31,31.6,30.4,30.55,249018
MANGLMCEM,20110824,102.2,105.5,98.2,99.95,53821
MANINDS,20110824,125,126.95,125,125.1,6342
MANINFRA,20110824,102.8,105.9,101.75,103.15,1500
MANJEERA,20110824,88,89.95,85,87.4,418
MANJUSHREE,20110824,80.7,84,80.7,82.65,128
MANUGRAPH,20110824,48.5,48.55,48.3,48.45,3325
MARALOVER,20110824,11,12,10.65,11.05,3842
MARG,20110824,81,81,75.2,76.4,12608
MARICO,20110824,155.35,160.4,155.35,158.45,153421
MARUTI,20110824,1145,1156.8,1097.35,1114.5,650647
MASTEK,20110824,91,94,91,92.05,18812
MAWANASUG,20110824,21,21,17.7,18.05,5375
MAX,20110824,176,189.55,176,185.8,429981
MBECL,20110824,130,130,123.05,124.5,5790
MBLINFRA,20110824,115.1,123.9,115.1,117.05,6386
MCDHOLDING,20110824,62.9,65,62.5,63.05,5442
MCDOWELL-N,20110824,950.25,953.95,931,937.55,87462
MCLEODRUSS,20110824,238,244.1,233,236.3,203656
MEGASOFT,20110824,15.5,15.6,15,15.25,4694
MEGH,20110824,9.15,9.95,9.15,9.65,79695
MELSTAR,20110824,7,7.9,7,7.9,416
MERCK,20110824,638,640,625.5,629.3,1871
MHRIL,20110824,351,351,345,346.35,1015
MIC,20110824,12.6,12.8,12.5,12.55,137758
MICROSEC,20110824,26.1,28.15,26,27.85,18564
MICROTECH,20110824,110,110.8,107.8,109.55,57800
MINDAIND,20110824,169.15,169.15,166,167.1,267
MINDTREE,20110824,352.05,360,352,358.15,12343
MIRCELECTR,20110824,16.45,17.3,16.25,16.85,103249
MIRZAINT,20110824,19,19,17.7,18.55,41280
MLL,20110824,25.45,25.9,24.6,24.9,709010
MMFL,20110824,96.15,102.95,96.15,101.1,2230
MMFSL,20110824,86.55,86.6,85.75,86.6,34130
MMTC,20110824,715.05,737.95,690,697.65,9840
MOIL,20110824,304.1,308.45,301,302.55,67712
MONNETISPA,20110824,488.4,490,482,484.55,3716
MONSANTO,20110824,1801.1,1840,1794.05,1801,1702
MORARJETEX,20110824,13.1,13.15,12.65,13.05,220
MOREPENLAB,20110824,4.05,4.15,3.65,3.8,433257
MOSERBAER,20110824,23.25,24.65,22.85,23.8,1625891
MOTHERSUMI,20110824,200.7,207.45,198,200.75,320287
MOTILALOFS,20110824,81.6,83.5,81.1,81.85,3981
MOTOGENFIN,20110824,38.95,38.95,37.75,37.75,1650
MPHASIS,20110824,388.05,403,378.15,396.35,1826184
MRF,20110824,6585.05,6678.6,6501.55,6573.35,5515
MRO-TEK,20110824,10.45,11.1,10.45,10.95,6954
MRPL,20110824,64.7,65.1,63.5,64,704739
MSPL,20110824,45.2,45.2,42.65,43,12026
MTNL,20110824,37.6,38,36.35,36.8,549777
MUDRA,20110824,23.5,24.8,23.5,24.1,7417
MUKANDENGG,20110824,27.6,28.45,27.35,28.1,435
MUKANDLTD,20110824,34.05,36.3,34.05,34.6,5175
MUKTAARTS,20110824,40.55,41.25,38.85,40.7,2261
MUNDRAPORT,20110824,139.9,148,138.8,146.8,2727812
MUNJALAU,20110824,160.8,160.8,156.55,158.55,3897
MUNJALSHOW,20110824,57.6,62.5,57.6,61.2,9274
MURUDCERA,20110824,15.95,16.25,15.5,15.55,1081
MUTHOOTFIN,20110824,156.9,180,156.9,179.25,103210
MVL,20110824,23.8,24.25,23.05,23.35,246642
MVLIND,20110824,13.25,15.25,13.2,14.85,13270
MYSOREBANK,20110824,545,555,532.25,536.6,1101
N100,20110824,92.63,94.98,92.2,93.49,2547
NAGARFERT,20110824,28.15,28.85,27,27.2,2424263
NAGREEKCAP,20110824,24.2,24.9,22.9,23.05,1293
NAGREEKEXP,20110824,18.5,19.95,17.5,18.05,441
NAHARCAP,20110824,50.55,54.25,50,50.5,1358
NAHARINDUS,20110824,41.25,43,41.25,42,1650
NAHARPOLY,20110824,22.4,22.4,22.1,22.25,100
NAHARSPING,20110824,59.8,60,58,58.65,8856
NANDAN,20110824,2.55,2.6,2.5,2.55,399920
NATCOPHARM,20110824,260,262.9,257.8,259,3244
NATIONALUM,20110824,66,67,64.9,66,439451
NATNLSTEEL,20110824,12.7,13.4,12.6,12.85,81867
NAUKRI,20110824,706,718.5,701.05,711.3,739
NAVINFLUOR,20110824,338,343.95,330,336.6,13088
NAVNETPUBL,20110824,61.1,61.8,60.55,61.1,61939
NBVENTURES,20110824,178,178,168.05,170.25,31596
NCC,20110824,54.25,57.25,53.7,54.85,1711367
NCLIND,20110824,35,35.5,34.1,34.8,8054
NDTV,20110824,46.9,48.5,46.85,47.05,29137
NECLIFE,20110824,19.5,19.85,18.8,18.9,58406
NEHAINT,20110824,107.8,109.9,101.9,102.25,225894
NELCAST,20110824,106.95,110,105.5,107.55,7471
NELCO,20110824,54.45,56.85,54.3,54.95,20532
NEPCMICON,20110824,3.5,3.9,3.5,3.7,39105
NESCO,20110824,612.2,627.8,595,599,49793
NESTLEIND,20110824,4298.6,4376,4275,4356.55,13193
NET4,20110824,131.9,136,130,134,16261
NETWORK18,20110824,93,95.9,92.1,93.7,35452
NEULANDLAB,20110824,93.75,94,90,90,418
NEXTMEDIA,20110824,4.5,4.7,4.2,4.4,87017
NEYVELILIG,20110824,84.65,85.7,82.8,83.7,97415
NFL,20110824,78.75,80.2,76.3,76.85,112053
NHPC,20110824,24,24.25,23.8,23.95,3687330
NIFTYBEES,20110824,509.9,510.95,500.1,501.35,79306
NIITLTD,20110824,47,47,45.5,45.85,38147
NIITTECH,20110824,178,184,176.5,180.9,111083
NILKAMAL,20110824,243,259,242,247.85,809
NIPPOBATRY,20110824,419.9,424.9,391.8,395.45,435
NISSAN,20110824,2.15,2.25,2.15,2.15,124504
NITCO,20110824,49.85,52,49.85,50.6,10600
NITESHEST,20110824,21.5,22.4,20.4,20.8,101094
NITINFIRE,20110824,116.4,117.2,111.7,113.75,139287
NITINSPIN,20110824,7.1,7.15,6.8,6.85,1514
NMDC,20110824,223.55,224.8,219.4,221.45,192096
NOCIL,20110824,16,16.05,15.6,15.9,122114
NOIDATOLL,20110824,21.85,22.35,21.75,22.05,130085
NOL,20110824,38.05,38.05,38.05,38.05,500
NORBTEAEXP,20110824,5.2,5.7,5.2,5.6,5370
NORTHGATE,20110824,12.4,12.4,11,11.15,24980
NOVOPANIND,20110824,42,43,42,43,201
NRBBEARING,20110824,43.45,45,43.45,44.1,4676
NRC,20110824,4.25,4.9,4.25,4.45,5910
NSIL,20110824,639,664,630.65,630.65,11
NTPC,20110824,170.3,171.5,169.5,170.1,2842779
NUCENT,20110824,1.75,1.75,1.75,1.75,100
NUCHEM,20110824,3.05,3.3,2.9,3.3,8370
NUCLEUS,20110824,63.25,67,63.25,65.4,15375
NUMERICPW,20110824,215,215,202,204.15,1850
NUTEK,20110824,3.1,3.5,3,3.3,1995453
OBEROIRLTY,20110824,220,225.8,218.45,222.3,7349
OCL,20110824,93.5,94.95,88.1,90.15,16632
OFSS,20110824,1818,1846.9,1807.35,1831.05,30919
OIL,20110824,1315,1335,1311,1319.3,22667
OILCOUNTUB,20110824,67,68.85,65.6,66.7,172397
OISL,20110824,51,52.8,49,51.55,18966
OMAXAUTO,20110824,38,38.5,37.1,38.2,3223
OMAXE,20110824,127.2,127.4,125.8,126.5,82076
OMKARCHEM,20110824,59.9,63.45,59.2,61,12943
OMMETALS,20110824,31.4,31.4,28,29.4,18838
OMNITECH,20110824,143,150,137,144.65,43600
ONGC,20110824,279.4,282.5,277.35,278.9,2791000
ONMOBILE,20110824,65.65,65.65,60.3,61.25,533058
ONWARDTEC,20110824,32.5,34.5,32.5,33.6,2701
OPTOCIRCUI,20110824,282.05,282.1,266.25,270.6,422299
ORBITCORP,20110824,37,37.15,35.9,36.2,163677
ORCHIDCHEM,20110824,198,203.4,193.1,195.3,1245973
ORIENTABRA,20110824,29.95,29.95,28.15,29.15,30802
ORIENTALTL,20110824,8.15,8.25,8.05,8.15,540
ORIENTBANK,20110824,297.75,308,295.3,302.1,409629
ORIENTCERA,20110824,49.95,50,47.5,49.4,1386
ORIENTHOT,20110824,26.5,28,25,26.65,55140
ORIENTLTD,20110824,80,80,80,80,5
ORIENTPPR,20110824,57,58.45,57,57.3,106027
ORISSAMINE,20110824,43047,43498,42000,42231.6,779
OUDHSUG,20110824,24.85,24.85,24.3,24.35,2831
PAEL,20110824,22.1,23.25,22.1,22.6,9427
PAGEIND,20110824,2640,2649.95,2550,2570.1,8192
PANACEABIO,20110824,150.1,153.9,145.1,147.2,6514
PANORAMUNI,20110824,8.55,9,8.55,8.85,18570
PANTALOONR,20110824,293,296.2,270.25,273.95,507103
PAPERPROD,20110824,78,80.25,78,78.4,14718
PARABDRUGS,20110824,30.15,31.15,29,29.7,43417
PARACABLES,20110824,2.85,3.1,2.75,2.8,20372
PARAL,20110824,225.1,234,225,226.8,2694
PARAPRINT,20110824,26.55,28,25.65,25.85,95310
PARASPETRO,20110824,0.5,0.55,0.5,0.5,32697
PAREKHPLAT,20110824,3.9,4.25,3.75,3.85,12177
PARSVNATH,20110824,46.5,46.9,45.8,46.5,189915
PATELENG,20110824,106.75,107.2,100.4,101.25,541033
PATINTLOG,20110824,29,29,26.15,26.3,1515
PATNI,20110824,264.95,270.9,261.2,263.2,99610
PATSPINLTD,20110824,11.95,11.95,11.35,11.6,3340
PBAINFRA,20110824,42,43.15,41.65,41.95,10468
PDUMJEIND,20110824,19.4,21.45,19.35,20,288
PDUMJEPULP,20110824,18.1,18.35,18,18.1,2432
PEACOCKIND,20110824,2.8,2.95,2.8,2.85,520
PENIND,20110824,37.1,38.8,36.65,37.35,36526
PENINLAND,20110824,46.05,46.75,42.8,46.15,10027
PEPL,20110824,3.05,3.05,2.9,2.9,1686
PERIATEA,20110824,149,150,149,150,170
PERSISTENT,20110824,303,305,295.05,300.1,4705
PETRONENGG,20110824,340.15,362.75,340.15,358.85,1558
PETRONET,20110824,185,185.8,177.15,178.95,2316370
PFC,20110824,149.4,151.1,140.6,142.7,6153351
PFIZER,20110824,1341.1,1385,1341.1,1376.8,2672
PFOCUS,20110824,57.45,58.4,54,54.45,583908
PFS,20110824,17.5,17.65,17.1,17.25,30462
PGHH,20110824,1969,1969,1950,1950.8,339
PHILIPCARB,20110824,129,135.5,129,135,12749
PHOENIXLTD,20110824,205,205.55,200,201.9,3748
PIDILITIND,20110824,161.5,164.4,157.25,158.85,86933
PIIND,20110824,573,610,573,595.05,72751
PIONDIST,20110824,48.5,49,48,48.45,823
PIONEEREMB,20110824,11.75,11.85,11.1,11.6,1731
PIPAVAVYD,20110824,63.9,66.2,63.7,65.55,1770962
PIRGLASS,20110824,131.05,133.9,130.2,131,9248
PIRHEALTH,20110824,361.1,365,355,358.45,98568
PIRLIFE,20110824,87,87.85,85.35,85.85,23627
PITTILAM,20110824,38.25,42.9,38.25,40.65,34141
PLASTIBLEN,20110824,180,182,180,180,392
PLETHICO,20110824,371.5,377,371.5,375.5,85761
PNB,20110824,996.9,1005,971.5,974.65,214794
PNBGILTS,20110824,24,24,23.3,23.55,27359
PNC,20110824,13.3,13.75,13.2,13.55,2754
POCHIRAJU,20110824,12.35,12.9,12.2,12.2,7538
POLARIND,20110824,3.8,4.2,3.8,4.05,8013
POLARIS,20110824,133.5,135.85,128.6,130.3,559635
POLYPLEX,20110824,187.65,192.4,185.25,187.55,62463
PONDYOXIDE,20110824,29.75,31.5,29.75,31.3,8391
PONNIERODE,20110824,81,84,81,81.75,1063
POWERGRID,20110824,102.4,102.75,100.3,102.05,3874708
PPAP,20110824,89,89.85,87.2,88.45,226
PRADIP,20110824,63.05,64.5,58.1,60.1,44688
PRAENG,20110824,8,8.2,7.6,7.75,42661
PRAJIND,20110824,74.95,76.45,71.2,72.2,1212217
PRAKASH,20110824,54.15,55.8,54.1,54.35,55756
PRAKASHSTL,20110824,126,128.45,125.2,126.4,989
PRATIBHA,20110824,45.2,45.9,44.65,44.9,43649
PRECOT,20110824,109,112.9,106,109.9,600
PRECWIRE,20110824,90,92.6,83.1,86.85,4897
PREMIER,20110824,81.8,85,81.8,83.35,2347
PRESTIGE,20110824,103.8,104.9,101.45,102.75,16830
PRETAILDVR,20110824,172,187.8,172,182.9,1001
PRICOL,20110824,16.2,17.05,16.2,16.55,47756
PRIMESECU,20110824,17.45,17.95,16.8,16.8,2762
PRISMCEM,20110824,41.5,41.9,40.7,40.95,19937
PRITHVI,20110824,21.6,22.7,21.6,22,2907
PROVOGUE,20110824,28.2,28.8,27.4,28.1,124111
PSB,20110824,76,76.6,75.05,75.1,97736
PSL,20110824,59.1,60.5,58.85,59.35,57381
PSUBNKBEES,20110824,344.2,346.5,335,336.43,358
PTC,20110824,72.5,72.5,70.2,70.95,637180
PTL,20110824,28.75,28.75,26,26.25,5605
PUNJABCHEM,20110824,69.55,74.95,69.55,72.05,1256
PUNJLLOYD,20110824,59,60.1,56.75,57.5,2966771
PURVA,20110824,66,68.9,66,67.65,9397
PVP,20110824,5.55,6.25,4.8,5.15,193675
PVR,20110824,119.2,119.2,115.3,117.3,8401
QGOLDHALF,20110824,1340,1340,1301,1321.3,3267
QNIFTY,20110824,501.7,501.7,501,501,40
QUINTEGRA,20110824,3.2,3.2,3.1,3.1,9482
RADAAN,20110824,2.05,2.35,2.05,2.25,12195
RADICO,20110824,129.75,130.7,128,130.6,106915
RAINBOWPAP,20110824,57,57.25,56.5,56.85,84195
RAINCOM,20110824,29,29.9,28.75,29.3,223998
RAJESHEXPO,20110824,108,110.95,108,110.65,284146
RAJOIL,20110824,20.9,21.5,20.5,21.1,30002
RAJPALAYAM,20110824,205,220,201,202.25,1506
RAJRAYON,20110824,9.55,10,9.55,9.7,1387
RAJSREESUG,20110824,39,41.45,34.1,35.6,54684
RAJTV,20110824,49.25,51.9,47,50.05,70969
RAJVIR,20110824,94.25,102.9,94.25,98.1,63
RALLIS,20110824,178,179,168.25,169.45,496839
RAMANEWS,20110824,11.5,12.15,11.1,11.45,11796
RAMCOIND,20110824,41.5,42.5,41.1,41.2,3968
RAMCOSYS,20110824,65,66.1,63,64.25,5479
RAMKY,20110824,231.4,235.4,226.15,229.7,21357
RAMSARUP,20110824,10,11,10,10.25,36118
RANASUG,20110824,4.1,4.25,4.05,4.1,149089
RANBAXY,20110824,466,479.5,462,469.45,538737
RANEENGINE,20110824,220,228,215.6,216,22
RANEHOLDIN,20110824,218.25,218.25,210,216.35,1127
RANKLIN,20110824,16.1,16.1,14.6,14.6,17589
RATNAMANI,20110824,106,106,102,102.15,743
RAYMOND,20110824,355.1,360,346.5,348.3,224923
RBL,20110824,107.05,112,107.05,109.1,1412
RBN,20110824,80.75,84.65,79.45,79.95,64217
RCF,20110824,81.95,83.45,78.65,79.5,863722
RCOM,20110824,79,82.8,78.55,79.8,8094107
RECLTD,20110824,175.75,181,174.05,177.8,1679986
REDINGTON,20110824,94.5,95,93.55,94.4,271601
REFEX,20110824,15.55,16.8,15.55,16.65,12945
REIAGROLTD,20110824,22.95,23.3,22.85,22.95,244182
REISIXTEN,20110824,27.55,28.4,27.55,27.8,2978
RELAXO,20110824,267.75,282.85,267.75,278.4,1771
RELBANK,20110824,891,938,876.01,879,95
RELCAPITAL,20110824,404.95,423.8,391,394.35,2697525
RELGOLD,20110824,2599.7,2605,2556.1,2597.8,28599
RELIANCE,20110824,764,769.5,756,761.3,2968791
RELIGARE,20110824,444.05,444.05,427,435.4,39343
RELIGAREGO,20110824,2775,2775,2700.25,2714.9,908
RELINFRA,20110824,447.2,463,445,449.65,1182112
RELMEDIA,20110824,88.1,92.2,87.1,87.7,355263
RENUKA,20110824,56.75,59.2,56.5,57.5,5712551
REPRO,20110824,135.1,142,135.1,136.05,10721
RESPONIND,20110824,107.5,110,106,108.2,27281
RESURGERE,20110824,0.35,0.35,0.3,0.3,10846248
REVATHI,20110824,375,375,375,375,306
RICOAUTO,20110824,11,11.35,10.95,11.1,69288
RIIL,20110824,420,433.5,415,418.05,201031
RKDL,20110824,15.25,16.1,14.8,15.85,12555
RMCL,20110824,5.2,5.35,5.05,5.1,4386
RML,20110824,116.6,119.95,116.6,119.9,61
ROHITFERRO,20110824,29.7,32.2,29.7,31,75408
ROHLTD,20110824,54.5,55.5,54.5,55.15,4529
ROLTA,20110824,97.8,99.05,96.95,97.1,630927
ROMAN,20110824,20.85,20.95,20.25,20.7,65
RPGLIFE,20110824,79.95,79.95,78.55,78.55,81
RPOWER,20110824,84.25,86.5,82.8,83.2,2321970
RPPINFRA,20110824,67,68.95,64.7,67.45,15797
RSSOFTWARE,20110824,50,50,48.25,49.2,6732
RSWM,20110824,89.1,92.45,88.1,89.15,7941
RSYSTEMS,20110824,100.1,106,99.35,100.55,1333
RUBYMILLS,20110824,938,938,860,866.2,311
RUCHINFRA,20110824,18.1,19.45,17.1,17.45,57888
RUCHIRA,20110824,8.5,8.9,8.5,8.8,3600
RUCHISOYA,20110824,102.2,104.2,99.15,102.55,888607
RUSHIL,20110824,111.1,127.5,111.1,115.95,2884973
SABTN,20110824,48.4,50.25,48.25,49.85,3399
SADBHAV,20110824,142,142,136.1,136.6,1229
SAGCEM,20110824,135,138.7,130,133.8,206
SAHPETRO,20110824,31,33,30.15,31.85,6785
SAIL,20110824,109.6,112.5,108.6,109.6,3234077
SAKHTISUG,20110824,27.7,28.8,27.2,28,79647
SAKSOFT,20110824,81,81,76.5,80.1,5257
SAKUMA,20110824,13.05,14.35,12.95,13.75,1642
SALONACOT,20110824,16.5,16.5,16.5,16.5,1
SALORAINTL,20110824,28,28,28,28,25
SALSTEEL,20110824,5.2,5.35,5.05,5.1,9896
SAMBANDAM,20110824,74.9,80.05,72.2,79.35,2722
SAMBHAAV,20110824,1.5,1.5,1.25,1.45,2007
SANDESH,20110824,261,269.9,261,269,99
SANGAMIND,20110824,29.5,29.9,28.4,28.65,8850
SANGHIPOLY,20110824,1.3,1.35,1.25,1.3,58930
SANGHVIFOR,20110824,26,28.05,26,26.95,182929
SANGHVIMOV,20110824,122.8,124,120.1,122.8,1915
SANWARIA,20110824,17.5,17.75,16.7,16.7,66832
SARDAEN,20110824,152.1,162,152.1,155.85,6040
SAREGAMA,20110824,63.4,63.4,60.25,61.45,5429
SARLAPOLY,20110824,105.25,105.25,105.05,105.05,60
SASKEN,20110824,103.4,103.4,100.85,101,14220
SATHAISPAT,20110824,38.1,39.35,37.5,38.05,6647
SATYAMCOMP,20110824,66,67.5,65.6,66.45,3609996
SAVERA,20110824,37,37,36.75,36.75,144
SBBJ,20110824,410,413.95,404,406.4,3999
SBIGETS,20110824,2703,2728.7,2676,2700.25,21322
SBIN,20110824,2066.8,2081,1978.1,1989.75,3165029
SBT,20110824,604,620,602.2,604.85,6342
SCI,20110824,84.3,84.8,82,82.55,246115
SEAMECLTD,20110824,97,102,96,99.65,4978
SEINVEST,20110824,8.6,8.65,7.9,7.9,248788
SELAN,20110824,282,288.9,277.05,280.75,12678
SELMCL,20110824,11.9,12.35,11.6,12.15,393263
SENTINEL,20110824,12,13.1,12,12.55,9478
SERVALL,20110824,6.3,6.5,6.2,6.35,26307
SESAGOA,20110824,221.25,227.15,216.5,218.45,1889333
SESHAPAPER,20110824,201.25,213,201,207,131
SGFL,20110824,4.6,4.65,4.5,4.65,280
SGJHL,20110824,120,120.8,118.5,119.2,62465
SHAHALLOYS,20110824,9.45,9.45,9.45,9.45,17
SHANTIGEAR,20110824,41.65,42.7,41.65,42.3,27711
SHARIABEES,20110824,124,124,109.65,109.9,405
SHARRESLTD,20110824,51.95,51.95,48.05,48.05,5
SHASUNPHAR,20110824,69.75,70.5,68.8,69.95,17895
SHILPAMED,20110824,206,213,202,206.5,492
SHILPI,20110824,12.15,13.1,12.15,12.65,15659
SHIV-VANI,20110824,165.1,174.45,165,165.5,9660
SHIVAMAUTO,20110824,98,104.95,96,104.2,355
SHIVTEX,20110824,26.5,26.5,24.65,24.95,692
SHLAKSHMI,20110824,77.1,79.95,75.5,76,69171
SHOPERSTOP,20110824,399,405,390,397.9,24122
SHPRE,20110824,4.1,4.55,4.1,4.2,2443
SHREEASHTA,20110824,4.1,4.3,4.05,4.15,2877597
SHREECEM,20110824,1697.3,1698,1650,1674.45,2021
SHRENUJ,20110824,54,56,53.15,53.8,2256
SHREYANIND,20110824,18.1,18.1,16.6,16.7,410
SHREYAS,20110824,29,29,26.85,27.8,810
SHRIRAMCIT,20110824,567,567,530,531.35,1032
SHRIRAMEPC,20110824,127.3,140,125,129.5,161869
SHYAMTEL,20110824,40,41.2,37.6,38.45,14526
SICAGEN,20110824,20,20,18.2,18.45,11895
SICAL,20110824,71.2,73,71.2,71.85,7680
SIEMENS,20110824,873,879.9,862.2,868.95,119459
SILINV,20110824,91,92.95,91,91,1250
SIMBHSUGAR,20110824,32.8,33.5,27.1,31.5,159320
SIMPLEX,20110824,85,89.9,82.05,83.9,1355
SIMPLEXINF,20110824,270,271.95,253.15,259.15,9630
SINTEX,20110824,142.15,148.6,142.15,145.05,1670859
SIRPAPER,20110824,44,45.8,42.3,44.35,983
SITASHREE,20110824,7,7.1,6.85,7,16144
SIYSIL,20110824,329,329,295,304.2,1609
SJVN,20110824,22,22.15,22,22.05,134379
SKFINDIA,20110824,626,640,626,635.1,8568
SKMEGGPROD,20110824,7,7.65,7,7.55,2771
SKSMICRO,20110824,249,257.1,241.2,241.2,556123
SKUMARSYNF,20110824,44.4,45.6,41.55,42.1,2108257
SMARTLINK,20110824,39,41.45,39,39.75,7200
SMLISUZU,20110824,347.3,350,340,341,1552
SMOBILITY,20110824,99,102.9,95.25,100,16145
SMPL,20110824,7.15,7.55,7,7.45,131149
SMSPHARMA,20110824,169,170,162.1,168.95,138
SOBHA,20110824,224,230.65,215,217.7,31384
SOFTTECHGR,20110824,5.5,5.6,4.55,4.85,2238
SOLARINDS,20110824,749,749,736.3,743.5,1763
SOMATEX,20110824,6.25,6.6,6.25,6.5,209
SONASTEER,20110824,14,14.95,14,14.75,29334
SONATSOFTW,20110824,30.6,32.05,30.1,30.65,91588
SOTL,20110824,585,599.95,580.5,582.35,3244
SOUISPAT,20110824,7.05,7.2,7,7.05,56747
SOUTHBANK,20110824,20.95,21.2,20.5,20.55,2289135
SPANCO,20110824,125.45,129.25,122,123.75,30611
SPARC,20110824,71.1,72.65,69.75,70.35,74313
SPECTACLE,20110824,13.7,14,12.1,12.25,5529
SPENTEX,20110824,9.75,10.2,9.6,9.75,6563
SPIC,20110824,27.5,28.15,26.55,26.95,273496
SPLIL,20110824,3,3.4,3,3.4,802
SPMLINFRA,20110824,130.55,136.65,126.2,127.85,2051
SPYL,20110824,26.35,26.5,25.1,25.8,76210
SREINFRA,20110824,38.6,39.85,37.6,38,906994
SRF,20110824,298,301.5,293.25,296.55,30333
SRGINFOTEC,20110824,0.45,0.5,0.45,0.45,12378
SRHHLINDST,20110824,4.4,4.4,4.05,4.05,35
SRTRANSFIN,20110824,602.65,614.8,596.55,607.05,160966
SSWL,20110824,257.4,265,257.05,258.15,3494
STAR,20110824,293.1,298.05,287,289.4,26163
STARPAPER,20110824,17.35,18.1,17.35,17.95,7701
STCINDIA,20110824,166,174.7,165,167.95,263145
STER,20110824,127,129.5,124.1,125.4,5379368
STERLINBIO,20110824,66.4,69,65.05,68,389334
STRTECH,20110824,39.75,40.3,38.65,38.95,387603
SUBEX,20110824,46.25,47.45,45,45.35,834429
SUDAR,20110824,96.55,102.7,88.25,90.3,740965
SUDARSCHEM,20110824,729.95,729.95,701,722.65,63
SUJANATOW,20110824,23.35,23.7,21.75,22.15,637911
SUJANAUNI,20110824,4.2,4.85,4.2,4.75,26922
SUMEETINDS,20110824,27.25,27.7,26.8,27.35,63611
SUMMITSEC,20110824,72,72,67.05,69.8,434
SUNCLAYTON,20110824,134,139.65,134,136.6,550
SUNDARAM,20110824,42.25,43.5,42.15,43,102451
SUNDARMFIN,20110824,524.1,527,520.05,525,171345
SUNDRMBRAK,20110824,155,155.5,152,152.1,542
SUNDRMFAST,20110824,60,61.7,59.5,60.9,32897
SUNFLAG,20110824,27.3,28.1,27.3,27.45,61663
SUNILHITEC,20110824,87,87,76.95,79.15,28331
SUNPHARMA,20110824,470.25,474.25,462.6,465.45,511333
SUNTECK,20110824,268.8,268.8,260.7,262.4,12519
SUNTV,20110824,300,304.6,299.9,300.25,184179
SUPERSPIN,20110824,8.4,8.95,8.4,8.65,446
SUPPETRO,20110824,71.5,73.4,71.5,72.55,35341
SUPRAJIT,20110824,17.45,19.85,16.65,16.8,2806027
SUPREMEIND,20110824,220,225,215.35,218.75,242884
SUPREMEINF,20110824,230,233.75,217.1,220.95,16534
SURAJDIAMN,20110824,41.85,43.2,41.85,42.4,17017
SURANACORP,20110824,84,84.05,84,84,6
SURANAIND,20110824,406.5,409.25,406.5,408.15,6878
SURANAT&P,20110824,14,15.3,14,14.3,275
SURANAVEL,20110824,39.95,39.95,35,37.35,467
SURYAJYOTI,20110824,23.25,23.25,21.3,22.45,8392
SURYALAXMI,20110824,52,54.9,51,54,2658
SURYAPHARM,20110824,16.8,16.8,15.75,15.9,68108
SURYAROSNI,20110824,65.1,65.1,62.5,63.2,5998
SUTLEJTEX,20110824,163.6,167.9,160.05,164.85,999
SUVEN,20110824,16.6,17.2,16.6,17.05,21205
SUZLON,20110824,38.9,39.4,37.25,37.5,20397174
SWARAJENG,20110824,459,459,450,452.05,2672
SYMPHONY,20110824,1174.8,1185,1150.5,1160.05,1339
SYNCOM,20110824,14.2,17,14.2,15.85,161675
SYNDIBANK,20110824,96,98,93.65,94.75,707736
TAINWALCHM,20110824,27.15,27.15,26,26.05,711
TAJGVK,20110824,87.6,89.05,87.2,87.4,23257
TAKE,20110824,32.5,33,31.25,31.55,27867
TALBROAUTO,20110824,42.2,44.35,42.1,43.2,1007
TALWALKARS,20110824,191.1,204.25,188.2,191.1,213514
TANFACIND,20110824,23.45,23.45,23.3,23.3,300
TANLA,20110824,10.1,10.15,9.75,9.85,139768
TANTIACONS,20110824,56,56,54.15,54.75,10848
TARAPUR,20110824,17,19,17,17.4,5197
TATACHEM,20110824,347.25,358,347.25,350.15,365833
TATACOFFEE,20110824,730,741.8,720.1,724.6,132287
TATACOMM,20110824,199.95,204.2,198.05,199.25,172397
TATAELXSI,20110824,193,209.7,193,201.45,177086
TATAGLOBAL,20110824,92.8,93.7,90.5,91.2,1598937
TATAINVEST,20110824,438,440,435.6,438.45,2454
TATAMETALI,20110824,72.05,73.55,68.55,69.15,29200
TATAMOTORS,20110824,727,736.8,695.05,700.75,3593472
TATAMTRDVR,20110824,409.1,411.4,397,401.65,366731
TATAPOWER,20110824,1066,1079.65,1031,1038.3,455814
TATASPONGE,20110824,305,309.9,298.05,299.4,7484
TATASTEEL,20110824,474,479.9,452.15,454.5,5489631
TCI,20110824,82.05,82.05,78.2,79.45,6831
TCIDEVELOP,20110824,180.8,183.95,170,172.15,348
TCS,20110824,978,978,955,962.6,1597395
TECHM,20110824,660,669,648,652.95,156506
TECHNO,20110824,207,207,190.1,196.5,2865
TECHNOFAB,20110824,129.7,129.7,124.1,124.4,772
TECPRO,20110824,252,264.85,247,252.65,1569
TELEDATAIT,20110824,0.35,0.35,0.25,0.3,1315514
TELEMARINE,20110824,0.6,0.7,0.6,0.6,108842
TEXMACOLTD,20110824,31.15,31.75,31.15,31.5,42063
TEXMOPIPES,20110824,44.7,44.7,39.9,40.3,104692
TEXRAIL,20110824,77.5,79.5,77,78.5,48417
TFCILTD,20110824,29.55,29.95,29,29.1,34870
TFL,20110824,15.25,15.35,15.2,15.2,3088
THANGAMAYL,20110824,150,152.95,147.05,148.3,23167
THEMISMED,20110824,125.2,138,120.1,133,170
THERMAX,20110824,496.5,509.9,487.4,494.3,82211
THINKSOFT,20110824,35.65,37.1,34.6,35.15,33571
THIRUSUGAR,20110824,97.9,97.9,90.25,90.9,177
THOMASCOOK,20110824,43.2,43.8,42.2,42.45,54211
TI,20110824,39.3,41.5,38,38.4,151853
TIDEWATER,20110824,6657,6738,6565.25,6585.9,362
TIIL,20110824,36,38,35.85,37,6705
TIL,20110824,400,405.7,392.05,393.15,432
TIMBOR,20110824,31.1,33.6,31.1,33.6,19050
TIMESGTY,20110824,31.5,31.5,31.5,31.5,200
TIMETECHNO,20110824,69.2,69.2,67.2,67.75,21515
TIMKEN,20110824,205.7,211.35,203.6,204.35,58677
TINPLATE,20110824,47.35,48.5,46.25,47.75,36603
TIPSINDLTD,20110824,25.25,25.6,24.65,24.75,2040
TIRUMALCHM,20110824,70.5,72.95,69,70.55,1264
TITAN,20110824,208,213.4,206,209.4,2823606
TNPETRO,20110824,16.5,16.85,16.45,16.65,42646
TNPL,20110824,105.25,108.05,105.25,106.1,30485
TODAYS,20110824,5,5.7,5,5.5,12266
TORNTPHARM,20110824,599.75,600,584.95,590.05,12517
TORNTPOWER,20110824,219.5,222,212.05,215.95,24409
TRENT,20110824,1148,1165.3,1105,1109.65,5909
TRF,20110824,352.95,367,345,350.7,20216
TRICOM,20110824,12.85,12.95,12.55,12.75,985
TRIDENT,20110824,11.1,11.75,11.1,11.65,23543
TRIGYN,20110824,16.75,16.75,14.05,14.25,5508
TRIL,20110824,225.4,231.95,225.25,225.55,2183
TRIVENI,20110824,22.75,22.75,21.7,22,525574
TTKHEALTH,20110824,440.05,455,428.85,432.8,48386
TTKPRESTIG,20110824,2700,2760,2550.05,2573.25,166232
TTL,20110824,25,25.95,24.6,25.3,13465
TTML,20110824,18.95,19.15,18.3,18.45,2487040
TUBEINVEST,20110824,133.5,135.75,127.3,128.7,39916
TULIP,20110824,145,146.75,143,145.9,220895
TULSI,20110824,12.35,12.5,11.6,12.1,64130
TULSYAN,20110824,39,41.65,38.5,39.15,809
TV18BRDCST,20110824,46.1,46.85,43.6,44.55,242152
TVSELECT,20110824,20.5,20.9,20.35,20.55,1645
TVSMOTOR,20110824,54.4,54.85,52.6,53,1162069
TVSSRICHAK,20110824,349,349,336.1,336.3,3481
TVTODAY,20110824,54.6,54.6,52.35,52.65,14622
TWILITAKA,20110824,31.85,32.4,31.85,31.85,87475
TWL,20110824,383,394.95,380.05,382.95,5123
UBENGG,20110824,54.55,57,53.5,54.3,15265
UBHOLDINGS,20110824,115.45,117.6,113.15,114.85,70034
UBL,20110824,432,446.9,427,438.35,66846
UCALFUEL,20110824,71.6,73.7,71.6,72,8789
UCOBANK,20110824,69.45,71.35,67.5,68.1,1658388
UFLEX,20110824,190,192.85,184.3,187.1,1033685
UGARSUGAR,20110824,12.9,13.25,12.7,12.85,74117
ULTRACEMCO,20110824,1066.05,1085.95,1059.2,1067.65,374429
UMESLTD,20110824,17,17.15,16.5,16.75,4222
UNICHEMLAB,20110824,143,143,141.65,142.4,3073
UNIENTER,20110824,30,32.35,29.35,29.35,10748
UNIONBANK,20110824,247.5,249.9,240.65,242.6,664328
UNIPHOS,20110824,134,138.35,134,136.45,588033
UNIPLY,20110824,11.65,11.85,11.15,11.7,252
UNITECH,20110824,29.85,29.85,26,26.3,14559334
UNITEDBNK,20110824,74.9,76.9,74.65,75.55,90032
UNITEDTEA,20110824,134,135,134,135,16
UNITY,20110824,54,55.3,52.25,52.6,85386
UNIVCABLES,20110824,47.1,51.95,47.1,50.6,3235
UPERGANGES,20110824,46,48.75,44,45.95,13363
USHAMART,20110824,36,37.55,36,37.05,336360
USHERAGRO,20110824,132,135,127,130.45,152057
UTISUNDER,20110824,822.55,900,822.55,892,10
UTTAMSTL,20110824,73.15,75.8,73.15,74.6,26164
UTTAMSUGAR,20110824,29.35,30,27.5,27.85,5145
UTVSOF,20110824,939,942,936.2,937.65,7532
VADILALIND,20110824,129.8,129.9,126.05,126.05,650
VAIBHAVGEM,20110824,35.1,37.35,35.1,36.1,478
VAKRANSOFT,20110824,381.15,385.4,381.05,382.95,2388
VALECHAENG,20110824,76.95,85.9,75.6,80.15,424897
VALUEIND,20110824,17.4,17.4,16.8,17.1,2173
VARDHACRLC,20110824,8.55,8.75,8.55,8.65,6663
VARDMNPOLY,20110824,92,92.9,91,91.4,79953
VARUN,20110824,240.05,246.8,240.05,242.7,184816
VARUNSHIP,20110824,19.65,20.2,19.65,19.85,34913
VASCONEQ,20110824,46.4,47.6,45.75,46.3,10007
VENKEYS,20110824,422,427,410,412.6,39205
VENUSREM,20110824,212,218.5,211.1,214.3,21633
VESUVIUS,20110824,364.5,374.4,362.5,362.6,95
VGUARD,20110824,205.65,208.4,201.1,202.7,32983
VICEROY,20110824,26.45,26.8,25.9,26.15,26973
VIDEOIND,20110824,180.05,185.35,179,183.25,57527
VIJAYABANK,20110824,58.9,59.5,57.3,57.65,1369980
VIJSHAN,20110824,16,16.3,15.1,15.3,399
VIKASHMET,20110824,10.25,10.45,10,10,76574
VINATIORGA,20110824,62.65,64.5,62.65,63.45,2941
VINDHYATEL,20110824,145,145,138,138,1018
VINYLINDIA,20110824,10.45,10.45,10.45,10.45,100
VIPIND,20110824,858.7,866,835,838.5,545158
VIPUL,20110824,10,11.05,10,10.65,14523
VISAKAIND,20110824,93.9,93.9,85.7,87,5792
VISASTEEL,20110824,57.5,57.5,56.9,57,31495
VISESHINFO,20110824,5.9,6.55,4.95,5,99419
VISHALRET,20110824,25.1,25.55,24.65,25.1,19077
VISUINTL,20110824,2,2.05,1.95,2,9209
VIVIMEDLAB,20110824,253.5,256.75,249.1,249.9,25692
VLSFINANCE,20110824,10,10.75,10,10.4,4941
VOLTAMP,20110824,503.45,517.9,498,500.2,30627
VOLTAS,20110824,117.9,117.9,113.55,114.9,1053095
VSTIND,20110824,1249.95,1287.9,1249.95,1266.9,11517
VSTTILLERS,20110824,496,496,489.95,490,2049
VTL,20110824,175.5,181.65,175.5,179.9,10800
VTXIND,20110824,13.5,13.7,12.4,13.3,2802
WABAG,20110824,407,407,378.2,381.95,41109
WABCO-TVS,20110824,1230,1230,1190.5,1208.7,5737
WALCHANNAG,20110824,92,95.8,90.4,91.35,51129
WANBURY,20110824,25.2,25.5,24.05,25.2,3273
WEBELSOLAR,20110824,47.25,47.25,45.65,46.45,2173
WEIZFOREX,20110824,78.9,79,74.25,74.25,374
WEIZMANIND,20110824,10,10.85,9.45,10.1,15384
WELCORP,20110824,133,135,131.15,132.1,117701
WELGLOB,20110824,47.35,51.7,47,51.7,876
WELINV,20110824,44,46.95,43.45,46.9,46
WELPROJ,20110824,46,47.45,45.1,46.35,10271
WELSPUNIND,20110824,26.05,27.3,25.6,26.4,73423
WENDT,20110824,1650.6,1687.9,1598,1634.8,697
WHEELS,20110824,289,289,249.05,254.4,253
WHIRLPOOL,20110824,207.2,217.85,206.5,215.85,80692
WIPRO,20110824,333,335,326.2,329.85,1277305
WOCKPHARMA,20110824,400.1,409.4,388.1,389.7,214259
WSI,20110824,16,17.3,16,16.6,2562
WSTCSTPAPR,20110824,78.5,81,76.9,77.35,7470
WWIL,20110824,6.7,6.9,6.7,6.75,526398
WYETH,20110824,1010,1035,1001,1008.7,1240
XLENERGY,20110824,7.1,7.25,7.1,7.2,41825
XPROINDIA,20110824,52,52.5,50.5,51.15,8143
YESBANK,20110824,277.5,284.55,273,276.4,2688400
ZANDUREALT,20110824,1675,1695,1650,1666.65,720
ZEEL,20110824,121.15,123.4,119.5,120,1635178
ZEELEARN,20110824,19.2,19.75,18.85,19.05,215434
ZEENEWS,20110824,13.5,13.7,13,13.25,1023936
ZENITHBIR,20110824,5.2,5.25,5.1,5.15,83397
ZENITHCOMP,20110824,14.5,15.75,14.25,14.35,11629
ZENITHINFO,20110824,195,200,186.2,197.8,112
ZENSARTECH,20110824,127.05,129,124,124.9,7231
ZICOM,20110824,34.5,35.95,34.5,35.1,8004
ZODIACLOTH,20110824,347.5,349.55,339.05,342.55,409
ZODJRDMKJ,20110824,23.35,25.2,23.35,25.2,2
ZUARIAGRO,20110824,652.85,652.85,626,632.65,36186
ZYDUSWELL,20110824,623,633,606.2,611.95,7961
ZYLOG,20110824,406,407.7,400.2,402.4,47177
NSENIFTY,20110824,4934.35,4962.40,4875.30,4888.90,129410652,5241.50
NIFTYJUNIOR,20110824,10018.75,10118.35,9899.75,9939.45,75487073,1436.01
BANKNIFTY,20110824,9453.05,9561.90,9275.15,9331.85,17183480,1492.22
NSEMIDCAP,20110824,7324.70,7401.95,7238.00,7266.30,116107866,1350.02
NSEIT,20110824,5286.35,5286.35,5188.15,5222.10,14898565,660.30
NSE100,20110824,4868.90,4899.95,4812.25,4825.10,204897725,6677.51
NSE500,20110824,4002.25,4030.35,3960.05,3970.10,466952129,8733.31
MIDCAP50,20110824,2165.00,2194.40,2143.00,2153.85,74056976,864.66
VIX,20110824,25.92,29.22,24.93,28.60,25.92,2.68
