20MICRONS,20111124,57.85,59.9,56,56.3,137351
3IINFOTECH,20111124,18.5,19.5,17.5,19.1,1684866
3MINDIA,20111124,3894.95,3895,3750,3774.7,725
A2ZMES,20111124,119.4,121.8,115.4,120.45,104859
AANJANEYA,20111124,409.2,430,390,416.45,66478
AARTIDRUGS,20111124,83,85.45,81,84.4,805
AARTIIND,20111124,47,47.2,45.5,46.8,24080
AARVEEDEN,20111124,30.5,32.95,30,32.55,190
ABAN,20111124,354,362.7,341.6,347.9,1013105
ABB,20111124,585.35,595.05,571.2,585.2,93504
ABBOTINDIA,20111124,1444,1479.85,1402.05,1473.55,454
ABCIL,20111124,76.2,78.3,72.4,73.85,6575
ABGSHIP,20111124,382.05,393.9,380,393.05,202871
ABHISHEK,20111124,8,8.05,7.9,8.05,804
ABIRLANUVO,20111124,868,914,848.2,890.1,161676
ACC,20111124,1129.5,1137.95,1104.1,1114.15,350229
ACE,20111124,32.8,32.8,31.65,32.4,26447
ACROPETAL,20111124,13.65,14.2,13.6,13.95,69851
ADANIENT,20111124,291.75,325,279.05,317.3,4049487
ADANIPOWER,20111124,72.25,74.95,71,73.4,517898
ADFFOODS,20111124,46,46.85,44.65,45.75,10149
ADHUNIK,20111124,40.65,40.65,38.5,39.55,92380
ADORWELD,20111124,120.65,124,120.65,123.25,1176
ADSL,20111124,23.8,24,23,23.55,78898
ADVANIHOTR,20111124,31,31.1,31,31,620
ADVANTA,20111124,326,334,310,319.6,105219
AEGISCHEM,20111124,141.7,143.7,133.3,138.15,14932
AFL,20111124,38.5,40.3,35.35,37.4,2061
AFTEK,20111124,10,10.3,9.8,10.15,155314
AGCNET,20111124,138,138,132,133,626
AGRE,20111124,32.4,36.6,32.4,36.4,2938
AGRODUTCH,20111124,6.05,6.45,5.75,6.15,14061
AHLEAST,20111124,271,289.45,271,289.2,104
AHLUCONT,20111124,68,70.95,63,70.15,13520
AHLWEST,20111124,133,139.2,133,134.1,81
AHMEDFORGE,20111124,92.1,94,91.1,92.8,12203
AIAENG,20111124,295,300,290,290.75,2126
AJANTPHARM,20111124,315,324.1,312.2,323,8484
AJMERA,20111124,96.15,100.5,95.4,98.65,4335
AKSHOPTFBR,20111124,6.5,7,6.4,6.9,354561
AKZOINDIA,20111124,842,842,812.1,815.9,5866
ALBK,20111124,145.5,148.85,143.8,146.55,1201419
ALCHEM,20111124,257.9,258,257.05,257.7,129589
ALEMBICLTD,20111124,16,16.6,15.65,15.8,17527
ALFALAVAL,20111124,2161,2191,2161,2172.95,3608
ALICON,20111124,67.7,67.7,67.7,67.7,50
ALKALI,20111124,31,31.85,30.15,31.25,7570
ALKYLAMINE,20111124,90.05,90.05,87.75,87.75,157
ALLCARGO,20111124,117,123,116,122.55,1554
ALLSEC,20111124,12.55,13.5,12.35,13.35,1354
ALMONDZ,20111124,20.75,21.25,18.5,19.35,27172
ALOKTEXT,20111124,17.2,17.8,15.7,17.5,10671424
ALPA,20111124,7.1,7.75,7,7.2,4435
ALPHAGEO,20111124,65.45,73.85,61.75,67.65,5599
AMAR,20111124,124.5,125.95,122,124.1,197999
AMARAJABAT,20111124,204,209.85,204,207.3,9277
AMARJOTHI,20111124,47,49.8,44.2,47.05,2269
AMBIKCO,20111124,160,170,160,166.4,209
AMBUJACEM,20111124,146.5,152.4,141.15,150.75,4060068
AMDIND,20111124,14.05,14.25,12.25,13.15,25708
AMRUTANJAN,20111124,700.1,711.9,691,694.2,83169
AMTEKAUTO,20111124,122.1,130.9,113.25,126.55,2369824
AMTEKINDIA,20111124,78,79.15,75.25,78.35,263975
ANANTRAJ,20111124,44.1,46,43,45.45,95015
ANDHRABANK,20111124,96.95,99.2,94.4,98,639098
ANDHRSUGAR,20111124,110,112,109,110.4,12616
ANGIND,20111124,17,17.6,17,17.6,1940
ANIKINDS,20111124,29,29.95,29,29.95,32
ANSALAPI,20111124,27.3,28.15,26.8,27.75,169778
ANSALHSG,20111124,32.75,32.75,26.05,30.2,91802
APARINDS,20111124,126,134,124,131.7,5744
APCOTEXIND,20111124,140,147.9,140,145.6,577
APIL,20111124,420,439,397.15,423.1,283330
APLLTD,20111124,38.5,40.75,38.5,40.1,14340
APOLLOHOSP,20111124,573.3,610.1,567.35,602.2,167191
APOLLOTYRE,20111124,60.55,66,60.1,64.6,2925198
APPAPER,20111124,167.75,167.95,163.05,165.1,5311
APTECHT,20111124,89,90.6,86.65,89.65,247110
AQUA,20111124,14.1,14.7,13.85,14.3,116476
ARCHIES,20111124,30.5,31.8,29.55,31.15,33308
AREVAT&D,20111124,191.95,207.95,189.15,204.4,161590
ARIES,20111124,74.5,77.5,71.15,76.2,4443
ARIHANT,20111124,54,54,54,54,21
ARL,20111124,2.05,2.05,2,2,66518
AROGRANITE,20111124,35.8,35.8,35.8,35.8,2
ARROWTEX,20111124,6.1,7,6.1,6.95,4222
ARSHIYA,20111124,138.1,148,138,145.45,49500
ARSSINFRA,20111124,194.75,197.5,184.45,193.25,229340
ARVIND,20111124,83.95,88.2,81.05,87.15,4029024
ASAHIINDIA,20111124,52.3,53.4,50.5,52.3,23639
ASAHISONG,20111124,78.05,81.85,77.55,79,3841
ASAL,20111124,41.95,42.1,40.7,41.25,904
ASHAPURMIN,20111124,13.9,14.7,13.6,13.9,24556
ASHIANA,20111124,156.75,157,154,154,142
ASHIMASYN,20111124,4.05,4.15,3.95,4,4131
ASHOKA,20111124,239.75,239.75,238,238.75,433
ASHOKLEY,20111124,24.9,25.1,24.25,24.45,5370064
ASIANELEC,20111124,6.5,6.6,6.15,6.25,25439
ASIANHOTNR,20111124,162.7,171.95,162.7,167.9,467
ASIANPAINT,20111124,2880,2890,2834,2875.35,36164
ASIANTILES,20111124,37,37,33.35,34.3,5433
ASIL,20111124,1.85,1.85,1.8,1.8,5500
ASSAMCO,20111124,8.15,8.5,7.8,8,181015
ASTEC,20111124,27,29,26.6,28.3,8618
ASTERSILI,20111124,10.5,10.95,10.15,10.25,8052
ASTRAL,20111124,154,155,151,153.9,7481
ASTRAMICRO,20111124,35,35.75,34.6,35.3,14432
ASTRAZEN,20111124,1249,1258.9,1245.05,1258.9,97
ATFL,20111124,367.25,372.9,361.9,365.3,14030
ATLANTA,20111124,58.8,62,58.2,60.45,104376
ATLASCYCLE,20111124,280.9,280.9,262.3,269.9,7740
ATNINTER,20111124,0.85,0.85,0.85,0.85,401
ATUL,20111124,171.8,173.4,165,171.2,18178
AURIONPRO,20111124,123,135,123,124.3,490
AUROPHARMA,20111124,90,92.25,87.75,90.6,2775353
AUSOMENT,20111124,33.1,35.55,33.1,34.2,800
AUTOAXLES,20111124,359,359,342.15,351.85,448
AUTOIND,20111124,70.35,72.9,69.75,71.75,12886
AUTOLITIND,20111124,13.35,13.95,13.25,13.4,6581
AVENTIS,20111124,2251.05,2288,2181.6,2222.2,766
AVTNPL,20111124,290.2,309.5,286.3,306.35,2226
AXIS-IT&T,20111124,74.5,76.5,72.5,75.8,11437
AXISBANK,20111124,940,964.7,935.65,957.25,3037875
AXISGOLD,20111124,2793,2809,2793,2800.05,229
BAGFILMS,20111124,4.45,4.5,4.15,4.35,83980
BAJAJ-AUTO,20111124,1601.8,1676.9,1567.55,1654.8,770419
BAJAJCORP,20111124,104,106.9,103,105.9,120167
BAJAJELEC,20111124,174.5,180,172,177.45,17405
BAJAJFINSV,20111124,468,473.85,456,461.75,39643
BAJAJHIND,20111124,27.25,29.25,26.45,28.8,8403435
BAJAJHLDNG,20111124,721.2,749.2,715,736.7,70894
BAJFINANCE,20111124,631.7,639.45,618.3,634.95,14293
BALAJITELE,20111124,30,30,29.1,29.55,38698
BALAMINES,20111124,36.9,36.9,33.25,35.75,10428
BALKRISIND,20111124,178.95,178.95,173,177.25,3913
BALLARPUR,20111124,24.05,24.1,23.8,24,65427
BALMLAWRIE,20111124,539,548,536,537.25,3164
BALPHARMA,20111124,18,18.15,17.6,17.95,1370
BALRAMCHIN,20111124,43.1,45.9,42.4,45.5,1527777
BANARISUG,20111124,515.95,515.95,496,508,600
BANCOINDIA,20111124,64.7,64.7,62.25,62.4,9251
BANG,20111124,17.3,18.4,16.8,18.3,1847
BANKBARODA,20111124,694.8,694.8,675.65,685.85,941526
BANKBEES,20111124,843.7,858.5,840,853.63,2656
BANKINDIA,20111124,328,353,321.1,345.15,1327587
BANSWRAS,20111124,75,75.6,73.55,75,8084
BARTRONICS,20111124,40.3,40.7,39,40.25,52060
BASF,20111124,549,552,533.05,537.75,2104
BASML,20111124,47.05,47.95,47.05,47.85,1159
BATAINDIA,20111124,609.6,636.6,603.35,630.25,489338
BATLIBOI,20111124,14.4,14.95,14.4,14.95,585
BAYERCROP,20111124,805.05,818,796,802.45,3506
BBL,20111124,590,607,575,583.3,3044
BBTC,20111124,376.15,389.5,370.1,373.9,2634
BECREL,20111124,7.7,7.75,7.7,7.75,102
BEDMUTHA,20111124,44.05,44.05,44.05,44.05,7228
BEL,20111124,1500,1529,1472.05,1499.8,140034
BELLCERATL,20111124,11,11.8,10.8,11.8,253
BEML,20111124,440,467,439,462.2,88077
BEPL,20111124,22.5,24.45,21,21.5,2219
BERGEPAINT,20111124,99.4,102.2,99.4,101.8,42859
BFINVEST,20111124,49.9,49.9,45.1,47,2293
BFUTILITIE,20111124,351.05,353.8,333,345.1,426632
BGLOBAL,20111124,10.5,11.2,10.5,10.7,68886
BGRENERGY,20111124,246.85,263,240.1,257.05,403290
BHAGWATIHO,20111124,71,71.9,69.05,70.8,2162
BHAGYNAGAR,20111124,15.7,15.7,15,15.15,8633
BHARATFORG,20111124,260.55,272,254.6,268.65,249217
BHARATGEAR,20111124,50.05,50.05,42.8,43.1,2412
BHARATRAS,20111124,109,120,104,111.4,752
BHARTIARTL,20111124,367,384.5,363.2,378.7,12051919
BHARTISHIP,20111124,78,79.7,72.6,78.8,92100
BHEL,20111124,256.9,265,246,261.75,5812320
BHUSANSTL,20111124,316.05,319.8,313.2,318,172938
BIL,20111124,50.5,54.6,50.05,54.6,9979
BILPOWER,20111124,75.85,75.85,64.3,67.3,865
BIMETAL,20111124,242.8,263,242.8,246.95,737
BINANIIND,20111124,96,102.15,95.3,101.45,11041
BINDALAGRO,20111124,60,64.45,60,60.7,253112
BIOCON,20111124,306,311.2,298.6,306.75,501268
BIRLACORPN,20111124,284.05,288,268.75,281.25,37941
BIRLACOT,20111124,0.35,0.35,0.3,0.3,735280
BIRLAERIC,20111124,11,11.4,10.8,11.4,873
BIRLAPOWER,20111124,0.6,0.6,0.5,0.55,3113337
BLISSGVS,20111124,25.05,25.05,24.2,24.75,17189
BLKASHYAP,20111124,10.45,10.45,9.6,10,47202
BLUECHIP,20111124,0.95,0.95,0.9,0.9,21818
BLUECOAST,20111124,141.25,141.25,141.25,141.25,15
BLUEDART,20111124,1470,1489,1450,1471.3,2945
BLUESTARCO,20111124,170,170,165,166.75,16080
BLUESTINFO,20111124,66,70,66,70,368
BOC,20111124,280.5,280.95,275,278.6,5375
BODALCHEM,20111124,14.4,15.05,13.85,15,10751
BOMDYEING,20111124,346.75,369.8,341.3,366.45,436838
BOSCHLTD,20111124,6863,7000,6806,6949.4,3387
BPCL,20111124,502.5,509.95,486.6,502.95,896114
BPL,20111124,17.35,17.35,15.65,16.25,36238
BRANDHOUSE,20111124,14.15,14.6,13.6,14.2,100154
BRFL,20111124,260,279.9,236.6,269.75,429468
BRIGADE,20111124,51.2,51.55,50.05,51.15,6922
BRITANNIA,20111124,465.05,472.95,459,468.65,7923
BROADCAST,20111124,6.9,6.9,6.65,6.65,51
BROOKS,20111124,16.7,16.8,15.1,16.4,66125
BSELINFRA,20111124,3,3.05,2.85,2.9,22214
BSL,20111124,20,22,20,21.9,353
BSLGOLDETF,20111124,2840.05,2895.3,2830,2851.2,157
BSLNIFTY,20111124,49,50,45.9,49.49,469
BSTRANSCOM,20111124,102,108.5,102,106.8,17002
BVCL,20111124,13,13,12.45,13,5685
CADILAHC,20111124,717.05,724.7,710.05,718.9,28517
CAIRN,20111124,292.3,309.5,292,301.15,2793600
CALSOFT,20111124,21.2,21.95,20.5,21.95,390
CAMBRIDGE,20111124,14.55,16,14.55,15.75,2505
CAMLIN,20111124,37.8,38.2,34.7,36.7,170464
CANBK,20111124,436,446,412.6,438.9,850203
CANDC,20111124,97.5,98,92.15,94,1093
CANFINHOME,20111124,90.45,90.45,88.9,89.55,3899
CANTABIL,20111124,19.4,19.7,18.45,18.65,41705
CARBORUNIV,20111124,150,159.5,150,158.35,110149
CAREERP,20111124,244.7,248.8,240.25,246.85,3581
CAROLINFO,20111124,130.05,145.5,130.05,145.5,29
CASTROL,20111124,421.05,425.95,410,422.6,48631
CCCL,20111124,18.65,18.65,16.8,18.05,46698
CCL,20111124,141.05,143,138.1,141,4878
CEATLTD,20111124,72.3,73.25,70.05,72.35,38787
CEBBCO,20111124,44.1,46.5,42.2,45.65,14075
CELEBRITY,20111124,4.7,5,4.5,4.8,7438
CELESTIAL,20111124,18.9,20.9,18,19.85,6039
CENTENKA,20111124,126,127.95,121.75,126.05,5384
CENTEXT,20111124,2.05,2.2,2,2.2,22840
CENTRALBK,20111124,87,91.2,84.25,90.1,930521
CENTUM,20111124,53.35,59.35,53.35,55.1,156
CENTURYPLY,20111124,48.1,50,48.1,48.95,13899
CENTURYTEX,20111124,269.15,276.3,265.1,270.9,862052
CERA,20111124,174.85,179,171.5,178.75,1109
CESC,20111124,240.05,257.7,233.75,252.1,300742
CHAMBLFERT,20111124,84,85,82.1,83.5,2756695
CHEMFALKAL,20111124,41.1,41.1,40.5,40.7,260
CHEMPLAST,20111124,4.65,4.75,4.4,4.7,36559
CHENNPETRO,20111124,186,186,173.85,176.05,485673
CHETTINAD,20111124,492.95,500,435.55,462,559
CHOLAFIN,20111124,126,136.6,125.45,133.4,6793
CILNOVA,20111124,15.5,15.5,15.5,15.5,155
CIMMCO,20111124,70,80,70,80,31
CINEMAX,20111124,30.05,31.5,30.05,30.65,17824
CINEVISTA,20111124,2.75,3,2.7,2.95,1220
CIPLA,20111124,313.8,319.25,308,314.45,1138590
CLASSIC,20111124,7.4,7.4,6.7,7.1,8676
CLNINDIA,20111124,614.6,617.75,603.05,609.95,2468
CLUTCHAUTO,20111124,29,29.2,26.5,28.5,12729
CMAHENDRA,20111124,149,149,137.35,142.95,23455
CMC,20111124,919,1036.8,886,898.45,16069
COALINDIA,20111124,302.1,305.95,298.1,304.15,3583744
COLPAL,20111124,982,992.7,962.25,974.45,170274
COMPUAGE,20111124,62.15,68.15,62.1,66,195
CONCOR,20111124,937.05,944.65,900,914.95,6369
CONSOFINVT,20111124,51.5,54.85,51.25,52.9,1183
CORAL-HUB,20111124,4.3,4.55,4.15,4.5,3641
CORDSCABLE,20111124,28.25,28.25,27.25,27.7,1120
COREEDUTEC,20111124,268,268,260,264.95,1609510
COROENGG,20111124,225.55,249.1,225.55,249.1,2
COROMANDEL,20111124,298.95,298.95,287,291.15,35673
CORPBANK,20111124,357.6,358,350,355.1,40968
COSMOFILMS,20111124,76,79.95,75.1,79.6,6185
COX&KINGS,20111124,187.35,190.7,185,187.2,63183
CREATIVEYE,20111124,5,5,4.85,4.85,3982
CRESTANI,20111124,26.05,26.9,25.65,26.7,6680
CREWBOS,20111124,25.2,26.55,24.8,25.3,94452
CRISIL,20111124,865.35,895,848,884.25,19947
CROMPGREAV,20111124,114.45,118.25,112.1,117.2,1837249
CRONIMET,20111124,20.6,21.95,20.6,21.4,35437
CTE,20111124,8.2,8.3,8.15,8.25,945
CUB,20111124,43,44.55,42.55,43.95,189440
CUBEXTUB,20111124,9.3,9.3,8.25,9.2,732
CUMMINSIND,20111124,337,353.95,332.15,348.05,174969
CURATECH,20111124,80.05,80.05,71.75,72.5,238
CYBERTECH,20111124,10.15,10.3,9.9,10.1,8739
DAAWAT,20111124,39.5,41,39.5,40.5,23991
DABUR,20111124,98.3,99.95,95.3,96.35,1414911
DALMIABEL,20111124,98.95,98.95,89.05,90,5827
DALMIASUG,20111124,14.15,14.9,14,14.45,4137
DATAMATICS,20111124,24,25,23.05,24.2,1939
DBCORP,20111124,200,203.1,200,201.95,6898
DBREALTY,20111124,74.3,77.4,61.6,65.4,4806716
DCB,20111124,35.4,37.9,34.95,37,2090389
DCHL,20111124,44.95,45.85,44,44.65,499156
DCM,20111124,52.05,52.65,49.1,52.05,68108
DCMSRMCONS,20111124,41.5,41.7,40.75,41.45,14157
DCW,20111124,8.4,8.7,8.3,8.45,114200
DECCANCE,20111124,143,143,143,143,30
DECOLIGHT,20111124,3,3.25,3,3.15,3570
DEEPAKFERT,20111124,152.05,156,151.5,152.3,20680
DEEPAKNTR,20111124,160,160,147,147,18
DEEPIND,20111124,63.55,65.1,63.25,63.55,8113
DELTACORP,20111124,65.2,73.7,65.2,72.4,9140194
DELTAMAGNT,20111124,27.5,27.5,27.5,27.5,100
DEN,20111124,58.95,58.95,54,56.5,123490
DENABANK,20111124,62.9,62.9,60.2,61.85,2113132
DENORA,20111124,78.05,80.05,78,80,471
DENSO,20111124,48.7,52.4,48.6,51.6,4184
DEWANHOUS,20111124,191.7,199,186.55,195.7,74539
DHAMPURSUG,20111124,33.55,33.55,31.4,32.3,70557
DHANBANK,20111124,55.15,59,54.05,57.45,480113
DHANUKA,20111124,100,100,96,97.85,22571
DHARSUGAR,20111124,28.25,28.25,27.2,27.7,2297
DIAPOWER,20111124,99.05,103,99.05,101,23559
DICIND,20111124,204.85,204.85,195.15,202.55,289
DIGJAM,20111124,7.65,8,7.55,7.8,29487
DISHMAN,20111124,45.8,54.5,42.6,45.15,65637
DISHTV,20111124,60.3,61.95,58.55,61.3,3950513
DIVISLAB,20111124,713.3,731.9,693.1,725,197845
DLF,20111124,197.45,199.65,190.65,197.9,5596273
DLINKINDIA,20111124,16.15,17.45,16.15,17.2,18741
DOLPHINOFF,20111124,78,82.3,77.5,81.45,14838
DONEAR,20111124,19.95,19.95,18.2,19.1,1659
DPSCLTD,20111124,2200.1,2370,2200.1,2338.35,191
DPTL,20111124,108.5,111.4,108.5,110.75,4004
DQE,20111124,23.5,25.3,23.15,24.25,1685
DREDGECORP,20111124,210,216.5,210,213.6,4468
DRREDDY,20111124,1522,1605,1516,1578.8,516991
DSKULKARNI,20111124,52.1,52.5,51,51.75,13007
DWARKESH,20111124,38,38,35,35.9,13113
DYNAMATECH,20111124,1040,1088,1030,1070,281
EASTSILK,20111124,4.15,4.3,4,4.1,51888
ECEIND,20111124,93,95,91.5,94.35,87
ECLERX,20111124,731.05,731.05,717,724.7,6298
EDELWEISS,20111124,24.5,25.25,24.25,24.95,65302
EDL,20111124,67.05,70,67.05,68.15,4114
EDSERV,20111124,51.25,51.25,51.25,51.25,12635
EDUCOMP,20111124,177,195.45,162,193.1,3759134
EICHERMOT,20111124,1629,1629,1590.15,1613.5,4057
EIDPARRY,20111124,198.8,202.85,192.55,200.5,7656
EIHAHOTELS,20111124,138.9,139,131,131.15,518
EIHOTEL,20111124,84.2,85,81.15,83.2,137853
EIMCOELECO,20111124,160.5,164.5,160.5,161.6,119
EKC,20111124,40.15,42,38.7,41.1,665243
ELDERPHARM,20111124,378.5,380.05,372.1,374.6,50169
ELECON,20111124,58.55,60,57.65,59.7,23035
ELECTCAST,20111124,20.5,21.05,20.15,20.75,68641
ELFORGE,20111124,9,9,9,9,125
ELGIEQUIP,20111124,70,70.55,69.75,70.5,13060
ELGIRUBCO,20111124,20.2,21,20.1,21,4141
ELNET,20111124,26.8,26.8,26.75,26.8,361
EMAMIINFRA,20111124,21.85,22,20.85,20.9,28767
EMAMILTD,20111124,402,405.9,396.35,402.9,124243
EMCO,20111124,37,37.7,35.5,36,23864
EMKAY,20111124,38.5,39.7,37.1,38.45,1996
EMMBI,20111124,10.8,14.2,10.8,13.85,5458
EMPEESUG,20111124,11.6,11.95,11.05,11.2,3682
ENERGYDEV,20111124,38.9,39.45,37.05,39,9234
ENGINERSIN,20111124,211.95,211.95,203.15,208.8,252073
ENIL,20111124,221.15,240.4,214.2,233.75,17842
EONELECT,20111124,38.3,40,37.05,39.15,6548
ERAINFRA,20111124,149,149.45,148.45,148.8,240458
EROSMEDIA,20111124,209.3,215.5,204,213.2,199294
ESABINDIA,20111124,472.2,472.2,465,471.5,6992
ESCORTS,20111124,77.2,80.75,76.4,80,1138647
ESL,20111124,4.9,4.9,4.45,4.5,1299913
ESSAROIL,20111124,67.9,70,66.3,68.6,1958444
ESSARPORTS,20111124,67.5,70.4,66.5,69.8,27326
ESSDEE,20111124,138.7,143,134.5,139.9,16959
ESSELPACK,20111124,27.5,27.6,26.45,27.15,18603
ESTER,20111124,23.5,23.5,21.85,22.15,64014
EUROMULTI,20111124,5.75,5.95,5.45,5.95,2710
EUROTEXIND,20111124,19.95,19.95,18.15,18.3,841
EVEREADY,20111124,27.5,27.75,26.5,27.5,29201
EVERESTIND,20111124,125,125.2,122,124.85,6877
EVERONN,20111124,302.75,306.5,297.6,302.65,69101
EXCELCROP,20111124,128,133.5,128,133.05,18767
EXCELINDUS,20111124,59.5,60,56.5,58.25,585
EXCELINFO,20111124,10,10.25,9.95,10.1,29724
EXIDEIND,20111124,111.15,117.2,110.05,114.5,2084226
FACT,20111124,23.1,24.4,22.05,23.75,40087
FAGBEARING,20111124,1155,1209,1155,1195.85,384
FAME,20111124,37.05,42.95,37.05,39.55,1553
FARMAXIND,20111124,2.4,2.6,2.4,2.4,31443
FCH,20111124,133,136.3,133,135.5,43904
FCSSOFT,20111124,0.5,0.5,0.45,0.45,887933
FDC,20111124,83,83.05,81.25,81.6,33890
FEDDERLOYD,20111124,52,54,50,52.05,7164
FEDERALBNK,20111124,342,358.6,332.15,354.35,475955
FIEMIND,20111124,151.55,162.5,151.55,162.5,3126
FILATEX,20111124,39,40,38.65,39.55,183
FINANTECH,20111124,560,560,540.05,553.45,245177
FINCABLES,20111124,30.1,30.65,29,30.35,28401
FINPIPE,20111124,53.1,55.3,51.65,54.75,51959
FIRSTLEASE,20111124,59.25,59.5,59,59.4,3893
FIRSTWIN,20111124,15,17.85,14.3,15.35,305
FKONCO,20111124,95,95,92.5,93.05,76377
FLEXITUFF,20111124,258,263.45,256,259.5,174492
FMGOETZE,20111124,221.15,224,221.15,223.55,328
FORTIS,20111124,112.65,113.8,111.2,112.7,619468
FOSECOIND,20111124,556.95,556.95,535.15,549,122
FSL,20111124,8.2,8.35,7.75,8.05,8581080
FUTUREVENT,20111124,8.55,8.9,8.35,8.8,395499
GABRIEL,20111124,43.65,43.95,43.5,43.6,8783
GAEL,20111124,19.15,20.3,19.1,20.1,6454
GAIL,20111124,373,389.95,372,386.9,2161402
GAL,20111124,15.9,16.35,15.45,15.45,12148
GALLANTT,20111124,21.2,21.2,21.2,21.2,197
GAMMNINFRA,20111124,11.95,12.2,11.7,12,39391
GAMMONIND,20111124,52,52.9,50.2,51.45,17918
GANDHITUBE,20111124,124.8,125,124.8,125,249
GANESHHOUC,20111124,105,107.75,102.55,105.1,1191
GANGOTRI,20111124,4,4,3.45,3.7,4063
GARDENSILK,20111124,57.4,59.5,57,58.2,4592
GARWALLROP,20111124,47,47.85,45.5,47.55,2722
GATI,20111124,27.55,27.95,25.7,27.25,387920
GAYAPROJ,20111124,121.1,125,121.1,124.95,10829
GDL,20111124,127,128,121.35,126.6,21400
GEECEE,20111124,30.5,31.5,30.5,31,6076
GEINDSYS,20111124,107.1,122.9,102.25,119.05,10112
GEMINI,20111124,21.5,21.9,20.5,21.65,32005
GENESYS,20111124,152.95,152.95,138,140.35,3314
GENUSPOWER,20111124,12.75,12.85,11.8,11.95,194481
GEODESIC,20111124,48.95,49.45,48,49.3,65361
GEOJITBNPP,20111124,16,16.6,15.65,16.1,92561
GEOMETRIC,20111124,38.7,40.45,37.5,39.8,34055
GESHIP,20111124,207,221,205,215.5,76126
GHCL,20111124,30.1,31.85,30,31.55,67011
GICHSGFIN,20111124,78,78,75.1,76.95,50952
GILLANDERS,20111124,71.1,72,68.05,70.75,3177
GILLETTE,20111124,1905,1930,1890,1920.7,2414
GINNIFILA,20111124,6.35,6.35,5.65,5.85,17569
GIPCL,20111124,70.95,71.4,66.65,70.35,7460
GISOLUTION,20111124,10.8,11.8,10.8,11.45,7587
GITANJALI,20111124,330.95,334.05,320,323.8,2495985
GKB,20111124,31.15,31.15,31.15,31.15,1
GKWLIMITED,20111124,450,450,431,445,22
GLAXO,20111124,1862,1962,1862,1949.8,24966
GLENMARK,20111124,310.05,318.25,310.05,314.2,614195
GLFL,20111124,2.65,2.65,2.3,2.55,203
GLOBALVECT,20111124,15.7,17.25,15.1,16.8,5075
GLOBOFFS,20111124,68.45,72,68.05,68.5,1926
GLOBUSSPR,20111124,103.05,103.05,94.05,100.5,32231
GLODYNE,20111124,230,230,191.15,209.5,456122
GLORY,20111124,2.7,2.9,2.7,2.8,39169
GMBREW,20111124,66.2,67,65,65.4,1469
GMDCLTD,20111124,164.85,174.95,163.05,171.05,468445
GMRINFRA,20111124,19.6,21.3,19.4,20.7,11027864
GNFC,20111124,81.5,82.9,80.6,81.1,31631
GOACARBON,20111124,68.05,70.4,68,68.3,4329
GODFRYPHLP,20111124,2810,2927.15,2652,2901.85,871
GODREJCP,20111124,384.05,386.9,376.9,383,112563
GODREJIND,20111124,170.1,180,170.1,176.95,888987
GODREJPROP,20111124,622.4,660,622.4,644.4,8590
GOENKA,20111124,34,35.15,33.2,34.3,4213
GOKEX,20111124,85,88.65,80.2,86.85,1914
GOKUL,20111124,85,88.7,83.15,84.95,13812
GOLDBEES,20111124,2741,2753.9,2732.2,2748.85,87971
GOLDENTOBC,20111124,43.1,46,42.05,45.25,3514
GOLDIAM,20111124,29.25,31,29.25,30.95,364
GOLDINFRA,20111124,8.8,9.9,8.7,9.65,4438
GOLDSHARE,20111124,2701,2717.8,2701,2708.25,4072
GOLDTECH,20111124,6.15,6.3,5.75,6.25,5818
GPIL,20111124,119,121,118.5,120.1,51197
GPPL,20111124,58.5,60,58.5,60,27967
GRABALALK,20111124,16.75,17,15.65,16.8,4403
GRANULES,20111124,60.5,62.45,60.15,60.9,1456
GRAPHITE,20111124,72,72,70.4,70.95,56187
GRASIM,20111124,2256,2339,2205.1,2316.55,84708
GRAVITA,20111124,406.4,412.2,397.1,406.35,155709
GREAVESCOT,20111124,74.75,74.75,70.3,73.8,8132
GREENPLY,20111124,195.35,200.5,195.35,197.4,1795
GREENPOWER,20111124,10.8,11.05,10.4,10.8,587742
GRINDWELL,20111124,246.5,246.5,240.35,244.35,785
GRUH,20111124,523.2,524.9,514.95,518.8,2516
GSFC,20111124,464,464,444.15,447.35,93117
GSKCONS,20111124,2420.1,2499,2420,2490.65,2837
GSLNOVA,20111124,2.2,2.4,2.2,2.35,1820
GSPL,20111124,87.95,89,86.05,87.65,2298074
GSS,20111124,121.25,124.8,121.25,124.1,3879
GTL,20111124,36.95,37.35,36,36.95,491471
GTLINFRA,20111124,8.5,8.55,8.1,8.4,433222
GTNIND,20111124,10.95,10.95,10.05,10.95,687
GTNTEX,20111124,10.95,11.5,10.55,10.8,2840
GTOFFSHORE,20111124,94.15,101.6,92.65,98.75,232303
GUFICBIO,20111124,5.75,5.75,5.6,5.6,1007
GUJALKALI,20111124,126.6,131.1,125.95,129.45,60048
GUJAPOLLO,20111124,128.05,130,128,129.5,12125
GUJFLUORO,20111124,390.95,430.95,371.25,420.3,263526
GUJNRECOKE,20111124,18,18.35,17.4,17.95,1805260
GUJNREDVR,20111124,17,17.4,14,14.4,11292
GUJRATGAS,20111124,366.55,377,364,370.8,18391
GUJSIDHCEM,20111124,7.6,7.95,7.3,7.5,74308
GULFOILCOR,20111124,55.9,55.9,52.35,54.7,144177
GVKPIL,20111124,10.3,10.55,10.1,10.45,9245346
HALONIX,20111124,60,62.9,58.05,62.9,518
HANUNG,20111124,88.5,92.05,87,90.15,102210
HARITASEAT,20111124,76.3,87.6,76.3,87.6,28
HARRMALAYA,20111124,61.35,64.5,59.65,62.6,11664
HATHWAY,20111124,105,107.2,100.6,103.7,154043
HAVELLS,20111124,390.5,409.9,390.5,405.55,277795
HBLPOWER,20111124,16,16.75,16,16.65,11392
HBSTOCK,20111124,10.55,10.55,10.55,10.55,200
HCC,20111124,20.65,21.55,19.9,21.3,7337735
HCIL,20111124,48.55,49.5,46.65,48.25,74941
HCL-INSYS,20111124,51,51.6,50.35,51.35,51584
HCLTECH,20111124,384,398,372.65,393.45,1595177
HDFC,20111124,623,630,607.1,626.1,3268857
HDFCBANK,20111124,428.8,435,411.3,429.65,7221297
HDFCMFGETF,20111124,2800,2819,2783,2793.1,5901
HDIL,20111124,64,66.25,62.65,65.9,12292585
HEG,20111124,171.95,171.95,163.1,168.8,25145
HEIDELBERG,20111124,30.7,31.35,29.8,30.05,54040
HELIOSMATH,20111124,20.6,20.95,20.25,20.6,4746
HERCULES,20111124,214.1,218,204.3,214.9,33293
HERITGFOOD,20111124,162.95,165,155.35,164.7,1354
HEROMOTOCO,20111124,2112,2153.65,2078.25,2106.9,598972
HEXAWARE,20111124,83.4,86.45,82.75,85.65,1606446
HFCL,20111124,11.2,11.3,10.75,11.05,744776
HGSL,20111124,310.1,319.5,310,318.9,798
HIKAL,20111124,240,252.45,240,250.85,892
HILTON,20111124,12.6,13.85,12.6,13.55,1995
HIMATSEIDE,20111124,28.9,29,27.65,28.35,5742
HINDALCO,20111124,120,120.3,115.85,118.05,9908978
HINDCOMPOS,20111124,440.1,441,440,441,91
HINDCOPPER,20111124,189,189.05,182,184.8,18767
HINDDORROL,20111124,24.75,24.95,22.95,23.8,80976
HINDMOTORS,20111124,10.45,10.6,10.05,10.25,83297
HINDNATGLS,20111124,142,150,141.5,144.2,671
HINDOILEXP,20111124,106,110.9,102,109.4,1626315
HINDPETRO,20111124,290.9,292.6,277.6,280.15,1421746
HINDUJAFO,20111124,64.2,64.2,60.75,62.9,1237
HINDUJAVEN,20111124,312,325.9,307.4,316.1,1035
HINDUNILVR,20111124,383.7,387,379,385,1911340
HINDZINC,20111124,110,112.75,109,111.25,205744
HIRAFERRO,20111124,27.65,27.65,27.65,27.65,51
HIRECT,20111124,39.45,39.45,38.25,38.7,2406
HITACHIHOM,20111124,123.05,126.2,123.05,125.65,3106
HITECHGEAR,20111124,108,113,106.1,110.8,78628
HITECHPLAS,20111124,68.05,77,68.05,73.45,1328
HMT,20111124,32.3,32.6,31.35,31.9,27489
HMVL,20111124,120.1,128.5,120.1,124.9,666
HNGSNGBEES,20111124,1250,1250,1250,1250,17
HOCL,20111124,17.55,19.2,17.55,18.75,26994
HONAUT,20111124,1910,1999,1890,1943.3,1350
HONDAPOWER,20111124,318,320,312.05,318.6,1196
HOPFL,20111124,51.15,51.15,48,49.75,2351
HORIZONINF,20111124,294.8,294.8,240.15,252.35,2065
HOTELEELA,20111124,30.95,33.5,30.55,33,573881
HOVS,20111124,37.15,40.2,37.15,39.45,6555
HSIL,20111124,155.2,158.75,148.35,150,115385
HTMEDIA,20111124,119,120.9,115.2,117.45,2020
HUBTOWN,20111124,177,181.9,170,179.9,6378
HYDRBADIND,20111124,296,298.5,287,297.5,6637
HYDROS&S,20111124,15,17,14.95,17,910
IBPOW,20111124,9.95,10.15,9.7,10,262517
IBREALEST,20111124,60.3,63.75,59.05,62.05,7402528
IBSEC,20111124,6.7,6.7,6.25,6.45,366635
IBWSL,20111124,4.15,4.6,4.15,4.6,296601
ICICIBANK,20111124,726,736,719,730.1,5404456
ICRA,20111124,884,886,866.3,884.45,1679
ICSA,20111124,41.5,41.9,36.3,39.2,196621
IDBI,20111124,90.75,93.9,88.5,93.4,2454814
IDBIGOLD,20111124,2805,2910,2805,2873.15,102
IDEA,20111124,93,95.7,92.95,94.75,8472187
IDFC,20111124,104,107.8,102,106.95,6223993
IFBIND,20111124,71.5,72.4,70,71.3,10478
IFCI,20111124,22,25.45,20.75,24.3,41272081
IFGLREFRAC,20111124,33,33,32,32.95,1248
IGARASHI,20111124,38.5,40.5,35.15,36.95,1665
IGL,20111124,390,404.5,388.4,399.4,160702
IGPL,20111124,16.35,16.8,15.8,16.05,252
IIFLNIFTY,20111124,466,476.3,463.55,474.8,9343
IITL,20111124,200,205.05,200,204.25,2210
IL&FSENGG,20111124,71.9,71.9,68.1,69.4,8106
IL&FSTRANS,20111124,177,178,172.05,174.1,13182
IMFA,20111124,270.8,295,270.8,293.1,855
IMPAL,20111124,620,620,607.5,617.25,349
IMPEXFERRO,20111124,5.7,5.9,5.6,5.75,9075
INDBANK,20111124,6.95,6.95,6.15,6.35,18399
INDHOTEL,20111124,57.7,59.7,56.95,58.1,1320334
INDIABULLS,20111124,120.5,134,119.65,132.7,932872
INDIACEM,20111124,69,71.4,67.65,70.3,1308218
INDIAGLYCO,20111124,124.5,127,121.8,122.65,49418
INDIAINFO,20111124,56.7,65.25,53.55,62.3,1410979
INDIANB,20111124,189.8,191.6,185.05,189.8,333487
INDIANCARD,20111124,82.8,86.8,82.65,84.05,1060
INDIANHUME,20111124,104.05,104.7,101.05,104.5,5165
INDLMETER,20111124,51.05,56.7,51.05,56.3,44
INDNIPPON,20111124,162.5,162.5,160,162.5,563
INDOCO,20111124,393,404.95,387.2,391.65,877
INDORAMA,20111124,25,26.95,25,26.65,3769
INDOSOLAR,20111124,6.25,6.7,6.25,6.5,200760
INDOTECH,20111124,91,98.75,90.55,96.15,2372
INDOTHAI,20111124,11.5,12.05,10.9,11.75,83289
INDOWIND,20111124,7.75,7.8,7.45,7.75,371425
INDRAMEDCO,20111124,34.5,34.5,33,33.15,11778
INDSWFTLAB,20111124,78.8,82.6,78.5,82.1,27164
INDSWFTLTD,20111124,24.6,25.2,24.5,24.8,13105
INDTERRAIN,20111124,102.7,102.7,93.65,101.3,614
INDUSFILA,20111124,11.15,11.55,11.15,11.5,1517
INDUSINDBK,20111124,248.5,268,244.3,254.65,1246502
INEABS,20111124,588.05,600,588,594.05,5966
INFINITE,20111124,73,75.75,68.25,74.95,36482
INFODRIVE,20111124,7.4,8.1,7.25,7.85,6724
INFOMEDIA,20111124,9,9.85,8.85,9.7,8221
INFOTECENT,20111124,115.9,117.9,115.6,116.75,6403
INFRABEES,20111124,231.4,237,231.4,236.66,50
INFY,20111124,2641,2684,2586.6,2666.2,1653972
INGERRAND,20111124,406.6,430,406.6,420.8,9636
INGVYSYABK,20111124,291.4,296.05,286.1,295,13105
INNOIND,20111124,85.7,85.7,82.3,84.95,1918
INOXLEISUR,20111124,40,43.15,39.75,42.65,40059
INSECTICID,20111124,383.75,388.65,380.15,382.45,62978
INVENTURE,20111124,149.5,153,149,150.75,138524
IOB,20111124,90.45,94.05,88.6,92.35,561014
IOC,20111124,264.85,266.35,254.7,261.55,937276
IOLCP,20111124,31.55,31.55,27.5,27.6,154
IOLN,20111124,6.95,7.2,6.75,7.05,4451
IPCALAB,20111124,236,243.5,235,242.4,82075
IPGETF,20111124,2840,2840,2801.05,2805.35,619
IPRINGLTD,20111124,53,53,53,53,100
IRB,20111124,140.25,144.8,139.8,142.75,1129702
ISFT,20111124,49,51.4,47.5,50.15,755
ISMTLTD,20111124,25.5,25.5,21.65,24.6,57526
ITC,20111124,193.45,195.9,189.65,192.3,10922165
ITDCEM,20111124,136.95,136.95,130.1,133.2,456
ITI,20111124,18.7,18.95,17.8,18.4,69418
IVC,20111124,27.85,28.55,27,28,29402
IVP,20111124,43.4,45,37.65,44.1,1341
IVRCLAH,20111124,24,25.75,23,25.5,19568
IVRCLINFRA,20111124,31.5,33.4,30.35,32.85,5329293
J&KBANK,20111124,761,761,731.7,748.9,5171
JAGRAN,20111124,101.95,104.8,101.2,103.75,12704
JAGSNPHARM,20111124,11,11.25,11,11.2,2438
JAIBALAJI,20111124,59.3,62.5,59.3,60.55,27999
JAICORPLTD,20111124,70,70.95,67.1,69.8,275952
JAINSTUDIO,20111124,7.25,7.4,7.15,7.2,1073
JAMNAAUTO,20111124,101.9,105,98.05,102,681
JAYAGROGN,20111124,81.2,84,81,83.3,4621
JAYBARMARU,20111124,45.45,46.8,43.1,45.15,1377
JAYNECOIND,20111124,14,14.9,14,14.45,42728
JAYSREETEA,20111124,112,112,108.35,110.75,12170
JBCHEPHARM,20111124,68.2,70.35,67.65,70,35551
JBFIND,20111124,112.9,112.9,108.55,110.95,19431
JBMA,20111124,52.25,53.8,52.25,52.25,247
JCTEL,20111124,1.4,1.4,1.4,1.4,562
JENSONICOL,20111124,3.25,3.5,3.25,3.3,16877
JETAIRWAYS,20111124,245,251.8,242.5,247,850227
JHS,20111124,28.55,30,28.25,29.15,10221
JIKIND,20111124,4.7,5.05,4.7,4.85,1849
JINDALPHOT,20111124,121.2,129.4,121.2,128.35,5605
JINDALPOLY,20111124,173.55,176.5,169,174,208595
JINDALSAW,20111124,112.55,121.65,108.4,119.9,960214
JINDALSTEL,20111124,496.25,506.55,490,499.85,1703031
JINDALSWHL,20111124,390.95,410,382,401.25,275841
JINDCOT,20111124,71.25,72.45,68.15,69.85,43631
JINDRILL,20111124,293.5,296.7,290,295.6,26509
JINDWORLD,20111124,90,90,82,86.35,1906
JISLJALEQS,20111124,124.45,124.8,116.5,121.1,1215375
JKCEMENT,20111124,100.05,102.5,100.05,101.3,3466
JKIL,20111124,140.2,150,126,147.65,27624
JKLAKSHMI,20111124,42.1,42.2,40.25,40.9,55532
JKPAPER,20111124,37,37.75,36.7,37.55,155014
JKTYRE,20111124,62.15,64.8,61.25,62.55,62029
JMCPROJECT,20111124,114.8,114.8,107,112.65,4696
JMFINANCIL,20111124,15.1,15.45,14.8,15.1,162371
JMTAUTOLTD,20111124,56.25,58,56.25,57.85,11
JOCIL,20111124,110,117,110,116.4,674
JPASSOCIAT,20111124,60.5,61.95,58.8,61.55,20042623
JPINFRATEC,20111124,39.05,40.2,38.65,39.3,388582
JPPOWER,20111124,34.25,34.8,33.65,34.1,4232220
JSL,20111124,71.8,74.05,68.35,69.35,452691
JSWENERGY,20111124,41,41.35,39.8,40.5,965691
JSWISPAT,20111124,10.05,10.6,9.65,10.1,7853129
JSWSTEEL,20111124,550.9,575,535.4,568.2,2927137
JUBILANT,20111124,189.05,191.9,176.5,179.85,55852
JUBLFOOD,20111124,764,764.05,736,752.65,875495
JUBLINDS,20111124,200,208,196,206.35,20695
JUMBO,20111124,14.1,14.5,14,14.2,688
JUNIORBEES,20111124,90.25,91.8,89,91.64,120952
JUPITER,20111124,11.9,11.9,9.55,9.95,144229
JVLAGRO,20111124,14.1,14.7,13.95,14.5,26632
JYOTHYLAB,20111124,136.75,139,135.55,137.9,6103
JYOTISTRUC,20111124,47.1,48.5,46.1,47.85,105040
KABRAEXTRU,20111124,35.5,35.95,33.2,34.25,2243
KAJARIACER,20111124,88.05,92.25,88.05,90.05,455173
KAKATCEM,20111124,66.3,66.3,65.1,65.4,463
KALECONSUL,20111124,96.05,97.85,94,96.4,10117
KALINDEE,20111124,91.2,93.5,90.55,93,107108
KALPATPOWR,20111124,98.5,99.95,97.05,98.05,76960
KAMATHOTEL,20111124,109,110,91.85,94.1,104391
KANDAGIRI,20111124,60,60,59.5,59.5,125
KANORICHEM,20111124,27.15,28.95,27.15,27.5,11690
KANSAINER,20111124,851,879,851,871.4,1845
KARMAENG,20111124,15.55,16,15.4,16,3668
KARURKCP,20111124,21,22,21,22,2
KARURVYSYA,20111124,360,367.9,349,365.6,93344
KAUSHALYA,20111124,6.5,6.85,6.35,6.55,2258
KAVVERITEL,20111124,125,129,122.65,127.9,35052
KBIL,20111124,610,610,610,610,8
KCP,20111124,24.6,25,24.35,24.7,36102
KCPSUGIND,20111124,16.2,16.8,16.2,16.55,29612
KEC,20111124,40.15,41.6,39.2,40.9,213093
KECL,20111124,28.25,29.55,28,29.45,5265
KEI,20111124,14.7,15.3,14.6,14.7,28947
KEMROCK,20111124,503.1,505,500,503.45,13318
KERNEX,20111124,57,61.9,57,60.65,54017
KESARENT,20111124,43.1,44.5,42.5,43.1,6627
KESORAMIND,20111124,105.3,106.85,103.5,105.8,6520
KFA,20111124,24.55,25.8,23.35,25.2,9397410
KHAITANELE,20111124,80.3,84.5,80.3,82.75,69
KHAITANLTD,20111124,19.65,19.65,18.25,18.25,490
KICL,20111124,497.9,497.95,436.7,445.65,40
KIL,20111124,12,12.95,12,12.9,4716
KILITCH,20111124,55.5,56,54.5,54.65,3301
KINETICMOT,20111124,14.2,15.4,14.2,14.45,9734
KIRIINDUS,20111124,80,80.9,77,80.3,23482
KIRLOSBROS,20111124,125,125,120.5,120.95,556
KIRLOSENG,20111124,134,134,128.8,129.25,1139
KIRLOSIND,20111124,270,270,252.1,253.1,326
KITPLYIND,20111124,3.2,3.2,2.7,2.9,734
KKCL,20111124,700.5,739.85,665,734.9,4133
KLGSYSTEL,20111124,26,26.7,24.55,26.2,11720
KLRF,20111124,24,26.25,23.15,25.25,826
KMSUGAR,20111124,2.05,2.5,2.05,2.45,2613
KNRCON,20111124,92.5,94,90.1,93.9,2410
KOHINOOR,20111124,36.55,37.5,35.25,36.3,41585
KOLTEPATIL,20111124,30.1,31.3,29.2,30.25,14870
KOPDRUGS,20111124,3.55,3.8,3.55,3.65,200
KOPRAN,20111124,16.15,16.3,15.6,16.1,14232
KOTAKBANK,20111124,441.1,448.95,428.15,442.25,1180353
KOTAKGOLD,20111124,2752.5,2764.85,2745.15,2754.75,20333
KOTAKNIFTY,20111124,481,490,479.95,482.45,623
KOTAKPSUBK,20111124,295,301,295,300.59,18447
KOTARISUG,20111124,5.6,5.7,5.4,5.55,13935
KOTHARIPET,20111124,6.15,6.2,5.85,5.95,21275
KOTHARIPRO,20111124,369,389,356.3,376.7,884
KOUTONS,20111124,20.5,22.9,20.4,21.85,842397
KPIT,20111124,164.9,165.7,161,164.55,46713
KPRMILL,20111124,89.1,92.45,88.5,91.3,8241
KRBL,20111124,15.1,16.4,15,16.25,961315
KRISHNAENG,20111124,2.9,2.9,2.65,2.65,201
KSBPUMPS,20111124,170,173.85,165,172.1,1371
KSCL,20111124,423.25,439.8,415.2,437.2,36544
KSK,20111124,55.05,55.85,53.75,54.1,45496
KSL,20111124,38.05,39.9,37,38.25,18879
KSOILS,20111124,6.9,6.95,6.7,6.8,7265139
KTIL,20111124,66,66,58.4,65,577
KTKBANK,20111124,74.25,79.6,74.25,78.4,614188
KWALITY,20111124,70.1,70.1,70.1,70.1,33218
L&TFH,20111124,44,45.55,44,45.15,485611
LAKPRE,20111124,35,37.5,33,37.2,215
LAKSHMIEFL,20111124,13.7,14.4,13.45,13.95,81631
LAKSHMIMIL,20111124,1799.95,1799.95,1650.5,1666,7
LAKSHVILAS,20111124,89,89.9,87.3,89,97491
LANCOIN,20111124,24.05,24.55,23.55,23.9,10465
LAOPALA,20111124,96,101.5,96,100.95,4894
LAXMIMACH,20111124,1600,1600,1531.1,1574.2,1880
LCCINFOTEC,20111124,0.45,0.45,0.4,0.4,20723
LGBBROSLTD,20111124,304,309.75,302.2,309.45,1912
LIBERTSHOE,20111124,66.25,69.95,65.05,67.1,9660
LICHSGFIN,20111124,219,219,209.95,213.8,5059333
LIQUIDBEES,20111124,999.99,1000.01,999.99,999.99,103536
LITL,20111124,12,12,11.5,11.75,13192547
LLOYDELENG,20111124,43,43.5,41.75,42.75,20342
LLOYDFIN,20111124,0.9,0.95,0.8,0.9,385
LLOYDSTEEL,20111124,8.6,8.85,8.15,8.6,127775
LML,20111124,8.5,8.65,8.2,8.4,137498
LOGIXMICRO,20111124,15,16.25,15,16.25,2925
LOKESHMACH,20111124,39.4,40,39,39.8,5146
LOTUSEYE,20111124,8,9.25,7.55,8.95,4046
LOVABLE,20111124,323,325.5,290.35,315.45,1538060
LPDC,20111124,1.95,1.95,1.7,1.85,4195
LT,20111124,1190,1229.8,1174.25,1224,3590570
LUMAXAUTO,20111124,26.5,27.5,26.5,27.45,415
LUMAXIND,20111124,380,387.7,376.15,379.65,6810
LUMAXTECH,20111124,149.15,154.95,138,146.65,20190
LUPIN,20111124,457,474.8,450.3,467.7,651913
LYKALABS,20111124,10.85,11.15,10.2,10.35,47291
M&M,20111124,696.1,719.4,686.5,713.25,3606039
M&MFIN,20111124,618,635.85,615.2,619.65,18764
M100,20111124,6.56,6.56,6.35,6.49,96577
M50,20111124,62.75,62.75,60.65,62.48,28972
MAANALU,20111124,42.6,43,42.35,43,374
MADHAV,20111124,16.5,16.65,15.5,15.6,1324
MADHUCON,20111124,49.75,52.05,48.9,49.85,46758
MADRASCEM,20111124,105.05,109.45,104.05,108.6,21758
MADRASFERT,20111124,19.75,19.75,18.8,19.2,59771
MAGMA,20111124,53,54.7,53,54.2,264598
MAGNUM,20111124,4.35,4.35,3.6,3.8,1869
MAHABANK,20111124,45,45.5,44.05,45.15,62129
MAHINDFORG,20111124,57.2,59,57.05,58.7,7103
MAHINDUGIN,20111124,47.15,48.4,47.1,48.05,4159
MAHLIFE,20111124,278,278,267,273.85,2803
MAHSCOOTER,20111124,289.15,307,289.15,307,1087
MAHSEAMLES,20111124,333,336,332.4,332.85,29589
MALUPAPER,20111124,9.7,9.95,9.7,9.95,264
MALWACOTT,20111124,21.45,21.45,19.2,19.45,1929
MANAKSIA,20111124,50.25,52.4,50.25,51.5,2447
MANALIPETC,20111124,9.15,9.5,9.1,9.45,25568
MANAPPURAM,20111124,52.1,52.6,50.1,52.1,849132
MANDHANA,20111124,204,214.7,204,208.2,297969
MANGALAM,20111124,12.05,13.15,12.05,13.15,302
MANGCHEFER,20111124,32.55,33.7,32.5,33.3,246377
MANGLMCEM,20111124,91,93.25,90,92.4,5047
MANGTIMBER,20111124,18.3,19.25,18.25,19,1534
MANINDS,20111124,116,118,111.5,112.95,8493
MANINFRA,20111124,98,99.5,97,98.5,19352
MANJUSHREE,20111124,75.75,82.45,75.75,81.2,5569
MANUGRAPH,20111124,47.85,49.9,46.3,48.35,6619
MARALOVER,20111124,8.75,9,8.75,9,220
MARG,20111124,78.25,79.6,77,78.1,26948
MARICO,20111124,144.05,154,144.05,150.35,286166
MARKSANS,20111124,1.7,1.85,1.65,1.75,159797
MARUTI,20111124,953.7,999,951.7,988.95,656104
MASTEK,20111124,72.25,85.1,72.25,74.95,20720
MAWANASUG,20111124,13.1,14.4,13.1,13.75,6904
MAX,20111124,159.5,167.8,157,166,97916
MAXWELL,20111124,23,24.45,23,24.45,11739
MBECL,20111124,98.25,98.55,92.3,97.2,20764
MBLINFRA,20111124,109,111,107,109.5,9833
MBSWITCH,20111124,95.6,95.6,95.6,95.6,447
MCDHOLDING,20111124,42.05,45,41,43.45,8057
MCDOWELL-N,20111124,722,742.5,710.8,740.25,714119
MCLEODRUSS,20111124,210,222,210,218.9,99880
MEGASOFT,20111124,11,11,10.7,10.85,15782
MEGH,20111124,8.25,8.45,8.15,8.3,39769
MERCK,20111124,616.9,618.3,595,604.55,8107
MHRIL,20111124,291.2,294.9,288,291.95,1467
MIC,20111124,7.3,7.65,7.2,7.35,378395
MICROSEC,20111124,25.5,25.8,25.15,25.6,4608
MICROTECH,20111124,131.9,132.8,129.15,131.6,30347
MINDAIND,20111124,165,166,163.05,164.45,1624
MINDTREE,20111124,402,408.85,400,405.7,30979
MIRCELECTR,20111124,15.7,15.85,15.25,15.55,61359
MIRZAINT,20111124,16.5,16.9,16.2,16.7,37219
MLL,20111124,21.5,21.7,20.3,21.2,2232693
MMFL,20111124,93.05,96.5,93.05,96.35,745
MMFSL,20111124,86,86,81.05,83.9,4267
MMTC,20111124,544.15,558.5,540.1,545.55,4376
MOIL,20111124,225.7,226.85,224,225.6,101304
MONNETISPA,20111124,359.9,375,359.9,371.3,12516
MONSANTO,20111124,711.5,723.05,706,714.15,2338
MORARJETEX,20111124,12.45,12.45,10,10.8,3773
MOREPENLAB,20111124,3.1,3.25,3,3.1,84989
MOSERBAER,20111124,20.55,21.1,19.3,19.5,723547
MOTHERSUMI,20111124,149.35,153.5,144.2,149.3,108634
MOTILALOFS,20111124,81,81.95,79.95,81.25,7283
MOTOGENFIN,20111124,39.9,39.9,39.9,39.9,40
MPHASIS,20111124,299.25,317.7,296.25,314,156058
MPSLTD,20111124,33.1,33.5,33.1,33.5,1787
MRF,20111124,6432,6524.9,6375,6424.2,8347
MRO-TEK,20111124,9.25,10.45,8.95,9.75,4113
MRPL,20111124,59.6,61.7,58.8,60.65,359377
MSPL,20111124,31.15,32.95,30.75,31.3,27379
MTNL,20111124,24.7,26.45,24.1,26,710151
MUDRA,20111124,18.9,18.95,17.85,18.1,3882
MUKANDENGG,20111124,20.6,23.35,20.55,22.5,6738
MUKANDLTD,20111124,26.65,26.7,24.5,26.3,18081
MUKTAARTS,20111124,32.4,32.4,29.55,30.5,1507
MUNDRAPORT,20111124,123.7,125,116.75,117.7,2554572
MUNJALAU,20111124,175,176.4,170.2,174.6,4821
MUNJALSHOW,20111124,64.8,66.5,64.8,65.65,7986
MURLIIND,20111124,17.45,19.2,17.25,17.85,1524
MURUDCERA,20111124,15,15.05,15,15,8545
MUTHOOTFIN,20111124,169.95,172.9,165.2,169.7,78232
MVL,20111124,22.8,23.15,21.65,22.3,155892
MVLIND,20111124,11.5,12.35,11.1,11.45,1216
MYSOREBANK,20111124,450,466.5,440,460.1,1417
N100,20111124,113.98,113.98,109.52,109.52,610
NAGREEKCAP,20111124,21.5,21.5,20.55,20.55,302
NAGREEKEXP,20111124,16.3,17.45,16.25,16.8,451
NAHARCAP,20111124,43.5,43.5,42.1,43,695
NAHARINDUS,20111124,35,35,32.2,33.45,463
NAHARPOLY,20111124,24.95,24.95,20,20.65,2547
NAHARSPING,20111124,49.4,49.4,47.6,48.85,3424
NANDAN,20111124,1.85,1.9,1.8,1.85,50271
NATCOPHARM,20111124,208.3,212.25,208.05,211,8914
NATHSEED,20111124,8.35,8.55,8.35,8.35,3238
NATIONALUM,20111124,51.35,52.3,48.45,50.5,492565
NATNLSTEEL,20111124,14.05,14.3,14,14,2076
NAUKRI,20111124,644,650.5,635.1,649.85,581
NAVINFLUOR,20111124,341.1,344.9,334.25,343.15,10893
NAVNETPUBL,20111124,57.6,57.7,54.65,57.5,45870
NBVENTURES,20111124,181.1,187.2,181.1,186.1,17162
NCC,20111124,37.3,37.5,35.5,36.65,1584843
NCLIND,20111124,33.9,34.9,33.3,34,5042
NCOPPER,20111124,17,17.8,17,17.4,14710
NDTV,20111124,37.5,38.45,36.2,37.95,53688
NECLIFE,20111124,17.05,17.75,16.85,17.7,33458
NELCAST,20111124,22.4,23.25,21.55,21.7,58227
NELCO,20111124,46.2,47.5,45.8,46.7,19250
NEOCURE,20111124,1.85,1.85,1.85,1.85,163
NEPCMICON,20111124,3,3,2.85,2.95,11968
NESCO,20111124,556,567.5,553,562.55,9621
NESTLEIND,20111124,4180.25,4238.25,4175,4185.45,59350
NET4,20111124,153.7,153.7,130.15,138.85,41397
NETWORK18,20111124,44.5,46,43.5,44.85,589513
NEULANDLAB,20111124,74,79.8,70,78.85,582
NEXTMEDIA,20111124,4.1,4.8,4.1,4.45,7205
NEYVELILIG,20111124,68.95,73,68.4,71.7,231929
NFL,20111124,54.2,56.95,53.1,56.05,95577
NHPC,20111124,22.4,22.65,21.85,22.3,7486170
NICCO,20111124,2.25,2.25,1.85,1.9,754
NIFTYBEES,20111124,481,498.4,476.05,485.74,225262
NIITLTD,20111124,43.8,44.4,42.5,42.95,82842
NIITTECH,20111124,211,212.95,201.5,212,40588
NILKAMAL,20111124,213.05,215.95,210,213.2,1342
NIPPOBATRY,20111124,380,385.5,372.1,372.85,465
NITCO,20111124,38.4,38.4,35.45,38,24209
NITESHEST,20111124,18.2,18.2,16.2,16.9,92611
NITINFIRE,20111124,29,30.7,28.5,28.8,549765
NITINSPIN,20111124,5.65,5.95,5.55,5.8,7962
NMDC,20111124,182,187,174,181.05,669198
NOCIL,20111124,15.65,15.75,15.45,15.65,63856
NOIDATOLL,20111124,22.4,22.9,21.85,22.6,109679
NOL,20111124,43.15,43.15,43.15,43.15,60
NORBTEAEXP,20111124,5.15,5.4,5,5.1,2120
NORTHGATE,20111124,9,9.45,8.85,9.1,31979
NOVOPANIND,20111124,41.9,41.9,41.9,41.9,2
NRBBEARING,20111124,37.5,37.5,35.6,36.7,24243
NRC,20111124,3,3.2,3,3.05,4544
NSIL,20111124,590,595,590,590.25,85
NTPC,20111124,158.95,159.95,153.45,158.8,4383508
NUCHEM,20111124,2.3,2.3,2.05,2.25,535
NUCLEUS,20111124,61.55,63,61.2,62.7,9756
NUMERICPW,20111124,179.15,187.75,179.15,183.75,1037
NUTEK,20111124,0.75,0.75,0.75,0.75,543489
OBEROIRLTY,20111124,217.95,220,215.25,217,5306
OCL,20111124,91.45,92.45,90.8,91.55,2553
OFSS,20111124,1975.05,2021,1955.3,2002,30366
OIL,20111124,1183.95,1189.9,1106.85,1171.8,50074
OILCOUNTUB,20111124,48.6,51.35,48.6,50.3,11636
OISL,20111124,42,42,37.35,38.95,40708
OMAXAUTO,20111124,34.5,35.95,34.2,35.4,3141
OMAXE,20111124,135.5,138,132.5,137.15,56248
OMKARCHEM,20111124,60,62.9,60,60.6,18005
OMMETALS,20111124,26.6,26.9,26.5,26.9,600
OMNITECH,20111124,132,134.45,130,133.75,15240
ONELIFECAP,20111124,274.4,276.8,263.1,268.1,611420
ONGC,20111124,246.25,258,244.05,255,4381453
ONMOBILE,20111124,63.7,67.4,60.25,66.15,1151982
ONWARDTEC,20111124,34,38.4,33.05,35.1,1822
OPTOCIRCUI,20111124,199,228,189.1,219.5,1565298
ORBITCORP,20111124,26.05,27.8,26.05,27.25,100288
ORCHIDCHEM,20111124,147.7,150.5,142.55,147.25,2509543
ORIENTALTL,20111124,7.15,7.35,7.15,7.35,1334
ORIENTBANK,20111124,266.85,275,262.1,270.75,729344
ORIENTHOT,20111124,25.45,25.45,24.15,24.5,3535
ORIENTLTD,20111124,82,82,80,80.95,103
ORIENTPPR,20111124,50.15,51.45,48.35,50,39001
ORISSAMINE,20111124,36102,36943,34632,36525.5,1064
OUDHSUG,20111124,20.6,21.4,19.8,20.95,29274
PAEL,20111124,17,19,17,18.1,3064
PAGEIND,20111124,2465,2490,2405.05,2474.4,1260
PANACEABIO,20111124,86,87.9,84.6,86,5591
PANAMAPET,20111124,210.05,214,210,213.55,460
PANASONIC,20111124,81.05,81.05,81.05,81.05,55
PANCARBON,20111124,123.05,123.05,123,123,217
PANORAMUNI,20111124,8.05,8.45,7.85,8.15,4752
PANTALOONR,20111124,182,205.65,182,201.2,8686484
PAPERPROD,20111124,64.25,65.8,62.9,65.55,15448
PARABDRUGS,20111124,38,40.2,35.25,36.7,168297
PARACABLES,20111124,2.15,2.45,2.15,2.3,7789
PARAL,20111124,183.65,193.5,176.2,190,8899
PARAPRINT,20111124,9.95,9.95,9.95,9.95,3032
PARASPETRO,20111124,0.4,0.45,0.4,0.4,16441
PARSVNATH,20111124,36,36,36,36,3269513
PATELENG,20111124,82.3,82.5,79.4,79.95,709599
PATINTLOG,20111124,28.75,28.75,26.25,26.25,24333
PATNI,20111124,429,452,426.4,448.2,646629
PATSPINLTD,20111124,9.3,9.4,9.1,9.15,1865
PBAINFRA,20111124,32.5,33.65,30.3,32,4275
PDPL,20111124,82,82,81,81,458
PDUMJEIND,20111124,15.05,15.7,15.05,15.15,11
PDUMJEPULP,20111124,16.3,16.3,15,15,3463
PEACOCKIND,20111124,2.8,3.1,2.8,3.05,1244
PEARLPOLY,20111124,13.95,15.9,13.9,15.9,14401
PENIND,20111124,37.05,37.5,36.45,37.2,23271
PENINLAND,20111124,34.2,34.9,32.05,34.1,17049
PEPL,20111124,1.7,1.7,1.7,1.7,1
PERSISTENT,20111124,316.3,319,310.65,317.9,2647
PETRONENGG,20111124,263,278,263,271.15,211
PETRONET,20111124,155.5,157.85,153.15,156.7,1044259
PFC,20111124,162.7,168,156.55,162.7,4380129
PFIZER,20111124,1205,1205,1177,1193.65,17282
PFOCUS,20111124,49,49.25,44.6,46.85,447615
PFS,20111124,12.95,12.95,12.4,12.75,33106
PGEL,20111124,164,168,148.55,162.5,17288
PGHH,20111124,1898,1898,1852.05,1861.4,243
PHILIPCARB,20111124,104.1,115,104.1,109.65,13556
PHOENIXLTD,20111124,185,188.05,182,186,11656
PIDILITIND,20111124,162.3,167,152,154.75,99978
PIIND,20111124,476.95,476.95,455.1,456.15,883
PIONDIST,20111124,43,45.5,40.2,45.5,215
PIONEEREMB,20111124,10.5,10.95,10.5,10.85,275
PIPAVAVDOC,20111124,57,59.5,56.65,57.85,2426514
PIRGLASS,20111124,103.2,105,99.5,102.8,13845
PIRHEALTH,20111124,352.7,363.05,348.55,352.7,457563
PIRLIFE,20111124,87.1,88.95,87.1,88.5,11816
PITTILAM,20111124,57.5,60.45,56.1,59,18154
PLASTIBLEN,20111124,145,147,143.2,145.55,226
PLETHICO,20111124,372,372,369.5,371.4,44044
PNB,20111124,881.8,892.7,862.1,885,845142
PNBGILTS,20111124,22.9,23.8,22.8,23.2,34179
PNC,20111124,12.1,12.6,12.05,12.5,4006
POCHIRAJU,20111124,11.6,12,9.55,11.5,14866
POLARIND,20111124,3.1,3.2,3.1,3.2,936
POLARIS,20111124,119.15,122.7,112.55,120.5,1509055
POLYPLEX,20111124,163.9,163.9,162.2,162.85,11507
PONDYOXIDE,20111124,25.2,26.7,25.2,26.05,1471
PONNIERODE,20111124,73.05,73.85,73,73.2,1082
POWERGRID,20111124,95.9,96.5,94.65,95.3,5696700
PPAP,20111124,72,72,68.9,70.15,572
PRADIP,20111124,87.55,87.55,82.65,83.85,72103
PRAENG,20111124,5,5,4.55,4.6,52424
PRAJIND,20111124,67.65,72,66,70.95,1580840
PRAKASH,20111124,36.95,36.95,35.75,36.2,77483
PRAKASHCON,20111124,208.95,209.9,201.1,206.65,99777
PRAKASHSTL,20111124,118,119,116,118.1,10324
PRATIBHA,20111124,31.9,32.95,30.95,32.65,39984
PRECOT,20111124,75,80.9,74,78,1041
PRECWIRE,20111124,81.1,83,81.1,82.95,176
PREMIER,20111124,69.35,69.5,67.15,69.2,3572
PRESTIGE,20111124,81.15,85,80.35,84.85,14166
PRETAILDVR,20111124,131.6,134.9,128,130.3,121106
PRICOL,20111124,14.1,14.5,13.9,14.05,10953
PRIMESECU,20111124,13.6,16.5,13.2,13.9,11888
PRISMCEM,20111124,44,44.95,43.95,44.45,58870
PRITHVI,20111124,14.05,15,14,14.55,7607
PROVOGUE,20111124,26.3,27,25.55,26.75,255587
PSB,20111124,69.5,70.9,67.25,69.9,68316
PSL,20111124,56.1,56.85,55.05,56.65,28883
PSUBNKBEES,20111124,295.05,295.98,290,293.42,6434
PTC,20111124,46.8,47.2,45.3,46.85,1963505
PTL,20111124,38.15,40.95,36.55,38.9,807
PUNJABCHEM,20111124,60,63.5,59,62.95,892
PUNJLLOYD,20111124,45.95,47.85,44.35,46.35,4971876
PURVA,20111124,67.7,69,66.25,68,1569
PVP,20111124,5,5.05,4.8,4.95,26727
PVR,20111124,134.5,134.5,121.35,127.2,39868
QGOLDHALF,20111124,1374,1374,1361.1,1367.95,461
QNIFTY,20111124,478,479,477.5,477.5,81
QUINTEGRA,20111124,2.3,2.55,2.1,2.3,8825
RADAAN,20111124,1.9,2,1.8,1.95,25131
RADICO,20111124,121,123,116.5,120.3,137023
RAINBOWPAP,20111124,60.9,61.25,60.4,60.9,96268
RAINCOM,20111124,29.65,30.1,29.5,29.7,169765
RAJESHEXPO,20111124,129,133.45,127.5,128.7,272742
RAJOIL,20111124,10.85,11.3,10.8,11.05,61537
RAJPALAYAM,20111124,189,189,185.6,185.8,85
RAJRAYON,20111124,8.1,9.5,7.7,8.3,9780
RAJTV,20111124,68.7,69.5,66.6,67.45,13262
RAJVIR,20111124,76,88.8,75.1,83.85,15
RALLIS,20111124,150,152.7,147.2,150.25,83438
RAMANEWS,20111124,9.8,9.95,8.5,9.5,322461
RAMCOIND,20111124,45.85,45.85,44.3,44.8,89199
RAMCOSYS,20111124,50.1,51.45,49.6,51.1,13394
RAMKY,20111124,212,216,206.2,211.25,2146
RAMSARUP,20111124,7.1,8.5,7,8.2,86032
RANASUG,20111124,3.2,3.45,3.05,3.25,114983
RANBAXY,20111124,428,435,412.2,429.5,858858
RANEENGINE,20111124,166.05,179.8,161.1,179.45,285
RANEHOLDIN,20111124,185.1,193.75,185.1,188,635
RANKLIN,20111124,12.5,13.45,12.5,13.35,15650
RATNAMANI,20111124,104.3,104.35,92,99.3,2334
RAYMOND,20111124,351,383,349.15,378.45,266548
RBN,20111124,57,58.7,55.6,57.2,27451
RCF,20111124,59.7,59.7,54.3,57.25,805974
RCOM,20111124,70.95,71.65,69.1,70.8,9038097
RECLTD,20111124,183.15,184.75,176.7,181.5,2276963
REDINGTON,20111124,79,80.5,75.75,79.9,45206
REFEX,20111124,12,12,10.85,10.9,3087
REIAGROLTD,20111124,22,22,20.2,20.75,96316
REISIXTEN,20111124,18.8,18.8,17.75,18.2,755786
RELAXO,20111124,277,302.95,277,302.2,295
RELBANK,20111124,798,828,790.2,805.73,54
RELCAPITAL,20111124,291,291.7,281.5,287.65,2554399
RELGOLD,20111124,2666,2674.95,2655.05,2666.8,7387
RELGRNIFTY,20111124,455,455,433.2,440,1883
RELIANCE,20111124,775,778,753.15,773.15,6367715
RELIGARE,20111124,415,424.95,413,413.75,22729
RELIGAREGO,20111124,2801,2857.7,2801,2817.9,276
RELINFRA,20111124,394.05,401.8,386.5,396.75,1599388
RELMEDIA,20111124,83.55,85.8,81.6,84.05,175264
RENUKA,20111124,31.65,31.9,29.4,31.2,28640830
REPRO,20111124,160,162.9,157.15,162.15,7803
RESPONIND,20111124,100,100.5,99.05,100,6124
REVATHI,20111124,331.3,334.95,327,327.05,242
RICOAUTO,20111124,10,10.25,9.75,10.2,57222
RIIL,20111124,380.05,380.05,337,347.35,68663
RJL,20111124,80.1,81.5,79,79.3,2826
RKDL,20111124,14.3,14.55,13.85,14.05,6845
RKFORGE,20111124,98.2,101,95.05,96.1,242
RMCL,20111124,5.75,6.1,5.65,6.05,10257
RML,20111124,95.1,95.65,92,94.3,7638
ROHITFERRO,20111124,22.6,23,22.05,22.75,14357
ROHLTD,20111124,45.65,47.4,45.6,46.65,3048
ROLTA,20111124,56.95,57.5,55.35,56.85,1128920
ROMAN,20111124,18.05,19.3,18.05,19.3,1100
RPGLIFE,20111124,66.7,68.3,66.45,67.15,4780
RPOWER,20111124,90,91,86.55,88.25,2637403
RPPINFRA,20111124,62,62,60.5,61.9,5307
RSSOFTWARE,20111124,46,47,45,47,5058
RSWM,20111124,66,71,65.3,66.75,4330
RSYSTEMS,20111124,111.5,114.9,111.5,113,4449
RUBYMILLS,20111124,670,710,656.55,701.3,532
RUCHINFRA,20111124,16,17.1,15.7,16.05,42388
RUCHIRA,20111124,8.6,8.6,7.95,7.95,1401
RUCHISOYA,20111124,98.25,104.2,93.35,102.55,1567028
RUSHIL,20111124,141.8,142.1,139,139.8,111025
SABERORGAN,20111124,121.05,123,119.1,121.65,16879
SADBHAV,20111124,117,122.25,107.65,120.15,13109
SAGCEM,20111124,135,135,135,135,400
SAHPETRO,20111124,24.5,25.95,24.15,25.45,1417
SAIL,20111124,87.8,87.95,83.15,84.85,6975556
SAKHTISUG,20111124,22,22.7,21.55,21.9,49063
SAKSOFT,20111124,37,37.9,37,37.9,43
SAKUMA,20111124,12.2,12.95,12.15,12.65,468
SALSTEEL,20111124,5.25,5.4,5.2,5.35,24283
SAMBANDAM,20111124,65,65,65,65,1
SAMBHAAV,20111124,0.75,0.85,0.75,0.75,631
SANDESH,20111124,250.15,270,250.15,269.75,91
SANGAMIND,20111124,27.3,28,26.6,27.05,21191
SANGHVIFOR,20111124,22.3,23.95,22.3,23.15,2296
SANGHVIMOV,20111124,103.9,105,102.45,104.9,2697
SANWARIA,20111124,13.75,14.3,12.95,13.6,272052
SARDAEN,20111124,94,97.45,93.5,94.1,14070
SAREGAMA,20111124,60,60.7,59.45,60.3,3127
SASKEN,20111124,105,106.8,103,104.75,10580
SATHAISPAT,20111124,29.3,29.3,28.1,28.95,6261
SATYAMCOMP,20111124,65.8,65.95,64.05,65.45,1905375
SAVERA,20111124,36.55,36.55,33.65,34.35,99
SB&TINTL,20111124,11.85,12,11.15,11.7,15311
SBBJ,20111124,336,341,331,339.25,6694
SBIGETS,20111124,2810,2810,2792,2796.4,2928
SBIN,20111124,1656,1668.4,1629,1653.9,3182892
SBT,20111124,531.4,535,517.1,521.15,5774
SCI,20111124,59,59.2,57.65,58.65,505066
SEAMECLTD,20111124,90.3,93.75,90.3,93.3,1029
SEINV,20111124,159.5,167,159,164.85,10684
SELAN,20111124,251.15,253.85,240.15,246.4,14137
SELMCL,20111124,11,11.3,10.75,11.2,231927
SERVALL,20111124,4.7,4.75,4.45,4.6,18418
SESAGOA,20111124,172,179.9,165.5,176.15,3328120
SESHAPAPER,20111124,206.25,206.25,195.5,199.9,562
SEZAL,20111124,14.15,17.4,14.15,16.6,7013
SGFL,20111124,3.7,3.7,3.7,3.7,1505
SGJHL,20111124,115.9,123.9,113.2,121.8,82689
SHAHALLOYS,20111124,9,10,9,9.95,1604
SHAKTIPUMP,20111124,36.85,36.85,32.7,34.05,2382
SHALPAINTS,20111124,437.1,460,426.1,439.7,1737
SHANTIGEAR,20111124,34.5,35.25,34,35.15,13740
SHARIABEES,20111124,111.3,112.15,111.25,112.15,190
SHARRESLTD,20111124,48,50.5,45.55,49,45725
SHASUNPHAR,20111124,52.05,53.1,50.55,50.9,17831
SHILPAMED,20111124,161.95,175,160.9,166.1,1176
SHILPI,20111124,11.05,12.1,10.8,11.1,35841
SHIV-VANI,20111124,204,214.75,203,210.9,9516
SHIVAMAUTO,20111124,98,109.8,96.2,101.35,212443
SHIVTEX,20111124,18,18.5,17.9,18.5,2902
SHLAKSHMI,20111124,94.5,104,94.5,99.95,218853
SHOPERSTOP,20111124,357.9,376,355.05,372.6,176543
SHREEASHTA,20111124,4.3,4.3,4.3,4.3,406036
SHREECEM,20111124,1991,2029,1986.5,2025.05,1580
SHREERAMA,20111124,3.35,3.75,3.15,3.6,31935
SHRENUJ,20111124,63,70.2,62.55,70,75653
SHREYAS,20111124,25.45,25.95,24.5,25.1,4563
SHRIRAMCIT,20111124,500,500,486.05,496.5,2315
SHRIRAMEPC,20111124,107.9,108.9,103.25,106.85,1588
SHYAMTEL,20111124,23.55,25,23.55,24.05,1859
SICAGEN,20111124,16.65,16.7,16.2,16.4,10052
SICAL,20111124,70.05,70.95,70,70.3,3862
SIEMENS,20111124,681.5,696.75,652,686.15,337534
SILINV,20111124,69,72.9,66.15,67.15,307
SIMBHSUGAR,20111124,28.5,30.75,28,29.8,17673
SIMPLEX,20111124,82.5,85.5,78,82.6,2230
SIMPLEXINF,20111124,195.1,197.95,187,190.8,1425
SINTEX,20111124,89.95,95.3,87.65,94.55,3827728
SIRPAPER,20111124,39,39,38,38,250
SITASHREE,20111124,5.75,6.2,5.6,6.05,2651
SIYSIL,20111124,241.15,241.55,232.15,235,2667
SJVN,20111124,21.05,21.3,20.8,21.1,188562
SKFINDIA,20111124,590,609.95,588.1,603.15,4513
SKMEGGPROD,20111124,6.55,7.75,6.5,7,18501
SKSMICRO,20111124,121.25,121.25,111.15,114.6,876401
SKUMARSYNF,20111124,28.9,30,28.25,29.55,3930590
SMARTLINK,20111124,47,47.4,46.1,46.7,4991
SMLISUZU,20111124,351.4,355,350,353.95,208
SMOBILITY,20111124,93.05,96.4,88.1,90.6,2953
SMPL,20111124,4.4,4.4,3.8,3.95,1271113
SMSPHARMA,20111124,157,159.5,154,155,139
SOBHA,20111124,215.35,227.55,204,222.55,147571
SOFTTECHGR,20111124,3.7,4.6,3.35,4.2,2853
SOLARINDS,20111124,720.1,725,685,714.3,8574
SOMANYCERA,20111124,38.9,38.9,35.95,36.35,350
SOMATEX,20111124,4,4,3.85,3.9,2901
SONASTEER,20111124,11.7,12.35,11.45,11.65,45634
SONATSOFTW,20111124,23,24.05,23,23.55,95956
SOTL,20111124,450,450,434,443.9,475
SOUISPAT,20111124,3.4,3.4,3.1,3.2,58673
SOUTHBANK,20111124,20.45,22.5,20.4,21.9,3680929
SPANCO,20111124,87.2,88.15,85.1,86.5,24577
SPARC,20111124,72.85,73.45,70.2,72.6,59466
SPENTEX,20111124,6.2,6.9,6,6.75,5762
SPIC,20111124,18.6,19.35,18.25,18.85,165491
SPMLINFRA,20111124,87,91.2,84,88.4,612
SPYL,20111124,24,25.3,24,24.9,6768
SREINFRA,20111124,23,24.45,22.05,23.7,1172931
SRF,20111124,293,294,286.05,292.3,47668
SRGINFOTEC,20111124,0.35,0.45,0.35,0.45,2705
SRHHLINDST,20111124,3.05,3.75,3.05,3.15,1573
SRHHYPOLTD,20111124,36,38,36,38,895
SRSLTD,20111124,29,29.7,27.9,28.6,67790
SRTRANSFIN,20111124,500.05,517.8,499.6,511.95,606914
SSWL,20111124,164,169.05,160.75,165.7,2494
STAR,20111124,395.25,409,383.05,396.45,123246
STARPAPER,20111124,21,24,19.7,21,912
STCINDIA,20111124,126.3,128.65,120,126.1,35241
STEL,20111124,11.05,12,10.4,11.3,2719
STER,20111124,104,105,101.5,103.5,6218608
STERLINBIO,20111124,68.25,68.25,67.4,67.8,371062
STERTOOLS,20111124,95,98.5,95,97.05,408
STINDIA,20111124,26.1,26.1,23.9,23.95,5
STOREONE,20111124,13.65,15.8,13.65,15.5,13725
STRTECH,20111124,30.5,36.3,29.6,34.65,832074
SUBEX,20111124,33.9,33.9,32.2,32.7,397382
SUBROS,20111124,22.6,23.8,22.6,23.15,4029
SUDAR,20111124,59.1,63.7,56.65,61,204617
SUDARSCHEM,20111124,550,550,480,490.05,550
SUJANATOW,20111124,11.45,11.45,11.45,11.45,573762
SUJANAUNI,20111124,2.9,3.1,2.8,2.9,106841
SUMEETINDS,20111124,20.05,20.45,18.85,20.1,35173
SUMMITSEC,20111124,62,67,62,65.1,395
SUNCLAYTON,20111124,151,152.6,149.1,150.15,4732
SUNDARAM,20111124,50,50,46.8,46.9,170434
SUNDARMFIN,20111124,509,519.1,509,517.6,1530
SUNDRMBRAK,20111124,149,151,148.1,149.6,66
SUNDRMFAST,20111124,60.5,60.65,59.15,60.05,62737
SUNFLAG,20111124,22.55,23.2,22.3,23,25601
SUNILHITEC,20111124,67.7,70.5,66.05,69.6,5269
SUNPHARMA,20111124,503,505.95,486.1,501.7,1029362
SUNTECK,20111124,385.2,391.95,378.05,386.6,17516
SUNTV,20111124,248.6,278,248.6,269.9,870346
SUPER,20111124,138,144.6,132,135.3,237
SUPERSPIN,20111124,6.6,6.65,5.85,5.9,901
SUPPETRO,20111124,52.6,53.85,51.25,53.1,3553
SUPRAJIT,20111124,18,18.15,17.7,18,25738
SUPREMEIND,20111124,175,175,167.15,171.2,16474
SUPREMEINF,20111124,161,165.8,160.2,164,994
SURAJDIAMN,20111124,36.5,37.6,35.7,37.25,26328
SURANACORP,20111124,85,85,83,84.1,184
SURANAIND,20111124,395,406,394,403.8,5629
SURANAT&P,20111124,12.15,13.35,12.15,12.6,1697
SURANAVEL,20111124,19.45,19.45,18.25,19.05,1853
SURYAJYOTI,20111124,13.7,13.9,13,13.55,5268
SURYALAXMI,20111124,52,52.1,51.6,51.95,472
SURYAPHARM,20111124,11.35,11.85,11.35,11.45,63682
SURYAROSNI,20111124,47.55,47.7,45.85,47.2,8743
SUTLEJTEX,20111124,147,149.8,137.65,147.1,1782
SUVEN,20111124,14.6,14.8,13.8,14.3,27272
SUZLON,20111124,22.2,23.7,22.05,23.35,52515839
SWARAJENG,20111124,395.15,405,395.1,402.9,809
SYMPHONY,20111124,1320,1320,1250,1293.45,855
SYNCOM,20111124,11.2,12.1,11.2,11.8,8336
SYNDIBANK,20111124,95.85,100.55,93.85,99.1,302560
TAINWALCHM,20111124,16.45,16.45,16.45,16.45,550
TAJGVK,20111124,77.45,77.7,75.5,77.35,7451
TAKE,20111124,23.15,23.15,22.2,22.85,42754
TAKSHEEL,20111124,16,16.35,15.5,15.95,80601
TALBROAUTO,20111124,40.5,40.5,38.05,39,8302
TALWALKARS,20111124,124.1,135.9,121.5,134.8,72807
TANTIACONS,20111124,40,40.95,39.35,40.5,829
TARAPUR,20111124,15.2,15.95,15.2,15.45,2311
TATACHEM,20111124,329.85,331.85,326.55,330.1,199256
TATACOFFEE,20111124,779.95,811,770.05,788.55,109018
TATACOMM,20111124,182.7,184.4,176,182.05,420366
TATAELXSI,20111124,188.05,192,185.15,187.6,29311
TATAGLOBAL,20111124,81.1,83.4,80,82.4,1288429
TATAINVEST,20111124,422,429.8,397,419.25,18714
TATAMETALI,20111124,60,61.8,58.1,58.8,9064
TATAMOTORS,20111124,166.9,174.95,164.15,173.05,19430798
TATAMTRDVR,20111124,92,95.75,89.6,94.7,3575272
TATAPOWER,20111124,90.95,93.4,90.1,92.05,4115244
TATASPONGE,20111124,290,295.95,285,292.75,7034
TATASTEEL,20111124,381,389,367,385.6,7136300
TCI,20111124,61.45,64.5,61.45,62.95,1970
TCIDEVELOP,20111124,121,128.8,119,123.9,385
TCIFINANCE,20111124,19.95,20.15,19.3,20.15,1921
TCS,20111124,1062,1096.4,1045,1091.8,1883422
TDPOWERSYS,20111124,233.55,238,231,233.45,1180
TECHM,20111124,571,580,550.45,570.55,168586
TECHNO,20111124,193.95,193.95,183.5,186.85,7119
TECHNOFAB,20111124,118,120,109.15,116,1875
TECPRO,20111124,188,190,183.1,185.5,3173
TEXMACOLTD,20111124,28,28.2,26.1,27.8,53454
TEXMOPIPES,20111124,15.55,16.45,15.5,16.3,26588
TEXRAIL,20111124,65.5,67.65,65.5,67.35,12256
TFCILTD,20111124,22.15,22.5,21.25,22.4,15861
TFL,20111124,13,13,13,13,1000
THANGAMAYL,20111124,157,158.95,149.25,150.7,27166
THEMISMED,20111124,82,82,75,77.85,1042
THERMAX,20111124,435,442.5,429.95,436.95,42243
THINKSOFT,20111124,33.9,36.45,33.9,35.95,27374
THIRUSUGAR,20111124,84,84,71.5,76.35,4636
THOMASCOOK,20111124,37.4,38.45,36.8,37.25,389027
TI,20111124,28.3,30,28.3,29.35,36319
TIDEWATER,20111124,6281.7,6328,6240,6302,371
TIIL,20111124,30.7,31.5,30.1,30.45,1646
TIJARIA,20111124,12.6,12.95,12.5,12.55,74331
TIL,20111124,242,249.9,237,244.15,3411
TIMBOR,20111124,30.45,31.75,30.45,30.55,1564
TIMESGTY,20111124,19.55,21.1,19.55,21.1,727
TIMETECHNO,20111124,49.3,51,43.2,49.3,93182
TIMKEN,20111124,183.65,193,183.3,190.65,256364
TINPLATE,20111124,39.5,39.5,37.05,37.55,33767
TIPSINDLTD,20111124,33.2,34.9,33,34.85,13232
TIRUMALCHM,20111124,54,55.9,54,54.05,196
TITAN,20111124,189.4,191.7,184,189.8,3716192
TNPETRO,20111124,13.5,13.95,13.15,13.6,26882
TNPL,20111124,86.85,86.85,84,84.75,15634
TODAYS,20111124,4.5,4.6,4.1,4.25,3172
TOKYOPLAST,20111124,15.9,17.25,15.9,16.75,851
TORNTPHARM,20111124,563.95,563.95,548.05,551.25,2737
TORNTPOWER,20111124,197.15,199.75,196.5,199.1,9289
TREEHOUSE,20111124,155,163.5,146.35,161.7,152076
TRENT,20111124,974.9,995,922.35,974.15,38428
TRF,20111124,252.35,256.85,246.15,251.35,9446
TRICOM,20111124,10.85,11,10.55,10.7,1045
TRIDENT,20111124,9.6,10.65,9.6,10.45,10060
TRIGYN,20111124,11.65,13.95,11.65,12.55,8714
TRIL,20111124,166.2,168.75,163,166.8,3257
TRITURBINE,20111124,32.2,34,32.2,33.5,309000
TRIVENI,20111124,14.35,14.5,13.55,14.15,1188460
TTKHEALTH,20111124,368.95,370,352.8,366,16973
TTKPRESTIG,20111124,2430.05,2543,2419.35,2504.6,125827
TTL,20111124,20,20.35,20,20.25,3755
TTML,20111124,14.25,14.3,13.8,13.95,6984831
TUBEINVEST,20111124,118.45,121,118.45,120.15,26005
TULIP,20111124,122.4,125.9,117.9,123,776396
TULSI,20111124,10.15,10.65,10.1,10.5,35982
TULSYAN,20111124,33.05,34.55,33.05,33.6,1897
TV18BRDCST,20111124,33.6,36.8,33.5,35.5,159391
TVSELECT,20111124,19.05,20.45,18.1,19.7,2817
TVSMOTOR,20111124,60.55,63.25,59.2,62.05,1982630
TVSSRICHAK,20111124,313.3,316,307,312.5,2065
TVTODAY,20111124,45.9,47.3,44.5,45.7,29188
TWILITAKA,20111124,33.1,33.35,32.4,33,70198
TWL,20111124,416,419,410,416.95,8627
UBENGG,20111124,33.6,34.95,33.25,34.7,8067
UBHOLDINGS,20111124,77.05,77.45,75,76.3,27847
UBL,20111124,391,397,363.35,390.25,28775
UCALFUEL,20111124,61.05,64.95,61.05,64.15,3743
UCOBANK,20111124,58.95,60.5,57.3,59.75,3015412
UFLEX,20111124,120.1,123.25,117.35,122.6,311113
UGARSUGAR,20111124,11.4,12.3,11.25,11.55,10160
ULTRACEMCO,20111124,1100.1,1154.95,1095.55,1122.55,145846
UMESLTD,20111124,13.35,14.1,13.35,13.9,1546
UNICHEMLAB,20111124,104.4,108,103.1,106.05,18194
UNIENTER,20111124,27.6,28.5,26.25,26.6,16202
UNIONBANK,20111124,207.95,215.95,201,213.95,542887
UNIPHOS,20111124,126.2,131.95,120,129.9,1811423
UNIPLY,20111124,8.55,8.6,8.2,8.5,2951
UNITECH,20111124,23.3,24.2,22.4,24.05,28380097
UNITEDBNK,20111124,56.75,58,56.1,57.5,74459
UNITEDTEA,20111124,142,142,142,142,24
UNITY,20111124,30,30,27.05,27.95,719152
UNIVCABLES,20111124,35.5,38,33.8,35.9,346
UPERGANGES,20111124,40,43.25,40,42.05,1667
USHAMART,20111124,24.7,25,24.4,24.9,194660
USHERAGRO,20111124,90.9,95,87,90.85,417856
UTISUNDER,20111124,1495,1530,1384.75,1389.75,226
UTTAMSTL,20111124,58.4,58.95,56.15,58.05,17947
UTTAMSUGAR,20111124,26.65,27.5,26.5,27.3,3525
UTVSOF,20111124,943,945.9,938.4,943.8,15139
VADILALIND,20111124,105,110,104,107.5,165
VAIBHAVGEM,20111124,25.5,27.25,24.6,26.2,237
VAKRANSOFT,20111124,329,330.95,327.05,329.5,3281
VALECHAENG,20111124,57.1,58.5,56.7,57.95,4296
VALUEIND,20111124,14.65,15.5,14.55,15,6677
VARDHACRLC,20111124,7.65,7.8,7.65,7.75,22357
VARDMNPOLY,20111124,90.05,92.9,89.85,90.6,2785
VARUN,20111124,248,252.8,247.25,251.1,164883
VARUNSHIP,20111124,16.6,16.6,16,16.45,35108
VASCONEQ,20111124,40,41.5,39.55,41.25,1809
VASWANI,20111124,11.1,11.65,10.7,10.9,216840
VENKEYS,20111124,413,415.65,405,410.75,13283
VENUSREM,20111124,169.15,172.5,168,171.45,8512
VESUVIUS,20111124,359.05,366.8,353.25,360.85,1304
VGUARD,20111124,176,176,172.1,173.35,30955
VHL,20111124,382.1,398.75,382.1,396.95,84
VICEROY,20111124,22.3,23.35,21.25,21.95,47583
VIDEOIND,20111124,168.2,170,163.5,168.55,5155943
VIJAYABANK,20111124,49.8,50.85,48.65,50.15,2332184
VIJSHAN,20111124,15.2,17.05,15.2,17,3326
VIKASHMET,20111124,7.5,7.5,7.05,7.25,16591
VIMTALABS,20111124,15.3,16.45,14.95,15.5,172197
VINATIORGA,20111124,66.15,68.95,65.6,67.2,16968
VINYLINDIA,20111124,8.5,9.25,8.5,9.2,700
VIPIND,20111124,118.45,120.2,111.65,118.7,5813626
VIPUL,20111124,9,10.35,9,9.05,1036
VISAKAIND,20111124,68.5,69.55,68.25,69.2,4938
VISASTEEL,20111124,57.5,57.75,57.05,57.5,18885
VISESHINFO,20111124,2.65,2.65,2.5,2.65,5000
VISHALRET,20111124,18.25,19.15,17.65,18.9,395321
VISUINTL,20111124,1.7,1.7,1.35,1.45,12460
VIVIMEDLAB,20111124,233,242,225.1,240.1,23574
VLSFINANCE,20111124,9.95,9.95,9.5,9.75,5714
VOLTAMP,20111124,509,535,495.1,528.35,38655
VOLTAS,20111124,84.05,88,82.2,87.2,873915
VSTIND,20111124,1056.3,1136.95,1056.3,1128.2,1721
VSTTILLERS,20111124,455.5,455.5,440.5,444,1740
VTL,20111124,179.75,188,178,180.3,22334
VTXIND,20111124,12.75,13.25,12.2,12.9,1074
WABAG,20111124,326,341.95,326,329.6,2202
WABCOINDIA,20111124,1251.15,1283.95,1211,1279.8,493
WALCHANNAG,20111124,72,74,70,71.1,24727
WANBURY,20111124,20,21.85,20,20.75,2023
WEBELSOLAR,20111124,18.1,19.5,18.1,19.25,5179
WEIZFOREX,20111124,67,67,57,57.75,111
WEIZMANIND,20111124,7.95,8,7.3,8,509
WELCORP,20111124,72,73.9,68.5,72.35,1504390
WELGLOB,20111124,49,53.6,48.5,48.75,291
WELINV,20111124,39,44.75,39,40.15,90
WELPROJ,20111124,27.5,27.5,24.25,26.6,7001
WENDT,20111124,1535.9,1535.9,1450.1,1482,246
WHEELS,20111124,282.05,299.75,282.05,289.8,2183
WHIRLPOOL,20111124,185.9,190,180.15,186.55,5879
WILLAMAGOR,20111124,39.7,40.5,38.25,39.35,1203
WINDMACHIN,20111124,15.55,16.95,15.55,15.9,1479
WINSOME,20111124,18.5,19.25,18.5,19,700
WIPRO,20111124,363.3,374.4,361.9,370.65,1574804
WOCKPHARMA,20111124,375.15,380.7,371,377,73091
WSI,20111124,14.5,14.5,14.1,14.1,100
WSTCSTPAPR,20111124,53.55,55.45,52.1,54,989
WYETH,20111124,963,975,958.15,965.45,1906
XLENERGY,20111124,5.3,5.9,4.6,5.3,39324
XPROINDIA,20111124,47.1,49.6,45.6,48.5,4380
YESBANK,20111124,266,279,261.55,277,3349842
ZEEL,20111124,114.4,122.4,113.4,119.6,2748397
ZEELEARN,20111124,15.6,15.6,14.9,15.2,230264
ZEENEWS,20111124,10.5,10.7,10.05,10.4,73629
ZENITHBIR,20111124,3.85,4.05,3.85,3.9,65705
ZENITHCOMP,20111124,12.6,13,12.3,12.65,1649
ZENITHINFO,20111124,36,39.5,35.95,37.8,2219
ZENSARTECH,20111124,126.95,126.95,115.4,117.8,3169
ZICOM,20111124,29.5,29.85,28.5,28.95,28762
ZODIACLOTH,20111124,210.25,214,210.05,213.85,156
ZODJRDMKJ,20111124,23.5,23.5,20.25,21.4,3476
ZUARIAGRO,20111124,530,530,505,510.7,1941
ZYDUSWELL,20111124,419,446.9,416,439.6,28294
ZYLOG,20111124,388,404.7,388,397,129742
NSENIFTY,20111124,4707.55,4771.10,4639.10,4756.45,213363083,7327.52
NIFTYJUNIOR,20111124,8924.20,9086.25,8802.90,9057.45,135745573,1727.93
BANKNIFTY,20111124,8412.55,8504.40,8276.75,8472.50,28235534,1847.96
NSEMIDCAP,20111124,6467.70,6600.10,6398.15,6586.50,282460603,1857.76
NSEIT,20111124,5824.70,5945.70,5739.00,5918.75,20085737,989.50
NSE100,20111124,4593.45,4654.85,4528.80,4644.40,349108656,9055.46
NSE500,20111124,3720.80,3768.75,3672.55,3762.85,741327327,11652.12
MIDCAP50,20111124,1863.30,1901.15,1833.20,1893.95,145982437,950.71
VIX,20111124,24.84,32.52,24.84,27.95,30.68,-2.73
