20MICRONS,20110725,50,51.9,50,50.7,65190
3IINFOTECH,20110725,42.95,43.75,42.05,43.3,931660
3MINDIA,20110725,4600,4600,4507,4528.7,650
A2ZMES,20110725,274.2,286.5,274.2,279.95,499490
AANJANEYA,20110725,387.15,392.4,384.7,386.5,77077
AARTIDRUGS,20110725,140.9,144.45,136.55,137.1,23685
AARTIIND,20110725,53.8,54.45,52.15,53.25,147517
AARVEEDEN,20110725,49.25,50.1,49.25,49.35,74
ABAN,20110725,527.5,530.35,522,523.8,366200
ABB,20110725,883.1,896.75,881.55,892.15,43111
ABBOTINDIA,20110725,1524.95,1524.95,1470,1479.55,310
ABCIL,20110725,130,130,127.55,127.9,4197
ABGSHIP,20110725,374.7,375.2,369,372.9,83101
ABHISHEK,20110725,13.5,13.75,13.3,13.6,1864
ABIRLANUVO,20110725,923.9,961,915.35,954.9,332663
ACC,20110725,994.6,1003,985.05,999.75,277256
ACE,20110725,47.4,49.6,47,48.1,237525
ACKRUTI,20110725,188.25,191,188.25,189.65,11015
ACROPETAL,20110725,17.05,17.15,17,17.1,219438
ADANIENT,20110725,733.8,754,730.05,750.4,190215
ADANIPOWER,20110725,113,115.8,111.95,113.9,1077604
ADFFOODS,20110725,75.35,76.35,74,75.9,28817
ADHUNIK,20110725,76.05,78.5,75.55,76,55120
ADORWELD,20110725,189.9,191.65,184,187,79275
ADSL,20110725,45.55,46,45.05,45.65,88662
ADVANIHOTR,20110725,36.05,36.9,36.05,36.9,1168
ADVANTA,20110725,289.95,306.35,289.8,302.4,582633
AEGISCHEM,20110725,236.85,254.95,236.85,243.15,87987
AFL,20110725,43.6,46.1,42.6,44.6,10401
AFTEK,20110725,13.6,14.05,13.6,13.9,99539
AGCNET,20110725,165.2,171.4,165.2,166.05,1088
AGRE,20110725,52.8,55,51.6,51.8,40308
AGRODUTCH,20110725,12.5,13.05,11.85,11.95,402461
AHLEAST,20110725,312.05,314,309,310.2,120
AHLUCONT,20110725,136,140,134,138.6,8793
AHLWEST,20110725,197.5,197.5,192.75,193.7,426
AHMEDFORGE,20110725,122.15,123.7,121.6,122,11921
AIAENG,20110725,372.1,378.4,372,374.8,1211
AJANTPHARM,20110725,356.1,360.95,352.05,357.3,10572
AJMERA,20110725,154.55,158,154.25,157.05,14027
AKSHOPTFBR,20110725,7,7.2,7,7.15,270025
AKZOINDIA,20110725,958,993.8,949,978.8,90596
ALBK,20110725,218.7,221.8,215.2,220.25,1010943
ALCHEM,20110725,229.4,229.8,228.9,229.1,201301
ALEMBICLTD,20110725,21,23.2,20.75,21.9,231638
ALFALAVAL,20110725,1680,1680,1638.85,1641.3,284
ALKALI,20110725,54.1,55.65,54.1,55.05,16442
ALKYLAMINE,20110725,90.5,93,90.5,92.8,306
ALLCARGO,20110725,162,165,162,162.45,948
ALLSEC,20110725,20.5,20.5,19.75,20.15,1437
ALMONDZ,20110725,25.25,25.45,24.85,25.05,756
ALOKTEXT,20110725,25.15,25.95,24.9,25.25,2138576
ALPA,20110725,10.7,10.8,10.45,10.55,3803
ALPSINDUS,20110725,3.45,3.45,3.25,3.3,52920
AMAR,20110725,104.35,104.35,99.1,99.8,63941
AMARAJABAT,20110725,236.1,241,235,236.75,64781
AMARJOTHI,20110725,60,64,60,61.95,93
AMBIKCO,20110725,184.25,194.7,184.25,188.2,880
AMBUJACEM,20110725,129.6,132.5,128.15,131.4,876029
AMDIND,20110725,18,18.2,17.9,18.2,8261
AMLSTEEL,20110725,14.7,16.55,14.7,16.15,105
AMRUTANJAN,20110725,800,998,800,930.3,3406519
AMTEKAUTO,20110725,157,162.85,156.5,159.4,215583
AMTEKINDIA,20110725,113,114.7,106.35,112.65,636464
ANANTRAJ,20110725,87.25,88.1,85.05,86.3,792387
ANDHRABANK,20110725,137,139.25,136.3,138.45,368330
ANDHRACEMT,20110725,10.8,11,10.5,10.7,18412
ANDHRSUGAR,20110725,98.1,99.8,98.1,99.3,5402
ANGIND,20110725,25.3,25.4,25.3,25.4,144
ANIKINDS,20110725,37,40.95,37,40.1,2991
ANKURDRUGS,20110725,39,39.5,38.1,38.5,19408
ANSALAPI,20110725,45,45.3,43.5,43.65,48665
ANSALHSG,20110725,43.3,44,43.05,43.35,2247
ANTGRAPHIC,20110725,0.3,0.3,0.25,0.3,54894
APARINDS,20110725,225,229.45,220,223.75,24739
APCOTEXIND,20110725,174,185.85,174,182.25,1972
APIL,20110725,587,589.65,566.95,574.9,454470
APOLLOHOSP,20110725,511.05,515,491,509.05,66933
APOLLOTYRE,20110725,75,77,74.85,76.1,2019008
APPAPER,20110725,370.1,376.8,370,374.1,11173
APTECHT,20110725,133.9,137.5,132.05,134.15,1326461
AQUA,20110725,15.2,15.6,15.2,15.3,38772
ARCHIDPLY,20110725,14.55,14.55,14,14.3,2203
ARCHIES,20110725,39.55,43.35,39.55,41.55,169676
AREVAT&D,20110725,255.1,265.9,255.05,258,184736
ARIES,20110725,112.5,115.9,112.5,113.35,7558
ARIHANT,20110725,57,57.15,57,57.15,290
ARL,20110725,2.3,2.35,2.25,2.25,93183
AROGRANITE,20110725,40.75,41.5,40.75,41.5,709
ARROWTEX,20110725,12.3,12.3,11.4,11.65,13370
ARSHIYA,20110725,147,147,142.15,145.3,7297
ARSSINFRA,20110725,434,435.5,422.15,425.55,90162
ARVIND,20110725,86.1,88.4,86.1,86.9,863943
ASAHIINDIA,20110725,85.95,85.95,82,82.9,18803
ASAL,20110725,62.15,65.4,62.15,63.6,14805
ASHAPURMIN,20110725,19.7,20.05,19.65,19.7,31215
ASHCONIUL,20110725,2.65,2.75,2.6,2.65,8739
ASHIANA,20110725,146,151.95,146,148.6,1327
ASHOKA,20110725,268,272,256,266.95,2040
ASHOKLEY,20110725,52.15,53.2,52,52.85,4732876
ASIANELEC,20110725,10,10.2,9.8,10,54202
ASIANHOTNR,20110725,214,219,214,216.6,1785
ASIANPAINT,20110725,3137,3137,3092.1,3113.95,39141
ASIANTILES,20110725,46,46,46,46,85
ASSAMCO,20110725,15.95,15.95,15.6,15.6,122553
ASTEC,20110725,40.5,40.5,39.55,40,22652
ASTERSILI,20110725,23.5,24.9,23.4,24.1,22618
ASTRAL,20110725,203.5,206.9,201.05,205.5,10400
ASTRAMICRO,20110725,28.3,31.5,28.3,30.35,90918
ASTRAZEN,20110725,1345,1345,1321.15,1343.95,292
ATFL,20110725,405,434,399,422.1,95172
ATLANTA,20110725,80.5,80.9,78.3,79.4,269469
ATLASCYCLE,20110725,436.55,437,422.5,425.35,332802
ATNINTER,20110725,1.3,1.3,1.2,1.2,11470
ATUL,20110725,226.4,231.65,224.2,225.45,100539
AURIONPRO,20110725,154,159,154,155.6,279
AUROPHARMA,20110725,175.2,182.9,173.2,181.45,2154967
AUSOMENT,20110725,39,40.5,39,40.5,805
AUSTRAL,20110725,2.65,2.65,2.55,2.55,680446
AUTOAXLES,20110725,431,462,428,457.25,49768
AUTOIND,20110725,159.05,163.25,157.45,161.35,31387
AUTOLITIND,20110725,21.4,22.95,21.05,21.65,1129
AVANTI,20110725,34,42.15,34,41.95,35462
AVENTIS,20110725,2119.25,2133.9,2100,2119.65,711
AVTNPL,20110725,417.8,418.35,380.05,418.35,55016
AXIS-IT&T,20110725,108.85,122.6,108.85,116.2,252721
AXISBANK,20110725,1294.7,1340,1293.35,1337.25,2430128
AXISGOLD,20110725,2290,2304.4,2286,2301.4,715
BAGFILMS,20110725,7,7.2,6.95,7.1,90393
BAJAJ-AUTO,20110725,1449.4,1456,1431.25,1446.4,329369
BAJAJCORP,20110725,125.8,125.8,122.5,123.45,53924
BAJAJELEC,20110725,238.75,239.75,230.6,231,100651
BAJAJFINSV,20110725,539.55,545.85,538,540.8,25545
BAJAJHIND,20110725,71.4,72.9,71.4,72.3,736641
BAJAJHLDNG,20110725,745,755,738,747.7,33087
BAJFINANCE,20110725,734.4,734.4,719,725.45,87627
BALAJITELE,20110725,33,33.45,32.3,33.1,58210
BALAMINES,20110725,42.9,42.9,41.6,41.9,18678
BALKRISIND,20110725,163,164.9,160.15,160.9,6642
BALLARPUR,20110725,33.4,34.3,33.4,34,317968
BALMLAWRIE,20110725,675,675,663.05,665.1,5585
BALPHARMA,20110725,28.5,29.05,28.2,28.45,14061
BALRAMCHIN,20110725,60.5,61.9,60.2,61.65,1358736
BANARISUG,20110725,614,615,600,600.5,513
BANCOINDIA,20110725,82,84.4,81,83.95,16433
BANG,20110725,32.55,34.15,32.55,32.65,4583
BANKBARODA,20110725,902,916.9,897.3,913.7,148918
BANKBEES,20110725,1131.5,1157,1128.75,1156.05,640
BANKINDIA,20110725,416.4,418,397.2,403.3,2970052
BANSWRAS,20110725,130,130.05,125,127,8714
BARTRONICS,20110725,63.4,64.7,63.15,63.45,71822
BASF,20110725,659.1,669,659.1,664.85,3974
BASML,20110725,89.8,89.8,79.55,79.9,2934
BATAINDIA,20110725,632.7,639.7,629,635.9,338224
BATLIBOI,20110725,23,24.2,23,23.35,702
BAYERCROP,20110725,928,950,881,930.2,38047
BBL,20110725,857,857,825.85,832.2,8646
BBTC,20110725,495,495,467,474.1,3706
BECREL,20110725,10.8,11.7,10.8,11.3,1758
BEDMUTHA,20110725,131.4,147,130.6,142.55,1086924
BEL,20110725,1734.95,1743.35,1733,1738.8,198084
BELLCERATL,20110725,15,15.3,14.25,14.8,1313
BEML,20110725,570,580.95,561,575.6,225068
BEPL,20110725,31.1,32.75,31.1,32.5,14330
BERGEPAINT,20110725,102.75,104.6,101.6,103.95,84651
BFINVEST,20110725,65.4,68.6,65.4,67.45,8331
BFUTILITIE,20110725,752.05,774.65,743.55,765.1,443343
BGRENERGY,20110725,461,465.9,457.1,462.6,216205
BHAGWATIHO,20110725,93.85,96.15,93.85,94.1,4478
BHAGYNAGAR,20110725,18.75,18.85,18.35,18.55,7801
BHARATFORG,20110725,338.5,346,337.1,342.7,178422
BHARATGEAR,20110725,60.7,62.45,60.3,60.65,4787
BHARATRAS,20110725,98,107.6,95.55,102.3,4518
BHARTIARTL,20110725,410,438.2,409.55,432.65,14105401
BHARTISHIP,20110725,130.9,132.75,129.55,131.65,78061
BHEL,20110725,1975.4,2004.9,1958.6,1998.85,469360
BHUSANSTL,20110725,433,439.9,433,436.95,154015
BIL,20110725,57.1,58.95,57.1,58.05,3075
BILPOWER,20110725,96.7,106.85,96.7,104.35,360943
BIMETAL,20110725,325.95,325.95,313,314.45,271
BINANIIND,20110725,164.9,177.8,163.15,171.8,195392
BINDALAGRO,20110725,90.1,90.6,90,90,175206
BIOCON,20110725,361.5,370,358.25,369,407744
BIRLACORPN,20110725,336,339.95,328.1,329.2,3719
BIRLACOT,20110725,0.45,0.5,0.4,0.4,11731467
BIRLAERIC,20110725,16.05,17.5,15.8,17.1,19122
BIRLAMONEY,20110725,19.05,20.3,19.05,19.8,14763
BIRLAPOWER,20110725,0.85,0.85,0.8,0.8,1094694
BLBLIMITED,20110725,5.35,5.35,5.15,5.2,6707
BLISSGVS,20110725,26,26.4,25.35,25.5,39453
BLKASHYAP,20110725,19.7,19.7,19.2,19.3,39622
BLUECHIP,20110725,1.2,1.2,1.1,1.1,12040
BLUECOAST,20110725,167.9,180.3,167.9,180.3,35
BLUEDART,20110725,1649.9,1649.9,1508.8,1610,1738
BLUESTARCO,20110725,299.5,299.5,292.1,294.8,11184
BLUESTINFO,20110725,88,88,85.35,85.9,5150
BOC,20110725,299,305,295.15,300.9,22155
BOMDYEING,20110725,376,379.4,373.25,374.7,139011
BOSCHLTD,20110725,7200,7400,7050.25,7183.25,6717
BPCL,20110725,666,676,666,671.3,205561
BPL,20110725,25.3,27.2,24.8,26.75,91657
BRANDHOUSE,20110725,22,24,22,22.65,719904
BRFL,20110725,289.9,289.9,286.6,287.5,148832
BRIGADE,20110725,71,72.8,71,71.7,66259
BRITANNIA,20110725,484.9,488,478.1,481.45,64723
BROADCAST,20110725,10.1,10.45,9.9,10,1544
BSELINFRA,20110725,4.75,4.95,4.75,4.8,52359
BSL,20110725,25.3,27.95,25.3,26.95,700
BSLGOLDETF,20110725,2321,2355,2321,2349.1,538
BSTRANSCOM,20110725,129.95,138.7,129.95,132.7,75123
BURNPUR,20110725,7.45,7.6,6.9,7.3,59597
BVCL,20110725,16.85,16.95,16.65,16.65,1557
CADILAHC,20110725,881,904,871.6,896.35,140143
CAIRN,20110725,325,330.9,324.05,327.75,1453321
CALSOFT,20110725,33,35.95,33,35.95,90
CAMLIN,20110725,73.6,75.15,73.4,74.15,100718
CANBK,20110725,521,527,520.05,524.7,328089
CANDC,20110725,136,136,128,128.8,23618
CANFINHOME,20110725,113.55,114.5,113,113.2,12113
CANTABIL,20110725,32.5,34,32.5,32.85,32274
CARBORUNIV,20110725,301.1,313.1,301.1,307.25,4081
CAROLINFO,20110725,178,180.5,177,178.85,1232
CASTROL,20110725,545,551,540.8,545.2,371588
CCCL,20110725,31.9,31.9,29,30.55,37683
CCL,20110725,205,215,205,212.75,13193
CEATLTD,20110725,108.9,113.3,107.55,110.2,145364
CEBBCO,20110725,43.1,45.5,42.3,43,46493
CELEBRITY,20110725,9.45,9.5,8.95,9,13975
CELESTIAL,20110725,36,37.2,34.3,34.8,24288
CENTENKA,20110725,180,183.4,180,182.55,4208
CENTEXT,20110725,3.35,3.4,3.3,3.35,53445
CENTRALBK,20110725,125.55,128.3,125.55,127.85,414749
CENTUM,20110725,92.8,95,92.25,95,331
CENTURYPLY,20110725,70.3,71.7,68.45,71.05,27323
CENTURYTEX,20110725,365.5,371.5,363.6,369.4,251687
CERA,20110725,227,227,212,223.4,9742
CESC,20110725,333.9,356.95,333.9,349.75,870623
CHAMBLFERT,20110725,86,89,86,88.35,2535180
CHEMFALKAL,20110725,48,49,46.6,48,464
CHEMPLAST,20110725,7.25,8.6,7.1,8.2,1213561
CHENNPETRO,20110725,229,232,228.15,229.75,38462
CHESLINTEX,20110725,16.5,16.5,12.75,12.9,66569
CHOLAFIN,20110725,175,182.9,175,181.05,24614
CILNOVA,20110725,14,15.25,14,15.1,2162
CINEMAX,20110725,38,40.1,38,39.05,76979
CINEVISTA,20110725,3.8,4.35,3.8,4.25,71200
CIPLA,20110725,323.5,323.5,315,316.95,1236691
CLASSIC,20110725,12.7,13,12.5,12.6,21543
CLNINDIA,20110725,800,815,795,812.4,3168
CMAHENDRA,20110725,238.05,244,233,235.3,8402
CMC,20110725,1175,1180,1154,1176.55,2804
COALINDIA,20110725,370.7,371.3,367.25,369.1,1674691
COLPAL,20110725,990,990,975.6,982.35,84640
COMPUAGE,20110725,120.8,128.95,115.2,127.3,5388
CONCOR,20110725,1121,1132.7,1092.2,1100,80323
CONSOFINVT,20110725,73.4,73.4,69,71,7900
CORAL-HUB,20110725,6,6.2,6,6,5836
CORDSCABLE,20110725,39.25,39.25,38.25,38.3,3454
COREPROTEC,20110725,300.6,303.4,300,301.9,357100
COROMANDEL,20110725,334.5,343.75,330.05,341.9,142497
CORPBANK,20110725,520.15,525,517.55,518.45,49176
COSMOFILMS,20110725,97.45,99.85,97.15,97.55,11455
COX&KINGS,20110725,197.85,201.7,197.85,199.65,181960
CPIL,20110725,322.5,326,322.1,322.85,2374
CREATIVEYE,20110725,5.45,5.75,5.4,5.65,2022
CRESTANI,20110725,52.05,52.9,51.4,51.9,29252
CREWBOS,20110725,86.05,90.05,85.5,87.85,159095
CRISIL,20110725,8044,8300,7995,8176.25,4637
CROMPGREAV,20110725,182.8,184.65,179.6,181.7,3726737
CRONIMET,20110725,131.5,137.45,129.4,130.5,24917
CTE,20110725,9,9,8.8,9,5864
CUB,20110725,50,50.4,49.4,49.65,388442
CUBEXTUB,20110725,12.25,12.55,12.05,12.4,240
CUMMINSIND,20110725,684,684,670,676.45,43764
CURATECH,20110725,209.75,209.75,200,203.9,337
CYBERMEDIA,20110725,19.9,19.9,19.9,19.9,547
CYBERTECH,20110725,13.15,13.8,12.2,13.75,2428
DAAWAT,20110725,52.5,54.2,51.9,53.35,57279
DABUR,20110725,111.6,113,111,111.9,656659
DALMIABEL,20110725,155.15,155.2,148,148.85,3572
DALMIASUG,20110725,18.3,18.75,18.15,18.4,7851
DATAMATICS,20110725,29.5,30.4,29.5,30.05,7675
DBCORP,20110725,242.8,242.8,232.15,239.8,23640
DBREALTY,20110725,84,84.8,82.5,83.15,283647
DCB,20110725,59.75,60.3,59,59.75,2248325
DCHL,20110725,72.15,72.6,69.2,71.55,1324804
DCM,20110725,87.5,89.3,87.1,88.5,69610
DCMSRMCONS,20110725,47.25,47.75,47,47.5,14664
DCW,20110725,10.85,11,10.8,10.85,53674
DECCANCE,20110725,146,146.2,143.5,146,10053
DEEPAKFERT,20110725,170.85,172,168,169.95,38879
DEEPAKNTR,20110725,218.7,229.65,218.7,226.55,4910
DEEPIND,20110725,86.1,88,84,84.85,27329
DELTACORP,20110725,111.4,113.75,111,111.65,3781929
DEN,20110725,81.55,83.45,80.5,82.2,562812
DENABANK,20110725,87.5,89.6,87.5,89.35,994696
DENORA,20110725,108.9,113.4,107.6,108,17064
DENSO,20110725,70,71.35,68.75,68.8,1595
DEWANHOUS,20110725,220.65,223.5,218,220.35,34073
DHAMPURSUG,20110725,58.7,59.65,58.2,58.65,93483
DHANBANK,20110725,110,115.8,108.8,109.8,519866
DHANUKA,20110725,107.8,110.05,106.4,107.8,69163
DHARSUGAR,20110725,34.3,34.3,31.7,32.7,2508
DHUNINV,20110725,79.15,79.15,76.2,79.15,376
DIAPOWER,20110725,156,156.35,154,155.25,7812
DICIND,20110725,261.95,264.8,257,262.4,2039
DIGJAM,20110725,12.2,12.6,12.2,12.35,62742
DISHMAN,20110725,92.05,94.15,90.75,91.75,94836
DISHTV,20110725,85.1,86.65,84.15,84.7,5242111
DIVISLAB,20110725,813.1,829.6,813.1,824.55,62627
DLF,20110725,239.6,245.9,237.65,243.9,3843188
DLINKINDIA,20110725,26.05,26.05,25,25.6,42353
DOLPHINOFF,20110725,131.5,151.9,131.5,143.85,264688
DONEAR,20110725,23,24,23,23.95,1260
DPSCLTD,20110725,1990,2020,1960,1974.85,47
DPTL,20110725,150.25,154.55,150.25,154.25,2133
DQE,20110725,43.4,46.5,43.15,45.95,52431
DREDGECORP,20110725,287,289.25,285.85,288.3,5478
DRREDDY,20110725,1566.05,1599,1550,1588.05,314831
DSKULKARNI,20110725,63.95,63.95,62.25,62.75,13273
DUNCANSIND,20110725,14.45,14.5,14.15,14.35,46477
DWARKESH,20110725,66.8,67.95,66.25,66.8,8297
DYNAMATECH,20110725,1455.4,1524,1455.4,1505.05,466
DYNASYS,20110725,0.7,0.7,0.7,0.7,1120
EASTSILK,20110725,8.2,8.2,7.85,7.9,8067
EASUNREYRL,20110725,73.2,74.5,72.5,73.1,18740
ECEIND,20110725,119.1,121.4,117.5,118.8,5007
ECLERX,20110725,836.1,845,833,840.4,4852
EDELWEISS,20110725,32.25,34.15,32,33.35,860821
EDL,20110725,101,103,100,102.45,4030
EDSERV,20110725,137.5,141.2,137,139.15,277309
EDUCOMP,20110725,376,378.45,371.85,373.55,875773
EICHERMOT,20110725,1344,1354,1315.1,1340.85,2307
EIDPARRY,20110725,263.7,267.4,263.55,266.3,71214
EIHAHOTELS,20110725,147.7,147.7,137.05,137.5,1159
EIHOTEL,20110725,86,86.5,85.3,86,50106
EIMCOELECO,20110725,225,229,221.25,223.4,344
EKC,20110725,90.9,93.8,89.15,92.45,1144304
ELDERPHARM,20110725,384.5,397.9,384.5,392.7,55166
ELECON,20110725,83.95,84.6,83,84,90367
ELECTCAST,20110725,29.35,29.9,29.1,29.65,202263
ELECTHERM,20110725,169,172,168.2,169.35,937
ELFORGE,20110725,10.4,11.05,10.4,11,5039
ELGIEQUIP,20110725,80,81.2,79.1,80,37561
ELNET,20110725,35.35,35.95,35.35,35.35,571
EMAMILTD,20110725,499.1,516,499.1,503.9,48820
EMCO,20110725,52.5,53.9,52.5,53.4,50872
EMKAY,20110725,41.5,41.85,40,40.05,3893
EMMBI,20110725,15.25,15.25,13.8,14.45,10935
EMPEESUG,20110725,25.05,25.8,25.05,25.6,1814
ENERGYDEV,20110725,34.85,34.85,33.65,34.35,1547
ENGINERSIN,20110725,289.8,295.4,289.8,291.9,169285
ENIL,20110725,264.75,266.6,259.65,261.25,37092
ENTEGRA,20110725,23,23.5,22.35,22.4,4457
ERAINFRA,20110725,169.1,169.1,167.7,167.9,201423
EROSMEDIA,20110725,205.1,207.75,199.05,200.85,168287
ESABINDIA,20110725,560,563,544.6,552.85,11281
ESCORTS,20110725,106.1,109.4,104.75,108,1674535
ESL,20110725,8.75,8.75,8.5,8.55,115473
ESSAROIL,20110725,122,124.2,121.15,122.75,468217
ESSARPORTS,20110725,98.55,98.7,96,96.7,25861
ESSDEE,20110725,374,376,370.25,374.2,96951
ESSELPACK,20110725,45.2,45.95,44.75,45,101048
ESTER,20110725,44,44.5,43,44.2,29968
EUROCERA,20110725,25.1,25.1,25.1,25.1,29
EUROMULTI,20110725,10,10.45,10,10.1,2927
EUROTEXIND,20110725,26.25,26.5,25.75,25.75,1988
EVEREADY,20110725,42.55,43.75,42.3,43.05,72689
EVERESTIND,20110725,170,176,169.1,173.35,123478
EVERONN,20110725,553.7,557,545.05,551.8,102073
EVINIX,20110725,1,1,0.9,1,14256
EXCELCROP,20110725,170,191,168.5,180.3,206275
EXCELINDUS,20110725,78.9,79.8,75.2,76.15,9877
EXCELINFO,20110725,20.4,21.15,19.6,21,637065
EXIDEIND,20110725,149.6,152.25,149.6,150.8,2094271
FACT,20110725,37.9,38.5,37.9,38.15,33380
FAGBEARING,20110725,1349.9,1390,1285,1347.7,61385
FARMAXIND,20110725,3.2,3.3,3.15,3.2,163760
FCH,20110725,159.4,164.4,159.4,161,76513
FCSSOFT,20110725,0.8,0.8,0.75,0.75,871422
FDC,20110725,95,96.45,94.75,96,20030
FEDDERLOYD,20110725,70.5,72.4,70.5,71.55,3488
FEDERALBNK,20110725,459.95,463,456,458.3,212353
FIEMIND,20110725,159.8,159.8,155,157.05,2969
FINANTECH,20110725,831.85,846,825.2,839.25,66328
FINCABLES,20110725,46.55,46.55,41.65,45.6,106323
FINPIPE,20110725,76.3,79.3,76.3,78.1,39135
FIRSTLEASE,20110725,90.95,92.65,90.4,91.3,144324
FIRSTWIN,20110725,19,19,18.5,18.85,2113
FKONCO,20110725,125.65,127.95,124.1,124.95,17106
FMGOETZE,20110725,291.2,294,285.5,288,4097
FORTIS,20110725,169.95,170.7,167.2,167.9,221848
FOSECOIND,20110725,585,593.75,585,589.4,538
FOURSOFT,20110725,13.3,13.3,12.8,12.9,18166
FSL,20110725,18.6,18.9,18.35,18.8,1053413
FTCSF5YDIV,20110725,10.9,10.9,10.9,10.9,500
FUTUREVENT,20110725,9.6,10.05,9.6,10,10000089
GABRIEL,20110725,52,52,50.25,50.95,17767
GAEL,20110725,29.5,29.8,28.95,29.15,34589
GAIL,20110725,467,477.95,464.55,466.75,1086729
GAL,20110725,11.4,11.7,11.4,11.65,24628
GALLANTT,20110725,16.7,17.15,16.5,16.95,8439
GALLISPAT,20110725,89.25,90,89.1,89.55,163237
GAMMNINFRA,20110725,16.15,16.4,15.8,15.85,111009
GAMMONIND,20110725,92.8,93.2,90.8,91.1,36378
GANDHITUBE,20110725,122,124,122,123.9,358
GANESHHOUC,20110725,143.5,144,134.2,142.15,4402
GANGOTRI,20110725,6.1,6.2,5.9,5.9,4783
GARDENSILK,20110725,97.2,97.2,95.15,96.7,11705
GARWALLROP,20110725,62.6,62.8,61.1,62,6186
GATI,20110725,74,75.15,73.05,73.3,245724
GDL,20110725,133.7,138.95,132.5,133.9,328648
GEECEE,20110725,37.4,38.6,37.4,37.9,3253
GEINDSYS,20110725,158.9,163.75,153,162.2,16508
GEMINI,20110725,27.7,27.7,26.3,27.1,34532
GENESYS,20110725,270,271.8,266.05,269,38400
GENUSPOWER,20110725,19.2,19.2,18.6,18.8,58691
GEODESIC,20110725,66.5,66.8,65.1,66.15,152141
GEOJITBNPP,20110725,21.95,22.45,21.95,22.1,64498
GEOMETRIC,20110725,51.8,55.4,51.3,52,804493
GESHIP,20110725,283,286.85,280.9,282,142301
GHCL,20110725,41.8,42.2,41.65,41.85,58510
GICHSGFIN,20110725,108.75,108.75,106.2,106.75,69581
GILLANDERS,20110725,113,114.05,112.15,112.7,9223
GILLETTE,20110725,2251,2400,2212.6,2291.7,4011
GINNIFILA,20110725,8.9,9.1,8.9,9.1,6573
GIPCL,20110725,77.5,80.95,77.5,80.25,22148
GISOLUTION,20110725,15.1,15.1,13.25,14.05,774
GITANJALI,20110725,310.6,314.75,309.4,310.65,1399474
GKB,20110725,39.05,44.95,39.05,42,455
GKWLIMITED,20110725,490.25,500,490.25,500,99
GLAXO,20110725,2348.85,2355.5,2300.35,2345.4,37205
GLENMARK,20110725,315.05,330.1,313.2,329,850496
GLFL,20110725,4.95,5.35,4.45,4.45,44371
GLOBALVECT,20110725,23.05,23.65,23.05,23.5,735
GLOBOFFS,20110725,124,124,111.7,112.9,3351
GLOBUSSPR,20110725,139.9,139.9,136.1,136.4,34391
GLODYNE,20110725,315.3,315.3,302.55,304.9,23350
GMBREW,20110725,126.9,130.7,125.1,126.3,21005
GMDCLTD,20110725,161,163.8,160.4,162.55,211847
GMRINFRA,20110725,31.1,31.2,30.75,30.95,1980584
GNFC,20110725,97.7,99.8,97.2,99.45,192078
GOACARBON,20110725,90.2,93,90.2,91.3,6532
GODFRYPHLP,20110725,3212,3270,3150,3153.2,1620
GODREJCP,20110725,460,470,428.1,440.45,968049
GODREJIND,20110725,233,235.8,229.25,230.8,589612
GODREJPROP,20110725,808,815,800,803.55,25775
GOENKA,20110725,57.8,57.8,56.65,56.9,5138
GOKEX,20110725,98.8,98.8,93.3,93.55,1584
GOKUL,20110725,92.4,94,92.3,93,95732
GOLDBEES,20110725,2249.9,2253.95,2231.25,2248.9,115215
GOLDENTOBC,20110725,73.9,73.95,72.3,72.85,8077
GOLDIAM,20110725,35.4,36.1,35,36.05,7005
GOLDINFRA,20110725,17.8,18,17.6,17.95,11359
GOLDSHARE,20110725,2210,2218,2195.1,2204.55,66492
GOLDTECH,20110725,7,7.3,7,7.1,5294
GPIL,20110725,166.6,174,166.6,170.45,54962
GPPL,20110725,68,68.35,67.25,67.65,47987
GRABALALK,20110725,23.9,25.5,23.25,23.55,3392
GRANULES,20110725,87.55,89.25,86.55,87.6,5303
GRAPHITE,20110725,88.5,89.85,87.05,87.95,221778
GRASIM,20110725,2221.9,2221.9,2194.2,2205.5,54936
GRAVITA,20110725,350.1,389.5,350.1,386.25,547934
GREAVESCOT,20110725,88,88.8,86.5,86.95,106073
GREENPLY,20110725,239.8,242.45,234.15,236.05,14965
GREENPOWER,20110725,17,18.7,16.5,16.85,5974394
GRINDWELL,20110725,261.95,264.9,259,263.3,2877
GRUH,20110725,443,452,440.4,446.25,12594
GSFC,20110725,377,387,377,385.15,113857
GSKCONS,20110725,2415,2440,2361.4,2372.55,9166
GSLNOVA,20110725,3.2,3.5,3.2,3.4,6315
GSPL,20110725,108,110.35,103.95,104.2,4062938
GSSAMERICA,20110725,153.5,155.75,151.25,152.7,9376
GTL,20110725,74.55,75.3,72.3,72.9,3466055
GTLINFRA,20110725,14.7,14.75,14.35,14.6,1716478
GTNIND,20110725,14.1,15.75,14.1,15.35,2788
GTNTEX,20110725,13.6,14.7,13.6,14.65,2183
GTOFFSHORE,20110725,214,217,209.55,214.95,79767
GUJALKALI,20110725,153,155.8,152.5,153.05,24631
GUJAPOLLO,20110725,136,139,135.2,138.65,2955
GUJFLUORO,20110725,455,475,455,471.2,130792
GUJNRECOKE,20110725,45.45,45.7,45.15,45.35,367482
GUJNREDVR,20110725,27,27,25.4,25.7,8032
GUJRATGAS,20110725,418.2,420,413.1,417.15,21541
GUJSIDHCEM,20110725,9.25,9.5,9.25,9.35,50124
GULFOILCOR,20110725,95.3,97.05,95,95.7,67663
GVKPIL,20110725,19.7,19.7,19.35,19.55,2040298
HALONIX,20110725,70,70,67.75,68,6771
HANUNG,20110725,151.85,154,150.65,151.95,169511
HARITASEAT,20110725,80.25,82.95,79.1,79.5,636
HARRMALAYA,20110725,77,78.75,76.05,78.3,21884
HATHWAY,20110725,113.55,119.55,113.55,117.3,93744
HAVELLS,20110725,373.5,375.5,369.25,373.8,260238
HBLPOWER,20110725,17.5,18.25,17.4,18.05,40704
HBSTOCK,20110725,13.5,14,13.5,13.75,2251
HCC,20110725,33.65,34.2,33.3,33.9,2255153
HCIL,20110725,51.8,53.2,51.1,51.9,34977
HCL-INSYS,20110725,88.65,88.65,87.15,87.35,25229
HCLTECH,20110725,502,519.25,501.55,516.6,770422
HDFC,20110725,703.55,709.9,696.1,708.2,1925904
HDFCBANK,20110725,501.55,506.5,497.15,505.2,3342607
HDFCMFGETF,20110725,2290.55,2310,2285.1,2291.9,3398
HDIL,20110725,156,159.4,154.5,157.35,3809223
HEG,20110725,237.3,239.95,235.1,238.7,5339
HEIDELBERG,20110725,36.85,37.7,35.3,36.3,177071
HELIOSMATH,20110725,31.75,32.9,31.35,31.35,10948
HERCULES,20110725,325,335.25,321.9,324.35,201247
HERITGFOOD,20110725,220,253,220,238.15,61617
HEROHONDA,20110725,1823.9,1830,1802.35,1826.5,589496
HEXAWARE,20110725,74.9,80.95,74.9,79.85,1267356
HFCL,20110725,16.3,17.15,16.1,16.55,3512561
HGSL,20110725,383,390.1,372.3,375.45,5087
HIKAL,20110725,305.2,310,303,304.9,500
HILTON,20110725,17,17.05,16.4,16.95,5123
HIMATSEIDE,20110725,33.45,33.45,32.6,32.65,10376
HINDALCO,20110725,176.2,181.7,174.85,181,6075365
HINDCOMPOS,20110725,480,480.1,480,480,151
HINDCOPPER,20110725,267,267.8,262.35,262.8,26998
HINDDORROL,20110725,51.5,53.75,50.65,52,61914
HINDMOTORS,20110725,17.95,18.25,17.75,17.95,246314
HINDNATGLS,20110725,215,220,212.8,216.8,12282
HINDOILEXP,20110725,176.8,186.5,176.8,185.3,1195219
HINDPETRO,20110725,400,403.95,399,399.95,962175
HINDUJAVEN,20110725,352,359.9,336,336.9,11068
HINDUNILVR,20110725,333.25,334,329.75,331.2,2848687
HINDZINC,20110725,128,144.8,128,144,964388
HIRECT,20110725,53.6,56.65,53.2,54.8,33695
HITACHIHOM,20110725,205.4,208.95,203.15,204.2,66647
HITECHGEAR,20110725,133,137.25,131.25,135.95,14641
HITECHPLAS,20110725,93.85,93.85,89.85,90.2,358
HMT,20110725,59.35,60.2,58.8,58.9,86117
HMVL,20110725,134.85,137.8,133.1,135.75,2406
HNGSNGBEES,20110725,1300,1315,1300,1310.83,17
HOCL,20110725,32.9,35.1,32.9,34.15,194335
HONAUT,20110725,2822,2865.25,2782,2823.55,1587
HONDAPOWER,20110725,440.85,440.85,423.3,438.45,7231
HOTELEELA,20110725,47.8,48.25,47.1,47.55,331461
HOTELRUGBY,20110725,10.95,11.95,10.8,11.75,3337
HOVS,20110725,89.1,92.95,89.1,92,29287
HSIL,20110725,184.1,229.8,184.1,221.6,1416839
HTMEDIA,20110725,163,163,158.05,160.85,22843
HYDRBADIND,20110725,380,386.9,378.15,380.55,11697
HYDROS&S,20110725,22.3,22.5,22.2,22.35,713
IBPOW,20110725,18.9,18.9,18.05,18.3,251178
IBREALEST,20110725,114.9,117.5,112.6,115.9,2903023
IBSEC,20110725,13.25,13.4,13.1,13.2,249593
ICICIBANK,20110725,1067.9,1084,1056.5,1074.85,2151239
ICIL,20110725,11,12.15,11,12,13378
ICRA,20110725,1220,1227,1200,1212.55,16424
ICSA,20110725,98.8,98.8,96.2,96.5,96563
IDBI,20110725,133.35,136.35,133.3,135.7,1482748
IDEA,20110725,86,94.4,85.45,92.45,19657662
IDFC,20110725,141,145,140.15,143.6,3415855
IFBAGRO,20110725,83,85.7,81.3,83.35,27123
IFBIND,20110725,141,157.5,140.7,152.55,324516
IFCI,20110725,46.75,46.95,46.15,46.65,4209511
IFGLREFRAC,20110725,31,32,31,31.8,4065
IGARASHI,20110725,51.85,53.5,51.85,52.35,5193
IGL,20110725,409.85,409.85,403.05,404.25,63293
IGPL,20110725,25.7,25.7,24.95,25.5,920
IL&FSENGG,20110725,137.95,138,134,137,7266
IL&FSTRANS,20110725,220,220.3,216.3,219.45,44065
IMPAL,20110725,665,665,660,660.3,881
IMPEXFERRO,20110725,10.05,10.05,9.2,9.4,3796
INDBANK,20110725,10.85,10.85,10.15,10.35,35539
INDHOTEL,20110725,77.25,78.2,77.15,78,920283
INDIABULLS,20110725,190.8,195,187.1,188.75,1240411
INDIACEM,20110725,73.25,74.1,72.05,73.3,371975
INDIAGLYCO,20110725,161.05,165.8,153.1,154.3,220847
INDIAINFO,20110725,86.35,86.5,84.35,85.65,273458
INDIANB,20110725,233.95,237.8,231.1,236.95,414063
INDIANCARD,20110725,108,111.6,105,105.35,1784
INDIANHUME,20110725,128.2,132.95,128.2,131.15,16109
INDLMETER,20110725,96,96,94.25,94.25,45
INDNIPPON,20110725,280,304,255.25,266.9,418
INDOASIFU,20110725,70,70.95,69,69.55,16206
INDOCO,20110725,460,464.9,455.05,455.5,1242
INDORAMA,20110725,44.85,46.15,43.75,44.05,133682
INDOSOLAR,20110725,14.3,14.35,14,14.05,254038
INDOTECH,20110725,135.5,147.8,134.15,144.55,54307
INDRAMEDCO,20110725,36.85,38,36.85,37.65,124872
INDSWFTLAB,20110725,101,101.5,99.1,100.4,68394
INDSWFTLTD,20110725,32.5,33.2,32.45,32.9,9317
INDUSFILA,20110725,19.2,20,19.2,20,29
INDUSINDBK,20110725,278.4,280.7,274,278.05,346522
INEABS,20110725,626,638.45,626,629,3077
INFINITE,20110725,121.8,124.4,120.35,123.65,10174
INFODRIVE,20110725,14.75,14.75,14.2,14.25,4366
INFOMEDIA,20110725,15.15,17.65,15.15,17.05,238354
INFOTECENT,20110725,137,141,136.2,136.65,2925
INFRABEES,20110725,311,313.75,310.95,313.75,66
INFY,20110725,2818,2825.05,2791.1,2807.75,925532
INGERRAND,20110725,517.8,517.8,505,509.95,22824
INGVYSYABK,20110725,369,369,355.5,358.05,41970
INNOIND,20110725,102.5,104,100,103.5,19968
INOXLEISUR,20110725,50,50.7,49.5,50.05,104905
INSECTICID,20110725,335.75,358,335.75,354.2,305568
IOB,20110725,144.25,146,143.55,145.3,305196
IOC,20110725,327.15,328.95,326,326.6,235914
IOLCP,20110725,36.45,36.45,34.55,35,2235
IPCALAB,20110725,337.5,343,336.1,340.2,14747
IPGETF,20110725,2296.65,2316.9,2296.65,2307.85,294
IPRINGLTD,20110725,79.4,79.4,79.35,79.4,120
IRB,20110725,188.6,192.45,187.1,188.6,1822044
ISFT,20110725,58.7,60.5,58.7,59.8,514
ISMTLTD,20110725,41.4,41.4,40.2,40.85,12616
ISPATIND,20110725,19.25,19.5,18.9,19,3158447
ITC,20110725,207,207.3,203.15,205.4,9312170
ITDCEM,20110725,164,165.8,163,163.75,580
ITI,20110725,31.5,32.35,31.35,31.85,141097
IVC,20110725,33,33,32,32.05,33384
IVP,20110725,50.7,50.7,47.25,48.3,3703
IVRCLAH,20110725,46.2,46.9,45.7,45.95,23017
IVRCLINFRA,20110725,68.05,69.1,67.5,68.6,1078256
J&KBANK,20110725,860,880,860,870.3,16268
JAGRAN,20110725,115.8,117.4,114.55,116.8,85072
JAGSNPHARM,20110725,14.75,15.6,14.75,15.45,4622
JAIBALAJI,20110725,186.2,193.05,186.2,189.3,23373
JAICORPLTD,20110725,113.1,119.05,113.1,116.9,243858
JAINSTUDIO,20110725,12.05,12.5,12.05,12.35,1004
JAMNAAUTO,20110725,129.4,140,129.4,134.6,10771
JAYAGROGN,20110725,88.95,90,87,88.4,10264
JAYBARMARU,20110725,72,75.4,72,74.1,2027
JAYNECOIND,20110725,21.8,21.85,21.05,21.45,61970
JAYSREETEA,20110725,163.9,163.9,161.1,161.75,39217
JBCHEPHARM,20110725,146.95,149,143.6,144.6,439437
JBFIND,20110725,157,158,155.7,156.05,55743
JENSONICOL,20110725,4.5,4.55,4.4,4.4,18074
JETAIRWAYS,20110725,498,503.8,491,492.65,691679
JHS,20110725,42,44.8,41.05,43.85,123464
JIKIND,20110725,7.25,7.5,7.25,7.4,4242
JINDALPHOT,20110725,169.5,172.6,168.6,169.3,108883
JINDALPOLY,20110725,278.15,283,277.35,278.95,135861
JINDALSAW,20110725,159.15,161.25,158.7,160.15,71135
JINDALSTEL,20110725,627,636.7,621.7,632.4,594019
JINDALSWHL,20110725,960.3,1024.8,956.45,985.95,39033
JINDCOT,20110725,109.7,112.4,108.15,110.2,58661
JINDRILL,20110725,445.7,453.5,445.5,448.6,4942
JINDWORLD,20110725,187.8,197.5,187.8,194.1,58072
JISLJALEQS,20110725,171.9,172.95,169.65,170.85,273801
JKCEMENT,20110725,110.5,111.45,107,107.8,10245
JKIL,20110725,134.55,136.95,133,134.05,5465
JKLAKSHMI,20110725,44,44.3,43.65,44,20173
JKPAPER,20110725,45.9,47,45.3,46.65,873492
JKTYRE,20110725,106.6,109.45,106.1,108,122253
JMCPROJECT,20110725,159.4,161.95,158.1,159.5,4872
JMFINANCIL,20110725,23.25,23.5,22.9,23.2,322357
JMTAUTOLTD,20110725,66.25,75.1,66.25,69,165
JOCIL,20110725,276,299,271.55,295.9,22435
JPASSOCIAT,20110725,75.1,77.1,74.45,76.45,7413108
JPINFRATEC,20110725,50.1,51.45,49.15,50.45,319829
JPPOWER,20110725,45.05,46.2,45.05,45.85,220001
JSL,20110725,107.05,110.6,107.05,110,163453
JSWENERGY,20110725,73.1,73.4,71.75,72,1304088
JSWSTEEL,20110725,869,874.25,863.9,870.2,497311
JUBILANT,20110725,218.05,221,215.35,220.05,190387
JUBLFOOD,20110725,870,886,869.95,875.4,432432
JUBLINDS,20110725,213.95,230.85,211.05,219.35,174555
JUMBO,20110725,23,23.45,22.25,22.8,2619
JUNIORBEES,20110725,113,113.7,112,113.32,30759
JUPITER,20110725,20.15,20.45,20.05,20.15,84549
JVLAGRO,20110725,20,20.6,19.95,20.35,29244
JYOTHYLAB,20110725,244,250,241.05,245.1,66085
JYOTISTRUC,20110725,89.2,90.8,87.7,88.05,109005
KABRAEXTRU,20110725,55,57.15,55,56.9,11066
KAJARIACER,20110725,107,110.85,106,109.55,356904
KAKATCEM,20110725,72.35,72.35,69.75,70.5,480
KALECONSUL,20110725,81.4,82.8,81.4,82.05,1983
KALINDEE,20110725,117.5,122,116,120.8,266375
KALPATPOWR,20110725,128.7,133.9,128.05,131.4,15200
KAMATHOTEL,20110725,99,101,98,98.8,6478
KANDAGIRI,20110725,94,95,89.05,89.05,973
KANORICHEM,20110725,53.1,54.8,52.9,53.15,132718
KANSAINER,20110725,870.5,886.5,870,879.05,1422
KARMAENG,20110725,14.9,15,12.45,13.5,7522
KARURKCP,20110725,35.3,39,35.3,37.95,1443
KARURVYSYA,20110725,421,436.95,421,431.1,125669
KAUSHALYA,20110725,9.75,10.3,9.75,9.9,10107
KAVVERITEL,20110725,156.85,158.5,154.1,154.85,61623
KBIL,20110725,730,800,730,772.95,1258
KCP,20110725,24.95,25.1,24.3,24.4,62496
KCPSUGIND,20110725,15.5,15.75,15.1,15.15,49668
KEC,20110725,82.6,83.35,81.95,82.25,39542
KECL,20110725,43.1,45.45,42.15,44.45,17511
KEI,20110725,21.4,21.85,21.2,21.75,46921
KEMROCK,20110725,509,513,507.1,509.1,823
KERNEX,20110725,107.6,114,107,111.1,112754
KESARENT,20110725,48,49.5,48,49.5,1213
KESORAMIND,20110725,155.4,156.85,154.05,154.5,68243
KFA,20110725,38.4,38.75,38.1,38.25,625203
KGL,20110725,11.9,12,11.75,11.85,1324229
KHAITANELE,20110725,109.15,110.95,105,108.3,2310
KHAITANLTD,20110725,28.7,29.4,28.1,29.4,330
KHANDSE,20110725,14.05,16.45,14.05,15.65,1730
KICL,20110725,727.95,727.95,680,680.55,1895
KIL,20110725,17.45,17.7,17.45,17.5,3681
KILITCH,20110725,73,73,67.75,71.15,2206
KINETICMOT,20110725,19.8,19.8,18.1,18.8,23236
KIRIINDUS,20110725,188,188,180.1,183.2,27310
KIRLOSBROS,20110725,189.95,189.95,175.3,177.2,23129
KIRLOSENG,20110725,133,135.85,133,135.1,10901
KIRLOSIND,20110725,303,314.9,300.25,310.05,1565
KITPLYIND,20110725,3.75,3.95,3.65,3.85,4407
KKCL,20110725,794.3,794.3,748.25,752.15,4578
KLGSYSTEL,20110725,50.15,51.75,50,50.5,34945
KLRF,20110725,29.9,30,27.5,28.1,2545
KMSUGAR,20110725,3.2,3.4,3.2,3.2,2072
KNRCON,20110725,128,134.5,125.4,132.15,5289
KOHINOOR,20110725,49.3,50.8,49,49.5,34423
KOLTEPATIL,20110725,48.9,49,47.65,47.95,16725
KOPRAN,20110725,27.45,29.4,26.7,28,252346
KOTAKBANK,20110725,485.9,488.4,476.7,486.8,666869
KOTAKGOLD,20110725,2211.1,2267.6,2211.1,2258.35,16128
KOTAKNIFTY,20110725,570,573,566,573,289
KOTAKPSUBK,20110725,428,431,426,431,150
KOTARISUG,20110725,6.4,6.45,6.1,6.2,12928
KOTHARIPET,20110725,8.05,8.7,8.05,8.2,2259
KOTHARIPRO,20110725,603,612,570.05,575.9,16265
KOUTONS,20110725,31.15,32.1,30.3,30.85,680473
KPIT,20110725,180.1,193.55,180.1,190.95,231811
KPRMILL,20110725,109.1,121,109.1,118.85,7357
KRBL,20110725,29.5,29.9,29,29.15,527515
KRISHNAENG,20110725,4,4,3.7,3.9,1544
KSBPUMPS,20110725,238,241.75,236.2,237.25,1268
KSCL,20110725,460,477,451.3,464.3,44513
KSE,20110725,218.05,240,215.05,233.6,2304
KSERASERA,20110725,11,11.7,11,11.05,577925
KSK,20110725,111.65,111.95,110.55,110.85,108976
KSL,20110725,75.75,75.75,74.25,74.4,61850
KSOILS,20110725,20.25,20.55,19.95,20.15,1687842
KTIL,20110725,91.8,99,87.05,88.95,5443
KTKBANK,20110725,125.4,125.4,122.7,124.05,361907
KWALITY,20110725,146.1,161.5,144.4,161.5,751659
LAKPRE,20110725,53.5,53.5,48.5,50,1044
LAKSHMIEFL,20110725,36.1,36.25,35.2,35.65,35130
LAKSHMIMIL,20110725,1819,1819,1810,1810.6,38
LAKSHVILAS,20110725,124.3,124.8,121.45,124.15,60058
LANCOIN,20110725,37,37,36.55,36.9,12713
LAOPALA,20110725,102,115.7,102,112.15,567864
LAXMIMACH,20110725,2231,2264.95,2230,2246.9,1984
LCCINFOTEC,20110725,0.7,0.7,0.65,0.65,37365
LGBBROSLTD,20110725,280.05,286.2,276.8,284.75,2256
LGBFORGE,20110725,2.95,2.95,2.75,2.8,16001
LIBERTSHOE,20110725,103.7,108.3,103.7,105.5,157468
LICHSGFIN,20110725,213,220.9,213,218.75,2516614
LIQUIDBEES,20110725,1000,1000.01,999.99,999.99,50903
LITL,20110725,20.85,21.2,20.05,20.2,26400398
LLOYDELENG,20110725,54.4,55.5,54.05,55.1,12786
LLOYDFIN,20110725,1.15,1.3,1.15,1.2,11182
LLOYDSTEEL,20110725,17.25,17.25,16.9,17,207745
LML,20110725,11.2,11.45,11.1,11.2,389511
LOGIXMICRO,20110725,19.2,19.2,16.95,17.4,909
LOKESHMACH,20110725,45,45.75,45,45,3873
LOTUSEYE,20110725,11,11.4,11,11.25,6566
LOVABLE,20110725,439,446.85,432.7,440.6,1078939
LPDC,20110725,2.8,2.9,2.75,2.75,3570
LT,20110725,1818.25,1858.3,1818.15,1852.35,843465
LUMAXAUTO,20110725,39.3,39.85,39.1,39.3,1791
LUMAXIND,20110725,329.1,334,317.3,329.45,4874
LUMAXTECH,20110725,174.95,177,174,175.2,3281
LUPIN,20110725,455.15,460.5,451.4,457.65,607842
LYKALABS,20110725,18.3,18.7,18,18,46684
M&M,20110725,721,753,721,748.3,2044486
M&MFIN,20110725,714,717.45,694.4,706.75,23126
M100,20110725,8.1,8.1,7.98,8.07,288678
M50,20110725,74.05,77,74.05,76.94,49950
MAANALU,20110725,57.1,59,57.1,58.35,604
MADHAV,20110725,17.75,19.25,17.75,18.85,8534
MADHUCON,20110725,87.85,88.3,86.1,87.85,8676
MADRASCEM,20110725,84,85.25,83.7,85.1,17600
MADRASFERT,20110725,29,29.65,28.4,29.1,311753
MAGMA,20110725,74.1,77.9,74.1,76.35,46180
MAGNUM,20110725,5.4,5.45,5.4,5.45,975
MAHABANK,20110725,55.2,56.15,55.1,55.9,160924
MAHINDFORG,20110725,71.35,71.35,69.05,69.85,8138
MAHLIFE,20110725,363.5,374,361,370.1,46568
MAHSCOOTER,20110725,348.1,357.95,348,353.05,717
MAHSEAMLES,20110725,378,380,375,379.3,1349
MAITHANALL,20110725,132.4,135.15,132.1,135.1,550
MALUPAPER,20110725,13.6,13.6,13.25,13.25,2730
MALWACOTT,20110725,31.7,34.1,31.7,33.8,1724
MANAKSIA,20110725,63,63.8,62.4,62.85,5180
MANALIPETC,20110725,13.9,14.3,13.75,14.05,140211
MANAPPURAM,20110725,56,58.4,55.7,57.65,1287936
MANDHANA,20110725,215.95,216.95,211.05,212.6,44547
MANGALAM,20110725,13.3,13.8,13.3,13.8,435
MANGCHEFER,20110725,31.25,32.45,31.25,31.95,233418
MANGLMCEM,20110725,119.75,120.6,118.25,119.2,123111
MANGTIMBER,20110725,16.6,20.1,16.2,20.1,66435
MANINDS,20110725,144.2,146.95,143.1,143.75,18118
MANINFRA,20110725,129.8,129.8,124.5,126.35,10245
MANJEERA,20110725,90,97.65,88.55,88.55,22
MANJUSHREE,20110725,75.15,75.15,73.2,73.4,968
MANUGRAPH,20110725,53,55.65,52.5,55,12243
MARALOVER,20110725,13,13.25,12.9,13.05,835
MARG,20110725,93,97.35,93,94.85,76604
MARICO,20110725,164.9,164.9,160.6,162.15,401263
MARUTI,20110725,1156.7,1185,1153.6,1181.25,203872
MASTEK,20110725,127.8,129,125.35,126.55,269099
MAWANASUG,20110725,25,25,23.45,23.8,6390
MAX,20110725,181.8,185.35,180,184.95,1139467
MAXWELL,20110725,20.35,21.05,20.35,20.7,208748
MBECL,20110725,167.8,172.25,165.2,167.6,184843
MBLINFRA,20110725,147.6,157.7,147.6,156.75,14516
MCDHOLDING,20110725,85.85,86.5,83.7,84.3,6182
MCDOWELL-N,20110725,1029,1045.5,1014.2,1036.7,293568
MCLEODRUSS,20110725,284,284,274.5,275.4,270541
MEGASOFT,20110725,23.75,23.75,22.7,22.75,7535
MEGH,20110725,13,13,12,12.6,94569
MELSTAR,20110725,7.85,7.85,7.85,7.85,600
MERCK,20110725,703,703,685,689.2,2299
MHRIL,20110725,379,411.95,376.65,386.75,143644
MIC,20110725,12.8,12.95,12.4,12.75,654743
MICROSEC,20110725,35.35,35.7,34.25,34.5,40356
MICROTECH,20110725,125.2,125.2,121.6,121.9,10054
MINDAIND,20110725,239,242,233,236.8,2183
MINDTREE,20110725,399.55,407.05,394.55,399.1,156206
MIRCELECTR,20110725,22.9,23.25,22.3,22.6,75510
MIRZAINT,20110725,22.7,22.85,22.55,22.65,50284
MLL,20110725,39,39.7,38.55,38.95,573728
MMFL,20110725,115.5,120.8,110,113.55,204138
MMFSL,20110725,104.15,105,99.2,102.3,20921
MMTC,20110725,915,919,909,910.6,7088
MOIL,20110725,356.05,362,301.25,356.4,118781
MONNETISPA,20110725,500,501,491.05,494.8,91275
MONSANTO,20110725,1758,1769.9,1730.05,1739.7,967
MORARJETEX,20110725,15,15.8,15,15.65,7077
MOREPENLAB,20110725,4.6,4.65,4.55,4.55,139914
MOSERBAER,20110725,38.8,38.8,37.65,38,303540
MOTHERSUMI,20110725,234.9,238.85,234.5,235.05,76378
MOTILALOFS,20110725,99.9,104,96,99.15,39782
MOTOGENFIN,20110725,49.25,49.25,46.5,46.7,4665
MPHASIS,20110725,445,447,432.6,439.35,120810
MRF,20110725,7555,7681,7535.1,7605.95,9690
MRO-TEK,20110725,14.7,15.65,14.7,15.25,4262
MRPL,20110725,80.3,84.4,80.3,83.2,1484258
MSPL,20110725,56.8,59,53.4,57.6,49651
MTNL,20110725,44.45,48.85,44.05,48.1,4389542
MUDRA,20110725,31.05,31.05,29.5,31.05,161827
MUKANDENGG,20110725,38.8,38.8,35.55,37.5,21883
MUKANDLTD,20110725,44.85,44.9,43.1,43.6,18768
MUKTAARTS,20110725,40,43.5,40,40.6,10603
MUNDRAPORT,20110725,161,161.8,158.1,158.95,1385495
MUNJALAU,20110725,143.2,149.7,143.2,148.35,6483
MUNJALSHOW,20110725,57,59.5,57,59,5514
MURUDCERA,20110725,18.5,19.4,18.5,19.1,3313
MUTHOOTFIN,20110725,178,186.25,176.55,185.4,1433120
MVL,20110725,24.45,24.5,24,24.3,200796
MVLIND,20110725,16.4,16.4,15.8,15.95,510
MYSOREBANK,20110725,620,634.9,618.75,621.85,8061
N100,20110725,105,105.02,103.7,105,3693
NAGARFERT,20110725,33.9,34.35,33.15,33.95,1310539
NAGREEKCAP,20110725,27.1,27.25,27.1,27.25,350
NAGREEKEXP,20110725,21.1,23.75,21.1,22.75,78
NAHARCAP,20110725,67.85,67.85,63.2,64.1,1287
NAHARINDUS,20110725,50,55.4,50,53.5,2241
NAHARPOLY,20110725,32.75,32.75,30,30,663
NAHARSPING,20110725,83.3,84.75,83.3,83.5,11688
NANDAN,20110725,2.75,2.95,2.65,2.75,364751
NATCOPHARM,20110725,281.65,284,280.45,281.65,4483
NATIONALUM,20110725,80.2,82.65,79.85,80.35,1288897
NATNLSTEEL,20110725,18.55,19.55,18.55,18.95,11219
NAUKRI,20110725,760,771.85,735,747.05,8498
NAVINFLUOR,20110725,340,382.9,340,369.2,755421
NAVNETPUBL,20110725,67.5,68.25,67.25,67.8,143165
NBVENTURES,20110725,213,217.8,212.2,214.1,5492
NCC,20110725,78.2,80.85,77.95,79.45,431382
NCLIND,20110725,36.7,37.6,36.7,37.1,9833
NDTV,20110725,62.2,62.45,61.2,61.75,80715
NECLIFE,20110725,24.6,25,24.5,24.6,25021
NEHAINT,20110725,175.5,177.8,167.05,172.35,28385
NELCAST,20110725,108,108.5,104.5,107.9,5151
NELCO,20110725,73.5,74.45,73,73.5,40127
NEPCMICON,20110725,4.15,4.35,4.15,4.2,17413
NESCO,20110725,662.95,669.9,653,656.15,104657
NESTLEIND,20110725,4325,4359,4237.95,4245.85,14284
NET4,20110725,119.65,119.9,118.2,119.65,29360
NETWORK18,20110725,125,126.5,123.6,124,388467
NEULANDLAB,20110725,114.2,115.9,113,113.95,1223
NEXTMEDIA,20110725,7.4,7.5,6.95,7.05,28950
NEYVELILIG,20110725,99.75,103.8,99.5,103,345766
NFL,20110725,91.45,92.8,90.8,92.2,148273
NHPC,20110725,24,25.15,24,25.05,1953153
NIFTYBEES,20110725,573,576,569.05,574,69910
NIITLTD,20110725,56.5,56.95,55.1,56.2,211436
NIITTECH,20110725,222.75,224.9,219.8,223.8,172538
NILKAMAL,20110725,295,301,295,296.25,5366
NIPPOBATRY,20110725,413.55,419.95,413.5,414.85,260
NISSAN,20110725,2.45,2.55,2.45,2.45,83665
NITCO,20110725,62.25,65.6,61.1,64.75,62469
NITESHEST,20110725,22.3,22.95,22.3,22.7,28877
NITINFIRE,20110725,106.35,110.45,105.1,108.85,898297
NITINSPIN,20110725,8.15,9,8.15,9,2456
NMDC,20110725,256.8,260,254,258.45,109128
NOCIL,20110725,17.45,18.2,17.15,18.05,570794
NOIDATOLL,20110725,26.2,26.5,26.05,26.1,113614
NOL,20110725,49,50,47.55,47.85,21332
NORBTEAEXP,20110725,6.8,6.8,6.55,6.6,8448
NORTHGATE,20110725,11.25,11.55,10.9,11.05,34775
NOVOPANIND,20110725,42.2,42.5,42.2,42.2,220
NRBBEARING,20110725,49.65,49.85,48.3,49.65,10664
NRC,20110725,6,6.05,5.7,5.8,7250
NSIL,20110725,769.9,775,764,775,30
NTPC,20110725,183.2,185,181.5,183.65,5984817
NUCHEM,20110725,4.35,4.45,4.15,4.25,4184
NUCLEUS,20110725,79.6,82,76.15,77.3,102094
NUMERICPW,20110725,242.95,247,237.15,239.05,5933
NUTEK,20110725,4.5,4.55,4.4,4.5,460447
OBEROIRLTY,20110725,241,245.8,240.1,244.85,29572
OCL,20110725,100,101.75,100,100.9,1697
OFSS,20110725,2174.9,2174.9,2140,2157.55,57012
OIL,20110725,1279.95,1301,1270,1297.3,26743
OILCOUNTUB,20110725,72.25,77.65,71.05,76,147447
OISL,20110725,54.25,54.8,52.3,53.2,5918
OMAXAUTO,20110725,46.25,46.25,44.45,45.85,2834
OMAXE,20110725,141.2,143.65,139.7,142.85,144735
OMKARCHEM,20110725,81.9,81.9,78.5,78.55,20082
OMMETALS,20110725,40.9,40.9,34.15,34.35,2327
OMNITECH,20110725,148.95,152.7,146.2,149.85,21339
ONGC,20110725,279,282.25,277.15,279.9,3644020
ONMOBILE,20110725,99,101.25,97.95,99.75,1410208
ONWARDTEC,20110725,36.8,37.8,36,37.2,7951
OPTOCIRCUI,20110725,275.6,275.6,272.15,273.8,281330
ORBITCORP,20110725,42.5,43,42.15,42.75,577604
ORCHIDCHEM,20110725,228.45,239.5,227.5,234.6,1336292
ORIENTABRA,20110725,31.5,32.75,31.5,32.5,7241
ORIENTALTL,20110725,9.1,9.3,9,9.3,792
ORIENTBANK,20110725,351.05,376.5,350.2,374.35,2853096
ORIENTCERA,20110725,54,56.2,54,55.4,1054
ORIENTHOT,20110725,30.4,30.4,29,29.35,14991
ORIENTLTD,20110725,77.5,77.5,77.5,77.5,75
ORIENTPPR,20110725,56,59.4,56,58.85,61331
ORISSAMINE,20110725,54220,55177,53300,54652.75,1430
OUDHSUG,20110725,29.9,30.25,29.5,29.55,4849
PAEL,20110725,27.75,29,27.75,28.55,5882
PAGEIND,20110725,2348,2485,2292,2330.7,15434
PANACEABIO,20110725,168,168,164.8,166.3,3573
PANASONIC,20110725,108,117.75,108,113.5,2195
PANCARBON,20110725,143.2,154.4,143.2,147.9,787
PANORAMUNI,20110725,14.65,15,14.4,14.75,5572
PANTALOONR,20110725,340.4,359.8,336.95,338.25,1383270
PAPERPROD,20110725,77.2,83.5,77.2,81.1,465206
PARABDRUGS,20110725,39.35,40.1,39.35,39.55,19466
PARACABLES,20110725,3.65,3.8,3.65,3.65,7115
PARAL,20110725,264,267,262,262.7,3551
PARAPRINT,20110725,28.9,34.6,28.9,29.85,576966
PARASPETRO,20110725,0.55,0.6,0.55,0.55,10932
PAREKHPLAT,20110725,4.3,4.4,4.25,4.25,9695
PARSVNATH,20110725,48.15,48.9,48.15,48.7,124651
PATELENG,20110725,144.3,145.75,143.7,144.45,191895
PATINTLOG,20110725,33,34.8,33,33.7,9330
PATNI,20110725,331.85,334.9,306.45,321.65,1234923
PATSPINLTD,20110725,15.05,16.7,15.05,15.9,16117
PBAINFRA,20110725,60.6,61.65,59.35,60.35,9063
PDUMJEIND,20110725,21.5,24.75,21.5,24.1,32530
PDUMJEPULP,20110725,22.6,22.6,21,22,4045
PEACOCKIND,20110725,3.1,3.3,3.05,3.3,2120
PENIND,20110725,39.7,40,38.8,39.25,75136
PENINLAND,20110725,51,54.6,51,53.9,39357
PEPL,20110725,3.15,3.2,2.95,3,985
PERIATEA,20110725,160,163.95,156,158.05,491
PERSISTENT,20110725,368.1,368.1,359.9,360.25,5468
PETRONENGG,20110725,366.15,372.85,363.3,365.35,2664
PETRONET,20110725,176.5,176.5,169.6,172.3,5043179
PFC,20110725,210.7,214.2,208.25,211.65,1763094
PFIZER,20110725,1471,1490,1448.6,1484.05,2121
PFOCUS,20110725,77.4,78.4,75.1,75.9,1016627
PFS,20110725,18,18.65,18,18.4,160990
PGHH,20110725,1975,1995,1965,1970.55,802
PHILIPCARB,20110725,142.1,149.9,142.05,144.5,176659
PHOENIXLTD,20110725,219.35,219.35,213.2,218,6785
PIDILITIND,20110725,176,178.9,173.25,177.6,45568
PIIND,20110725,930,959,896,931.35,11683
PIONDIST,20110725,56.05,56.05,54.05,54.05,202
PIONEEREMB,20110725,17.1,17.8,17.05,17.65,1361
PIPAVAVYD,20110725,75.05,76,74.8,75.3,485238
PIRGLASS,20110725,136.5,154.45,135.9,149.95,446171
PIRHEALTH,20110725,395.85,406.85,395.8,404.85,86982
PIRLIFE,20110725,94.85,98.45,94.5,95.75,14133
PITTILAM,20110725,40.75,40.75,38.1,39.25,1701
PLASTIBLEN,20110725,209,209,203.1,208.65,477
PLETHICO,20110725,373.05,383,373.05,380.75,112221
PNB,20110725,1170.9,1200,1164,1197,202558
PNBGILTS,20110725,25.1,26.3,25,25.7,115183
PNC,20110725,16.5,17.55,16.5,16.7,3849
POCHIRAJU,20110725,15.45,15.85,15.45,15.5,7877
POLARIND,20110725,5,5.45,5,5.45,24912
POLARIS,20110725,178.65,181.25,177.25,178.35,469738
POLYPLEX,20110725,193.8,197.45,193.6,194.6,30960
PONDYOXIDE,20110725,33.35,34.5,33.3,33.7,14322
PONNIERODE,20110725,90.85,90.85,87,87.1,3118
POWERGRID,20110725,109.4,109.5,107.3,108.5,4179133
PPAP,20110725,109.5,110.95,108,108.1,2107
PRADIP,20110725,82.55,88,82.5,85.05,18354
PRAENG,20110725,11,11.2,10.8,10.85,15622
PRAJIND,20110725,93.65,94.5,89.75,90.55,10026902
PRAKASH,20110725,69.4,71.4,68.15,69.45,218289
PRAKASHSTL,20110725,141,142.35,140,140.85,1025
PRATIBHA,20110725,56.85,57.5,56.5,57.1,51222
PRECOT,20110725,162,164.75,156,159.65,7041
PRECWIRE,20110725,123.15,127.5,123.15,125.6,1773
PREMIER,20110725,90.45,91.5,89.35,91.15,9420
PRESTIGE,20110725,141.4,141.4,137,137.75,554927
PRETAILDVR,20110725,188.95,200,188.95,195.9,13975
PRICOL,20110725,20.2,21.3,20.2,20.6,12352
PRIMESECU,20110725,22.25,24.5,22.25,22.8,6814
PRISMCEM,20110725,46,46.95,45.75,46.1,51345
PRITHVI,20110725,30.2,30.2,28.65,29.25,1763
PROVOGUE,20110725,37.9,39.15,37.1,37.3,811354
PSB,20110725,97,98,96.5,97.9,105927
PSL,20110725,76,78.8,75.15,75.5,169450
PSUBNKBEES,20110725,411.8,423,411.8,421.88,1399
PTC,20110725,82.5,85.3,82.1,84.95,1552572
PTL,20110725,30.1,32,29.5,31.15,29947
PUNJABCHEM,20110725,95,99.9,89,90.5,2381
PUNJLLOYD,20110725,74.9,77.05,74.9,76.4,2971860
PURVA,20110725,85,85,81.1,81.5,19777
PVP,20110725,8.3,8.9,8.25,8.45,43510
PVR,20110725,128,129.45,125.1,126.75,76900
QGOLDHALF,20110725,1114.15,1124.9,1111.65,1121.45,475
QNIFTY,20110725,570,570,570,570,5
QUINTEGRA,20110725,4,4.05,3.85,3.9,19806
RADAAN,20110725,2.4,2.45,2.4,2.45,5524
RADICO,20110725,131.4,133,128.7,130.85,224163
RAINBOWPAP,20110725,61,61.7,59.6,61.35,51922
RAINCOM,20110725,37.55,38.1,37.3,37.45,189393
RAJESHEXPO,20110725,110,113,105.15,111,385222
RAJOIL,20110725,31.1,31.25,30.85,31,36090
RAJPALAYAM,20110725,279.05,282,273.5,275.6,871
RAJRAYON,20110725,11.15,11.7,11.15,11.55,1053
RAJSREESUG,20110725,48,48.2,47,47.85,9197
RAJTV,20110725,49.6,50.6,49.6,50.1,13929
RAJVIR,20110725,134.55,138,134.55,138,6
RALLIS,20110725,161.3,172.5,161,169.1,2403970
RAMANEWS,20110725,15.05,15.3,14.9,15.15,18333
RAMCOIND,20110725,44,46.5,43.1,46.2,96408
RAMCOSYS,20110725,91.95,93,91.4,91.5,8990
RAMKY,20110725,272.6,307.2,260,298.55,138984
RAMSARUP,20110725,15.65,15.8,15.35,15.5,22978
RANASUG,20110725,5.45,5.45,5.25,5.3,133982
RANBAXY,20110725,540,547.8,535.65,543.75,342676
RANEENGINE,20110725,235,259,226.3,231.1,1176
RANEHOLDIN,20110725,249,255.95,247.5,254.35,4085
RANKLIN,20110725,14.5,14.5,13.85,13.9,1839
RATNAMANI,20110725,117,117,106.7,107.9,3359
RAYMOND,20110725,400.95,407.95,396.95,402,508430
RBL,20110725,117.5,147.7,117.5,138.95,19960
RBN,20110725,84.1,88.5,83.3,86.1,195716
RCF,20110725,76.65,78,75.55,77.4,531809
RCOM,20110725,94,108.7,94,107.75,31561087
RECLTD,20110725,220.4,226.45,217.5,224,2554967
REDINGTON,20110725,97.5,98.5,94.3,95.95,183005
REFEX,20110725,20.4,20.4,19.4,19.45,47838
REIAGROLTD,20110725,28,28.25,27.85,28,132757
REISIXTEN,20110725,32.15,35.25,32.15,34.2,18481
RELAXO,20110725,301,301,297,300,576
RELBANK,20110725,1024,1041.9,1005,1020.25,170
RELCAPITAL,20110725,595,604.4,593.6,600.8,942989
RELGOLD,20110725,2182.5,2214.85,2182.5,2210.8,4880
RELGRNIFTY,20110725,554,555,542,551,142
RELIANCE,20110725,892,892,879.15,882.85,5007164
RELIGARE,20110725,472,479,456,465.35,8830
RELIGAREGO,20110725,2300,2351.65,2298.65,2306.2,375
RELINFRA,20110725,580.4,595.9,577.25,589.35,645025
RELMEDIA,20110725,131.2,136.3,130.7,134.15,1038123
RENUKA,20110725,72.9,75.5,72.9,74.1,4784192
REPRO,20110725,173.9,187,172.95,175.3,430346
RESPONIND,20110725,115,117.5,113,113.05,28768
RESURGERE,20110725,0.5,0.5,0.45,0.5,3122447
REVATHI,20110725,410,410,401.05,403.7,2295
RICOAUTO,20110725,13.8,14,13.5,13.6,170305
RIIL,20110725,547.75,575.9,543.75,549.5,204400
RKDL,20110725,22.45,22.45,21.85,22.3,7735
RKFORGE,20110725,120.55,120.55,115.6,116,656
RMCL,20110725,7.1,7.1,7,7,3907
RML,20110725,141.4,143,136.35,142.9,3151
ROHITFERRO,20110725,35.1,35.8,35,35.35,70177
ROHLTD,20110725,68.75,68.75,66.55,66.95,26774
ROLTA,20110725,123,123.7,121,121.4,1183491
ROMAN,20110725,26.9,27.65,26.35,26.7,6651
RPGLIFE,20110725,82.5,87,82.3,84.3,12879
RPOWER,20110725,115,117.9,114.25,117.1,1593376
RPPINFRA,20110725,78.75,80.15,77.5,78.1,53546
RSSOFTWARE,20110725,58,58.3,56.4,56.6,4704
RSWM,20110725,134,137,131.6,131.85,14713
RSYSTEMS,20110725,104.05,106.95,101.05,102,35813
RUBYMILLS,20110725,1114,1114,1040,1055.05,4546
RUCHINFRA,20110725,20.85,20.85,19.6,19.7,14841
RUCHIRA,20110725,10.65,11.1,10.6,11.05,1093
RUCHISOYA,20110725,97.2,99,96.6,97.8,75596
RUSHIL,20110725,187,190.9,158.6,163.45,15033656
SABTN,20110725,58.6,58.6,53.25,55.75,2916
SADBHAV,20110725,141.15,147.95,141.15,144.95,31836
SAGCEM,20110725,140.5,143.95,140.5,142.95,162
SAHPETRO,20110725,34.15,34.75,33.9,34.65,9620
SAIL,20110725,131.85,134.65,131.3,133.95,2145026
SAKHTISUG,20110725,35,35.25,34.6,34.8,35202
SAKSOFT,20110725,71.25,71.6,69.8,70.45,8904
SAKUMA,20110725,17.05,17.35,17.05,17.15,611
SALORAINTL,20110725,28.85,29.4,28.5,29,3811
SALSTEEL,20110725,6.8,6.9,6.7,6.8,15763
SAMBANDAM,20110725,95,97.25,91.2,97.25,180
SAMBHAAV,20110725,1.5,1.6,1.5,1.55,1058
SANDESH,20110725,262.7,276.5,262.7,265.4,593
SANGAMIND,20110725,40,40.9,39.55,40.3,1692
SANGHIIND,20110725,15.5,15.55,14.75,14.85,23487
SANGHIPOLY,20110725,1.65,1.75,1.65,1.75,28607
SANGHVIFOR,20110725,33.65,34.6,33.1,33.7,11638
SANGHVIMOV,20110725,125,130.4,125,128.55,15386
SANWARIA,20110725,22,22.45,22,22.45,15157
SARDAEN,20110725,216.95,217,212.35,213.1,5323
SAREGAMA,20110725,72,75.5,70.55,73.25,69401
SARLAPOLY,20110725,118,118,118,118,40
SASKEN,20110725,130,132.4,128.25,128.85,128769
SATHAISPAT,20110725,57.8,58.3,56.4,57,33080
SATYAMCOMP,20110725,86.5,88.4,86.2,87.8,2448694
SAVERA,20110725,38,45,38,43.55,8732
SBBJ,20110725,492.65,497.75,490.5,491.25,8596
SBIGETS,20110725,2299,2314.8,2290,2306.35,3104
SBIN,20110725,2492.5,2525,2472.25,2512.7,1383833
SBT,20110725,708.45,714,705,705.75,5317
SCI,20110725,105.25,105.7,104.25,105.3,110915
SEAMECLTD,20110725,112.9,112.9,108.2,109.65,11924
SEINVEST,20110725,16.8,17,16.45,16.55,141392
SELAN,20110725,301.8,346.8,301.8,333.15,1431402
SELMCL,20110725,16.7,16.8,16.6,16.7,146599
SENTINEL,20110725,16.25,16.25,15.5,15.65,959
SERVALL,20110725,7.55,7.9,7.3,7.45,74993
SESAGOA,20110725,283,287.6,279.35,281.25,2224114
SESHAPAPER,20110725,235,241.25,230.3,240,19489
SGFL,20110725,5.55,6.3,5.55,5.7,176
SGJHL,20110725,157.15,181.8,157.15,172.8,1477720
SGL,20110725,5.45,5.8,5.15,5.5,8248
SHAHALLOYS,20110725,12.2,12.45,12.15,12.15,1116
SHANTIGEAR,20110725,43.1,44.85,43.1,44.5,78809
SHARIABEES,20110725,124.25,124.5,124.25,124.5,2
SHARRESLTD,20110725,46.3,46.3,46.3,46.3,12
SHASUNPHAR,20110725,79.8,82,79,79.35,27566
SHILPAMED,20110725,266.8,271.95,266.8,270,6270
SHILPI,20110725,17.7,17.85,17.05,17.3,43205
SHIV-VANI,20110725,216,224,215.1,218.35,87499
SHIVAMAUTO,20110725,115,124,115,119.35,704
SHIVTEX,20110725,31.25,32.2,31.05,31.4,4682
SHLAKSHMI,20110725,85,85,84,84.45,10684
SHOPERSTOP,20110725,490,504.85,464,467.7,286372
SHPRE,20110725,6.5,6.5,6.05,6.1,39
SHREEASHTA,20110725,4.7,4.8,4.7,4.7,1526342
SHREECEM,20110725,1802,1824.95,1775,1781.65,1092
SHREERAMA,20110725,5.4,5.4,5.35,5.4,6100
SHRENUJ,20110725,55.5,56.5,54,56.15,4925
SHREYANIND,20110725,20.65,20.65,19.45,19.45,90
SHREYAS,20110725,31.1,35,31.1,34.8,7322
SHRIRAMCIT,20110725,558,560,553.05,556.3,5183
SHRIRAMEPC,20110725,140.4,143.05,140,140.55,5013
SHYAMTEL,20110725,41,50.2,41,50.2,194707
SICAGEN,20110725,25.55,25.55,24.15,24.4,8596
SICAL,20110725,78.1,78.8,78.1,78.45,12981
SIEMENS,20110725,928.4,947,925,944.35,246421
SILINV,20110725,90,92,89.9,90.6,2186
SIMBHSUGAR,20110725,41.1,42,40.45,41.5,43384
SIMPLEX,20110725,104.95,113.8,101.35,108.1,6044
SIMPLEXINF,20110725,307.1,313.7,305.2,310.2,1576
SINTEX,20110725,183.1,184.95,181.1,182.9,603712
SIRPAPER,20110725,52,53.8,52,52.9,1616
SITASHREE,20110725,9.7,9.8,9.05,9.7,265183
SIYSIL,20110725,388.5,405,377.05,382.55,3912
SJVN,20110725,22.2,22.2,22,22,80506
SKFINDIA,20110725,658,684,656,680.05,46618
SKMEGGPROD,20110725,9.1,9.25,9.05,9.2,5303
SKSMICRO,20110725,532.2,544.1,525.55,532.3,272213
SKUMARSYNF,20110725,55.8,58.2,55.5,57.8,2395198
SMARTLINK,20110725,46.3,47.35,46.3,47.1,11096
SMLISUZU,20110725,387.55,387.55,378.5,381.9,909
SMPL,20110725,9.15,9.4,9.1,9.2,109286
SMSPHARMA,20110725,190.1,196,190.1,191,1623
SOBHA,20110725,274.7,281,274.7,280.15,22543
SOFTTECHGR,20110725,5,5.8,5,5.8,156
SOLARINDS,20110725,673.95,673.95,656.05,657.3,2985
SOMANYCERA,20110725,52.9,52.9,47.5,50.45,96959
SOMATEX,20110725,7.55,7.8,7.35,7.4,5616
SONASTEER,20110725,16.5,16.55,16.35,16.45,52369
SONATSOFTW,20110725,38.15,38.6,37.5,37.7,189533
SOTL,20110725,619.85,624.9,610.1,612.45,6878
SOUISPAT,20110725,8.1,8.3,8,8.1,26712
SOUTHBANK,20110725,24.2,24.2,23.7,23.75,3561473
SPANCO,20110725,133.2,135.6,133.2,133.85,969
SPARC,20110725,92.6,94.45,92.05,92.45,117921
SPECTACLE,20110725,16.7,16.7,15.55,15.7,7905
SPENTEX,20110725,12,13.7,12,13,17103
SPIC,20110725,36.25,37.6,35.85,37.1,2932998
SPICEMOBIL,20110725,116.65,118,114,116.85,23130
SPLIL,20110725,3.75,3.9,3.75,3.85,12310
SPMLINFRA,20110725,174,184,172.2,180,13551
SPYL,20110725,29.45,29.75,28.25,28.7,2642
SREINFRA,20110725,47.2,50.2,46.85,49.25,1503847
SRF,20110725,321.4,324,318,319.55,36751
SRGINFOTEC,20110725,0.55,0.55,0.55,0.55,35500
SRHHLINDST,20110725,3.65,4.55,3.65,4.05,4504
SRHHYPOLTD,20110725,43.05,43.1,43,43,150
SRTRANSFIN,20110725,699,708,694.2,701.65,193358
SSWL,20110725,280.1,294.45,280.1,287.8,46977
STAR,20110725,365.25,375.5,360.1,367.8,103123
STARPAPER,20110725,22.25,23.15,21.75,22,2252
STCINDIA,20110725,212.55,213.7,210.15,211.1,53964
STER,20110725,170,173.45,169.55,172.8,4010543
STERLINBIO,20110725,87.15,90.3,86.95,89.8,457215
STRTECH,20110725,54.55,58.75,54.2,57.55,1660062
SUBEX,20110725,64.8,66.2,64.25,65.2,1370032
SUDAR,20110725,106.55,107.7,105.65,106.35,59992
SUDARSCHEM,20110725,760,760,750,750,1760
SUJANATOW,20110725,31.1,31.25,30.5,30.7,372972
SUJANAUNI,20110725,6.15,6.15,5.85,5.9,54208
SUMEETINDS,20110725,41.3,44.2,37,37.25,2701347
SUMMITSEC,20110725,89,92.4,89,89.25,1395
SUNCLAYTON,20110725,147.45,149.9,147.45,147.55,1678
SUNDARAM,20110725,42.5,43,42.5,42.75,72180
SUNDARMFIN,20110725,551.65,560.05,551.65,558.7,5838
SUNDRMBRAK,20110725,175.7,177.25,174,174,398
SUNDRMFAST,20110725,61.5,61.5,59.3,60.5,33571
SUNFLAG,20110725,32,32.35,30.3,30.75,410823
SUNILHITEC,20110725,122.5,124.4,119,119.9,17227
SUNPHARMA,20110725,508.25,528.85,508,525.65,915743
SUNTECK,20110725,301.05,301.8,297.5,301.05,78098
SUNTV,20110725,324.75,328.75,320,321.6,415100
SUPER,20110725,236,238.9,233.25,237.6,957
SUPERSPIN,20110725,10.7,10.95,10.5,10.5,16903
SUPPETRO,20110725,72.6,73,72.05,72.5,56072
SUPRAJIT,20110725,21.25,21.75,21.25,21.4,16192
SUPREMEIND,20110725,206,208.45,200.5,205.95,148503
SUPREMEINF,20110725,284,285,276,280.4,97123
SURAJDIAMN,20110725,50,51.25,50,50.5,39564
SURANACORP,20110725,92.6,105,92.6,96.85,4828
SURANAIND,20110725,382,399.8,377,397.8,22607
SURANAT&P,20110725,15.4,16.3,15.4,16.05,5298
SURANAVEL,20110725,39,39.4,38.25,38.7,3255
SURYAJYOTI,20110725,32,32,30.3,31.05,10934
SURYALAXMI,20110725,70,73.95,68.2,70.6,918
SURYAPHARM,20110725,20.4,20.9,20.3,20.3,54815
SURYAROSNI,20110725,82.25,82.25,80.35,81.05,6301
SUTLEJTEX,20110725,209.7,217.95,207,214.05,29152
SUVEN,20110725,19.5,19.9,19.45,19.5,44112
SUZLON,20110725,52.75,55.8,52.4,54.55,30300404
SWARAJENG,20110725,456,468,456,459,2990
SYMPHONY,20110725,1285,1335,1285,1316.95,898
SYNCOM,20110725,21.65,21.75,21,21.4,14980
SYNDIBANK,20110725,122.15,124.75,122.15,123.9,673320
TAINWALCHM,20110725,37.5,37.8,37.5,37.8,4399
TAJGVK,20110725,99.5,101.8,99,100.8,38205
TAKE,20110725,39.9,39.9,38.5,39,62445
TALBROAUTO,20110725,54.4,55.4,54.4,55,911
TALWALKARS,20110725,244.1,254.75,242.25,248.45,240186
TANFACIND,20110725,29.5,30.25,29,29.55,1001
TANLA,20110725,14.95,16,14.95,15.15,125112
TANTIACONS,20110725,74,74,68.55,69,17594
TARAPUR,20110725,19.85,21.9,19.85,21.7,81414
TATACHEM,20110725,376.95,376.95,372.2,374.4,427396
TATACOFFEE,20110725,847.1,853,840.05,842.5,100749
TATACOMM,20110725,222.95,234.3,220.5,232.65,776715
TATAELXSI,20110725,245.95,246.1,238,243.3,144289
TATAGLOBAL,20110725,103.5,106.75,102.3,105.4,2274829
TATAINVEST,20110725,490.15,494.85,490.15,492.35,4021
TATAMETALI,20110725,101,102,100.3,101.1,15209
TATAMOTORS,20110725,994,1011.9,987.1,1006.4,1358645
TATAMTRDVR,20110725,559.05,567.4,552,565,195915
TATAPOWER,20110725,1297,1318,1286.25,1314.25,206856
TATASPONGE,20110725,335,341.95,335,340.4,7695
TATASTEEL,20110725,580,595,579,591.25,2555106
TCI,20110725,93.2,96.9,93.2,95.8,10165
TCIDEVELOP,20110725,189.1,198.95,189.1,191.5,1985
TCIFINANCE,20110725,70,70.55,66,66.85,13997
TCS,20110725,1135,1144,1123.15,1139.9,2370357
TECHM,20110725,752,779.9,746.05,772.1,329919
TECHNO,20110725,227.2,227.2,221.3,222.5,5967
TECHNOFAB,20110725,128.15,134.85,127.1,130.65,42435
TECPRO,20110725,297.7,300,296,296.75,5495
TELEDATAIT,20110725,0.4,0.4,0.35,0.35,179318
TELEMARINE,20110725,0.9,1,0.9,1,107741
TEXMACOLTD,20110725,34.5,35.45,34.15,34.5,164299
TEXMOPIPES,20110725,46,47.8,45,46.75,300433
TEXRAIL,20110725,92,94,92,92.85,20254
TFCILTD,20110725,30,30.5,29.65,30.25,23455
TFL,20110725,19.9,19.9,18.65,19.45,1113
THANGAMAYL,20110725,161.75,161.75,157.5,158.95,18462
THEMISMED,20110725,150.3,150.3,150.3,150.3,30
THERMAX,20110725,603.7,614,595.2,609.7,133297
THINKSOFT,20110725,51.1,52.4,50.8,51.1,150048
THIRUSUGAR,20110725,95.25,100,95.25,99.3,22
THOMASCOOK,20110725,50,51.75,49.85,50.95,312548
TI,20110725,47.95,50,47.95,49.15,148037
TIDEWATER,20110725,7325,7403.95,7285,7309.55,606
TIIL,20110725,53.55,54.75,53.4,53.5,9754
TIL,20110725,480,497.95,478,481.4,7334
TIMBOR,20110725,43.7,43.7,41,41.05,47045
TIMESGTY,20110725,40,40,38.3,38.3,339
TIMETECHNO,20110725,71.15,71.45,69.95,70.55,80767
TIMKEN,20110725,245.4,248.7,242.65,243.65,116779
TINPLATE,20110725,59.85,61.45,59.5,61.05,97235
TIPSINDLTD,20110725,30.4,30.7,29.9,30,20772
TIRUMALCHM,20110725,97.5,97.5,96,96.95,1177
TITAN,20110725,221.5,224.65,220.95,223.3,2355701
TNPETRO,20110725,16.75,17.2,16.75,17.1,23790
TNPL,20110725,123.4,123.9,121.15,121.45,19982
TODAYS,20110725,7.15,7.15,6.85,6.9,3683
TOKYOPLAST,20110725,16.4,18.1,16.4,17.8,2956
TORNTPHARM,20110725,661.3,666.95,656.05,658.45,30864
TORNTPOWER,20110725,238.1,251.4,238.1,248.5,32228
TRENT,20110725,1261.15,1280,1195.15,1204.2,61812
TRF,20110725,423.8,423.85,406,406.95,31671
TRICOM,20110725,14.65,14.9,14.65,14.85,13408
TRIDENT,20110725,14.1,14.45,14.1,14.15,34494
TRIGYN,20110725,17.5,18.75,17.5,18.05,6619
TRIL,20110725,251.05,261.1,225.65,256.3,9812
TRIVENI,20110725,36.3,36.9,35.4,36.1,180943
TTKHEALTH,20110725,639.95,667,608.3,623.45,846017
TTKPRESTIG,20110725,3109.95,3140,3049.4,3069.85,154180
TTL,20110725,28.05,29.25,28.05,28.65,9080
TTML,20110725,22,23.15,22,22.8,9601397
TUBEINVEST,20110725,160.8,162.5,156.95,160.65,61268
TULIP,20110725,157.95,160.5,157.3,157.75,45013
TULSI,20110725,16.5,16.75,16.4,16.65,40266
TULSYAN,20110725,45,46.7,45,46.7,60
TV18BRDCST,20110725,71,72,70.25,70.8,320692
TVSELECT,20110725,22.85,25.7,22.85,24.1,38533
TVSMOTOR,20110725,51.35,52.15,49.05,51.45,994101
TVSSRICHAK,20110725,380,389.95,378,384.5,1235
TVTODAY,20110725,65.9,65.9,65,65.15,6146
TWILITAKA,20110725,55.6,55.85,54.05,55.3,20800
TWL,20110725,426,444.4,426,441.4,40712
UBENGG,20110725,80.35,81.75,80.25,80.5,9174
UBHOLDINGS,20110725,143.05,147.9,141.5,146,138317
UBL,20110725,481.1,490,475,478.2,50147
UCALFUEL,20110725,86.45,86.7,85.4,86.2,11500
UCOBANK,20110725,89.1,89.25,87.6,88.75,1048432
UFLEX,20110725,220.25,225.95,219.45,222.4,1105040
UGARSUGAR,20110725,15.85,16.95,15.85,16.3,63008
ULTRACEMCO,20110725,1004,1009,994.1,1000.2,55364
UMESLTD,20110725,24.85,27.8,24.85,27.15,24009
UNICHEMLAB,20110725,156.1,158.6,155.2,155.5,6073
UNIENTER,20110725,26.2,27.3,26.1,27.1,4327
UNIONBANK,20110725,311,311.9,301.35,304.9,892374
UNIPHOS,20110725,152.55,157.3,152.55,154.7,758273
UNIPLY,20110725,14.05,14.95,14,14.25,2776
UNITECH,20110725,35.4,36.6,35.1,35.9,19375041
UNITEDBNK,20110725,95.9,96.75,93.1,96.25,70328
UNITY,20110725,62.75,63.4,62.6,62.85,14655
UNIVCABLES,20110725,61,61.45,59.5,61.2,8021
UPERGANGES,20110725,56.1,57.3,55.45,56,38329
USHAMART,20110725,50,50.5,49.1,49.35,257894
USHERAGRO,20110725,149.2,158.3,148.8,156.4,966417
UTISUNDER,20110725,854,854,854,854,1
UTTAMSTL,20110725,105.5,108,105.5,107.55,19889
UTTAMSUGAR,20110725,36.95,37,36.25,36.4,973
UTVSOF,20110725,879.8,906.55,870.7,901.4,363055
VADILALIND,20110725,167,167,163.05,163.4,3060
VAIBHAVGEM,20110725,44.3,47,44.3,45.8,5789
VAKRANSOFT,20110725,390,401.9,390,398.9,3113
VALECHAENG,20110725,94.45,94.45,92.75,93.1,33399
VALUEIND,20110725,19.65,20.1,19.65,20,6426
VARDHACRLC,20110725,10.35,10.65,10.3,10.55,125854
VARDMNPOLY,20110725,106,106,103.7,104.9,118573
VARUN,20110725,259.9,267,254,257.7,488452
VARUNSHIP,20110725,24,24.7,23.8,24.3,58368
VASCONEQ,20110725,75,75.5,73.95,74.3,3488
VENKEYS,20110725,616.85,624,608.1,612.9,19836
VENUSREM,20110725,259,273.8,252.75,260.8,217770
VESUVIUS,20110725,423,432,423,429.35,1464
VGUARD,20110725,233.6,234.6,228.5,229.95,86416
VICEROY,20110725,36.2,36.35,34.4,34.6,82513
VIDEOIND,20110725,190.95,196.75,190.1,193.9,144855
VIJAYABANK,20110725,70.15,70.35,69.3,70.05,1451995
VIJSHAN,20110725,18.05,18.95,18.05,18.85,2356
VIKASHMET,20110725,12.1,12.2,11.95,12.05,136620
VINATIORGA,20110725,75.1,76.45,72.5,73.85,22573
VINDHYATEL,20110725,179.9,193.35,177,192.25,4995
VINYLINDIA,20110725,11.6,12.65,11.6,12.35,3236
VIPIND,20110725,891.95,907.7,891.35,895.95,340541
VIPUL,20110725,14.75,14.75,13.15,13.75,22063
VISAKAIND,20110725,105.9,106.5,103.4,103.6,12255
VISASTEEL,20110725,60,60.4,58.1,58.4,59372
VISESHINFO,20110725,8.75,8.75,8.25,8.25,1510
VISHALRET,20110725,35.5,36.55,33.6,33.7,394478
VISUINTL,20110725,2.95,2.95,2.8,2.85,4960
VIVIMEDLAB,20110725,316.45,316.45,308,313.2,45102
VLSFINANCE,20110725,14.45,14.45,13.75,13.85,6830
VOLTAMP,20110725,470,521.1,470,514.85,15259
VOLTAS,20110725,149.7,149.7,142,142.5,1803202
VSTIND,20110725,1340,1340,1282,1286.95,24828
VSTTILLERS,20110725,576.35,580,570,570.05,2134
VTL,20110725,217,222,213.5,215.4,4916
VTXIND,20110725,17,17.9,17,17.25,2404
WABAG,20110725,1330,1430,1271.25,1279.05,522548
WABCO-TVS,20110725,1199.95,1211.3,1185.3,1202.05,1229
WALCHANNAG,20110725,121.1,123.15,121,122.25,33860
WANBURY,20110725,29.85,30.5,29.4,29.95,6275
WEBELSOLAR,20110725,67.45,71,63.65,69.95,22890
WEIZFOREX,20110725,82.15,82.95,75,78.35,2027
WEIZMANIND,20110725,11.75,12.35,11.5,12.35,2220
WELCORP,20110725,165.95,167.75,164.1,165.9,205490
WELINV,20110725,61,68.35,61,65,467
WELPROJ,20110725,65,65.8,64.2,65.25,13556
WELSPUNIND,20110725,42,43.5,42,42.8,118500
WENDT,20110725,1749,1749,1588.25,1647.25,719
WHEELS,20110725,282.8,287,282,282.95,432
WHIRLPOOL,20110725,224.3,235,224.3,228,40292
WINSOMYARN,20110725,3.45,3.5,3.2,3.45,28937
WIPRO,20110725,406,411.6,401.8,410.15,682805
WOCKPHARMA,20110725,416.7,423.5,416,417.85,212051
WSI,20110725,21.55,22.95,21.55,21.85,2106
WSTCSTPAPR,20110725,83.5,85,83.5,84.85,18281
WWIL,20110725,8.9,9,8.8,8.9,375427
WYETH,20110725,941.05,997,941.05,992.7,3846
XLENERGY,20110725,9.05,9.6,9.05,9.4,79229
XPROINDIA,20110725,60.95,62.45,59.2,59.75,51631
YESBANK,20110725,329,334.5,325.6,333.45,2546020
ZANDUREALT,20110725,2190,2220,2140,2147.15,1888
ZEEL,20110725,133.65,135.85,132,133.95,1444275
ZEELEARN,20110725,23,23.35,22.5,22.65,402585
ZEENEWS,20110725,12.05,13.1,12.05,13.05,640967
ZENITHBIR,20110725,6.55,6.6,6.5,6.5,97489
ZENITHCOMP,20110725,17.9,18.15,17.75,17.9,2264
ZENITHINFO,20110725,210,210,210,210,92
ZENSARTECH,20110725,147.5,151,147.5,149.4,9307
ZICOM,20110725,43,43.5,42.15,42.85,23422
ZODIACLOTH,20110725,386,390,380.05,384.75,1552
ZODJRDMKJ,20110725,24.7,24.7,24.55,24.65,302
ZUARIAGRO,20110725,675,695,667.15,674.6,15895
ZYDUSWELL,20110725,655,655,634,637.3,40267
ZYLOG,20110725,405,406.75,398.65,404.7,110095
NSENIFTY,20110725,5633.80,5700.55,5616.70,5680.30,142008190,5622.44
NIFTYJUNIOR,20110725,11278.55,11343.05,11247.70,11333.55,56426980,1303.98
BANKNIFTY,20110725,11286.25,11433.10,11233.35,11391.80,18852511,1426.15
NSEMIDCAP,20110725,8153.50,8221.20,8149.95,8214.90,137568517,1751.01
NSEIT,20110725,6426.30,6451.75,6381.25,6434.45,15481385,800.24
NSE100,20110725,5545.95,5605.30,5529.75,5588.60,198435170,6926.42
NSE500,20110725,4544.20,4589.55,4534.85,4577.75,465170930,9725.24
MIDCAP50,20110725,2483.95,2501.45,2480.80,2495.95,98601528,957.09
VIX,20110725,17.91,19.23,16.55,19.20,17.91,1.29
