20MICRONS,20110825,51.25,53,46.3,47.25,69354
3IINFOTECH,20110825,27.05,27.65,25.85,26.1,2951889
3MINDIA,20110825,4702,4702.05,4601.1,4660.35,161
A2ZMES,20110825,186.35,186.7,178.55,180,103648
AANJANEYA,20110825,437.9,444.4,421,424.85,232864
AARTIDRUGS,20110825,113,114.95,110.3,113.7,1849
AARTIIND,20110825,45,45.5,43.5,44.05,79779
AARVEEDEN,20110825,31.7,32,31.55,31.55,1120
ABAN,20110825,379,381.3,355.3,366.25,990305
ABB,20110825,787,824.35,765.1,814.85,86474
ABBOTINDIA,20110825,1454.5,1468,1451,1452.5,543
ABCIL,20110825,102,102,100.1,100.8,1460
ABGSHIP,20110825,342.95,360,338.15,343.65,497983
ABHISHEK,20110825,11.1,11.25,11,11.1,403
ABIRLANUVO,20110825,872,872,811,834.65,307438
ACC,20110825,1009.8,1019,997.85,1014.75,287193
ACE,20110825,44.05,44.6,43.35,44,31514
ACKRUTI,20110825,188,190.7,185.1,187,16825
ACROPETAL,20110825,15.4,15.4,14.65,15.2,279162
ADANIENT,20110825,537.75,543,527,531.15,493370
ADANIPOWER,20110825,88,93.7,85.3,90.85,1622695
ADFFOODS,20110825,52.55,54.5,52.55,54.35,2351
ADHUNIK,20110825,57.95,59.95,56.2,57.85,51688
ADORWELD,20110825,147,148.25,143.7,144.5,2685
ADSL,20110825,26,26.65,24.8,25.35,280220
ADVANIHOTR,20110825,35.1,35.1,35.1,35.1,250
ADVANTA,20110825,321,333.9,294.65,318.3,151756
AEGISCHEM,20110825,186,187.75,181.2,182.95,2651
AFL,20110825,39,40,38.5,39.65,3027
AFTEK,20110825,11.5,11.9,11.2,11.45,100993
AGCNET,20110825,125.1,126,123,123.3,226
AGRE,20110825,42,42,40,41,6316
AGRODUTCH,20110825,8,8.2,7.9,8.05,22567
AHLEAST,20110825,293,303,293,299.65,1448
AHLUCONT,20110825,124.15,127,117.15,119.15,56332
AHLWEST,20110825,145,158,145,151.6,439
AHMEDFORGE,20110825,109.5,109.5,107,107.1,3748
AIAENG,20110825,340,345,331.45,334.6,41966
AJANTPHARM,20110825,309.95,312.95,302.15,303.75,9496
AJMERA,20110825,118,118.25,112.5,114.15,8850
AKSHOPTFBR,20110825,6.4,6.65,6.35,6.6,109286
AKZOINDIA,20110825,941.05,941.25,921,932.45,2832
ALBK,20110825,177.45,178.95,171,173.7,700340
ALCHEM,20110825,229.7,236,229.1,232.3,96548
ALEMBICLTD,20110825,18.6,19,18.6,18.7,18162
ALFALAVAL,20110825,1559.9,1560,1342.5,1469.7,1480
ALKALI,20110825,39,39.85,38.25,38.7,4223
ALKYLAMINE,20110825,82,83,80.15,81.65,2668
ALLCARGO,20110825,151.2,154,148,152,17642
ALLSEC,20110825,14.95,15.3,14.3,14.3,6675
ALMONDZ,20110825,22.55,24,20.65,23.7,1011
ALOKTEXT,20110825,17.6,17.75,16.65,17.2,9131510
ALPA,20110825,8.65,8.9,8.15,8.15,458
ALPSINDUS,20110825,2.6,2.6,2.35,2.55,12776
AMAR,20110825,92,93.9,90.5,91.7,22943
AMARAJABAT,20110825,236.1,243.8,236.1,241.9,51538
AMARJOTHI,20110825,55.3,55.3,52.9,52.95,376
AMBIKCO,20110825,178.25,182.2,174.25,177.25,1063
AMBUJACEM,20110825,133,138.35,131.2,136.4,3295892
AMDIND,20110825,20,20,19.35,19.5,1890
AMLSTEEL,20110825,12.65,12.8,12.5,12.55,1207
AMRUTANJAN,20110825,792.4,812,757.3,772.75,179344
AMTEKAUTO,20110825,140.9,144.9,135.3,137.85,487156
AMTEKINDIA,20110825,116.9,120.7,116.3,118,279175
ANANTRAJ,20110825,65.95,67.9,63.5,65.3,249331
ANDHRABANK,20110825,125.4,125.95,121.1,123.05,642704
ANDHRACEMT,20110825,9,9.5,9,9.4,22624
ANDHRSUGAR,20110825,102.7,104.95,102.7,103.85,5468
ANGIND,20110825,23.35,23.35,20.35,22.6,214
ANIKINDS,20110825,33,37,33,35.35,575
ANKURDRUGS,20110825,28.2,28.2,25.75,26.75,126960
ANSALAPI,20110825,28.5,28.7,27.75,28.1,55766
ANSALHSG,20110825,35.15,39.9,35.15,37.5,6477
APARINDS,20110825,159.75,159.75,152.2,154.9,41630
APCOTEXIND,20110825,164.5,166.5,163.5,165.65,61
APIL,20110825,532.95,539.45,515.5,519.65,70262
APOLLOHOSP,20110825,548.25,549.8,535.1,542.75,28360
APOLLOTYRE,20110825,57.35,58,55.2,55.65,2719363
APPAPER,20110825,363,366.85,362.7,363.55,19322
APTECHT,20110825,127.8,130.1,125.25,126.2,446303
AQUA,20110825,15,15,14.1,14.5,27199
ARCHIDPLY,20110825,10.3,10.6,10,10.1,20175
ARCHIES,20110825,38,38.4,36.7,37,17305
AREVAT&D,20110825,220,220,205.15,211.65,114698
ARIES,20110825,88,92.9,85.1,86.05,26796
ARL,20110825,2,2.05,2,2,100238
AROGRANITE,20110825,36.3,36.55,36.3,36.55,241
ARROWTEX,20110825,9.2,10.25,9.2,9.35,2452
ARSHIYA,20110825,131.3,137.95,131.15,136.85,7637
ARSSINFRA,20110825,302.6,306.5,285,288.4,438876
ARVIND,20110825,75,76.75,73.2,76.3,1532960
ASAHIINDIA,20110825,68.8,68.8,66.5,67.7,6446
ASAL,20110825,50.1,52.3,50.1,50.35,2530
ASHAPURMIN,20110825,17.15,17.75,16.9,17.05,14057
ASHCONIUL,20110825,2.1,2.1,2.1,2.1,1000
ASHIANA,20110825,132.05,140,130,133.45,863
ASHOKA,20110825,260.05,274.95,260,267.15,702
ASHOKLEY,20110825,24.8,25.15,24.05,24.85,5987785
ASIANELEC,20110825,8.7,8.7,7.85,8,49080
ASIANHOTNR,20110825,171,181,171,179.2,488
ASIANPAINT,20110825,3240.05,3285,3191.7,3264.8,36518
ASIANTILES,20110825,39,39.7,38.55,39.5,151
ASIL,20110825,2.6,2.6,2.6,2.6,100
ASSAMCO,20110825,11.5,11.5,11,11.15,129733
ASTEC,20110825,32.25,33.75,32,32.45,8419
ASTERSILI,20110825,15.9,16.25,15.5,15.75,2543
ASTRAL,20110825,182,183.05,180.25,180.75,643
ASTRAMICRO,20110825,23.85,24.55,23.85,23.95,11046
ASTRAZEN,20110825,1348,1348,1300,1300.5,466
ATFL,20110825,398.25,410,389,392.5,35061
ATLANTA,20110825,70.05,70.9,68.1,68.9,95960
ATNINTER,20110825,0.95,0.95,0.9,0.95,701
ATUL,20110825,201,201.8,189.05,191.6,36759
AURIONPRO,20110825,131,131,130,130,239
AUROPHARMA,20110825,130.4,132.8,124.5,128.95,1510120
AUSTRAL,20110825,1.95,1.95,1.8,1.8,443153
AUTOAXLES,20110825,400,406.95,398,400.1,1045
AUTOIND,20110825,120.7,123.7,116.25,117.3,27747
AUTOLITIND,20110825,20.45,20.45,18.65,18.65,455
AVANTI,20110825,53,53,50,50.1,4614
AVENTIS,20110825,2169,2175.05,2075,2103.95,944
AVTNPL,20110825,307.5,315,292,299.75,12256
AXISBANK,20110825,1055,1063.7,1005.2,1019.25,3869192
AXISGOLD,20110825,2620,2620,2533,2581.6,1236
BAGFILMS,20110825,5.8,5.8,5.4,5.5,98110
BAJAJ-AUTO,20110825,1520.25,1560,1502.2,1517.4,624893
BAJAJCORP,20110825,112.9,115,109.4,114.55,11333
BAJAJELEC,20110825,172.35,174.7,160.1,167.4,486664
BAJAJFINSV,20110825,504,511,495.1,496.45,13920
BAJAJHIND,20110825,53.45,54.45,51.4,53.6,1225703
BAJAJHLDNG,20110825,735.4,750,733,743.7,40523
BAJFINANCE,20110825,645.1,645.1,630,631.95,23803
BALAJITELE,20110825,28.7,28.7,28.1,28.15,12363
BALAMINES,20110825,35.9,35.9,33,34,779
BALKRISIND,20110825,170,170,160,162.6,1773
BALLARPUR,20110825,27.6,28.6,26.05,26.55,949275
BALMLAWRIE,20110825,624.95,639.95,620.7,629.3,4100
BALPHARMA,20110825,22.15,22.4,21.05,22.15,2982
BALRAMCHIN,20110825,54.4,54.9,52.35,53.6,2149759
BANARISUG,20110825,560,570,560,566.05,350
BANCOINDIA,20110825,75.5,75.7,74,75.4,8856
BANKBARODA,20110825,725.8,728.85,705,714.25,640315
BANKBEES,20110825,955,959,931,934.2,13450
BANKINDIA,20110825,309.9,315,297.8,307.15,1087982
BANSWRAS,20110825,97.5,98.6,97.2,98,755
BARTRONICS,20110825,50,50.6,49.1,49.5,73049
BASF,20110825,593.95,593.95,579.1,580.15,1648
BASML,20110825,74.9,74.9,65.1,65.8,606
BATAINDIA,20110825,729.85,741,712.7,729.55,1208451
BATLIBOI,20110825,17.15,17.55,17.15,17.55,90
BAYERCROP,20110825,766.5,799,766.5,791.5,3203
BBL,20110825,713,726.5,706,710.65,1489
BBTC,20110825,409.05,412.85,401,402.05,1068
BECREL,20110825,10,10.25,10,10.05,885
BEDMUTHA,20110825,119.5,124.1,116.5,121.9,42619
BEL,20110825,1589,1619,1530.05,1563.25,33102
BELLCERATL,20110825,13,13,13,13,784
BEML,20110825,449,452,438.5,446.45,237149
BEPL,20110825,31.5,31.5,30.6,31,7199
BERGEPAINT,20110825,101.8,101.8,99.5,100.5,34535
BFINVEST,20110825,45.15,47,44.25,45.6,7163
BFUTILITIE,20110825,462,469.7,431,435.5,439249
BGLOBAL,20110825,12.75,13.35,12.65,12.95,69052
BGRENERGY,20110825,330,332.8,306,308.8,510538
BHAGWATIHO,20110825,75.5,83.2,75.1,80.35,15863
BHAGYNAGAR,20110825,14.05,14.9,14.05,14.55,3924
BHARATFORG,20110825,279.85,279.85,267.5,272.85,450755
BHARATGEAR,20110825,47.95,47.95,46.1,46.65,447
BHARATRAS,20110825,105,106.2,103,104.65,1717
BHARTIARTL,20110825,401.9,409.4,392.85,402.3,7669345
BHARTISHIP,20110825,91.3,91.9,88.25,88.65,57144
BHEL,20110825,1764,1775,1731.75,1749.25,775684
BHUSANSTL,20110825,328.95,328.95,315.95,321.85,217509
BIL,20110825,39.8,41.4,39.8,40.5,6247
BILPOWER,20110825,80.3,80.3,79,79.15,5702
BIMETAL,20110825,300,300,278.1,278.1,12
BINANIIND,20110825,139.45,139.45,134,134.45,20461
BINDALAGRO,20110825,71.45,71.9,69.15,69.85,94097
BIOCON,20110825,324,334.7,318.6,329.5,326791
BIRLACORPN,20110825,320.3,328,310.7,320.85,882
BIRLACOT,20110825,0.3,0.4,0.3,0.35,1594952
BIRLAERIC,20110825,12,13.2,11.65,12.1,3978
BIRLAMONEY,20110825,18.55,19.6,18.55,19.05,7153
BIRLAPOWER,20110825,0.75,0.75,0.65,0.7,2058197
BLBLIMITED,20110825,3.5,3.5,3.3,3.4,6907
BLISSGVS,20110825,20.65,21.5,20.3,20.55,5563
BLKASHYAP,20110825,12.2,12.2,11.25,11.55,81398
BLUECHIP,20110825,1,1.05,0.95,0.95,18487
BLUEDART,20110825,1630,1673,1610.1,1622.25,867
BLUESTARCO,20110825,252,254.95,248,249.1,18601
BLUESTINFO,20110825,75.3,75.3,75.3,75.3,10
BOC,20110825,275.75,281.2,270.05,271.25,3210
BODALCHEM,20110825,26.35,26.35,22.5,24.6,108408
BOMDYEING,20110825,308,314.5,297.1,301.25,357859
BOSCHLTD,20110825,7245,7245,7080,7135.45,3784
BPCL,20110825,687.9,693.4,681.05,688.9,528666
BPL,20110825,21.3,21.55,20.65,20.85,18055
BRANDHOUSE,20110825,16.2,16.2,15.15,15.35,24601
BRFL,20110825,275,279,275,277.85,717531
BRIGADE,20110825,64,64.5,62.5,62.8,8232
BRITANNIA,20110825,480,480,468,473.1,37034
BROADCAST,20110825,7.6,8.05,7.6,8.05,500
BSELINFRA,20110825,3.8,3.85,3.5,3.5,74605
BSL,20110825,21,25.95,20.55,22.1,1619
BSLGOLDETF,20110825,2740,2740,2550,2557.6,587
BSLNIFTY,20110825,49.5,49.5,47.89,48.99,25858
BSTRANSCOM,20110825,97.1,99,95.25,96.15,15601
BURNPUR,20110825,6,6.2,5.75,5.8,15045
BVCL,20110825,13.75,13.75,13,13,281
CADILAHC,20110825,834.95,844.5,815.1,828.05,48761
CAIRN,20110825,263.9,266.25,259.2,261.75,1914547
CALSOFT,20110825,28.4,28.4,27.75,27.8,111
CAMLIN,20110825,69.95,70.5,69.65,70.3,349782
CANBK,20110825,425.1,426.9,411.1,415.95,1532173
CANDC,20110825,124.6,124.6,115,115.75,6324
CANFINHOME,20110825,93.35,93.6,91.4,93.45,3270
CANTABIL,20110825,26.9,27,26.05,26.95,2360
CARBORUNIV,20110825,278,290,278,289.85,5357
CAROLINFO,20110825,232,232,222.15,225.95,586
CASTROL,20110825,520,525.15,511,519.2,28905
CCCL,20110825,20,20.8,19.9,20.25,72375
CCL,20110825,163,164,156.2,157,4892
CEATLTD,20110825,89.4,89.4,85.4,88,32988
CEBBCO,20110825,34.9,37,34,34.6,6180
CELEBRITY,20110825,7.1,7.1,6.55,6.85,4202
CELESTIAL,20110825,24,26.25,24,25.7,8528
CENTENKA,20110825,152,161.9,150.15,160.3,18368
CENTEXT,20110825,2.6,2.65,2.5,2.65,10002
CENTRALBK,20110825,101,101.8,95.6,96.35,1057204
CENTUM,20110825,84.9,93.45,75.05,77.2,604
CENTURYPLY,20110825,63.5,64.5,62.8,62.9,6325
CENTURYTEX,20110825,286.1,289.15,276.35,281.9,468585
CERA,20110825,202.9,202.9,194,199.35,7382
CESC,20110825,309,311,287.55,297.6,276647
CHAMBLFERT,20110825,103,104.75,99.35,103.4,4984442
CHEMFALKAL,20110825,40.3,42.15,40.15,42,1122
CHEMPLAST,20110825,6.05,6.1,5.95,6.05,22595
CHENNPETRO,20110825,215.05,217.8,215.05,216.9,87407
CHESLINTEX,20110825,12.5,13,12,12.8,1815
CHETTINAD,20110825,453,453,421,449.95,97
CHOLAFIN,20110825,145.5,150.75,145.5,150.1,5506
CILNOVA,20110825,15,16.8,14.15,16.65,1721
CINEMAX,20110825,30.9,31.5,29.8,30,12083
CINEVISTA,20110825,3.1,3.3,3.1,3.15,23904
CIPLA,20110825,283.5,285,278,279.85,1543896
CLASSIC,20110825,10.15,10.6,10,10.05,5103
CLNINDIA,20110825,715,715,705,709.3,1930
CMAHENDRA,20110825,152.45,152.5,145.2,152.25,12972
CMC,20110825,1000,1011,972.25,980.8,8103
COALINDIA,20110825,374.1,377.35,361.65,374.75,5596203
COLPAL,20110825,948.5,975.8,933.1,966.15,131952
COMPUAGE,20110825,115,115,100.15,108.8,2354
CONCOR,20110825,940,940,910.4,919.25,62851
CONSOFINVT,20110825,68,68,58.25,58.9,4201
CORAL-HUB,20110825,5,5.15,4.95,5,2657
CORDSCABLE,20110825,32.45,34.4,31.05,32.15,3249
COREPROTEC,20110825,299,322,290,314.6,4664584
COROENGG,20110825,287.2,287.2,287.2,287.2,2
COROMANDEL,20110825,314.05,317.9,305.8,308.25,133348
CORPBANK,20110825,428.95,428.95,417.55,423.6,108534
COSMOFILMS,20110825,87.5,88.9,85.6,86.15,5595
COX&KINGS,20110825,200.2,200.9,191.3,192.7,302500
CPIL,20110825,278.8,278.8,268,269.5,584
CREATIVEYE,20110825,5.25,5.25,5.05,5.25,1193
CRESTANI,20110825,35.4,36.45,33.05,33.75,16989
CREWBOS,20110825,31.65,35,31.65,35,1218147
CRISIL,20110825,7920,7980,7900,7938.9,402
CROMPGREAV,20110825,145.2,145.9,135.2,136.75,1887279
CRONIMET,20110825,97,110,97,97.65,11661
CTE,20110825,6.75,7,6.55,6.65,742
CUB,20110825,44.75,44.75,43.5,43.95,193064
CUBEXTUB,20110825,12.25,12.25,11.95,11.95,151
CUMMINSIND,20110825,608,608,590,591.5,81228
CURATECH,20110825,171,171,145,163.6,1066
CYBERMEDIA,20110825,13.75,15.5,12.8,13.2,30055
CYBERTECH,20110825,11.75,11.75,11.75,11.75,4
DAAWAT,20110825,43.7,44,43.1,43.25,5531
DABUR,20110825,107.85,108.25,106,107.2,815702
DALMIABEL,20110825,134,134,130,130.5,340
DALMIASUG,20110825,16.15,17.75,16.15,17.15,8367
DATAMATICS,20110825,28.95,28.95,27.15,27.65,2461
DBCORP,20110825,245.8,245.85,237,242.7,4454
DBREALTY,20110825,64.05,64.65,61,61.5,1125440
DCB,20110825,46,46.35,43,43.45,2440622
DCHL,20110825,56,57.4,51.7,52.4,3249130
DCM,20110825,48,48.05,46.15,47.1,8567
DCMSRMCONS,20110825,47.2,49.5,43.5,45,32198
DCW,20110825,8.85,9.15,8.75,9.05,130221
DECCANCE,20110825,145.95,146,138.1,145.2,848
DEEPAKFERT,20110825,165.8,168.3,163.75,165.85,57280
DEEPAKNTR,20110825,180,192.95,173,192.7,5
DEEPIND,20110825,70.25,73.4,70.25,71.85,16172
DELTACORP,20110825,91,91.6,87.9,89.45,3788961
DEN,20110825,42.2,42.85,41,42.1,607912
DENABANK,20110825,82.5,82.8,77.75,78.3,2287260
DENORA,20110825,85,85,81,81.85,986
DENSO,20110825,55,57.7,55,56,663
DEWANHOUS,20110825,217.3,223.95,210.35,212.25,124740
DHAMPURSUG,20110825,48.2,49.45,46.1,48.6,61425
DHANBANK,20110825,73.5,74.15,71.25,72.95,676212
DHANUKA,20110825,99.25,100,98.3,98.9,34883
DHARSUGAR,20110825,28.2,29,26.75,27.15,17002
DIAPOWER,20110825,122,122,117,117.25,2595
DICIND,20110825,222.1,228.9,222.1,225.55,707
DIGJAM,20110825,9.4,9.85,8.95,9.2,100031
DISHMAN,20110825,70.25,70.3,67,68.2,18770
DISHTV,20110825,78,78.3,73.85,76.7,8951611
DIVISLAB,20110825,716.05,716.05,693,698.85,267924
DLF,20110825,183.15,189,180.8,187.1,5905167
DLINKINDIA,20110825,20.2,21.2,19.5,20.75,15486
DOLPHINOFF,20110825,133.4,135,127.1,130.4,16636
DONEAR,20110825,20.9,22.95,20.5,20.7,2403
DPSCLTD,20110825,1995,1999,1920,1936,207
DPTL,20110825,137.5,139.9,133.65,134.8,2295
DQE,20110825,34.5,35.5,33.8,34.9,2473
DREDGECORP,20110825,236,240.75,233.05,236.3,9565
DRREDDY,20110825,1471,1489.8,1447.3,1456.05,656841
DSKULKARNI,20110825,55.45,57,55,56.45,13037
DUNCANSIND,20110825,9.5,9.7,9.3,9.7,63456
DWARKESH,20110825,43.5,44.85,39.5,40.35,34646
DYNAMATECH,20110825,1047,1047,1014,1039.15,101
DYNASYS,20110825,0.65,0.7,0.65,0.7,905
EASTSILK,20110825,6.35,6.35,6,6,22203
EASUNREYRL,20110825,55.1,56.95,55.1,55.95,3808
ECEIND,20110825,101,103.9,100.1,102.1,2934
ECLERX,20110825,711,730.8,709,723.35,9057
EDELWEISS,20110825,29.05,29.5,28.4,29.1,80876
EDL,20110825,95.55,96.5,94.2,95.35,11452
EDSERV,20110825,113.9,119.7,108.6,109.5,128224
EDUCOMP,20110825,218,218.75,200.7,203.8,3817574
EICHERMOT,20110825,1315.1,1343,1315.1,1338.4,11047
EIDPARRY,20110825,247.05,249,245,247.45,68696
EIHAHOTELS,20110825,135.1,144.8,135.1,138.2,6666
EIHOTEL,20110825,86.4,87,85.6,86.75,70187
EIMCOELECO,20110825,179.25,179.25,172,172,112
EKC,20110825,74.4,74.9,68.3,69.8,715572
ELDERPHARM,20110825,389.95,392,377.05,383,33435
ELECON,20110825,70,72,69,70.85,87237
ELECTCAST,20110825,29.6,30,29.5,29.75,618417
ELECTHERM,20110825,111,119.35,111,117,3289
ELFORGE,20110825,10,10.6,10,10.1,260
ELGIEQUIP,20110825,71.8,72.5,68.25,69.5,5803
ELGIRUBCO,20110825,29.75,29.75,26.3,26.55,819
ELNET,20110825,36,38.4,34.1,35.05,27101
EMAMILTD,20110825,469,478,464,467.6,11439
EMCO,20110825,42.7,44.5,42.1,43.35,17680
EMKAY,20110825,45.45,47.95,45.45,47.1,1618
EMMBI,20110825,11.2,12,11.2,11.75,6212
EMPEESUG,20110825,20.5,20.85,19.05,19.1,5240
ENERGYDEV,20110825,28,32.85,27.65,31.6,22162
ENGINERSIN,20110825,255,257.7,254,255.1,53340
ENIL,20110825,242.1,251.8,238.1,250.55,70429
ENTEGRA,20110825,19.55,20.5,19,19.45,10695
EONELECT,20110825,63.5,64.35,62,63.95,4336
ERAINFRA,20110825,158,158,155.9,156.2,256464
EROSMEDIA,20110825,192.4,207.7,190.5,201.5,619516
ESABINDIA,20110825,500,501,488.25,490.6,2777
ESCORTS,20110825,70.8,71.4,67.65,68.65,1563221
ESL,20110825,7.5,7.5,7.3,7.35,650720
ESSAROIL,20110825,87.5,89.3,84,85.6,1192750
ESSARPORTS,20110825,71.5,73.75,69.05,70.4,25872
ESSDEE,20110825,232.1,236.5,226.1,229.55,6209
ESSELPACK,20110825,36.5,37.8,36.15,36.6,14736
ESTER,20110825,30.9,30.9,30,30.4,53000
EUROCERA,20110825,17.5,18.95,17.15,18.6,1589
EUROMULTI,20110825,7.25,7.6,7.05,7.2,7475
EVEREADY,20110825,39.6,40.4,39,39.25,16195
EVERESTIND,20110825,136,141.45,136,140.45,2228
EVERONN,20110825,432,434.6,410.6,417.5,151413
EVINIX,20110825,0.7,0.7,0.6,0.6,320456
EXCELCROP,20110825,138.1,142.9,137,138.15,1340
EXCELINDUS,20110825,60.6,62.95,60.6,61.05,337
EXCELINFO,20110825,12.9,13,12.45,12.5,23990
EXIDEIND,20110825,152,152.95,149.15,151.1,645174
FACT,20110825,40.6,40.6,38.5,38.85,62294
FAGBEARING,20110825,1224.5,1224.5,1165.5,1172.1,13033
FARMAXIND,20110825,2.15,2.15,2.05,2.1,20476
FCH,20110825,156,160,150.95,152.95,54715
FCSSOFT,20110825,0.6,0.65,0.6,0.6,510895
FDC,20110825,87,88,85,85.65,10414
FEDDERLOYD,20110825,66.95,68.05,65.1,65.85,11250
FEDERALBNK,20110825,352.9,357.7,343.3,349.5,350864
FIEMIND,20110825,174.8,174.8,155,156.3,3277
FINANTECH,20110825,750.05,759.7,725.05,744,48529
FINCABLES,20110825,42.4,47.1,40.6,41.1,103724
FINPIPE,20110825,68.55,70.95,68.55,69.55,132249
FIRSTLEASE,20110825,75.5,75.5,73.6,73.8,7240
FIRSTWIN,20110825,14.1,14.4,13.75,14.1,5656
FKONCO,20110825,110.05,110.95,106,106.85,6673
FMGOETZE,20110825,224,224.8,221.1,223.1,1027
FORTIS,20110825,147.8,157.9,147.15,153.6,1310754
FOSECOIND,20110825,503.25,509.75,501.15,501.3,340
FOURSOFT,20110825,9.5,9.8,9.3,9.45,5170
FSL,20110825,12.45,12.5,11.5,11.85,7300639
FUTUREVENT,20110825,9,9,8.8,8.85,197328
GABRIEL,20110825,39.55,40.45,39.25,39.4,14422
GAEL,20110825,23.3,23.3,22.5,22.65,8053
GAIL,20110825,417,417.5,409.25,413,1179858
GAL,20110825,8.9,9.2,8.65,8.75,33889
GALLANTT,20110825,16.75,17.2,16.25,16.3,664
GALLISPAT,20110825,89.05,90.4,89,89.45,131238
GAMMNINFRA,20110825,14,14.05,13.55,13.65,54635
GAMMONIND,20110825,76.1,77.45,74.2,74.4,9905
GANDHITUBE,20110825,121.1,121.1,121.1,121.1,47
GANESHHOUC,20110825,128,129.6,120.3,125.15,7353
GANGOTRI,20110825,5.1,5.35,4.45,4.55,26607
GARDENSILK,20110825,70.75,72.15,70.1,71.85,2450
GARWALLROP,20110825,56.5,56.5,54.9,55.6,1708
GATI,20110825,57.8,57.8,55.3,55.65,116087
GAYAPROJ,20110825,168,170.95,163.05,165.45,22526
GDL,20110825,131.1,134.8,130.2,133.15,64252
GEECEE,20110825,33,34.5,33,33.8,3707
GEINDSYS,20110825,140,142,135.55,138.45,2649
GEMINI,20110825,19.7,20.5,19.4,19.55,16846
GENESYS,20110825,210,210,207,209.95,2395
GENUSPOWER,20110825,14.8,14.8,13.95,14,20319
GEODESIC,20110825,55,55.95,53,53.75,480424
GEOJITBNPP,20110825,18.9,18.9,17.7,17.95,350612
GEOMETRIC,20110825,38,39.25,37.25,37.95,22867
GESHIP,20110825,235.55,235.9,223,226.85,818885
GHCL,20110825,37,37.15,36.4,36.45,54087
GICHSGFIN,20110825,89.4,89.75,87.1,87.45,31646
GILLANDERS,20110825,89,89,84.4,85.3,957
GILLETTE,20110825,2065,2065,2001.15,2024.35,2326
GINNIFILA,20110825,7.3,7.35,7.15,7.2,3741
GIPCL,20110825,78.05,79.95,78.05,78.55,4928
GISOLUTION,20110825,11.25,11.25,11.25,11.25,30
GITANJALI,20110825,310.95,312,291,296.2,1118334
GKB,20110825,41.4,41.4,41.4,41.4,1
GKWLIMITED,20110825,485.05,485.05,485.05,485.05,1
GLAXO,20110825,2136.1,2177,2095,2104.7,38029
GLENMARK,20110825,322.8,325,315.45,324.2,285391
GLOBALVECT,20110825,21,21,19.7,19.75,2024
GLOBOFFS,20110825,88,94.85,87,87.95,2037
GLOBUSSPR,20110825,121.5,126,119.55,120.05,3522
GLODYNE,20110825,281.3,282,275.15,279.2,122613
GMBREW,20110825,98.5,100,96.7,97.2,1773
GMDCLTD,20110825,179.05,183.8,177.5,179.35,991587
GMRINFRA,20110825,28.7,28.9,26.05,26.4,10290646
GNFC,20110825,94.05,94.05,91.8,92.9,232272
GOACARBON,20110825,81.65,81.65,75.25,76.25,6780
GODFRYPHLP,20110825,3203,3245,3191.1,3231.2,3189
GODREJCP,20110825,414.25,423,401.5,415,281399
GODREJIND,20110825,193.8,197.5,189.7,190.4,771683
GODREJPROP,20110825,695,695,685.2,688.9,5612
GOENKA,20110825,44.6,45.95,43.5,44.85,4627
GOKEX,20110825,77.5,79,76.15,77.2,233
GOKUL,20110825,88,90,87,89.1,13575
GOLDBEES,20110825,2599.8,2599.8,2504,2512.85,551557
GOLDENTOBC,20110825,62.95,62.95,61.6,61.75,2466
GOLDIAM,20110825,34.9,34.9,31.15,32.9,1747
GOLDINFRA,20110825,14.35,14.35,14.25,14.35,1729
GOLDSHARE,20110825,2559.9,2559.9,2480,2494.4,34441
GOLDTECH,20110825,6.2,6.45,6,6.25,26870
GPIL,20110825,145,149.7,144,144.6,10399
GPPL,20110825,68.5,69.25,66.75,68.55,62920
GRABALALK,20110825,17.95,18.2,17.05,17.2,1653
GRANULES,20110825,69,69.45,67,67.4,2867
GRAPHITE,20110825,77.5,79.35,74.05,78.35,714315
GRASIM,20110825,2134,2175,2121,2162.25,85931
GRAVITA,20110825,336.7,344,330.1,333.15,180845
GREAVESCOT,20110825,88,88.4,85.6,85.95,35182
GREENPLY,20110825,209.7,209.7,192.05,192.35,1204
GREENPOWER,20110825,13.8,13.8,13.05,13.35,316749
GRINDWELL,20110825,243.5,244.85,238.25,242.45,51211
GRUH,20110825,475,484,475,479.9,7291
GSFC,20110825,387,389.8,375,384.65,53748
GSKCONS,20110825,2312,2366,2176.6,2279.45,4737
GSLNOVA,20110825,2.55,2.85,2.5,2.85,6530
GSPL,20110825,97.15,99.4,96.45,97.05,1395377
GSS,20110825,136,136,128,130,5109
GTL,20110825,52.55,53.05,49.8,51.3,2491999
GTLINFRA,20110825,12.25,14.45,10.75,13.1,15963869
GTNTEX,20110825,11.95,11.95,10.6,10.6,1534
GTOFFSHORE,20110825,142.05,142.65,130.5,132.9,198220
GUJALKALI,20110825,144,146.5,140.2,143.6,16822
GUJAPOLLO,20110825,121,123.95,119.2,120,1019
GUJFLUORO,20110825,485.05,492,482.25,484.8,91369
GUJNRECOKE,20110825,29.15,29.25,27.8,28.05,880484
GUJNREDVR,20110825,18.25,19,18.05,18.2,34963
GUJRATGAS,20110825,449.8,449.8,432.05,433.2,34177
GUJSIDHCEM,20110825,8.1,8.55,8,8.05,49380
GULFOILCOR,20110825,78.4,78.95,76.5,76.6,21429
GVKPIL,20110825,17.5,17.7,16.3,16.5,14433264
HALONIX,20110825,69,69,61,63.1,4180
HANUNG,20110825,110.05,112,106.2,107,120082
HARITASEAT,20110825,79.95,79.95,74.25,74.25,140
HARRMALAYA,20110825,66.55,68.25,61.5,62.65,42927
HATHWAY,20110825,85.5,87.9,84,84.75,8674
HAVELLS,20110825,339.65,344.75,316.1,325.9,335732
HBLPOWER,20110825,14.05,14.6,14.05,14.5,31457
HBSTOCK,20110825,12.75,12.75,12.75,12.75,40
HCC,20110825,28.8,28.8,27,27.45,3319233
HCIL,20110825,51.4,52.8,51.35,52.2,74119
HCL-INSYS,20110825,68.95,69,64.95,66.2,102982
HCLTECH,20110825,387.3,389.5,367.4,372.35,2095994
HDFC,20110825,650.6,650.6,622.2,628.2,3750417
HDFCBANK,20110825,459.4,459.4,440.7,443.65,5800210
HDFCMFGETF,20110825,2624.9,2624.9,2533,2539.25,15370
HDIL,20110825,102.2,103.3,99.3,100.5,7820710
HEG,20110825,227.2,227.2,220.1,224.5,69634
HEIDELBERG,20110825,36.4,39.5,32.95,33.1,20217
HELIOSMATH,20110825,25.7,25.7,23.75,23.95,10497
HERCULES,20110825,241.5,248.8,232,234.65,88019
HERITGFOOD,20110825,183.5,185,163.1,166.05,28046
HEROMOTOCO,20110825,1948.8,1973.95,1865.8,1902.2,933496
HEXAWARE,20110825,72.8,79.75,69.8,71.2,2241785
HFCL,20110825,12.15,12.25,11.8,12,615988
HGSL,20110825,332,344.7,330,338.05,1055
HIKAL,20110825,280,282,278,281.95,366
HILTON,20110825,14.75,15.3,14.5,15.15,3320
HIMATSEIDE,20110825,32.7,32.7,30.35,31.1,157812
HINDALCO,20110825,147.95,148.7,141.85,143.3,7406258
HINDCOMPOS,20110825,478,478,473,473,705
HINDCOPPER,20110825,229,234.45,226.4,228.9,76890
HINDDORROL,20110825,36.15,36.85,33,33.8,143318
HINDMOTORS,20110825,14,14.1,13.5,13.65,77048
HINDNATGLS,20110825,196,196,192.7,194.05,276
HINDOILEXP,20110825,123.8,124.45,115.6,116.8,1030482
HINDPETRO,20110825,387.2,388.65,372,374.85,773624
HINDUJAVEN,20110825,301.1,303,295.5,301.45,1976
HINDUNILVR,20110825,320.55,324.45,319,320.3,7132173
HINDZINC,20110825,122.5,124,120.35,122.55,1059977
HIRECT,20110825,40.5,42.85,40.5,41.3,1716
HITACHIHOM,20110825,148.15,150,140.6,143.65,13548
HITECHGEAR,20110825,126.95,126.95,125,125,2844
HITECHPLAS,20110825,82.8,82.8,82.8,82.8,10
HMT,20110825,44.4,44.4,42.2,42.45,59080
HMVL,20110825,137.8,143,134.95,141.45,1415
HNGSNGBEES,20110825,1250,1262,1230,1258.4,86
HOCL,20110825,23.2,24.1,23.2,23.8,40486
HONAUT,20110825,2527.1,2585,2505.05,2524.7,311
HONDAPOWER,20110825,360.55,368,358,359.9,1803
HOTELEELA,20110825,38.1,40.1,37.75,38.4,718629
HOTELRUGBY,20110825,6.15,6.2,5.9,5.9,3839
HOVS,20110825,53.45,58.9,51.05,57.3,52237
HSIL,20110825,200,204.65,200,201.85,36722
HTMEDIA,20110825,154.3,154.3,145,145.65,17322
HYDRBADIND,20110825,309.55,314,305.2,311.35,3492
HYDROS&S,20110825,20.95,20.95,19.55,20.7,599
IBPOW,20110825,14.4,14.5,14.1,14.2,88105
IBREALEST,20110825,80,81.3,77.2,78.6,7270267
IBSEC,20110825,9.05,9.75,8.8,8.9,224372
ICICIBANK,20110825,849.9,854,827.5,833.85,5782669
ICIL,20110825,9,9.45,9,9.45,86
ICRA,20110825,994,994,973.05,977.35,636
ICSA,20110825,69,70.5,65.3,65.7,73616
IDBI,20110825,108.05,110.8,103.5,108.1,3979307
IDEA,20110825,95.5,99.8,93.6,98.65,14047066
IDFC,20110825,110.1,110.9,106.25,106.9,10924148
IFBAGRO,20110825,145.2,150.5,139.25,142.95,105997
IFBIND,20110825,117.8,120.9,105.45,110.35,76896
IFCI,20110825,39.3,39.35,37.45,37.75,8813460
IFGLREFRAC,20110825,31.1,34.9,31.1,32.65,983
IGARASHI,20110825,45,49.5,44.1,44.8,3626
IGL,20110825,435,437,425.25,432.4,518133
IGPL,20110825,22.8,22.85,21.65,22.7,556
IL&FSENGG,20110825,91.4,93.95,88,88.95,8888
IL&FSTRANS,20110825,181.05,184.5,175,183,18872
IMPAL,20110825,617,640,612.65,639.9,682
IMPEXFERRO,20110825,7.5,8.4,7.5,8,4679
INDBANK,20110825,8.7,9,8.55,8.65,11513
INDHOTEL,20110825,72.9,74.5,72,72.95,1617470
INDIABULLS,20110825,150.1,152.4,147.6,149.8,317468
INDIACEM,20110825,69.55,69.55,63.15,64.7,1559453
INDIAGLYCO,20110825,131.65,132.95,127,127.65,25479
INDIAINFO,20110825,74.4,75.4,71.1,72.8,2677669
INDIANB,20110825,198.65,201.95,192,194.05,551226
INDIANCARD,20110825,89.7,90,89.7,90,200
INDIANHUME,20110825,118.1,123,118.1,120.35,468
INDNIPPON,20110825,249.9,260.9,249.9,250.55,1437
INDOCO,20110825,420,421.25,400.4,406.65,1513
INDORAMA,20110825,33.35,34.6,33.25,33.85,4643
INDOSOLAR,20110825,9.85,9.85,9.1,9.15,155196
INDOTECH,20110825,118.6,118.8,114,114.45,3320
INDRAMEDCO,20110825,35.25,35.9,35.25,35.55,6344
INDSWFTLAB,20110825,80.2,80.4,77.1,77.5,54623
INDSWFTLTD,20110825,24.9,25.9,24.8,24.9,10469
INDUSFILA,20110825,17.95,17.95,17.25,17.95,502
INDUSINDBK,20110825,240,240.3,232.25,234.6,634566
INEABS,20110825,526,537.25,513,515,575
INFINITE,20110825,71.5,71.5,63.75,64.7,45566
INFODRIVE,20110825,11.75,12.5,11.2,11.3,20612
INFOMEDIA,20110825,12.25,13.5,12.25,13.2,37362
INFOTECENT,20110825,117,120,110.25,117.5,9171
INFRABEES,20110825,276,276,271,271.62,151
INFY,20110825,2250.2,2265.1,2161.5,2183.4,3356719
INGERRAND,20110825,454,459,450,452.45,4565
INGVYSYABK,20110825,314.85,317.7,295.1,298.45,72122
INNOIND,20110825,84,86.6,82.65,84.95,67299
INOXLEISUR,20110825,44,44.6,43.15,43.45,77494
INSECTICID,20110825,360.8,365.8,357.4,362.1,39644
INVENTURE,20110825,135,147.95,129.15,139.85,3476608
IOB,20110825,112.8,113,107.1,108.55,736961
IOC,20110825,318.8,319.35,305.6,308.05,429613
IOLCP,20110825,32,32.75,31.95,32.75,487
IPCALAB,20110825,307.55,313.5,303.15,309.85,13154
IPGETF,20110825,2640,2640,2532,2545.15,1702
IPRINGLTD,20110825,70,70,70,70,100
IRB,20110825,153.2,155.4,145,146.75,1276190
ISFT,20110825,59.6,59.6,55.1,58.25,18556
ISMTLTD,20110825,34.45,34.45,33,33.4,14263
ITC,20110825,202.15,203.8,201,202.35,8607605
ITDCEM,20110825,146,146,144.5,145.7,103
ITI,20110825,24.35,24.35,23.4,23.5,50969
IVC,20110825,28.8,29.25,28,29,75807
IVP,20110825,47,47,45.1,47,104
IVRCLAH,20110825,30.45,31.7,30.2,31.35,25302
IVRCLINFRA,20110825,37.1,37.15,34.6,35,7500358
J&KBANK,20110825,780.3,795,777.1,781.75,20405
JAGRAN,20110825,107.9,109.3,100.35,102.6,102703
JAGSNPHARM,20110825,12.05,12.9,12,12.65,7422
JAIBALAJI,20110825,126,126,121.5,122.3,10930
JAICORPLTD,20110825,80,81.25,77.7,78.65,231680
JAINSTUDIO,20110825,9,9.45,9,9.1,1431
JAMNAAUTO,20110825,122.05,129,122.05,123.75,678
JAYAGROGN,20110825,86.25,87.35,83.5,84.75,5810
JAYBARMARU,20110825,59.95,61,59.7,59.95,462
JAYNECOIND,20110825,16.5,17,15.1,16.65,50902
JAYSREETEA,20110825,135.5,136.4,133,134.2,9600
JBCHEPHARM,20110825,148,148,143.45,145.4,580306
JBFIND,20110825,127,127,118.25,120.2,43455
JENSONICOL,20110825,3.6,3.75,3.6,3.65,32920
JETAIRWAYS,20110825,289.95,293.8,271.25,272.5,1888769
JHS,20110825,31.4,31.45,30.3,30.65,7362
JIKIND,20110825,6.35,6.35,6.35,6.35,60
JINDALPHOT,20110825,152.2,154.4,149.4,150.5,39968
JINDALPOLY,20110825,220,220.55,211.1,211.75,198097
JINDALSAW,20110825,116,116.85,111.1,115,319947
JINDALSTEL,20110825,497.5,497.5,463.1,470.4,3883438
JINDALSWHL,20110825,664.9,664.9,605,609.6,194527
JINDCOT,20110825,90,97.75,90,94.55,157642
JINDRILL,20110825,375,375,364,365.55,2209
JINDWORLD,20110825,137,139.7,132.15,133.35,2241
JISLJALEQS,20110825,179.95,180.55,173.8,176.4,781543
JKCEMENT,20110825,104.05,105.9,104.05,104.95,2761
JKIL,20110825,87.9,89.8,83,83.7,6306
JKLAKSHMI,20110825,39.25,40,38.5,39.1,192372
JKPAPER,20110825,43.1,43.65,42.9,43.35,92217
JKTYRE,20110825,89.45,89.9,85.6,88.85,35964
JMCPROJECT,20110825,128.5,136.4,126,127.6,3950
JMFINANCIL,20110825,18.45,18.45,17.75,17.85,141878
JMTAUTOLTD,20110825,61.25,61.25,57,58.2,349
JOCIL,20110825,275.45,278,267,267.5,2228
JPASSOCIAT,20110825,62.8,63.1,59,59.3,16000857
JPINFRATEC,20110825,41.2,41.35,38.2,38.7,125850
JPPOWER,20110825,36.45,36.45,32.45,32.9,1667995
JSL,20110825,87.5,92,87.5,91.25,211901
JSWENERGY,20110825,55,55,52.8,53.55,799923
JSWISPAT,20110825,14.6,14.8,13.95,14.2,5316697
JSWSTEEL,20110825,678.95,679.9,643,646.75,1466257
JUBILANT,20110825,175.05,175.6,171.5,173.8,60692
JUBLFOOD,20110825,910,945,910,937.5,1028446
JUBLINDS,20110825,173,175,170.55,172.85,3411
JUNIORBEES,20110825,100.58,100.58,98.7,99.05,31774
JUPITER,20110825,15.05,15.3,14.55,14.7,156009
JVLAGRO,20110825,15.2,15.7,15.2,15.35,6507
JYOTHYLAB,20110825,176,176,171,172.25,26820
JYOTISTRUC,20110825,66.5,66.5,63,63.15,86728
KABRAEXTRU,20110825,38.05,39.5,37.65,39.05,3475
KAJARIACER,20110825,103.25,105.7,100.5,102.2,48098
KAKATCEM,20110825,68,70.5,67.5,69.9,635
KALECONSUL,20110825,69.95,69.95,64.5,66.35,9137
KALINDEE,20110825,109,110.5,108.15,108.5,50296
KALPATPOWR,20110825,118.1,119.7,115.45,117.95,33504
KAMATHOTEL,20110825,81,83.9,81,81.8,3703
KANDAGIRI,20110825,79,79,79,79,25
KANORICHEM,20110825,34.15,35.7,34.05,34.8,8926
KANSAINER,20110825,860,864.85,845.1,857.9,6481
KARMAENG,20110825,12.8,12.8,11.05,12.15,1737
KARURKCP,20110825,29.95,29.95,29.05,29.5,77
KARURVYSYA,20110825,380,380,355.2,360.6,96447
KAUSHALYA,20110825,8.6,9,8.35,8.55,6637
KAVVERITEL,20110825,121.5,126,120.1,122.7,30708
KBIL,20110825,650,650,625.05,640,95
KCP,20110825,25.8,26.5,25.3,25.55,34620
KCPSUGIND,20110825,14.2,14.75,14.2,14.65,32612
KEC,20110825,65.4,65.85,62.85,63.15,40947
KECL,20110825,33.5,33.9,33,33.7,5232
KEI,20110825,16.6,17.25,16.25,16.7,49766
KEMROCK,20110825,529,530,516.15,521.55,24502
KERNEX,20110825,95.25,95.25,93.2,93.7,13064
KESARENT,20110825,52.4,52.4,49.6,51.45,2658
KESORAMIND,20110825,126,130.2,123.5,127.25,24419
KEYCORPSER,20110825,42.5,45,42.5,45,195
KFA,20110825,26.5,26.55,24.7,25,2999116
KGL,20110825,8,8.15,7.85,7.95,640046
KHAITANELE,20110825,97,97,97,97,5000
KHAITANLTD,20110825,24.3,24.3,24,24,23
KICL,20110825,400.25,433.95,400.25,414.25,208
KIL,20110825,12.8,13,12.55,12.6,5458
KILITCH,20110825,58.65,60,58.65,60,625
KINETICMOT,20110825,16,16.05,15.65,15.75,2428
KIRIINDUS,20110825,162.5,165.45,154.4,159.55,378776
KIRLOSBROS,20110825,149,151,148,150.05,1890
KIRLOSENG,20110825,111,112.25,105.6,110.05,4020
KIRLOSIND,20110825,268.55,276,268.55,271.55,282
KKCL,20110825,774,774,740.1,750.2,991
KLGSYSTEL,20110825,32.9,33.4,32,32.35,14899
KLRF,20110825,23.45,23.6,23.45,23.6,500
KMSUGAR,20110825,2.55,2.8,2.5,2.7,6001
KNRCON,20110825,103.5,103.5,100,101.5,1192
KOHINOOR,20110825,39.2,39.65,38.2,38.65,21561
KOLTEPATIL,20110825,38.35,39.9,38,38.3,4328
KOPRAN,20110825,24,24.85,23.9,24.65,17176
KOTAKBANK,20110825,433.75,434,419,422.95,892348
KOTAKGOLD,20110825,2569.9,2569.9,2477,2493.7,86887
KOTAKNIFTY,20110825,500,501,500,501,1518
KOTAKPSUBK,20110825,358,358,348,348,402
KOTARISUG,20110825,5.6,5.95,5.5,5.9,2384
KOTHARIPET,20110825,7,7.1,6.8,7,2395
KOTHARIPRO,20110825,543,545,529.95,541.2,3536
KOUTONS,20110825,20.9,20.9,19.3,19.6,59772
KPIT,20110825,152.8,152.8,141,145.5,164320
KPRMILL,20110825,96,100,94,99.25,2888
KRBL,20110825,26.1,26.35,25.55,25.65,223967
KRISHNAENG,20110825,3,3.55,3,3.45,3038
KSBPUMPS,20110825,224.95,224.95,215,215.05,3850
KSCL,20110825,439,452.75,431,445.7,24341
KSK,20110825,100.2,100.7,99.5,100,46929
KSL,20110825,53.05,53.35,46.6,50.05,33824
KSOILS,20110825,10.8,11.15,9.3,10,45548954
KTIL,20110825,77.8,77.8,66.65,75.75,344
KTKBANK,20110825,95,95.45,91.2,91.9,706299
KWALITY,20110825,167.8,168.4,166.5,166.9,562093
L&TFH,20110825,47.7,48.2,47,47.45,1740800
LAKPRE,20110825,38.3,39.05,35.15,36.75,13730
LAKSHMIEFL,20110825,23.1,24,23,23.35,47953
LAKSHMIMIL,20110825,1675.5,1730,1547,1700,12
LAKSHVILAS,20110825,109.8,113.8,105.4,106,58858
LANCOIN,20110825,33.45,33.45,32.6,33.1,4508
LAOPALA,20110825,95.15,96.7,91.5,93.45,14108
LAXMIMACH,20110825,1950,1950,1888,1907.2,2386
LCCINFOTEC,20110825,0.6,0.6,0.55,0.55,15880
LGBBROSLTD,20110825,277,287.5,271.2,272.15,4403
LGBFORGE,20110825,2.35,2.5,2.35,2.5,8170
LIBERTSHOE,20110825,83.45,84.35,81.5,82.3,19060
LICHSGFIN,20110825,200.5,206.7,195.75,205.7,6835633
LIQUIDBEES,20110825,1000,1000.01,999.99,999.99,114036
LITL,20110825,16.7,16.9,15.4,15.75,17616463
LLOYDELENG,20110825,53,53.75,52.65,53,10862
LLOYDFIN,20110825,1.05,1.05,1,1.05,38400
LLOYDSTEEL,20110825,14.05,14.05,13.4,13.5,160530
LML,20110825,9.65,9.65,9.05,9.1,111734
LOGIXMICRO,20110825,15.5,15.5,12.25,12.5,4834
LOKESHMACH,20110825,41.8,46.1,40.1,40.9,1055
LOTUSEYE,20110825,9.7,9.7,9.05,9.05,4753
LOVABLE,20110825,547.5,562.9,508.25,545.35,4310771
LPDC,20110825,2.8,2.85,2.65,2.75,2005
LT,20110825,1557.2,1568.9,1524.1,1546.5,1902457
LUMAXAUTO,20110825,25.7,26,24.9,25.85,2415
LUMAXIND,20110825,328.95,328.95,315,319.65,5941
LUMAXTECH,20110825,166.95,167.5,163.1,166.6,926
LUPIN,20110825,452.5,468,451.1,463.6,1154418
LYKALABS,20110825,15,15,14.4,14.85,1508
M&M,20110825,704.7,707.4,690.05,697.4,3147019
M&MFIN,20110825,621.65,621.65,598.2,602.6,39156
M100,20110825,7.35,7.35,7.01,7.04,75115
M50,20110825,65.61,67,64.5,65.59,18364
MAANALU,20110825,47.6,49.4,47.6,48.55,314
MADHAV,20110825,18.5,18.5,16.7,16.85,1369
MADHUCON,20110825,76.5,78.5,70.35,77.5,64542
MADRASCEM,20110825,84,84.3,83.55,83.85,10795
MADRASFERT,20110825,24.8,24.8,23.8,24.1,104823
MAGMA,20110825,71.75,72.9,70.25,72.4,30907
MAGNUM,20110825,4.55,5.05,4.5,4.55,6304
MAHABANK,20110825,50.85,51.2,49.5,49.65,52149
MAHINDFORG,20110825,60,61,59.05,59.45,2634
MAHLIFE,20110825,340,340,322.8,323.95,1979
MAHSCOOTER,20110825,320.05,325,312,322.7,890
MAHSEAMLES,20110825,355.95,355.95,347,349.25,3433
MAITHANALL,20110825,100,100,100,100,5
MALUPAPER,20110825,10.7,11.3,10.65,11,5497
MALWACOTT,20110825,25,28.85,24.65,27.55,1120
MANAKSIA,20110825,58.5,59.8,57.4,59.1,9324
MANALIPETC,20110825,11.35,11.35,10.9,11.05,50776
MANAPPURAM,20110825,47.4,47.65,44.05,44.3,2528371
MANDHANA,20110825,209.8,209.85,201.2,207.6,53013
MANGALAM,20110825,12.5,12.5,12.5,12.5,3444
MANGCHEFER,20110825,30.7,31.5,30.2,30.85,134475
MANGLMCEM,20110825,100.5,103,98.8,101.25,6842
MANINDS,20110825,121,125.9,119,125.1,6565
MANINFRA,20110825,103,104.2,102.5,102.5,2451
MANJEERA,20110825,84.1,93.9,83.25,91.65,1042
MANJUSHREE,20110825,80.2,83.45,80.2,83.45,172
MANUGRAPH,20110825,48.5,49.5,48.5,48.5,2862
MARALOVER,20110825,11,11,11,11,1200
MARG,20110825,79.8,79.8,73.2,76.4,34949
MARICO,20110825,158.8,160.8,155.3,156.4,127971
MARUTI,20110825,1124,1130.2,1103.4,1110.8,517715
MASTEK,20110825,93.3,94.7,91.2,92.1,41117
MAWANASUG,20110825,18.8,18.8,17.65,18,7833
MAX,20110825,186,186,180.1,181.45,97158
MBECL,20110825,130,130,118.55,123.55,11588
MBLINFRA,20110825,116.55,119,113,114.2,5972
MCDHOLDING,20110825,63,64.9,59,60.1,11645
MCDOWELL-N,20110825,938,946,892.05,902.9,277365
MCLEODRUSS,20110825,236,239.6,225,233.55,688734
MEGASOFT,20110825,15.5,16.3,14.65,15.35,8115
MEGH,20110825,9.2,9.85,9.2,9.3,70381
MELSTAR,20110825,7.9,8,7.9,8,1500
MERCK,20110825,627.4,627.9,619.5,621.2,1077
MHRIL,20110825,346.4,356.75,343.5,351.55,913
MIC,20110825,12.7,12.7,12.2,12.3,83653
MICROSEC,20110825,27.85,28,27.1,27.35,4281
MICROTECH,20110825,112,112,107.75,108.9,8071
MINDAIND,20110825,165,173.9,164.9,167.9,90
MINDTREE,20110825,358.2,359.5,337.95,341.05,33766
MIRCELECTR,20110825,17.15,17.15,16.55,16.85,33815
MIRZAINT,20110825,18.2,18.4,17.55,17.7,31789
MLL,20110825,25,25.2,22.55,22.95,2852015
MMFL,20110825,96.1,101.35,96.1,101.3,706
MMFSL,20110825,89.9,89.9,82.3,82.4,55570
MMTC,20110825,705.15,714.9,695,698.2,6961
MOIL,20110825,302,305,300,300.75,81482
MONNETISPA,20110825,484.1,492,481,484.7,15858
MONSANTO,20110825,1785,1814.9,1751.05,1788.15,924
MOREPENLAB,20110825,3.95,3.95,3.75,3.85,105430
MOSERBAER,20110825,24.5,25,22.2,24.25,2848284
MOTHERSUMI,20110825,200.1,201.9,190.3,194.8,65341
MOTILALOFS,20110825,81.5,83,80.05,80.9,6706
MOTOGENFIN,20110825,38,42.5,37,37.85,6387
MPHASIS,20110825,395,395,363,367.25,1586553
MRF,20110825,6575,6620,6310,6366.3,21451
MRO-TEK,20110825,10.5,11.1,10.25,10.9,9645
MRPL,20110825,64,64.7,60.05,60.6,993852
MSPL,20110825,43.9,44.1,42,42.1,8614
MTNL,20110825,37,37.3,35.05,36.65,1732635
MUDRA,20110825,24,24.4,23.75,24,4896
MUKANDENGG,20110825,28.25,28.25,27.5,28.25,610
MUKANDLTD,20110825,35.8,36,33,33.8,15329
MUKTAARTS,20110825,39.5,39.5,37.8,38,156
MUNDRAPORT,20110825,147.2,149.65,138.75,140.4,1793336
MUNJALAU,20110825,155.2,160,154.2,157,3896
MUNJALSHOW,20110825,59.15,61.7,59.15,61.05,10220
MURUDCERA,20110825,15.6,15.6,15.05,15.2,7578
MUTHOOTFIN,20110825,179,179.25,169,170.5,758353
MVL,20110825,23.8,23.8,23.05,23.3,126840
MVLIND,20110825,16.7,16.7,14.4,14.75,4753
MYSOREBANK,20110825,546,546,525,528.4,640
N100,20110825,100.95,105,93.5,98.3,3792
NAGARFERT,20110825,27.45,27.8,26.1,26.35,4728964
NAGREEKCAP,20110825,23.2,25,23.1,23.1,116
NAGREEKEXP,20110825,19.25,19.25,17.5,17.5,502
NAHARCAP,20110825,51.45,51.45,51.45,51.45,1000
NAHARINDUS,20110825,41.1,43.5,40.6,43,7819
NAHARPOLY,20110825,23,23.9,23,23,401
NAHARSPING,20110825,58.8,59.8,57.25,58.2,6028
NANDAN,20110825,2.5,2.55,2.45,2.45,179426
NATCOPHARM,20110825,259,260.9,258,259.4,3410
NATIONALUM,20110825,67.9,67.9,61.5,63.4,959961
NATNLSTEEL,20110825,12.7,13.4,12.6,12.7,37965
NAUKRI,20110825,705.05,714.9,705.05,710,383
NAVINFLUOR,20110825,340,340,329.05,331.65,8072
NAVNETPUBL,20110825,61.8,62.95,60.55,61.95,84981
NBVENTURES,20110825,170.25,181.95,165.5,168.95,21589
NCC,20110825,55.15,55.8,52.65,53.2,773241
NCLIND,20110825,34.5,35.1,34.05,34.35,6646
NDTV,20110825,47.4,47.5,45.6,45.9,34084
NECLIFE,20110825,18.8,19.3,18.6,18.8,15082
NEHAINT,20110825,100,107.4,97.15,105.3,157880
NELCAST,20110825,107.9,108.55,106.65,107.95,3710
NELCO,20110825,55.6,55.75,53,53.25,12157
NEPCMICON,20110825,3.8,3.8,3.65,3.7,10224
NESCO,20110825,605.6,615,575,579.7,49724
NESTLEIND,20110825,4379,4400,4360.1,4383.9,7971
NET4,20110825,137.5,138,132,135.05,21866
NETWORK18,20110825,93.7,97.4,92.65,95.7,51105
NEULANDLAB,20110825,92.9,92.9,92.9,92.9,30
NEXTMEDIA,20110825,4.2,5,4.2,4.6,11103
NEYVELILIG,20110825,83.95,84.7,79.3,81.3,282275
NFL,20110825,77.3,78.7,76.15,76.6,125594
NHPC,20110825,24.2,24.2,23.55,24,3802212
NIFTYBEES,20110825,502,503,495.45,496.71,175894
NIITLTD,20110825,46,46.8,44.8,46.4,43825
NIITTECH,20110825,182.9,183.9,177.7,181.7,218595
NILKAMAL,20110825,249,254,242.05,248.1,1386
NIPPOBATRY,20110825,385,397.5,381,390.2,358
NISSAN,20110825,2.1,2.2,2.1,2.15,93397
NITCO,20110825,49.1,51.8,49.1,50,3080
NITESHEST,20110825,21,21.2,19.6,19.95,51733
NITINFIRE,20110825,115,116.5,111.6,112.25,96879
NITINSPIN,20110825,6.85,6.9,6.8,6.9,5565
NMDC,20110825,223,224.9,214.25,217.55,617412
NOCIL,20110825,16.4,16.45,15.7,15.8,66404
NOIDATOLL,20110825,21.4,22.25,21.4,22,193228
NOL,20110825,39.9,39.9,39.9,39.9,25
NORBTEAEXP,20110825,5.15,5.7,5.15,5.65,1916
NORTHGATE,20110825,11,11.7,10.7,10.85,28547
NRBBEARING,20110825,44.85,44.85,43.5,44.35,4037
NRC,20110825,4.45,4.55,4.35,4.5,2500
NSIL,20110825,631,632,622.05,622.5,58
NTPC,20110825,170.4,171,168.05,170.05,4475566
NUCENT,20110825,1.75,1.75,1.75,1.75,29
NUCHEM,20110825,3.05,3.4,2.9,3,23111
NUCLEUS,20110825,66,66.25,63.6,64.85,9050
NUMERICPW,20110825,202,208,199.1,205.35,1132
NUTEK,20110825,3.5,3.5,3,3.05,1556050
OBEROIRLTY,20110825,223,224.7,221.5,222.6,3820
OCL,20110825,92.15,92.2,90.1,91.95,2873
OFSS,20110825,1848,1848,1710.9,1745.1,92199
OIL,20110825,1303.1,1322,1302.25,1310,34436
OILCOUNTUB,20110825,66,67.45,64,65.3,4226
OISL,20110825,50.65,52,48.5,49.35,13063
OMAXAUTO,20110825,37.8,38.2,37,37.8,2647
OMAXE,20110825,127.6,127.8,126.2,127.05,39345
OMKARCHEM,20110825,58.35,65.4,58.35,64.05,16969
OMMETALS,20110825,26.1,30.55,26.1,30.55,501
OMNITECH,20110825,144.2,151,143,147.15,56623
ONGC,20110825,281.5,287.65,279.65,282.3,6652453
ONMOBILE,20110825,62.9,63,55.2,56.5,1092312
ONWARDTEC,20110825,33,34.8,33,34.8,1069
OPTOCIRCUI,20110825,270.1,274,263.75,267.45,272464
ORBITCORP,20110825,36.4,37.7,35.15,36.3,222944
ORCHIDCHEM,20110825,197.55,198.8,189,190.35,1468231
ORIENTABRA,20110825,29.65,29.65,28.75,29,9239
ORIENTALTL,20110825,8.05,8.7,8,8.7,565
ORIENTBANK,20110825,305.9,314,294.75,307.6,514929
ORIENTCERA,20110825,47,51,46.4,50.3,496
ORIENTHOT,20110825,26.2,27.25,25.8,26.8,48929
ORIENTLTD,20110825,77.6,77.6,77.6,77.6,1
ORIENTPPR,20110825,56.2,57.9,56.2,57.35,15909
ORISSAMINE,20110825,42400,43475,42050,43027.95,748
OUDHSUG,20110825,24.5,25,21.7,22.2,36596
PAEL,20110825,22,23.6,22,22.85,1558
PAGEIND,20110825,2620,2625,2530.05,2549.5,3529
PANACEABIO,20110825,147.05,147.8,144.05,145.85,5195
PANCARBON,20110825,133.95,133.95,133.95,133.95,50
PANORAMUNI,20110825,8.65,9.25,8.65,9.15,11418
PANTALOONR,20110825,275,280.2,271.5,274.3,882855
PAPERPROD,20110825,78.3,79.5,77,77.25,6292
PARABDRUGS,20110825,29.45,30.7,28.75,28.9,37708
PARACABLES,20110825,2.8,3,2.8,2.95,13650
PARAL,20110825,230,237.5,225.65,230.55,1332
PARAPRINT,20110825,26,26.7,24.5,25.75,275018
PARASPETRO,20110825,0.5,0.55,0.5,0.5,38547
PAREKHPLAT,20110825,3.8,3.85,3.65,3.8,12621
PARSVNATH,20110825,46.5,46.85,46.1,46.6,1996052
PATELENG,20110825,102.85,103.4,94,95.55,1089268
PATINTLOG,20110825,25.35,28.35,23.85,24.15,14182
PATNI,20110825,269.9,271,260,266.4,447516
PATSPINLTD,20110825,11,12,10,10.9,7389
PBAINFRA,20110825,41.75,43.25,41.75,42.9,2160
PDUMJEIND,20110825,20,20,19,19,51
PDUMJEPULP,20110825,18.35,18.85,18.35,18.85,83
PEACOCKIND,20110825,3.4,3.4,2.5,2.65,1447
PENIND,20110825,37.15,38,36.9,37.3,13262
PENINLAND,20110825,45.25,46.9,44.9,45.05,18575
PERIATEA,20110825,150,150,145,148.95,475
PERSISTENT,20110825,305,305.05,293,294.05,12224
PETRONENGG,20110825,360.75,360.8,345,345.65,1771
PETRONET,20110825,178,180.7,169.45,170.9,4137368
PFC,20110825,144.85,144.9,136,136.7,7996098
PFIZER,20110825,1361,1388,1346.5,1357.15,603
PFOCUS,20110825,54.6,57.25,54.1,56.1,385103
PFS,20110825,17.3,17.55,16.6,16.7,82156
PGHH,20110825,1988.9,1988.9,1950,1961.5,904
PHILIPCARB,20110825,134.5,136.75,132.6,134.85,4458
PHOENIXLTD,20110825,205,206.4,199.05,199.95,10628
PIDILITIND,20110825,158.85,160.8,158.75,159.25,17797
PIIND,20110825,606,623.5,601.2,619.65,28151
PIONDIST,20110825,47.6,47.6,47.55,47.55,200
PIONEEREMB,20110825,10.7,11.75,10.7,11.05,2619
PIPAVAVYD,20110825,66,67.5,65.65,66.9,871583
PIRGLASS,20110825,131,133.1,128.25,130.15,13371
PIRHEALTH,20110825,360.05,360.05,346.3,348.5,353870
PIRLIFE,20110825,86,86,83.6,84.75,22544
PITTILAM,20110825,44.5,45,39,39.8,43216
PLASTIBLEN,20110825,176,176,176,176,60
PLETHICO,20110825,374.5,378.95,374,374.95,98670
PNB,20110825,978.35,1010,938,960.8,561683
PNBGILTS,20110825,23.25,23.75,23.15,23.55,12152
PNC,20110825,13.95,13.95,13.25,13.25,1522
POCHIRAJU,20110825,12.15,12.2,12.05,12.2,1587
POLARIND,20110825,4,4.2,3.9,4.05,2591
POLARIS,20110825,129,133.1,124.95,129.1,888140
POLYPLEX,20110825,189.4,191,180,181.45,53897
PONDYOXIDE,20110825,30.55,31.8,30.55,31.4,5094
PONNIERODE,20110825,81.05,81.05,81,81,50
POWERGRID,20110825,102.05,102.5,99,99.7,7738882
PPAP,20110825,85.7,89.8,85.7,87.8,1993
PRADIP,20110825,60.9,60.9,48.1,59.65,676306
PRAENG,20110825,7.8,8.05,7.75,7.8,24263
PRAJIND,20110825,72.85,73.35,68.5,69.2,2893833
PRAKASH,20110825,57.9,57.9,53.5,53.85,49043
PRAKASHSTL,20110825,125.7,127,125.05,126,1982
PRATIBHA,20110825,45.1,45.65,43,44.4,87055
PRECOT,20110825,109.9,111.75,106,108.6,584
PRECWIRE,20110825,84,89,84,85.5,2021
PREMIER,20110825,82.5,85,80,81.25,5140
PRESTIGE,20110825,103.25,103.25,99.05,100.25,11800
PRETAILDVR,20110825,174.05,183.95,171,182.85,14283
PRICOL,20110825,16.4,16.7,16,16.1,33465
PRIMESECU,20110825,16.75,16.95,16.3,16.55,3485
PRISMCEM,20110825,40.4,40.5,39.95,40.05,91721
PRITHVI,20110825,21.25,22.35,21.25,21.4,11679
PROVOGUE,20110825,28.15,28.5,27.9,28.2,162123
PSB,20110825,75.3,75.9,73,73.55,86963
PSL,20110825,59.75,59.9,58.55,58.75,32481
PSUBNKBEES,20110825,338.25,338.25,328.11,330.89,2096
PTC,20110825,71.45,71.75,68,69.5,832839
PTL,20110825,25,25.05,25,25,700
PUNJABCHEM,20110825,67,73,66.3,71.3,191
PUNJLLOYD,20110825,58.4,58.4,54.25,54.55,5364871
PURVA,20110825,67.25,68,64.55,65.4,10479
PVP,20110825,5.15,5.35,5,5.05,95746
PVR,20110825,117.6,117.6,114.05,115.8,3047
QGOLDHALF,20110825,1201,1300,1201,1244.4,3837
QNIFTY,20110825,501,501,493,493,56
QUINTEGRA,20110825,3.2,3.25,3.05,3.25,4642
RADAAN,20110825,2.2,2.3,2.1,2.2,12847
RADICO,20110825,130.6,130.75,126.3,127.95,144859
RAINBOWPAP,20110825,57.2,57.3,56.5,57.25,77056
RAINCOM,20110825,29.5,29.7,28.55,28.7,60223
RAJESHEXPO,20110825,111.2,112,110.1,110.75,143063
RAJOIL,20110825,20.9,21.45,20.5,20.65,47453
RAJPALAYAM,20110825,203.1,213.95,203.1,206,309
RAJRAYON,20110825,10.6,10.6,10.6,10.6,44
RAJSREESUG,20110825,35.85,36.75,35.3,35.8,17573
RAJTV,20110825,49.2,50.5,48.5,49.6,11972
RAJVIR,20110825,100,100,92.25,94.6,71
RALLIS,20110825,171.85,172.5,164.15,165.15,167361
RAMANEWS,20110825,11.5,11.95,11.25,11.35,6642
RAMCOIND,20110825,41.75,41.75,40.15,40.3,6991
RAMCOSYS,20110825,62.15,64,61.9,62.75,1933
RAMKY,20110825,227,232,225.2,229.9,18696
RAMSARUP,20110825,10.2,10.4,9.65,9.75,48811
RANASUG,20110825,4.15,4.2,4.05,4.1,111016
RANBAXY,20110825,471,477.9,453.55,465.05,763864
RANEENGINE,20110825,215,219.95,215,219.95,75
RANEHOLDIN,20110825,217.7,217.7,207,214.45,1814
RANKLIN,20110825,14.8,14.8,13.95,14,1075
RATNAMANI,20110825,102.1,104.9,101,101.45,1102
RAYMOND,20110825,351.85,353.35,342.1,344.45,179432
RBL,20110825,108,111,107.1,108.4,588
RBN,20110825,81.95,82.25,79,79.7,22479
RCF,20110825,80.25,81.65,79.1,80.05,946729
RCOM,20110825,80.6,82.25,78.2,81,7955947
RECLTD,20110825,182.5,188,169.1,175.05,2516092
REDINGTON,20110825,94.5,94.5,92.1,94.15,185878
REFEX,20110825,16,17.2,15.85,16.65,12247
REIAGROLTD,20110825,23.35,23.35,22.9,23,54096
REISIXTEN,20110825,27.5,28,27.2,27.5,1263
RELAXO,20110825,301,306.55,275.1,279.5,336
RELBANK,20110825,879,910,877.05,906.48,33
RELCAPITAL,20110825,398,399.7,385.5,391.25,1771297
RELGOLD,20110825,2501,2509.9,2420.1,2434.3,31089
RELGRNIFTY,20110825,466.5,484.8,463,478.41,214
RELIANCE,20110825,761.6,769,750.25,753.5,4849218
RELIGARE,20110825,430.2,445,421.25,423.55,14590
RELIGAREGO,20110825,2650,2650,2541,2549.95,997
RELINFRA,20110825,452.1,458.2,439,448.25,1407302
RELMEDIA,20110825,88.7,89.45,80.5,87.15,317901
RENUKA,20110825,57.5,58.25,54,54.65,8330665
REPRO,20110825,136.5,138.5,136.3,136.35,2944
RESPONIND,20110825,109.5,110,107,108.05,8233
RESURGERE,20110825,0.35,0.35,0.25,0.35,2136287
REVATHI,20110825,375,391,365.4,379.8,236
RICOAUTO,20110825,11.2,11.25,10.5,11.1,87240
RIIL,20110825,424,424.05,402.5,407.8,83550
RKDL,20110825,15.7,16.5,15.7,16.25,11411
RKFORGE,20110825,101,101,98,100.1,528
RMCL,20110825,5.35,5.5,5,5.25,6826
RML,20110825,124.85,124.85,116.05,117.45,1434
ROHITFERRO,20110825,31.15,31.75,30.3,30.65,37890
ROHLTD,20110825,54.15,55.35,54.15,54.8,2247
ROLTA,20110825,97.95,99.8,94.75,98.8,1747702
ROMAN,20110825,19.85,21.7,19.8,20.6,745
RPGLIFE,20110825,78.05,79.5,78.05,79.5,16
RPOWER,20110825,83.9,84.15,81.25,82,2646913
RPPINFRA,20110825,65.1,70.5,63.5,64,15985
RSSOFTWARE,20110825,47.6,49.95,47.6,48.85,2478
RSWM,20110825,88.35,91.15,83.5,86.45,15465
RSYSTEMS,20110825,100.5,102.75,98,98.95,1450
RUBYMILLS,20110825,875.05,878.3,835,845.75,601
RUCHINFRA,20110825,18.15,18.15,17,17.3,4616
RUCHIRA,20110825,8,8.15,8,8.1,809
RUCHISOYA,20110825,102.9,104,99.2,102.4,639209
RUSHIL,20110825,116.5,127.4,115.1,126.4,2040783
SABTN,20110825,48,51.2,48,51.2,108
SADBHAV,20110825,136.6,136.65,134.6,135.55,1842
SAGCEM,20110825,128,130.5,128,130.05,14
SAHPETRO,20110825,31.15,33.2,30.95,31.2,620
SAIL,20110825,110.65,111.2,105,106.5,2729101
SAKHTISUG,20110825,27.7,28.3,27,27.35,39870
SAKSOFT,20110825,78,80.5,77.5,80.35,14709
SAKUMA,20110825,13.05,13.8,13,13.05,11219
SALONACOT,20110825,16.95,16.95,16.95,16.95,20
SALORAINTL,20110825,27,27.3,25.05,26.95,10254
SALSTEEL,20110825,5.1,5.55,5,5.4,37196
SAMBANDAM,20110825,79.35,81,73.15,78.65,578
SANDESH,20110825,265,265,265,265,799
SANGAMIND,20110825,29,29.3,28.75,28.8,7918
SANGHIPOLY,20110825,1.3,1.35,1.25,1.35,2977
SANGHVIFOR,20110825,26.85,26.85,26.1,26.35,2264
SANGHVIMOV,20110825,124.75,124.75,121,121.15,7623
SANWARIA,20110825,16,16.5,15.9,15.9,27632
SARDAEN,20110825,153.5,158,150.1,151.4,3167
SAREGAMA,20110825,60.65,62.5,58.8,59.6,10218
SASKEN,20110825,100.85,101.95,99.75,100.55,31178
SATHAISPAT,20110825,37.75,39.25,37.1,37.5,4334
SATYAMCOMP,20110825,68.5,68.5,65.8,66.8,3512612
SAVERA,20110825,36.7,36.7,36.7,36.7,8
SBBJ,20110825,411,411,400.2,402.6,2490
SBIGETS,20110825,2609.8,2609.8,2555,2577.9,22097
SBIN,20110825,2000,2009.5,1951.55,1959.75,3651188
SBT,20110825,604.65,608.45,597.05,600.55,1594
SCI,20110825,82.95,83.45,82,82.65,145808
SEAMECLTD,20110825,96.2,97.35,94.8,95.75,3728
SEINVEST,20110825,7.9,7.9,7.5,7.5,97126
SELAN,20110825,282.55,288.85,274,277.45,13323
SELMCL,20110825,12.3,12.45,11.85,11.95,207289
SENTINEL,20110825,12.1,13,12.1,12.25,3207
SERVALL,20110825,6.35,6.8,6.2,6.3,75284
SESAGOA,20110825,221,221.45,215,217.8,1962031
SESHAPAPER,20110825,203.5,203.5,203.1,203.1,187
SGFL,20110825,4.45,4.45,4.45,4.45,51
SGJHL,20110825,119.9,125,119.2,121.35,77564
SHAHALLOYS,20110825,9.45,9.65,9.45,9.55,2503
SHANTIGEAR,20110825,42.1,42.3,41.6,41.65,9439
SHARIABEES,20110825,109.45,109.45,109.45,109.45,30
SHASUNPHAR,20110825,69.5,73.5,69.2,69.55,36443
SHILPAMED,20110825,208.5,214.8,206,214.15,830
SHILPI,20110825,13,13,12.2,12.35,19953
SHIV-VANI,20110825,170,171,164.2,166.9,11396
SHIVAMAUTO,20110825,105.5,109.9,101.1,101.75,201
SHIVTEX,20110825,24.3,25.9,24.3,25.75,776
SHLAKSHMI,20110825,80,80,76,76.2,52605
SHOPERSTOP,20110825,400,417.8,387,390.35,11882
SHPRE,20110825,4.15,4.45,4.15,4.3,3637
SHREEASHTA,20110825,4.15,4.2,3.95,4,2394919
SHREECEM,20110825,1662,1702.3,1650,1653,146022
SHREERAMA,20110825,4.75,4.75,4.6,4.6,2281
SHRENUJ,20110825,52.5,54.9,52.5,53.65,333
SHREYANIND,20110825,16.6,16.6,16.6,16.6,6
SHREYAS,20110825,27,28,26.75,26.85,1249
SHRIRAMCIT,20110825,535,538.5,535,535,1224
SHRIRAMEPC,20110825,130.2,131.45,124.15,125.85,12772
SHYAMTEL,20110825,38.5,39,38.1,38.35,2658
SICAGEN,20110825,19,19,17.6,17.85,11949
SICAL,20110825,71.2,74.5,71,71.5,6258
SIEMENS,20110825,862.65,879.9,860,871.6,165706
SIMBHSUGAR,20110825,32.1,32.8,30.8,31.25,135201
SIMPLEX,20110825,80.5,83.65,78.4,78.65,1477
SIMPLEXINF,20110825,260,264.8,259,259.75,507
SINTEX,20110825,146.75,147.75,142.2,143.55,1013840
SIRPAPER,20110825,41.5,46,41.5,44.6,882
SITASHREE,20110825,7,7.1,6.65,6.75,1981
SIYSIL,20110825,309.45,309.45,294,296.65,414
SJVN,20110825,22,22.25,22,22.1,184930
SKFINDIA,20110825,636.5,643.9,629.5,640.15,2157
SKMEGGPROD,20110825,7.3,7.3,7.15,7.15,3500
SKSMICRO,20110825,243,243,229.15,229.15,230880
SKUMARSYNF,20110825,42.95,44.8,41,44.2,5681649
SMARTLINK,20110825,39.5,40.4,38.25,39.05,6109
SMLISUZU,20110825,349.7,349.7,339,342.4,277
SMOBILITY,20110825,99.5,100.4,97.25,100,9214
SMPL,20110825,7.45,7.5,7.15,7.2,178093
SMSPHARMA,20110825,170.9,170.9,163.05,163.9,18
SOBHA,20110825,218,225.2,208.25,214.55,143253
SOFTTECHGR,20110825,5.5,5.5,4.8,5.05,526
SOLARINDS,20110825,744.5,744.5,735,736.8,443
SOMANYCERA,20110825,48,48,42.7,44,1778
SOMATEX,20110825,6.05,6.4,6.05,6.05,1169
SONASTEER,20110825,14.65,15.1,14.5,14.95,49921
SONATSOFTW,20110825,31.5,31.5,29.9,30.3,87160
SOTL,20110825,586,597.9,586,595.3,1862
SOUISPAT,20110825,7.3,7.3,6.7,6.85,17491
SOUTHBANK,20110825,20.6,20.75,20.05,20.25,2946195
SPANCO,20110825,123.5,126,120,120.8,26087
SPARC,20110825,71.1,72.1,70,70.3,104071
SPECTACLE,20110825,12,13,11.9,12.45,427
SPENTEX,20110825,9.55,11.7,9.5,11.2,31120
SPIC,20110825,27.2,27.65,26.8,27.25,197918
SPLIL,20110825,3.4,3.4,3.15,3.2,2135
SPMLINFRA,20110825,126.15,132.25,125,125.75,1727
SPYL,20110825,24.15,25.4,23.25,24.75,7448
SREINFRA,20110825,38.2,38.7,36.5,37.25,889683
SRF,20110825,297.55,301.6,293,297.1,123558
SRGINFOTEC,20110825,0.45,0.45,0.45,0.45,181
SRHHLINDST,20110825,3.75,3.75,3.75,3.75,20
SRHHYPOLTD,20110825,38.05,44.65,38.05,40.75,620
SRICHAMUND,20110825,34,34.05,34,34,3714
SRTRANSFIN,20110825,608,612.65,587.1,592.1,295271
SSWL,20110825,250.55,261.5,250.55,254.15,4109
STAR,20110825,291.65,291.65,283.2,290,36953
STARPAPER,20110825,18,19.15,18,18.4,1082
STCINDIA,20110825,168.95,174.4,165.15,167.7,164882
STER,20110825,127.65,127.65,123.1,124.75,7635310
STERLINBIO,20110825,69,70,66.6,68.55,228182
STERTOOLS,20110825,107,109.5,107,109.5,2706
STRTECH,20110825,38.95,39.65,36.6,37.25,1431192
SUBEX,20110825,45.7,45.9,44,44.55,314992
SUDAR,20110825,89.85,94.7,85.1,85.7,341555
SUDARSCHEM,20110825,729.95,729.95,700.25,701.1,547
SUJANATOW,20110825,22.4,24.15,21.5,23.65,1281721
SUJANAUNI,20110825,4.45,4.75,4.4,4.5,27168
SUMEETINDS,20110825,28.25,28.25,27,27.6,21614
SUMMITSEC,20110825,67,70,67,68,1498
SUNCLAYTON,20110825,137.1,138,130,137.75,514
SUNDARAM,20110825,43,44.5,42.95,43.7,473720
SUNDARMFIN,20110825,527,530,520,522.95,1225
SUNDRMBRAK,20110825,151.1,154,151,151.85,252
SUNDRMFAST,20110825,60.9,62,60.3,60.65,15306
SUNFLAG,20110825,27.3,28.15,27.3,27.4,20089
SUNILHITEC,20110825,81.65,84.4,78.55,81.1,28338
SUNPHARMA,20110825,472.7,480.5,465,470.6,1479940
SUNTECK,20110825,263.05,264.5,248.2,256.15,30149
SUNTV,20110825,301.9,305.25,295,304.05,633622
SUPER,20110825,182.75,188.45,182.5,188.45,1037
SUPERSPIN,20110825,8.5,8.8,8.3,8.4,1927
SUPPETRO,20110825,72.1,73.3,72.1,72.8,6581
SUPRAJIT,20110825,17.5,18.25,16.9,17.95,82676
SUPREMEIND,20110825,219.95,222.6,215,217.85,32666
SUPREMEINF,20110825,221.25,231,218.3,224.65,9322
SURAJDIAMN,20110825,42,43.25,41.5,41.8,15261
SURANACORP,20110825,83.1,90,83,85.85,921
SURANAIND,20110825,408,411,407.5,411,13601
SURANAT&P,20110825,14.05,14.75,13,14.5,2087
SURANAVEL,20110825,33.7,36.75,33.7,34.6,1146
SURYAJYOTI,20110825,22.9,23.75,21.2,23.1,5339
SURYALAXMI,20110825,53,54.65,52.25,53.75,2103
SURYAPHARM,20110825,16.05,16.6,15.5,15.8,129071
SURYAROSNI,20110825,62.05,63.55,60.55,61.75,9659
SUTLEJTEX,20110825,164,164.7,157.3,160.85,882
SUVEN,20110825,16.45,17.2,16.45,16.75,31487
SUZLON,20110825,38.1,38.2,35.6,35.85,33231232
SWARAJENG,20110825,451.35,458.9,447.1,453.5,4645
SYMPHONY,20110825,1155.9,1198.7,1121.05,1168.85,196
SYNCOM,20110825,15.4,15.95,14.9,15.1,28793
SYNDIBANK,20110825,95.15,95.6,92.1,93.35,588965
TAINWALCHM,20110825,26,26.45,25.7,26.15,941
TAJGVK,20110825,88,88.45,86.95,87.25,6677
TAKE,20110825,31.05,32.2,31.05,31.35,3968
TALBROAUTO,20110825,43.95,43.95,42,42,17
TALWALKARS,20110825,193.7,195.5,185.2,188.1,97924
TANLA,20110825,9.85,10.3,9.7,9.75,67101
TANTIACONS,20110825,53.35,56.5,53.35,54.95,3432
TARAPUR,20110825,17.5,17.5,16.8,17,6344
TATACHEM,20110825,351.1,353.35,340.3,342.1,228500
TATACOFFEE,20110825,733.65,734.5,713,718.35,104985
TATACOMM,20110825,201,202.95,194.25,197,1235482
TATAELXSI,20110825,205.6,209.7,195,197.6,67521
TATAGLOBAL,20110825,91.9,94.45,89.05,92.15,3394184
TATAINVEST,20110825,442.95,444.95,436,437.3,1786
TATAMETALI,20110825,71,77,69.1,69.6,17754
TATAMOTORS,20110825,711.05,721.8,705.2,714.25,3461963
TATAMTRDVR,20110825,402.15,415.7,402.1,411.55,672559
TATAPOWER,20110825,1044,1057.65,1035,1045.85,702106
TATASPONGE,20110825,302,304,294,302.65,9393
TATASTEEL,20110825,456.7,460.95,441.05,443.7,9748370
TCI,20110825,83.55,83.55,79,80.3,1591
TCIDEVELOP,20110825,179.95,179.95,164,166,72
TCS,20110825,969.7,973,938,950.4,2222744
TECHM,20110825,667.45,667.45,609,618.55,231330
TECHNO,20110825,204.5,204.5,190.35,199.8,5820
TECHNOFAB,20110825,126,127.8,124,124.15,1467
TECPRO,20110825,248.1,255,248,250.05,7079
TELEDATAIT,20110825,0.3,0.35,0.25,0.3,1053849
TELEMARINE,20110825,0.6,0.7,0.6,0.7,25687
TEXMACOLTD,20110825,31.15,31.7,31.15,31.5,64838
TEXMOPIPES,20110825,42.7,42.7,39.2,39.7,122752
TEXRAIL,20110825,78,79.8,76.85,78.4,27471
TFCILTD,20110825,28.65,29.55,28.65,29.4,103914
TFL,20110825,15,15,14.5,14.65,620
THANGAMAYL,20110825,147.5,149.95,146,146.6,12119
THEMISMED,20110825,126,128.1,123.5,124.05,12
THERMAX,20110825,499.6,499.6,488,490.1,86537
THINKSOFT,20110825,35.35,36.35,33.8,34.25,26064
THIRUSUGAR,20110825,87.1,88.5,87,87.35,295
THOMASCOOK,20110825,42.75,45.5,42.35,44.4,441529
TI,20110825,38.9,39.4,37.2,37.65,61708
TIDEWATER,20110825,6699.95,6699.95,6452.2,6493.05,556
TIIL,20110825,36.25,38.95,36.25,37.8,9403
TIL,20110825,393.25,398.5,388,389.6,697
TIMBOR,20110825,35.25,35.25,33.05,33.6,20838
TIMETECHNO,20110825,67.95,68.8,67.15,67.55,31089
TIMKEN,20110825,206,208.9,201.9,202.55,63821
TINPLATE,20110825,47.45,48.5,46.5,47,12417
TIPSINDLTD,20110825,24.15,25.7,24.15,25.45,2806
TIRUMALCHM,20110825,69.7,71,68.2,70.95,2817
TITAN,20110825,209.4,212,204,206.1,1887580
TNPETRO,20110825,16.95,16.95,16.35,16.5,76000
TNPL,20110825,102.05,106.9,102.05,104.6,72014
TODAYS,20110825,5.25,5.6,5.15,5.4,4711
TORNTPHARM,20110825,594.7,594.9,583.6,585.05,28922
TORNTPOWER,20110825,218.45,218.45,210.25,216.3,41937
TRENT,20110825,1110,1119,1092.1,1099.25,2686
TRF,20110825,353,359.4,336.6,340.1,11669
TRICOM,20110825,12.85,13.1,12.5,12.75,2331
TRIDENT,20110825,11.3,11.9,11.3,11.5,17381
TRIGYN,20110825,14,14.15,13.55,13.9,2619
TRIL,20110825,225,229,221.35,223.75,1021
TRIVENI,20110825,22.2,22.2,20.85,21.25,926760
TTKHEALTH,20110825,435.55,442,426.5,430,68611
TTKPRESTIG,20110825,2594.9,2633.45,2457.55,2559.25,225308
TTL,20110825,24.5,25.9,24.5,24.7,9648
TTML,20110825,18.6,19.1,18.1,18.8,2447553
TUBEINVEST,20110825,129.8,136.5,126.9,135.35,125126
TULIP,20110825,147,156.95,140.3,146.9,412444
TULSI,20110825,12.2,12.45,12,12.25,75584
TV18BRDCST,20110825,45.4,45.4,42,43.3,315694
TVSELECT,20110825,19.5,21.35,19.5,20.05,1835
TVSMOTOR,20110825,54.75,54.75,51.5,53.4,835591
TVSSRICHAK,20110825,348.4,348.4,336,340.05,7180
TVTODAY,20110825,52.75,53.6,52,52.35,3034
TWILITAKA,20110825,31,32.4,30.3,30.35,93214
TWL,20110825,383,387.9,382.5,384.35,9109
UBENGG,20110825,55,55,52.4,52.7,8914
UBHOLDINGS,20110825,115.35,115.9,112.75,114.3,46405
UBL,20110825,441.9,445,430.25,434.95,26059
UCALFUEL,20110825,72,72.05,71.1,71.4,3021
UCOBANK,20110825,68.4,68.9,65.6,66.4,3072959
UFLEX,20110825,191.25,191.3,170.15,173.55,957848
UGARSUGAR,20110825,12.75,12.9,12.7,12.85,13729
ULTRACEMCO,20110825,1055.15,1079.25,1055.15,1068.2,294550
UMESLTD,20110825,16,17.5,16,16.9,1813
UNICHEMLAB,20110825,141.1,143.6,141.1,142.85,3743
UNIENTER,20110825,29,31,29,30.05,14851
UNIONBANK,20110825,245,248.5,236.65,244.1,501872
UNIPHOS,20110825,137.95,137.95,133,134.15,1013712
UNIPLY,20110825,11.8,11.85,11.25,11.25,627
UNITECH,20110825,26.5,26.7,25.85,26.35,20960051
UNITEDBNK,20110825,76,76.9,73.6,74.6,38907
UNITY,20110825,49.05,54.75,49.05,51.45,43074
UNIVCABLES,20110825,53.8,54,49.05,49.9,788
UPERGANGES,20110825,47.9,47.9,45.1,45.1,256
USHAMART,20110825,37.9,37.95,35.85,36.15,237906
USHERAGRO,20110825,131,131,128,129.1,160967
UTISUNDER,20110825,890,900,890,900,10
UTTAMSTL,20110825,75.3,75.3,72.2,72.9,11275
UTTAMSUGAR,20110825,29.2,29.2,26.4,26.55,7517
UTVSOF,20110825,940,941,935,937.55,5976
VADILALIND,20110825,128.65,129.7,119.7,126.2,1908
VAIBHAVGEM,20110825,35,39,35,37.8,338
VAKRANSOFT,20110825,379.85,396,379.85,392.85,17030
VALECHAENG,20110825,81.35,83.35,77.35,78.75,88938
VALUEIND,20110825,17.15,17.15,16.15,17.05,1204
VARDHACRLC,20110825,8.75,8.75,8.6,8.75,30203
VARDMNPOLY,20110825,92.5,94,89.4,91.05,61872
VARUN,20110825,241.5,244.7,240.05,242.15,97546
VARUNSHIP,20110825,19.85,20.25,19.5,19.55,37849
VASCONEQ,20110825,46.35,47,45,46.25,3480
VENKEYS,20110825,416.05,423,402.5,414.95,24637
VENUSREM,20110825,216,220,210.05,212.95,2510
VESUVIUS,20110825,365,365,358.35,358.5,101
VGUARD,20110825,216,216,199.2,203.45,41270
VICEROY,20110825,26.4,26.85,25.3,26.3,7307
VIDEOIND,20110825,183.05,186.9,180.6,183.45,675921
VIJAYABANK,20110825,58,58.4,55.6,56.3,1935543
VIJSHAN,20110825,15.3,16.65,15.3,16.65,1106
VIKASHMET,20110825,10.25,10.3,9.8,10.05,50079
VINATIORGA,20110825,64,64.5,61.25,63.1,21169
VINDHYATEL,20110825,135.8,137,135.8,136.2,262
VINYLINDIA,20110825,10.45,10.45,9.8,10.1,1914
VIPIND,20110825,839,852,815.1,830.6,693866
VIPUL,20110825,10,10.75,10,10,8135
VISAKAIND,20110825,87.3,89.8,85.25,86.6,3319
VISASTEEL,20110825,57,57.85,57,57.35,16097
VISESHINFO,20110825,5,5.5,4.6,5.3,30407
VISHALRET,20110825,25.6,25.6,24.1,24.5,8374
VISUINTL,20110825,2.2,2.2,1.9,1.95,29036
VIVIMEDLAB,20110825,252,252,246,247.7,10705
VLSFINANCE,20110825,10.5,10.55,10.2,10.45,3194
VOLTAMP,20110825,500.1,509,490,492.9,4399
VOLTAS,20110825,114.9,116.25,111.8,112.45,1002024
VSTIND,20110825,1270,1287.9,1257.05,1262.45,4497
VSTTILLERS,20110825,485.1,499,485.05,495.45,2028
VTL,20110825,180.75,180.75,175.5,177.95,3528
VTXIND,20110825,14,14,12.3,12.4,301
WABAG,20110825,388.9,388.9,383,385,45242
WABCO-TVS,20110825,1210,1230,1205,1218.7,546
WALCHANNAG,20110825,93.65,97,90.3,91.5,25642
WANBURY,20110825,24.6,25,24.15,24.2,2071
WEBELSOLAR,20110825,48.5,48.5,45.6,45.75,1938
WEIZFOREX,20110825,79,79,74.45,74.45,104
WEIZMANIND,20110825,11,11,9.8,9.95,7900
WELCORP,20110825,132,133.9,122,123.85,451523
WELGLOB,20110825,49.25,54.3,49.25,54.3,479
WELINV,20110825,46.9,46.9,43.2,43.95,136
WELPROJ,20110825,45.5,47,44,44.5,6383
WELSPUNIND,20110825,26.15,27.2,24.8,24.95,131067
WENDT,20110825,1660,1660,1611.05,1626.75,292
WHEELS,20110825,256.55,256.55,252.15,252.15,21
WHIRLPOOL,20110825,216.95,217.95,206.95,213.85,22453
WINSOME,20110825,35,35,33.25,33.25,120
WIPRO,20110825,331.8,332.9,325.25,328.2,1861202
WOCKPHARMA,20110825,394.7,396,383.8,387.05,87413
WSI,20110825,16.65,16.65,15.9,15.95,1189
WSTCSTPAPR,20110825,77.55,81.5,76.4,76.9,1963
WWIL,20110825,6.7,6.8,6.6,6.7,350011
WYETH,20110825,1007,1035,1006,1013.25,14913
XLENERGY,20110825,7.2,7.45,6.95,7,31149
XPROINDIA,20110825,50.1,52.15,50.1,51.25,5369
YESBANK,20110825,278.95,279,265.1,267.35,2097105
ZANDUREALT,20110825,1666.35,1683.75,1650,1651.6,585
ZEEL,20110825,119.5,120.5,114.85,116.5,2870486
ZEELEARN,20110825,19.3,19.35,18.55,18.6,164220
ZEENEWS,20110825,13.25,13.45,13.05,13.2,280177
ZENITHBIR,20110825,5.3,5.3,5.05,5.1,48770
ZENITHCOMP,20110825,14.6,14.85,14.2,14.75,4219
ZENSARTECH,20110825,127.75,127.8,125.05,126,1477
ZICOM,20110825,34.1,35,34.1,34.3,10220
ZODIACLOTH,20110825,338,342.25,328.1,331,198
ZUARIAGRO,20110825,638,638.9,616.55,623.7,24417
ZYDUSWELL,20110825,607,615,603,608.25,7038
ZYLOG,20110825,406.4,409.7,398,400.55,98876
NSENIFTY,20110825,4914.65,4915.85,4825.05,4839.60,184913414,7921.11
NIFTYJUNIOR,20110825,9939.85,9986.80,9786.55,9815.35,94866294,1643.61
BANKNIFTY,20110825,9393.35,9401.15,9134.95,9177.25,28813868,2165.68
NSEMIDCAP,20110825,7267.50,7289.85,7177.05,7193.15,179370940,1786.87
NSEIT,20110825,5233.10,5247.10,5069.10,5096.70,30154281,1480.42
NSE100,20110825,4846.30,4847.35,4761.90,4774.55,279779708,9564.72
NSE500,20110825,3984.10,3987.80,3921.65,3929.50,657659350,12328.99
MIDCAP50,20110825,2158.65,2164.80,2113.55,2119.60,116701495,1071.65
VIX,20110825,28.60,30.34,26.41,27.94,28.60,-0.66
