20MICRONS,20110926,55,55.8,53.55,53.95,51260
3IINFOTECH,20110926,27.2,27.2,25.85,26.25,711199
3MINDIA,20110926,4190,4250.05,4110,4215.75,673
A2ZMES,20110926,222,225.7,214.25,215.4,97513
AANJANEYA,20110926,486.7,492.2,461.2,467.35,198568
AARTIDRUGS,20110926,110.05,110.05,104,104.95,3800
AARTIIND,20110926,48.25,48.45,46,46.55,13992
AARVEEDEN,20110926,40,40,33.4,35.85,1147
ABAN,20110926,364.9,364.9,351,361,672374
ABB,20110926,756.8,756.8,711,717.15,143673
ABBOTINDIA,20110926,1465,1469.1,1410.1,1430.4,877
ABCIL,20110926,98.65,99.15,95.55,97.55,3759
ABGSHIP,20110926,383.05,404.7,372,398.25,532036
ABHISHEK,20110926,10.3,10.3,9.85,10.2,777
ABIRLANUVO,20110926,917.25,928,900,911.3,58785
ACC,20110926,1066.45,1089,1060.4,1080.8,258670
ACE,20110926,47,47,44.85,45.1,82602
ACKRUTI,20110926,189.75,189.75,182,183,7617
ACROPETAL,20110926,15.8,16.4,15.15,15.35,110969
ADANIENT,20110926,580,580,536.95,541,366441
ADANIPOWER,20110926,84.95,86.4,83.75,84.85,184257
ADFFOODS,20110926,60.15,61.35,53.55,56.55,10349
ADHUNIK,20110926,51,51.7,47.6,49.35,142066
ADORWELD,20110926,150.5,152.45,145.65,147.7,7531
ADSL,20110926,28.4,28.85,26.55,26.6,152135
ADVANIHOTR,20110926,35,35,35,35,3000
ADVANTA,20110926,397,398.8,380.4,382.9,29625
AEGISCHEM,20110926,192.5,197,189.1,193.05,9187
AFL,20110926,37.55,38.4,37.3,37.4,1167
AFTEK,20110926,11,11.1,10.6,10.95,106137
AGCNET,20110926,128.3,139.45,127,136.65,2184
AGRE,20110926,40.35,40.95,40,40.55,1168
AGRODUTCH,20110926,7.6,7.6,7,7.35,32932
AHLEAST,20110926,285,305,285,298.15,320
AHLUCONT,20110926,108.2,110.95,106.05,109.2,281
AHLWEST,20110926,159.5,159.5,152.15,157.45,936
AHMEDFORGE,20110926,104.6,104.95,102.25,102.85,3492
AIAENG,20110926,309.05,310.95,308,310,7770
AJANTPHARM,20110926,311.1,313,299,301.55,11605
AJMERA,20110926,120.1,122,117,118.85,8344
AKSHOPTFBR,20110926,6.5,6.5,5.8,6,79911
AKZOINDIA,20110926,937.55,948,930.5,939.75,9492
ALBK,20110926,162.05,162.5,155.2,161.2,637630
ALCHEM,20110926,261.6,261.8,260.6,260.9,94643
ALEMBICLTD,20110926,19.25,19.4,18.75,19.15,30179
ALFALAVAL,20110926,2205,2223.95,2195.65,2208,3261
ALKALI,20110926,39.1,39.2,38.15,38.45,4415
ALKYLAMINE,20110926,83.55,85,83.3,84,479
ALLCARGO,20110926,144.2,147.5,142.1,142.15,2190
ALLSEC,20110926,13.8,13.8,13,13.4,871
ALMONDZ,20110926,22.1,22.1,21.25,21.9,1287
ALOKTEXT,20110926,17.1,17.35,16.4,16.95,5693309
ALPA,20110926,8,8,7.7,7.95,4983
ALPHAGEO,20110926,96.9,96.9,90.3,91.75,2408
AMAR,20110926,108,109,107,107.6,43696
AMARAJABAT,20110926,208.55,208.55,201.5,204,10367
AMARJOTHI,20110926,58,58,53,55.4,181
AMBIKCO,20110926,170.3,176,169,174.5,2288
AMBUJACEM,20110926,144.55,148.9,141,147.2,1359086
AMDIND,20110926,19.05,20.45,19,19.1,11304
AMLSTEEL,20110926,13.85,13.9,13.75,13.75,77
AMRUTANJAN,20110926,787.9,787.9,746.1,754.45,39183
AMTEKAUTO,20110926,132,133.45,127.2,129.7,1177449
AMTEKINDIA,20110926,126,128.85,113.1,115.7,717961
ANANTRAJ,20110926,58,60.2,57.35,58.7,84545
ANDHRABANK,20110926,121,121.6,117.5,119.2,419235
ANDHRSUGAR,20110926,98.5,99.3,97.3,97.7,11293
ANGIND,20110926,22.3,22.3,20.95,20.95,253
ANIKINDS,20110926,34,34,32.7,32.9,633
ANSALAPI,20110926,33.55,33.55,31.5,32.5,125251
ANSALHSG,20110926,38,39,37.3,38.25,2265
APARINDS,20110926,169.95,169.95,164.1,166,6011
APCOTEXIND,20110926,175.5,175.5,161.2,168.8,335
APIL,20110926,522.05,522.05,505.25,516.3,43680
APLAB,20110926,34.15,34.9,32.35,34.9,2060
APOLLOHOSP,20110926,523,525.1,508.15,509.9,84051
APOLLOTYRE,20110926,57.8,58.35,55.5,56.35,837611
APPAPER,20110926,279,283,260.1,264.75,13493
APTECHT,20110926,115.4,119.5,113.6,115.05,824831
AQUA,20110926,14.35,14.35,13.95,14.2,78422
ARCHIES,20110926,40.45,40.5,38.4,39.6,47097
AREVAT&D,20110926,225.4,226.3,217.7,220.05,29735
ARIES,20110926,97,102.3,96.5,98.1,43184
ARIHANT,20110926,71.35,71.35,71.35,71.35,10
ARL,20110926,2.3,2.3,2.2,2.2,277091
AROGRANITE,20110926,37.55,39.65,36.6,38,242
ARROWTEX,20110926,8.85,8.85,8.4,8.5,10568
ARSHIYA,20110926,143.25,144.9,128,131.1,197499
ARSSINFRA,20110926,345,345,312.6,317.75,283109
ARVIND,20110926,94.65,98.7,90.5,97.8,5204322
ASAHIINDIA,20110926,67,67.4,64.6,65.6,7196
ASAHISONG,20110926,93.7,93.7,82.1,89.75,4012
ASAL,20110926,53.5,54.5,50.15,52.45,2021
ASHAPURMIN,20110926,15.8,16.35,15.35,15.65,18586
ASHCONIUL,20110926,2.25,2.25,2.1,2.2,11588
ASHIANA,20110926,147.5,147.5,135,137.45,3493
ASHOKA,20110926,246,246,240,244.75,599
ASHOKLEY,20110926,26.05,26.5,25.6,25.95,8357831
ASIANHOTNR,20110926,188.9,188.9,180,181.65,542
ASIANPAINT,20110926,3090.05,3122.85,3041,3081.3,26840
ASIL,20110926,2.7,2.7,2.7,2.7,8
ASSAMCO,20110926,11.25,11.25,10.7,10.8,132287
ASTEC,20110926,35.8,37.9,35.65,35.9,17332
ASTERSILI,20110926,17.7,18.25,16.9,17.15,13047
ASTRAL,20110926,202,208.8,185.15,187.25,60409
ASTRAMICRO,20110926,23.6,26.4,23.6,25.95,74752
ASTRAZEN,20110926,1244,1245,1206.6,1222,561
ATFL,20110926,410,410,400.15,404.7,2690
ATLANTA,20110926,62,62.25,59,61.8,101503
ATLASCYCLE,20110926,333,348.5,323,328.85,56243
ATNINTER,20110926,0.95,0.95,0.85,0.95,2560
ATUL,20110926,210.75,211.95,201.2,203.1,19817
AURIONPRO,20110926,145.95,145.95,135.05,135.05,515
AUROPHARMA,20110926,134,134.4,127.4,128.25,1050256
AUTOAXLES,20110926,400,421,390,390.25,861
AUTOIND,20110926,115.25,115.25,108.65,109.8,19153
AUTOLITIND,20110926,16.05,16.5,16,16.2,8367
AVENTIS,20110926,2235.05,2293,2185.2,2272.65,1418
AVTNPL,20110926,375,398,370,377.75,3619
AXIS-IT&T,20110926,107.05,110,106.5,106.5,6133
AXISBANK,20110926,1083.4,1084.4,1038.3,1056,2716021
AXISGOLD,20110926,2656.8,2656.8,2550,2588.25,3134
BAGFILMS,20110926,5.55,5.75,5.3,5.4,88011
BAJAJ-AUTO,20110926,1551,1551,1485,1509,468201
BAJAJCORP,20110926,119,119,116,116.8,6980
BAJAJELEC,20110926,180,183.8,171.9,175.2,329758
BAJAJFINSV,20110926,537.85,547,520.3,525.75,70347
BAJAJHIND,20110926,40.9,41.4,39.3,39.85,1416076
BAJAJHLDNG,20110926,735.3,735.3,726.5,729,31390
BAJFINANCE,20110926,659.8,659.8,625,637.85,4666
BALAJITELE,20110926,31,32.5,30.1,30.25,23945
BALAMINES,20110926,35,35.25,33.5,34.1,3903
BALKRISIND,20110926,184,184,170.3,176.15,11070
BALLARPUR,20110926,25.75,26.1,25.25,26,292620
BALMLAWRIE,20110926,621,621,603.55,609.45,5453
BALPHARMA,20110926,22.5,22.7,22.1,22.5,610
BALRAMCHIN,20110926,49.75,50,47.75,48.35,895536
BANARISUG,20110926,620,620,600,610,3684
BANCOINDIA,20110926,71.3,71.3,69,69.65,4090
BANG,20110926,23,24.5,21.2,22.4,1729
BANKBARODA,20110926,770,806.8,763.6,796.4,230246
BANKBEES,20110926,955,966.95,937,963.29,2506
BANKINDIA,20110926,303.85,305.9,292.4,301.45,684355
BANSWRAS,20110926,89,89.45,84,85.45,16491
BARTRONICS,20110926,52.45,56.3,52.2,52.8,221100
BASF,20110926,610,611.9,593.65,607.15,4439
BASML,20110926,69,69,59.7,60.6,1531
BATAINDIA,20110926,663.05,664.45,623.5,640.05,805794
BATLIBOI,20110926,16.1,18,16.1,17.2,3156
BAYERCROP,20110926,807,816.45,790.05,800.7,3588
BBL,20110926,701.9,710,690,700.5,3904
BBTC,20110926,412,415,399,411.05,4598
BEDMUTHA,20110926,119.8,119.8,108.45,109,15609
BEL,20110926,1525,1560,1481,1492.25,35463
BEML,20110926,468,468,437,449.5,49177
BEPL,20110926,25.85,25.9,24.5,25,8030
BERGEPAINT,20110926,103,104.8,98.3,99.95,348678
BFINVEST,20110926,53.8,53.8,52.4,53,19830
BFUTILITIE,20110926,484,489.65,460.1,472.1,464542
BGLOBAL,20110926,14.2,14.2,13.45,13.5,64305
BGRENERGY,20110926,339,339.3,319,326.1,456029
BHAGWATIHO,20110926,76,79.4,73.05,75,5902
BHAGYNAGAR,20110926,16.3,16.3,14.2,14.75,10757
BHARATFORG,20110926,274.9,297.7,267.4,274.25,272086
BHARATGEAR,20110926,47,49,45.8,47.25,14955
BHARATRAS,20110926,105,105.75,99.15,103.65,980
BHARTIARTL,20110926,376.75,385.35,368,380.9,3562657
BHARTISHIP,20110926,93.35,95.75,90,91.95,129330
BHEL,20110926,1603.7,1606.95,1575.5,1586.35,533158
BHUSANSTL,20110926,317.05,323.9,312.55,320.65,208381
BIL,20110926,47.4,52,46.3,49.5,8303
BILPOWER,20110926,79,81.4,77.2,80.3,3801
BIMETAL,20110926,257,257,241.6,246,102
BINANIIND,20110926,135,135,130,130.95,9985
BINDALAGRO,20110926,63.5,65.7,61.2,61.85,77896
BIOCON,20110926,335,335.5,328.25,333.45,117585
BIRLACORPN,20110926,323.9,324.85,319,323,2354
BIRLACOT,20110926,0.4,0.4,0.35,0.35,668249
BIRLAERIC,20110926,12.7,13,12.35,12.95,2512
BIRLAPOWER,20110926,0.7,0.7,0.65,0.65,2296806
BLBLIMITED,20110926,3.65,3.8,3.4,3.6,9308
BLISSGVS,20110926,20.9,21,19.05,19.65,39618
BLKASHYAP,20110926,10.35,10.6,9.8,10.1,304515
BLUECHIP,20110926,1,1,0.9,0.9,15596
BLUEDART,20110926,1622.1,1655.75,1600,1647.6,4179
BLUESTARCO,20110926,239.95,239.95,220,224.6,10573
BLUESTINFO,20110926,71,77.5,69,69.5,4301
BOC,20110926,299,311.7,294.05,302.4,54753
BODALCHEM,20110926,16.15,17.1,16.1,16.8,3969
BOMDYEING,20110926,356.05,361.75,343.2,349.6,309954
BOSCHLTD,20110926,7051.05,7199.9,7051.05,7104.2,1995
BPCL,20110926,660,661.55,647.6,658.7,565130
BPL,20110926,20.5,20.8,19.1,20.15,27705
BRANDHOUSE,20110926,15,15.2,14.3,14.95,13156
BRFL,20110926,265.05,282.95,265,277.5,27266
BRIGADE,20110926,67,67.45,64.5,64.95,8609
BRITANNIA,20110926,452,460,446.6,455.1,26754
BROADCAST,20110926,7.3,7.4,7.1,7.35,6948
BROOKS,20110926,26.35,26.95,26.35,26.35,74995
BSELINFRA,20110926,3.7,3.8,3.5,3.55,44218
BSL,20110926,21.5,25.5,19.5,22.35,4989
BSLGOLDETF,20110926,2750,2750,2501,2596.95,1267
BSLNIFTY,20110926,49,49.5,48,49,1065
BSTRANSCOM,20110926,90.2,92.25,89,90.1,15118
BVCL,20110926,15.1,15.1,14.5,14.55,9176
CADILAHC,20110926,811.05,815,782.1,789.75,97803
CAIRN,20110926,276,276.45,260,269.3,3487249
CALSOFT,20110926,30,30,28,28,1503
CAMBRIDGE,20110926,23,23.35,21.95,22.3,2029
CAMLIN,20110926,72,72,69,70.05,121039
CANBK,20110926,438.05,438.05,423.35,425.15,499802
CANDC,20110926,122.65,123,115.25,116.2,3042
CANFINHOME,20110926,94,96.35,92,93.95,3274
CANTABIL,20110926,27,27,26.3,26.45,9871
CARBORUNIV,20110926,305,305,292.1,294.55,5575
CAROLINFO,20110926,166,169.95,163.15,166.8,1988
CASTROL,20110926,512,512,491,494.6,74208
CCCL,20110926,20.55,21.45,19.9,20.8,25691
CCL,20110926,167,169,157.85,159.15,18158
CEATLTD,20110926,79,79.4,77,77.75,21523
CEBBCO,20110926,34.75,35.95,32.55,33.4,52651
CELEBRITY,20110926,6.6,6.7,5.65,5.85,119206
CELESTIAL,20110926,22.65,22.65,21.5,22.05,8992
CENTENKA,20110926,150,150.95,146.05,147.15,3283
CENTEXT,20110926,2.9,3,2.8,2.85,19887
CENTRALBK,20110926,99.2,103.9,98.1,102.9,583643
CENTUM,20110926,80,80,76,78,4435
CENTURYPLY,20110926,60,62,57.35,59.75,19404
CENTURYTEX,20110926,293.2,294.85,280.55,290.7,369891
CERA,20110926,187,192,185.5,189.45,1660
CESC,20110926,278,278,271.2,274.95,34850
CHAMBLFERT,20110926,98.25,100.4,95.05,95.8,4587518
CHEMFALKAL,20110926,44,45.9,42.3,42.45,949
CHEMPLAST,20110926,6,6,5.8,5.95,16275
CHENNPETRO,20110926,204.05,205.8,202.75,203.5,25498
CHESLINTEX,20110926,11.5,11.9,11,11.9,1168
CHETTINAD,20110926,490,490,470,479,35
CHOLAFIN,20110926,155.1,160,151.1,153,18243
CILNOVA,20110926,16.95,17,14.35,17,953
CIMMCO,20110926,87,87,87,87,9
CINEMAX,20110926,34.65,37.6,34.05,36.35,113464
CINEVISTA,20110926,3.2,3.25,3.2,3.2,2987
CIPLA,20110926,286.5,288.75,280.75,286.95,1029803
CLASSIC,20110926,10.15,10.3,9.6,9.65,14299
CLNINDIA,20110926,726.85,726.85,715,720.3,8664
CLUTCHAUTO,20110926,36,36,34.05,35.25,8952
CMAHENDRA,20110926,176.5,185,170,172.1,18127
CMC,20110926,830,834.85,792,802.2,5375
COALINDIA,20110926,365,365,342.1,346.5,6521673
COLPAL,20110926,987.95,987.95,962.9,967.25,20440
COMPUAGE,20110926,113.75,113.9,113.25,113.25,1189
CONCOR,20110926,937,955,915,921.55,28115
CONSOFINVT,20110926,63.45,63.45,57.3,57.5,1245
CORAL-HUB,20110926,5,5.15,4.8,4.8,2128
CORDSCABLE,20110926,32.75,33.75,31.15,31.35,5132
COREEDUTEC,20110926,285,289,283,287.75,73702
COROMANDEL,20110926,296.95,297.85,288,294.2,27887
CORPBANK,20110926,422.95,426.1,419,423.3,18603
COSMOFILMS,20110926,87,87.6,85.1,85.55,9999
COX&KINGS,20110926,204.35,206.45,192,193,191481
CPIL,20110926,268,268,258.3,260.55,19953
CREATIVEYE,20110926,5.1,6,5,5.3,62640
CRESTANI,20110926,31.1,32.5,30.05,30.5,19763
CREWBOS,20110926,37.2,38.6,35.35,35.35,122197
CRISIL,20110926,8280,8349,8138,8204.4,1767
CROMPGREAV,20110926,150.45,152.5,144,151.1,1232229
CRONIMET,20110926,98,103,96.6,98,17920
CTE,20110926,7.2,7.3,6.75,6.85,1013
CUB,20110926,44.05,44.6,43,43.15,207439
CUBEXTUB,20110926,10.35,11.25,10.35,11.25,955
CUMMINSIND,20110926,426.95,433.35,403.35,414.85,227390
CURATECH,20110926,160,160,144.05,144.05,533
CYBERTECH,20110926,11,11.45,10.95,11.25,1897
DAAWAT,20110926,45.45,46.2,43.55,44.55,25332
DABUR,20110926,102.5,103.95,100.2,101.6,582523
DALMIABEL,20110926,108,108,102.5,103.1,2592
DALMIASUG,20110926,17.3,17.4,17.05,17.15,7204
DATAMATICS,20110926,27.3,28.4,27.3,27.9,32
DBCORP,20110926,219.85,219.85,205.15,207.3,28408
DBREALTY,20110926,56,56.65,51.5,52.95,469542
DCB,20110926,46.2,46.75,44.5,46.3,2081966
DCHL,20110926,59,59.9,57.1,57.9,268311
DCM,20110926,51.4,52.1,49.8,50.55,30296
DCMSRMCONS,20110926,45,45,43.75,43.95,48338
DCW,20110926,9.1,9.1,8.75,8.8,55779
DECCANCE,20110926,144.05,145.1,144.05,145.05,155
DECOLIGHT,20110926,4.35,4.35,4.2,4.2,4265
DEEPAKFERT,20110926,158.95,167.5,152.2,165.4,70788
DEEPAKNTR,20110926,170,170,170,170,1
DEEPIND,20110926,84.05,88.5,81.5,82.65,48283
DELTACORP,20110926,102.5,103.55,96.5,100.1,8407898
DEN,20110926,56.6,62.95,56.6,61.85,828124
DENABANK,20110926,79.4,79.4,75.2,77.85,1446723
DENORA,20110926,80,82,76.05,78.05,3316
DENSO,20110926,54.2,55.75,52.2,53.5,3997
DEWANHOUS,20110926,209.55,211.5,201.4,202.45,38208
DHAMPURSUG,20110926,43,43,40.2,40.5,49751
DHANBANK,20110926,77.85,77.85,74.45,76.15,138754
DHANUKA,20110926,102.6,104.7,98.2,100.4,50491
DHARSUGAR,20110926,27,28.95,26.8,28,1521
DHUNINV,20110926,87,87,87,87,50
DIAPOWER,20110926,102.85,106,100.3,102.5,6072
DICIND,20110926,227,230.5,222.15,227.7,3382
DIGJAM,20110926,9.5,9.5,8.7,8.8,45957
DISHMAN,20110926,61.65,61.95,59.5,60.15,30667
DISHTV,20110926,76.15,78.45,75.3,77.55,3443055
DIVISLAB,20110926,722,731.5,701.9,728.95,102580
DLF,20110926,197.5,205.4,192,201.45,5247845
DLINKINDIA,20110926,20.75,21.65,20.45,20.55,7637
DOLPHINOFF,20110926,125,129.7,122,129.1,11249
DONEAR,20110926,21.6,21.6,21.6,21.6,4
DPSCLTD,20110926,1900,1900,1750,1862,141
DPTL,20110926,127,130,123,128.2,43007
DQE,20110926,40.5,40.5,36,36.5,27737
DREDGECORP,20110926,257.5,260.45,244,252.55,7816
DRREDDY,20110926,1493.85,1498,1472.05,1484.8,213862
DSKULKARNI,20110926,58.1,58.1,55.65,56.95,6656
DUNCANSIND,20110926,9.75,9.8,9.4,9.65,28706
DWARKESH,20110926,42,42,39.3,39.7,15295
DYNAMATECH,20110926,1038.95,1038.95,952.5,1027.3,895
DYNASYS,20110926,0.65,0.7,0.65,0.7,3400
EASTSILK,20110926,6.15,6.25,6,6.05,7526
ECEIND,20110926,102,102,100,101.5,138
ECLERX,20110926,685,720,685,708.1,7197
EDELWEISS,20110926,27.5,28.3,26.4,27.5,149370
EDL,20110926,92.5,93,89.6,90.85,7694
EDSERV,20110926,98.2,99.8,95.2,96,101991
EDUCOMP,20110926,215,222,212.05,218.3,1831715
EICHERMOT,20110926,1610,1634.4,1585,1608.35,19993
EIDPARRY,20110926,225,228.8,219.2,222.15,15158
EIHAHOTELS,20110926,160,171.6,156.6,159.45,33208
EIHOTEL,20110926,87,93.35,85.55,86.75,1046795
EIMCOELECO,20110926,172,185.25,170,176.05,176
EKC,20110926,72,72.75,69.55,70.8,113752
ELDERPHARM,20110926,375,379.9,365.55,370.95,29988
ELECON,20110926,71,74.15,68.95,72.95,64170
ELECTCAST,20110926,28.55,29.15,28.25,28.75,246642
ELECTHERM,20110926,118,121,112.4,113.75,12747
ELFORGE,20110926,9.05,10.8,9.05,10.8,210
ELGIEQUIP,20110926,71,72.85,69.4,70.2,60717
ELGIRUBCO,20110926,25.35,25.55,25.2,25.2,1336
ELNET,20110926,35.45,35.45,32.15,32.9,3039
EMAMIINFRA,20110926,39,39,36.95,36.95,22363
EMAMILTD,20110926,436,443.4,421,429.75,18195
EMCO,20110926,53.05,53.05,50.1,50.8,93968
EMKAY,20110926,46.15,47,46.15,47,553
EMMBI,20110926,14.1,14.75,14.1,14.25,10667
EMPEESUG,20110926,18,19.65,18,19.65,31
ENERGYDEV,20110926,36.3,36.3,33.4,35.5,8500
ENGINERSIN,20110926,256,259.7,247.3,252.35,88045
ENIL,20110926,266.7,266.7,249.5,253.2,25249
ENTEGRA,20110926,15.05,21.8,15.05,21.1,134329
EONELECT,20110926,60,60.9,57.5,58.9,8863
ERAINFRA,20110926,154.4,154.75,154.05,154.2,300990
EROSMEDIA,20110926,250.7,250.9,222.5,233.7,346971
ESABINDIA,20110926,530,534.85,507.3,517.3,5186
ESCORTS,20110926,72.15,73.65,70.05,73.05,1146561
ESL,20110926,6.85,6.85,6.4,6.5,792026
ESSAROIL,20110926,87.6,88,82.5,84.95,666277
ESSARPORTS,20110926,63,64.7,61.15,61.95,115146
ESSDEE,20110926,201.2,206,197.05,201.95,8630
ESSELPACK,20110926,36.5,37,35.1,35.75,29170
ESTER,20110926,28.95,28.95,27.3,28,46021
EUROMULTI,20110926,8,8,7.5,7.5,8551
EUROTEXIND,20110926,19.6,19.6,19.6,19.6,200
EVEREADY,20110926,39.05,40.8,35.2,36.4,933089
EVERESTIND,20110926,148.2,152.7,138.25,141.95,15592
EVERONN,20110926,408,408,383.3,390.55,777634
EXCELCROP,20110926,129.95,133.7,129.25,132.1,5911
EXCELINDUS,20110926,65,67.5,63.5,67.35,3403
EXCELINFO,20110926,13,13,11.4,11.8,28265
EXIDEIND,20110926,131.1,133.25,130,132.55,1336934
FACT,20110926,35.6,35.95,34.1,34.45,17989
FAGBEARING,20110926,1208,1240,1166.05,1188.85,999
FAME,20110926,45.2,46.8,42.5,43.55,5756
FARMAXIND,20110926,2.6,2.65,2.4,2.45,134361
FCH,20110926,145.4,146.7,136.5,140.15,45047
FCSSOFT,20110926,0.65,0.65,0.6,0.65,1017133
FDC,20110926,89.05,90.5,87.75,89,43215
FEDDERLOYD,20110926,66.7,66.7,63.1,64.15,4478
FEDERALBNK,20110926,350.3,363,350.3,357.8,252440
FIEMIND,20110926,159,160,155.25,157.2,134
FILATEX,20110926,40.05,40.05,40,40.05,1050
FINANTECH,20110926,846,846,775.1,808.75,215217
FINCABLES,20110926,38.2,39.3,37.1,37.85,38879
FINPIPE,20110926,65,65,62.6,63.45,35697
FIRSTLEASE,20110926,75.75,75.75,69.05,70.1,14443
FIRSTWIN,20110926,14.2,14.35,14.2,14.35,1214
FKONCO,20110926,118.7,118.7,111.85,117.05,14509
FMGOETZE,20110926,239,239,226.3,228.15,3933
FORTIS,20110926,132.2,134,125.85,126.7,630233
FOSECOIND,20110926,525,525,512,515.5,164
FSL,20110926,11.05,11.8,11.05,11.35,2153525
FUTUREVENT,20110926,9.15,9.4,9.15,9.35,494681
GABRIEL,20110926,40,40.6,38.25,40.05,152351
GAEL,20110926,23.95,24.3,22.6,22.65,16716
GAIL,20110926,424.35,424.35,407.05,409.8,1128910
GAL,20110926,12,12.5,11.75,12.3,117504
GALLANTT,20110926,14.5,17.25,14.5,16.95,37084
GALLISPAT,20110926,90.8,91.2,89.95,90.8,109861
GAMMNINFRA,20110926,13.9,14,13.2,13.55,44816
GAMMONIND,20110926,76.9,77.6,75.25,77.1,8710
GANDHITUBE,20110926,120.05,124,120,120.95,35
GANESHHOUC,20110926,127.15,130,120.6,124.2,3075
GANGOTRI,20110926,4.25,4.7,3.95,4.1,36358
GARDENSILK,20110926,71.1,84.8,69.15,73.2,5392
GARWALLROP,20110926,54,54,52.35,53.55,6997
GATI,20110926,54.9,55.5,51.3,52.9,157894
GAYAPROJ,20110926,144.8,145.95,139.4,139.9,20369
GDL,20110926,140.7,142,133.35,136,62941
GEECEE,20110926,32.7,32.85,32,32,825
GEINDSYS,20110926,132,136,130.1,134,1849
GEMINI,20110926,24.05,24.05,22.15,22.4,12177
GENESYS,20110926,205,205,199.05,201.05,3286
GENUSPOWER,20110926,14,14,13.2,13.7,23973
GEODESIC,20110926,53.95,53.95,49,50.1,218563
GEOJITBNPP,20110926,19.2,19.35,18.5,18.8,53406
GEOMETRIC,20110926,42.05,45.25,41.1,44.5,34706
GESHIP,20110926,251.55,253.95,241.8,249.5,182481
GHCL,20110926,37.2,37.9,36.7,37,26778
GICHSGFIN,20110926,89,89.25,84.8,86.45,91630
GILLANDERS,20110926,84.05,85.6,83.25,83.85,993
GILLETTE,20110926,2040,2054.15,1966,2018.9,2304
GINNIFILA,20110926,7.55,8.3,7.35,7.7,9973
GIPCL,20110926,78.05,81.9,78.05,81.15,15066
GISOLUTION,20110926,11.3,12.7,11.3,11.55,252
GITANJALI,20110926,351.7,351.7,339,345.9,1928941
GKB,20110926,40,40,36.2,37.15,15
GKWLIMITED,20110926,488.95,489,455.05,465,26
GLAXO,20110926,1984.4,2030,1965.05,2022.8,9960
GLENMARK,20110926,324,325.5,317.15,320.6,528042
GLFL,20110926,3.25,3.25,3,3.05,29186
GLOBALVECT,20110926,23.5,23.9,19.7,20.3,26317
GLOBOFFS,20110926,91,94,87.55,88.6,3194
GLOBUSSPR,20110926,112,112,103.1,104.6,11560
GLODYNE,20110926,367.65,385,358,370.65,268025
GLORY,20110926,3.65,3.65,3.3,3.4,89643
GMBREW,20110926,93.1,95.45,91.25,92.6,4027
GMDCLTD,20110926,170.95,178.25,170.15,172.55,119478
GMRINFRA,20110926,28.65,28.7,26.6,26.9,3108740
GNFC,20110926,90.5,90.5,87.95,88.3,105869
GOACARBON,20110926,76,78.5,75,75.2,2710
GODFRYPHLP,20110926,3590,3590,3350,3441.4,1674
GODREJCP,20110926,417,420,399,401.8,959232
GODREJIND,20110926,192.5,193.4,185.15,189.3,494815
GODREJPROP,20110926,644,644,612.6,627.75,4217
GOENKA,20110926,41.85,41.9,40.25,40.45,3410
GOKEX,20110926,87.3,87.3,82.15,83.6,952
GOKUL,20110926,87,88.3,82.35,84.3,7928
GOLDBEES,20110926,2625,2625,2481,2504,798417
GOLDENTOBC,20110926,64,64,59.85,60.1,2010
GOLDIAM,20110926,33,33.85,32.5,33.85,1137
GOLDINFRA,20110926,13.75,13.95,13.5,13.6,1794
GOLDSHARE,20110926,2564.85,2594.8,2500,2526.7,46644
GOLDTECH,20110926,7.7,8.35,7.55,7.75,10843
GPIL,20110926,134.7,134.7,121.5,126.4,38280
GPPL,20110926,65,66,63.55,64.65,37334
GRABALALK,20110926,16.5,16.5,16.3,16.45,4638
GRANULES,20110926,68,68,66,66.45,1661
GRAPHITE,20110926,77,77,74.45,74.95,12735
GRASIM,20110926,2364.4,2364.4,2262,2298.85,74135
GRAVITA,20110926,433.15,481.95,395.6,403.2,2175885
GREAVESCOT,20110926,87.35,87.5,85.1,87,13453
GREENPLY,20110926,196,198,195,196.25,2100
GREENPOWER,20110926,14.8,14.95,14.15,14.4,211037
GRINDWELL,20110926,234.05,234.05,228,232.2,2301
GRUH,20110926,500,507.95,499.05,502.35,9124
GSFC,20110926,441,442.95,418.2,427.5,60873
GSKCONS,20110926,2364.9,2364.9,2295,2306.15,1260
GSLNOVA,20110926,2.75,2.75,2.4,2.5,2504
GSPL,20110926,101,101.7,97,98.1,1549992
GSS,20110926,129,132.9,124.8,131.2,3298
GTL,20110926,62.95,64.8,59.6,60.15,3235013
GTLINFRA,20110926,12.25,12.65,11.9,12,1037422
GTNIND,20110926,14,15.45,12.25,12.8,5788
GTNTEX,20110926,12.5,13.25,12.5,12.5,1200
GTOFFSHORE,20110926,130.05,132.9,124,125.95,89411
GUFICBIO,20110926,7.15,7.15,6.65,6.7,3853
GUJALKALI,20110926,140,141.45,139,139.95,56148
GUJAPOLLO,20110926,125.6,129,122.25,124.5,4125
GUJFLUORO,20110926,538.6,540,518.1,522,70256
GUJNRECOKE,20110926,25.5,25.5,24.5,24.75,870908
GUJNREDVR,20110926,16.65,17.25,16.1,16.35,33637
GUJRATGAS,20110926,430.85,432,420,422.3,11772
GUJSIDHCEM,20110926,9,9.1,8.65,9.05,670731
GULFOILCOR,20110926,73.15,74,70.9,71.75,30643
GVKPIL,20110926,16.7,16.75,16.05,16.15,8500551
HALONIX,20110926,64,64,61.55,62.5,530
HANUNG,20110926,109.65,112.4,106.45,107.95,196694
HARITASEAT,20110926,68,71,68,71,64
HARRMALAYA,20110926,64.5,64.5,60.25,61.8,8609
HATHWAY,20110926,83.05,89,82.45,88.35,111731
HAVELLS,20110926,360.15,360.15,353.6,358.95,61886
HBLPOWER,20110926,17.2,18.25,17.2,18,51238
HBSTOCK,20110926,11.8,13.5,11.8,12.05,87
HCC,20110926,29.4,30,28.3,29,2759251
HCIL,20110926,46.6,49.4,46.5,48.8,11687
HCL-INSYS,20110926,63,66.85,63,64.4,908270
HCLTECH,20110926,390,390.15,380.4,385.7,624439
HDFC,20110926,626.8,628.8,617.7,622.35,3553539
HDFCBANK,20110926,456,457.65,439.45,450.1,6946267
HDFCMFGETF,20110926,2660.65,2660.65,2504,2616.1,20290
HDIL,20110926,101,101.4,96.35,97.5,8992596
HEG,20110926,215,218,215,217.2,7388
HEIDELBERG,20110926,36.95,36.95,34.55,36,50962
HELIOSMATH,20110926,24.1,24.2,23.1,23.95,8193
HERCULES,20110926,237.75,246.9,232.1,235.7,114739
HERITGFOOD,20110926,175,176,168.1,172,200
HEROMOTOCO,20110926,2040,2045,1953.75,1976.55,673096
HEXAWARE,20110926,75,75.5,71.75,73.45,647093
HFCL,20110926,12.15,12.15,11.2,11.3,579542
HGSL,20110926,333,333,317.45,319.55,2741
HIKAL,20110926,272.2,274.85,263.45,266.05,766
HILTON,20110926,14.5,14.55,14.5,14.5,520
HIMATSEIDE,20110926,33.6,34.35,33,33.75,7969
HINDALCO,20110926,132.35,133,124.5,128.7,13733719
HINDCOMPOS,20110926,480.05,498.95,480,480,40
HINDCOPPER,20110926,219,219,210.1,212.15,40756
HINDDORROL,20110926,42.15,43.3,40.5,41.7,196682
HINDMOTORS,20110926,13.75,13.75,12.9,13.3,115351
HINDNATGLS,20110926,188.05,189.95,182,186.35,1315
HINDOILEXP,20110926,117,118.35,102.6,107.55,1202275
HINDPETRO,20110926,373.5,374,363.05,370.1,339706
HINDUJAFO,20110926,65.3,72.5,65.3,72.5,246
HINDUJAVEN,20110926,299,307.95,294.05,305.7,2157
HINDUNILVR,20110926,331.9,331.9,324.65,328.9,1384504
HINDZINC,20110926,123.1,125.8,116.7,119,1848264
HIRECT,20110926,43.55,44,40.55,41.85,3798
HITACHIHOM,20110926,160.05,161.65,152.5,154.55,28095
HITECHGEAR,20110926,125.25,128.95,125,127.3,1175
HITECHPLAS,20110926,76.15,78.05,76.15,78.05,282
HMT,20110926,42.5,42.5,40.4,41.35,21525
HMVL,20110926,138,138,128.5,130.05,1783
HNGSNGBEES,20110926,1185,1230,1181,1185,335
HOCL,20110926,23.8,23.8,22.85,22.95,33648
HONAUT,20110926,2618.95,2619,2466.55,2503.3,291
HONDAPOWER,20110926,380,384.9,357.1,361.55,4404
HOPFL,20110926,59.65,59.65,52.35,53.8,7124
HORIZONINF,20110926,310.9,310.9,278.1,279,342
HOTELEELA,20110926,36.75,36.75,35.3,35.65,161574
HOTELRUGBY,20110926,8,8.4,7.95,8.35,57261
HOVS,20110926,59,60,55.05,59.05,52384
HSIL,20110926,171,178.35,162,165.65,153000
HTMEDIA,20110926,140.65,144.7,138.2,138.75,10761
HYDRBADIND,20110926,311,317.55,307.1,311.5,6207
IBPOW,20110926,13.95,14.1,13.3,13.5,220876
IBREALEST,20110926,75.45,75.55,71.4,73.65,2336966
IBSEC,20110926,8.6,8.75,8.35,8.45,288184
IBWSL,20110926,4.05,4.5,4.05,4.5,907144
ICICIBANK,20110926,844,874.55,833,858.05,4048977
ICIL,20110926,10.65,10.65,9.1,9.1,3
ICRA,20110926,945,972,917,932.55,2368
ICSA,20110926,66,69.95,64.2,66.4,176751
IDBI,20110926,103.95,104.45,101.1,103.7,1362623
IDEA,20110926,96.25,97.25,94.95,96.45,2311318
IDFC,20110926,110,110.6,107.7,109.05,3495539
IFBIND,20110926,116.9,117,111.1,113.15,13393
IFCI,20110926,32.25,32.45,30,30.65,13686212
IFGLREFRAC,20110926,33,34.95,31.55,32.45,4488
IGARASHI,20110926,44.25,44.25,42,43,2255
IGL,20110926,421.4,424,407,412.15,315508
IGPL,20110926,23.95,23.95,21.85,22,3415
IL&FSENGG,20110926,93.95,95.5,90,93.55,22584
IL&FSTRANS,20110926,200,201.85,195,200.05,180564
IMFA,20110926,335,335,327,335,11
IMPAL,20110926,615,625,615,621.4,294
IMPEXFERRO,20110926,7.05,7.45,7.05,7.4,2741
INDBANK,20110926,9.25,9.25,7.5,8.15,24833
INDHOTEL,20110926,70,70.3,68.4,69.4,1655646
INDIABULLS,20110926,148.3,160.9,145.1,158.85,447826
INDIACEM,20110926,72,72.15,69,69.35,808608
INDIAGLYCO,20110926,125.8,127.05,121,123.15,25904
INDIAINFO,20110926,70.6,71.05,69.2,69.7,477577
INDIANB,20110926,198,206,197.25,204.55,134887
INDIANCARD,20110926,87.65,90.1,87.65,90.1,161
INDIANHUME,20110926,121,121,114.05,114.75,2403
INDLMETER,20110926,68.25,68.25,68.25,68.25,68
INDNIPPON,20110926,186,186.5,168.65,172.7,501
INDOCO,20110926,399,399,385.8,392.1,1074
INDORAMA,20110926,35,35,32.5,33.15,10684
INDOSOLAR,20110926,9.35,9.35,8.55,9.05,171419
INDOTECH,20110926,108.1,111,107.05,110.35,4413
INDOWIND,20110926,12.7,13.6,12.55,12.85,494842
INDRAMEDCO,20110926,33.5,34.25,32.95,33.25,35894
INDSWFTLAB,20110926,85,87.5,83.5,84.45,79119
INDSWFTLTD,20110926,30.75,31,30,30.15,6028
INDTERRAIN,20110926,99,105,93.6,104.95,21
INDUSFILA,20110926,17.95,17.95,13.05,14.6,2307
INDUSINDBK,20110926,255.15,259.3,246.65,255.8,241766
INEABS,20110926,586.9,586.9,557.25,579.65,1211
INFINITE,20110926,103,103,99.35,99.35,13065
INFODRIVE,20110926,10.15,10.55,10,10.05,13274
INFOMEDIA,20110926,12.5,12.5,11,12.15,5985
INFOTECENT,20110926,115,117.8,113.85,115.85,10250
INFRABEES,20110926,262.25,263.5,257.4,258.01,381
INFY,20110926,2345,2365,2301.1,2355,818036
INGERRAND,20110926,519,519,485,504.75,6775
INGVYSYABK,20110926,287,288,275,283.15,21533
INNOIND,20110926,90.15,90.15,86.45,88.3,13820
INOXLEISUR,20110926,52,53.9,48,50.05,470135
INSECTICID,20110926,364,365.9,350.55,361.45,84302
INVENTURE,20110926,147.1,147.6,136.6,143.15,42318
IOB,20110926,95.3,97.8,92.75,93.45,416918
IOC,20110926,313.25,314.1,308.55,310,537751
IOLCP,20110926,28.2,28.55,27,28.5,3474
IOLN,20110926,6,6.45,6,6.35,5690
IPCALAB,20110926,274.9,278,261.4,271.65,99770
IPGETF,20110926,2680.65,2700.65,2500,2593.25,4232
IPRINGLTD,20110926,65.15,65.15,65.1,65.1,100
IRB,20110926,165.2,169.4,161.25,168.05,2026362
ISFT,20110926,54,56.35,53.6,55.45,2022
ISMTLTD,20110926,34.4,34.75,33.3,33.95,46935
ITC,20110926,192.9,192.9,185,188.5,6475192
ITDCEM,20110926,154,154.5,144,149.75,1228
ITI,20110926,23.2,23.2,22.5,22.6,43755
IVC,20110926,30.75,35.2,27.6,28.35,113081
IVP,20110926,48,48,45.35,46.5,2127
IVRCLAH,20110926,29,29.95,28.8,29.2,21411
IVRCLINFRA,20110926,36.9,38.5,35.75,36.5,3676821
J&KBANK,20110926,789.95,789.95,767.3,772.45,59512
JAGRAN,20110926,104,105.9,102.9,104.35,156791
JAGSNPHARM,20110926,13.1,13.15,12.3,12.35,10615
JAIBALAJI,20110926,120,120,110.5,114.3,12157
JAICORPLTD,20110926,83,83.7,78.2,80,269471
JAINSTUDIO,20110926,8.4,8.5,7.95,8.1,2656
JAMNAAUTO,20110926,110.2,116,110.2,116,576
JAYAGROGN,20110926,82.55,85.9,80.15,83.35,8449
JAYBARMARU,20110926,62,63.4,59.5,60.6,706
JAYNECOIND,20110926,18.5,21.85,18.2,20.55,749981
JAYSREETEA,20110926,133.5,135.2,132.05,132.85,12476
JBCHEPHARM,20110926,74,75,70.55,71.05,178739
JBFIND,20110926,129.4,129.8,124.25,126.35,21424
JBMA,20110926,58,60,55.55,56.3,278
JCTEL,20110926,1.25,1.25,1.25,1.25,28348
JDORGOCHEM,20110926,5.95,5.95,5.4,5.4,141
JENSONICOL,20110926,3.9,3.9,3.45,3.65,26720
JETAIRWAYS,20110926,264.9,265.95,254.45,260.35,1025554
JHS,20110926,34.1,34.1,31.75,32.75,14477
JIKIND,20110926,6.05,6.4,5.85,5.9,1684
JINDALPHOT,20110926,148.6,155.8,148.6,153.3,81744
JINDALPOLY,20110926,211.7,212.5,203.35,205.5,196356
JINDALSAW,20110926,127.1,128.6,123.6,127.6,230481
JINDALSTEL,20110926,527.6,527.6,503.8,510.75,2149630
JINDALSWHL,20110926,608,608,572.05,578.95,54455
JINDCOT,20110926,90,90,85.1,86.4,20508
JINDRILL,20110926,337,338,319,322.65,2035
JINDWORLD,20110926,127,128.3,115.2,119.95,4606
JISLJALEQS,20110926,152,154.75,140,143.2,997508
JKCEMENT,20110926,115,117.95,114.3,115.15,36376
JKIL,20110926,120.35,120.85,114.05,118.45,7606
JKLAKSHMI,20110926,41.65,41.65,40.1,41.05,35497
JKPAPER,20110926,41,41,40,40.2,32264
JKTYRE,20110926,77,77,72.65,73.6,49369
JMCPROJECT,20110926,127.3,129,126,126.3,3850
JMFINANCIL,20110926,17.6,17.7,16.6,16.9,255476
JMTAUTOLTD,20110926,68.9,68.9,60,60,2
JOCIL,20110926,285,288,271.15,276.55,2348
JPASSOCIAT,20110926,67.5,69.8,65,69.25,22541196
JPINFRATEC,20110926,45.05,45.8,44.2,44.7,393351
JPPOWER,20110926,32.1,32.75,31.2,31.75,255335
JSL,20110926,105,105,99.6,103.15,47560
JSWENERGY,20110926,56.05,56.8,53.5,55.25,524098
JSWISPAT,20110926,14.25,14.6,13.5,14.1,3629635
JSWSTEEL,20110926,631.05,635,602.1,618.6,2176665
JUBILANT,20110926,200,205.5,194.1,199.95,92594
JUBLFOOD,20110926,899.15,900,852.15,882.45,557802
JUBLINDS,20110926,183.5,187.65,178.3,182.7,12970
JUMBO,20110926,16,17.45,16,17.2,2400
JUNIORBEES,20110926,100.3,103.7,97.12,99.2,39632
JUPITER,20110926,16.5,16.5,15.75,15.95,131912
JVLAGRO,20110926,15.8,15.9,14.65,15.25,21120
JYOTHYLAB,20110926,165.5,166,162,164.8,19926
JYOTISTRUC,20110926,66,66.85,65.05,65.3,160676
KABRAEXTRU,20110926,38.75,40.3,38.5,39.85,5076
KAJARIACER,20110926,120.5,121.5,113.8,117.55,264094
KAKATCEM,20110926,70.5,70.5,68.15,69,1151
KALECONSUL,20110926,80,82,75.65,77.35,22898
KALINDEE,20110926,114.5,114.95,110.4,112,118924
KALPATPOWR,20110926,111,111,105.5,108.05,66655
KAMATHOTEL,20110926,85,88,82.4,84.2,8193
KANORICHEM,20110926,32.9,32.9,32,32.55,5789
KANSAINER,20110926,843,843,820.05,823.25,258
KARMAENG,20110926,12.9,12.9,11.5,11.6,1185
KARURKCP,20110926,30,30,30,30,25
KARURVYSYA,20110926,382.1,385.6,364.1,366.2,58722
KAUSHALYA,20110926,8.75,8.75,8,8.2,4922
KAVVERITEL,20110926,127.5,138.55,126,136.6,53666
KBIL,20110926,630,640,630,640,19
KCP,20110926,24.5,24.7,24,24.15,20090
KCPSUGIND,20110926,14.35,14.9,14.05,14.7,37039
KEC,20110926,57.05,57.8,55.2,56.65,245593
KECL,20110926,33.75,35.3,33,33.3,1046
KEI,20110926,15.9,16.5,15.45,15.65,40915
KEMROCK,20110926,532,532,501,510.4,9441
KERNEX,20110926,93,94.6,91.6,92.75,29565
KESARENT,20110926,47.1,49.5,47.1,48.1,989
KESORAMIND,20110926,128.5,130.8,124.35,127.4,11416
KEYCORPSER,20110926,49,49,45,46,3800
KFA,20110926,24.85,24.85,23.5,24,1131791
KGL,20110926,8.45,8.45,7.85,8.05,943978
KHAITANELE,20110926,94,94,90,91,455
KHAITANLTD,20110926,25.65,25.65,23.3,25.4,15
KHANDSE,20110926,15.6,19.25,15.6,18.4,1950
KICL,20110926,470.05,574.45,470.05,490.2,795
KIL,20110926,13.45,13.95,12.5,13.15,9909
KILITCH,20110926,71.9,71.9,68.25,69,4049
KINETICMOT,20110926,15.5,15.9,15.2,15.5,16817
KIRIINDUS,20110926,137,137.6,128.8,131.55,29044
KIRLOSBROS,20110926,152,154,148,150.45,10020
KIRLOSENG,20110926,139,145,135.05,143.4,54834
KIRLOSIND,20110926,288,288,271.2,272.15,324
KITPLYIND,20110926,3.5,3.65,3.45,3.65,3600
KKCL,20110926,855.35,855.35,838.25,840,2312
KLGSYSTEL,20110926,35.9,37,33.05,33.55,8287
KLRF,20110926,25.6,27.4,25.6,26.75,1605
KMSUGAR,20110926,2.95,2.95,2.65,2.75,6536
KNRCON,20110926,105.95,106,100.25,104.7,7128
KOHINOOR,20110926,47,48.5,46,47.8,87059
KOLTEPATIL,20110926,36,37,36,36.3,12878
KOPDRUGS,20110926,5.15,5.15,4.8,5,1900
KOPRAN,20110926,22,22.5,21.2,21.55,18777
KOTAKBANK,20110926,455.5,461.35,444.15,457.9,474960
KOTAKGOLD,20110926,2595,2595,2500,2532.15,177229
KOTAKNIFTY,20110926,509.8,509.8,488,488.49,1237
KOTAKPSUBK,20110926,337,339,332,332.94,883
KOTARISUG,20110926,6.45,6.5,5.9,6.15,113063
KOTHARIPET,20110926,7.25,7.45,6.85,6.9,7315
KOTHARIPRO,20110926,515,515,490.05,502.25,4464
KOUTONS,20110926,22.9,22.9,20.75,20.95,66610
KPIT,20110926,152.5,154.5,149,150.7,41193
KPRMILL,20110926,99,102,98.6,100.85,1185
KRBL,20110926,25.1,25.65,24.05,24.2,906324
KRISHNAENG,20110926,3.6,4,3.6,3.9,4835
KSBPUMPS,20110926,212.15,217.95,212.05,216.2,5059
KSCL,20110926,437,437,410,421.2,11972
KSE,20110926,207,209,190.25,209,60
KSK,20110926,103.5,103.75,102.15,102.9,94555
KSL,20110926,53,53.7,51,51.25,11547
KSOILS,20110926,11,11.25,10.55,10.65,9652350
KTIL,20110926,70.45,70.45,70.4,70.4,173
KTKBANK,20110926,97.4,97.4,84,85.85,1408016
KWALITY,20110926,166.75,167.95,166.1,166.5,553069
L&TFH,20110926,48.5,49.05,47.2,47.7,1091743
LAKPRE,20110926,40,40,38.8,39.15,783
LAKSHMIEFL,20110926,25.25,25.25,23.65,24.05,32168
LAKSHMIMIL,20110926,1744,1744,1660.1,1660.1,17
LAKSHVILAS,20110926,99,99.5,95,98.35,119305
LANCOIN,20110926,33.7,34.7,33.15,33.7,3818
LAOPALA,20110926,110.4,119.85,108,111.6,124879
LAXMIMACH,20110926,1960.25,1979.8,1919.85,1937.5,4088
LCCINFOTEC,20110926,0.55,0.55,0.55,0.55,110
LGBBROSLTD,20110926,290.15,292,287.1,288.25,6187
LIBERTSHOE,20110926,83.7,84.9,80.6,82.8,20431
LICHSGFIN,20110926,206.5,207.5,202,204.5,2132020
LIQUIDBEES,20110926,999.99,1000.01,999.99,999.99,256593
LITL,20110926,16.1,16.45,15.7,15.95,9699959
LLOYDELENG,20110926,50.5,50.5,47.35,48.65,18565
LLOYDFIN,20110926,1,1.05,0.95,1,5592
LLOYDSTEEL,20110926,13.95,14,13.25,13.4,155134
LML,20110926,9.1,9.1,8.7,8.85,134678
LOGIXMICRO,20110926,17,18,15.25,17.75,42100
LOKESHMACH,20110926,41.95,41.95,40.35,40.9,2909
LOTUSEYE,20110926,11,11,9.6,9.95,7418
LOVABLE,20110926,486.55,491.55,455,464.1,757554
LPDC,20110926,2.75,2.9,2.75,2.75,4800
LT,20110926,1454,1457,1410,1426.55,1933112
LUMAXAUTO,20110926,26.3,27,25.3,26.2,1142
LUMAXIND,20110926,366.25,375,364,369.1,32225
LUMAXTECH,20110926,172,172,161.3,169.95,1593
LUPIN,20110926,478,479,452.05,463.45,438180
LYKALABS,20110926,14.75,14.75,14.6,14.65,9961
M&M,20110926,780,780.45,759.2,771.1,1391340
M&MFIN,20110926,670,670,638.5,647.15,19041
M100,20110926,7.3,7.3,7,7.02,41997
M50,20110926,66.93,66.93,64.5,65,14242
MAANALU,20110926,50,50,50,50,1000
MADHAV,20110926,16.8,16.8,16.1,16.3,1753
MADHUCON,20110926,70.65,72.8,70.65,72.2,5960
MADRASCEM,20110926,99,101,97.65,100.1,106319
MADRASFERT,20110926,21.1,21.9,20,20.45,165180
MAGMA,20110926,73,73.5,69,70.4,76471
MAGNUM,20110926,4.6,4.6,4,4.4,6870
MAHABANK,20110926,46.8,46.8,46,46.35,90730
MAHINDFORG,20110926,62.35,63.15,61.4,61.5,25410
MAHINDUGIN,20110926,44.3,45.5,43.25,44.15,9135
MAHLIFE,20110926,298,298,286,290.3,6530
MAHSCOOTER,20110926,311.5,311.5,302.65,307.2,656
MAHSEAMLES,20110926,355,360,352.1,358.25,14899
MALUPAPER,20110926,12.2,12.75,12.15,12.25,4850
MALWACOTT,20110926,25.55,29.2,25.55,28.4,466
MANAKSIA,20110926,58,59.2,56.9,57.35,2124
MANALIPETC,20110926,11.15,11.2,10.95,11.05,64894
MANAPPURAM,20110926,53.05,54.1,52.5,53,546960
MANDHANA,20110926,214,217,203.05,214,158005
MANGALAM,20110926,13.05,14.4,13.05,13.55,13299
MANGCHEFER,20110926,31,31.25,30.05,30.45,122114
MANGLMCEM,20110926,103,107,102.6,104.5,74725
MANGTIMBER,20110926,17.25,19.25,17.25,19,4025
MANINDS,20110926,134.1,139.85,134.1,137.95,5281
MANINFRA,20110926,142.8,144.85,131.5,134.3,25046
MANJEERA,20110926,85.15,90,85.1,87.55,10
MANJUSHREE,20110926,94.75,94.75,87,90.05,20025
MANUGRAPH,20110926,47,47.75,46.65,46.7,7013
MARALOVER,20110926,11.95,13.35,11.8,13.2,4587
MARG,20110926,86.9,86.9,81.65,82.6,21450
MARICO,20110926,141,146.1,141,141.55,68281
MARKSANS,20110926,2.2,2.25,2.15,2.15,55085
MARUTI,20110926,1104,1108.8,1065,1076.8,413800
MASTEK,20110926,98.8,98.8,89.1,90,27179
MAWANASUG,20110926,17.55,17.55,16.75,17,2359
MAX,20110926,202,204.3,198.45,201.7,112250
MAXWELL,20110926,30,30.8,28.2,28.7,90625
MBECL,20110926,118.05,123.95,114.05,115.95,6693
MBLINFRA,20110926,127,133,124.1,128.25,4086
MCDHOLDING,20110926,57.3,59.5,55,56.2,4484
MCDOWELL-N,20110926,787.35,787.35,741.6,755.5,208629
MCLEODRUSS,20110926,246.75,249.4,234.35,238.35,150414
MEGASOFT,20110926,17.15,18,16.2,17.05,9010
MEGH,20110926,9.55,9.55,9.1,9.35,50054
MELSTAR,20110926,7,7,7,7,30
MERCK,20110926,629.65,639.8,620,622.95,874
MHRIL,20110926,344.95,344.95,306,308.9,5995
MIC,20110926,12.15,12.15,11.6,11.75,138614
MICROSEC,20110926,29.5,30,28.75,29.3,7847
MICROTECH,20110926,123,123,115.6,118.9,23674
MINDAIND,20110926,180,184.8,174.05,174.65,221
MINDTREE,20110926,350.05,354.35,347,347.3,54294
MIRCELECTR,20110926,19.9,20,18.3,19.05,72096
MIRZAINT,20110926,21,21.6,19.5,19.9,261126
MLL,20110926,25.4,25.45,23.9,24.1,1437227
MMFL,20110926,98.1,100.3,98.1,99.1,1959
MMFSL,20110926,92.3,96.95,88,91.95,31897
MMTC,20110926,680.1,681,651.7,660.15,6555
MOIL,20110926,291.6,291.6,284.15,285.45,93497
MONNETISPA,20110926,493.15,497.95,485.5,489.6,11202
MONSANTO,20110926,1736,1773,1671,1698.6,7697
MORARJETEX,20110926,13.5,14,13.5,13.65,2416
MOREPENLAB,20110926,3.9,3.95,3.8,3.85,96574
MOSERBAER,20110926,22.25,22.4,20.7,21.3,726848
MOTHERSUMI,20110926,184.1,188.2,180,182.95,61561
MOTILALOFS,20110926,81,82.2,79.35,81.25,6145
MOTOGENFIN,20110926,38.45,41.7,38.35,41.7,55
MPHASIS,20110926,334.95,334.95,315.3,322.5,130313
MPSLTD,20110926,35,35.55,35,35.25,2843
MRF,20110926,6709.95,6725,6505,6563.9,5262
MRO-TEK,20110926,11,11,10.35,10.45,8083
MRPL,20110926,64,64,61.5,61.95,383380
MSPL,20110926,44.5,48.5,41.75,46.85,223494
MTNL,20110926,33.4,33.4,31.15,32.5,749968
MUDRA,20110926,24.2,24.35,23.5,24.2,3583
MUKANDENGG,20110926,27.5,27.7,27,27,18081
MUKANDLTD,20110926,38.4,38.4,35,35.7,63695
MUKTAARTS,20110926,40,40.5,39.05,39.05,286
MUNDRAPORT,20110926,150.3,152.95,147.4,152.3,959586
MUNJALAU,20110926,178.9,178.9,160,163.85,3222
MUNJALSHOW,20110926,59.15,62.5,59.15,61.75,12527
MURLIIND,20110926,23,24,22,22.6,1829
MURUDCERA,20110926,18,18,16.5,16.65,4922
MUTHOOTFIN,20110926,167,168.4,158.65,162.75,271529
MVL,20110926,24,24.3,23.4,24,71602
MVLIND,20110926,12.3,13,11.95,12.5,2608
MYSOREBANK,20110926,589.1,589.1,560,572.8,1275
N100,20110926,105.5,110,103.5,105.91,1062
NAGREEKEXP,20110926,24.1,25.3,24,24.25,2735
NAHARCAP,20110926,50,51.9,48.05,49.1,705
NAHARINDUS,20110926,41.85,43.6,41.65,43.6,514
NAHARPOLY,20110926,22,23.05,22,22.15,1759
NAHARSPING,20110926,62.95,63,58.15,61.3,8058
NANDAN,20110926,2.4,2.4,2.35,2.35,58472
NATCOPHARM,20110926,236,236,226,232,47007
NATHSEED,20110926,17.1,17.15,15,15.45,36723
NATIONALUM,20110926,62.4,63.45,61.4,61.95,181269
NATNLSTEEL,20110926,16,16,15.2,15.3,13601
NAUKRI,20110926,672.9,673,633.6,662.35,4203
NAVINFLUOR,20110926,352.05,359.4,350.1,354.1,11896
NAVNETPUBL,20110926,66.65,66.7,63.1,63.9,94753
NBVENTURES,20110926,184.3,204.8,184,190.85,13980
NCC,20110926,65.3,65.5,59.8,61.4,1489977
NCLIND,20110926,37,37.55,36.35,37.2,17326
NDTV,20110926,51.5,51.9,47.35,49.6,110435
NECLIFE,20110926,22,22.5,21,21.05,51129
NELCAST,20110926,21.9,21.9,20.75,20.95,10150
NELCO,20110926,56,57.65,53.2,56.2,40424
NEOCURE,20110926,2.65,2.65,2.6,2.6,5800
NEPCMICON,20110926,3.8,3.85,3.65,3.75,28991
NESCO,20110926,572,573.4,552.65,555.1,12165
NESTLEIND,20110926,4290,4318,4180,4210,16462
NET4,20110926,144.05,145.95,135,137.75,28952
NETWORK18,20110926,90,92,89.1,91.6,18505
NEULANDLAB,20110926,88,88,88,88,50
NEXTMEDIA,20110926,5,5.1,4,4.8,80131
NEYVELILIG,20110926,81.9,82.85,79.3,80.35,89238
NFL,20110926,73.7,73.7,70.3,70.95,66113
NHPC,20110926,23.5,23.7,23.1,23.3,1782019
NICCO,20110926,2.7,2.75,2.65,2.75,16880
NIFTYBEES,20110926,497,497,487.13,493.88,162652
NIITLTD,20110926,44.6,44.6,43.15,43.6,49813
NIITTECH,20110926,205,207,200,204,32241
NILKAMAL,20110926,253.5,266,242.35,258.4,2362
NIPPOBATRY,20110926,389.25,392.5,388,390,130
NISSAN,20110926,2.25,2.3,2.1,2.25,105382
NITCO,20110926,47.35,48.5,42.65,44.55,101442
NITESHEST,20110926,17.5,17.7,16.95,17.35,104620
NITINFIRE,20110926,42.9,43.6,39.8,40.35,558070
NITINSPIN,20110926,6.65,6.85,6.5,6.55,7226
NMDC,20110926,223.85,223.85,214,218.5,335963
NOCIL,20110926,16.5,16.7,15.9,16.1,101336
NOIDATOLL,20110926,22.3,23,21.95,22.45,155832
NORBTEAEXP,20110926,5.1,5.85,5.1,5.65,4256
NORTHGATE,20110926,12.95,12.95,11.8,12.6,48497
NOVOPANIND,20110926,39.05,42,39.05,40.7,277
NRBBEARING,20110926,43,45.5,42,42.55,5230
NRC,20110926,4.5,4.5,3.65,3.8,2845
NSIL,20110926,610.25,639.75,610,625.25,404
NTPC,20110926,168.25,168.4,163,163.65,1584252
NUCHEM,20110926,3.05,3.3,2.9,3,17152
NUCLEUS,20110926,66,67.6,63.65,64.25,12094
NUMERICPW,20110926,192.05,197,183,189.35,2908
NUTEK,20110926,2.9,2.9,2.8,2.8,784484
OBEROIRLTY,20110926,220.05,223.9,219.55,221.45,146977
OCL,20110926,94,94,90.5,90.65,4160
OFSS,20110926,1919.9,1924.8,1875,1912.15,21680
OIL,20110926,1312,1325,1292,1300.3,17886
OILCOUNTUB,20110926,65.45,65.45,59.5,60.7,9142
OISL,20110926,49.5,52.5,49.5,50.1,11560
OMAXAUTO,20110926,38.3,39.15,37.1,38.35,5858
OMAXE,20110926,138.7,139.15,136.9,138.05,55412
OMKARCHEM,20110926,69.5,70.75,66.1,67.65,3218
OMMETALS,20110926,26,27,26,27,5139
OMNITECH,20110926,142,144.7,139,143.3,54513
ONGC,20110926,258,258.9,253.25,254.75,3519885
ONMOBILE,20110926,61.35,63.4,58.4,60.75,315826
ONWARDTEC,20110926,38,38,36.25,37.5,2121
OPTOCIRCUI,20110926,231.8,233.8,216.5,221,342658
ORBITCORP,20110926,34.6,34.6,32.2,33.25,215990
ORCHIDCHEM,20110926,181.75,184.4,170.5,175.3,2038611
ORIENTABRA,20110926,37.15,38.25,36.55,37.05,112728
ORIENTALTL,20110926,8.1,8.1,7.9,8.05,126
ORIENTBANK,20110926,281.65,282.8,274.55,278.3,341878
ORIENTCERA,20110926,46.5,47.95,45,47.45,341
ORIENTHOT,20110926,27.2,27.2,26.35,26.45,3870
ORIENTLTD,20110926,73.85,74.85,70.05,70.1,253
ORIENTPPR,20110926,59.05,60.95,59.05,60.2,98672
ORISSAMINE,20110926,47911,47990.45,45589.9,46327.8,1026
OSWALMIN,20110926,36.45,39.7,36.45,36.45,189
OUDHSUG,20110926,23.1,23.1,21.3,21.65,7934
PAEL,20110926,21.9,22.5,20.7,21.7,4354
PAGEIND,20110926,2670,2670,2457,2554.9,3384
PANACEABIO,20110926,128,129,125.3,126.45,3012
PANASONIC,20110926,113.25,114,107.05,108.05,114
PANCARBON,20110926,125.75,125.75,125.75,125.75,71
PANORAMUNI,20110926,11.2,11.8,11.1,11.1,6817
PANTALOONR,20110926,228.5,230.5,220,222.45,652180
PAPERPROD,20110926,77,77.95,73.6,74.4,41978
PARABDRUGS,20110926,29.2,31.05,28.15,30.8,43341
PARACABLES,20110926,3.05,3.4,2.85,3.05,67819
PARAL,20110926,228.8,234.95,221,222.15,10281
PARAPRINT,20110926,22,22.25,21,21.5,151390
PARASPETRO,20110926,0.45,0.5,0.45,0.45,17364
PARRYSUGAR,20110926,85,95,85,95,175
PARSVNATH,20110926,67.9,69.5,65.05,65.8,1538469
PATELENG,20110926,97.55,97.95,93.6,96.1,412424
PATINTLOG,20110926,31,32.2,28.8,30.35,102281
PATNI,20110926,295.3,300.1,285.25,286.6,100704
PATSPINLTD,20110926,11.5,14.75,11.5,13.95,6251
PBAINFRA,20110926,43.5,46.75,43,44.6,46054
PDPL,20110926,101.25,102.75,99,102.35,1093
PDUMJEIND,20110926,18,18,18,18,11
PDUMJEPULP,20110926,18,18,17.25,17.8,6652
PEACOCKIND,20110926,2.95,3.05,2.95,3,16905
PEARLPOLY,20110926,20.3,20.75,20.3,20.35,260
PENIND,20110926,37.5,38.5,37.35,38.5,6885
PENINLAND,20110926,43.45,43.8,42.3,43,29885
PEPL,20110926,2.4,2.65,2.4,2.4,6002
PERIATEA,20110926,128.3,137.05,128.3,133,787
PERSISTENT,20110926,295.5,304.9,295.45,300.35,9701
PETRONENGG,20110926,295,307.95,295,301.75,358
PETRONET,20110926,165.1,165.65,153.2,155.2,2826882
PFC,20110926,150.5,151.7,144,149.8,1607147
PFIZER,20110926,1365,1365,1326.5,1339.65,1278
PFOCUS,20110926,60.2,60.85,54.3,57.05,494222
PFS,20110926,15.95,16,15.15,15.65,152044
PGEL,20110926,215,484.4,176,415.3,40012115
PGHH,20110926,1928,1930,1901.1,1923.6,10915
PHILIPCARB,20110926,140.25,144.85,140.25,143.45,12171
PHOENIXLTD,20110926,215,220,206.05,211.85,12316
PIDILITIND,20110926,164.25,166.95,163,165.35,216813
PIIND,20110926,600,600,544.95,568.6,7492
PIONDIST,20110926,45,51.9,43.85,45.45,411
PIONEEREMB,20110926,12.4,12.4,11.25,11.85,4179
PIPAVAVYD,20110926,81.15,83.45,78.8,81.25,3236192
PIRGLASS,20110926,121.9,126.3,121.9,124.55,8085
PIRHEALTH,20110926,356,356,346,351.6,52160
PIRLIFE,20110926,88.5,88.75,85.55,86.4,21899
PITTILAM,20110926,47,48.35,45,46.1,8809
PLASTIBLEN,20110926,178.2,178.2,173.2,174.4,251
PLETHICO,20110926,366.6,369.3,364,367,51527
PNB,20110926,970,985,935.25,973.7,352105
PNBGILTS,20110926,24,24.3,24,24.05,22560
PNC,20110926,13.2,13.8,12.45,13,4093
POCHIRAJU,20110926,14.1,14.1,12.9,13.35,7469
POLARIND,20110926,4,4.1,3.8,4.05,3655
POLARIS,20110926,126.65,128.5,122,127,255792
POLYPLEX,20110926,185,185.3,176.05,178.35,54521
PONDYOXIDE,20110926,30.5,31.4,29.5,30,11865
POWERGRID,20110926,96.05,96.45,94.55,95.25,1057863
PPAP,20110926,83.5,89.8,81.25,84.7,521
PRADIP,20110926,68.8,69,68.05,68.65,18597
PRAENG,20110926,7.3,7.3,6.55,6.7,88480
PRAJIND,20110926,71.8,72.45,68.6,70.6,807917
PRAKASH,20110926,53.8,53.8,50.6,51.8,228701
PRAKASHSTL,20110926,124.95,124.95,121,121.55,2027
PRATIBHA,20110926,48.4,48.4,44.5,45.55,63192
PRECOT,20110926,121.85,121.85,113.35,116.85,2702
PRECWIRE,20110926,91,91,85.6,87,2903
PREMIER,20110926,88,88,80.5,82.35,3472
PRESTIGE,20110926,89.85,91.75,87.05,89.8,29137
PRETAILDVR,20110926,175,177.5,160.1,175.15,4892
PRICOL,20110926,15.65,16.5,15.25,15.5,77976
PRIMESECU,20110926,22,22,17.8,18.3,8853
PRISMCEM,20110926,41.95,41.95,40.1,40.8,99396
PRITHVI,20110926,20.75,20.75,19.25,19.7,17145
PROVOGUE,20110926,30.6,30.6,29.25,29.7,77037
PSB,20110926,66.5,66.5,63,65.4,83801
PSL,20110926,60.05,60.85,58.65,59.25,78269
PSUBNKBEES,20110926,332.5,336.5,325,334.57,691
PTC,20110926,69.25,69.75,66.25,68,364102
PTL,20110926,38.1,39.8,37.1,37.75,13403
PUNJABCHEM,20110926,70.5,71.75,66.05,71.5,267
PUNJLLOYD,20110926,54.95,54.95,52.5,53.1,5178372
PURVA,20110926,66,68,65.1,65.6,5074
PVP,20110926,5.6,5.7,5.3,5.4,35901
PVR,20110926,119.3,121.8,117,119.2,22641
QGOLDHALF,20110926,1269.95,1289.2,1235,1252.2,5278
QNIFTY,20110926,539,539,489.2,493.75,101
QUINTEGRA,20110926,3,3,2.7,2.7,34674
RADAAN,20110926,2.15,2.35,2.15,2.35,12827
RADICO,20110926,124.45,124.45,121.05,122.25,195225
RAINBOWPAP,20110926,65.6,67.8,65.55,66.6,73833
RAINCOM,20110926,27.25,27.45,25.85,26.65,64221
RAJESHEXPO,20110926,122.1,122.1,112.05,115.5,526888
RAJOIL,20110926,23.3,23.45,21.5,22.45,52027
RAJPALAYAM,20110926,213.95,213.95,200.6,203.05,185
RAJRAYON,20110926,9.7,9.85,9.5,9.7,1446
RAJSREESUG,20110926,37.05,38.5,32.8,33.95,39573
RAJTV,20110926,54.1,56.4,52.8,55.5,16711
RAJVIR,20110926,105.3,116.7,105.25,106.5,110
RALLIS,20110926,173.45,173.45,165,167.9,144715
RAMANEWS,20110926,11.95,11.95,11.2,11.35,3492
RAMCOIND,20110926,40.85,40.85,40.05,40.1,10736
RAMCOSYS,20110926,64,64,58.4,58.4,2763
RAMKY,20110926,217.05,218.85,205.3,211.1,9863
RAMSARUP,20110926,9.25,9.9,9.25,9.85,9644
RANASUG,20110926,3.95,4,3.85,3.9,227010
RANBAXY,20110926,470.4,487.2,466.25,482.45,445466
RANEENGINE,20110926,207,212.95,205,205,56
RANEHOLDIN,20110926,208,209.9,194.3,199.1,1828
RANKLIN,20110926,14,14.4,13.8,14.15,16780
RATNAMANI,20110926,103.2,105,102,102.2,1242
RAYMOND,20110926,344.4,345.25,328.2,334.65,114509
RBL,20110926,105,105.05,104.5,104.55,219
RBN,20110926,84.2,85,80.85,81.85,41754
RCF,20110926,73.3,75.3,71.65,72.35,812306
RCOM,20110926,79.4,79.5,75.6,78.1,6740761
RECLTD,20110926,172,175.85,167.5,172.05,803776
REDINGTON,20110926,94.5,95.6,90.3,91.75,71110
REFEX,20110926,13.25,14.1,13,13.65,13228
REIAGROLTD,20110926,24.85,25.1,24,24.95,176708
REISIXTEN,20110926,24.85,25.6,24.4,24.45,2344
RELAXO,20110926,386,399.75,386,394,740
RELBANK,20110926,920,920,890,914.31,83
RELCAPITAL,20110926,403,404.95,383.25,389.45,2852562
RELGOLD,20110926,2544.8,2544.8,2406,2512.3,111319
RELGRNIFTY,20110926,463.55,463.55,463.2,463.2,18
RELIANCE,20110926,769.2,770.7,747.55,759.2,6217951
RELIGARE,20110926,415.65,420,415,415.15,1191
RELIGAREGO,20110926,2660.65,2660.65,2530.15,2602.8,1140
RELINFRA,20110926,430,432.75,414.1,422.95,968311
RELMEDIA,20110926,100.3,100.65,94.55,97.35,356674
REMSONSIND,20110926,22,22.1,22,22.05,4490
RENUKA,20110926,57.05,59,54.4,55.85,4716539
REPRO,20110926,144.2,144.35,139,140.75,8197
RESPONIND,20110926,108.75,110,106.5,107.8,6621
RESURGERE,20110926,0.35,0.35,0.25,0.3,3364144
REVATHI,20110926,350.95,352.9,350.9,351.65,217
RICOAUTO,20110926,11.65,11.65,11,11.15,56082
RIIL,20110926,407,413,398,404.15,116448
RJL,20110926,89,92.9,87.1,92.05,2107
RKDL,20110926,17.45,18.25,17.45,17.8,11294
RKFORGE,20110926,105,105,101.05,101.15,16037
RMCL,20110926,5.5,5.55,4.95,5.4,20650
RML,20110926,116,118,115,118,755
ROHITFERRO,20110926,27.8,28.15,27.1,27.5,36169
ROHLTD,20110926,53.5,54.8,50.9,52.55,22810
ROLTA,20110926,93.1,96.4,91.4,93.75,787797
ROMAN,20110926,21.95,22,21.1,21.5,484
RPGLIFE,20110926,79,79.95,79,79.75,3710
RPOWER,20110926,81.85,81.85,78.65,79.95,2891447
RPPINFRA,20110926,66,67,62.1,64,5225
RSSOFTWARE,20110926,52,53.75,51.65,52.7,10346
RSWM,20110926,85.75,87.7,85.5,86.35,6281
RSYSTEMS,20110926,107.45,107.45,99,99.85,2412
RUBYMILLS,20110926,890,918.9,860,875.55,298
RUCHINFRA,20110926,17.85,17.85,16.55,17.2,17999
RUCHIRA,20110926,8.3,8.65,8,8.3,5932
RUCHISOYA,20110926,115.05,117.45,112,116.05,1652174
RUSHIL,20110926,164,186.95,162.05,185.3,1699048
SABERORGAN,20110926,123.25,126,121.1,122.85,5485
SADBHAV,20110926,130.1,138,130.1,132,6035
SAGCEM,20110926,135,144.9,135,135.5,2108
SAHPETRO,20110926,30,30,27,29.1,1803
SAIL,20110926,105.1,106,101.65,104,2312422
SAKHTISUG,20110926,27.1,27.25,26.2,26.5,31277
SAKSOFT,20110926,71,71,67.2,67.6,707
SAKUMA,20110926,13.05,13.2,12.35,12.95,495
SALONACOT,20110926,16.05,16.1,16.05,16.1,9004
SALSTEEL,20110926,5.25,5.6,5.25,5.4,15215
SAMBANDAM,20110926,84,84,68,76.2,519
SAMBHAAV,20110926,1.15,1.4,1.15,1.15,16008
SANDESH,20110926,293.9,306,265.5,269.15,2666
SANGAMIND,20110926,30.3,30.3,29.5,29.85,6138
SANGHIPOLY,20110926,1.6,1.6,1.3,1.5,23609
SANGHVIFOR,20110926,27.1,28,27.05,27.8,2743
SANGHVIMOV,20110926,124,125,118,123.75,4384
SANWARIA,20110926,17.6,20.4,17.6,20,168765
SARDAEN,20110926,136.85,140,130.1,134.6,8350
SAREGAMA,20110926,71,74,66.5,68.5,91093
SARLAPOLY,20110926,106.65,106.65,101.2,102.5,225
SASKEN,20110926,106,110.65,105.8,109.05,63308
SATHAISPAT,20110926,38,38.8,36.55,37.85,5422
SATYAMCOMP,20110926,70.95,71.6,68.7,70.75,4276016
SAVERA,20110926,36.45,40.5,36.45,36.9,30758
SB&TINTL,20110926,19.05,19.15,17.6,17.7,29358
SBBJ,20110926,403,406.55,394.05,400.65,6890
SBIGETS,20110926,2668,2678,2550,2596.85,51287
SBIN,20110926,1952.05,1970.95,1921.8,1951.35,2440174
SBT,20110926,622,622,595,602.4,7792
SCI,20110926,83.9,83.9,81.65,82.5,119160
SEAMECLTD,20110926,98.05,104.75,94.35,103.2,9248
SEINVEST,20110926,10.7,10.95,10.7,10.7,42608
SELAN,20110926,285,287,275,280.25,19115
SELMCL,20110926,12.5,12.55,11.9,12,242333
SENTINEL,20110926,14.05,14.7,14,14.15,5961
SERVALL,20110926,7,7.4,6.6,6.85,30257
SESAGOA,20110926,205.6,205.85,195.6,199.2,2634413
SESHAPAPER,20110926,202,208.95,201.25,204,35
SEZALGLASS,20110926,2.95,2.95,2.6,2.6,22740
SGFL,20110926,5.05,5.05,5.05,5.05,100
SGJHL,20110926,140,151.55,138.7,140.05,213830
SGL,20110926,4,4.1,4,4.1,350
SHAHALLOYS,20110926,9.5,10,8.55,10,893
SHALPAINTS,20110926,502,529,487.85,487.85,34768
SHANTIGEAR,20110926,41.75,41.9,40.85,41.4,101953
SHARIABEES,20110926,109.4,109.75,109.4,109.75,70
SHARRESLTD,20110926,55,58.5,53.3,55.2,52047
SHASUNPHAR,20110926,69.5,69.5,65.5,67,13126
SHILPAMED,20110926,216.15,222.45,212,220.1,6658
SHILPI,20110926,13,13.55,12.15,13,17004
SHIV-VANI,20110926,189.95,204.8,187.75,197.5,294640
SHIVAMAUTO,20110926,123,127.95,120.05,127.15,5603
SHIVTEX,20110926,25,25.9,23.1,23.65,6508
SHLAKSHMI,20110926,96,96,86.55,88.55,37934
SHOPERSTOP,20110926,365.25,370.5,353,364.05,12924
SHREEASHTA,20110926,5.8,5.95,5.45,5.7,5893773
SHREECEM,20110926,1836.8,1836.8,1740,1801.65,1235
SHREERAMA,20110926,4.75,4.75,4.5,4.55,26098
SHRENUJ,20110926,59,60,57.15,58.4,10726
SHREYAS,20110926,36.7,39.6,36.3,37.3,18737
SHRIRAMCIT,20110926,530,530,525,529.3,6677
SHRIRAMEPC,20110926,119,120,116.1,116.5,4719
SHYAMTEL,20110926,37.65,37.65,34.8,35.65,6039
SICAGEN,20110926,19.2,19.2,18.15,18.4,7524
SICAL,20110926,70,71.45,70,70.5,17342
SIEMENS,20110926,855.35,858,833,845.55,124244
SILINV,20110926,83.9,90.25,83.9,90.25,1601
SIMBHSUGAR,20110926,30,30,28.3,28.95,4002
SIMPLEX,20110926,80.1,83.95,80.1,83.5,387
SIMPLEXINF,20110926,230.1,234,224.05,226,886
SINTEX,20110926,144.85,146,138.7,140.25,1149377
SIRPAPER,20110926,45.2,48.8,45.2,47.4,3802
SITASHREE,20110926,8.05,8.5,8,8.1,3629
SIYSIL,20110926,291,295,267.1,275.35,1886
SJVN,20110926,22,22,21.6,21.7,151524
SKFINDIA,20110926,543,689.1,543,682,37464
SKMEGGPROD,20110926,7.25,7.85,7.25,7.6,4688
SKSMICRO,20110926,271.1,275,271.1,271.1,30641
SKUMARSYNF,20110926,44.5,45.75,42.2,43.75,1501591
SMARTLINK,20110926,39.15,40.5,39.15,39.95,5666
SMLISUZU,20110926,376.1,380,369.1,377,2005
SMOBILITY,20110926,100.2,100.7,98.5,99.2,57322
SMPL,20110926,7.9,8,7.15,7.3,63263
SMSPHARMA,20110926,165,172,158,166,578
SOBHA,20110926,219.55,223,214,216.6,16239
SOFTTECHGR,20110926,4.6,4.85,4.5,4.85,65
SOLARINDS,20110926,750,775,750,760.4,4688
SOMANYCERA,20110926,48,50,41.65,43.25,6721
SOMATEX,20110926,6,6,6,6,20
SONASTEER,20110926,14.85,14.85,14.3,14.65,49689
SONATSOFTW,20110926,29.85,29.85,28.25,28.6,104354
SOTL,20110926,565,565,552.15,561.6,1286
SOUISPAT,20110926,5,5.15,4.65,4.65,188793
SOUTHBANK,20110926,22.25,22.55,21.4,22.05,2586713
SPANCO,20110926,118,121.5,111,119.15,34467
SPARC,20110926,75.9,75.95,73.5,75.3,72349
SPENTEX,20110926,9.3,9.85,9.3,9.6,5202
SPIC,20110926,25.05,26,24.5,25.1,268375
SPMLINFRA,20110926,130.4,130.4,126.1,127.75,598
SPYL,20110926,21.7,22,20.25,20.4,1189
SREINFRA,20110926,32.65,33.2,31.15,32.05,1078393
SRF,20110926,313.7,316.95,305,309.65,47040
SRGINFOTEC,20110926,0.45,0.5,0.45,0.45,133867
SRHHLINDST,20110926,3.65,3.65,3.65,3.65,138
SRHHYPOLTD,20110926,39.6,39.6,38.25,38.25,285
SRICHAMUND,20110926,37.8,37.8,36,36,645
SRSLTD,20110926,34.75,34.75,33.25,33.85,700929
SRTRANSFIN,20110926,606.95,612.4,589,600.5,200424
SSWL,20110926,225.25,228.95,216.25,219.6,6630
STAR,20110926,341,347.4,331.2,335.65,77480
STARPAPER,20110926,26,26.4,23.5,25,5414
STCINDIA,20110926,161,161,143.2,152.6,65176
STER,20110926,121.6,122.15,114.6,117.4,9924443
STERLINBIO,20110926,73.25,75.4,68.6,72.35,472385
STERTOOLS,20110926,105,105.05,105,105,850
STOREONE,20110926,13.5,13.5,13.25,13.25,2980
STRTECH,20110926,38.45,38.45,36.65,37.6,336118
SUBEX,20110926,44.5,44.7,42,42.75,413658
SUDAR,20110926,71.4,71.4,67.5,68.6,81806
SUDARSCHEM,20110926,701,701,700,700,1864
SUJANATOW,20110926,27.1,27.5,25.4,25.85,774516
SUJANAUNI,20110926,4.8,4.95,4.7,4.8,41145
SUMEETINDS,20110926,26,26.15,24.8,25.4,41325
SUMMITSEC,20110926,79,79,74,78,416
SUNCLAYTON,20110926,135,137.55,129.95,132,4844
SUNDARAM,20110926,42.5,42.55,42.05,42.2,66550
SUNDARMFIN,20110926,522,527.75,515.05,525.1,5924
SUNDRMBRAK,20110926,154.85,154.85,144.45,148,355
SUNDRMFAST,20110926,60,60.95,57.35,60.5,70335
SUNFLAG,20110926,27,28,26.6,26.85,104714
SUNILHITEC,20110926,84.1,86.15,81.65,83.9,9551
SUNPHARMA,20110926,472.75,475,455.25,466.85,1314475
SUNTECK,20110926,309.85,309.85,301,304.7,7851
SUNTV,20110926,291.35,293,281,284.85,202168
SUPER,20110926,171.45,175,170,170.15,235
SUPERSPIN,20110926,8.15,8.4,8.05,8.15,5697
SUPPETRO,20110926,74,74,73,73.25,37398
SUPRAJIT,20110926,18.5,18.6,18.05,18.35,21086
SUPREMEIND,20110926,193.05,195.95,180,187.45,47800
SUPREMEINF,20110926,230,232,213.05,221.9,23106
SURAJDIAMN,20110926,47.2,47.2,43,43.85,57418
SURANACORP,20110926,96.1,96.1,91,95,605
SURANAIND,20110926,440.5,442,436,440.35,9855
SURANAT&P,20110926,14.1,14.3,14.1,14.3,352
SURANAVEL,20110926,30.05,31.95,29,31.9,640
SURYAJYOTI,20110926,22.15,22.95,21.55,22.2,8023
SURYALAXMI,20110926,59.35,60.85,58.1,58.25,2013
SURYAPHARM,20110926,15.9,16.1,15.45,15.9,45852
SURYAROSNI,20110926,62.3,63.95,58.6,60.5,7758
SUTLEJTEX,20110926,187,187,183.5,185.8,3141
SUVEN,20110926,16.55,17.2,16.2,16.45,36877
SUZLON,20110926,38.9,38.9,36.35,37.45,13795489
SWARAJENG,20110926,459,462.75,455.05,459.95,898
SYMPHONY,20110926,1283,1318.9,1166,1268.65,1587
SYNCOM,20110926,15.8,15.8,14.5,15.05,22078
SYNDIBANK,20110926,101.05,101.05,97.8,100.3,206193
TAINWALCHM,20110926,22.05,22.15,22,22.15,1120
TAJGVK,20110926,91.45,91.55,87.3,89.3,27351
TAKE,20110926,31.2,31.25,30.3,30.75,13202
TALBROAUTO,20110926,40.2,40.75,38.6,39.5,4358
TALWALKARS,20110926,176.35,196.2,176.3,179.7,523242
TANFACIND,20110926,23.5,23.75,23.25,23.25,625
TANLA,20110926,9,9.15,8.3,8.4,136234
TANTIACONS,20110926,48,49.5,48,48.7,3197
TARAPUR,20110926,18.35,19.15,18.35,18.65,5060
TATACHEM,20110926,320,325,315.05,319.1,162214
TATACOFFEE,20110926,828.75,845,803,828.5,300957
TATACOMM,20110926,192.6,192.65,187,190,142450
TATAELXSI,20110926,206,209.75,191.5,200.6,37425
TATAGLOBAL,20110926,87,87.8,84.45,86.7,884536
TATAINVEST,20110926,499,499,485,486.5,3950
TATAMETALI,20110926,77,81.5,75.1,80.1,51378
TATAMOTORS,20110926,147.5,148.5,142.25,146.75,9140562
TATAMTRDVR,20110926,87,89.4,85,88.2,2747426
TATAPOWER,20110926,101.35,101.55,92.45,96.9,3058567
TATASPONGE,20110926,298.8,301.95,292,294,6438
TATASTEEL,20110926,432,439.7,420.2,435.45,3852137
TCI,20110926,85.9,85.9,82.05,82.8,7702
TCIDEVELOP,20110926,157,170.85,157,157,186
TCIFINANCE,20110926,34.7,34.7,32,32.6,4231
TCS,20110926,996,1008,969,996.95,1694239
TDPOWERSYS,20110926,270.8,275,262,268.3,105650
TECHM,20110926,635.95,636.3,600,603.95,233965
TECHNO,20110926,220,227.2,210.5,215.4,20531
TECHNOFAB,20110926,137,137,128.05,130.9,2783
TECPRO,20110926,228.1,233,227.5,230.45,2690
TELEDATAIT,20110926,0.3,0.35,0.25,0.25,492805
TELEMARINE,20110926,0.55,0.6,0.5,0.55,43531
TEXMACOLTD,20110926,33,34.9,32.3,32.85,232722
TEXMOPIPES,20110926,38,38,35.8,36.1,45477
TEXRAIL,20110926,80.25,81,78,78.85,39204
TFCILTD,20110926,28.55,29.55,28.55,29.25,82586
TFL,20110926,15.25,15.3,14.25,14.25,555
THANGAMAYL,20110926,145,149.8,140.25,142.3,16353
THEMISMED,20110926,112.2,112.2,111.9,111.95,310
THERMAX,20110926,487.1,506,481.5,491,50804
THINKSOFT,20110926,34.35,34.8,33.8,34.15,15638
THIRUSUGAR,20110926,85.35,85.35,73,75.9,66158
THOMASCOOK,20110926,48.2,48.95,47.1,47.3,154689
TI,20110926,30.3,30.5,27.5,27.7,281280
TIDEWATER,20110926,6749.85,6749.85,6450.05,6555.2,776
TIIL,20110926,41.9,41.9,39.95,40,2405
TIL,20110926,392,398,388.05,392.6,1245
TIMESGTY,20110926,34,35.5,31,31.35,416
TIMETECHNO,20110926,67.65,67.65,64.9,64.95,26322
TIMKEN,20110926,211,212.35,203.55,207.8,99666
TINPLATE,20110926,47,47.4,45.05,45.95,39274
TIPSINDLTD,20110926,27.5,28.7,27.15,28.1,4070
TIRUMALCHM,20110926,71.5,71.5,71.3,71.35,1974
TITAN,20110926,223.85,223.9,205.1,207.25,6890338
TNPETRO,20110926,14.8,15.65,14.4,15.4,47366
TNPL,20110926,101,102,98.15,99.4,76713
TODAYS,20110926,5.6,5.6,5.1,5.3,1570
TOKYOPLAST,20110926,15.5,15.5,15.5,15.5,30
TORNTPHARM,20110926,575,578.95,548,555.5,32003
TORNTPOWER,20110926,222.4,225,213.25,214.2,43510
TREEHOUSE,20110926,176.8,180.5,166.05,172.2,1368497
TRENT,20110926,1090,1095,1050.3,1060.15,32182
TRF,20110926,339.55,339.55,320.25,328.4,11184
TRICOM,20110926,11.9,11.9,11.5,11.5,7716
TRIDENT,20110926,12.5,12.5,11.5,11.9,64987
TRIGYN,20110926,12.5,13,12.25,12.95,769
TRIL,20110926,224,225,212.6,214.5,5677
TRIVENI,20110926,22.5,22.7,21.6,22.1,268147
TTKHEALTH,20110926,483.05,487.95,463.05,467.2,40107
TTKPRESTIG,20110926,2631.1,2640,2505,2560.45,108697
TTL,20110926,24.3,24.9,23.05,23.5,14793
TTML,20110926,17.25,18.35,16.85,17.9,2918918
TUBEINVEST,20110926,141.95,141.95,131.6,139.6,52714
TULIP,20110926,155.85,155.9,151.5,152.65,47454
TULSI,20110926,12,12,11.3,11.55,37564
TULSYAN,20110926,40,40,37.85,37.95,301
TV18BRDCST,20110926,40.1,40.4,39,39.9,92066
TVSELECT,20110926,19.8,19.8,18.9,18.95,2646
TVSMOTOR,20110926,61.5,61.5,56.45,58.35,1284278
TVSSRICHAK,20110926,375.9,375.9,358,374.9,928
TVTODAY,20110926,51.1,52.85,51.1,51.85,13305
TWILITAKA,20110926,39.75,40.7,37.55,37.65,32535
TWL,20110926,390,402,390,399.3,18402
UBENGG,20110926,50.4,54.45,49.3,51.85,48011
UBHOLDINGS,20110926,114.1,116.8,110.35,113.9,44445
UBL,20110926,390.15,396.9,376,387.3,43463
UCALFUEL,20110926,74,76.95,72,72.8,15214
UCOBANK,20110926,64.55,66.4,63.2,65.35,1319185
UFLEX,20110926,152.55,152.6,139.35,140.6,686583
UGARSUGAR,20110926,13,13.2,12.75,13,14085
ULTRACEMCO,20110926,1146,1169.75,1125.1,1137.6,76462
UMESLTD,20110926,17,17.6,16.05,17.4,3263
UNICHEMLAB,20110926,145.7,145.7,139.6,140.9,5824
UNIENTER,20110926,28.3,28.8,27.5,27.75,858
UNIONBANK,20110926,245,251.9,239.5,250,898722
UNIPHOS,20110926,146,146.7,138.5,140.6,1270922
UNIPLY,20110926,11.25,14,11,12.2,9656
UNITECH,20110926,27.5,27.5,26.3,26.6,19504799
UNITEDBNK,20110926,77.25,78.35,73.9,74.5,41711
UNITEDTEA,20110926,135.9,135.9,135.9,135.9,60
UNITY,20110926,45.05,48.5,45.05,47.05,26348
UNIVCABLES,20110926,50,51.85,48.5,50,1459
UPERGANGES,20110926,50.9,50.9,45.05,45.75,1591
USHAMART,20110926,35.8,37.9,32.25,33.45,185428
USHERAGRO,20110926,123.25,124.85,121,121.6,206487
UTISUNDER,20110926,947,1039.85,900.1,900.47,59
UTTAMSTL,20110926,74.05,75.7,71.3,73.4,14867
UTTAMSUGAR,20110926,28.6,31,27.6,28.4,7775
UTVSOF,20110926,957,968,957,960,40006
VADILALIND,20110926,123,129.45,122,127.9,445
VAIBHAVGEM,20110926,35.8,35.8,33,34,2724
VAKRANSOFT,20110926,366,366,348,350,33801
VALECHAENG,20110926,77,77,73.1,73.6,23725
VALUEIND,20110926,17.3,17.3,16.65,16.7,6886
VARDHACRLC,20110926,9.2,9.2,9,9.1,73756
VARDMNPOLY,20110926,100,105.95,100,104.7,42175
VARUN,20110926,259.5,263.1,248,254.55,193466
VARUNSHIP,20110926,20,20.2,19.6,19.8,31181
VASCONEQ,20110926,45.15,45.9,43.6,44.1,3492
VENKEYS,20110926,403.9,413.3,395,397.2,50531
VENUSREM,20110926,202.05,206.9,198.1,202.1,2412
VESUVIUS,20110926,380,394,380,391.2,17463
VGUARD,20110926,216,220.4,207.65,210.1,70181
VHL,20110926,364,403,364,392.8,155
VICEROY,20110926,25,25.35,23.8,24,36135
VIDEOIND,20110926,175,175.9,168.65,173,429434
VIJAYABANK,20110926,55.1,55.4,53.05,54.6,1962808
VIJSHAN,20110926,16.1,17.25,16.1,17.25,774
VIKASHMET,20110926,10.35,10.6,10,10.05,39314
VIMTALABS,20110926,24.75,24.75,21.85,21.9,74055
VINATIORGA,20110926,68.4,68.9,65.6,67.2,13115
VINYLINDIA,20110926,9.6,9.9,9.05,9.55,14121
VIPIND,20110926,986.85,992,922.25,952.45,974597
VIPUL,20110926,10.5,10.5,9.8,10.35,4877
VISAKAIND,20110926,90.65,92.3,88.1,88.4,5388
VISASTEEL,20110926,58.5,58.75,55.25,58.5,28277
VISESHINFO,20110926,3.75,3.75,3.4,3.5,21435
VISHALRET,20110926,23.15,25,23,23.15,28873
VISUINTL,20110926,2.05,2.2,2,2.15,6166
VIVIMEDLAB,20110926,248,248,231.2,238.3,31707
VLSFINANCE,20110926,11,11.25,10.8,10.9,10557
VOLTAMP,20110926,503,507.5,491,500.35,4485
VOLTAS,20110926,117,119.35,115.35,117.75,417085
VSTIND,20110926,1396.95,1396.95,1330.6,1376.25,9110
VSTTILLERS,20110926,509,524,500.1,522.9,835
VTL,20110926,195,195,189,191.1,26069
VTXIND,20110926,12.6,13.95,12.6,13.55,620
WABAG,20110926,389.9,390.15,372,374.6,18832
WABCOINDIA,20110926,1328.8,1328.8,1300,1304,1276
WALCHANNAG,20110926,93,95.45,90.7,92.25,25877
WANBURY,20110926,25.15,25.4,23.5,23.6,12196
WEBELSOLAR,20110926,39,40.2,38.1,38.35,5973
WEIZFOREX,20110926,78,78,75.55,77,224
WEIZMANIND,20110926,9.15,9.15,8.4,8.65,6072
WELCORP,20110926,117,117.5,110,112.55,473454
WELGLOB,20110926,45.5,45.5,45.5,45.5,5
WELINV,20110926,47.15,52.95,43.8,48.55,677
WELPROJ,20110926,42.6,43.5,41.6,41.9,5537
WENDT,20110926,1580,1635,1580,1605.25,129
WHEELS,20110926,253.35,253.35,246.15,248.8,870
WHIRLPOOL,20110926,218,220,208.1,214.4,30705
WILLAMAGOR,20110926,48.75,49,45.15,46.95,1678
WINDMACHIN,20110926,22.65,23.95,22.4,22.6,6890
WINSOME,20110926,25.3,27.8,25.2,26,5904
WIPRO,20110926,340.35,346.5,337.2,340.05,1651135
WOCKPHARMA,20110926,386.5,388.9,375,387.55,110470
WSI,20110926,18.5,18.5,16.7,16.7,737
WSTCSTPAPR,20110926,70.5,73,69,70.25,9805
WWIL,20110926,6.8,6.9,6.6,6.75,553018
WYETH,20110926,975,985,969,971.4,1194
XLENERGY,20110926,7.5,7.5,7,7.25,18464
XPROINDIA,20110926,53.5,53.5,52,52.3,3721
YESBANK,20110926,268.2,269.25,256,262.3,3153954
ZANDUREALT,20110926,2113,2125,1891,1938.65,18234
ZEEL,20110926,113.9,116,111.3,112.8,1051100
ZEELEARN,20110926,18.7,19.4,18.5,18.7,268117
ZEENEWS,20110926,12.15,12.55,12,12.15,183595
ZENITHBIR,20110926,4.85,4.85,4.75,4.75,84696
ZENITHCOMP,20110926,14.95,14.95,13.55,14.15,2992
ZENITHINFO,20110926,190.15,190.15,183,186.3,517
ZENSARTECH,20110926,125.9,125.9,118.5,120.15,4375
ZICOM,20110926,35.3,36.75,34.75,35,18318
ZODIACLOTH,20110926,379,379,360,371.2,1117
ZODJRDMKJ,20110926,23.05,23.05,23.05,23.05,500
ZUARIAGRO,20110926,595,595,554,559.6,3675
ZYDUSWELL,20110926,560,564,545.2,549.6,7525
ZYLOG,20110926,412,416.2,401,407,48995
NSENIFTY,20110926,4878.60,4879.80,4758.85,4835.40,156079487,5475.64
NIFTYJUNIOR,20110926,9894.70,9918.05,9637.20,9748.35,78974975,1255.68
BANKNIFTY,20110926,9373.95,9467.75,9165.80,9384.50,20996130,1578.80
NSEMIDCAP,20110926,7186.25,7200.90,7005.30,7071.95,123959594,1218.68
NSEIT,20110926,5385.20,5415.45,5278.50,5387.65,13716165,567.09
NSE100,20110926,4813.00,4813.00,4694.25,4765.60,235054462,6731.32
NSE500,20110926,3957.95,3957.95,3860.55,3914.80,453396699,8642.25
MIDCAP50,20110926,2149.35,2154.45,2079.10,2104.75,85126375,815.14
VIX,20110926,35.16,38.19,34.47,35.43,35.16,0.27
