20MICRONS,20110628,46.85,48,46.65,47.6,8586
3IINFOTECH,20110628,44.45,45.5,44.3,44.85,762244
3MINDIA,20110628,4049,4049,3900,3998.05,236
A2ZMES,20110628,243,247.95,238.55,244.9,345824
AANJANEYA,20110628,392.5,401.4,363,368.65,1849485
AARTIDRUGS,20110628,126,129.95,126,128.5,3797
AARTIIND,20110628,47.95,48.55,47.6,48.4,11818
AARVEEDEN,20110628,50.2,52.95,50.2,51.7,502
ABAN,20110628,521,522.95,511,519.7,509967
ABB,20110628,848.05,876.25,843.15,870.85,136060
ABBOTINDIA,20110628,1460,1480,1450.2,1460.45,684
ABCIL,20110628,126.5,126.5,121.05,122.35,4725
ABGSHIP,20110628,350.55,369.8,350.55,361.7,3382199
ABHISHEK,20110628,13.4,13.75,13.4,13.6,4638
ABIRLANUVO,20110628,893.5,904.7,890,895.45,72561
ACC,20110628,984.9,984.9,960.3,962.3,191706
ACE,20110628,47.8,47.8,46.5,46.85,278379
ACKRUTI,20110628,190.25,193.8,189,189.9,2779
ACROPETAL,20110628,19.05,19.2,17.55,17.65,711978
ADANIENT,20110628,703.75,707,695,699.6,534594
ADANIPOWER,20110628,110,111.9,109.15,109.95,655796
ADFFOODS,20110628,68.9,70,66.1,68.7,22172
ADHUNIK,20110628,75.25,76.25,74.4,74.95,24492
ADORWELD,20110628,170,171.95,169.1,169.55,1123
ADSL,20110628,42,42.7,41,41.8,113247
ADVANIHOTR,20110628,36,36,36,36,100
ADVANTA,20110628,247.1,254,243.05,243.95,99553
AEGISCHEM,20110628,236.9,236.9,225.5,228.3,86872
AFL,20110628,41.75,41.75,41.7,41.75,1379
AFTEK,20110628,14.5,14.75,13.9,14,242590
AGCNET,20110628,162,166.4,157,166.05,1399
AGRE,20110628,46.1,48.75,46.1,47.75,6350
AGRODUTCH,20110628,10.7,11.15,10.6,10.7,24672
AHLEAST,20110628,297.35,305,295,300,808
AHLUCONT,20110628,106,108.5,105.1,106.1,14028
AHLWEST,20110628,186.2,194.45,186.2,193.2,425
AHMEDFORGE,20110628,119.7,119.7,116.3,117.45,19434
AIAENG,20110628,363,386,356.55,376.8,37623
AJANTPHARM,20110628,301,312,301,305.35,31664
AJMERA,20110628,148.95,148.95,144.55,145.25,10672
AKSHOPTFBR,20110628,6.9,7.05,6.6,6.95,111416
AKZOINDIA,20110628,905,905,895,897.55,6456
ALBK,20110628,201,202.6,195.2,196.75,459164
ALCHEM,20110628,231,231,228.85,229.85,166974
ALEMBICLTD,20110628,18.7,18.75,18.4,18.55,23641
ALFALAVAL,20110628,1500,1500,1484.45,1486.15,482
ALKALI,20110628,50.55,51.9,50.55,50.8,11585
ALKYLAMINE,20110628,80,83,80,83,150
ALLCARGO,20110628,165,165.9,159.05,159.7,4318
ALLSEC,20110628,18,18.65,17.55,18.2,4762
ALMONDZ,20110628,27.05,28.9,27,27.05,809
ALOKTEXT,20110628,25.3,25.5,24.9,25.1,4913420
ALPA,20110628,10.1,10.25,10,10.2,1117
ALPHAGEO,20110628,101,102.4,99.75,101,1040
ALPSINDUS,20110628,3.55,3.6,3.55,3.55,3054
AMAR,20110628,101.5,102.4,100,101.55,144068
AMARAJABAT,20110628,221,223.5,218.3,221.05,35319
AMARJOTHI,20110628,63,64.2,63,63,300
AMBIKCO,20110628,171.55,174.95,170.1,171.95,1505
AMBUJACEM,20110628,132.05,133,129.55,131.65,890846
AMDIND,20110628,16.4,17,16.4,16.9,3677
AMLSTEEL,20110628,14.95,15.9,14.85,15.75,152
AMRUTANJAN,20110628,717.55,724,713.35,715.15,22173
AMTEKAUTO,20110628,161.7,166,157.7,161.3,480167
AMTEKINDIA,20110628,84.45,86.9,83.1,85.1,1488051
ANANTRAJ,20110628,62.2,62.2,60,60.2,147559
ANDHRABANK,20110628,135.6,136.4,132.5,134,800388
ANDHRACEMT,20110628,11,11.25,10.75,11.1,33169
ANDHRSUGAR,20110628,91.95,93.5,91.95,92.55,6850
ANGIND,20110628,24.3,24.3,22.45,23,2301
ANIKINDS,20110628,37,38,37,37.45,853
ANKURDRUGS,20110628,42,44.1,40.55,43.05,256827
ANSALAPI,20110628,40.8,41.9,39.55,41.15,184737
ANSALHSG,20110628,44.4,44.4,40.55,41.1,7655
ANTGRAPHIC,20110628,0.25,0.3,0.25,0.25,144096
APARINDS,20110628,233.9,233.9,230,231.95,15425
APCOTEXIND,20110628,172,172.7,167.2,168,187
APIL,20110628,521.8,535,517,532.25,166732
APOLLOHOSP,20110628,475.8,492,472,483.4,36878
APOLLOTYRE,20110628,76.9,79.1,76.7,78.6,5958491
APPAPER,20110628,361.05,372.95,361.05,369.9,98699
APTECHT,20110628,90.1,92.3,89.8,90.8,219817
AQUA,20110628,15.8,16.2,15.55,15.9,157438
ARCHIDPLY,20110628,13,13.45,13,13.1,1250
ARCHIES,20110628,39.5,39.65,38.5,38.55,24946
AREVAT&D,20110628,257,257,248.95,250.25,26892
ARIES,20110628,100.3,102.45,98.5,100.25,3591
ARIHANT,20110628,57.05,60,56.05,58.9,2588
ARL,20110628,2.35,2.35,2.3,2.3,56047
AROGRANITE,20110628,38,44.95,38,39.85,876
ARROWTEX,20110628,14.7,15,14,14.6,21399
ARSHIYA,20110628,152.65,162.85,148.1,158,28920
ARSSINFRA,20110628,445.2,449,436,440.05,214051
ARVIND,20110628,76.8,79.55,76.6,79.05,2065977
ASAHIINDIA,20110628,78.5,79,77,77.8,8555
ASAL,20110628,62.5,63.85,61.5,62.8,7823
ASHAPURMIN,20110628,19.65,19.65,18.7,18.95,25260
ASHCONIUL,20110628,2.75,2.8,2.7,2.8,7410
ASHOKA,20110628,244,257,244,256.8,1027
ASHOKLEY,20110628,49.25,49.95,48.5,49.15,3370647
ASIANELEC,20110628,10.05,10.05,9.75,9.95,25773
ASIANHOTNR,20110628,207,207.6,202.2,204.9,930
ASIANPAINT,20110628,3119,3181.9,3091.25,3160.9,116189
ASIANTILES,20110628,45.6,45.6,45,45,1302
ASSAMCO,20110628,15.05,15.1,14.85,14.9,181633
ASTEC,20110628,41.5,41.55,40.8,40.85,9813
ASTERSILI,20110628,22.65,22.65,21.6,22.35,8093
ASTRAL,20110628,181.15,183.95,181.1,182.05,15028
ASTRAMICRO,20110628,27.6,27.75,26.4,26.55,57101
ASTRAZEN,20110628,1272.45,1309.85,1272.4,1286.05,176
ATFL,20110628,372.15,375.3,363.2,367.5,2714
ATLANTA,20110628,74.5,75.85,74.4,75.65,155312
ATLASCYCLE,20110628,258.9,271.8,257.8,262,149975
ATNINTER,20110628,1.1,1.15,1.05,1.15,19460
ATUL,20110628,187,194,185,190.35,24816
AURIONPRO,20110628,167,169,167,169,100
AUROPHARMA,20110628,175.7,176,170,174.85,392939
AUSTRAL,20110628,2.65,2.75,2.65,2.7,310553
AUTOAXLES,20110628,428,432,420.1,430.95,6521
AUTOIND,20110628,168.85,172,161,164.35,146352
AUTOLITIND,20110628,20.3,21.8,20.1,21,22121
AVANTI,20110628,36.95,36.95,36.95,36.95,1
AVENTIS,20110628,2063,2174.75,2006,2103.2,5377
AVTNPL,20110628,275,290,270.2,274,224032
AXIS-IT&T,20110628,81.3,91.8,79.1,88.85,420785
AXISBANK,20110628,1311.05,1312.1,1290.25,1302.9,1376817
AXISGOLD,20110628,2203.95,2203.95,2180.1,2197.85,133
BAGFILMS,20110628,6.95,6.95,6.7,6.85,87654
BAJAJ-AUTO,20110628,1389.7,1425.25,1380.05,1420.1,269656
BAJAJCORP,20110628,114.25,118,114.25,117,8975
BAJAJELEC,20110628,249.8,256.5,244,253.7,151951
BAJAJFINSV,20110628,526.9,529.95,516,518.35,131920
BAJAJHIND,20110628,66.45,67.45,66,66.8,476312
BAJAJHLDNG,20110628,742,781,742,774.9,158370
BAJFINANCE,20110628,590.2,611.5,590.2,605.5,10364
BALAJITELE,20110628,32.15,32.8,31.75,32.25,40393
BALAMINES,20110628,38.5,38.5,37.2,37.45,8935
BALKRISIND,20110628,151,155.5,150,154.45,88323
BALLARPUR,20110628,31.35,31.75,31.05,31.15,261910
BALMLAWRIE,20110628,584.8,598,584.8,595.45,10686
BALPHARMA,20110628,27.3,27.3,26.7,26.7,1131
BALRAMCHIN,20110628,59.7,60.5,59.2,59.9,620578
BANARISUG,20110628,545.05,555,545,549.95,65
BANCOINDIA,20110628,70.5,72,69,70.95,19427
BANG,20110628,34.65,34.65,32.5,32.55,4878
BANKBARODA,20110628,887.05,895.05,869,875.1,204210
BANKBEES,20110628,1112.9,1117.5,1104,1114.02,534
BANKINDIA,20110628,424,425.85,409.6,413.9,832977
BANSWRAS,20110628,130,131,126.2,127.9,136
BARTRONICS,20110628,61.05,61.9,60.55,60.75,91753
BASF,20110628,582,624,578,601.7,32980
BASML,20110628,84.85,84.85,78.15,79,813
BATAINDIA,20110628,541.6,543.7,531.15,536.3,299889
BATLIBOI,20110628,20.05,22,20.05,21.15,1867
BAYERCROP,20110628,846,849.7,825,845.85,7287
BBL,20110628,885,889,865.55,870.1,4200
BBTC,20110628,406,406,392.35,396.6,3712
BECREL,20110628,10,10.7,10,10.7,463
BEDMUTHA,20110628,119,121.2,116,116.1,171422
BEL,20110628,1569,1594,1560,1590.6,38926
BELLCERATL,20110628,14,14.75,13.6,14.6,333
BEML,20110628,580,586.65,579,583.5,38689
BEPL,20110628,29.15,30.2,29.15,30,4050
BERGEPAINT,20110628,101.35,101.5,99.1,100.35,84684
BFINVEST,20110628,63.5,64.9,62,63.05,3569
BFUTILITIE,20110628,684,697,676.1,692.6,239246
BGRENERGY,20110628,452,459.3,446.3,451.95,195280
BHAGWATIHO,20110628,106.5,112,105,107.5,212875
BHAGYNAGAR,20110628,16.45,17.35,16.45,17,31494
BHARATFORG,20110628,308,311,306.05,307.5,205916
BHARATGEAR,20110628,57.95,57.95,55,55.95,3321
BHARATRAS,20110628,101.6,101.6,101.2,101.6,356
BHARTIARTL,20110628,396.8,404.95,396.25,400.3,9660772
BHARTISHIP,20110628,127.1,128.9,126.1,127.15,62133
BHEL,20110628,1976.35,2009.9,1970,2003.6,586126
BHUSANSTL,20110628,449,453.8,436,436.85,343240
BIL,20110628,52.5,53.5,52,53.15,3469
BILENERGY,20110628,23.75,27.05,23.75,25.7,76927
BILPOWER,20110628,93,95.9,93,94.45,2679
BIMETAL,20110628,300,302.95,295,299.95,379
BINANIIND,20110628,171.6,173.95,166,167.6,34815
BINDALAGRO,20110628,90.6,91.8,90.4,91.2,340489
BIOCON,20110628,361,361,350.65,353.95,148372
BIRLACORPN,20110628,333.35,337.45,331.5,334.65,2406
BIRLACOT,20110628,0.45,0.5,0.4,0.4,21679285
BIRLAERIC,20110628,14.95,15.3,14.65,14.65,4050
BIRLAMONEY,20110628,20,20.85,19.3,19.9,8024
BIRLAPOWER,20110628,0.85,0.9,0.85,0.85,1419947
BLBLIMITED,20110628,4.55,4.65,4.45,4.5,5701
BLISSGVS,20110628,21.9,21.9,19.2,21.55,12384
BLKASHYAP,20110628,19.25,19.5,18.85,19,61686
BLUECHIP,20110628,1.2,1.2,1.1,1.1,34639
BLUECOAST,20110628,160.25,160.25,160.25,160.25,1
BLUEDART,20110628,1355,1375,1350.1,1359.75,1872
BLUESTARCO,20110628,296,297.95,291,294.85,19581
BLUESTINFO,20110628,87,88,86.75,87.65,1151
BOC,20110628,273.25,280,273.25,279.05,3666
BOMDYEING,20110628,350.7,353.6,345.45,347.7,263587
BOSCHLTD,20110628,7009,7009,6860.05,6956.25,5997
BPCL,20110628,666.9,669.65,649,651.75,511812
BPL,20110628,23.65,23.85,22.85,23.1,17355
BRANDHOUSE,20110628,20.3,20.65,19.7,19.8,52848
BRFL,20110628,286.5,287,285,285.45,66415
BRIGADE,20110628,74.35,74.35,71.35,71.85,28274
BRITANNIA,20110628,470,473,465,467.9,22232
BROADCAST,20110628,10.5,10.5,9.8,10.2,1567
BSELINFRA,20110628,4.85,4.95,4.7,4.85,51394
BSL,20110628,23.4,25,22.8,23.5,1813
BSLGOLDETF,20110628,2207,2235,2207,2225,101
BSTRANSCOM,20110628,120.8,123,117.35,118.75,11049
BURNPUR,20110628,7.1,7.25,7.05,7.15,7374
BVCL,20110628,17.25,17.25,16.5,16.65,1278
CADILAHC,20110628,911,914.7,892.2,899.45,100195
CAIRN,20110628,302,308.9,299.5,307.1,3116421
CALSOFT,20110628,28.75,28.75,28.55,28.6,163
CAMLIN,20110628,72.9,73.2,71.7,72.15,135258
CANBK,20110628,529.85,530.9,525.15,526.65,632620
CANDC,20110628,111,115.75,109.2,112.05,182153
CANFINHOME,20110628,109.6,110.8,107.6,108.5,30458
CANTABIL,20110628,31.7,31.75,30.2,30.5,16669
CARBORUNIV,20110628,263.1,285.05,263.1,283.15,19804
CAROLINFO,20110628,180.8,180.8,177.5,177.9,634
CASTROL,20110628,500.45,511,491,506.5,41431
CCCL,20110628,31,32.45,31,32.1,6009
CCL,20110628,201.1,208,198,205.05,22347
CEATLTD,20110628,95.5,112.7,95.1,111.1,1562146
CEBBCO,20110628,35.05,35.7,35,35.3,46586
CELEBRITY,20110628,10.6,10.6,9.1,9.3,3764
CELESTIAL,20110628,31.65,31.65,31,31.35,6453
CENTENKA,20110628,174.95,175,172.3,173.9,6643
CENTEXT,20110628,3.4,3.45,3.35,3.4,20502
CENTRALBK,20110628,119.85,120.9,118.45,119.05,451909
CENTUM,20110628,90.85,90.85,86.1,88.25,29
CENTURYPLY,20110628,65.2,68,65.2,66.6,98069
CENTURYTEX,20110628,330.6,353.85,330.6,348.75,380231
CERA,20110628,198.15,203.95,198.15,202.05,1335
CESC,20110628,284.9,285,281,282.65,120929
CHAMBLFERT,20110628,75.5,76.95,75.3,76.45,917851
CHEMFALKAL,20110628,47,47,46.25,46.7,714
CHEMPLAST,20110628,6.75,6.9,6.6,6.75,70771
CHENNPETRO,20110628,228,229.15,225.2,228.35,31728
CHESLINTEX,20110628,10.5,12.65,10.5,12.4,1942
CHETTINAD,20110628,423,428,410.7,420.25,44
CHOLAFIN,20110628,158,163.7,157,157.15,6761
CILNOVA,20110628,15.45,16,15.4,15.55,25793
CINEMAX,20110628,34.45,34.9,33.9,34,20277
CINEVISTA,20110628,3.5,3.55,3.5,3.5,2191
CIPLA,20110628,331.5,336.3,328.6,331.35,925087
CLASSIC,20110628,11.45,11.6,11.2,11.5,10065
CLNINDIA,20110628,748.05,755,745.2,748.65,7264
CMAHENDRA,20110628,237.5,260.9,235.2,250.7,354240
CMC,20110628,1129.5,1167.9,1129.5,1140.85,89287
COALINDIA,20110628,398,401.7,391.65,392.4,1186089
COLPAL,20110628,930,930,912.4,915.1,35609
COMPUAGE,20110628,103,103,100.05,101.15,2365
CONCOR,20110628,1077,1090,1077,1079.9,218544
CONSOFINVT,20110628,67.9,68.85,65.15,68.6,396
CORAL-HUB,20110628,6,6.45,6,6.25,3848
CORDSCABLE,20110628,34.25,35.95,34,34.6,3335
COREPROTEC,20110628,306.9,306.9,302,302.6,40552
COROMANDEL,20110628,330.95,344.65,328.65,338.35,209342
CORPBANK,20110628,525,531,518,529.15,59485
COSMOFILMS,20110628,107.7,108.05,106.45,107.2,23747
COX&KINGS,20110628,188,189.75,185,188.4,94183
CPIL,20110628,333.3,336.75,330,331.55,3148
CREATIVEYE,20110628,5.35,5.5,5.35,5.5,1303
CRESTANI,20110628,49.3,50.85,49.1,50.5,38636
CREWBOS,20110628,92,92.75,90.1,91.4,21113
CRISIL,20110628,6979.75,7040,6851.05,6912.65,340
CROMPGREAV,20110628,260.5,265.5,254.6,256.1,1622844
CRONIMET,20110628,124,125.45,122.1,123.75,42969
CTE,20110628,9.5,9.5,9.3,9.5,12620
CUB,20110628,45.1,45.25,44.2,44.8,345979
CUBEXTUB,20110628,12,12,11.7,11.7,421
CUMMINSIND,20110628,675,678.9,664,667.9,132443
CURATECH,20110628,201.35,216.45,195.45,197.1,1024
CYBERMEDIA,20110628,19.15,19.2,18,19.2,1190
CYBERTECH,20110628,13.7,13.95,13.2,13.6,962
DAAWAT,20110628,48.5,50.9,47.8,48.3,156032
DABUR,20110628,114,115.15,113,113.85,732049
DALMIABEL,20110628,179.95,180,170,172.35,15011
DALMIASUG,20110628,16.45,17.2,16.45,17,14461
DATAMATICS,20110628,28.55,29,28.55,29,3473
DBCORP,20110628,235.15,235.85,235,235.05,996
DBREALTY,20110628,70,71.65,69.2,69.7,316626
DCB,20110628,59,59,57.1,57.65,1984969
DCHL,20110628,65.4,70,65.4,69.5,4089759
DCM,20110628,79.9,79.9,77.6,78.55,14227
DCMSRMCONS,20110628,44,45.75,43.4,45.45,16411
DCW,20110628,10.75,10.85,10.6,10.8,100090
DECCANCE,20110628,143,143,140.05,140.05,251
DECOLIGHT,20110628,6.4,6.75,6.4,6.65,2947
DEEPAKFERT,20110628,161.85,163.55,160.45,162.95,31326
DEEPAKNTR,20110628,176,176,172,172,126
DEEPIND,20110628,54,55.7,54,55.35,5409
DELTACORP,20110628,98.4,99.4,97.25,97.75,7403647
DEN,20110628,87.1,88,85,85.5,81556
DENABANK,20110628,88,90.9,88,88.75,795619
DENORA,20110628,86.9,87,86.9,86.95,95
DENSO,20110628,63.85,65.95,62.6,63.65,726
DEWANHOUS,20110628,216,221.9,216,220.75,176935
DHAMPURSUG,20110628,53.55,54.3,52.65,53.15,54510
DHANBANK,20110628,116.85,117.65,114.3,114.75,574496
DHARSUGAR,20110628,31.75,34.05,31.75,31.95,1478
DHUNINV,20110628,70.05,71.55,70.05,71.55,208
DIAPOWER,20110628,161.25,162,158.8,160.25,3209
DICIND,20110628,246,259.85,246,253.85,1154
DIGJAM,20110628,11.75,12,11.55,11.65,110811
DISHMAN,20110628,89.5,90.95,88.1,89.1,58055
DISHTV,20110628,89.05,90.65,88.45,89.2,5506535
DIVISLAB,20110628,766.8,784.5,760.5,782.15,197007
DLF,20110628,216.2,216.35,209,210.15,7723909
DLINKINDIA,20110628,25.7,27.85,25.5,26.5,18456
DOLPHINOFF,20110628,121,123.9,119.5,121.4,25304
DONEAR,20110628,24.7,25,23.5,25,4230
DPSCLTD,20110628,2000.35,2000.35,1969,1985.35,18
DPTL,20110628,150,153,150,150.45,28651
DQE,20110628,39,39,36.7,36.95,9076
DREDGECORP,20110628,292.1,303.3,292.1,298.4,21450
DRREDDY,20110628,1517.7,1548,1510,1543.2,1154867
DSKULKARNI,20110628,59,59.4,56.7,57.15,42058
DUNCANSIND,20110628,14.6,14.85,14.5,14.55,13162
DWARKESH,20110628,65.4,66.4,63.8,64.1,14674
DYNAMATECH,20110628,1499,1525,1477.05,1518.7,853
DYNASYS,20110628,0.7,0.7,0.65,0.7,51898
EASTSILK,20110628,7.7,7.7,7.3,7.4,21311
EASUNREYRL,20110628,78.5,79.2,76.65,78.05,2942
ECEIND,20110628,102.6,120,100,109.55,612856
ECLERX,20110628,809.9,834.9,806.5,815.05,208482
EDELWEISS,20110628,33.55,33.6,32.25,32.6,223881
EDL,20110628,93.7,94.85,93,94.4,3017
EDSERV,20110628,129.25,130.75,126.3,128.05,60432
EDUCOMP,20110628,396,399.75,391.5,394.2,643488
EICHERMOT,20110628,1295,1319.5,1295,1317.05,2938
EIDPARRY,20110628,231,233.5,227.55,229.95,23312
EIHAHOTELS,20110628,141,141,135.25,139.3,899
EIHOTEL,20110628,85.15,86.4,84.75,85.35,98931
EIMCOELECO,20110628,221,224.5,220.1,224.5,313
EKC,20110628,85.4,87.35,85.2,85.4,256141
ELDERPHARM,20110628,368.3,368.3,359.5,366.65,34352
ELECON,20110628,65.8,66.85,64.5,65,72483
ELECTCAST,20110628,30.6,30.6,29.6,30.05,80420
ELECTHERM,20110628,163.5,163.5,162.1,162.1,520
ELFORGE,20110628,12.5,15,11.55,14.55,31566
ELGIEQUIP,20110628,79.5,81,79.5,80.05,7827
ELNET,20110628,35,35,35,35,600
EMAMIINFRA,20110628,30.3,31.2,30.3,31,22571
EMAMILTD,20110628,468,472,444,470.3,27040
EMCO,20110628,48.5,48.9,48.1,48.65,14545
EMKAY,20110628,41,44,41,44,2641
EMMBI,20110628,11.5,12.1,11.5,11.95,8295
EMPEESUG,20110628,23.85,23.85,22.5,23.7,5291
ENERGYDEV,20110628,35.15,35.5,35.15,35.5,1493
ENGINERSIN,20110628,277,277,268,270.1,60008
ENIL,20110628,250.1,266.75,248.6,255.05,176362
ENTEGRA,20110628,23,23,22.3,22.3,16950
ERAINFRA,20110628,171.2,171.35,170,170.3,166095
EROSMEDIA,20110628,173.5,174,168.2,169.05,99213
ESABINDIA,20110628,487,494.95,487,490,423
ESCORTS,20110628,113,114.5,112,113.25,685819
ESL,20110628,8.25,8.45,8.15,8.35,204575
ESSAROIL,20110628,120.1,122,119,121.3,676590
ESSARPORTS,20110628,93.05,98.35,93.05,95.25,13762
ESSDEE,20110628,348.95,355,341.1,348,7141
ESSELPACK,20110628,47,47.4,45.55,45.95,172179
ESTER,20110628,44.5,44.5,42,43.05,11373
EUROCERA,20110628,24.05,25.15,24.05,24.55,1216
EUROMULTI,20110628,10.25,10.55,9.7,9.95,10040
EUROTEXIND,20110628,23,23,22.5,22.55,465
EVEREADY,20110628,37.7,39.15,37.7,38,188957
EVERESTIND,20110628,146.5,150.7,145,148.05,7999
EVERONN,20110628,516,528.4,512.6,523.65,375413
EVINIX,20110628,1,1,0.95,0.95,63804
EXCELCROP,20110628,155.5,156.55,153,154.1,2244
EXCELINDUS,20110628,79,79.65,77.5,77.7,3319
EXCELINFO,20110628,25,27.55,24.4,25,350478
EXIDEIND,20110628,162.85,168.8,162,168.15,2414047
FACT,20110628,37,37.85,37,37.15,14309
FAGBEARING,20110628,1175.05,1195,1162.85,1165.7,435
FAME,20110628,50,52.65,48.35,49.3,1500
FARMAXIND,20110628,3.5,3.75,3.5,3.75,84233
FCH,20110628,135,137.4,133,133.7,81417
FCSSOFT,20110628,0.85,0.85,0.75,0.8,2208814
FDC,20110628,93,93.6,91.15,92.75,50866
FEDDERLOYD,20110628,73.5,75.35,72.1,72.85,6032
FEDERALBNK,20110628,450,454,417.3,447.2,556902
FIEMIND,20110628,153,154,149.7,150.65,11763
FINANTECH,20110628,833,834.7,821,824.6,53483
FINCABLES,20110628,46,46.2,45.65,45.85,32579
FINPIPE,20110628,78.5,78.5,76.6,77.1,79791
FIRSTLEASE,20110628,86,86,82.5,82.9,61063
FIRSTWIN,20110628,14.65,14.8,14.25,14.8,882
FKONCO,20110628,125.25,127,124.1,125.1,6485
FMGOETZE,20110628,253.05,255,248,253.3,13274
FORTIS,20110628,159.75,159.75,155.65,157.85,139645
FOSECOIND,20110628,528,534.4,522,532.85,154
FOURSOFT,20110628,13.5,13.75,13.05,13.2,33965
FSL,20110628,17.7,17.7,17,17.4,1642914
FUTUREVENT,20110628,9.25,9.4,9.05,9.3,3535222
GABRIEL,20110628,46.25,47.65,46.25,46.75,10485
GAEL,20110628,28.05,28.5,27.6,28,17362
GAIL,20110628,459.95,459.95,445,446.35,861439
GAL,20110628,12,12.15,11.75,11.95,8793
GALLANTT,20110628,16.1,16.7,15.85,16.3,7586
GALLISPAT,20110628,89.75,90.95,88.2,90.35,108497
GAMMNINFRA,20110628,13.8,14.15,13.55,13.7,96622
GAMMONIND,20110628,93,93,90.15,90.55,14574
GANDHITUBE,20110628,112.2,121.2,112.2,121.2,12
GANESHHOUC,20110628,129.9,134.65,126,133.55,12688
GANGOTRI,20110628,6.35,6.4,5.8,5.95,14115
GARDENSILK,20110628,93,99,92,92.55,9982
GARWALLROP,20110628,62.5,63.4,61.5,62.55,20610
GATI,20110628,61.45,62.7,60.15,61.7,230170
GDL,20110628,125.95,126.4,125,126,517037
GEECEE,20110628,37.15,39,37.15,37.7,252
GEINDSYS,20110628,178,181.95,172.3,173.9,8946
GEMINI,20110628,21.1,23.75,21.1,23.2,78737
GENESYS,20110628,246.95,249.05,233.8,246.3,55032
GENUSPOWER,20110628,15.8,17.2,15.65,16.7,166451
GEODESIC,20110628,69.9,70.7,69.25,69.4,143534
GEOJITBNPP,20110628,23.65,23.95,23.1,23.4,70956
GEOMETRIC,20110628,52.35,52.35,50.4,50.55,30624
GESHIP,20110628,285,285,277.05,280.45,64593
GHCL,20110628,37.7,38.4,37.1,37.55,17581
GICHSGFIN,20110628,110.3,111.4,109.1,109.95,101647
GILLANDERS,20110628,102.9,103.35,102.05,102.5,938
GILLETTE,20110628,2055,2064.8,2012,2035.45,996
GINNIFILA,20110628,9.15,9.5,9.15,9.15,4358
GIPCL,20110628,73.25,74.75,73.15,74,11393
GISOLUTION,20110628,11.8,11.8,10.75,11.2,1950
GITANJALI,20110628,284.8,289.7,283.9,287.9,1157793
GKWLIMITED,20110628,470.1,500,470.1,500,24
GLAXO,20110628,2330,2348,2296,2331.95,5761
GLENMARK,20110628,320,325,318,321,937620
GLFL,20110628,3.25,4,3.25,3.6,75795
GLOBALVECT,20110628,21.55,21.75,21.1,21.2,1738
GLOBOFFS,20110628,112.7,113.95,111,112.6,3823
GLOBUSSPR,20110628,145.2,146.9,143.5,145.75,12391
GLODYNE,20110628,348.4,348.6,342.5,347.15,41737
GMBREW,20110628,101.4,101.4,99,100.05,4946
GMDCLTD,20110628,150,150,146.45,148.75,104831
GMRINFRA,20110628,31.95,33.3,31.9,33,5027012
GNFC,20110628,95.1,95.8,95,95.35,15173
GOACARBON,20110628,84,84.75,83.65,84.3,1632
GODFRYPHLP,20110628,2740,2747.95,2611.05,2647.75,700
GODREJCP,20110628,408.35,415,408.35,413.15,848306
GODREJIND,20110628,209.8,211,206.7,207.6,1009100
GODREJPROP,20110628,689.9,745.75,683.05,733.35,59188
GOENKA,20110628,57.3,57.5,56.6,56.95,5178
GOKEX,20110628,92,98,92,95.75,570
GOKUL,20110628,88.2,91.5,87,90.25,145920
GOLDBEES,20110628,2140,2140.7,2130.25,2138.8,53887
GOLDENTOBC,20110628,72.25,73.9,72,72.15,1695
GOLDIAM,20110628,35.6,35.65,35.6,35.65,1485
GOLDINFRA,20110628,18.2,18.35,18.1,18.1,5220
GOLDSHARE,20110628,2144.9,2149,2134.45,2143.05,4228
GOLDTECH,20110628,7.2,7.3,6.8,7.05,10131
GPIL,20110628,152.2,157.55,152.2,155.25,6305
GPPL,20110628,65.1,65.8,64.75,65.25,19470
GRABALALK,20110628,27.5,27.5,26.55,26.55,108
GRANULES,20110628,84,86.25,83.2,83.95,1856
GRAPHITE,20110628,91,91,89.6,90,25956
GRASIM,20110628,2054,2087.5,2054,2074.25,61781
GRAVITA,20110628,343.7,344.25,338.5,339.45,72937
GREAVESCOT,20110628,84.5,85,83.55,84,21660
GREENPLY,20110628,183,190,183,186.35,2185
GREENPOWER,20110628,17.25,17.25,16.9,17,107493
GRINDWELL,20110628,240,242.85,238,238.65,1001
GRUH,20110628,427.7,439.95,423.5,437.5,46718
GSFC,20110628,356.95,356.95,348.2,349.6,10674
GSKCONS,20110628,2459.9,2459.9,2410.75,2431.75,6382
GSLNOVA,20110628,3.4,3.6,3.4,3.55,2880
GSPL,20110628,91.3,91.45,89.85,90.45,1106514
GSSAMERICA,20110628,158.55,161.55,158,159.2,3691
GTL,20110628,105.9,108.1,99,99.85,13477036
GTLINFRA,20110628,15.55,15.7,14.8,14.95,6668290
GTNIND,20110628,14.5,16,14.4,15.05,4898
GTNTEX,20110628,14.05,14.85,14,14.2,2930
GTOFFSHORE,20110628,213,213,207.05,208.75,53100
GUJALKALI,20110628,132.95,136.35,131.85,134.15,523853
GUJAPOLLO,20110628,132,138.95,129.55,134,9173
GUJFLUORO,20110628,375.05,400,343.65,389.95,1038238
GUJNRECOKE,20110628,47.1,47.5,45.6,47.15,408777
GUJNREDVR,20110628,21.65,22.2,21.55,21.8,5380
GUJRATGAS,20110628,393,395.4,387.3,390.55,21783
GUJSIDHCEM,20110628,9.35,9.65,9.15,9.3,1077720
GULFOILCOR,20110628,84.75,90,84.3,85.25,89290
GVKPIL,20110628,19.6,19.65,18.9,19.4,5972710
HALONIX,20110628,74.25,76.8,73.1,73.9,3235
HANUNG,20110628,129,129,124.6,125.5,348371
HARITASEAT,20110628,69.9,70,66.1,69.95,556
HARRMALAYA,20110628,71.7,72.6,71.15,72.2,26079
HATHWAY,20110628,111.8,114.25,110.6,113,17967
HAVELLS,20110628,389.7,394.8,384.1,385.9,649678
HBLPOWER,20110628,18.6,19.05,18.3,18.6,61010
HBSTOCK,20110628,13,13.8,12.95,13,5250
HCC,20110628,30.4,30.7,30,30.55,2573104
HCIL,20110628,38,38.2,37.1,37.9,7581
HCL-INSYS,20110628,89,89.25,88.4,89,39778
HCLTECH,20110628,495.95,497.5,480.85,489.85,882633
HDFC,20110628,678.1,692,675.5,689.75,2608360
HDFCBANK,20110628,2429.4,2430,2404.55,2423.05,609681
HDFCMFGETF,20110628,2195,2195,2181,2187.8,2262
HDIL,20110628,155,157.6,154,156.5,2926240
HEG,20110628,232.1,234,231,232.7,6451
HEIDELBERG,20110628,38.65,38.65,37.8,38.1,31282
HELIOSMATH,20110628,30.5,30.95,30.2,30.3,3203
HERCULES,20110628,238.3,248.5,238.3,242.85,120100
HERITGFOOD,20110628,194.2,194.5,183.8,184.85,486
HEROHONDA,20110628,1850.05,1864.85,1835.5,1846.95,259402
HEXAWARE,20110628,69.5,69.6,68.6,69,467844
HFCL,20110628,16.5,16.8,16.2,16.65,3000697
HGSL,20110628,397.55,403.75,395,400.95,1834
HIKAL,20110628,281.1,291,281.1,289.15,572
HILTON,20110628,17.1,18,17.1,18,1725
HIMATSEIDE,20110628,33,33,32.7,32.75,6914
HINDALCO,20110628,174.4,181.4,173.65,180.8,8319523
HINDCOMPOS,20110628,519.95,519.95,480.05,487.3,99
HINDCOPPER,20110628,257,268.5,257,262.2,114449
HINDDORROL,20110628,53.6,53.6,47.75,48,69654
HINDMOTORS,20110628,15.75,16.45,15.7,15.8,216887
HINDNATGLS,20110628,191,198.85,191,195.9,920
HINDOILEXP,20110628,174.45,177.4,169,176.25,802410
HINDPETRO,20110628,417.4,420.7,406.5,407.95,1040934
HINDUJAFO,20110628,72,73.3,70.1,71.65,4947
HINDUJAVEN,20110628,290.1,294.8,282.25,287.9,19492
HINDUNILVR,20110628,322.4,325.45,321.35,323.6,1401219
HINDZINC,20110628,133.1,134.2,132.2,133,829420
HIRECT,20110628,48,49,46.45,48.8,1194
HITACHIHOM,20110628,191.05,193.5,188.5,189.25,16168
HITECHGEAR,20110628,106,108,95,105.05,6718
HITECHPLAS,20110628,88.5,88.5,86,87,1212
HMT,20110628,59.7,61.9,59.3,60.3,347459
HMVL,20110628,138.9,142.8,138.8,139.9,7675
HNGSNGBEES,20110628,1320,1320,1300,1302.88,78
HOCL,20110628,32,33,31.25,32.2,64237
HONAUT,20110628,2499,2499,2416.25,2425.15,447
HONDAPOWER,20110628,402.85,402.85,392.05,397.25,339
HOTELEELA,20110628,39,41.2,38.75,40.35,603156
HOTELRUGBY,20110628,9.25,9.25,9,9,500
HOVS,20110628,87.5,88.6,85.7,87.6,11773
HSIL,20110628,173.95,184.5,173.95,181.85,398838
HTMEDIA,20110628,169,175,164.4,168.75,73787
HYDRBADIND,20110628,377,384.45,377,382.65,11516
HYDROS&S,20110628,21,21.95,20.55,21.75,660
IBN18,20110628,80.5,81.4,77.2,79.25,406653
IBPOW,20110628,17.5,17.8,17.2,17.55,129916
IBREALEST,20110628,109,110,105.75,106.8,1784220
IBSEC,20110628,13.4,13.65,13.25,13.35,316224
ICICIBANK,20110628,1080,1092,1073.35,1083.3,3380134
ICIL,20110628,12.6,12.6,12.6,12.6,10
ICRA,20110628,1068,1074,1040.25,1059.8,830
ICSA,20110628,103,103,101,101.3,130837
IDBI,20110628,133.05,133.9,130,131.45,1441861
IDEA,20110628,77.15,78.25,76.25,77.85,5501837
IDFC,20110628,130,130,124.55,126.4,4921203
IFBAGRO,20110628,74.7,78.55,74.5,75.25,2377
IFBIND,20110628,113.45,115.6,113.3,113.65,6802
IFCI,20110628,45.05,45.4,44.05,44.35,10795157
IFGLREFRAC,20110628,33,33.25,32.75,33,4042
IGARASHI,20110628,47.5,49.25,46.55,47.3,3052
IGL,20110628,375.5,376.05,368,374,283970
IGPL,20110628,25,25,24.2,25,330
IL&FSENGG,20110628,146.55,149,146.55,148.25,4741
IL&FSTRANS,20110628,201.1,213,201.1,210.15,82442
IMPAL,20110628,692,692,675,675.05,578
IMPEXFERRO,20110628,10.35,10.35,9.75,10,1200
INDBANK,20110628,10.9,10.9,10.55,10.6,12834
INDHOTEL,20110628,77.95,79.1,77.3,78,1220094
INDIABULLS,20110628,159.95,161.8,155.5,158.6,840204
INDIACEM,20110628,72,72.5,70.35,70.75,1364980
INDIAGLYCO,20110628,124.85,127.5,115.1,118.5,134898
INDIAINFO,20110628,88,88.5,86,87.2,543167
INDIANB,20110628,221.9,221.9,215.1,216.15,476520
INDIANCARD,20110628,106.6,106.6,98.75,104.4,171
INDIANHUME,20110628,124.25,130,124.25,126.95,1205
INDLMETER,20110628,90.05,94.25,90.05,93.3,2510
INDNIPPON,20110628,244.25,249.45,242.25,242.7,222
INDOASIFU,20110628,79.5,79.5,73,78.3,26067
INDOCO,20110628,420.3,429.95,420,421.4,330
INDORAMA,20110628,41.6,42.85,41.1,41.6,65144
INDOSOLAR,20110628,14.6,14.85,14.2,14.4,135375
INDOTECH,20110628,127.9,129.75,125.5,126.75,4627
INDOWIND,20110628,24.6,26.65,23.4,25,2696644
INDRAMEDCO,20110628,35.05,35.8,35,35.4,10446
INDSWFTLAB,20110628,93.5,94.2,92.5,93.15,100219
INDSWFTLTD,20110628,30.5,30.9,29.6,29.8,15930
INDUSFILA,20110628,20,20,18.5,19.5,14223
INDUSINDBK,20110628,270.55,271.8,267.15,270.55,258556
INEABS,20110628,577,619,575,594.4,5840
INFINITE,20110628,126.9,126.9,124,124.95,86493
INFODRIVE,20110628,13.9,13.9,13.05,13.7,11397
INFOMEDIA,20110628,17.5,17.8,17.3,17.4,7825
INFOSYSTCH,20110628,2870.05,2876.85,2843.8,2865.3,560849
INFOTECENT,20110628,143.1,144.6,143,143.55,5739
INFRABEES,20110628,304.1,304.1,302.11,304,186
INGERRAND,20110628,474.5,474.5,467,468.5,1846
INGVYSYABK,20110628,336,343.3,334.05,336.95,51838
INNOIND,20110628,85.7,91.75,85.7,89.95,26797
INOXLEISUR,20110628,42.3,42.9,42.05,42.3,36677
INSECTICID,20110628,331.3,336.75,325.5,334.15,78466
IOB,20110628,149.5,150.9,147.2,147.9,316632
IOC,20110628,349.8,350.5,339.6,341.3,468692
IOLCP,20110628,34,34,33,33.65,1820
IOLN,20110628,5.9,6,5.65,6,10720
IPCALAB,20110628,336,344,330.55,340.3,40069
IPGETF,20110628,2190,2214.6,2190,2198.2,148
IPRINGLTD,20110628,78,80,77.5,77.55,155
IRB,20110628,167.25,172.2,167.25,168.9,550519
ISFT,20110628,62,63.25,60.65,61.75,5271
ISMTLTD,20110628,40.3,41.6,39.9,40.2,29783
ISPATIND,20110628,19.7,19.7,19.3,19.45,1697523
ITC,20110628,194.2,194.45,190.5,193.85,4452306
ITDCEM,20110628,154.8,160,153.55,155.15,2438
ITI,20110628,30.9,33.45,30.8,32,1435157
IVC,20110628,34.25,34.25,33.1,33.45,38713
IVP,20110628,42.1,42.2,41.5,41.65,340
IVRCLAH,20110628,49,50.9,46.5,48,64382
IVRCLINFRA,20110628,67.6,69.5,67.5,68.85,2712483
J&KBANK,20110628,881,887.05,874,879,47775
JAGRAN,20110628,123.35,127.9,121.25,124.6,86724
JAGSNPHARM,20110628,14.5,14.5,14,14.3,1057
JAIBALAJI,20110628,168.5,175.5,168.4,172.25,29487
JAICORPLTD,20110628,119,120.8,117.65,118.5,355966
JAINSTUDIO,20110628,10,10,9.5,9.6,2102
JAMNAAUTO,20110628,119.85,119.85,114,116.95,1316
JAYAGROGN,20110628,80.5,82,78.65,81.3,15211
JAYBARMARU,20110628,73.35,76.5,73.35,74.35,1955
JAYNECOIND,20110628,20.8,21.75,20.8,21.1,29840
JAYSREETEA,20110628,162,163.85,158.3,161.75,27408
JBCHEPHARM,20110628,131.2,131.65,128.3,129.05,295089
JBFIND,20110628,162.85,162.85,160,161.6,43747
JCTEL,20110628,1,1.05,1,1.05,27077
JENSONICOL,20110628,4.75,4.75,4.4,4.55,19528
JETAIRWAYS,20110628,482.65,504.9,471.4,493.2,2548661
JHS,20110628,53.05,54,51.3,52.35,70195
JIKIND,20110628,7.65,7.8,7.6,7.6,1104
JINDALPHOT,20110628,156.15,162.3,154.55,158.1,206450
JINDALPOLY,20110628,289.35,293.5,285,286.1,200258
JINDALSAW,20110628,149.45,152.8,146.1,150.2,529612
JINDALSTEL,20110628,645,645,626.2,629.25,1320177
JINDALSWHL,20110628,959.7,984.5,952,972.75,38355
JINDCOT,20110628,105.15,106.25,104.25,105.1,71133
JINDRILL,20110628,445.15,450.75,443,444.95,2841
JINDWORLD,20110628,168.35,172.8,165.05,166.05,17595
JISLJALEQS,20110628,160.85,172.85,160.25,171.6,4933909
JKCEMENT,20110628,110.95,110.95,108.1,108.55,3486
JKIL,20110628,136.6,137.5,134.15,135.65,2042
JKLAKSHMI,20110628,44.5,45.45,44,44.35,57662
JKPAPER,20110628,47.05,47.5,46.1,46.85,36830
JKTYRE,20110628,95.5,104.4,95.25,101.5,1237480
JMCPROJECT,20110628,138.1,152.8,138.05,150.9,14276
JMFINANCIL,20110628,22.7,23.15,22.6,22.7,444060
JMTAUTOLTD,20110628,69.6,71,69.3,69.95,690
JOCIL,20110628,238,255,238,253.7,2486
JPASSOCIAT,20110628,80.4,80.6,77.7,78.9,12347582
JPINFRATEC,20110628,47.85,55.4,47.45,53.65,2086539
JPPOWER,20110628,45,45.5,44.45,45.25,222181
JSL,20110628,99,99.2,97,97.25,18175
JSWENERGY,20110628,67.7,67.7,66,66.3,247613
JSWSTEEL,20110628,888.95,890.7,868.25,879.4,454931
JUBILANT,20110628,180.9,203.5,179.8,198.05,1423267
JUBLFOOD,20110628,822.5,875,818.5,855.25,3345368
JUBLINDS,20110628,162.5,182.95,157.25,169.15,212868
JUMBO,20110628,17.3,18.15,16.85,17.8,405
JUNIORBEES,20110628,112,112,110.7,111.08,51224
JUPITER,20110628,20,20.35,19.5,19.65,190954
JVLAGRO,20110628,20.65,20.9,19.45,19.55,16932
JYOTHYLAB,20110628,206.45,209.85,203.2,206.1,30288
JYOTISTRUC,20110628,86.5,86.5,84.15,84.65,34372
KABRAEXTRU,20110628,58.8,58.8,53,53.8,1889
KAJARIACER,20110628,95.25,95.8,93.3,94.1,195269
KAKATCEM,20110628,69.35,70.3,67.85,68.15,467
KALECONSUL,20110628,80,87,80,84.1,49089
KALINDEE,20110628,103.95,105.55,103.5,104.9,70384
KALPATPOWR,20110628,125,125.8,124,125.05,10054
KAMATHOTEL,20110628,92,95.7,92,93.1,9719
KANORICHEM,20110628,49.3,49.5,48.7,49.4,23202
KANSAINER,20110628,850,878.95,850,872.5,2108
KARURKCP,20110628,41.75,41.75,37,38.9,4040
KARURVYSYA,20110628,401,405,399.8,400.15,54810
KAUSHALYA,20110628,9.3,9.9,9.3,9.6,3178
KAVVERITEL,20110628,152,153.6,150.25,151.6,60536
KBIL,20110628,600,615,600,600.1,4765
KCP,20110628,24.75,25.1,24.75,24.95,5911
KCPSUGIND,20110628,15.25,15.8,15.2,15.55,27346
KEC,20110628,81,81,78.55,78.75,219906
KECL,20110628,40.8,41.85,40.8,41.4,2677
KEI,20110628,21.55,21.85,21.35,21.5,16518
KEMROCK,20110628,524.9,524.9,513.5,515.5,54754
KERNEX,20110628,91.3,94.35,91.3,93.85,11104
KESARENT,20110628,46.95,47,46,46,1200
KESORAMIND,20110628,171.9,171.9,168.3,170.15,17293
KFA,20110628,38.15,40.4,38.15,39.5,4804330
KGL,20110628,11.4,12.45,10.95,11.05,9539569
KHAITANELE,20110628,109,113,107.05,109.8,1818
KHAITANLTD,20110628,29,29,29,29,33
KICL,20110628,636,689,635.8,681.5,346
KIL,20110628,17.15,17.8,17.1,17.15,2427
KILITCH,20110628,51,51,51,51,200
KINETICMOT,20110628,19.3,19.55,18.35,18.45,25553
KIRIINDUS,20110628,226,228.2,217.4,221.05,145106
KIRLOSBROS,20110628,152.75,163.5,152.75,160.3,13209
KIRLOSENG,20110628,123.9,131,123.85,130.1,5640
KIRLOSIND,20110628,283.55,288,282,283.2,107
KITPLYIND,20110628,3.45,3.65,3.45,3.5,6174
KKCL,20110628,687.95,736.8,677.2,700.2,171201
KLGSYSTEL,20110628,57.9,57.9,54.8,55.2,30253
KLRF,20110628,24.5,24.8,24.5,24.8,150
KMSUGAR,20110628,3.4,3.4,3.2,3.25,1547
KNRCON,20110628,122.55,130,122.55,127.55,13487
KOHINOOR,20110628,47.4,49,46.15,47.25,104717
KOLTEPATIL,20110628,44.35,45.5,44.25,44.45,11094
KOPRAN,20110628,21.7,21.75,20.8,21.05,28892
KOTAKBANK,20110628,456,464.8,452.05,460.7,1184697
KOTAKGOLD,20110628,2139.75,2142,2132,2139.6,5488
KOTAKNIFTY,20110628,563,563,559,559,193
KOTAKPSUBK,20110628,410,416,409,410.63,1542
KOTARISUG,20110628,6.05,6.3,6,6.3,17747
KOTHARIPET,20110628,7.15,7.65,7.15,7.45,5901
KOTHARIPRO,20110628,424,435.9,424,434.6,324
KOUTONS,20110628,26.25,26.5,25.8,26.1,46833
KPIT,20110628,174.4,174.4,169,171.05,66550
KPRMILL,20110628,119,122,115.5,118.4,2959
KRBL,20110628,25.25,26.45,24.6,25.2,765373
KRISHNAENG,20110628,3.55,3.7,3.55,3.55,17785
KSBPUMPS,20110628,234.8,234.8,226,227.3,2233
KSCL,20110628,407,431,400,420.3,81373
KSE,20110628,192,202,192,201,64
KSERASERA,20110628,11.05,11.15,11,11,178284
KSK,20110628,112,112,110.6,111,87303
KSL,20110628,72.65,73.5,71,71.45,24989
KSOILS,20110628,19.1,19.15,18.25,18.8,2209314
KTIL,20110628,72.05,77,72.05,77,1373
KTKBANK,20110628,131,132,128.5,129.4,1102088
KWALITY,20110628,135,136,133.4,135.05,590921
LAKPRE,20110628,50,50,43.65,44.95,1315
LAKSHMIEFL,20110628,37.3,38.4,37,37.35,39276
LAKSHMIMIL,20110628,1701,1710,1701,1710,4
LAKSHVILAS,20110628,117,119.25,115.65,118.1,156407
LANCOIN,20110628,38.5,38.5,36.6,37.05,51331
LAOPALA,20110628,81,81,76,78.45,7876
LAXMIMACH,20110628,2088.95,2094.95,2067.15,2091.05,1475
LCCINFOTEC,20110628,0.7,0.7,0.65,0.7,67120
LGBBROSLTD,20110628,270,275.9,270,275,529
LGBFORGE,20110628,2.9,3.1,2.6,2.75,18097
LIBERTSHOE,20110628,95.65,95.65,93,93.25,30448
LICHSGFIN,20110628,235,235.65,228.85,231.05,2794117
LIQUIDBEES,20110628,999.99,1000.01,999.99,1000,126773
LITL,20110628,23.6,24.7,23.6,24.55,23110946
LLOYDELENG,20110628,50.05,50.3,49.6,50.05,13351
LLOYDFIN,20110628,1.3,1.3,1.3,1.3,3300
LLOYDSTEEL,20110628,17,17.35,16.75,17.25,1031678
LML,20110628,9,9.05,8.95,9,86987
LOGIXMICRO,20110628,17.15,17.4,16.8,16.85,6939
LOKESHMACH,20110628,41.5,41.95,41.05,41.3,1668
LOTUSEYE,20110628,10.15,10.8,10.15,10.6,15172
LOVABLE,20110628,392.1,408.9,390.6,398.2,3005938
LPDC,20110628,2.75,2.85,2.75,2.8,1905
LT,20110628,1790.65,1804.4,1775.05,1800.9,2289063
LUMAXAUTO,20110628,37.1,40.3,37.1,38,465
LUMAXIND,20110628,323,336,323,333.35,2784
LUMAXTECH,20110628,176,178,172.5,174.45,8870
LUPIN,20110628,449.8,454,443.1,445,477218
LYKALABS,20110628,19.3,19.3,18.7,18.85,11130
M&M,20110628,692.5,700.9,687.1,694.25,1309178
M&MFIN,20110628,614,620,609.05,611.75,13028
M100,20110628,7.6,7.87,7.6,7.74,42595
M50,20110628,73,75,72.9,73.01,11992
MAANALU,20110628,59,61.8,59,60,2101
MADHAV,20110628,16.05,16.8,16,16.8,807
MADHUCON,20110628,89.3,91.2,86.5,87.1,32524
MADRASCEM,20110628,81.2,82.35,80.25,81.15,13850
MADRASFERT,20110628,25.3,26,25.3,25.6,42953
MAGMA,20110628,71.4,73.5,70.5,72.8,126342
MAGNUM,20110628,5.25,5.6,4.95,5,10141
MAHABANK,20110628,54.9,55.75,54.5,55.4,89377
MAHINDFORG,20110628,67.7,67.7,64.75,65,11965
MAHINDUGIN,20110628,46.9,46.9,45.2,45.5,4803
MAHLIFE,20110628,353.9,355,347.2,350.1,3532
MAHSCOOTER,20110628,350,361,350,355,1105
MAHSEAMLES,20110628,372,375,370.15,374.9,16049
MALUPAPER,20110628,13.95,13.95,13,13,120
MALWACOTT,20110628,35.5,40,35.5,36.65,2643
MANAKSIA,20110628,67.3,68,66.5,66.7,44172
MANALIPETC,20110628,13.2,13.55,13.05,13.3,148915
MANAPPURAM,20110628,57.9,58.55,56.8,57.2,384400
MANDHANA,20110628,189,194.9,186.7,188,50841
MANGALAM,20110628,12.45,14,12.4,13.2,10412
MANGCHEFER,20110628,30.05,30.55,29,29.7,113477
MANGLMCEM,20110628,107,107,105.75,106.05,20744
MANGTIMBER,20110628,16,16.4,15.75,16.2,2498
MANINDS,20110628,141,143.95,138.15,141.15,42411
MANINFRA,20110628,120.3,121,113.3,114.6,11864
MANJEERA,20110628,90.1,92.5,90.1,90.75,686
MANJUSHREE,20110628,73.85,74.9,73.65,74.1,1176
MANUGRAPH,20110628,50.5,50.85,50,50.15,3507
MARALOVER,20110628,13.1,13.3,13.1,13.2,1185
MARG,20110628,91.5,92.5,89.1,90.4,22457
MARICO,20110628,140.85,153.4,140.85,150,216184
MARKSANS,20110628,2.55,2.7,2.45,2.6,340087
MARUTI,20110628,1174.7,1174.7,1142.25,1157.85,267340
MASTEK,20110628,107.7,112.75,105.8,111.75,162799
MAWANASUG,20110628,22.55,23.6,22.55,22.9,4456
MAX,20110628,178,191.65,177.5,188.35,1649479
MAXWELL,20110628,18,18.8,18,18.6,51646
MBECL,20110628,150.95,151.5,144.95,146.4,13860
MBLINFRA,20110628,140.8,147.5,140.25,146,14489
MCDHOLDING,20110628,84,85,83,83.75,9650
MCDOWELL-N,20110628,945,973.35,945,955.7,808307
MCLEODRUSS,20110628,267.2,269,259.5,267.65,96330
MEGASOFT,20110628,23,23.75,23,23.45,16244
MEGH,20110628,11.5,11.8,11.3,11.55,65288
MELSTAR,20110628,7.3,7.65,7.3,7.6,208
MERCK,20110628,610,610,598,607.8,2016
MHRIL,20110628,335.1,341.15,335.1,339.1,2675
MIC,20110628,14.35,14.5,13.95,14.2,383854
MICROSEC,20110628,37,37.9,36.55,37.45,2605
MICROTECH,20110628,129.75,132,127.65,129.1,84895
MINDAIND,20110628,237.6,246.9,237.6,239.5,13
MINDTREE,20110628,356.05,364.3,356.05,361.05,8039
MIRCELECTR,20110628,24.6,25.8,24,25.7,129567
MIRZAINT,20110628,21.6,22,21.4,21.55,38140
MLL,20110628,37.9,38.4,37.3,37.65,603026
MMFL,20110628,107.05,112,107.05,110.1,1708
MMFSL,20110628,76.3,77.75,74.55,74.6,29467
MMTC,20110628,901,908.8,891.25,897.1,7934
MOIL,20110628,327.85,332.5,326.5,326.95,104885
MONNETISPA,20110628,505,510,499,499.55,37323
MONSANTO,20110628,1735.35,1739,1676,1685.8,2890
MORARJETEX,20110628,14.1,15.45,14.1,14.8,497
MOREPENLAB,20110628,4.65,4.75,4.5,4.5,144675
MOSERBAER,20110628,38.95,39.4,38,38.6,351551
MOTHERSUMI,20110628,216,225,216,224.55,185742
MOTILALOFS,20110628,96.8,98.2,93.6,94.25,25751
MOTOGENFIN,20110628,44.8,45,44.7,45,1612
MPHASIS,20110628,439,442.5,432.35,437.3,58745
MPSLTD,20110628,41.9,41.9,34.25,34.55,1804
MRF,20110628,6650,6915,6614,6845.1,27807
MRO-TEK,20110628,15.2,15.45,15,15.35,3392
MRPL,20110628,77.5,77.5,75.7,76.6,416134
MSPL,20110628,44,44.9,43,43.55,13499
MTNL,20110628,43,43.15,42.4,42.9,212232
MUDRA,20110628,54,54.4,50.3,51.5,4189
MUKANDENGG,20110628,36,36,30.15,30.4,2138
MUKANDLTD,20110628,41.1,41.45,40.6,41.05,15949
MUKTAARTS,20110628,36.35,36.45,35,35.45,1669
MUNDRAPORT,20110628,156.55,158.85,156.55,157.1,1127185
MUNJALAU,20110628,131,134.75,129.2,129.95,641
MUNJALSHOW,20110628,57,58,56.95,57.05,8784
MURLIIND,20110628,26.7,26.7,24.6,25,1548
MURUDCERA,20110628,17,18.8,17,17.65,2828
MUTHOOTFIN,20110628,162.05,166.45,162.05,164.75,284992
MVL,20110628,25.8,25.8,24.75,24.95,341364
MVLIND,20110628,15.5,16.65,15.5,16.45,376
MYSOREBANK,20110628,632,640,622.75,628.95,1399
N100,20110628,102.34,102.34,99,101.75,513
NAGARFERT,20110628,33.65,33.8,33.15,33.45,959353
NAGREEKEXP,20110628,21.35,22.5,20.3,22,11728
NAHARCAP,20110628,58.5,60,58.2,59.3,1981
NAHARINDUS,20110628,53.85,53.85,50.75,50.8,1807
NAHARPOLY,20110628,28,28,27.3,27.4,2075
NAHARSPING,20110628,79.7,79.75,78.1,78.35,6481
NANDAN,20110628,2.55,2.6,2.5,2.55,65925
NATCOPHARM,20110628,270.05,272.45,267.15,267.95,15687
NATIONALUM,20110628,82,82.85,81.4,81.95,257590
NATNLSTEEL,20110628,18,18.75,18,18.55,12675
NAUKRI,20110628,720,729.9,720,722.95,2447
NAVINFLUOR,20110628,284.5,294.45,284.15,285.85,50022
NAVNETPUBL,20110628,63.8,65,62.95,63.95,192435
NBVENTURES,20110628,217,217,210.15,212.1,4191
NCC,20110628,79.8,79.8,77.7,78.35,689662
NCLIND,20110628,36,36.25,35.95,36,17758
NDTV,20110628,61.55,67.95,61.25,65.85,343430
NECLIFE,20110628,25.25,26.1,24.8,26,63200
NEHAINT,20110628,162,172,162,167.3,102666
NELCAST,20110628,101,101,97.55,98.2,2332
NELCO,20110628,70,70.6,69,69.35,28106
NEOCURE,20110628,2.6,2.6,2.6,2.6,236
NEPCMICON,20110628,4.15,4.45,4.15,4.25,29207
NESCO,20110628,569,578,562.5,565.35,73884
NESTLEIND,20110628,3930,3999.9,3907,3933.2,12226
NET4,20110628,128,128.75,125.5,126.35,25958
NETWORK18,20110628,135.1,140.9,135.1,139.9,138151
NEULANDLAB,20110628,120.3,124,120,124,575
NEXTMEDIA,20110628,5.4,5.55,5.1,5.4,39820
NEYVELILIG,20110628,98,98.5,96.3,97.45,165081
NFL,20110628,91.4,91.7,90.5,90.7,105022
NHPC,20110628,23.6,24,23.45,23.95,9683215
NIFTYBEES,20110628,561.9,565,559.76,564.35,87237
NIITLTD,20110628,54.1,54.75,53.6,54.05,371602
NIITTECH,20110628,175.5,177.65,174.05,176,65523
NILKAMAL,20110628,247,248.8,242.2,244.8,3968
NIPPOBATRY,20110628,440,448,440,446.85,915
NISSAN,20110628,2.6,2.6,2.4,2.5,80422
NITCO,20110628,57.3,59.75,56.3,57,10757
NITESHEST,20110628,23.8,23.8,23.3,23.65,23620
NITINFIRE,20110628,100.1,100.7,97,97.8,141608
NITINSPIN,20110628,8.1,8.65,8.1,8.55,12585
NMDC,20110628,264.5,264.6,256.9,257.75,52726
NOCIL,20110628,16.5,16.5,16.15,16.3,54629
NOIDATOLL,20110628,25.6,25.8,25.25,25.45,135824
NOL,20110628,49,49,49,49,7
NORBTEAEXP,20110628,6.75,7.25,6.7,7.2,5763
NORTHGATE,20110628,11.95,12.35,11.85,11.95,17353
NOVOPANIND,20110628,41.1,42,40.65,41.9,2346
NRBBEARING,20110628,48.05,48.4,47.35,48.3,6432
NRC,20110628,5.35,5.6,5.3,5.5,14386
NSIL,20110628,746,770,735,745,16
NTPC,20110628,182.85,184,180.75,183.6,1260568
NUCHEM,20110628,4.35,4.6,4.35,4.4,2978
NUCLEUS,20110628,82.55,84.45,82.55,83.35,12588
NUMERICPW,20110628,223.95,227,219.15,220.15,2653
NUTEK,20110628,4.6,4.7,4.5,4.55,187286
OBEROIRLTY,20110628,231.05,237,231.05,234.95,5142
OCL,20110628,102,102.9,101.35,101.7,697
OFSS,20110628,2294.3,2376,2277,2342.05,251982
OIL,20110628,1360,1363.95,1331.05,1341.1,54787
OILCOUNTUB,20110628,71,73.25,70.3,71.25,40122
OISL,20110628,40.15,40.35,39.25,39.65,2474
OMAXAUTO,20110628,40.5,41.25,40,40.3,6660
OMAXE,20110628,130.5,130.7,128,128.85,74466
OMKARCHEM,20110628,62.7,62.75,60.2,60.7,9729
OMMETALS,20110628,33.25,35.45,33.25,35.45,425
OMNITECH,20110628,149,150.75,145,147.05,17565
ONGC,20110628,287.6,289.1,281.45,284.8,5486323
ONMOBILE,20110628,109.75,109.75,105.4,106.4,181789
ONWARDTEC,20110628,36,36,35.4,35.85,725
OPTOCIRCUI,20110628,283.15,293.5,282,292.75,716692
ORBITCORP,20110628,39.8,40.25,38.7,38.95,612249
ORCHIDCHEM,20110628,261,267.8,259.1,265.5,1176064
ORIENTABRA,20110628,30.7,32.2,30.7,31.85,30455
ORIENTALTL,20110628,8.3,8.8,8.3,8.3,891
ORIENTBANK,20110628,337.05,338,328,329.7,733931
ORIENTCERA,20110628,52.35,54.8,50.2,51.5,4392
ORIENTHOT,20110628,30.05,32.5,29.75,31.1,10395
ORIENTPPR,20110628,56.15,57.9,55.9,57.45,153283
ORISSAMINE,20110628,54100,55332.8,53000,53383.35,2360
OUDHSUG,20110628,27.8,28.9,27.8,28.05,19751
PAEL,20110628,26.65,26.65,26.6,26.65,900
PAGEIND,20110628,1770,1850,1770,1822.55,6045
PANACEABIO,20110628,164,165.85,162,164.85,29593
PANASONIC,20110628,105,113.8,105,108,340
PANCARBON,20110628,152,153.9,147,149.5,1612
PANORAMUNI,20110628,14,14.2,13.75,14.1,6207
PANTALOONR,20110628,291.35,303.4,285,301.6,1007424
PAPERPROD,20110628,73.7,74.95,72.55,73.8,21818
PARABDRUGS,20110628,38.65,40.55,38.6,40,37085
PARACABLES,20110628,3.75,3.75,3.65,3.7,10656
PARAL,20110628,275.2,288.8,266.25,285.85,220876
PARAPRINT,20110628,24,24.75,23,23.5,888828
PARASPETRO,20110628,0.6,0.6,0.55,0.55,7419
PAREKHPLAT,20110628,4.5,4.5,4.35,4.35,4584
PARRYSUGAR,20110628,112.5,122.85,112.5,122.85,550
PARSVNATH,20110628,46,46.7,45.6,46.55,262285
PATELENG,20110628,145.65,146.95,142.6,145.95,618479
PATINTLOG,20110628,29.55,29.95,28.1,28.8,41614
PATNI,20110628,335.1,368.8,328,331.2,225480
PATSPINLTD,20110628,17,17.85,17,17.15,455
PBAINFRA,20110628,60,61,59.4,60.15,13337
PDPL,20110628,88,92,85.05,91.3,2551
PDUMJEIND,20110628,19,19.35,19,19.35,53
PDUMJEPULP,20110628,19.6,19.85,19.45,19.8,13066
PEACOCKIND,20110628,2.6,3,2.6,2.7,2212
PENIND,20110628,37.75,40.9,37.75,39.85,78669
PENINLAND,20110628,45.05,46,44.55,45.65,7703
PEPL,20110628,3.3,3.3,3.3,3.3,1431
PERIATEA,20110628,170,178,170,178,155
PERSISTENT,20110628,373.8,379,350,369.75,49043
PETRONENGG,20110628,348.2,353.9,348.1,350.85,5567
PETRONET,20110628,142.6,142.6,139.75,141.2,1014617
PFC,20110628,185.05,186,178.7,180.3,2544060
PFIZER,20110628,1390.2,1439.85,1384.4,1431.35,1722
PFOCUS,20110628,51.5,52.65,50.3,50.85,192913
PFS,20110628,17,17.8,16.75,17.7,204385
PGHH,20110628,1951,1975,1951,1960,222
PHILIPCARB,20110628,133.25,139.5,133.25,137.9,17390
PHOENIXLTD,20110628,198,198,188,192,281033
PIDILITIND,20110628,164,165.05,163,163.65,105893
PIIND,20110628,720,720,720,720,20
PIONDIST,20110628,46.5,46.6,46.5,46.55,1900
PIONEEREMB,20110628,16.25,17.25,16.25,16.85,158
PIPAVAVYD,20110628,77.25,77.25,74.9,76,920575
PIRGLASS,20110628,122.1,127,122.1,126.1,7626
PIRHEALTH,20110628,378.2,388.75,378.2,385.75,135202
PIRLIFE,20110628,85.85,91,85.85,90.3,23623
PITTILAM,20110628,37.1,37.95,36.15,36.15,3715
PLASTIBLEN,20110628,207,207,206,207,760
PLETHICO,20110628,358.5,358.5,347.1,348.65,78152
PNB,20110628,1075,1082.45,1066.65,1073.7,226417
PNBGILTS,20110628,23.85,24.4,23.85,24.1,37985
PNC,20110628,14.2,15.2,14.2,14.95,1660
POCHIRAJU,20110628,16,16.2,15.85,16.05,1541
POLARIND,20110628,4.1,4.25,4.05,4.25,452
POLARIS,20110628,183.9,183.9,176.1,178.8,336524
POLYPLEX,20110628,182.75,184.7,180.1,181.9,58441
PONDYOXIDE,20110628,30.1,30.35,29.95,30.05,3767
PONNIERODE,20110628,90.25,92,90.15,91.6,868
POWERGRID,20110628,109.4,109.9,108.1,109.1,7803161
PPAP,20110628,106,107.75,104.5,106.25,3261
PRADIP,20110628,89.5,90,87.1,87.55,8274
PRAENG,20110628,10.25,10.5,10.15,10.45,27180
PRAJIND,20110628,74.15,74.65,72.7,73.3,240595
PRAKASH,20110628,64.9,64.9,63.25,63.75,69222
PRAKASHSTL,20110628,144.3,146,140.1,141.05,5474
PRATIBHA,20110628,53.05,54,51.35,52.2,82346
PRECOT,20110628,135.5,142,135.5,139.95,254
PRECWIRE,20110628,119,120,118,119.95,1370
PREMIER,20110628,95,101.9,87.2,92.75,813158
PRESTIGE,20110628,125.1,125.85,123.1,123.55,66516
PRETAILDVR,20110628,171.25,187,171.25,183.6,1927
PRICOL,20110628,19.2,19.9,19.15,19.55,15161
PRIMESECU,20110628,22.55,25.6,22.25,25.05,63961
PRISMCEM,20110628,44.3,45.5,44.3,44.55,26388
PRITHVI,20110628,27.5,28.2,27.3,28,4227
PROVOGUE,20110628,34.25,34.6,34,34.2,152819
PSB,20110628,101.2,102.5,99.65,100.5,40070
PSL,20110628,69.85,70.2,68.75,68.9,87372
PSUBNKBEES,20110628,395,398.5,393.05,397.9,134
PTC,20110628,77.5,78.1,76.25,76.95,665529
PTL,20110628,26.2,28.1,26.2,27.25,1190
PUNJABCHEM,20110628,78,79.45,77.65,78.7,2202
PUNJLLOYD,20110628,67,71.9,67,71.4,16861804
PURVA,20110628,87.75,88.5,87.05,87.4,5638
PVP,20110628,9.15,9.5,9.15,9.25,60160
PVR,20110628,101.5,103.8,101.5,101.9,21770
QGOLDHALF,20110628,1065,1065,1057.2,1064.9,1198
QNIFTY,20110628,560,560,557.8,558.65,34
QUINTEGRA,20110628,3.45,3.65,3.45,3.55,7318
RADAAN,20110628,2.4,2.45,2.3,2.3,22281
RADICO,20110628,128.2,128.9,127.75,128,22092
RAINBOWPAP,20110628,61.5,61.5,60.25,60.5,37064
RAINCOM,20110628,33.9,33.9,32.85,33.25,89890
RAJESHEXPO,20110628,95,101.2,92.25,97.75,909200
RAJOIL,20110628,30.7,31.7,30.45,31.45,53757
RAJPALAYAM,20110628,599.85,599.85,575.65,577.65,432
RAJRAYON,20110628,10.55,11.5,10.55,11.45,2529
RAJSREESUG,20110628,46,47,45.6,45.75,2336
RAJTV,20110628,50.3,52,50.05,50.4,34493
RAJVIR,20110628,174.85,174.85,152.6,154.05,82
RALLIS,20110628,1505,1535.6,1505,1512.5,4767
RAMANEWS,20110628,15,15.2,14.9,15.05,18082
RAMCOIND,20110628,40.3,40.3,39.55,39.85,40094
RAMCOSYS,20110628,94.5,95,92.15,92.75,9919
RAMKY,20110628,279.9,281.8,274,278.75,3462
RAMSARUP,20110628,15.25,15.8,15.2,15.45,24970
RANASUG,20110628,5.1,5.2,5.1,5.15,151960
RANBAXY,20110628,540,542.3,530,532.85,331470
RANEENGINE,20110628,225,228.7,218,218.45,233
RANEHOLDIN,20110628,232,236.9,231,234,27
RANKLIN,20110628,14,14,13.25,13.8,5751
RATNAMANI,20110628,102.85,102.85,99.2,100.4,1342
RAYMOND,20110628,363,374.05,359.2,372.6,706039
RBL,20110628,110,116,110,112,1110
RBN,20110628,80.95,83.4,79,80.3,69665
RCF,20110628,74.55,75.15,73.65,74.55,352932
RCOM,20110628,95.05,95.7,94.1,94.85,2353373
RECLTD,20110628,194.25,194.9,187.55,189.9,1457203
REDINGTON,20110628,85.15,87.3,84.25,86.05,581369
REFEX,20110628,26,26.25,25.9,25.9,43986
REIAGROLTD,20110628,25.95,25.95,25.15,25.4,603504
REISIXTEN,20110628,30.45,30.45,28.5,28.85,3188
RELAXO,20110628,260.05,277,256,274.95,223
RELBANK,20110628,1012,1029.95,1012,1025.09,367
RELCAPITAL,20110628,559.4,567,558.5,563.4,873604
RELGOLD,20110628,2089.95,2089.95,2075,2081,3251
RELGRNIFTY,20110628,531.05,550,531.05,545.67,2575
RELIANCE,20110628,878.9,878.9,862,871.1,2336039
RELIGARE,20110628,431.05,448,431.05,446.4,28570
RELIGAREGO,20110628,2198,2199,2185,2194.4,95
RELINFRA,20110628,526,530.1,515.45,522.4,1352769
RELMEDIA,20110628,122.4,125,120.9,121.7,451290
RENUKA,20110628,61.35,62,60.9,61.2,2352321
REPRO,20110628,139,141.8,139,139.35,13516
RESPONIND,20110628,94.75,94.75,94.75,94.75,27
RESURGERE,20110628,0.6,0.6,0.55,0.6,3085243
REVATHI,20110628,400,400,400,400,10
RICOAUTO,20110628,15.6,15.95,15.1,15.3,74570
RIIL,20110628,528,528,518,520.6,74415
RKDL,20110628,22.5,22.5,21.5,21.8,57181
RKFORGE,20110628,103,115,103,110.15,957
RMCL,20110628,6.9,6.95,6.7,6.75,20602
RML,20110628,122,125.95,121,124.05,691
ROHITFERRO,20110628,35.9,35.95,35.25,35.5,25926
ROHLTD,20110628,61.8,68.5,60.55,67,67341
ROLTA,20110628,129.45,130.35,126.2,128,195986
ROMAN,20110628,26.55,26.55,24.15,24.75,863
RPGLIFE,20110628,81.3,82.5,81.25,82.15,1662
RPOWER,20110628,115.5,116,113.75,115.15,1108764
RPPINFRA,20110628,81.4,82.9,80,80.95,163090
RSSOFTWARE,20110628,53.1,56,53.1,54.35,766
RSWM,20110628,136,144.9,136,140,38297
RSYSTEMS,20110628,108,109.9,108,109.55,1343
RUBYMILLS,20110628,706,733,700,700,139
RUCHINFRA,20110628,19,21.2,18.6,20.05,115347
RUCHIRA,20110628,9.15,9.6,9.15,9.5,1171
RUCHISOYA,20110628,97.85,97.9,96,96.55,259096
SABTN,20110628,54,55.6,53.1,53.3,12086
SADBHAV,20110628,134.1,138,133,134.9,30176
SAGCEM,20110628,143.95,143.95,135.35,136.8,254
SAHPETRO,20110628,35,39.75,34.5,37.65,39300
SAIL,20110628,138,139.7,135.75,136.35,3531921
SAKHTISUG,20110628,33.2,33.6,33,33.15,43270
SAKSOFT,20110628,56.05,57,56.05,56.25,42528
SAKUMA,20110628,14.4,15,14.4,14.95,7751
SALONACOT,20110628,23.1,23.1,23.1,23.1,50
SALORAINTL,20110628,31.9,31.9,28.1,29,600
SALSTEEL,20110628,6.9,6.9,6.65,6.65,23213
SAMBANDAM,20110628,83.5,83.5,83.5,83.5,139
SAMBHAAV,20110628,1.65,1.75,1.65,1.65,1754
SANDESH,20110628,270.25,280,270.25,272,67
SANGAMIND,20110628,37.85,38.55,37.85,38.5,1007
SANGHIIND,20110628,19.05,19.05,18.7,18.75,3995
SANGHIPOLY,20110628,1.65,1.75,1.65,1.65,4778
SANGHVIFOR,20110628,45.55,48,45,48,97588
SANGHVIMOV,20110628,122,122,117.25,118.15,9060
SANWARIA,20110628,36.75,37.35,35.1,36.05,20730
SARDAEN,20110628,211.75,217.85,208.05,214.45,30557
SAREGAMA,20110628,68,70,67.6,68.65,106773
SASKEN,20110628,130.1,132,130,130.6,17793
SATHAISPAT,20110628,46.05,46.05,46,46,503
SATYAMCOMP,20110628,84.8,86.1,84.2,84.3,3712838
SAVERA,20110628,37,38.6,37,37.95,507
SBBJ,20110628,490.2,507.7,490,499.55,10521
SBIGETS,20110628,2189.9,2189.9,2173,2181.85,4784
SBIN,20110628,2331.1,2349.2,2319.85,2341.1,1730142
SBT,20110628,697.5,717.95,697.5,703.7,9336
SCI,20110628,103.05,103.95,101.75,102.55,94780
SEAMECLTD,20110628,98,98,90.3,90.3,22375
SEINVEST,20110628,12.95,13.65,11.45,11.6,3027219
SELAN,20110628,295,296.35,287.25,289.05,22782
SELMCL,20110628,16.35,16.4,16,16.1,211005
SENTINEL,20110628,15.65,15.65,14.8,15.1,1406
SERVALL,20110628,8.25,8.35,8.05,8.1,81232
SESAGOA,20110628,289,290,281.5,283.8,1242655
SESHAPAPER,20110628,227,242.5,227,236,816
SGFL,20110628,5.6,5.9,5.6,5.9,451
SGJHL,20110628,284.1,286.9,275.3,280.15,200451
SGL,20110628,3.85,4.5,3.7,4.25,6163
SHAHALLOYS,20110628,12.1,12.25,12.1,12.25,580
SHANTIGEAR,20110628,42.45,43.5,41.45,43.15,125197
SHARIABEES,20110628,123.3,123.3,123.3,123.3,2
SHARRESLTD,20110628,48,51.95,48,51.8,2500
SHASUNPHAR,20110628,76.8,76.8,72.5,74.95,27909
SHILPAMED,20110628,243,250,243,248.1,714
SHILPI,20110628,15.1,15.5,15.05,15.5,80477
SHIV-VANI,20110628,224,224,218.55,220.2,10407
SHIVAMAUTO,20110628,112,116.9,112,115.95,2086
SHIVTEX,20110628,29.05,30.9,29.05,30.1,736
SHLAKSHMI,20110628,82.05,83.45,81.75,81.9,5233
SHOPERSTOP,20110628,440,450,439.2,444.95,92111
SHPRE,20110628,6.1,6.7,6,6.1,12073
SHREEASHTA,20110628,5.8,5.8,5.2,5.6,23358439
SHREECEM,20110628,1684.8,1684.8,1662.95,1665.3,432
SHREERAMA,20110628,5.9,5.9,5.5,5.55,33271
SHRENUJ,20110628,54.25,58.4,54.25,56.3,117741
SHREYANIND,20110628,20.05,21.9,20.05,20.2,1000
SHREYAS,20110628,29.9,31.8,29.75,30.35,1393
SHRIRAMCIT,20110628,547.05,548.5,536.1,545,11582
SHRIRAMEPC,20110628,157.55,157.8,153.25,155.85,9381
SHYAMTEL,20110628,40.5,41.5,39.3,41.3,3804
SICAGEN,20110628,26.25,26.4,24.4,24.7,54356
SICAL,20110628,76.05,76.05,71.8,72.85,47802
SIEMENS,20110628,883.3,888.85,875.35,884.1,113414
SILINV,20110628,95.75,95.75,94,94,28
SIMBHSUGAR,20110628,36.4,38,36.4,37.1,45549
SIMPLEX,20110628,96.9,96.9,95.9,95.9,464
SIMPLEXINF,20110628,270,274,269,269.7,1256
SINTEX,20110628,169.75,174.5,167.3,174.05,1345849
SIRPAPER,20110628,57.7,57.7,54.1,55.25,8766
SITASHREE,20110628,5.95,6.15,5.85,6,4719
SIYSIL,20110628,408,410,395,397.1,811
SJVN,20110628,21.05,21.25,21,21.05,66796
SKFINDIA,20110628,661,661,640.25,646.15,5643
SKMEGGPROD,20110628,8.75,8.95,8.5,8.55,9226
SKSMICRO,20110628,355,360.9,341.1,345.1,365683
SKUMARSYNF,20110628,55.55,55.8,54.05,54.65,2589175
SMARTLINK,20110628,47.15,47.15,45.1,45.75,65715
SMLISUZU,20110628,359,369.8,355,360.05,11054
SMPL,20110628,9.85,10.2,9.75,9.85,86674
SMSPHARMA,20110628,200,205,197,197.2,9461
SOBHA,20110628,260,261.95,255.6,257.7,277818
SOLARINDS,20110628,600.05,626.95,595,621,1480
SOMANYCERA,20110628,40.5,40.5,39.25,39.45,1288
SOMATEX,20110628,7.1,7.2,6.05,7.2,8198
SONASTEER,20110628,15.7,15.7,15.1,15.55,79628
SONATSOFTW,20110628,40,41.5,40,40.8,217029
SOTL,20110628,534,539.85,526.5,534,718
SOUISPAT,20110628,8.7,8.7,8.1,8.25,136249
SOUTHBANK,20110628,23.9,23.9,23.45,23.8,2154487
SPANCO,20110628,132,132.9,129.6,130.6,531
SPARC,20110628,90,91.9,89.7,90.15,87723
SPECTACLE,20110628,16.4,16.8,16.05,16.6,18207
SPENTEX,20110628,12,13,12,12.95,8389
SPIC,20110628,29.75,30.3,28.9,29.8,1114493
SPICEMOBIL,20110628,99.8,100.4,98,98.4,4753
SPLIL,20110628,4.6,4.75,4.1,4.55,7261
SPMLINFRA,20110628,164,164,155.1,157.1,843
SPYL,20110628,29.75,30.7,29.4,30.1,5021
SREINFRA,20110628,42.5,42.5,41.1,42.05,680952
SRF,20110628,298,298,287.3,289.55,39466
SRGINFOTEC,20110628,0.5,0.6,0.5,0.6,26909
SRHHLINDST,20110628,3.75,3.85,3.75,3.85,263
SRHHYPOLTD,20110628,40.6,42,39.95,41.55,1313
SRICHAMUND,20110628,44,44,37.35,38,510
SRTRANSFIN,20110628,604,604.75,589.05,595.55,801490
SSWL,20110628,256.6,273.25,256.6,269.55,33232
STAR,20110628,337.8,337.8,332.3,334.7,88924
STARPAPER,20110628,21.05,22.9,21.05,21.5,4698
STCINDIA,20110628,204.75,208.7,202,204.7,133508
STER,20110628,164.35,165.6,161.6,162.4,3944714
STERLINBIO,20110628,94.5,96,83.85,87.7,1344121
STERTOOLS,20110628,121.25,129,121.25,124.15,1345
STRTECH,20110628,50.75,52.15,49.5,51.05,607820
SUBEX,20110628,57.45,58.4,55.7,56.85,497961
SUDAR,20110628,103.7,103.7,100.4,101.75,159148
SUDARSCHEM,20110628,760.05,761,760,761,71
SUJANATOW,20110628,31.95,31.95,30.5,30.7,619315
SUJANAUNI,20110628,5.5,5.7,5.45,5.5,11056
SUMEETINDS,20110628,36.4,37.85,35.95,37.85,482727
SUMMITSEC,20110628,78.2,85,78.2,80.45,1849
SUNCLAYTON,20110628,141,145,141,144.5,1086
SUNDARAM,20110628,42.5,43.2,42.45,42.9,400860
SUNDARMFIN,20110628,539,539,527.1,529.9,4156
SUNDRMBRAK,20110628,151.05,154.9,151.05,154.5,337
SUNDRMFAST,20110628,58.35,59.4,58.35,59.05,15701
SUNFLAG,20110628,23.95,24.45,23.95,24.05,323450
SUNILHITEC,20110628,115.15,121,115.15,118.15,33728
SUNPHARMA,20110628,496,496.5,486.45,492,555628
SUNTECK,20110628,296.2,303,296,298.75,23281
SUNTV,20110628,358.9,365,345.6,348.85,955098
SUPER,20110628,233,235,233,235,66
SUPERSPIN,20110628,8.1,8.25,8.1,8.2,3904
SUPPETRO,20110628,59,60.4,58.1,60.2,79038
SUPRAJIT,20110628,19.45,19.7,19,19.4,19963
SUPREMEIND,20110628,176.5,179.95,172,174.3,22104
SUPREMEINF,20110628,220.05,230.5,218.15,225.55,5030
SURAJDIAMN,20110628,46.1,47.15,46.1,46.75,9551
SURANACORP,20110628,95,95,90,91,135
SURANAIND,20110628,324,333.65,320.05,323.8,5116
SURANAT&P,20110628,14.85,15.8,14.75,15.5,13593
SURANAVEL,20110628,43.5,43.5,41.25,42.15,4216
SURYAJYOTI,20110628,28.95,29.45,28.95,29.35,4263
SURYALAXMI,20110628,69.1,69.8,67,67.8,4157
SURYAPHARM,20110628,20.6,20.6,20,20.1,89014
SURYAROSNI,20110628,79,82,76.3,79.8,30167
SUTLEJTEX,20110628,187,190,186,186.6,2822
SUVEN,20110628,20,20.4,19.75,20,23745
SUZLON,20110628,48.2,48.9,47.45,48.5,10192965
SWARAJENG,20110628,410,420,410,411.65,1136
SYMPHONY,20110628,1099.9,1100,1026,1077.4,692
SYNCOM,20110628,21.5,22.85,21.5,21.65,11842
SYNDIBANK,20110628,117.7,117.9,116,116.6,184213
TAINWALCHM,20110628,36.75,37.95,35,37.9,75316
TAJGVK,20110628,103.05,104,101.75,102.35,12436
TAKE,20110628,38.25,38.75,38.25,38.55,7876
TALBROAUTO,20110628,51.1,54.45,51.1,54,34
TALWALKARS,20110628,242.1,245.75,238.2,240.5,55222
TANFACIND,20110628,27,28.65,27,27.5,9
TANLA,20110628,13.9,14.2,13.2,14.2,123473
TANTIACONS,20110628,67,67.9,65.35,66.25,738
TARAPUR,20110628,19.25,20.35,19.25,20,32959
TATACHEM,20110628,368.8,373.5,364.3,366.55,247775
TATACOFFEE,20110628,758,824.85,755.1,819.2,1650719
TATACOMM,20110628,191.25,191.55,188.2,189.85,271708
TATAELXSI,20110628,240.2,242.7,240,240.75,104283
TATAGLOBAL,20110628,92.95,93.05,91.25,92.7,1310771
TATAINVEST,20110628,489.1,494.95,487.5,493.4,4119
TATAMETALI,20110628,97,98.8,96.4,97.8,14600
TATAMOTORS,20110628,984,990.5,967.8,984.7,1741799
TATAMTRDVR,20110628,535.05,539.5,531.85,532.85,968576
TATAPOWER,20110628,1283,1298.65,1269,1286.45,277015
TATASPONGE,20110628,335,336.95,332.25,335.3,3866
TATASTEEL,20110628,590.95,592.5,583,587.25,2320823
TCI,20110628,85,85.1,84,84.05,13903
TCIDEVELOP,20110628,186,189,184.15,185.45,165
TCIFINANCE,20110628,52.5,55.45,52.5,54.2,4855
TCS,20110628,1160,1162,1135.65,1154,1066666
TECHM,20110628,681.2,704.5,681.2,698.9,76196
TECHNO,20110628,234.8,234.8,220.5,223.75,13632
TECHNOFAB,20110628,142.75,147.5,142.5,143.25,8073
TECPRO,20110628,247,251.5,240,241.3,9567
TELEDATAIT,20110628,0.4,0.4,0.35,0.4,733834
TEXMACOLTD,20110628,32,32.3,32,32.15,53478
TEXMOPIPES,20110628,33.55,34.5,33.35,33.6,11916
TEXRAIL,20110628,84.95,84.95,83.1,83.95,55903
TFCILTD,20110628,25.45,25.45,24.5,24.7,20322
TFL,20110628,14,15.25,14,14.5,5770
THANGAMAYL,20110628,154.4,159.7,150.85,158.65,67348
THEMISMED,20110628,164,164,164,164,25
THERMAX,20110628,588.9,589,581.6,584.15,72830
THINKSOFT,20110628,48.8,49.25,48.2,48.45,35319
THIRUSUGAR,20110628,90.5,92,90,90.85,891
THOMASCOOK,20110628,48,49.2,47.55,48.7,171177
TI,20110628,41.2,42.3,40.5,42,280724
TIDEWATER,20110628,6845,6845,6725,6757.65,532
TIIL,20110628,52.4,52.85,51.45,52.4,1767
TIL,20110628,422.1,432.95,422.1,428.2,1748
TIMBOR,20110628,87.4,88.9,80.1,86.65,9315092
TIMESGTY,20110628,36,36,35.35,36,1077
TIMETECHNO,20110628,69.9,69.95,67.5,69.55,85378
TIMKEN,20110628,223.75,225.4,218.05,220.7,151899
TINPLATE,20110628,58.4,58.8,57.45,57.6,34329
TIPSINDLTD,20110628,26.8,27.05,26.25,26.45,5511
TIRUMALCHM,20110628,97,98.5,96.05,97.9,733
TITAN,20110628,212,216.3,211.15,212.6,6146633
TNPETRO,20110628,16.3,16.3,16.15,16.25,25880
TNPL,20110628,116.5,116.5,114,114.55,86339
TODAYS,20110628,6.75,7.2,6.75,6.95,8544
TOKYOPLAST,20110628,13.55,14,13.55,13.95,679
TORNTPHARM,20110628,624,633.9,610.1,627.8,22165
TORNTPOWER,20110628,242,245.2,235.3,237.25,54178
TRENT,20110628,1099,1149,1082,1126.9,56582
TRF,20110628,366.75,367.95,361.75,365.35,11628
TRICOM,20110628,15.05,15.05,15,15,8195
TRIDENT,20110628,14.3,14.55,13.55,13.65,190665
TRIGYN,20110628,17.55,17.65,17.4,17.55,5608
TRIL,20110628,241.15,245.7,241.15,244,4573
TRIVENI,20110628,38.3,39.9,37.9,39.3,148914
TTKHEALTH,20110628,417.95,427.9,406.2,409.65,6274
TTKPRESTIG,20110628,2836,2936,2830,2919.4,344493
TTL,20110628,29,30,29,29.05,4605
TTML,20110628,17.3,18.2,17,18.05,4196999
TUBEINVEST,20110628,134.5,138,133.55,136.35,132339
TULIP,20110628,154.2,156.8,153.3,155.5,51126
TULSI,20110628,13.7,14.1,13.5,13.85,89985
TVSELECT,20110628,23.4,23.75,23.4,23.5,788
TVSMOTOR,20110628,53.25,53.5,51.65,52,767389
TVSSRICHAK,20110628,311,314.95,306,310.6,1793
TVTODAY,20110628,60.25,65.8,59.35,63.8,276887
TWILITAKA,20110628,54.5,55.3,53,53.05,5900
TWL,20110628,389.8,395.9,388.5,390,6187
UBENGG,20110628,73.3,74.9,72.35,72.85,14217
UBHOLDINGS,20110628,152.8,155,150.2,151.1,91959
UBL,20110628,512.55,530.9,511,522,152820
UCALFUEL,20110628,82.1,84,82.1,83.1,41388
UCOBANK,20110628,94.6,95.6,93,93.25,1462802
UFLEX,20110628,205,207.35,200.5,204.75,834024
UGARSUGAR,20110628,13.2,13.75,13.2,13.7,13372
ULTRACEMCO,20110628,962,964.8,953.25,961.85,48852
UMESLTD,20110628,22.25,25.4,22.25,23.2,8513
UNICHEMLAB,20110628,146.2,149.9,145.1,146.85,14177
UNIENTER,20110628,25.15,26,25,25.95,600
UNIONBANK,20110628,319,319,301.5,306.8,262605
UNIPHOS,20110628,155.9,158.7,154.25,156.95,1152591
UNIPLY,20110628,13.5,13.7,13.25,13.4,2843
UNITECH,20110628,30.4,31.2,29.8,30.95,20767740
UNITEDBNK,20110628,97.15,98.4,95.3,95.6,62662
UNITEDTEA,20110628,129.4,129.4,129.4,129.4,10
UNITY,20110628,65.05,66.4,64.5,65.25,19436
UNIVCABLES,20110628,60,62,59,59.45,2542
UPERGANGES,20110628,56,56,52,52.6,7776
USHAMART,20110628,53.6,54.5,52.6,53.15,1274360
USHERAGRO,20110628,125,125.8,123.5,124.3,338044
UTISUNDER,20110628,845,845,845,845,8
UTTAMSTL,20110628,104,104.8,103.05,103.85,17564
UTTAMSUGAR,20110628,36,38.05,35.6,37.8,25750
UTVSOF,20110628,762,809.95,751.3,800.7,818913
VADILALIND,20110628,159.65,163.4,157,159.95,3208
VAIBHAVGEM,20110628,39.6,42.9,39.6,41.3,1018
VAKRANSOFT,20110628,355.2,374,355.2,365,20835
VALECHAENG,20110628,97.65,97.75,95.7,96.3,9572
VALUEIND,20110628,19.6,19.8,19.35,19.4,4395
VARDHACRLC,20110628,10.3,10.3,10.1,10.15,53043
VARDMNPOLY,20110628,80.1,85,78.5,82.85,91151
VARUN,20110628,193.65,201.45,193.6,196.65,153595
VARUNSHIP,20110628,24.9,25.05,23.9,24,108471
VASCONEQ,20110628,74.9,74.9,73.5,74.3,3479
VENKEYS,20110628,557,568.9,555.1,561.35,67656
VENUSREM,20110628,190,192,184.7,185.6,8614
VESUVIUS,20110628,362,368,360.65,363.25,1604
VGUARD,20110628,219.1,222.9,204.8,220.85,78332
VHL,20110628,450,462,450,462,190
VICEROY,20110628,25.85,30.5,25.85,29.7,59943
VIDEOIND,20110628,201.45,206.25,193.75,203.9,1562310
VIJAYABANK,20110628,68.4,68.9,67.2,67.7,1604070
VIJSHAN,20110628,19,19.55,18.5,19.15,2313
VIKASHMET,20110628,12.35,12.35,12,12.15,128882
VINATIORGA,20110628,73.45,73.45,72.1,72.5,4792
VINDHYATEL,20110628,173.05,173.05,170.6,170.65,278
VINYLINDIA,20110628,11.55,12,11.55,11.9,3849
VIPIND,20110628,748,764.6,746,758.45,594966
VIPUL,20110628,10.55,12,10.55,11.65,11798
VISAKAIND,20110628,96.2,99.85,96.2,97.4,2989
VISASTEEL,20110628,59.15,59.15,58.95,59.05,21738
VISESHINFO,20110628,8.6,8.6,8.6,8.6,3500
VISHALRET,20110628,30.25,32.25,30.25,31.8,71525
VISUINTL,20110628,2.95,3,2.9,2.95,1749
VIVIMEDLAB,20110628,284,284,276,276.75,8300
VLSFINANCE,20110628,13.5,14.85,13.4,14.05,12243
VOLTAMP,20110628,512.8,512.8,504,505.75,15914
VOLTAS,20110628,160.95,162,159.05,161.05,488515
VSTIND,20110628,949,955,940,950.3,4532
VSTTILLERS,20110628,478,491.95,478,481.15,52
VTL,20110628,208.05,219.95,208.05,214.15,1992
VTXIND,20110628,15.85,17.4,15.85,17.25,601
WABAG,20110628,1295.95,1295.95,1267,1277.5,14828
WABCO-TVS,20110628,1030,1059,1030,1049.5,20956
WALCHANNAG,20110628,118.5,120.75,117.75,118.4,38221
WANBURY,20110628,29.5,29.85,28.9,29.05,4087
WEBELSOLAR,20110628,62.5,62.5,58.2,59.9,401
WEIZMANIND,20110628,14.8,14.8,11.3,11.55,20427
WELCORP,20110628,162.9,171.4,162.25,169.05,1293873
WELINV,20110628,62,65,62,65,3018
WELPROJ,20110628,65,68.4,65,66.35,69731
WELSPUNIND,20110628,40.55,42.75,39.05,42.05,190208
WENDT,20110628,1435.05,1460,1435.05,1452.65,266
WHEELS,20110628,252.1,262,252.1,254.3,285
WHIRLPOOL,20110628,247.95,247.95,240.5,241.95,9213
WILLAMAGOR,20110628,48.5,49.2,44.65,45.2,177
WINSOMYARN,20110628,3.5,3.5,3.35,3.4,159443
WIPRO,20110628,421.1,424,413,419.1,1311855
WOCKPHARMA,20110628,354.7,368.7,352.75,364.85,155608
WSI,20110628,18.75,18.8,18.25,18.25,3550
WSTCSTPAPR,20110628,84,85,84,84.9,14271
WWIL,20110628,8.65,8.75,8.6,8.65,510023
WYETH,20110628,915,934,907.25,929.85,6976
XLENERGY,20110628,8,8,7.75,7.95,62103
XPROINDIA,20110628,54.15,54.2,53,53.6,5533
YESBANK,20110628,314,317,308.05,309.25,2271676
ZANDUREALT,20110628,1978,1978,1870,1908.35,593
ZEEL,20110628,142.05,142.55,139.1,140.6,1738421
ZEELEARN,20110628,19.6,21.2,19.15,20.9,1202361
ZEENEWS,20110628,11.65,11.7,11.35,11.45,775456
ZENITHBIR,20110628,7,7.3,6.5,6.5,2966299
ZENITHCOMP,20110628,17,17.85,16.9,17.5,5452
ZENITHEXPO,20110628,54.3,54.3,49.25,54.25,3
ZENITHINFO,20110628,200.5,200.5,198.1,199.6,23
ZENSARTECH,20110628,163.5,165,162,163.8,1970
ZICOM,20110628,40.4,40.75,39.5,39.65,11675
ZODIACLOTH,20110628,372,375,366.1,374.05,945
ZUARIAGRO,20110628,634,647.8,633.55,642.3,5626
ZYDUSWELL,20110628,602,624,592.1,616.35,21688
ZYLOG,20110628,395.5,402,388.1,399.7,163136
NSENIFTY,20110628,5548.85,5558.30,5496.35,5545.30,114413706,5127.85
NIFTYJUNIOR,20110628,11218.60,11271.35,11163.25,11177.20,77139407,1431.14
BANKNIFTY,20110628,11059.15,11114.20,10986.70,11054.05,12616092,1313.12
NSEMIDCAP,20110628,7903.35,7955.25,7891.95,7924.85,132914959,1605.67
NSEIT,20110628,6543.30,6561.65,6465.40,6525.35,20313738,649.72
NSE100,20110628,5469.50,5482.95,5424.75,5465.05,191553113,6558.99
NSE500,20110628,4451.35,4464.85,4421.90,4454.35,465303094,9495.46
MIDCAP50,20110628,2400.65,2414.45,2391.50,2406.00,89257190,846.13
VIX,20110628,19.99,19.99,19.32,19.49,19.99,-0.50
