20MICRONS,20110830,56.45,56.45,53.5,54.35,81820
3IINFOTECH,20110830,27.1,28.6,26.85,27.1,1082570
3MINDIA,20110830,4531,4700,4531,4602.6,977
A2ZMES,20110830,180.95,183.5,178.05,179.6,75132
AANJANEYA,20110830,425.25,434.8,418,423.6,182589
AARTIDRUGS,20110830,116,116,111.25,112.95,3084
AARTIIND,20110830,44.75,46.2,44.4,45.75,47103
AARVEEDEN,20110830,33,34.85,32,34.85,156
ABAN,20110830,365.95,382.7,365,376.65,844439
ABB,20110830,825,844.9,821,836.1,57909
ABBOTINDIA,20110830,1483,1484,1449,1480.2,1759
ABCIL,20110830,101.6,102.5,98.6,100.45,3708
ABGSHIP,20110830,376.05,379.6,366,369.5,422610
ABHISHEK,20110830,10.9,10.9,10.3,10.4,1065
ABIRLANUVO,20110830,890,925.5,890,917.2,195589
ACC,20110830,1014.75,1014.75,993.5,1002.8,266548
ACE,20110830,44.5,45,44.1,44.75,62867
ACKRUTI,20110830,188.3,200,186.55,198.35,19971
ACROPETAL,20110830,15,15.05,14.65,14.75,39109
ADANIENT,20110830,547.75,551.6,525.2,529.45,777767
ADANIPOWER,20110830,90.9,93.35,89.5,91.55,442352
ADFFOODS,20110830,55.1,55.95,53.25,55.35,1381
ADHUNIK,20110830,55.5,57.3,55.4,56.75,96695
ADORWELD,20110830,160.8,160.8,151.9,154.25,8258
ADSL,20110830,24.9,25,23.6,23.7,156626
ADVANIHOTR,20110830,35.25,36.9,35.15,35.9,1602
ADVANTA,20110830,350.95,364.45,350,356.75,335393
AEGISCHEM,20110830,192.4,194,187,188.35,9750
AFL,20110830,38,38,37.35,37.95,13182
AFTEK,20110830,11.35,11.7,11.3,11.35,140272
AGCNET,20110830,118.7,118.7,112.3,114.65,1242
AGRE,20110830,40.65,42.45,40.65,41.5,1588
AGRODUTCH,20110830,7.3,8.15,7.3,7.6,32503
AHLEAST,20110830,290.15,298.7,290.1,292.35,1607
AHLUCONT,20110830,117.9,123,112.5,113.95,1598
AHLWEST,20110830,157,157,151.25,153,796
AHMEDFORGE,20110830,107.05,108.7,105.15,105.95,14827
AIAENG,20110830,326,340,323.4,324.9,41045
AJANTPHARM,20110830,306.9,318.5,301,316.1,54821
AJMERA,20110830,119,120.95,116.35,117.2,24855
AKSHOPTFBR,20110830,6.55,6.7,6.35,6.5,88842
AKZOINDIA,20110830,940,940,925.05,929.8,6917
ALBK,20110830,174.15,180.4,174,179.1,535399
ALCHEM,20110830,248.25,257.9,248.1,255.1,172212
ALEMBICLTD,20110830,18.55,18.9,18.5,18.65,23954
ALFALAVAL,20110830,1689.9,1728.9,1660,1692.95,3253
ALKALI,20110830,38.7,40.8,38.7,40.1,9214
ALKYLAMINE,20110830,85.1,89.75,82.1,86.1,4372
ALLCARGO,20110830,150.05,151,148.3,149.15,27335
ALLSEC,20110830,15.25,15.25,14.75,15,1606
ALMONDZ,20110830,23.45,23.45,22.05,22.15,358
ALOKTEXT,20110830,17.5,17.95,17.3,17.7,5391170
ALPA,20110830,8,8.7,8,8.15,3367
ALPSINDUS,20110830,2.5,2.6,2.45,2.5,15279
AMAR,20110830,97.25,100,96.7,97.45,59275
AMARAJABAT,20110830,237.5,243.3,235.1,241.35,39580
AMARJOTHI,20110830,55.25,55.25,53.25,55.2,4
AMBIKCO,20110830,185,185,176.4,177.05,1276
AMBUJACEM,20110830,133.6,135.4,132.05,133.05,1887955
AMDIND,20110830,19.95,20.05,19.35,19.6,7190
AMLSTEEL,20110830,13.5,13.5,12.2,12.7,874
AMRUTANJAN,20110830,799,806.7,776,782.8,159814
AMTEKAUTO,20110830,133.85,134.9,131.2,133.7,356771
AMTEKINDIA,20110830,118,118.8,111.45,112.15,683200
ANANTRAJ,20110830,66.2,66.4,64,65.3,204457
ANDHRABANK,20110830,128.45,131.9,127.05,130.2,479698
ANDHRSUGAR,20110830,104.05,105.9,104.05,105.4,7848
ANGIND,20110830,23.4,23.4,20.55,20.95,824
ANIKINDS,20110830,37.4,37.4,34.05,34.55,1530
ANKURDRUGS,20110830,25.3,26.55,25.3,26.25,22859
ANSALAPI,20110830,27.45,28.5,27.05,27.2,216664
ANSALHSG,20110830,39,39.5,37.15,38.85,6181
APARINDS,20110830,162.4,168.95,157.25,166.9,33889
APCOTEXIND,20110830,158,167.8,158,165,291
APIL,20110830,526.8,528.7,510.6,519.45,41899
APOLLOHOSP,20110830,539,539,525,534.25,22672
APOLLOTYRE,20110830,56.5,59.9,55.25,59.15,6450955
APPAPER,20110830,356,364.65,356,360,14623
APTECHT,20110830,123.65,124.95,116.75,120.3,912304
AQUA,20110830,15,15,14.1,14.5,14930
ARCHIDPLY,20110830,11.95,11.95,9.9,10.15,16181
ARCHIES,20110830,37.65,37.65,36.75,36.95,16293
AREVAT&D,20110830,214,217.85,210.05,216,44823
ARIES,20110830,86.5,88.95,85.65,86.4,5836
ARIHANT,20110830,48.75,51.2,48.75,50,360
ARL,20110830,2.05,2.1,2,2.05,111618
AROGRANITE,20110830,37.1,37.1,37.1,37.1,100
ARROWTEX,20110830,9.1,9.6,9.1,9.5,410
ARSHIYA,20110830,137.9,146.75,129,130.35,54697
ARSSINFRA,20110830,291.8,294.95,288,291.5,204257
ARVIND,20110830,77.25,79,76.75,78.55,1795713
ASAHIINDIA,20110830,66.3,68.45,65.35,67.9,24792
ASAHISONG,20110830,95.95,95.95,93,94.9,300
ASAL,20110830,54.7,54.7,50.25,52.95,3496
ASHAPURMIN,20110830,16.6,17.6,16.6,17.3,13761
ASHCONIUL,20110830,1.9,2,1.9,2,690
ASHIANA,20110830,127,140,127,139.35,2413
ASHOKA,20110830,269,290.05,259.95,282.05,50624
ASHOKLEY,20110830,25.1,25.8,24.6,24.85,3440937
ASIANHOTNR,20110830,176,190,176,178.15,742
ASIANPAINT,20110830,3318.9,3324.9,3251,3286.05,38886
ASIANTILES,20110830,43,43,39.25,39.9,7798
ASIL,20110830,2.65,2.65,2.65,2.65,50
ASSAMCO,20110830,11.65,11.95,11.4,11.55,156375
ASTEC,20110830,33.25,34.4,33.2,34,2671
ASTERSILI,20110830,15.85,16.35,15.85,16.2,10476
ASTRAL,20110830,183,190,182,188.45,9431
ASTRAMICRO,20110830,25,25,24,24.1,28821
ASTRAZEN,20110830,1274.9,1284,1262,1283.6,36
ATFL,20110830,378.95,379.05,367.5,368.8,7031
ATLANTA,20110830,70.9,72.15,69.4,69.8,187423
ATNINTER,20110830,0.9,1,0.85,0.85,7642
ATUL,20110830,196,202.3,193,199.05,42055
AURIONPRO,20110830,155,155,126.3,132.5,173
AUROPHARMA,20110830,130,130.5,124.1,125.7,1116749
AUSTRAL,20110830,1.9,1.9,1.8,1.85,454628
AUTOIND,20110830,120.5,121,116.6,118.05,23737
AUTOLITIND,20110830,18.65,19.75,18.65,19.05,4891
AVANTI,20110830,53.15,56.6,52.1,56.6,3073
AVENTIS,20110830,2170,2193.95,2147.05,2186.85,14232
AVTNPL,20110830,319,335.9,319,335.9,1314
AXISBANK,20110830,1060,1080,1054.95,1072.75,1885385
AXISGOLD,20110830,2660,2660,2621,2647.8,1093
BAGFILMS,20110830,5.6,5.7,5.3,5.5,138668
BAJAJ-AUTO,20110830,1589,1590,1548.4,1573.55,643577
BAJAJCORP,20110830,116.4,121.75,113.2,119.25,31857
BAJAJELEC,20110830,176.5,203.85,176,194.6,766530
BAJAJFINSV,20110830,590.55,621.9,530,537,2830167
BAJAJHIND,20110830,55,55.5,52.8,54.65,913348
BAJAJHLDNG,20110830,757,768,748.1,749.95,151884
BAJFINANCE,20110830,616,630,594,615.25,47461
BALAJITELE,20110830,28.15,28.9,27.5,28.1,71754
BALAMINES,20110830,35.95,35.95,33.85,34.3,4266
BALKRISIND,20110830,178,190,168,170.55,12474
BALLARPUR,20110830,27,27.6,26.75,27,237883
BALMLAWRIE,20110830,640.75,640.75,626,636.65,6326
BALPHARMA,20110830,22.9,23,22.5,22.65,2353
BALRAMCHIN,20110830,54.95,55.25,53.85,54.4,884203
BANARISUG,20110830,554,624.9,543.05,620.1,2127
BANCOINDIA,20110830,76.05,80,74.75,77.85,19006
BANKBARODA,20110830,732,742,721.35,736.3,284226
BANKBEES,20110830,965,970.1,953.8,959.18,920
BANKINDIA,20110830,318,319,306.15,309.1,493084
BANSWRAS,20110830,96.55,98.45,88.6,94.9,11976
BARTRONICS,20110830,48.2,49.65,48.2,49.2,70819
BASF,20110830,596,603.8,592.05,595.3,3622
BASML,20110830,71.95,71.95,65.05,66.45,967
BATAINDIA,20110830,711,713.25,686.55,694.2,1028147
BATLIBOI,20110830,16.1,17.85,16.1,17.8,1238
BAYERCROP,20110830,795.3,814.35,790.5,807.25,2485
BBL,20110830,722.9,731,721,723.05,1524
BBTC,20110830,421,424,416.5,420.8,1866
BEARDSELL,20110830,45.5,45.5,45.5,45.5,50
BEDMUTHA,20110830,124.25,128,122.5,123.45,29635
BEL,20110830,1560.05,1588.5,1532,1541.6,20739
BELLCERATL,20110830,12.4,13.9,12.4,13.9,207
BEML,20110830,454,469,452.9,463.4,47682
BEPL,20110830,31.5,32,30.8,31.3,22950
BERGEPAINT,20110830,100.5,102,99.75,100.4,75665
BFINVEST,20110830,44.5,47.4,42.15,44.1,4206
BFUTILITIE,20110830,432,449.5,431.25,440.75,435943
BGLOBAL,20110830,13,13.4,12.55,13.05,84291
BGRENERGY,20110830,318,329.85,317,324.9,560453
BHAGWATIHO,20110830,79.5,79.95,76,76.85,1826
BHAGYNAGAR,20110830,15,15.25,14.5,14.8,2514
BHARATFORG,20110830,275,279.7,270.5,277.95,156585
BHARATGEAR,20110830,48,53,47.1,49.05,3086
BHARATRAS,20110830,102,110,102,107.9,1094
BHARTIARTL,20110830,407,416.45,401.05,404.65,5031304
BHARTISHIP,20110830,91.05,108.9,89.3,104.45,1832470
BHEL,20110830,1780,1786.7,1751.1,1768.35,1004177
BHUSANSTL,20110830,336.3,344.9,336.3,343.85,174162
BIL,20110830,42.5,42.6,40.9,41.35,7138
BILPOWER,20110830,83.7,83.7,81,82,4708
BIMETAL,20110830,286,286,265.3,265.75,421
BINANIIND,20110830,137.7,138.2,135,135.85,10820
BINDALAGRO,20110830,65.65,67.85,64.2,65,90890
BIOCON,20110830,331.95,334.45,328.55,330.95,175643
BIRLACORPN,20110830,309.3,323.5,307.2,317.6,6089
BIRLACOT,20110830,0.4,0.4,0.35,0.35,5901018
BIRLAERIC,20110830,13.45,13.45,11.8,12.45,7882
BIRLAMONEY,20110830,25.5,25.5,22.3,22.65,38239
BIRLAPOWER,20110830,0.7,0.75,0.7,0.75,3112345
BLBLIMITED,20110830,3.5,3.7,3.4,3.65,14345
BLISSGVS,20110830,20.4,22,20.25,20.45,21787
BLKASHYAP,20110830,11.5,11.9,11.35,11.4,153212
BLUECHIP,20110830,1,1,0.95,0.95,13205
BLUECOAST,20110830,180,180,166,166,78
BLUEDART,20110830,1629,1646.95,1612.25,1628.1,2342
BLUESTARCO,20110830,254.85,254.85,243.5,247.75,7671
BLUESTINFO,20110830,73.9,75,73.05,73.2,1639
BOC,20110830,271.9,273.5,268.1,271.8,2684
BODALCHEM,20110830,18.65,19.1,16.65,16.8,147656
BOMDYEING,20110830,304.95,309,301,306.1,97297
BOSCHLTD,20110830,7246.95,7268,7105,7209.5,2357
BPCL,20110830,685,685.05,668.15,674.6,474925
BPL,20110830,20.7,21.4,20.55,20.8,21343
BRANDHOUSE,20110830,15.45,16.1,15.15,15.45,82844
BRFL,20110830,279.9,279.9,277,278.8,33575
BRIGADE,20110830,65.05,66.95,65.05,65.65,13784
BRITANNIA,20110830,470.85,492,470.5,489.05,81460
BROADCAST,20110830,8.3,8.3,7.5,7.6,1510
BSELINFRA,20110830,3.65,3.75,3.55,3.7,37599
BSL,20110830,20.65,22.45,20.65,22.2,790
BSLGOLDETF,20110830,2700,2750,2652.5,2708.3,236
BSLNIFTY,20110830,48.1,48.75,48.1,48.59,802
BSTRANSCOM,20110830,93,95,92,92.5,25891
BURNPUR,20110830,6,6.2,5.9,6.05,22310
BVCL,20110830,13.2,13.7,12.65,12.75,3407
CADILAHC,20110830,840.05,868,834.05,845.05,207790
CAIRN,20110830,272,281,267.75,279.05,1856562
CALSOFT,20110830,30.35,30.4,26.75,29.7,55
CAMLIN,20110830,71.7,72.6,70.5,72.2,93562
CANBK,20110830,425.5,432.5,418.1,426.85,693515
CANDC,20110830,119,122,117.85,119.95,5861
CANFINHOME,20110830,95.35,96,93.3,94.75,7767
CANTABIL,20110830,27,27,26.25,26.75,4324
CARBORUNIV,20110830,293.3,301.95,285.3,294.45,7893
CAROLINFO,20110830,235,235,224.95,228.75,2380
CASTROL,20110830,524.5,524.5,511.85,515,26641
CCCL,20110830,18.7,19.9,17.5,17.7,122686
CCL,20110830,152.1,157.8,149,153.4,9847
CEATLTD,20110830,86.75,87.4,85,85.75,51014
CEBBCO,20110830,38.8,38.8,34.5,34.8,15701
CELEBRITY,20110830,7,7.2,6.6,7,1611
CELESTIAL,20110830,27,27,23.45,25.6,5616
CENTENKA,20110830,158,160,155.55,157.85,4271
CENTEXT,20110830,2.85,2.95,2.75,2.9,73887
CENTRALBK,20110830,98,100,98,99.15,910774
CENTUM,20110830,76.1,81.8,76.1,77.3,151
CENTURYPLY,20110830,63.5,65.25,63.5,64.75,23939
CENTURYTEX,20110830,288,293.25,282.5,284.85,375773
CERA,20110830,204.95,204.95,200.4,202.8,788
CESC,20110830,295.7,309.8,294.55,302.05,279577
CHAMBLFERT,20110830,102.5,107.8,102.5,106.45,3568852
CHEMFALKAL,20110830,42,42.85,41.1,41.5,1782
CHEMPLAST,20110830,6,6.1,5.95,6.05,25276
CHENNPETRO,20110830,203.95,205.5,201.05,203.75,138488
CHESLINTEX,20110830,12,13.45,11.2,13.2,431
CHETTINAD,20110830,450,459.95,450,458.95,42
CHOLAFIN,20110830,151.5,153.8,147.1,153.05,11432
CILNOVA,20110830,17.7,17.7,17.1,17.45,9125
CINEMAX,20110830,29.6,30.35,29.6,30,5813
CINEVISTA,20110830,3.3,3.3,3.05,3.3,4920
CIPLA,20110830,277.4,282.45,277.4,280.7,1206185
CLASSIC,20110830,10,10.3,10,10.2,5146
CLNINDIA,20110830,735,737.8,725.2,735.15,16403
CMAHENDRA,20110830,148.5,150.7,147,147.75,3033
CMC,20110830,965.05,975,940,948.1,6533
COALINDIA,20110830,374.4,378.9,370.1,375.6,2721134
COLPAL,20110830,963,963,946,951.05,44879
COMPUAGE,20110830,110,110,109.4,109.4,27
CONCOR,20110830,935.3,945,921.5,934.45,8902
CONSOFINVT,20110830,66,66,58.2,60,2039
CORAL-HUB,20110830,5,5.2,4.9,5.2,13328
CORDSCABLE,20110830,31.3,33.9,31.3,33.55,107396
COREPROTEC,20110830,300.05,304.85,300.05,302.85,101015
COROENGG,20110830,301.6,301.6,301.6,301.6,5
COROMANDEL,20110830,323.4,323.4,307.25,309.25,87445
CORPBANK,20110830,432,446.35,427.15,439.15,65578
COSMOFILMS,20110830,86.7,89,86.7,87.85,7181
COX&KINGS,20110830,196,203.4,195.5,200.75,451300
CPIL,20110830,269.75,278.8,262.1,275.05,8132
CREATIVEYE,20110830,5.5,5.5,5,5,579
CRESTANI,20110830,35.85,39,35,35.7,94991
CREWBOS,20110830,40.55,40.55,39.1,40.55,90887
CRISIL,20110830,7930,8047.95,7830,7939.3,2133
CROMPGREAV,20110830,144,151.7,143.55,150.4,2190053
CRONIMET,20110830,96,103,96,99.95,15678
CTE,20110830,6.5,7,6.5,6.7,1185
CUB,20110830,44.8,46.85,44.5,46,321503
CUBEXTUB,20110830,10,11,10,10.85,100
CUMMINSIND,20110830,596.95,599.9,586,592,91752
CYBERMEDIA,20110830,14.2,14.25,13.4,14.25,5060
CYBERTECH,20110830,11.75,12.1,11.7,11.85,6856
DAAWAT,20110830,44.3,44.5,43.3,43.85,19427
DABUR,20110830,110.9,111.45,108.65,110.75,1078485
DALMIABEL,20110830,123.5,130,123.15,127,603
DALMIASUG,20110830,16.65,16.85,16.4,16.7,43914
DATAMATICS,20110830,28.9,28.9,28.05,28.05,379
DBCORP,20110830,235.2,252,235.15,243.1,5359
DBREALTY,20110830,62,63.25,59.8,60.1,464532
DCB,20110830,45.15,47.1,45.15,46.55,3461054
DCHL,20110830,54,56.2,53.3,55.5,958252
DCM,20110830,46.25,50.6,44.15,47.25,179786
DCMSRMCONS,20110830,44.9,45.5,43.75,44.55,69954
DCW,20110830,9.1,9.3,9,9.05,81858
DECCANCE,20110830,140.25,148,140.25,145,381
DEEPAKFERT,20110830,165.05,166.25,163,164.8,46081
DEEPAKNTR,20110830,175.05,192.85,175.05,192.85,54
DEEPIND,20110830,72.05,72.85,69.35,70.9,10141
DELTACORP,20110830,90,91.35,88.6,89.95,3179426
DEN,20110830,41.7,42.9,40.75,41.35,161909
DENABANK,20110830,81,82.25,79.25,81.8,1495843
DENORA,20110830,77.3,82.9,77.3,79.65,5729
DENSO,20110830,55.25,56,55.05,55.6,486
DEWANHOUS,20110830,217.8,225.45,212.05,223.7,168670
DHAMPURSUG,20110830,48.85,48.95,46.25,46.4,225181
DHANBANK,20110830,76,79,74.3,78.4,1225324
DHANUKA,20110830,103,105.55,102,104.4,42701
DHARSUGAR,20110830,27,27,25.75,26.2,18533
DHUNINV,20110830,70.35,76.95,70.35,76.25,23
DIAPOWER,20110830,123,123,116.55,118.7,6862
DICIND,20110830,225.05,230,225,225.45,1855
DIGJAM,20110830,9.4,9.9,9.2,9.35,55982
DISHMAN,20110830,69,69.9,68.25,68.6,17858
DISHTV,20110830,77.6,79.7,77.3,78.95,3767910
DIVISLAB,20110830,707.6,729.9,705.3,725.2,190693
DLF,20110830,188.4,198.45,188,196.75,6621187
DLINKINDIA,20110830,20.3,21.7,20.2,21.2,12928
DOLPHINOFF,20110830,132.75,132.75,123.1,126.35,12570
DONEAR,20110830,20.7,22.85,20.7,21.85,928
DPSCLTD,20110830,1960,1994.8,1960,1983.9,204
DPTL,20110830,130,136.8,130,134.95,2599
DQE,20110830,36.9,36.9,33.6,34.6,2223
DREDGECORP,20110830,236.3,243.25,236,239,8758
DRREDDY,20110830,1482,1502,1451.15,1496,357328
DSKULKARNI,20110830,55.8,57,54.5,56.4,13493
DUNCANSIND,20110830,11.7,11.75,11.65,11.75,63791
DWARKESH,20110830,41.9,42,40.3,41.9,24997
DYNAMATECH,20110830,1059,1070,1000,1012.8,1504
DYNASYS,20110830,0.65,0.65,0.65,0.65,1
EASTSILK,20110830,6.15,6.3,6.05,6.15,7923
EASUNREYRL,20110830,57.4,59.4,56.3,58.3,5617
ECEIND,20110830,108,109.9,106,108.9,1447
ECLERX,20110830,717.75,734.8,710,724,8883
EDELWEISS,20110830,29.7,29.9,28.5,28.85,208217
EDL,20110830,96,99,95.1,96.4,6348
EDSERV,20110830,109.5,112.7,106.2,109.25,110787
EDUCOMP,20110830,203,211.4,200,204.15,4418228
EICHERMOT,20110830,1301,1355,1301,1344.25,10577
EIDPARRY,20110830,248.9,249.9,245.05,248,279848
EIHAHOTELS,20110830,142,142,136.3,138.05,2467
EIHOTEL,20110830,87.4,88.15,86.65,87.85,81405
EIMCOELECO,20110830,174.7,188,171.35,184.25,5700
EKC,20110830,73.3,74.5,72.1,73.95,253899
ELDERPHARM,20110830,382.6,408.85,382.6,392.35,32969
ELECON,20110830,69,70.25,66.3,70.05,195447
ELECTCAST,20110830,30.35,30.35,29.35,29.7,153834
ELECTHERM,20110830,116.1,119.95,114.5,114.6,1611
ELFORGE,20110830,9.9,9.9,9.75,9.9,9246
ELGIEQUIP,20110830,72.25,72.25,68.8,70.4,24272
ELGIRUBCO,20110830,24,27,23.25,26.8,15310
ELNET,20110830,34,34,33.05,33.7,428
EMAMILTD,20110830,461.25,468.75,451.25,460.95,13505
EMCO,20110830,45,48,44.5,44.95,110434
EMKAY,20110830,47.5,49.95,46.9,48.8,3104
EMMBI,20110830,12.05,12.2,12.05,12.2,1406
EMPEESUG,20110830,19.25,19.5,18.45,18.9,2420
ENERGYDEV,20110830,33.5,38.2,33.5,37.85,83996
ENGINERSIN,20110830,257,257.45,252.8,253.8,112801
ENIL,20110830,250.35,265,250.35,262.9,28808
ENTEGRA,20110830,19.55,20.75,19.55,20,7247
EONELECT,20110830,67,67,61.1,63.8,14779
ERAINFRA,20110830,156.15,156.8,155.05,155.9,288319
EROSMEDIA,20110830,206.35,217.85,204.5,214.8,417415
ESABINDIA,20110830,485,505,481.3,499.25,3220
ESCORTS,20110830,69.5,70.9,67.7,69.05,1000479
ESL,20110830,7.5,7.5,7.4,7.45,72504
ESSAROIL,20110830,85.1,89.4,83.8,88.4,1348578
ESSARPORTS,20110830,70.85,74,70,70.6,17047
ESSDEE,20110830,213.3,220,213.3,218.3,57832
ESSELPACK,20110830,36.95,36.95,35.7,36.1,2536538
ESTER,20110830,30.6,31,30.3,30.75,10732
EUROMULTI,20110830,7.3,8.4,7,7.6,9219
EUROTEXIND,20110830,22.5,22.75,21,21.3,1605
EVEREADY,20110830,40.5,40.75,39.8,40,32575
EVERESTIND,20110830,137.85,139.5,135.5,138,8801
EVERONN,20110830,445.7,457.8,434,438.3,109797
EXCELCROP,20110830,135.1,138.5,133.1,134.25,8453
EXCELINDUS,20110830,64.45,64.45,61,61.75,614
EXCELINFO,20110830,12.95,12.95,12,12.3,68854
EXIDEIND,20110830,150,153,148.45,149.55,660486
FACT,20110830,38.7,39.4,38.4,38.65,52888
FAGBEARING,20110830,1182,1182,1160,1163.35,729
FARMAXIND,20110830,2.15,2.25,2.1,2.25,61105
FCH,20110830,154,163.35,153,158.75,504251
FCSSOFT,20110830,0.65,0.75,0.65,0.65,1387411
FDC,20110830,90.95,90.95,87.25,87.55,68029
FEDDERLOYD,20110830,65,66.65,64.25,64.85,5384
FEDERALBNK,20110830,355,373.5,354.95,371.1,666414
FIEMIND,20110830,159,159,157,158,1659
FILATEX,20110830,41.3,41.3,39.65,40,3843
FINANTECH,20110830,749.2,758.95,728,734.95,56792
FINCABLES,20110830,41,41,39.15,39.95,45976
FINPIPE,20110830,68.25,71,68.25,69.9,267818
FIRSTLEASE,20110830,75.85,76.4,74.3,74.85,17082
FIRSTWIN,20110830,13.65,14.9,13.65,14.5,3790
FKONCO,20110830,105.1,108,105.1,106.15,91510
FMGOETZE,20110830,217.15,258.9,216.1,224.7,6881
FORTIS,20110830,153.9,154.5,152,152.6,141740
FOSECOIND,20110830,518,518,495.15,500.5,224
FOURSOFT,20110830,9.05,10.6,9,9.85,32988
FSL,20110830,12.2,12.4,11.95,12.1,1770380
FUTUREVENT,20110830,9,9,8.8,8.9,760922
GABRIEL,20110830,39,40.5,38.8,39.45,10433
GAEL,20110830,23.85,24.7,23.1,23.4,24060
GAIL,20110830,415.5,419.45,407,410.6,1161124
GAL,20110830,8.9,9.25,8.4,9.2,33431
GALLANTT,20110830,16.5,16.95,16.5,16.75,3541
GALLISPAT,20110830,89.1,90.15,88.95,89.95,125354
GAMMNINFRA,20110830,13.7,14.3,13.7,13.95,55685
GAMMONIND,20110830,76.7,76.9,74.05,74.9,6405
GANDHITUBE,20110830,125,125,120.6,120.6,11
GANESHHOUC,20110830,124.8,124.8,120.1,120.8,2966
GANGOTRI,20110830,4.95,4.95,4.2,4.2,52137
GARDENSILK,20110830,72.25,81.8,71.05,77.9,66420
GARWALLROP,20110830,55.7,55.95,54,55.75,3612
GATI,20110830,57,58,56.2,57.25,176584
GAYAPROJ,20110830,158,163.9,151.05,153.55,24662
GDL,20110830,132.4,135.5,132.4,135.3,581155
GEECEE,20110830,33.5,33.5,32.05,32.3,3352
GEINDSYS,20110830,133.9,138.25,132.55,135.9,35575
GEMINI,20110830,20,20.05,19.15,19.25,7727
GENESYS,20110830,200,209,195.35,206.2,14804
GENUSPOWER,20110830,14.15,15.7,14.15,14.5,45575
GEODESIC,20110830,54.15,57.4,52.85,53.4,415891
GEOJITBNPP,20110830,18.5,19.6,18.25,19.35,110221
GEOMETRIC,20110830,39.2,40,38.3,38.95,18791
GESHIP,20110830,232.65,242,226.05,238.45,108294
GHCL,20110830,35.35,35.95,35.25,35.4,53025
GICHSGFIN,20110830,88.7,90,86.7,88.55,74242
GILLANDERS,20110830,87.9,87.9,86.25,86.75,265
GILLETTE,20110830,1970,1985,1930,1948.1,3587
GINNIFILA,20110830,7.6,8.1,7.5,7.9,21021
GIPCL,20110830,78,79.45,77.85,79.15,4332
GISOLUTION,20110830,12.15,12.25,11.95,11.95,2220
GITANJALI,20110830,315.95,317.55,307.05,315,1557697
GKB,20110830,38.45,40.5,37.65,37.7,229
GKWLIMITED,20110830,476.5,580,476.5,518.45,320
GLAXO,20110830,2149,2149,2111.1,2119.6,5366
GLENMARK,20110830,325.2,329.7,316.9,326.1,158075
GLOBALVECT,20110830,19.5,20,18.5,19.05,2431
GLOBOFFS,20110830,111.8,112.4,105.1,107.45,16850
GLOBUSSPR,20110830,120,124,119,122.45,7017
GLODYNE,20110830,281,316.7,277,306.85,155279
GMBREW,20110830,93.1,101.95,93.1,98.75,6344
GMDCLTD,20110830,181.85,181.85,176.25,180.1,183786
GMRINFRA,20110830,27.1,27.5,26.7,26.95,3959667
GNFC,20110830,93.5,94.8,92.35,94.15,92882
GOACARBON,20110830,73,75.25,71.6,73.2,2366
GODFRYPHLP,20110830,3175,3299.9,3175,3226.95,1242
GODREJCP,20110830,426,434,424.95,427.25,49325
GODREJIND,20110830,198.7,199.9,193.85,198.4,341711
GODREJPROP,20110830,695,695,681,684.4,11734
GOENKA,20110830,46.45,46.45,45,45.8,4045
GOKEX,20110830,81,83,78.15,82.55,1022
GOKUL,20110830,87.05,88,85.15,86.95,42837
GOLDBEES,20110830,2605,2608.7,2576.7,2591.65,202357
GOLDENTOBC,20110830,61,61,58.15,59.25,10325
GOLDIAM,20110830,30,34.45,30,31.2,2626
GOLDINFRA,20110830,14.2,14.25,14,14,513
GOLDSHARE,20110830,2599.8,2609.9,2575.15,2596.9,9493
GOLDTECH,20110830,6.3,6.4,6.25,6.4,1502
GPIL,20110830,149.7,149.75,134.2,137.7,29286
GPPL,20110830,66,68.4,65,67.4,178423
GRABALALK,20110830,17.85,17.85,16.7,17.15,3254
GRANULES,20110830,71,76.9,69.5,71.4,2640
GRAPHITE,20110830,80.65,80.65,78,78.75,171259
GRASIM,20110830,2188.5,2195,2156.25,2185.05,47339
GRAVITA,20110830,335,340,325,326.85,83833
GREAVESCOT,20110830,89,92.25,85.1,90.95,62514
GREENPLY,20110830,191.5,193.95,187.05,192.8,5450
GREENPOWER,20110830,13.25,13.5,12.95,13.3,516312
GRINDWELL,20110830,240,240,235.05,235.5,573
GRUH,20110830,479.75,488,479.75,482.7,12954
GSFC,20110830,379.9,392,377.3,391,71349
GSKCONS,20110830,2322.25,2435.05,2322.2,2410.65,35029
GSLNOVA,20110830,2.6,2.75,2.6,2.7,4661
GSPL,20110830,97.3,100.9,96.95,100.15,1421735
GSS,20110830,136,138.95,130.1,134.25,8650
GTL,20110830,50.7,51.4,49.7,50.05,852846
GTLINFRA,20110830,12.8,13,12.15,12.4,995707
GTNIND,20110830,12.6,13.3,12.6,13.25,16
GTNTEX,20110830,11,12,10.6,12,448
GTOFFSHORE,20110830,139,152.35,135.05,148.4,447616
GUJALKALI,20110830,145.8,147,144.1,146.2,41452
GUJAPOLLO,20110830,129.55,129.6,120,125.35,2834
GUJFLUORO,20110830,497,499.7,487,494.65,108979
GUJNRECOKE,20110830,27,28.8,27,28,2422761
GUJNREDVR,20110830,18.35,19.35,17.4,18.2,60829
GUJRATGAS,20110830,452,457.8,447.3,455.7,38701
GUJSIDHCEM,20110830,8.25,8.3,8.1,8.15,29001
GULFOILCOR,20110830,78.8,78.8,77,77.8,20960
GVKPIL,20110830,16.65,17.05,16.45,16.8,6046816
HALONIX,20110830,64,69,62.3,68.6,26727
HANUNG,20110830,103.6,105.8,101.2,101.6,375940
HARITASEAT,20110830,79,79,75.1,78,149
HARRMALAYA,20110830,60.35,62.65,60.35,62,11477
HATHWAY,20110830,87.1,88.9,86.55,88.35,9071
HAVELLS,20110830,327.1,347.75,327.1,335.05,172030
HBLPOWER,20110830,14.7,15.2,14.65,15.1,65485
HBSTOCK,20110830,12,12,12,12,735
HCC,20110830,28,28.55,27.5,28.3,1647832
HCIL,20110830,51.65,52.65,51.1,51.25,13929
HCL-INSYS,20110830,68.2,69.8,67.65,67.95,89869
HCLTECH,20110830,398,415,388.2,410.95,1857470
HDFC,20110830,650.65,667,650.15,662.65,2514141
HDFCBANK,20110830,461.95,475,458.8,471.95,3897324
HDFCMFGETF,20110830,2660.8,2660.8,2627,2644.3,4183
HDIL,20110830,100.6,104.45,99.65,102.15,8261264
HEG,20110830,218.05,221.9,218.05,220.9,10347
HEIDELBERG,20110830,32.8,33.5,32.6,32.8,13174
HELIOSMATH,20110830,24.1,24.95,24,24.85,5165
HERCULES,20110830,235.7,239.75,229.2,231.45,80129
HERITGFOOD,20110830,172,176,167.2,170.85,2969
HEROMOTOCO,20110830,1984,2068,1982.25,2051.75,736166
HEXAWARE,20110830,73.5,77,72.35,76.2,1010735
HFCL,20110830,12.05,12.45,12,12.1,586072
HGSL,20110830,340,349,334.2,344.15,5608
HIKAL,20110830,282,283.9,276.05,276.7,1676
HILTON,20110830,14.75,15.2,14.25,14.6,1673
HIMATSEIDE,20110830,32.9,33.4,32.05,32.4,66257
HINDALCO,20110830,147,151.65,142.6,150.6,9797241
HINDCOMPOS,20110830,475,475,473,473.1,95
HINDCOPPER,20110830,229,241.1,226.7,233,131639
HINDDORROL,20110830,34.15,35.05,33.4,33.9,54509
HINDMOTORS,20110830,13.55,13.95,13.55,13.75,149493
HINDNATGLS,20110830,191.65,194.4,189,192.05,817
HINDOILEXP,20110830,121.1,124.35,120.15,122.6,870932
HINDPETRO,20110830,380.1,380.1,372,373.45,1077449
HINDUJAVEN,20110830,312,323.35,311,320.05,2987
HINDUNILVR,20110830,320.6,321.55,319.15,320.4,4291158
HINDZINC,20110830,125.7,131.4,123.4,130.05,1899619
HIRECT,20110830,41.5,42.7,41.5,42.4,869
HITACHIHOM,20110830,150.9,155,148,150,45738
HITECHGEAR,20110830,122.1,130.85,122.1,130.55,3011
HITECHPLAS,20110830,77,78.5,77,78.1,283
HMT,20110830,43.75,44.7,42.95,43.35,100374
HMVL,20110830,145,155.5,140.2,154.2,7435
HNGSNGBEES,20110830,1275,1380,1215,1220,101
HOCL,20110830,24.4,25.4,24.05,24.95,73661
HONAUT,20110830,2500.25,2626,2500.25,2557.1,1902
HONDAPOWER,20110830,367.8,367.8,359,359.95,791
HOTELEELA,20110830,38.55,39.25,37.2,38.3,183433
HOTELRUGBY,20110830,6.05,6.5,5.9,6.4,39473
HOVS,20110830,54.5,54.65,53.1,53.65,15494
HSIL,20110830,202.1,208.5,201.1,203.6,114510
HTMEDIA,20110830,149.6,152.8,146.2,150.15,7458
HYDRBADIND,20110830,315.2,319.7,312.1,315.45,1611
HYDROS&S,20110830,23,23,18.2,18.65,1214
IBPOW,20110830,14.35,14.65,14.3,14.5,118477
IBREALEST,20110830,83.3,86.8,83,84.45,3690382
IBSEC,20110830,9.3,9.3,9,9.15,299751
ICICIBANK,20110830,870,886.8,860,873.25,3577105
ICRA,20110830,995.85,1004.95,975,995,1996
ICSA,20110830,68.05,78.7,68.05,76.45,387600
IDBI,20110830,110.4,111.7,108.1,110.5,1173459
IDEA,20110830,97,101.75,96.9,99.95,11500281
IDFC,20110830,112.15,115.9,111.55,113.95,9609292
IFBAGRO,20110830,143,155.25,142,151.8,226362
IFBIND,20110830,113.4,117.8,111.05,114.5,61184
IFCI,20110830,39.6,40.25,37.45,37.7,26359612
IFGLREFRAC,20110830,30.5,32,30.5,31,13782
IGARASHI,20110830,45.1,47.9,43.05,47.45,2184
IGL,20110830,421,431,421,429.3,177063
IGPL,20110830,22.15,22.15,22,22.05,150
IL&FSENGG,20110830,91,91,87.5,88.55,22849
IL&FSTRANS,20110830,186.5,186.5,180.3,183,184591
IMFA,20110830,344.55,358,337.45,338.95,4639
IMPAL,20110830,621.05,640,621.05,630.5,156
IMPEXFERRO,20110830,7.7,7.95,7.35,7.6,8025
INDBANK,20110830,8.65,8.75,8.45,8.55,19626
INDHOTEL,20110830,72.35,72.8,71.25,72.1,535138
INDIABULLS,20110830,156,157,148.25,153.95,702292
INDIACEM,20110830,65.35,67.2,64.8,67,461440
INDIAGLYCO,20110830,127.85,130.5,127.2,128,41200
INDIAINFO,20110830,73.4,74.4,72.15,74,273283
INDIANB,20110830,200.4,208.4,200.4,206.75,410456
INDIANHUME,20110830,126,126,119,121.1,550
INDLMETER,20110830,84.3,84.3,81,83.25,1147
INDNIPPON,20110830,258,258,248.05,249.55,616
INDOCO,20110830,382.3,390.95,378,379.7,1434
INDORAMA,20110830,35,35.35,34.25,34.55,12174
INDOSOLAR,20110830,9.1,9.45,8.8,8.9,254329
INDOTECH,20110830,117,119.8,115.2,117.95,3398
INDRAMEDCO,20110830,35.75,35.9,35.35,35.65,21472
INDSWFTLAB,20110830,77.3,79.5,77.3,78.95,24835
INDSWFTLTD,20110830,25.05,25.8,24.9,25.4,15127
INDUSFILA,20110830,18.2,18.2,17.25,18,28
INDUSINDBK,20110830,240.5,248,240.5,246.6,296276
INEABS,20110830,525,534.9,518.15,527.55,1292
INFINITE,20110830,65.9,71.65,65,71.65,53249
INFODRIVE,20110830,11.25,11.25,10.3,10.4,6208
INFOMEDIA,20110830,12.25,13.5,11.3,12.9,46876
INFOTECENT,20110830,123.9,123.9,120,121.1,600
INFRABEES,20110830,280,281,277,277,154
INFY,20110830,2331,2360,2280,2342.95,1517865
INGERRAND,20110830,455,464,450.05,460.3,4610
INGVYSYABK,20110830,299.3,299.3,287.3,292.4,260339
INNOIND,20110830,85.5,87.7,85.2,85.85,36679
INOXLEISUR,20110830,43.75,43.9,39.65,42.95,41330
INSECTICID,20110830,385.7,405.2,384.85,397.85,369238
INVENTURE,20110830,148.35,156,144.3,152.25,1659442
IOB,20110830,109.5,110.7,109.1,110,281859
IOC,20110830,305.3,310.8,305.15,306.1,242632
IOLCP,20110830,33.1,33.1,29,30.2,6535
IPCALAB,20110830,304,322,303.6,310.5,236074
IPGETF,20110830,2640,2666.8,2623,2650.35,906
IPRINGLTD,20110830,70.95,70.95,70,70,10
IRB,20110830,148,151.4,145.8,146.75,769782
ISFT,20110830,60.2,60.2,56.25,58.1,1655
ISMTLTD,20110830,33.4,34.15,33,33.95,62560
ITC,20110830,204,204,199,200,6993560
ITDCEM,20110830,148,148,143.2,145.5,502
ITI,20110830,23.95,24.6,23.45,23.85,57368
IVC,20110830,28.9,28.9,26.75,27.05,98976
IVP,20110830,47,47.5,46.5,47.45,606
IVRCLAH,20110830,30,30.35,29.35,30.1,41774
IVRCLINFRA,20110830,35.5,36,34.3,35,4664011
J&KBANK,20110830,767.15,797,766.5,786.7,122357
JAGRAN,20110830,103.5,110.9,102.4,109.6,231065
JAGSNPHARM,20110830,13.3,13.4,12.9,13.15,5750
JAIBALAJI,20110830,125.6,134,124.6,126.7,9062
JAICORPLTD,20110830,77.9,79.8,77.5,78.65,207241
JAINSTUDIO,20110830,9.1,9.6,9.05,9.05,1054
JAMNAAUTO,20110830,120,122.5,116.1,119,710
JAYAGROGN,20110830,77.3,93.8,77.3,91.75,41446
JAYBARMARU,20110830,58.05,62.25,58.05,60.55,536
JAYNECOIND,20110830,16.55,17,16.05,16.2,36526
JAYSREETEA,20110830,135.9,137.9,134.55,136.8,24710
JBCHEPHARM,20110830,97.7,98.75,92.6,94.25,383223
JBFIND,20110830,121,130.4,120.25,129.9,170650
JENSONICOL,20110830,4,4,3.75,3.85,20382
JETAIRWAYS,20110830,275.2,281.9,268,274.2,1260844
JHS,20110830,33.4,34,33,33.55,25341
JIKIND,20110830,6.4,6.65,6.2,6.3,1632
JINDALPHOT,20110830,150.1,153.4,147.1,150.75,32845
JINDALPOLY,20110830,210.9,214.9,208.25,209.7,188772
JINDALSAW,20110830,118.35,119.65,116.55,118.85,219433
JINDALSTEL,20110830,500,526.1,496.35,520.9,3353328
JINDALSWHL,20110830,630,656,615.1,646.05,122289
JINDCOT,20110830,91.3,94.9,91.3,92.4,71346
JINDRILL,20110830,353.15,363.95,353.15,357.85,1642
JINDWORLD,20110830,135.2,142.9,135.2,137.3,7437
JISLJALEQS,20110830,178.4,178.4,170.75,172.2,768954
JKCEMENT,20110830,106,108.7,105,107.7,11023
JKIL,20110830,82.6,87.55,82.6,85.35,12441
JKLAKSHMI,20110830,38.85,39.95,37.55,39.4,34826
JKPAPER,20110830,45.9,45.9,43.7,44.65,135276
JKTYRE,20110830,88.15,89,85.25,86.45,103896
JMCPROJECT,20110830,130,134.5,126.05,128.45,4130
JMFINANCIL,20110830,18.4,18.65,17.9,18,288664
JMTAUTOLTD,20110830,61,61,57.3,58.25,884
JOCIL,20110830,275,283,274,279.35,1252
JPASSOCIAT,20110830,58.7,61.85,58.7,61.35,20512412
JPINFRATEC,20110830,39.5,40.1,38.75,39.7,322737
JPPOWER,20110830,33.5,33.6,32.25,33.1,985896
JSL,20110830,91.2,92.35,89.65,90.85,15787
JSWENERGY,20110830,50,55.05,50,54.3,428397
JSWISPAT,20110830,14.1,14.65,14.05,14.55,3877407
JSWSTEEL,20110830,650.5,680.95,650.5,678.2,1671718
JUBILANT,20110830,185,189.9,181.7,186.6,133112
JUBLFOOD,20110830,939,956,938,947.8,709537
JUBLINDS,20110830,176,176,170.1,171.6,6750
JUNIORBEES,20110830,100,101.05,98.6,99.61,128026
JUPITER,20110830,14.6,14.6,14.2,14.35,122267
JVLAGRO,20110830,15.5,16.6,14.75,15,132069
JYOTHYLAB,20110830,179,184,167.1,170.85,73252
JYOTISTRUC,20110830,64.5,67.85,63.9,66.1,172332
KABRAEXTRU,20110830,38.45,40.75,38.45,39.6,3490
KAJARIACER,20110830,102.5,106.5,102,105.2,234769
KAKATCEM,20110830,70,70.5,69,70.2,673
KALECONSUL,20110830,67.15,71.9,67.15,71.3,8130
KALINDEE,20110830,109.85,111.3,109.15,109.75,69906
KALPATPOWR,20110830,116.25,117,111.2,115.85,72783
KAMATHOTEL,20110830,82.1,84.9,82.05,84.25,10197
KANDAGIRI,20110830,75.05,75.05,75.05,75.05,100
KANORICHEM,20110830,35.15,36,34.05,35.65,6062
KANSAINER,20110830,810,819,801.25,817.2,1272
KARMAENG,20110830,11.45,11.45,10.75,11.2,4376
KARURKCP,20110830,33.45,33.45,26.15,29.3,2089
KARURVYSYA,20110830,365.5,374,364.4,371.75,160005
KAUSHALYA,20110830,8.35,8.9,8.3,8.6,13849
KAVVERITEL,20110830,124,130,124,128.25,32611
KBIL,20110830,675,675,627,627,7
KCP,20110830,26.45,26.45,25.45,25.95,24991
KCPSUGIND,20110830,14.55,14.7,14.35,14.45,20300
KEC,20110830,61.55,63.75,61.35,62.4,294357
KECL,20110830,33.1,34.9,33,33.75,794
KEI,20110830,17.8,17.8,16.95,17.15,39197
KEMROCK,20110830,528,532.85,523,527.65,174443
KERNEX,20110830,96.45,97.75,94.8,95.4,28626
KESARENT,20110830,51,52.55,50.7,51.45,1401
KESORAMIND,20110830,123.65,125.85,121.1,123.05,16406
KFA,20110830,25.85,25.9,25.05,25.55,1871630
KGL,20110830,8.2,9.35,8.1,9.1,4308207
KHAITANELE,20110830,99,99,93,93.6,306
KICL,20110830,439.95,459,416,436.4,3487
KIL,20110830,12.5,13.35,12.5,12.95,6799
KILITCH,20110830,65.7,68.9,65.05,68.9,6574
KINETICMOT,20110830,15.1,15.95,14.5,15.8,22127
KIRIINDUS,20110830,156.85,162.45,148.5,159.35,118473
KIRLOSBROS,20110830,163.8,163.8,151.85,152.65,541
KIRLOSENG,20110830,116,122.95,111.2,117.95,4432
KIRLOSIND,20110830,276,285.95,276,276.45,264
KKCL,20110830,828.95,828.95,758,761.75,1895
KLGSYSTEL,20110830,32.05,33.9,32,33.6,10796
KMSUGAR,20110830,2.8,3.1,2.7,2.95,19867
KNRCON,20110830,110.95,110.95,101,102,3938
KOHINOOR,20110830,38.85,39.2,37.6,38.35,40325
KOLTEPATIL,20110830,37.6,38.9,37.55,38.4,8526
KOPRAN,20110830,24.8,25.1,23.55,23.8,42126
KOTAKBANK,20110830,449,449,435.35,442.7,736635
KOTAKGOLD,20110830,2597.95,2605,2572.05,2598.65,92220
KOTAKNIFTY,20110830,502,511,502,506.8,171
KOTAKPSUBK,20110830,346,348,342,344.93,680
KOTARISUG,20110830,6.4,6.4,5.7,5.85,8297
KOTHARIPET,20110830,7.35,7.35,7,7,2765
KOTHARIPRO,20110830,530,550,526,541.75,3182
KOUTONS,20110830,21.1,21.4,20.55,20.8,63494
KPIT,20110830,148,152.3,144.4,149.9,100332
KPRMILL,20110830,97.35,99.95,97.1,98.9,2606
KRBL,20110830,25.9,26.15,25.15,25.55,375620
KRISHNAENG,20110830,3.7,3.7,3.65,3.65,301
KSBPUMPS,20110830,224.95,224.95,214.35,217.95,1456
KSCL,20110830,462,469,460,463.2,13643
KSE,20110830,233.7,233.7,203.05,210.15,513
KSK,20110830,101,101,98.8,99.2,14886
KSL,20110830,49.2,49.5,48.1,48.9,41360
KSOILS,20110830,10.1,10.45,9.95,10.05,10218795
KTIL,20110830,73,76.8,71.2,76.8,325
KTKBANK,20110830,95.95,97.75,94.8,95.75,744826
KWALITY,20110830,169.9,169.9,167.05,168.1,581954
L&TFH,20110830,52.5,52.8,49.25,49.8,10696584
LAKPRE,20110830,36,38.95,36,38.9,3055
LAKSHMIEFL,20110830,24.35,25.45,24,24.9,25453
LAKSHMIMIL,20110830,1610,1680,1610,1666,14
LAKSHVILAS,20110830,105.6,105.8,103.2,105,102608
LANCOIN,20110830,33.95,33.95,33,33.45,9810
LAOPALA,20110830,92.3,94.25,91.15,93.25,13920
LAXMIMACH,20110830,1974,1997.75,1960.1,1969.25,630
LCCINFOTEC,20110830,0.65,0.65,0.55,0.6,54812
LGBBROSLTD,20110830,282,282,275.1,276.35,677
LGBFORGE,20110830,2.7,3.15,2.6,2.75,88948
LIBERTSHOE,20110830,82.8,83.5,81.5,81.75,17251
LICHSGFIN,20110830,208.25,212.6,206.45,211.65,6010803
LIQUIDBEES,20110830,1000,1000.01,999.99,1000,298438
LITL,20110830,16.45,17.6,16.1,17.05,11927810
LLOYDELENG,20110830,50.5,51.95,50.4,50.65,18025
LLOYDFIN,20110830,1,1.05,0.95,1.05,7069
LLOYDSTEEL,20110830,15,15.15,14.4,14.45,315816
LML,20110830,9.5,9.5,8.95,9,160362
LOGIXMICRO,20110830,14,15.3,12.8,12.9,9298
LOKESHMACH,20110830,43.35,43.35,40.5,40.75,1529
LOTUSEYE,20110830,9.35,9.7,9.05,9.5,6094
LOVABLE,20110830,545,554.5,535.2,541.7,786849
LPDC,20110830,2.95,3,2.85,2.9,4124
LT,20110830,1627.5,1647,1571.4,1608.95,2031222
LUMAXAUTO,20110830,25.1,26.25,25.1,25.45,524
LUMAXIND,20110830,324,324,315.35,320,266
LUMAXTECH,20110830,161.4,168,156,164.9,9986
LUPIN,20110830,464.7,464.7,445.55,448.75,1132109
LYKALABS,20110830,15.15,15.15,14.6,14.8,2842
M&M,20110830,740,744.6,734.1,738.15,1386693
M&MFIN,20110830,617.7,647.4,612.25,617.45,195108
M100,20110830,7.25,7.28,7.06,7.12,197333
M50,20110830,65.8,66.84,65,65.62,17096
MAANALU,20110830,49.9,50.25,48.55,48.7,236
MADHAV,20110830,17.75,17.75,17.75,17.75,205
MADHUCON,20110830,78.05,84.8,76.5,80.6,22086
MADRASCEM,20110830,83,88,82.8,87.6,382834
MADRASFERT,20110830,24.3,25,23.8,24.7,156967
MAGMA,20110830,73.35,76.9,71.2,75.7,175670
MAGNUM,20110830,4.8,4.8,4.4,4.45,7313
MAHABANK,20110830,49.8,51.25,49.05,51,154084
MAHINDFORG,20110830,59.05,61,59.05,60.45,14352
MAHLIFE,20110830,312.15,315.6,310.3,312.75,2523
MAHSCOOTER,20110830,348.4,348.4,322.6,333.85,652
MAHSEAMLES,20110830,347,358.15,347,354.35,9599
MAITHANALL,20110830,97.1,100,97.1,100,2
MALUPAPER,20110830,10.7,11,10.65,10.7,3558
MALWACOTT,20110830,25.25,28,25.25,27.05,432
MANAKSIA,20110830,59.1,59.75,58.05,59.2,14420
MANALIPETC,20110830,11.05,11.2,10.95,11,59460
MANAPPURAM,20110830,49.5,51.5,44.25,50.3,3352394
MANDHANA,20110830,208,208.2,205.55,207.65,58102
MANGALAM,20110830,12.7,13.2,12.55,12.95,707
MANGCHEFER,20110830,30.4,31.65,30.25,31.5,220651
MANGLMCEM,20110830,103.95,105,100.05,101.95,12675
MANINDS,20110830,127.5,149.4,125.15,145.6,276843
MANINFRA,20110830,119.95,120,113.1,115.65,10519
MANJEERA,20110830,90,90,90,90,5
MANJUSHREE,20110830,80.3,82.4,80.2,82,1989
MANUGRAPH,20110830,48.6,49.45,48.2,48.65,1717
MARALOVER,20110830,10.6,11.5,10.6,11.15,6266
MARG,20110830,77.9,78.5,75.7,77.55,15967
MARICO,20110830,149.7,155.25,144.05,148.25,1930633
MARUTI,20110830,1070.1,1098.95,1063.6,1091.55,836549
MASTEK,20110830,93.9,97.4,93.25,93.9,59863
MAWANASUG,20110830,19.1,20.35,19,19.1,4138
MAX,20110830,184.55,195.9,184.55,194.35,1340908
MBECL,20110830,127.65,131.8,123.05,130.45,14439
MBLINFRA,20110830,111.95,124.6,106,119.45,19927
MCDHOLDING,20110830,60,61.95,59,59.8,8553
MCDOWELL-N,20110830,889.05,900,863.1,897.4,200579
MCLEODRUSS,20110830,244,246.55,238.45,241.4,74912
MEGASOFT,20110830,15.05,15.7,15,15.6,6954
MEGH,20110830,9.35,9.5,9.15,9.3,113027
MELSTAR,20110830,8.1,8.25,7.7,8.2,1524
MERCK,20110830,635,635,622.25,627.75,1417
MHRIL,20110830,362,362,346.3,347.35,6911
MIC,20110830,12.6,12.6,12.1,12.3,192152
MICROSEC,20110830,26.45,29,26.45,28.95,25460
MICROTECH,20110830,105.1,114.65,105.1,113.5,16349
MINDAIND,20110830,171,181.8,171,172.95,796
MINDTREE,20110830,347.05,347.5,337,342.1,47124
MIRCELECTR,20110830,17.5,18,16.95,17.65,100718
MIRZAINT,20110830,17.9,18.8,17.55,17.7,68140
MLL,20110830,24.55,25.5,23.6,24.55,2400541
MMFL,20110830,98.05,104,98.05,101.45,2311
MMFSL,20110830,85.95,86.4,84.1,86.4,30406
MMTC,20110830,703.05,707,692,695.35,6698
MOIL,20110830,303.4,307,300.6,303.35,158342
MONNETISPA,20110830,484,494.85,482.5,490.3,18405
MONSANTO,20110830,1819.95,1819.95,1785,1795.85,2006
MORARJETEX,20110830,12.1,13.85,12.1,13.45,6
MOREPENLAB,20110830,3.95,4.1,3.95,3.95,146097
MOSERBAER,20110830,23.15,23.85,22.9,23.15,532763
MOTHERSUMI,20110830,193.35,193.35,184.5,187.2,1186490
MOTILALOFS,20110830,81.05,89,81.05,85.7,8627
MOTOGENFIN,20110830,40,40.9,40,40,1105
MPHASIS,20110830,361,366.45,350.2,353.9,578109
MRF,20110830,6479.9,6638.4,6425.65,6619.15,15304
MRO-TEK,20110830,10.5,11.2,10.5,10.95,3337
MRPL,20110830,61.95,63.35,61.6,62.8,593692
MSPL,20110830,44.1,46.65,44.1,45,7502
MTNL,20110830,36,36.8,34.65,35.4,1238237
MUDRA,20110830,23.85,24.3,23.4,24.2,16961
MUKANDENGG,20110830,28,28.35,27.4,27.55,2018
MUKANDLTD,20110830,33.5,34.2,32.5,33.3,13325
MUKTAARTS,20110830,37.5,38.4,37,37.05,407
MUNDRAPORT,20110830,147,152.9,146.4,152.1,1185911
MUNJALAU,20110830,162.1,163.95,161.05,162.2,3350
MUNJALSHOW,20110830,58.15,62,58.15,61.3,6706
MURUDCERA,20110830,16,16.9,15.1,16.55,15622
MUTHOOTFIN,20110830,170.05,179.7,170.05,179.15,379682
MVL,20110830,23.65,24.5,23.5,24.1,676924
MVLIND,20110830,12.5,14.25,12.5,13.2,3541
MYSOREBANK,20110830,535,630.1,525,609.75,145717
N100,20110830,101.9,104.3,98.02,99.09,681
NAGREEKEXP,20110830,18,18.95,17.2,17.95,219
NAHARCAP,20110830,49.65,50,48.55,49.95,3593
NAHARINDUS,20110830,42.2,44.65,42.2,44.2,3546
NAHARPOLY,20110830,23,23.7,23,23.7,1224
NAHARSPING,20110830,59.35,61,58.7,59.7,7216
NANDAN,20110830,2.5,2.65,2.5,2.6,260516
NATCOPHARM,20110830,252.05,259,250,255.55,40501
NATIONALUM,20110830,63.8,64.9,63,63.8,693091
NATNLSTEEL,20110830,13.05,14.7,12.2,14.7,227679
NAUKRI,20110830,729.95,729.95,693,696.2,470
NAVINFLUOR,20110830,332,332.25,328,330.05,7732
NAVNETPUBL,20110830,62,62.5,61.2,62.3,109108
NBVENTURES,20110830,167.65,173,157,164.75,354991
NCC,20110830,54.7,55.85,53.4,53.95,5332750
NCLIND,20110830,34.6,35.9,34.6,35,11421
NDTV,20110830,46.8,48.4,46.1,47.35,56326
NECLIFE,20110830,18.6,19.15,18.5,18.7,43734
NEHAINT,20110830,101,104.4,98.2,102.15,57717
NELCAST,20110830,113.05,114.95,111.15,111.85,5008
NELCO,20110830,54,57.8,54,56.95,48581
NEPCMICON,20110830,3.85,4.05,3.7,3.95,38365
NESCO,20110830,568.8,592.7,565.05,589.3,112303
NESTLEIND,20110830,4365,4444.5,4365,4389.1,8707
NET4,20110830,140,142,137.95,138.8,15216
NETWORK18,20110830,96,98.5,94,95.25,24602
NEULANDLAB,20110830,90,92,90,91.1,459
NEXTMEDIA,20110830,4.35,4.85,4.35,4.5,8686
NEYVELILIG,20110830,82.1,83.75,81,82.8,147441
NFL,20110830,76.5,77.6,75.8,76.2,121156
NHPC,20110830,24.5,24.6,23.95,24.3,2001439
NIFTYBEES,20110830,510,511.7,503.6,507.02,262492
NIITLTD,20110830,47,47.4,46.1,46.55,53195
NIITTECH,20110830,185,195,183,193.5,158444
NILKAMAL,20110830,250,251,245.35,245.8,1524
NIPPOBATRY,20110830,408.5,408.5,400,402,67
NISSAN,20110830,2.05,2.15,2.05,2.05,153964
NITCO,20110830,51,52.95,51,52.5,19740
NITESHEST,20110830,18.9,19,18.45,18.75,84767
NITINFIRE,20110830,122.65,124.15,120.05,121.15,268484
NITINSPIN,20110830,6.55,6.65,6.5,6.65,15119
NMDC,20110830,223,223,216,220.45,171419
NOCIL,20110830,16.3,16.35,15.9,15.95,81315
NOIDATOLL,20110830,23.5,24.25,23.2,24.1,452411
NORBTEAEXP,20110830,5.8,5.8,5.4,5.45,4156
NORTHGATE,20110830,10.8,10.9,10.05,10.85,49150
NOVOPANIND,20110830,43,43,42,42,250
NRBBEARING,20110830,45.85,45.85,44.55,45.05,2776
NRC,20110830,4,4.5,4,4.1,27380
NSIL,20110830,624,632.9,613,615.7,932
NTPC,20110830,169,170.7,167.6,169.3,2294827
NUCHEM,20110830,3.05,3.4,3,3.3,29106
NUCLEUS,20110830,65.9,65.9,62.3,63.4,8856
NUMERICPW,20110830,205,219.9,205,208.75,7743
NUTEK,20110830,3.05,3.1,3,3.05,491673
OBEROIRLTY,20110830,222,225,222,224.1,4885
OCL,20110830,91.5,93.5,90.1,91.75,44715
OFSS,20110830,1840,1840,1780,1816,28456
OIL,20110830,1325,1325,1293.95,1301.95,61103
OILCOUNTUB,20110830,66,66,64.5,65,302929
OISL,20110830,53.05,55,52.6,54.5,6253
OMAXAUTO,20110830,39,39.35,37.65,38,5032
OMAXE,20110830,130.2,135,128.6,132.55,174544
OMKARCHEM,20110830,69,69,66.25,66.3,3821
OMMETALS,20110830,28.8,28.8,28.5,28.5,102
OMNITECH,20110830,151,151,145,147.1,111748
ONGC,20110830,274.1,274.9,260,263.3,7220424
ONMOBILE,20110830,60,64.55,59.6,62.55,2016587
ONWARDTEC,20110830,34,34,31.65,32.9,856
OPTOCIRCUI,20110830,264.05,271.95,262.65,267.35,149629
ORBITCORP,20110830,36.4,36.75,36,36.45,179113
ORCHIDCHEM,20110830,197,198.3,187.55,192.4,1345798
ORIENTABRA,20110830,29.3,30.4,29.3,29.8,33821
ORIENTALTL,20110830,7.8,7.8,7.8,7.8,25
ORIENTBANK,20110830,320,322.5,307.25,311.15,311198
ORIENTCERA,20110830,45.6,47.6,44.5,46.1,418
ORIENTHOT,20110830,29.45,29.45,27,27.4,6943
ORIENTPPR,20110830,57.1,58.6,57.1,58.35,51335
ORISSAMINE,20110830,42799.95,44700,42300,43966.5,2246
OUDHSUG,20110830,24,24,22.4,23,7279
PAEL,20110830,23.5,23.5,22.5,23.25,1692
PAGEIND,20110830,2580.5,2590,2561,2580.35,22789
PANACEABIO,20110830,145.75,148.8,142.15,144.4,15842
PANCARBON,20110830,125.3,127.4,125.3,127.4,200
PANORAMUNI,20110830,10.2,11.1,10.2,11.1,33532
PANTALOONR,20110830,284.85,299.8,283.55,294.95,477043
PAPERPROD,20110830,77.15,79.8,77.15,79.05,30534
PARABDRUGS,20110830,24.5,28.4,24.5,26.25,135973
PARACABLES,20110830,3,3.05,2.8,2.85,9265
PARAL,20110830,234.9,237.65,224.9,229.3,8167
PARAPRINT,20110830,24.5,25.95,24.5,25.15,51842
PARASPETRO,20110830,0.45,0.5,0.45,0.45,12197
PARSVNATH,20110830,49.2,50.9,48.75,50.2,3603062
PATELENG,20110830,103.35,105.9,98.7,101.4,624330
PATINTLOG,20110830,25.6,28.95,24.1,27.55,6093
PATNI,20110830,282.7,292.4,278.1,289.55,138363
PATSPINLTD,20110830,10.75,12.15,10.75,12,3328
PBAINFRA,20110830,42,45.25,41.65,44.2,14063
PDUMJEPULP,20110830,18.55,18.55,18.35,18.5,722
PEACOCKIND,20110830,2.65,3,2.6,2.95,11617
PENIND,20110830,37.5,39,37.5,38.3,20755
PENINLAND,20110830,44.5,46.65,44.45,45.95,15865
PERSISTENT,20110830,314.95,368,302.25,321.1,99301
PETRONENGG,20110830,325,335,323.05,334.35,1493
PETRONET,20110830,173,175.7,169.35,174.35,1464665
PFC,20110830,141,149,140.7,145.55,4172040
PFIZER,20110830,1370,1389,1351.1,1383.5,1761
PFOCUS,20110830,54.9,57.25,54.1,55.65,329905
PFS,20110830,16.9,17.1,16.3,16.5,120488
PGHH,20110830,1960.05,2000,1930.3,1953.45,25640
PHILIPCARB,20110830,134,150.7,134,146.9,143068
PHOENIXLTD,20110830,204,216.45,201.25,214.4,24421
PIDILITIND,20110830,159.9,163.95,159.25,163.4,362010
PIIND,20110830,581,592.1,570.1,573.3,2633
PIONDIST,20110830,49.1,49.1,47.2,48.95,887
PIONEEREMB,20110830,11,11.9,10.3,11.1,854
PIPAVAVYD,20110830,68,73.2,67.75,72.6,5201257
PIRGLASS,20110830,130.3,133,128.95,131.65,13745
PIRHEALTH,20110830,357,365,355,361.75,168972
PIRLIFE,20110830,87.1,87.95,85.2,87,37574
PITTILAM,20110830,39.6,40,38.9,39.05,9444
PLASTIBLEN,20110830,180,198.05,171.5,176.55,54
PLETHICO,20110830,383,383,372,375.05,93429
PNB,20110830,938.4,939.8,910.1,929.55,476006
PNBGILTS,20110830,23.5,24,23.3,23.55,63962
PNC,20110830,14,14,13.6,13.7,696
POCHIRAJU,20110830,12,13.8,12,12.15,9338
POLARIND,20110830,4.1,4.1,3.95,4,4228
POLARIS,20110830,131.9,133,126.25,129.45,537411
POLYPLEX,20110830,185.7,189,183.5,185.8,45642
PONDYOXIDE,20110830,30.65,31,30,30.25,4239
PONNIERODE,20110830,82.8,85,81.05,84.95,4526
POWERGRID,20110830,101,101.1,99.25,100.2,2149822
PPAP,20110830,86.05,89.95,86.05,88.25,332
PRADIP,20110830,56.1,57.45,53.75,54.8,41089
PRAENG,20110830,7.95,7.95,7.65,7.8,24705
PRAJIND,20110830,70.65,71.45,68.5,70.6,1404360
PRAKASH,20110830,54.1,55.15,54,54.75,59712
PRAKASHSTL,20110830,122,122.95,120.05,120.45,2678
PRATIBHA,20110830,45.2,46.4,45,45.1,23424
PRECOT,20110830,110,113.75,108.7,109.8,683
PRECWIRE,20110830,93.65,93.95,91,92.45,1543
PREMIER,20110830,82,90,81,86.7,21126
PRESTIGE,20110830,101,101.3,97.4,98.1,41285
PRETAILDVR,20110830,190,199.95,190,199.05,1114
PRICOL,20110830,16.4,16.85,16.1,16.15,30931
PRIMESECU,20110830,17,18,16.35,16.65,3185
PRISMCEM,20110830,40.6,40.85,39.8,39.95,73881
PRITHVI,20110830,22,22.5,20.55,21.8,68728
PROVOGUE,20110830,28.75,29.05,27.8,28.3,159429
PSB,20110830,74.9,78.1,72.6,75.2,198359
PSL,20110830,58.6,59.8,58.5,59.35,51364
PSUBNKBEES,20110830,331.8,335.25,330.1,333.56,347
PTC,20110830,70.25,71.6,69.8,70.55,517435
PTL,20110830,24.3,29.35,24.3,26.35,1920
PUNJABCHEM,20110830,70.75,73,70.7,71.35,179
PUNJLLOYD,20110830,58,59.3,56.65,58.35,3962002
PURVA,20110830,69,69.45,66.75,68.1,4444
PVP,20110830,5.45,5.9,5.35,5.5,61411
PVR,20110830,111,114,110.1,112,11166
QGOLDHALF,20110830,1298.8,1299.75,1280.2,1290.1,1297
QNIFTY,20110830,506.5,508.8,504.9,504.9,34
QUINTEGRA,20110830,3,3.05,2.95,2.95,7804
RADAAN,20110830,2.35,2.4,2.2,2.35,13181
RADICO,20110830,129.7,131.75,127.5,130.1,89348
RAINBOWPAP,20110830,57.05,60.45,57.05,59.25,46438
RAINCOM,20110830,29.15,29.95,29.15,29.7,85932
RAJESHEXPO,20110830,111.45,113.1,110.7,112.1,404183
RAJOIL,20110830,21.5,21.5,20.8,20.95,37899
RAJPALAYAM,20110830,207,209.95,202.5,205.55,185
RAJRAYON,20110830,9.5,10.6,9.5,10.5,3130
RAJSREESUG,20110830,35.1,39.35,35.1,38.85,3522
RAJTV,20110830,50.3,52.5,50.3,51.45,17855
RAJVIR,20110830,99.95,102,99.95,102,6
RALLIS,20110830,168.75,169.9,166,168.35,106873
RAMANEWS,20110830,11.8,12.05,11.75,11.75,6761
RAMCOIND,20110830,41.4,41.4,38.5,39.5,14076
RAMCOSYS,20110830,59,63.8,58.9,62.9,11059
RAMKY,20110830,230.05,235,227.15,230,5120
RAMSARUP,20110830,9.95,9.95,9.25,9.6,15202
RANASUG,20110830,4.1,4.25,4.05,4.2,235763
RANBAXY,20110830,457.1,479.45,452,472.4,963641
RANEENGINE,20110830,219.95,219.95,208,213.55,110
RANEHOLDIN,20110830,215,218,210.5,211,291
RANKLIN,20110830,14.2,14.7,13.9,14.15,18084
RATNAMANI,20110830,102.05,103.95,102,102.85,4739
RAYMOND,20110830,343.7,351.9,343,350,210640
RBL,20110830,109,109,107.1,107.1,805
RBN,20110830,79.6,81.9,79.3,79.85,96430
RCF,20110830,78.5,80.45,78.5,79.15,607951
RCOM,20110830,79.2,81.4,78.4,79.55,11933610
RECLTD,20110830,173,176.05,168.7,174.6,2629895
REDINGTON,20110830,93.8,96.3,93.8,95.85,161142
REFEX,20110830,15.1,16.1,14.7,15.5,6813
REIAGROLTD,20110830,24.25,25.7,24,25.5,471152
REISIXTEN,20110830,31,31,28,28.75,4854
RELAXO,20110830,300.1,325,300.1,319.95,17105
RELBANK,20110830,865,929.95,865,900.48,62
RELCAPITAL,20110830,390,396.5,371.45,384.2,5254545
RELGOLD,20110830,2535,2540,2506.25,2527.55,65339
RELGRNIFTY,20110830,466.1,466.1,466.1,466.1,4
RELIANCE,20110830,765,796.3,764,782.6,7821448
RELIGARE,20110830,425,450,415,415.4,75756
RELIGAREGO,20110830,2675,2675,2618.55,2668.9,387
RELINFRA,20110830,444.7,447,430.65,436.35,1207615
RELMEDIA,20110830,93.85,95.8,93.05,93.7,356698
RENUKA,20110830,57.6,58.55,56.3,57.8,5880636
REPRO,20110830,138,142,134.55,139.8,10568
RESPONIND,20110830,110.5,110.95,110,110.95,9199
RESURGERE,20110830,0.35,0.35,0.3,0.3,13958884
REVATHI,20110830,357.2,378,356.55,368.65,250
RICOAUTO,20110830,11.05,11.45,11.05,11.25,93261
RIIL,20110830,409,417.65,405.2,409.75,142747
RKDL,20110830,16.5,16.7,16,16.5,4394
RKFORGE,20110830,100.5,105.2,100.35,100.75,238
RMCL,20110830,5.1,5.45,5.1,5.4,9150
RML,20110830,119.75,119.75,117.25,117.25,283
ROHITFERRO,20110830,30.9,31.5,30.65,30.95,28492
ROHLTD,20110830,55.2,55.5,53.15,55.2,20187
ROLTA,20110830,99,100.9,97.6,99.45,521531
ROMAN,20110830,21.15,21.85,20.15,21.85,1488
RPGLIFE,20110830,78,80.9,77.7,78.85,2697
RPOWER,20110830,85.05,85.4,82.8,84.85,2559920
RPPINFRA,20110830,65.6,69,64.05,65.45,22571
RSSOFTWARE,20110830,49.1,52.45,49.1,51.6,5558
RSWM,20110830,94,95.5,89.85,94.15,12101
RSYSTEMS,20110830,100.5,102.45,93.95,101.55,1729
RUBYMILLS,20110830,861,889.7,861,877,442
RUCHINFRA,20110830,17.4,17.4,16.7,17,6783
RUCHIRA,20110830,8.55,8.55,7.75,8.25,11949
RUCHISOYA,20110830,103.9,103.9,101,101.8,97597
RUSHIL,20110830,137,140.9,132.3,134.45,735516
SABTN,20110830,50,54.85,50,54.1,152234
SADBHAV,20110830,127.1,135.45,127.1,131.1,4570
SAGCEM,20110830,137.9,137.9,130,130.95,1111
SAHPETRO,20110830,32.4,35,30.6,33.8,6082
SAIL,20110830,108,109.8,104.2,107.9,4303402
SAKHTISUG,20110830,28,28.55,26.95,27.7,93544
SAKSOFT,20110830,88.05,89,86.5,87.2,2537
SAKUMA,20110830,13.05,14.1,13,13.75,2287
SALONACOT,20110830,16.9,16.9,15.1,15.8,350
SALORAINTL,20110830,25.1,27.75,24.3,25.4,3225
SALSTEEL,20110830,5.5,5.55,5.2,5.3,14790
SAMBANDAM,20110830,83.9,83.9,83.9,83.9,5
SAMBHAAV,20110830,1.55,1.55,1.2,1.35,2028
SANDESH,20110830,260.3,274.85,260.3,265.5,138
SANGAMIND,20110830,30,30.4,29.7,30.15,14031
SANGHIPOLY,20110830,1.3,1.4,1.3,1.4,11148
SANGHVIFOR,20110830,25.45,26.5,25.05,25.75,13591
SANGHVIMOV,20110830,124.95,124.95,121.6,123.45,9521
SANWARIA,20110830,16.5,16.5,15.2,15.8,53595
SARDAEN,20110830,148,148.4,138.25,140.2,20655
SAREGAMA,20110830,62,62.5,59.5,60.25,15318
SARLAPOLY,20110830,124.95,125,103.05,104.8,23
SASKEN,20110830,102.85,102.9,100.2,101.1,16270
SATHAISPAT,20110830,39,39.5,38.35,39.05,3875
SATYAMCOMP,20110830,66.95,67.9,66,66.9,3496269
SAVERA,20110830,38.15,41,38.15,38.25,2211
SBBJ,20110830,405,479.5,402,450.5,355333
SBIGETS,20110830,2662,2662,2637,2649.75,8916
SBIN,20110830,1974.7,1983.8,1922.65,1973.8,2950768
SBT,20110830,617,720,598.45,679.55,314676
SCI,20110830,83.9,87.3,83.55,85.85,325489
SEAMECLTD,20110830,100,103.4,97.15,99.6,15038
SEINVEST,20110830,8.2,8.35,7.6,7.6,225405
SELAN,20110830,284.9,286.75,278,282.45,21508
SELMCL,20110830,12,12.05,11.6,11.65,228715
SENTINEL,20110830,12.05,13,12.05,12.9,4514
SERVALL,20110830,6.1,6.45,6.1,6.3,38642
SESAGOA,20110830,215,236.9,213.5,234.05,10263489
SESHAPAPER,20110830,202,204,198.35,201.25,27
SGFL,20110830,4.3,4.3,4.3,4.3,1
SGJHL,20110830,133.9,134.15,130.75,134.1,111444
SGL,20110830,4.1,4.6,3.75,3.8,5930
SHAHALLOYS,20110830,9,10.3,9,10.05,5860
SHANTIGEAR,20110830,42.8,42.8,41.65,41.9,24483
SHARIABEES,20110830,111.15,111.15,110.15,110.15,60
SHARRESLTD,20110830,47,48.5,47,48.5,70007
SHASUNPHAR,20110830,70.9,70.9,67.7,68.55,16353
SHILPAMED,20110830,215,215,205,208.7,309
SHILPI,20110830,12,12.55,12,12.35,17931
SHIV-VANI,20110830,168.9,168.9,165,166.1,18314
SHIVAMAUTO,20110830,108,109.9,104,106,1031
SHIVTEX,20110830,24,25.9,24,25.5,3719
SHLAKSHMI,20110830,79.5,79.5,75.5,75.95,61157
SHOPERSTOP,20110830,397,409,388,399.35,26057
SHPRE,20110830,4,4.95,4,4.95,15827
SHREEASHTA,20110830,4.25,4.85,4.1,4.6,12390456
SHREECEM,20110830,1655,1676.45,1641.05,1658.6,3402
SHREERAMA,20110830,4.65,4.65,4.65,4.65,800
SHRENUJ,20110830,51.5,57.1,51.5,56.85,89368
SHREYAS,20110830,26.4,27.35,26.4,26.8,3451
SHRIRAMCIT,20110830,535,544,535,538.75,1215
SHRIRAMEPC,20110830,123.9,130.95,120.1,127.35,12816
SHYAMTEL,20110830,38.8,39.1,37.75,38.75,14300
SICAGEN,20110830,19.15,20.4,19.15,19.5,9068
SICAL,20110830,68.1,73.9,68.1,73.3,8968
SIEMENS,20110830,870.05,895,864,885.45,95440
SILINV,20110830,97,97,86.45,92.7,5146
SIMBHSUGAR,20110830,31.65,32.9,31.6,32.1,5902
SIMPLEX,20110830,84,84,79.1,80.95,1153
SIMPLEXINF,20110830,259.6,260,217,229.8,116317
SINTEX,20110830,146,148.5,143.35,144.55,503218
SIRPAPER,20110830,45,47.3,44,47.3,51
SITASHREE,20110830,7,7.4,7,7,5905
SIYSIL,20110830,292,297,287,295.55,2258
SJVN,20110830,22.3,22.5,22,22.3,176418
SKFINDIA,20110830,635,642.7,634,639.85,2077
SKMEGGPROD,20110830,6.7,7.2,6.7,7.1,5278
SKSMICRO,20110830,200.1,210,198.1,198.1,402391
SKUMARSYNF,20110830,45.1,46.95,45,46.65,2682022
SMARTLINK,20110830,39.3,40.5,39.25,39.75,4113
SMLISUZU,20110830,335.6,345.35,335.6,337.9,348
SMOBILITY,20110830,104,107.35,101.1,106.3,17080
SMPL,20110830,7.7,7.85,7.35,7.7,261316
SMSPHARMA,20110830,161.05,166,155.15,159,126
SOBHA,20110830,224.9,234.35,218,223.65,109092
SOFTTECHGR,20110830,5.35,5.5,4.5,4.7,5088
SOLARINDS,20110830,759.8,762,737.25,750.2,745
SOMANYCERA,20110830,43,45.95,43,45.1,3018
SOMATEX,20110830,6,6.7,6,6.05,14129
SONASTEER,20110830,15.1,15.45,15.1,15.25,26390
SONATSOFTW,20110830,30.2,31.4,30.15,31.15,125137
SOTL,20110830,599.95,625,598.65,604.95,1601
SOUISPAT,20110830,7,7.05,6.8,6.9,31153
SOUTHBANK,20110830,20.6,20.9,20.45,20.65,5009574
SPANCO,20110830,123.5,130,118.05,122.75,36130
SPARC,20110830,73.9,74.6,70.9,71.9,252978
SPECTACLE,20110830,13.45,14.8,13.45,14.8,48802
SPENTEX,20110830,10.75,10.9,10.35,10.7,13471
SPIC,20110830,28.45,28.9,27.65,28.6,601088
SPMLINFRA,20110830,127.1,134,126,130,2317
SPYL,20110830,23.2,25.45,23.15,24.65,5036
SREINFRA,20110830,40.9,43.2,40.9,41.95,2897792
SRF,20110830,299.3,304,298.1,300.2,51481
SRGINFOTEC,20110830,0.45,0.5,0.45,0.45,19544
SRHHLINDST,20110830,3.8,4,3.65,3.7,9157
SRHHYPOLTD,20110830,41,41.4,40.05,40.3,2020
SRTRANSFIN,20110830,627,635,615.75,633.1,478794
SSWL,20110830,259.65,261.6,252.45,253.7,9408
STAR,20110830,290,297.85,280.5,293.1,94918
STARPAPER,20110830,22,24.65,20.4,22.8,8685
STCINDIA,20110830,160,166.4,159.1,162.4,144033
STER,20110830,128.3,130.75,125.5,128.65,9182323
STERLINBIO,20110830,75.9,75.9,72,73.6,426173
STERTOOLS,20110830,114.9,114.9,106.4,110.05,145
STRTECH,20110830,39.1,39.9,38.4,39.3,655558
SUBEX,20110830,44.9,45.65,44.2,44.9,314060
SUDAR,20110830,83.9,86,81.1,82.05,75355
SUDARSCHEM,20110830,697,725,697,718.8,443
SUJANATOW,20110830,24.85,26.25,24.45,24.8,1777602
SUJANAUNI,20110830,4.75,5.2,4.6,5,127375
SUMEETINDS,20110830,28.05,28.2,27.45,27.65,54736
SUMMITSEC,20110830,68.75,74,66,72.3,1014
SUNCLAYTON,20110830,133.35,139.8,133.3,135.9,2432
SUNDARAM,20110830,43.25,43.45,42.6,42.8,123445
SUNDARMFIN,20110830,540,540,522,528.3,6825
SUNDRMBRAK,20110830,161,161,151.15,158.65,114
SUNDRMFAST,20110830,61.85,61.9,60.1,60.9,31170
SUNFLAG,20110830,28,28,26.65,27.1,20152
SUNILHITEC,20110830,84.5,85.5,82.3,84.45,25183
SUNPHARMA,20110830,468.35,496,467.3,491.6,1318495
SUNTECK,20110830,253,255,246.5,250.9,74472
SUNTV,20110830,301.05,305,298.4,301.35,163617
SUPER,20110830,183.75,183.75,175,178.85,576
SUPERSPIN,20110830,7.55,8.65,7.55,8.35,20709
SUPPETRO,20110830,72,73.8,72,73.45,14096
SUPRAJIT,20110830,18,18.25,17.8,18.1,35797
SUPREMEIND,20110830,218.4,218.4,209.3,210.5,40115
SUPREMEINF,20110830,238,241.95,230,237.2,10873
SURAJDIAMN,20110830,41.15,42.85,41.15,42.65,22558
SURANACORP,20110830,102,104.9,90.1,95.75,1737
SURANAIND,20110830,419.9,419.9,411,412,2936
SURANAT&P,20110830,15,15.25,15,15,5142
SURANAVEL,20110830,36.4,36.4,33,33.6,2481
SURYAJYOTI,20110830,23,23.8,22.55,23.05,6422
SURYALAXMI,20110830,55,56,53.85,55.6,2418
SURYAPHARM,20110830,16.45,16.45,15.7,15.8,61518
SURYAROSNI,20110830,60.2,63.45,60.2,63.1,14386
SUTLEJTEX,20110830,155.7,167.7,155.7,163.15,493
SUVEN,20110830,16.5,17.05,16.5,16.6,57082
SUZLON,20110830,36.35,37.1,35.95,36.85,16442607
SWARAJENG,20110830,455.3,455.3,444,446.5,3682
SYMPHONY,20110830,1165.1,1200,1165.1,1198.15,1850
SYNCOM,20110830,15,15.35,14.7,15.1,10655
SYNDIBANK,20110830,100,101.7,98.25,101.25,819760
TAINWALCHM,20110830,24.05,25.3,24.05,25.3,352
TAJGVK,20110830,89.4,97,88.2,89.6,30054
TAKE,20110830,31.1,32.4,31.1,32.25,25160
TALBROAUTO,20110830,46,46,42.6,43.2,2055
TALWALKARS,20110830,193,195,189,193,94689
TANLA,20110830,10.1,10.45,10.05,10.1,94218
TANTIACONS,20110830,55.9,56.8,52.9,54.1,7663
TARAPUR,20110830,17.25,17.7,17,17.3,5414
TATACHEM,20110830,334.95,337,330.3,334.75,308797
TATACOFFEE,20110830,764.65,764.65,741.35,746.9,165196
TATACOMM,20110830,204.55,206,202.4,203.3,161455
TATAELXSI,20110830,195.9,199.9,193,196.35,23397
TATAGLOBAL,20110830,95,95.5,92.85,93.55,1492329
TATAINVEST,20110830,455,493.6,454,458.6,26141
TATAMETALI,20110830,69.25,72,69.25,69.75,19283
TATAMOTORS,20110830,745.5,748.4,726.85,742.3,3211986
TATAMTRDVR,20110830,430.1,439.5,418.45,429.65,423058
TATAPOWER,20110830,1059.85,1066.4,1028.2,1044.75,314041
TATASPONGE,20110830,310,310,301.1,305.45,3772
TATASTEEL,20110830,455,472.9,455,468.55,7560514
TCI,20110830,82.9,83,81,82.05,1640
TCIDEVELOP,20110830,164.05,168.05,164.05,168.05,32
TCS,20110830,1030,1050.3,1024.15,1042.4,2983341
TECHM,20110830,653.85,659,634.1,648.8,143818
TECHNO,20110830,215,215,195,199.95,3567
TECHNOFAB,20110830,133.8,142.65,130.85,141.55,8279
TECPRO,20110830,252.35,252.55,246,247.8,8862
TELEDATAIT,20110830,0.35,0.35,0.3,0.3,535177
TELEMARINE,20110830,0.55,0.65,0.55,0.6,146765
TEXMACOLTD,20110830,31.5,31.85,31.1,31.55,47442
TEXMOPIPES,20110830,41.7,41.7,36.6,37.8,129102
TEXRAIL,20110830,75.05,76.6,75.05,75.85,25085
TFCILTD,20110830,29.25,29.9,29.25,29.45,20437
TFL,20110830,14,15,14,14.25,1298
THANGAMAYL,20110830,143.25,147.5,143.25,145,10609
THEMISMED,20110830,126,126,115.25,124.25,131
THERMAX,20110830,499.6,499.6,485,489.15,81466
THINKSOFT,20110830,38.5,38.5,33.95,34.15,55571
THIRUSUGAR,20110830,88.7,88.7,83.7,84.5,1432
THOMASCOOK,20110830,44.3,44.3,43.5,43.9,53275
TI,20110830,36.7,38.5,36.2,36.45,120757
TIDEWATER,20110830,6540,6710,6540,6653.95,868
TIIL,20110830,38.9,38.95,37.7,38.45,3892
TIL,20110830,437.85,437.85,395,396.55,1306
TIMETECHNO,20110830,68.2,69.6,68.2,68.3,11674
TIMKEN,20110830,203.7,209,202.6,206.25,105036
TINPLATE,20110830,47.5,48.5,47.3,48.35,23165
TIPSINDLTD,20110830,26.25,26.25,25,25.45,4114
TIRUMALCHM,20110830,69,74,68.3,72.85,474
TITAN,20110830,206,209.8,204.8,205.7,1670949
TNPETRO,20110830,16,16,14.75,15.1,19393
TNPL,20110830,108.75,108.75,107.25,108,41760
TODAYS,20110830,5.9,5.9,4.95,5.05,32662
TOKYOPLAST,20110830,14.7,14.8,14.5,14.5,1110
TORNTPHARM,20110830,580,605,580,599.8,35582
TORNTPOWER,20110830,225,232.25,221.3,224.35,134717
TREEHOUSE,20110830,125,131.5,122.6,127.25,3891529
TRENT,20110830,1105.5,1139,1090.85,1114.65,7961
TRF,20110830,338.9,345,333,337.65,9791
TRICOM,20110830,13.25,13.3,12.75,13.25,3255
TRIDENT,20110830,11.7,11.95,11.15,11.9,18514
TRIGYN,20110830,14.5,14.65,14.2,14.3,3227
TRIL,20110830,223.05,228,222.65,223.3,2528
TRIVENI,20110830,22.35,22.35,21.5,21.9,372757
TTKHEALTH,20110830,431.15,433.3,418.6,424.9,37855
TTKPRESTIG,20110830,2688.9,2768.7,2672,2756.4,158529
TTL,20110830,24.75,25.8,23.5,24.05,10565
TTML,20110830,18.5,19,18.35,18.8,3267591
TUBEINVEST,20110830,141.9,143,137,138.85,78876
TULIP,20110830,145.65,149.9,144.2,148.45,113995
TULSI,20110830,12,12.15,11.9,12,35900
TULSYAN,20110830,37,39.95,36.05,39.4,783
TV18BRDCST,20110830,42.45,44.3,40.35,40.75,279809
TVSELECT,20110830,20,20.05,19.2,19.85,2759
TVSMOTOR,20110830,56.5,56.5,54.2,55.25,1409013
TVSSRICHAK,20110830,344,363.3,342.5,354.8,1237
TVTODAY,20110830,51.8,52,50.7,50.95,15062
TWILITAKA,20110830,33.35,33.35,32.2,33.35,45846
TWL,20110830,384.9,389.6,381.3,384.4,7159
UBENGG,20110830,53.1,54.3,52.2,52.85,17476
UBHOLDINGS,20110830,115.5,116.5,112.5,113.35,33630
UBL,20110830,424.95,435,416.1,422.95,24973
UCALFUEL,20110830,72,80.5,71.1,74.8,159648
UCOBANK,20110830,69.9,69.9,67.75,69.25,1221072
UFLEX,20110830,176.6,179.75,175.3,176.4,589484
UGARSUGAR,20110830,12.55,13.2,12.5,12.95,7536
ULTRACEMCO,20110830,1074,1080.8,1066,1070.2,213573
UMESLTD,20110830,17.75,17.85,16.5,17.65,12502
UNICHEMLAB,20110830,144.2,144.2,141,141.85,19800
UNIENTER,20110830,32.4,32.9,31.1,31.9,43346
UNIONBANK,20110830,236.4,244.8,236.4,242.55,669662
UNIPHOS,20110830,143.7,147.05,140.1,145.5,1943488
UNIPLY,20110830,11.75,11.75,11.25,11.5,1782
UNITECH,20110830,27.3,27.9,26.6,27.6,32950654
UNITEDBNK,20110830,75.9,78,74.15,76.2,215905
UNITEDTEA,20110830,129.5,129.5,127.1,127.1,10
UNITY,20110830,52.65,53.8,51.15,51.65,60406
UNIVCABLES,20110830,51.1,51.1,48.4,48.65,1348
UPERGANGES,20110830,44.55,46.25,44.55,44.8,1233
USHAMART,20110830,37.05,37.4,36.5,36.65,88887
USHERAGRO,20110830,130.3,130.95,128.25,128.9,125295
UTISUNDER,20110830,900,900,900,900,1
UTTAMSTL,20110830,76.5,78,74.5,77.4,26315
UTTAMSUGAR,20110830,28,28.95,26.35,27.1,12665
UTVSOF,20110830,944.5,944.5,939.5,940,22748
VADILALIND,20110830,131.55,131.55,122.3,126.4,1582
VAIBHAVGEM,20110830,34.2,38.65,34,36.95,1726
VAKRANSOFT,20110830,381,383,374,379.75,4534
VALECHAENG,20110830,82,84.4,80.5,83.1,100939
VALUEIND,20110830,16.3,17.95,16.3,17.8,3700
VARDHACRLC,20110830,8.65,9,8.65,8.95,67782
VARDMNPOLY,20110830,100,102.65,98.95,100.1,76589
VARUN,20110830,247,259.5,246.15,252.05,316506
VARUNSHIP,20110830,20,20.5,19.55,20.1,73512
VASCONEQ,20110830,45.5,46.4,45.3,45.65,41332
VENKEYS,20110830,421.95,424.95,406.6,409.65,33203
VENUSREM,20110830,219,225.9,219,221.35,23766
VESUVIUS,20110830,372.95,374.35,357.95,374.25,1161
VGUARD,20110830,207.1,209,205.05,206.7,68530
VHL,20110830,404.9,404.9,355,355,5
VICEROY,20110830,26,26.8,25.8,26.15,11225
VIDEOIND,20110830,180.7,181.5,177.15,179.5,55888
VIJAYABANK,20110830,58,58,56.1,57.15,1672665
VIJSHAN,20110830,15.1,16.3,15.1,15.9,1026
VIKASHMET,20110830,10.1,10.2,9.9,10,147793
VINATIORGA,20110830,63.5,65.7,63,64.85,6950
VINDHYATEL,20110830,154,154,151.5,153.9,373
VINYLINDIA,20110830,10.5,10.5,9.9,10.15,3423
VIPIND,20110830,831,844,805.65,811.45,679627
VIPUL,20110830,11.1,11.2,10.5,11.2,2463
VISAKAIND,20110830,87.45,88,86.25,87.2,3940
VISASTEEL,20110830,57.2,57.45,57,57,7655
VISESHINFO,20110830,4.1,4.1,3.7,3.7,234682
VISHALRET,20110830,24.75,24.75,23.8,24.1,22021
VISUINTL,20110830,2,2.2,2,2,17754
VIVIMEDLAB,20110830,251,274,251,267.15,84814
VLSFINANCE,20110830,12.9,12.9,10.8,11.55,55737
VOLTAMP,20110830,491.25,505,491.2,496.15,8181
VOLTAS,20110830,115.4,117.35,113.05,116,564525
VSTIND,20110830,1229.95,1240,1215,1222.65,80530
VSTTILLERS,20110830,500,525,500,518.5,536
VTL,20110830,190,194.95,188.95,191.05,8086
VTXIND,20110830,12.9,12.9,12.9,12.9,1
WABAG,20110830,376.25,382,366.4,370.2,3314
WABCO-TVS,20110830,1222.9,1300,1203,1247.5,1064
WALCHANNAG,20110830,93.1,94,91,92,21225
WANBURY,20110830,23.5,24.85,23.4,24.4,18722
WEBELSOLAR,20110830,43.5,46.5,43.5,45.7,888
WEIZFOREX,20110830,79,81.5,74.25,79.45,1632
WEIZMANIND,20110830,9.4,9.8,9.3,9.45,2597
WELCORP,20110830,123.1,124.6,120.45,122.85,336513
WELGLOB,20110830,50.35,55.65,50.35,55.65,2159
WELINV,20110830,43,47.9,43,45.7,187
WELPROJ,20110830,46.8,46.8,44.05,44.45,6211
WELSPUNIND,20110830,25,25.9,25,25.75,52202
WENDT,20110830,1551.1,1630,1551.1,1595.1,194
WHEELS,20110830,245.45,251,245.45,248.75,534
WHIRLPOOL,20110830,211,220.8,208.9,218.75,35852
WINSOME,20110830,32.25,32.25,29.2,29.95,851
WIPRO,20110830,334.4,338.4,325.6,335.25,1382316
WOCKPHARMA,20110830,386,394.5,383.55,386.45,122749
WSI,20110830,16,17.35,16,17.2,1365
WSTCSTPAPR,20110830,74.05,76.9,74.05,75.45,1575
WWIL,20110830,6.85,6.9,6.75,6.8,636987
WYETH,20110830,1020,1020,1003,1010,674
XLENERGY,20110830,6.9,7.25,6.55,7.15,25280
XPROINDIA,20110830,53.9,53.9,50.85,51.35,8457
YESBANK,20110830,278.7,283.3,274,277.55,2345538
ZANDUREALT,20110830,1680,1680,1650.5,1662.45,601
ZEEL,20110830,115.05,117.15,112.2,115.45,2152366
ZEELEARN,20110830,19,19.35,18.7,19.15,171549
ZEENEWS,20110830,13.3,13.55,13.25,13.45,291831
ZENITHBIR,20110830,5.3,5.3,5.05,5.1,49241
ZENITHCOMP,20110830,14.85,15.15,14.8,15.1,6342
ZENITHINFO,20110830,190.2,195.7,190.05,195.7,116
ZENSARTECH,20110830,124.15,127.45,123,125.25,3623
ZICOM,20110830,33.55,38.25,33.55,36.45,84532
ZODIACLOTH,20110830,328.5,336.75,327,335.8,246
ZODJRDMKJ,20110830,26.4,26.4,24.1,25,252
ZUARIAGRO,20110830,630.95,630.95,608.1,623.55,43501
ZYDUSWELL,20110830,595,598.9,580.1,586.5,11417
ZYLOG,20110830,403.95,407.4,401.25,405.35,38465
NSENIFTY,20110830,4973.25,5016.25,4927.55,5001.00,181539730,7051.77
NIFTYJUNIOR,20110830,9882.70,10007.30,9882.70,9989.00,87839901,1349.48
BANKNIFTY,20110830,9466.30,9565.30,9355.15,9533.40,17148367,1454.58
NSEMIDCAP,20110830,7202.95,7309.15,7202.95,7294.75,137138982,1441.04
NSEIT,20110830,5407.65,5474.85,5325.45,5451.25,18474239,957.15
NSE100,20110830,4889.70,4934.60,4852.80,4921.15,269379631,8401.25
NSE500,20110830,4006.95,4047.70,3986.25,4038.35,546628332,10786.89
MIDCAP50,20110830,2127.10,2157.10,2122.95,2151.90,79497569,803.22
VIX,20110830,26.07,26.40,24.40,24.88,26.07,-1.19
