20MICRONS,20111130,57.2,58,56,56.15,66133
3IINFOTECH,20111130,19,19,18.25,18.55,861275
3MINDIA,20111130,3751.1,3850,3751.1,3814.6,25
A2ZMES,20111130,122,122.85,118.5,121.35,87435
AANJANEYA,20111130,456.8,467.1,451,461.95,25427
AARTIDRUGS,20111130,80.5,81.7,80.05,80.75,1602
AARTIIND,20111130,47,49,47,48.7,22183
AARVEEDEN,20111130,31.55,33.5,31,32,322
ABAN,20111130,349.05,354.95,344.15,350,686735
ABB,20111130,595,605,580,596.65,99439
ABBOTINDIA,20111130,1505,1505,1461,1466.15,463
ABCIL,20111130,78,79,77,77.35,239
ABGSHIP,20111130,402,406.95,400.55,403.35,40136
ABHISHEK,20111130,8.1,8.1,7.5,8,997
ABIRLANUVO,20111130,904,907.1,884.15,896.95,51769
ACC,20111130,1142.15,1152.8,1135,1144.3,263791
ACE,20111130,33,36.3,33,35.05,219550
ACROPETAL,20111130,14.2,14.25,13.85,13.9,19679
ADANIENT,20111130,304,316.05,294.7,301.4,910863
ADANIPOWER,20111130,71.5,73,69.85,71.2,326237
ADFFOODS,20111130,48.1,54.7,46.5,53.15,41328
ADHUNIK,20111130,39,39,34.25,37.45,481444
ADORWELD,20111130,123.35,123.35,119,120.15,5100
ADSL,20111130,24.8,25.35,24.25,24.5,37980
ADVANIHOTR,20111130,32,32,32,32,6
ADVANTA,20111130,317.95,321.9,304.6,306.7,33452
AEGISCHEM,20111130,137.1,145,137.1,139.65,6447
AFL,20111130,38,38,34,36.25,31933
AFTEK,20111130,11.25,11.25,10.4,10.45,84907
AGCNET,20111130,143,143,121.3,140,2480
AGRE,20111130,39.8,42.6,39.75,40.75,15685
AGRODUTCH,20111130,7.2,7.35,6.1,6.4,18438
AHLEAST,20111130,286,298.9,285.2,286,513
AHLUCONT,20111130,67.75,70,67.75,68.25,372
AHLWEST,20111130,128,144.9,125.1,142.9,128
AHMEDFORGE,20111130,93,94.75,92.5,93.15,1196
AIAENG,20111130,293,298,270,274.95,170574
AJANTPHARM,20111130,330,343.5,328.3,339,22283
AJMERA,20111130,107.4,122,107.4,120.5,936774
AKSHOPTFBR,20111130,7,7,6.75,6.9,180710
AKZOINDIA,20111130,824,824,805,809.35,1855
ALBK,20111130,154,154.9,149,151.45,821667
ALCHEM,20111130,257.05,258,257.05,257.85,97403
ALEMBICLTD,20111130,16,16.3,15.55,15.7,17093
ALFALAVAL,20111130,2171,2187.05,2170,2176.85,868
ALICON,20111130,65.55,65.55,65.55,65.55,32
ALKALI,20111130,31.5,32,31,31.85,2744
ALKYLAMINE,20111130,90.05,93.9,90.05,93.9,1000
ALLCARGO,20111130,136,136,133.05,134.25,743
ALLSEC,20111130,12.7,13.3,12.7,13.2,5069
ALMONDZ,20111130,21,21,20.1,20.45,12884
ALOKTEXT,20111130,18.6,18.95,18.05,18.65,5228549
ALPA,20111130,7.15,7.65,7.15,7.4,199
ALPHAGEO,20111130,68,68,65.1,66.25,2868
AMAR,20111130,123.4,125.35,122.35,123,95036
AMARAJABAT,20111130,214.9,216.6,210,211.55,7184
AMARJOTHI,20111130,48.5,50,47.05,48.45,4681
AMBIKCO,20111130,178.9,178.9,163.8,166.45,2644
AMBUJACEM,20111130,145,150.15,144.3,148.5,1758583
AMDIND,20111130,15.95,15.95,14.6,15.3,4359
AMRUTANJAN,20111130,705.2,711.7,695.7,701.05,54096
AMTEKAUTO,20111130,124.4,130.05,115.6,118.15,354699
AMTEKINDIA,20111130,94.15,99.2,92.25,96.8,254966
ANANTRAJ,20111130,45.6,46,42.2,45.35,113424
ANDHRABANK,20111130,100,100,98.35,99.6,187305
ANDHRSUGAR,20111130,112.05,114.8,112.05,113.25,4236
ANGIND,20111130,17.75,19.6,17.75,19.6,300
ANIKINDS,20111130,30.9,30.9,29,29,338
ANSALAPI,20111130,26.8,28.5,24.4,25.1,686839
ANSALHSG,20111130,34,38.55,34,38.55,93910
APARINDS,20111130,140,142.15,129.5,132.15,6555
APCOTEXIND,20111130,151.45,151.45,148.05,148.1,243
APIL,20111130,394,394,375.1,382.8,257114
APLAB,20111130,30.75,30.85,27.95,27.95,37
APLLTD,20111130,39.5,41.45,39.5,41.3,9538
APOLLOHOSP,20111130,604.85,618,604.85,609.9,46544
APOLLOTYRE,20111130,64.95,66.5,63.65,66.05,1442517
APPAPER,20111130,165,167,165,165.95,2741
APTECHT,20111130,92.85,93.65,90.25,91.7,266072
AQUA,20111130,13.6,14,13.6,13.8,182837
ARCHIES,20111130,31.85,31.85,30.6,31.05,23916
AREVAT&D,20111130,202.05,210.05,202.05,205.15,71440
ARIES,20111130,76,78,75,76.6,71
ARL,20111130,2.05,2.05,1.95,2,34293
AROGRANITE,20111130,36,36,34.15,34.15,2
ARROWTEX,20111130,8.35,8.35,6.15,6.9,3265
ARSHIYA,20111130,144,148.1,141.35,145.3,250975
ARSSINFRA,20111130,192.5,193.5,182.9,185.5,269992
ARVIND,20111130,83.8,84.8,80.25,83.1,2222135
ASAHIINDIA,20111130,54.35,58.95,54,56,74640
ASAHISONG,20111130,81,83.95,78.55,83.95,224
ASAL,20111130,42.5,43.1,42.3,42.55,393
ASHAPURMIN,20111130,13.65,14.1,13.65,14.05,9951
ASHIANA,20111130,151.25,154.5,148,151.55,993
ASHIMASYN,20111130,4.25,4.25,4,4,9301
ASHOKA,20111130,237.55,240,214,217.35,12083
ASHOKLEY,20111130,25,25.15,24.3,24.65,2071412
ASIANELEC,20111130,6.15,6.3,6.05,6.1,15221
ASIANHOTNR,20111130,171.6,179.5,171.6,176,306
ASIANPAINT,20111130,2929,2948,2861.2,2879.35,82327
ASIANTILES,20111130,31.15,34,31.15,32.8,3318
ASSAMCO,20111130,8.1,8.15,8,8,44050
ASTEC,20111130,30,31,29,30.75,251
ASTERSILI,20111130,10.4,10.9,9.9,10.05,16081
ASTRAL,20111130,146.5,147.6,138.2,139.1,19921
ASTRAMICRO,20111130,36.5,37.15,35.1,36.95,21969
ASTRAZEN,20111130,1250,1250,1226,1234.5,86
ATFL,20111130,439.85,448.7,401.2,412,332205
ATLANTA,20111130,60.05,60.45,59.3,59.65,62506
ATLASCYCLE,20111130,295,306,288,295.9,29207
ATNINTER,20111130,0.95,0.95,0.9,0.9,11551
ATUL,20111130,169,172.5,166,170.5,4676
AURIONPRO,20111130,127,129.85,122.05,124.05,12
AUROPHARMA,20111130,88.15,92,86.25,91.05,1164759
AUSOMENT,20111130,32.9,32.9,31.5,32.9,173
AUTOAXLES,20111130,357,359,350.6,354,335
AUTOIND,20111130,78.65,79.85,75,76,19507
AUTOLITIND,20111130,13.3,14.85,13.3,14.1,322
AVENTIS,20111130,2355,2399,2280,2345.65,6831
AVTNPL,20111130,332,335,321,331.2,4359
AXIS-IT&T,20111130,76.8,77.95,76.05,77.65,1115
AXISBANK,20111130,961,974.8,936,947.65,2602878
AXISGOLD,20111130,2841,2847,2812,2822.85,724
BAGFILMS,20111130,4.6,4.6,4.35,4.35,76348
BAJAJ-AUTO,20111130,1648,1689,1631.45,1669,549026
BAJAJCORP,20111130,109,113.65,107,113,173126
BAJAJELEC,20111130,182.5,184.95,178.5,180,12586
BAJAJFINSV,20111130,463,463,412.15,424,597020
BAJAJHIND,20111130,27.9,28.1,27.3,27.7,1711834
BAJAJHLDNG,20111130,725,728.95,687.1,700.45,307080
BAJFINANCE,20111130,636,637,625.2,630.35,8020
BALAJITELE,20111130,31.3,35.3,31.05,34.15,359652
BALAMINES,20111130,37,38.25,35.45,36.8,11000
BALKRISIND,20111130,173.1,178.5,173.1,174.9,4383
BALLARPUR,20111130,23.75,24.1,23.05,23.25,340188
BALMLAWRIE,20111130,534.45,546,534.45,537.15,3842
BALPHARMA,20111130,19.3,19.45,18.5,19.25,2182
BALRAMCHIN,20111130,43,44.25,42.5,43.95,1007157
BANARISUG,20111130,490.05,514.9,490.05,510.55,71445
BANCOINDIA,20111130,64.45,64.45,62.15,62.9,867
BANG,20111130,17.55,20,17.55,19.2,2897
BANKBARODA,20111130,714,718.55,693.1,700.1,666551
BANKBEES,20111130,875,879.99,865,868.48,36697
BANKINDIA,20111130,325,331.5,320.55,327.25,531271
BANSWRAS,20111130,75.5,76.8,72.8,76.3,11119
BARTRONICS,20111130,39.45,39.65,38.65,39.15,26161
BASF,20111130,546.05,550,528.05,534.3,2236
BASML,20111130,49.7,58.3,49.7,58.3,13998
BATAINDIA,20111130,630.5,631,610.4,617.9,310539
BATLIBOI,20111130,14.7,14.85,14.7,14.7,544
BAYERCROP,20111130,785.25,789,766.65,769.8,2958
BBL,20111130,605.1,605.1,595,602.15,2521
BBTC,20111130,380.6,387.7,376,380.6,5280
BECREL,20111130,7.6,8.05,7.6,8.05,52
BEDMUTHA,20111130,36,39.7,36,39.7,404172
BEL,20111130,1502,1516,1484.1,1506.15,43164
BELLCERATL,20111130,11.1,11.1,11.1,11.1,200
BEML,20111130,500,508.5,491.05,504.45,154478
BEPL,20111130,22.5,22.5,21,21.05,1609
BERGEPAINT,20111130,100,103.95,100,103.1,43299
BFINVEST,20111130,48,48.5,46.55,47.15,80790
BFUTILITIE,20111130,370,370,355.15,360.7,302942
BGLOBAL,20111130,10.5,11.1,10.5,10.8,33044
BGRENERGY,20111130,263,265,255.45,260.15,341550
BHAGWATIHO,20111130,70,71.95,66.5,70.95,9139
BHAGYNAGAR,20111130,17.95,18.15,17.2,17.85,99181
BHARATFORG,20111130,264.05,266.55,257.15,259.4,169841
BHARATGEAR,20111130,45.8,45.85,44.2,44.55,425
BHARATRAS,20111130,114.9,114.9,106.1,113,22
BHARTIARTL,20111130,376,389,367.25,386.1,47139255
BHARTISHIP,20111130,81.45,81.45,78.55,79.2,55744
BHEL,20111130,280.9,284.05,274,282.7,2960056
BHUSANSTL,20111130,317,320.35,314.2,316.9,104721
BIL,20111130,63.8,63.8,59,60.25,11198
BILPOWER,20111130,64.5,66.65,63.05,64.05,861
BIMETAL,20111130,252,252.9,248.05,251.95,51
BINANIIND,20111130,102.05,104.7,100.55,103.4,3838
BINDALAGRO,20111130,60.9,61.45,60.1,60.2,51696
BIOCON,20111130,316.5,321.9,311.95,318.65,181550
BIRLACORPN,20111130,287,290,255.2,260.1,136742
BIRLACOT,20111130,0.35,0.35,0.3,0.35,697240
BIRLAERIC,20111130,12.95,12.95,10.9,11.2,3467
BIRLAPOWER,20111130,0.6,0.6,0.55,0.6,1024143
BLISSGVS,20111130,26.25,26.5,25.2,25.95,84883
BLKASHYAP,20111130,9.85,10.25,9.8,9.85,87617
BLUECHIP,20111130,1,1.05,0.95,1.05,15275
BLUEDART,20111130,1455,1455,1380,1387.85,1616
BLUESTARCO,20111130,176.45,181.65,176.45,178.15,15394
BLUESTINFO,20111130,68,68,68,68,50
BOC,20111130,279.95,281.65,276.35,280.5,702
BODALCHEM,20111130,14,15,13.95,14.05,322
BOMDYEING,20111130,377,377.9,365.75,371.5,107626
BOSCHLTD,20111130,7025,7047.95,6977,6979.75,2212
BPCL,20111130,519,542.6,517,537.95,578432
BPL,20111130,16.85,16.85,16.4,16.4,9735
BRANDHOUSE,20111130,13,13.8,13,13.05,65138
BRFL,20111130,257.3,260,243.35,253.05,75051
BRIGADE,20111130,53,54.95,52.8,53.6,3045
BRITANNIA,20111130,470,474,467,469.05,323706
BROADCAST,20111130,7,7.45,6.6,6.6,419
BROOKS,20111130,17,17.5,16.7,16.85,27818
BSELINFRA,20111130,3.1,3.35,3.1,3.15,17065
BSL,20111130,19.1,20.25,19.1,20.25,700
BSLGOLDETF,20111130,2885,2910,2880,2880,91
BSLNIFTY,20111130,48.99,49,47.53,47.53,1002
BSTRANSCOM,20111130,115,119.75,113.05,118.8,23226
BVCL,20111130,13,13,12.4,12.9,2102
CADILAHC,20111130,715.55,718.95,703,705.65,172895
CAIRN,20111130,304,304,298.95,301.45,376255
CALSOFT,20111130,21.5,21.5,20.65,21.2,155
CAMBRIDGE,20111130,16.05,16.05,16,16,52
CAMLIN,20111130,39.45,40.85,38.1,38.6,71674
CANBK,20111130,439,439,425,431.1,536462
CANDC,20111130,95,96,93.55,94.25,13662
CANFINHOME,20111130,91,92.9,89.8,92.35,2885
CANTABIL,20111130,17.5,17.7,16.7,16.85,18021
CARBORUNIV,20111130,146,155.95,146,153.45,23161
CAREERP,20111130,261,268.8,260,261.5,3280
CAROLINFO,20111130,147,147,146.3,146.3,785
CASTROL,20111130,420.35,442.5,414.05,438.7,137826
CCCL,20111130,19,19.5,18.7,18.95,11709
CCL,20111130,137.65,138.9,135.1,136.8,3524
CEATLTD,20111130,74,74.85,72.5,73,44929
CEBBCO,20111130,46,46.25,44.75,45.35,8843
CELEBRITY,20111130,6.6,6.6,5.65,5.7,1904
CELESTIAL,20111130,20.4,20.4,18.75,19.3,6652
CENTENKA,20111130,129,129,127.8,128,767
CENTEXT,20111130,2.45,2.5,2.3,2.4,37613
CENTRALBK,20111130,89.3,90.75,87.5,89.8,207228
CENTUM,20111130,64.95,64.95,64.95,64.95,1
CENTURYPLY,20111130,48.9,50,48.25,48.4,3580
CENTURYTEX,20111130,263,263.4,255.05,260.55,592078
CERA,20111130,179.95,181,174.55,180.9,644
CESC,20111130,251,263.1,249.1,260.25,397015
CHAMBLFERT,20111130,89.2,89.2,86.45,87.95,991142
CHEMFALKAL,20111130,44.8,44.8,42.5,44.75,801
CHEMPLAST,20111130,4.75,4.85,4.65,4.65,26144
CHENNPETRO,20111130,176.05,180.95,176.05,178.6,5849
CHESLINTEX,20111130,9.7,9.7,9.7,9.7,1
CHETTINAD,20111130,450,505,450,465,518
CHOLAFIN,20111130,130,132,130,130.85,3793
CILNOVA,20111130,14.6,15.6,14.6,15.6,1551
CIMMCO,20111130,74,77,74,77,17
CINEMAX,20111130,30.1,30.55,29.75,30.1,11390
CINEVISTA,20111130,3,3,2.95,2.95,400
CIPLA,20111130,325,329.4,324,328.05,1272622
CLASSIC,20111130,7,7.05,6.5,6.95,14963
CLNINDIA,20111130,628,628,612.25,615.75,1165
CLUTCHAUTO,20111130,29.5,30.55,28.5,29.7,5056
CMAHENDRA,20111130,143.75,143.75,125.05,129.1,37952
CMC,20111130,891.25,906.5,891,901.85,2414
COALINDIA,20111130,320.95,329.7,318.2,327.15,3023017
COLPAL,20111130,1004.4,1011.2,991,1001.45,91362
COMPUAGE,20111130,71.1,71.1,64.55,65.45,244
CONCOR,20111130,926.1,926.1,893.65,902.85,96843
CONSOFINVT,20111130,53.05,53.05,51,51.35,6477
CORAL-HUB,20111130,4.35,4.5,4.25,4.35,4368
CORDSCABLE,20111130,28.25,29.3,27.15,28.6,2453
COREEDUTEC,20111130,278,285.75,275.05,284.75,111341
COROMANDEL,20111130,286.45,291.4,283.2,284.65,59741
CORPBANK,20111130,349.95,353.8,349.5,351.25,58545
COSMOFILMS,20111130,80,80,77,78.15,9534
COX&KINGS,20111130,185,186,177.1,179.25,90229
CREATIVEYE,20111130,4.65,5.05,4.65,5,1691
CRESTANI,20111130,28.7,29.65,27.2,27.75,90725
CREWBOS,20111130,30.8,30.8,27.9,29.5,128987
CRISIL,20111130,881,900,880,888.05,6396
CROMPGREAV,20111130,124.9,127.4,124,126.55,1039075
CRONIMET,20111130,21.3,22.7,21.3,21.95,30046
CTE,20111130,8.8,8.9,8.8,8.9,515
CUB,20111130,43,43.55,43,43.05,73074
CUMMINSIND,20111130,350,363.8,347.7,356.9,138599
CURATECH,20111130,80,84.5,72.1,75,313
CYBERTECH,20111130,10.25,10.45,10.2,10.25,1300
DAAWAT,20111130,41.1,42.5,40.4,41.4,17167
DABUR,20111130,96.1,96.95,94.35,95.3,2301233
DALMIABEL,20111130,102.15,114,101.15,107.65,89453
DALMIASUG,20111130,14,14,13.5,13.75,133565
DATAMATICS,20111130,24.65,26.9,24.65,26.35,3766
DBCORP,20111130,210.05,224.9,207.2,220.25,9380
DBREALTY,20111130,75,77,71.5,72.2,1637387
DCB,20111130,37.95,37.95,36.9,37.5,1211743
DCHL,20111130,45.85,46.4,45.1,45.55,185640
DCM,20111130,51.3,52.95,50.15,51.7,13624
DCMSRMCONS,20111130,42.7,42.7,41.55,42.4,1988
DCW,20111130,8.7,8.85,8.65,8.65,48075
DECCANCE,20111130,147,147,146,146,2181
DECOLIGHT,20111130,3.1,3.1,2.95,2.95,906
DEEPAKFERT,20111130,152.55,152.55,147.2,148.15,17545
DEEPAKNTR,20111130,157.8,157.8,157.8,157.8,9
DEEPIND,20111130,68,68,66.3,66.6,2307
DELTACORP,20111130,72.5,73.45,68,70,7855614
DEN,20111130,62.75,62.75,59.6,60.95,33465
DENABANK,20111130,63.5,63.85,62.1,63.2,1032634
DENORA,20111130,80.4,80.4,80.25,80.3,40
DENSO,20111130,53.35,53.4,49.25,49.35,883
DEWANHOUS,20111130,190.5,190.5,182.9,184.95,46616
DHAMPURSUG,20111130,33,33,32,32.4,24709
DHANBANK,20111130,55,55.8,52,53,674509
DHANUKA,20111130,99.05,101.9,99,99.35,13120
DHARSUGAR,20111130,25,26.7,25,26.1,4113
DIAPOWER,20111130,100,102,98.85,99.3,15773
DICIND,20111130,210,210,200.2,200.95,523
DIGJAM,20111130,7.85,8,7.45,7.5,35755
DISHMAN,20111130,44,44.9,42,42.45,57736
DISHTV,20111130,67.9,68.2,62.8,63.5,6524675
DIVISLAB,20111130,738.5,750,729,748.2,193883
DLF,20111130,200.9,209.85,198.75,208.05,7812600
DLINKINDIA,20111130,17.2,18,17.2,17.95,18110
DOLPHINOFF,20111130,85.55,85.55,82.05,83,3501
DONEAR,20111130,19.05,20.4,19.05,19.1,1215
DPSCLTD,20111130,2620,2620,2552.7,2585.7,137
DPTL,20111130,112,114.95,111.5,113.35,2355
DQE,20111130,24.95,24.95,23.5,23.8,1525
DREDGECORP,20111130,218,218.5,215.25,216.75,1600
DRREDDY,20111130,1571,1590,1562.95,1577.5,379921
DSKULKARNI,20111130,52.6,53.85,51.05,53.5,15992
DWARKESH,20111130,35.1,36,34.6,35.5,3922
DYNAMATECH,20111130,1088.95,1088.95,1020.2,1030,69
EASTSILK,20111130,4.5,4.5,4.15,4.2,14182
ECEIND,20111130,96,97,94,96.8,309
ECLERX,20111130,739,739,724,726.65,1934
EDELWEISS,20111130,26.9,26.9,25.75,25.9,118290
EDL,20111130,69.5,69.85,67.65,68.1,2652
EDSERV,20111130,61.7,62.2,59,62.2,105117
EDUCOMP,20111130,205,215.4,199,212.45,4915555
EICHERMOT,20111130,1600.05,1644.15,1600,1613.5,4503
EIDPARRY,20111130,197,198,194.85,196.85,242764
EIHAHOTELS,20111130,129.05,129.25,125.25,127.6,271
EIHOTEL,20111130,84.8,84.9,83,84.15,60467
EIMCOELECO,20111130,174.85,174.9,165.1,169,120
EKC,20111130,41.4,43.9,40.35,42.9,545641
ELDERPHARM,20111130,373.5,373.85,365.1,368.7,41139
ELECON,20111130,60,60.25,58.7,59.05,55739
ELECTCAST,20111130,20.55,20.8,20.2,20.4,61082
ELFORGE,20111130,9,9,8.5,9,212
ELGIEQUIP,20111130,69.2,70.25,69.2,69.9,24963
ELGIRUBCO,20111130,20.35,21.4,20.35,20.35,3180
ELNET,20111130,27.2,27.5,27.2,27.45,602
EMAMIINFRA,20111130,21.9,23,21.9,21.9,6329
EMAMILTD,20111130,394.9,396,388,392,10760
EMCO,20111130,35.6,35.6,34.1,34.3,12515
EMKAY,20111130,36,36,34.5,34.8,1651
EMMBI,20111130,13.8,13.8,13.5,13.75,2180
EMPEESUG,20111130,11.25,12,10.8,11.9,1090
ENERGYDEV,20111130,37.2,39,37.15,38.9,4426
ENGINERSIN,20111130,217,221.5,204.15,209.2,366926
ENIL,20111130,235.6,249.5,235.6,249.3,19667
EONELECT,20111130,41.55,41.55,39.75,40.85,2903
ERAINFRA,20111130,149.1,149.1,148.2,148.55,210827
EROSMEDIA,20111130,218,229.9,211.2,224.5,595721
ESABINDIA,20111130,465,468.95,463,464.7,1242
ESCORTS,20111130,78.45,80.9,77.05,80.15,991260
ESL,20111130,4.9,4.9,4.5,4.6,967549
ESSAROIL,20111130,68.2,69.8,66.5,69.25,992256
ESSARPORTS,20111130,70,70.45,64.5,67.2,34876
ESSARSHPNG,20111130,26.4,27.7,26,26.2,41309
ESSDEE,20111130,147.8,147.8,135.3,135.85,85279
ESSELPACK,20111130,27.35,27.85,26.8,27.15,4817
ESTER,20111130,25.7,26.7,24.7,25.35,30290
EUROMULTI,20111130,6,6,5.5,5.55,1600
EUROTEXIND,20111130,19.6,19.6,19.6,19.6,50
EVEREADY,20111130,27.85,28,27.05,27.65,24185
EVERESTIND,20111130,128,128.95,124.5,126.65,3049
EVERONN,20111130,360,366.6,345.3,352.85,1290922
EXCELCROP,20111130,131.8,131.8,128,129.2,1149
EXCELINDUS,20111130,60.2,61.95,60.2,60.8,362
EXCELINFO,20111130,10,10.35,9.8,10.1,51774
EXIDEIND,20111130,113.35,116.8,113.35,116.4,447558
FACT,20111130,24.5,24.75,24.1,24.15,4658
FAGBEARING,20111130,1195,1195,1142.15,1149.7,1194
FAME,20111130,42,42.7,41.05,41.15,1787
FARMAXIND,20111130,2.35,2.35,2.25,2.3,18330
FCH,20111130,132.5,136,130.95,131.8,26551
FCSSOFT,20111130,0.5,0.5,0.45,0.5,953172
FDC,20111130,82,82,78,78.75,11746
FEDDERLOYD,20111130,54.15,56.8,54.1,55.6,2019
FEDERALBNK,20111130,356.45,365.65,350.4,358.05,462761
FIEMIND,20111130,154,163,154,162.45,135
FILATEX,20111130,42,42,39.15,39.5,1059
FINANTECH,20111130,610.55,633.7,601.8,606.85,230552
FINCABLES,20111130,32.95,32.95,28.1,28.85,183089
FINPIPE,20111130,53.05,53.8,48.25,49.05,125839
FIRSTLEASE,20111130,59.5,59.85,59,59.6,3102
FIRSTWIN,20111130,15.05,15.5,15.05,15.4,1150
FKONCO,20111130,96.2,99.9,96.2,99,6829
FLEXITUFF,20111130,264,291.6,260.1,289.5,314153
FMGOETZE,20111130,239.9,241,225,226.1,165174
FORTIS,20111130,115,115.45,113.15,113.6,304203
FOSECOIND,20111130,560,565.95,551,553.05,166
FSL,20111130,8.15,8.15,7.85,7.95,1135744
FTCSF5YDIV,20111130,10.9,10.9,10.9,10.9,3000
FUTUREVENT,20111130,8.6,9.75,8.6,9.4,3355419
GABRIEL,20111130,43.6,45,43.55,44.25,8628
GAEL,20111130,19.8,20.35,19.8,20.25,5831
GAIL,20111130,389,395.2,384.2,391.65,1248035
GAL,20111130,14.5,15.15,14.3,14.85,19394
GALLANTT,20111130,22.7,22.7,21.15,21.15,69593
GAMMNINFRA,20111130,12,12.5,11.9,12.45,37102
GAMMONIND,20111130,50,51.95,50,50.5,15417
GANDHITUBE,20111130,123.5,123.5,123.5,123.5,10
GANESHHOUC,20111130,102.35,104,101.2,102.25,1231
GANGOTRI,20111130,3.65,4.05,3.6,4,3729
GARDENSILK,20111130,62,62.95,60.6,61.1,2220
GARWALLROP,20111130,46.9,46.9,46.1,46.55,2423
GATI,20111130,29.1,31.25,28.6,30.3,808104
GAYAPROJ,20111130,123.15,123.15,119.3,119.95,14005
GDL,20111130,136.1,137,132.55,135.15,26249
GEECEE,20111130,31.45,31.45,31.45,31.45,350
GEINDSYS,20111130,122,122.05,116.55,119.7,21891
GEMINI,20111130,21,21.7,20.2,20.75,9681
GENESYS,20111130,139.5,149.5,139.5,142.2,558
GENUSPOWER,20111130,11.25,11.4,10.2,10.35,184018
GEODESIC,20111130,51.95,53.4,48.55,51.45,919519
GEOJITBNPP,20111130,17.75,17.75,16,16.1,55128
GEOMETRIC,20111130,45.6,45.6,43.65,45,43614
GESHIP,20111130,217,218,212.3,217,15338
GHCL,20111130,31.2,31.95,31,31.55,35083
GICHSGFIN,20111130,76,76,74.5,75.8,29468
GILLANDERS,20111130,70.5,70.5,69.55,69.75,513
GILLETTE,20111130,1887,1939,1887,1904.1,295
GINNIFILA,20111130,5.25,5.55,5.25,5.4,3863
GIPCL,20111130,72.85,72.85,70.55,71.9,18725
GISOLUTION,20111130,10.55,11.7,10.55,11.7,490
GITANJALI,20111130,325.2,339.8,320,337.75,1575791
GKB,20111130,30,30,29.2,29.5,42
GKWLIMITED,20111130,425,425,425,425,13
GLAXO,20111130,1955,1955,1909,1917.1,6995
GLENMARK,20111130,317.95,320,313.8,315,297730
GLFL,20111130,3.7,3.7,3.25,3.3,11022
GLOBALVECT,20111130,16.5,17.45,15.6,15.6,1606
GLOBOFFS,20111130,66,66.95,61.35,63.45,10159
GLOBUSSPR,20111130,104.85,106.2,102,103.4,8027
GLODYNE,20111130,248,254,242.5,249.95,154485
GLORY,20111130,2.95,3.1,2.9,3,42872
GMBREW,20111130,57,58.6,54,56.8,3860
GMDCLTD,20111130,178.05,178.85,172.5,177.8,105803
GMRINFRA,20111130,20.3,21.1,19.65,20.6,6592394
GNFC,20111130,85.5,86.35,82.7,83.35,23016
GOACARBON,20111130,70.5,70.5,68.65,69.15,2298
GODFRYPHLP,20111130,2830.05,2883.6,2820,2850,379
GODREJCP,20111130,393,405.95,393,401.55,113411
GODREJIND,20111130,189,190.7,185.5,188,791735
GODREJPROP,20111130,657.1,670,657.1,663.8,5180
GOENKA,20111130,40.15,44.8,39.65,41.45,99379
GOKEX,20111130,91.35,91.4,82.1,85.35,429
GOKUL,20111130,85,85,83.15,83.8,51347
GOLDBEES,20111130,2782.05,2789.85,2763.5,2766.7,80805
GOLDENTOBC,20111130,46.4,46.4,43.25,45,375
GOLDIAM,20111130,32,32,30,30.1,405
GOLDINFRA,20111130,9.8,10,9.8,9.9,1352
GOLDSHARE,20111130,2757.15,2761,2743.7,2750.4,8451
GOLDTECH,20111130,5.75,6.4,5.75,6.3,6581
GPIL,20111130,110,114.9,110,111.85,11379
GPPL,20111130,60,60.5,58.45,59.9,2310195
GRABALALK,20111130,17.2,17.2,17,17,184360
GRANULES,20111130,62.8,62.8,60.9,61,2331
GRAPHITE,20111130,70.7,70.7,69.3,70.3,21167
GRASIM,20111130,2308,2350,2269.5,2341.2,58566
GRAVITA,20111130,417.5,427,408.05,410.85,193752
GREAVESCOT,20111130,78,83.8,75.15,79.5,38348
GREENPLY,20111130,200.95,201,196.05,199,4174
GREENPOWER,20111130,10.9,10.95,10.6,10.75,308365
GRINDWELL,20111130,244.95,245.95,233.5,239.2,950
GRUH,20111130,530,534.95,520,522,5686
GSFC,20111130,445.2,461,443.2,451,46216
GSKCONS,20111130,2489,2509,2471,2508.35,30784
GSLNOVA,20111130,2.25,2.25,2.25,2.25,170
GSPL,20111130,87.3,89.9,87.2,89.5,695117
GSS,20111130,122,122.75,120.45,121.45,582
GTL,20111130,40,41.8,39.3,39.65,3049016
GTLINFRA,20111130,9.45,9.45,8.75,9.1,1381289
GTNIND,20111130,11.4,11.4,11.4,11.4,192
GTNTEX,20111130,10.5,11.25,10.05,10.4,7398
GTOFFSHORE,20111130,100.9,101.2,93.1,94.05,195465
GUFICBIO,20111130,5.65,6.55,5.65,6.4,3025
GUJALKALI,20111130,133,137.5,130.1,131.25,61192
GUJAPOLLO,20111130,129.95,130.45,129.1,129.2,9964
GUJFLUORO,20111130,431,431,416,427.95,26522
GUJNRECOKE,20111130,17.6,18.25,17.6,18.15,717971
GUJNREDVR,20111130,13.85,14.25,13.5,14.05,12453
GUJRATGAS,20111130,368,374,368,371.8,16005
GUJSIDHCEM,20111130,7.7,7.85,7.6,7.75,30729
GULFOILCOR,20111130,58.4,58.4,55.55,57.1,38238
GVKPIL,20111130,10.4,10.5,10.2,10.35,6880376
HALONIX,20111130,61.75,63,61.1,62.25,1000
HANUNG,20111130,94.3,95.7,92.25,93.65,74670
HARRMALAYA,20111130,62.05,63,61,61.25,15099
HATHWAY,20111130,106.85,106.85,102.1,103.45,132898
HAVELLS,20111130,417.7,422.7,410.25,413.75,320705
HBLPOWER,20111130,17,17,16.5,16.8,2469
HCC,20111130,22.75,22.75,21.3,21.7,2040940
HCIL,20111130,50,54.3,50,53.8,79217
HCL-INSYS,20111130,52.65,52.65,51,51.55,52742
HCLTECH,20111130,385.9,393,380.05,383.8,5902486
HDFC,20111130,626.05,647.8,625.3,641.7,3367260
HDFCBANK,20111130,429.2,449.65,429.2,442.5,7053637
HDFCMFGETF,20111130,2840.25,2844.95,2816.25,2820.85,3494
HDIL,20111130,64,64,59.75,60.25,24448533
HEG,20111130,165,165.5,162.6,163.05,12871
HEIDELBERG,20111130,30.4,30.8,28.25,28.9,212922
HELIOSMATH,20111130,21,21.1,20.7,20.85,9139
HERCULES,20111130,225.95,232.65,224.15,226.55,29457
HERITGFOOD,20111130,162.85,163,156,156.95,1130
HEROMOTOCO,20111130,2061,2087.3,1971.1,1999.7,2870263
HEXAWARE,20111130,86.1,86.7,83.3,84.7,889587
HFCL,20111130,11.25,11.55,11,11.1,458268
HGS,20111130,343.95,343.95,313.7,323.6,1874
HIKAL,20111130,250.05,262,245.05,252,492
HILTON,20111130,12.95,13,12.95,13,450
HIMATSEIDE,20111130,29.05,30,27.35,29.75,106359
HINDALCO,20111130,121,123.95,120.35,122.95,6423394
HINDCOMPOS,20111130,455,455,440.1,446,371
HINDCOPPER,20111130,187,188.5,184.5,185.2,13864
HINDDORROL,20111130,23.85,24,23,23.85,85423
HINDMOTORS,20111130,10.3,10.45,10.25,10.35,49065
HINDNATGLS,20111130,146,146,142.15,143,3084
HINDOILEXP,20111130,124.4,125.15,117.05,119.1,1487248
HINDPETRO,20111130,275,278.7,272,276.5,818404
HINDUJAFO,20111130,64,68.5,62.75,67,4130
HINDUJAVEN,20111130,327,336.9,322.95,325.1,154
HINDUNILVR,20111130,387.8,401,387.1,397.15,4964804
HINDZINC,20111130,115.2,120.9,113.75,119.15,277883
HIRAFERRO,20111130,25.05,25.3,25.05,25.3,120
HIRECT,20111130,41,43,40.2,40.65,834
HITACHIHOM,20111130,128.55,130.25,124.1,126.5,6438
HITECHGEAR,20111130,117,120,115,115.05,16578
HITECHPLAS,20111130,70,73.8,65,66.15,10662
HMT,20111130,33.9,34.65,33.1,33.5,43555
HMVL,20111130,126.95,126.95,102.1,124.8,120062
HNGSNGBEES,20111130,1250,1250,1220,1230.05,19
HOCL,20111130,18.7,18.85,18.1,18.25,28083
HONAUT,20111130,1901.05,2090,1901.05,2020.25,1383
HONDAPOWER,20111130,318,336.95,318,329.25,1273
HOPFL,20111130,52,52,50.85,51.05,488
HORIZONINF,20111130,288,288,255.1,267.85,50
HOTELEELA,20111130,33,33.45,32.15,32.35,131543
HOVS,20111130,40,40,38.55,39.05,4104
HSIL,20111130,146.5,150.05,146.1,147.3,137030
HTMEDIA,20111130,119.05,121.75,117.8,120.05,22008
HUBTOWN,20111130,182,183,178,182.05,83871
HYDRBADIND,20111130,310,314,306.15,308.1,764
HYDROS&S,20111130,15.75,18.9,15.75,16.85,1072
IBPOW,20111130,11,11,9.7,9.95,924658
IBREALEST,20111130,64,64.7,60.2,60.85,25486389
IBSEC,20111130,6.6,6.75,6.4,6.65,208808
IBWSL,20111130,4.8,5,4.6,4.7,230999
ICICIBANK,20111130,724,734.25,704.9,712.45,31887495
ICRA,20111130,875.4,991,875,946.4,3337
ICSA,20111130,41.9,41.9,39.2,39.85,28813
IDBI,20111130,91.65,93.6,90,92.95,1989354
IDBIGOLD,20111130,2866,2905,2850,2903.7,1767
IDEA,20111130,95.5,99.35,93.35,97.95,51104247
IDFC,20111130,109.1,110.4,107.5,108.7,7286524
IFBIND,20111130,73,74.9,72.6,74.25,33031
IFCI,20111130,23.15,23.75,22.8,23.05,13157399
IFGLREFRAC,20111130,31.9,36.5,31.9,36,69443
IGARASHI,20111130,39.95,39.95,38.05,38.15,402
IGL,20111130,392.15,403.5,391.45,401.8,133754
IGPL,20111130,17,17.9,16.35,17.55,41
IIFLNIFTY,20111130,478.5,483.9,474.01,482.06,5996
IL&FSENGG,20111130,71,71.2,68.5,68.85,12320
IL&FSTRANS,20111130,173,175,171,171.35,271781
IMFA,20111130,289.95,289.95,275,275.05,1088
IMPAL,20111130,630,630,620,620,115
IMPEXFERRO,20111130,6,6.3,5.85,6.2,1568
INDBANK,20111130,6.35,6.8,6.35,6.7,13016
INDHOTEL,20111130,60.3,60.65,59,59.6,265769
INDIABULLS,20111130,135.95,139.1,131.8,138,1025689
INDIACEM,20111130,79.9,79.9,69.3,72.35,1179256
INDIAGLYCO,20111130,123.05,125.5,123.05,124.2,12368
INDIAINFO,20111130,60,60.45,58.95,59.35,95111
INDIANB,20111130,188.55,190.5,186.2,189.05,979362
INDIANCARD,20111130,85.4,85.4,84.6,84.6,106
INDIANHUME,20111130,104.3,105.5,104,104,1402
INDLMETER,20111130,57,57,53,53.35,40
INDNIPPON,20111130,161,163.85,160,163.85,555
INDOCO,20111130,399,399.85,386.4,390.8,177
INDORAMA,20111130,26.25,27.4,26.25,27.3,2384
INDOSOLAR,20111130,6.8,6.95,6.7,6.75,41854
INDOTECH,20111130,96.55,98.4,96.55,97.1,1083
INDOTHAI,20111130,11.45,11.85,11.45,11.6,35547
INDOWIND,20111130,8.45,8.45,7.75,7.8,252749
INDRAMEDCO,20111130,33.55,34,33.3,33.45,4400
INDSWFTLAB,20111130,85.75,85.75,83.4,84.3,5451
INDSWFTLTD,20111130,25.55,26.3,25.25,25.85,5000
INDTERRAIN,20111130,114,126,112.4,113.05,1256
INDUSFILA,20111130,12,13.75,12,12.85,5931
INDUSINDBK,20111130,258,260.25,245.5,248.95,2216799
INEABS,20111130,593,595.95,591.4,591.4,217
INFINITE,20111130,71,73,70.4,71.45,25923
INFODRIVE,20111130,7.4,7.4,6.6,6.6,3125
INFOMEDIA,20111130,9.5,10.15,9,9.2,12789
INFOTECENT,20111130,124,130.9,121.1,128.9,7612
INFRABEES,20111130,240.65,240.65,235.3,240.25,92
INFY,20111130,2581,2625,2561,2606.85,1455029
INGERRAND,20111130,420,426.95,411.1,412.5,7067
INGVYSYABK,20111130,301,303,297,301.75,37353
INNOIND,20111130,81.75,85.3,81.75,83.45,1685
INOXLEISUR,20111130,40.8,42.4,40.8,41.95,9466
INSECTICID,20111130,413.8,419.55,409.9,412.25,50499
INVENTURE,20111130,150.05,151.9,150,150.8,133796
IOB,20111130,92.8,95,91.1,92.75,1410409
IOC,20111130,259.3,263.25,258.1,261.95,423286
IOLCP,20111130,26.5,26.9,23.1,26.2,2902
IPCALAB,20111130,258.15,260.9,255.3,257.8,68180
IPGETF,20111130,2845,2859.95,2821.25,2834.25,964
IRB,20111130,143,148.7,142.75,147.3,657005
ISFT,20111130,53.95,55,53,54.9,280
ISMTLTD,20111130,25.95,25.95,25,25.75,10082
ITC,20111130,197.05,201.5,196.35,200.7,10228066
ITDCEM,20111130,134.95,140,132,137.75,1722
ITI,20111130,19.75,20.2,19.4,19.8,59913
IVC,20111130,27.5,28.25,25.55,26.3,290935
IVRCLAH,20111130,26.95,27.45,26.05,27.1,13005
IVRCLINFRA,20111130,34.5,35,33.15,34.75,3473107
J&KBANK,20111130,745.15,755.5,736.05,751.65,3963
JAGRAN,20111130,104,106.75,101.3,105.4,20923
JAGSNPHARM,20111130,11.95,12,11.7,11.9,3385
JAIBALAJI,20111130,59,60,51,51.6,124238
JAICORPLTD,20111130,72.85,73.4,70.5,71.75,202838
JAMNAAUTO,20111130,103.5,105,103.5,103.5,275
JAYAGROGN,20111130,84.95,85,83.05,84,1964
JAYBARMARU,20111130,44,45.5,43.1,45.5,427
JAYNECOIND,20111130,15,15.15,14.6,14.65,21706
JAYSREETEA,20111130,111,111.2,107,109.15,17413
JBCHEPHARM,20111130,69,71.45,68.5,70.1,43428
JBFIND,20111130,112,113.5,111,112.5,24733
JBMA,20111130,56,57.9,55.3,56,249
JCTEL,20111130,1.2,1.2,1.2,1.2,9100
JENSONICOL,20111130,3.5,3.5,3.25,3.35,5151
JETAIRWAYS,20111130,262.1,270.5,252.5,255.3,1951889
JHS,20111130,34,36.65,33.1,34.6,37918
JIKIND,20111130,4.75,4.75,4.75,4.75,200
JINDALPHOT,20111130,125.2,134.95,125.2,130.65,8389
JINDALPOLY,20111130,178.35,178.35,164.2,167.5,450575
JINDALSAW,20111130,124,126.5,118.75,122,365539
JINDALSTEL,20111130,486.9,511.15,476.05,503.35,2453285
JINDALSWHL,20111130,426.9,427.5,401.5,406.95,91120
JINDCOT,20111130,72,73,70.4,71.3,112909
JINDRILL,20111130,296,299.4,295,295.3,1683
JINDWORLD,20111130,87.9,87.9,87.05,87.1,182
JISLDVREQS,20111130,114.9,114.9,95.55,95.55,4678
JISLJALEQS,20111130,119.9,120.4,111.55,116.35,1909136
JKCEMENT,20111130,102.5,105.8,102.5,103.6,1654
JKIL,20111130,153.5,160.5,153.5,159.55,21597
JKLAKSHMI,20111130,41,41.5,40.75,41.05,24467
JKPAPER,20111130,37.15,38.8,36.75,38.5,113055
JKTYRE,20111130,67.55,68.45,66.25,66.9,15600
JMCPROJECT,20111130,115,117,108.1,111.35,3046
JMFINANCIL,20111130,15.9,15.9,15.2,15.25,192096
JMTAUTOLTD,20111130,53,55.9,51.25,55.9,756
JOCIL,20111130,117,120,112.35,118.5,1420
JPASSOCIAT,20111130,62.7,63.4,61.3,62.1,11805950
JPINFRATEC,20111130,40.5,40.95,38.7,39,430760
JPPOWER,20111130,35,35,33.8,33.9,176985
JSL,20111130,77.3,78.95,68.3,69.9,694744
JSWENERGY,20111130,41.3,44.2,40.7,42.9,1343299
JSWISPAT,20111130,10.45,10.7,9.75,10.35,2739508
JSWSTEEL,20111130,583,604.4,576.2,593.15,2197550
JUBILANT,20111130,177.35,178.75,166.2,171.05,334110
JUBLFOOD,20111130,760.25,781.9,750.85,772.3,863076
JUBLINDS,20111130,199.05,203.75,198.25,200.45,1799
JUMBO,20111130,13.5,13.95,13.35,13.75,2428
JUNIORBEES,20111130,91.9,92.23,90.9,91.09,24836
JUPITER,20111130,10,10.15,9.85,9.95,80496
JVLAGRO,20111130,15.6,15.6,14.7,15.05,33018
JYOTHYLAB,20111130,147,147.55,141.1,146.8,5772
JYOTISTRUC,20111130,49.4,50.45,46.2,46.8,340475
KABRAEXTRU,20111130,35,35,34.65,34.7,3225
KAJARIACER,20111130,96,99.5,95,99.1,435287
KAKATCEM,20111130,64.5,65.95,62.5,65.05,370
KALECONSUL,20111130,120.6,128.3,116.1,122.55,250635
KALINDEE,20111130,95.5,97.7,95.5,96.45,68899
KALPATPOWR,20111130,101.5,104.4,99.65,102,30307
KAMATHOTEL,20111130,92.15,95.5,92.15,93.95,8696
KANORICHEM,20111130,27.75,28,27.05,27.75,4938
KANSAINER,20111130,885,885,860.6,866.8,81
KARURKCP,20111130,22.75,22.75,22.7,22.7,84
KARURVYSYA,20111130,383.5,396.85,382.05,394.65,118678
KAUSHALYA,20111130,6.25,7,6.25,6.35,2709
KAVVERITEL,20111130,133,134.9,131,134.6,35874
KBIL,20111130,600,600,600,600,17
KCP,20111130,25.35,25.8,25.1,25.35,4427
KCPSUGIND,20111130,16.45,16.45,15.6,15.65,18107
KEC,20111130,42,42.65,40.4,40.7,192677
KECL,20111130,29.55,29.55,29.55,29.55,1
KEI,20111130,15.35,15.35,14.75,14.95,22702
KEMROCK,20111130,510,512.95,509.4,509.8,8212
KERNEX,20111130,63.5,64.15,61.05,63.15,34823
KESARENT,20111130,41.9,41.9,40,41.25,3982
KESORAMIND,20111130,105,106.8,98.2,100.1,117568
KFA,20111130,24.3,24.95,23.7,24.1,8596104
KHAITANELE,20111130,84.5,87.4,80.85,87.2,2026
KHAITANLTD,20111130,18.5,18.95,18.5,18.95,22
KHANDSE,20111130,18.95,19,18.95,19,319
KICL,20111130,441,441,406.25,417.55,303
KIL,20111130,13.15,13.15,12.55,13,707
KINETICMOT,20111130,15,15,14.4,14.6,6242
KIRIINDUS,20111130,81.65,83.5,77.55,79.45,32742
KIRLOSBROS,20111130,117,120,117,117.95,287
KIRLOSENG,20111130,130.1,132.4,130,130,509
KIRLOSIND,20111130,261.3,261.3,249,250.6,218
KITPLYIND,20111130,2.95,3.3,2.95,3.3,4076
KKCL,20111130,743.8,743.8,715,735,1985
KLGSYSTEL,20111130,27.25,27.95,27,27.45,4460
KLRF,20111130,25,25,22.9,23.6,139
KMSUGAR,20111130,2.2,2.3,2.15,2.2,815
KNRCON,20111130,100.05,103,98,102.9,3900
KOHINOOR,20111130,37.1,37.7,36.5,36.9,17294
KOLTEPATIL,20111130,33.5,33.5,31.2,31.6,328447
KOPDRUGS,20111130,3.95,3.95,3.95,3.95,1
KOPRAN,20111130,16.5,16.95,16.5,16.7,8540
KOTAKBANK,20111130,450,469.9,449,466.7,850288
KOTAKGOLD,20111130,2825,2847.8,2780.15,2793.8,18221
KOTAKNIFTY,20111130,491,493,490.5,493,23
KOTAKPSUBK,20111130,308.5,313,308.5,310,90
KOTARISUG,20111130,5.6,6,5.55,5.85,12604
KOTHARIPET,20111130,5.25,6.35,5.25,5.8,13568
KOTHARIPRO,20111130,384.95,388.1,378,386.8,1247
KOUTONS,20111130,21,21.5,20.4,20.7,460663
KPIT,20111130,164,166.95,151.15,156.2,419123
KPRMILL,20111130,99,106.4,98.5,104.5,149138
KRBL,20111130,17.3,17.55,16.3,17.2,338755
KRISHNAENG,20111130,2.4,2.4,2.35,2.35,3000
KSBPUMPS,20111130,175,181.7,175,177.85,282
KSCL,20111130,450,462.5,447.1,457.85,52852
KSE,20111130,244.9,244.9,225,225.05,20
KSK,20111130,54.3,54.75,53.05,53.3,33394
KSL,20111130,39.85,40.4,38.55,38.85,6583
KSOILS,20111130,6.95,7,6.5,6.6,5547892
KTIL,20111130,58.75,58.75,58.75,58.75,6
KTKBANK,20111130,80.9,80.9,75.8,77.4,721611
KWALITY,20111130,57.15,57.15,57.15,57.15,13981
L&TFH,20111130,45.85,45.85,45.1,45.35,192211
LAKPRE,20111130,35,37,34,37,212
LAKSHMIEFL,20111130,13.6,14.55,13.5,14.2,24518
LAKSHMIMIL,20111130,1655,1784.85,1655,1661,17
LAKSHVILAS,20111130,88.5,89.95,87,87.45,27578
LANCOIN,20111130,24.55,25.55,24.3,24.4,6025
LAOPALA,20111130,105.5,109.65,105,109.15,6791
LAXMIMACH,20111130,1607.9,1670,1603,1646.35,2826
LCCINFOTEC,20111130,0.4,0.45,0.4,0.4,47137
LGBBROSLTD,20111130,302.25,313,302.25,308.7,289
LIBERTSHOE,20111130,70,70,67.4,69.15,6264
LICHSGFIN,20111130,217.95,224.05,216,223.4,2319243
LIQUIDBEES,20111130,1000,1000.01,999.99,1000,106634
LITL,20111130,12.1,12.65,11.9,12.4,12263727
LLOYDELENG,20111130,43.15,43.65,42.2,43.55,7447
LLOYDFIN,20111130,0.85,1,0.85,0.95,695
LLOYDSTEEL,20111130,9,9.05,8.8,8.85,52621
LML,20111130,8.6,8.75,8.5,8.55,101718
LOGIXMICRO,20111130,17.05,17.5,16.7,16.9,2309
LOKESHMACH,20111130,39,39.25,39,39,2720
LOTUSEYE,20111130,9.1,9.5,8.15,8.35,2900
LOVABLE,20111130,375,375.55,360.55,366.95,681265
LPDC,20111130,1.85,1.9,1.75,1.8,1784
LT,20111130,1266,1277.5,1250.1,1272.15,1964957
LUMAXAUTO,20111130,29.85,29.85,27.35,27.6,1267
LUMAXIND,20111130,388,392,382.75,385.1,2664
LUMAXTECH,20111130,147,147,143.55,143.65,260
LUPIN,20111130,467.95,475,465.05,474.35,570514
LYKALABS,20111130,9.5,9.5,9.1,9.15,22766
M&M,20111130,720.8,732,703.6,725.2,2313946
M&MFIN,20111130,642.75,694.9,642.75,684.5,529192
M100,20111130,6.65,6.65,6.5,6.5,19262
M50,20111130,61,64.58,61,63.03,68755
MAANALU,20111130,47.7,47.7,42,42,7
MADHAV,20111130,16,17,16,17,123
MADHUCON,20111130,52,53.25,47,47.45,87600
MADRASCEM,20111130,107,112.8,106.05,111.6,43343
MADRASFERT,20111130,19.85,19.85,18.25,18.45,272680
MAGMA,20111130,54,60.7,53.55,56.65,10626
MAGNUM,20111130,4.25,4.55,4.05,4.05,5368
MAHABANK,20111130,45.75,46,44.75,44.9,54223
MAHINDFORG,20111130,58.1,58.85,57.75,57.8,16163
MAHINDUGIN,20111130,51,52.3,49,49.8,13604
MAHLIFE,20111130,280,283,260.1,264.15,73228
MAHSEAMLES,20111130,339.9,339.9,334.75,336.1,10019
MAITHANALL,20111130,87.55,95,87.55,90.5,1802
MALUPAPER,20111130,9.75,9.8,9.75,9.8,25
MALWACOTT,20111130,21.7,21.7,21.7,21.7,17
MANAKSIA,20111130,51.5,55,49.95,50.4,2605
MANALIPETC,20111130,9.7,9.75,9.4,9.45,36523
MANAPPURAM,20111130,55,59.1,54.2,57.85,1209171
MANDHANA,20111130,221,222.85,216.05,217.9,152827
MANGCHEFER,20111130,33.5,33.85,33,33.6,88117
MANGLMCEM,20111130,93,94.9,92.55,93.1,2749
MANGTIMBER,20111130,19.75,20.25,19.75,20.25,552
MANINDS,20111130,118,120.25,117.1,117.45,91291
MANINFRA,20111130,104.45,104.45,100,101.6,1400
MANJUSHREE,20111130,66.6,84.3,66.6,82.75,17410
MANUGRAPH,20111130,49.5,51.8,49.5,50.65,12362
MARALOVER,20111130,9.3,9.3,9.25,9.25,600
MARG,20111130,81.35,82,80.2,80.45,133024
MARICO,20111130,145,148,145,145.75,224684
MARKSANS,20111130,1.9,2,1.9,2,31923
MARUTI,20111130,956.95,976.15,952.1,972.15,473470
MASTEK,20111130,76,77.95,75,76.8,6648
MAWANASUG,20111130,14,14,13.55,13.65,1002
MAX,20111130,164.2,167.4,162.1,165.85,99029
MAXWELL,20111130,24.2,25,24.2,24.8,5374
MBECL,20111130,98.7,101,98.7,99.05,144518
MBLINFRA,20111130,104,105,101.5,102.9,11141
MBSWITCH,20111130,87,92.35,87,91.95,135293
MCDHOLDING,20111130,43.3,43.6,42.55,43.05,3322
MCDOWELL-N,20111130,710.15,710.15,678.5,699.65,845077
MCLEODRUSS,20111130,221,222.5,218.5,221.6,124401
MEGASOFT,20111130,10.65,11.2,10.65,11,1798
MEGH,20111130,9.4,9.4,8.8,9.1,52157
MELSTAR,20111130,6.85,6.9,6.85,6.9,2545
MERCK,20111130,624,633,618,623.2,6234
MHRIL,20111130,303,310,299,306.45,4591
MIC,20111130,7.05,7.35,6.95,7.1,163137
MICROSEC,20111130,26.3,26.35,25.5,25.75,4779
MICROTECH,20111130,148,154.85,147,151.7,35126
MINDAIND,20111130,187.95,187.95,158.7,161.2,420
MINDTREE,20111130,401.3,410.9,400.05,408.2,9999
MIRCELECTR,20111130,16.25,16.25,15.7,16,74091
MIRZAINT,20111130,17.15,17.8,17.15,17.3,35624
MLL,20111130,21.55,22,21.25,21.75,440347
MMFL,20111130,91.05,95,91.05,93.7,166
MMFSL,20111130,134,136.1,111.4,134.15,148853
MMTC,20111130,548,565,542.3,552.95,3826
MOIL,20111130,231.2,234.8,228.3,231.4,60595
MONNETISPA,20111130,366.9,367,355,358.9,248602
MONSANTO,20111130,707,723.8,707,718.2,2605
MORARJETEX,20111130,11.6,11.6,11.6,11.6,125
MOREPENLAB,20111130,3.15,3.25,3.1,3.15,39126
MOSERBAER,20111130,19.5,19.9,18,18.15,1016809
MOTHERSUMI,20111130,154.95,154.95,151.05,152.15,176762
MOTILALOFS,20111130,82,83.55,81.65,82.55,13530
MOTOGENFIN,20111130,40,40,37.05,38,108
MPHASIS,20111130,322.15,331.35,309.3,324.8,368881
MPSLTD,20111130,33.5,33.5,33.5,33.5,252
MRF,20111130,6899.95,6999,6811.1,6961.65,12493
MRO-TEK,20111130,9.95,10.25,9.65,9.85,3791
MRPL,20111130,60.1,61.8,60.1,60.45,114632
MSPL,20111130,32.05,33.15,30.35,32.1,4763
MTNL,20111130,26.5,27,26.1,26.6,400164
MUDRA,20111130,17.5,18.2,17.2,17.45,2631
MUKANDENGG,20111130,22.5,24.1,21.85,23,1346
MUKANDLTD,20111130,26.55,28.45,26.2,26.65,10500
MUKTAARTS,20111130,29.55,32,29.35,30.4,3102
MUNDRAPORT,20111130,128,130.35,121.7,125.75,1884842
MUNJALAU,20111130,182.2,186.25,182.2,185.4,2183
MUNJALSHOW,20111130,65.05,66.4,65.05,65.9,2010
MURLIIND,20111130,21.5,22.6,20.5,20.65,1719
MURUDCERA,20111130,15.05,15.55,15,15.05,6468
MUTHOOTFIN,20111130,170.8,170.8,165.5,167.2,82482
MVL,20111130,22.5,22.5,21.7,22.15,854251
MVLIND,20111130,11.9,11.9,10.65,11.5,14265
MYSOREBANK,20111130,448,474,448,469.05,751
N100,20111130,115.98,115.98,112,114.12,445
NAGREEKCAP,20111130,18.55,18.8,18.55,18.8,30
NAGREEKEXP,20111130,16.7,17.85,16.7,17.35,858
NAHARCAP,20111130,42.3,43,42.1,43,594
NAHARINDUS,20111130,36,38.95,35.2,37.75,1597
NAHARPOLY,20111130,20.65,21.4,20.6,21.4,2930
NAHARSPING,20111130,49.55,53.45,49.1,52.1,5967
NANDAN,20111130,1.85,1.95,1.85,1.9,5286
NATCOPHARM,20111130,205,219,205,214.95,34846
NATHSEED,20111130,8.2,8.4,8,8.2,667
NATIONALUM,20111130,52.5,54,51.05,52.8,139281
NATNLSTEEL,20111130,14,14.6,14,14.3,1558
NAUKRI,20111130,650,664.95,641.6,643.75,3421
NAVINFLUOR,20111130,342,347,341.8,344.1,4638
NAVNETPUBL,20111130,54.05,55,53.55,54.05,69736
NBVENTURES,20111130,182,186.7,180,183.65,8427
NCC,20111130,38.05,39.2,36.85,37.15,505280
NCLIND,20111130,35,35.3,34.8,34.9,2123
NCOPPER,20111130,17,17.5,16.75,16.9,18031
NDTV,20111130,37.45,39.1,37.45,37.7,30265
NECLIFE,20111130,17.35,18,17.35,17.55,19750
NELCAST,20111130,22.35,23,22.05,22.6,7699
NELCO,20111130,49.5,50,48.6,49.1,34929
NEOCURE,20111130,1.8,1.8,1.8,1.8,9
NEPCMICON,20111130,3.2,3.2,2.9,2.95,8378
NESCO,20111130,588,601,583.35,587.75,24788
NESTLEIND,20111130,4200.1,4250,4175.25,4222.55,20479
NET4,20111130,145,149.9,142.9,147.1,31241
NETWORK18,20111130,43.2,43.9,41,43.35,14569
NEULANDLAB,20111130,82.7,83,81.15,81.3,208
NEXTMEDIA,20111130,4.6,4.9,4.15,4.4,8679
NEYVELILIG,20111130,74.05,77.95,74.05,75.45,165023
NFL,20111130,55.5,56.4,54.45,55.05,10280
NHPC,20111130,22.7,23.05,22.35,22.45,4797864
NICCO,20111130,2.05,2.1,2.05,2.1,514
NIFTYBEES,20111130,490.69,491.75,485.22,490.68,61140
NIITLTD,20111130,43.5,44.75,43.1,44.15,49626
NIITTECH,20111130,209.9,209.9,205.4,206.95,24181
NILKAMAL,20111130,239.05,239.05,231.05,234.15,500
NIPPOBATRY,20111130,390.15,390.15,376.7,377.05,11
NITCO,20111130,40.9,42.5,40.1,41.65,9902
NITESHEST,20111130,17.15,17.15,16.4,16.6,59562
NITINFIRE,20111130,30.2,31.2,29,30.6,142592
NITINSPIN,20111130,5.8,6.1,5.55,5.95,18109
NMDC,20111130,187.05,192,184.35,184.95,204241
NOCIL,20111130,17,17.25,16.45,16.65,60005
NOIDATOLL,20111130,21.1,22.1,21.1,21.95,174032
NORBTEAEXP,20111130,5.25,5.25,5.05,5.25,51
NORTHGATE,20111130,9.5,9.5,9.1,9.45,7563
NOVOPANIND,20111130,37,37,36,36.4,186
NRBBEARING,20111130,38.25,39.9,36.6,38.25,6590
NRC,20111130,3.2,3.6,3.2,3.6,6658
NSIL,20111130,595,608.1,591,602.3,58
NTPC,20111130,158.4,163.95,157.1,162.35,2856396
NUCHEM,20111130,2.15,2.4,2.1,2.2,8430
NUCLEUS,20111130,64.1,64.45,63.05,63.9,9704
NUMERICPW,20111130,183,185,182.5,182.8,368
NUTEK,20111130,0.95,0.95,0.95,0.95,135566
OBEROIRLTY,20111130,204,224.75,204,220.3,7983
OCL,20111130,92.5,92.85,89.85,90,1414
OFSS,20111130,2070,2070,2002.25,2031.75,17183
OIL,20111130,1149.95,1150,1126.15,1135.2,60261
OILCOUNTUB,20111130,50.2,52,50.2,51.15,1903
OISL,20111130,43,45.05,43,44.6,25086
OMAXAUTO,20111130,37.1,37.4,35.85,36.2,2036
OMAXE,20111130,140.9,142.25,140.15,141.75,45737
OMKARCHEM,20111130,65,68.5,65,67.85,7886
OMMETALS,20111130,25.65,26.4,25.65,26.4,600
OMNITECH,20111130,133.9,137,127.6,131.25,3483
ONELIFECAP,20111130,250.1,253.9,245.2,249.65,224268
ONGC,20111130,255.05,269.8,255.05,266.75,2535321
ONMOBILE,20111130,69.2,70.85,63.7,65.45,1958538
ONWARDTEC,20111130,36,40.7,35.2,37.85,2931
OPTOCIRCUI,20111130,211,211.05,193.6,201.5,2088055
ORBITCORP,20111130,27.05,28.25,27.05,27.85,75042
ORCHIDCHEM,20111130,153.1,155.4,149.35,153.1,1092907
ORIENTABRA,20111130,11.8,11.8,10.7,11.05,19574
ORIENTALTL,20111130,7.05,7.15,7,7.15,512
ORIENTBANK,20111130,271.35,274.65,266.25,267.1,257289
ORIENTCERA,20111130,46,46,46,46,50
ORIENTHOT,20111130,24.6,25.2,24.5,24.9,985
ORIENTLTD,20111130,84.2,89.95,81,83.4,29
ORIENTPPR,20111130,51.7,52,48,49.9,787462
ORISSAMINE,20111130,36800.05,38100,36714.55,37251.4,520
OUDHSUG,20111130,21.35,22.4,21,22.15,9530
PAEL,20111130,18.5,18.5,18,18,210
PAGEIND,20111130,2546,2574.4,2537,2556.6,2676
PANACEABIO,20111130,89.5,91.25,89.5,90.65,3926
PANAMAPET,20111130,205,249.7,205,231.25,3067
PANASONIC,20111130,81.4,90,81,84.55,502
PANCARBON,20111130,121,121,121,121,100
PANORAMUNI,20111130,8.1,8.3,8,8.05,3016
PANTALOONR,20111130,196,206.5,190.7,195.7,10560421
PAPERPROD,20111130,63.5,65.45,63.5,64.45,20216
PARABDRUGS,20111130,34.4,36,33.5,34.75,28726
PARACABLES,20111130,2.15,2.35,2.15,2.2,22180
PARAL,20111130,195.6,211.85,191.8,207.1,7628
PARAPRINT,20111130,8.15,8.15,8.15,8.15,5623
PARASPETRO,20111130,0.4,0.5,0.4,0.5,16794
PARSVNATH,20111130,36.5,36.9,35.5,36.3,1585537
PATELENG,20111130,90.3,90.3,84.3,85.35,549070
PATINTLOG,20111130,26.75,26.95,26,26.95,50967
PATNI,20111130,443.4,470,441.7,465,469535
PATSPINLTD,20111130,9.55,10.7,9.4,10.2,5277
PBAINFRA,20111130,33.75,34.75,33.75,33.85,1776
PDPL,20111130,77.25,78.05,77.2,78.05,240
PDUMJEIND,20111130,14.8,14.8,14.8,14.8,2
PDUMJEPULP,20111130,15.3,15.5,15,15.45,4900
PEACOCKIND,20111130,2.85,2.85,2.6,2.6,900
PENIND,20111130,40,40,36.5,37.5,7236
PENINLAND,20111130,35,36.4,29,31.05,812776
PEPL,20111130,1.6,1.6,1.6,1.6,4
PERIATEA,20111130,133.6,137,133.6,137,8
PERSISTENT,20111130,320,322,313,319.1,9714
PETRONENGG,20111130,253,282,253,272.85,1132
PETRONET,20111130,135,165.8,135,164.9,713874
PFC,20111130,164.4,166.7,159.15,161.85,23563358
PFIZER,20111130,1180,1190,1165,1171.2,1850
PFOCUS,20111130,48.35,48.65,47.5,47.75,113230
PFS,20111130,12.85,12.95,12.45,12.5,46054
PGEL,20111130,178.05,199.75,176,191.4,27830
PGHH,20111130,1898.9,1898.9,1867,1887.55,397
PHILIPCARB,20111130,103.55,106.75,103.55,105.95,108077
PHOENIXLTD,20111130,188.5,191,186.6,188,41841
PIDILITIND,20111130,153,154.8,150,154,476141
PIIND,20111130,503.5,517,501,515.55,5258
PIPAVAVDOC,20111130,56.5,60.5,56.5,59.6,4066061
PIRGLASS,20111130,105.1,105.3,102.25,103.65,20972
PIRHEALTH,20111130,350,367.5,348.8,364.7,186396
PIRLIFE,20111130,90.5,94.5,90.15,93.7,33831
PITTILAM,20111130,60,60.9,59.65,60.05,7356
PLETHICO,20111130,374.4,376,371.2,374.35,40745
PNB,20111130,873.2,889.7,873.2,882.05,327744
PNBGILTS,20111130,23.9,23.9,23.45,23.7,17625
PNC,20111130,11.65,11.7,11.65,11.7,48
POCHIRAJU,20111130,11.3,11.45,10.75,11.05,18677
POLARIND,20111130,3,3.15,2.9,3,744
POLARIS,20111130,125.55,128.25,124,125.8,503929
POLYPLEX,20111130,170,172,168.3,170.75,43643
PONDYOXIDE,20111130,25.15,25.2,24.45,24.75,2631
PONNIERODE,20111130,73.05,74.95,73,74.95,4202
POWERGRID,20111130,95.45,99.9,95.3,99.1,7657574
PPAP,20111130,68,71,68,68.05,61
PRADIP,20111130,101.65,110.4,101.65,106.55,256060
PRAENG,20111130,4.85,4.95,4.65,4.7,37564
PRAJIND,20111130,74.45,77.25,72.9,76.35,730444
PRAKASH,20111130,36.75,36.75,34.9,35.1,372794
PRAKASHCON,20111130,195,217.4,193.5,211.05,402771
PRAKASHSTL,20111130,116.1,119.6,116.1,116.5,10125
PRATIBHA,20111130,33,33.35,32,32.35,9506
PRECOT,20111130,77.1,78.5,73.15,78.45,487
PRECWIRE,20111130,82.95,83.5,81.5,82.8,294
PREMIER,20111130,69,70.7,68.7,69.25,833
PRESTIGE,20111130,80.35,83.4,78,80.65,170028
PRETAILDVR,20111130,123.4,127,120.1,124.65,3329
PRICOL,20111130,14.85,15.5,13.9,14.4,27601
PRIMESECU,20111130,13.55,14.5,13.55,13.85,1353
PRISMCEM,20111130,44.1,44.5,43.45,43.5,101069
PRITHVI,20111130,14.85,15,14.8,14.9,2268
PROVOGUE,20111130,24,26,24,24.95,169513
PSB,20111130,68.45,68.8,67.1,67.5,58194
PSL,20111130,56.5,56.8,56,56.05,14934
PSUBNKBEES,20111130,302.2,303.6,298.5,302.74,292
PTC,20111130,48.25,48.55,46.8,47.7,1530520
PTL,20111130,38,38,36.8,37.35,106
PUNJABCHEM,20111130,59.4,62.45,59.2,61.6,1256
PUNJLLOYD,20111130,48.45,48.5,46.7,47.15,3148567
PURVA,20111130,68,69,66.75,67.2,1594
PVP,20111130,4.95,5.2,4.95,5.05,12063
PVR,20111130,136,136.9,132.6,135.95,10989
QGOLDHALF,20111130,1384.1,1387,1377,1380.9,825
QNIFTY,20111130,491,491,485.8,487,105
QUINTEGRA,20111130,2.25,2.5,2.25,2.5,8781
RADAAN,20111130,1.85,2,1.85,1.9,904
RADICO,20111130,120.1,120.3,116.55,119.4,142325
RAINBOWPAP,20111130,60.8,63.75,60.7,63.15,205853
RAINCOM,20111130,29.8,29.9,29.25,29.4,228886
RAJESHEXPO,20111130,130.4,131.8,128.75,131.4,493074
RAJOIL,20111130,11.3,11.55,10.95,11.05,38161
RAJPALAYAM,20111130,212.75,212.75,188,193.6,268
RAJRAYON,20111130,7.8,8.8,7.5,8.35,1921
RAJTV,20111130,71.4,71.4,67.45,67.95,20470
RALLIS,20111130,154.9,154.9,150.05,150.35,56120
RAMANEWS,20111130,9.3,9.65,9,9.4,3569
RAMCOIND,20111130,42,43.5,40.6,42.05,4846
RAMCOSYS,20111130,58.5,59.8,56.5,59,14603
RAMKY,20111130,204.1,207.1,204.1,206.6,2079
RAMSARUP,20111130,7.95,8.25,7.6,7.75,12233
RANASUG,20111130,3.15,3.3,3.15,3.2,53453
RANBAXY,20111130,451.2,451.2,430,434.65,1383352
RANEENGINE,20111130,176,194,176,192.75,185
RANEHOLDIN,20111130,186,186,181.75,184.7,119
RANKLIN,20111130,12.75,13.5,12.75,12.9,23955
RATNAMANI,20111130,104.85,104.85,100.3,101.6,789
RAYMOND,20111130,382,391.8,377.1,388.75,145432
RBL,20111130,112.55,112.55,105,109.85,117
RBN,20111130,57.7,57.7,55.35,56,21004
RCF,20111130,57.1,57.8,55.85,56.45,188847
RCOM,20111130,72.95,74.65,71.55,74.2,7084734
RECLTD,20111130,185.7,189.2,181,183.35,1575856
REDINGTON,20111130,77.5,78,76,77.9,35571
REFEX,20111130,10.7,10.7,10.4,10.4,6421
REIAGROLTD,20111130,21.25,21.45,20.15,20.85,127792
REISIXTEN,20111130,17.8,17.8,17.2,17.4,80935
RELAXO,20111130,297,308.95,297,301,44
RELBANK,20111130,829.9,829.9,825,828,8
RELCAPITAL,20111130,285.8,289.1,277.3,281.7,2271121
RELGOLD,20111130,2702.05,2712.25,2694,2697.6,6373
RELGRNIFTY,20111130,463.2,465,463.2,465,25
RELIANCE,20111130,756.7,783.3,753.1,778.25,4569146
RELIGARE,20111130,418,422,417.8,418.6,20287
RELIGAREGO,20111130,2846,2874.5,2835,2843.5,332
RELINFRA,20111130,408,416.4,401.25,404.35,1559760
RELMEDIA,20111130,84.5,85.2,83.3,84.1,130539
REMSONSIND,20111130,30.45,30.45,27.9,27.9,580
RENUKA,20111130,30.1,30.9,29.4,30.3,10775849
REPRO,20111130,166,172.9,166,170.6,9499
RESPONIND,20111130,101,101,98.5,100.1,7098
RICOAUTO,20111130,10.55,10.8,10.3,10.6,36746
RIIL,20111130,351.35,357.4,347,350.2,59126
RJL,20111130,78,78,78,78,164
RKDL,20111130,13.45,14.2,13.45,13.7,6543
RKFORGE,20111130,99.7,103,99.7,100.6,18893
RMCL,20111130,6.95,6.95,6.35,6.4,6616
RML,20111130,102,103.2,102,103.15,566
ROHITFERRO,20111130,23.6,23.85,22.7,23.05,43848
ROHLTD,20111130,47.2,48.45,47.2,48,1584
ROLTA,20111130,59.4,60.75,58.2,59.6,545844
ROMAN,20111130,19.7,19.7,18.5,18.55,1087
RPGLIFE,20111130,70.5,70.5,69.05,70.2,1971
RPOWER,20111130,86.8,87.65,84.3,85.45,1905926
RPPINFRA,20111130,65,65,61,62.75,5514
RSSOFTWARE,20111130,45.5,48,45.5,47.05,2744
RSWM,20111130,70.5,72.4,69.75,70.8,1807
RSYSTEMS,20111130,127,127.5,120,121.2,7644
RUBYMILLS,20111130,683.05,723.7,683.05,716.4,286
RUCHINFRA,20111130,16.1,16.8,16,16.45,6512
RUCHIRA,20111130,8.15,8.8,8.15,8.5,50100
RUCHISOYA,20111130,100.4,102,97.1,99.25,178628
RUSHIL,20111130,158,159,152.5,154.5,215984
SABERORGAN,20111130,123.1,125.55,123.1,125.05,21175
SADBHAV,20111130,115.1,116.75,114.45,115.05,9626
SAGCEM,20111130,139,144.35,139,143.5,461
SAHPETRO,20111130,24.5,25.95,23.05,25,1022
SAIL,20111130,82.9,83.4,79.9,80.2,33204150
SAKHTISUG,20111130,22.1,22.85,21.65,22.2,40300
SAKSOFT,20111130,40,42.9,38.5,39,8889
SAKUMA,20111130,13.85,13.9,13.15,13.15,1358
SALORAINTL,20111130,24,24,22.55,22.7,38
SALSTEEL,20111130,5.5,5.6,5.3,5.4,7573
SAMBHAAV,20111130,0.75,0.8,0.75,0.75,2644
SANDESH,20111130,280,280,265.05,276.6,92
SANGAMIND,20111130,28.75,34.4,28.15,33.7,251360
SANGHVIFOR,20111130,29.05,30.6,26.35,27.8,72110
SANGHVIMOV,20111130,104,105.65,99,100.8,14886
SANWARIA,20111130,13,13.1,12.8,12.9,116881
SARDAEN,20111130,93,95.4,93,94.4,1456
SAREGAMA,20111130,60.15,60.15,58.25,59.25,3817
SASKEN,20111130,106.5,108.65,103,107.4,17032
SATHAISPAT,20111130,29.75,29.75,28.8,29.3,1771
SATYAMCOMP,20111130,65.25,66.45,64.65,65.7,2008179
SAVERA,20111130,34.65,38.75,34.5,35,268
SB&TINTL,20111130,12.2,12.3,11.75,12,18175
SBBJ,20111130,336,346.95,332,334.75,5630
SBIGETS,20111130,2833.05,2840.5,2816.1,2821.8,5263
SBIN,20111130,1749.7,1795,1728,1762.45,8006877
SBT,20111130,524,528.8,517,518.55,8713
SCI,20111130,61.7,62.7,60.2,60.6,327280
SEAMECLTD,20111130,92.5,92.5,91,91.45,4488
SEINV,20111130,153.05,154.5,150,151.95,173427
SELAN,20111130,277.9,277.9,265.25,266.4,8669
SELMCL,20111130,11.3,11.3,10.9,10.95,76015
SERVALL,20111130,5.15,5.15,4.7,4.7,15694
SESAGOA,20111130,179.4,184.8,177.1,183.5,2985098
SESHAPAPER,20111130,194,197.5,191.05,194.35,164
SEZAL,20111130,16,18.9,16,16.55,381
SGFL,20111130,3.25,3.25,3.15,3.15,150
SGJHL,20111130,121.95,121.95,119.2,119.95,11204
SHAHALLOYS,20111130,9.7,9.7,9.7,9.7,1
SHAKTIPUMP,20111130,36,37.65,35.05,35.05,833
SHALPAINTS,20111130,468,468,444,446.9,286
SHANTIGEAR,20111130,34.7,35.5,34.3,35.35,14272
SHARIABEES,20111130,113.55,113.55,113.55,113.55,9
SHARRESLTD,20111130,51.5,52.2,51,52.15,43
SHASUNPHAR,20111130,51.7,53.1,51.35,52.65,15905
SHILPAMED,20111130,178.65,178.65,152,154.5,3706
SHILPI,20111130,11.7,11.7,11,11.2,9475
SHIV-VANI,20111130,210,212.5,186.5,189.65,127238
SHIVAMAUTO,20111130,99,102,93,94.25,3471
SHIVTEX,20111130,19.9,20.3,18.75,19.85,5279
SHLAKSHMI,20111130,102.5,109.9,101,107.9,243966
SHOPERSTOP,20111130,355,376,351.9,360.75,315281
SHREEASHTA,20111130,5.15,5.15,4.7,4.7,6238522
SHREECEM,20111130,2052,2109.95,2011,2091.3,2065
SHREERAMA,20111130,3.75,3.75,3.2,3.4,5724
SHRENUJ,20111130,65,68,64.05,65.05,1939
SHREYANIND,20111130,18.7,18.7,17.15,17.8,3
SHREYAS,20111130,25.4,26.35,25,25.15,1763
SHRIRAMCIT,20111130,505,509.4,505,505,828
SHRIRAMEPC,20111130,104,108.85,102.45,104.15,508
SHYAMTEL,20111130,27,27,25.2,25.35,590
SICAGEN,20111130,16.9,17,16.5,16.95,2078
SICAL,20111130,70.05,70.5,70,70.5,2442
SIEMENS,20111130,697,701.4,672,688.95,314386
SILINV,20111130,78.5,78.5,74.5,77.25,22
SIMBHSUGAR,20111130,28,28.85,27.1,28.5,2296
SIMPLEX,20111130,82.5,83,82,82.15,152
SIMPLEXINF,20111130,191.2,204.85,191.2,203.4,3473
SINTEX,20111130,95.9,97.45,91.1,94.05,3771520
SIRPAPER,20111130,36.55,36.55,36.55,36.55,5
SITASHREE,20111130,6,6,5.85,5.9,1356
SIYSIL,20111130,253.1,264.95,245,262,8196
SJVN,20111130,20.6,21.1,20.6,21,1488629
SKFINDIA,20111130,590.1,611.7,587,601.75,5161
SKMEGGPROD,20111130,7.65,7.7,7.1,7.15,4236
SKSMICRO,20111130,95.75,95.75,93.4,93.4,216351
SKUMARSYNF,20111130,29.65,29.7,28.25,29.25,1020092
SMARTLINK,20111130,48.5,49,47.55,47.85,23675
SMLISUZU,20111130,425,435.5,410.9,419.55,2969
SMOBILITY,20111130,94.3,94.95,91.15,94.75,10574
SMPL,20111130,4.7,4.8,4.45,4.65,802162
SMSPHARMA,20111130,154.5,159.95,154.5,154.95,77
SOBHA,20111130,238,240.45,230,235.25,64315
SOFTTECHGR,20111130,4.8,4.8,3.65,4.15,9316
SOLARINDS,20111130,739,740,720,728.8,1960
SOMANYCERA,20111130,36,37.05,36,36.25,625
SOMATEX,20111130,4.05,4.1,3.8,3.85,8048
SONASTEER,20111130,11.85,12,11.45,11.75,11241
SONATSOFTW,20111130,25.05,25.75,24.75,25.1,81335
SOTL,20111130,435.05,449,435.05,440,873
SOUISPAT,20111130,3.5,3.55,3.35,3.5,12583
SOUTHBANK,20111130,21.5,21.9,21.3,21.7,1146094
SPANCO,20111130,87.7,89.5,84.6,85.75,28335
SPARC,20111130,72.5,72.6,71.5,71.95,41686
SPENTEX,20111130,6.75,7.3,6.75,7.25,2250
SPIC,20111130,20,20.25,19.9,19.95,61064
SPMLINFRA,20111130,86.6,90,84,85.6,2626
SPYL,20111130,25,25.9,24.6,25.5,2483
SREINFRA,20111130,23,23.2,21.9,22.6,1212836
SRF,20111130,290.25,296,290.25,294.25,13203
SRGINFOTEC,20111130,0.35,0.35,0.35,0.35,646
SRHHLINDST,20111130,3.2,3.2,3.2,3.2,1
SRHHYPOLTD,20111130,38.2,38.4,38,38.4,680
SRSLTD,20111130,32,34,31.25,33.6,138661
SRTRANSFIN,20111130,506.1,508,495.95,499.95,727483
SSWL,20111130,171.25,176.95,165.4,170.15,4609
STAR,20111130,410,419.9,396.5,411.25,67236
STARPAPER,20111130,20,20,19.15,19.45,1417
STCINDIA,20111130,133.5,133.5,128.5,130.2,33270
STEL,20111130,12.5,13.95,11.15,12.1,2087
STER,20111130,101.8,102.25,98,99.3,9433425
STERLINBIO,20111130,66.8,67.4,65.9,66.45,49895
STERTOOLS,20111130,97,100.25,94.3,97.4,757
STINDIA,20111130,27.5,27.5,24.95,24.95,1405
STOREONE,20111130,15.9,16.8,15.5,15.75,11703
STRTECH,20111130,32.65,33.9,32.6,33.55,167114
SUBEX,20111130,35.2,35.5,34.15,35.05,463228
SUBROS,20111130,24,24,23.1,23.65,1537
SUDAR,20111130,63.1,64.8,61.5,62.8,141720
SUDARSCHEM,20111130,520,520,520,520,27
SUJANATOW,20111130,10.8,11.25,10.4,10.4,1761912
SUJANAUNI,20111130,3.2,3.2,3.1,3.15,21583
SUMEETINDS,20111130,22.55,23.2,22.3,23,24074
SUMMITSEC,20111130,70,70,67,67.2,283
SUNCLAYTON,20111130,153.7,160.95,151.55,159,9934
SUNDARAM,20111130,47.15,47.35,44.25,46.8,275284
SUNDARMFIN,20111130,529,533.75,513.2,519.9,2976
SUNDRMBRAK,20111130,156.05,159,151.1,158.85,383
SUNDRMFAST,20111130,61.65,61.75,58,58.95,27808
SUNFLAG,20111130,23.4,24.85,23.3,23.45,21862
SUNILHITEC,20111130,71,72.45,66.55,70.5,7437
SUNPHARMA,20111130,508.1,529.5,508.1,525.5,1319707
SUNTECK,20111130,377.6,378.6,371,373.4,9680
SUNTV,20111130,272.6,274.35,262.05,264.8,588201
SUPER,20111130,139.95,140,139.95,140,2
SUPERSPIN,20111130,6.6,6.85,6.05,6.3,4653
SUPPETRO,20111130,51.5,52.45,51.5,51.8,1527
SUPRAJIT,20111130,18,18,17.9,17.95,16002
SUPREMEIND,20111130,175.15,176.65,174.5,175.5,123310
SUPREMEINF,20111130,182.9,184.8,175.05,178.25,3809
SURAJDIAMN,20111130,37,38,37,37.5,12732
SURANACORP,20111130,90.5,92.1,89.55,92.1,2588
SURANAIND,20111130,400.2,404,400.2,402,6396
SURANAT&P,20111130,13,14,13,13.55,25548
SURANAVEL,20111130,19.1,19.1,19.1,19.1,5
SURYAJYOTI,20111130,13,13.5,12.75,13,8085
SURYALAXMI,20111130,54.05,56.8,54.05,54.95,2845
SURYAPHARM,20111130,11.2,11.35,10.1,10.3,307957
SURYAROSNI,20111130,48,49,47.8,48.45,2251
SUTLEJTEX,20111130,148.55,154.8,146.15,153.15,374
SUVEN,20111130,14.85,15.05,14.7,14.8,20242
SUZLON,20111130,23.25,23.4,22.45,23.2,23135872
SWARAJENG,20111130,405,414.85,372.3,379.3,7599
SYMPHONY,20111130,1249,1415,1249,1360.35,3959
SYNCOM,20111130,12.1,12.5,12.1,12.3,17359
SYNDIBANK,20111130,103,103,98.75,99.8,134408
TAINWALCHM,20111130,15.05,16,15.05,15.95,15
TAJGVK,20111130,77.3,77.35,76.15,76.85,6763
TAKE,20111130,23.8,24.5,23.5,23.7,16353
TAKSHEEL,20111130,15,15.9,14.95,15.1,47176
TALBROAUTO,20111130,38,39,38,38.5,568
TALWALKARS,20111130,142,142.1,137.1,138.15,20504
TANFACIND,20111130,21,21,20.5,20.5,1060
TANTIACONS,20111130,40.1,41.95,40.05,41.45,974
TARAPUR,20111130,16.25,17.45,16.25,16.5,21802
TATACHEM,20111130,340.65,347.65,338.95,346.05,395188
TATACOFFEE,20111130,814.95,829.7,810,816.3,123507
TATACOMM,20111130,191.65,195,186.2,191.6,93418
TATAELXSI,20111130,186.15,193.5,186.15,192.35,15553
TATAGLOBAL,20111130,83.95,85.2,81.3,83.95,2480580
TATAINVEST,20111130,440,446.05,435,442.2,4954
TATAMETALI,20111130,60,62.7,60,60.95,8642
TATAMOTORS,20111130,174.5,176.4,169.55,172.8,15058198
TATAMTRDVR,20111130,95.1,96.5,94,95.35,890862
TATAPOWER,20111130,92,92.45,90.2,91.75,2365824
TATASPONGE,20111130,293,302.95,293,300.9,4114
TATASTEEL,20111130,384,388.5,381.5,385.2,3483242
TCI,20111130,67,68,62.1,62.8,3605
TCIDEVELOP,20111130,131,138.6,121.45,138,165
TCIFINANCE,20111130,24.2,24.2,22,22.3,3175
TCS,20111130,1081.15,1122.95,1081.15,1115.55,1740849
TDPOWERSYS,20111130,222.05,223.45,218,219,7422
TECHM,20111130,560.1,569,555.2,565.35,120172
TECHNO,20111130,191.1,193,185,185.85,6123
TECHNOFAB,20111130,119.1,120.35,112.05,120,663
TECPRO,20111130,179.1,180,177,178.15,12329
TEXMACOLTD,20111130,24.4,27.95,24.4,27.2,33723
TEXMOPIPES,20111130,16.65,17.15,16.2,16.55,13094
TEXRAIL,20111130,68.05,78,67.35,76,221085
TFCILTD,20111130,23.15,23.6,22.95,23.1,20150
TFL,20111130,10.6,11,10.6,10.8,1112
THANGAMAYL,20111130,151.3,152.95,151.3,151.7,4275
THERMAX,20111130,460.35,460.5,450.1,453.45,67856
THINKSOFT,20111130,37.8,38.55,37.25,37.4,14402
THIRUSUGAR,20111130,73,73,71.5,73,65
THOMASCOOK,20111130,39.9,40.35,38.4,38.75,131702
TI,20111130,30.1,31,30,30.4,32047
TIDEWATER,20111130,6482,6484.6,6417.2,6423.5,204
TIIL,20111130,30.65,31.4,30.25,30.55,2054
TIJARIA,20111130,12.5,12.65,12.3,12.3,39173
TIL,20111130,241,243.95,237,242.1,4891
TIMBOR,20111130,30,30.95,30,30.65,234
TIMESGTY,20111130,23.9,23.9,23,23,1201
TIMETECHNO,20111130,53,53,48.5,49.65,22816
TIMKEN,20111130,187.8,190.05,185.5,187.25,48689
TINPLATE,20111130,39,39.75,38.55,38.8,18620
TIPSINDLTD,20111130,35,38.75,35,37.8,15194
TIRUMALCHM,20111130,57.95,57.95,54,54.4,1096
TITAN,20111130,183.4,183.4,174.55,177.65,9865970
TNPETRO,20111130,14.15,14.15,13.5,13.6,8627
TNPL,20111130,86.3,87.35,86,86.4,7798
TODAYS,20111130,4.3,4.45,4.15,4.3,1330
TOKYOPLAST,20111130,16.9,17.2,16.9,17.15,870
TORNTPHARM,20111130,556,573.95,550.25,559.45,23134
TORNTPOWER,20111130,204,204,199.15,200.1,17280
TREEHOUSE,20111130,175,178.95,172.6,174.05,17876
TRENT,20111130,965,1014,950,999.45,25139
TRF,20111130,261.85,261.85,251,253.55,5741
TRICOM,20111130,11.85,11.85,11,11.75,3698
TRIDENT,20111130,10.9,10.9,10.45,10.5,6020
TRIGYN,20111130,13.5,13.7,13.2,13.2,5363
TRIL,20111130,175,175,168,168.05,1470
TRITURBINE,20111130,34.2,35.25,33.15,34.85,20072
TRIVENI,20111130,14,14.5,13.3,13.45,1362546
TTKHEALTH,20111130,445,472.7,435.4,451.4,1313247
TTKPRESTIG,20111130,2678.05,2687,2592.75,2672.15,52943
TTL,20111130,20.25,20.95,20,20.2,4062
TTML,20111130,14.35,14.5,14.05,14.35,819974
TUBEINVEST,20111130,127.5,129.4,126.05,127.05,50884
TULIP,20111130,132,132.35,128.8,130.25,451150
TULSI,20111130,10.1,10.4,10.05,10.1,41811
TULSYAN,20111130,35.2,35.2,33.7,33.7,288
TV18BRDCST,20111130,40.85,40.85,37.05,37.4,56632
TVSELECT,20111130,19.05,20.45,19,20.1,1740
TVSMOTOR,20111130,59,60.45,58.35,59.25,1982606
TVSSRICHAK,20111130,310.1,319.9,302.15,305.65,3667
TVTODAY,20111130,49.4,49.5,47.55,47.95,11334
TWILITAKA,20111130,32,32,30.95,31.3,30933
TWL,20111130,430.1,441.8,428,433.1,12357
UBENGG,20111130,39.45,39.45,37.3,38.2,6700
UBHOLDINGS,20111130,76,78,72.25,73.5,41781
UBL,20111130,396.4,398.9,392,395.85,12044
UCALFUEL,20111130,63.5,65,63.5,64.65,1097
UCOBANK,20111130,59.75,59.95,57.95,58.6,1514440
UFLEX,20111130,128.7,129.85,124.6,125.2,283317
UGARSUGAR,20111130,11.5,11.8,11.45,11.5,5575
ULTRACEMCO,20111130,1151.95,1168.8,1142.6,1148.7,344701
UMESLTD,20111130,15.05,15.15,14.5,14.9,671
UNICHEMLAB,20111130,105,105.65,104.45,104.8,171288
UNIENTER,20111130,27.9,28.85,27.9,28.1,157119
UNIONBANK,20111130,212.2,216.6,210.35,211.7,466698
UNIPHOS,20111130,130.25,138.15,130.25,137.45,1019896
UNIPLY,20111130,9,9,9,9,98
UNITECH,20111130,23.1,23.4,22.55,23,17800657
UNITEDBNK,20111130,57.7,59,56.2,57.25,107456
UNITEDTEA,20111130,140,140,140,140,310
UNITY,20111130,27.7,30.45,27.7,29.8,792685
UNIVCABLES,20111130,36.7,38.45,35.25,35.9,957
UPERGANGES,20111130,42,43.6,39.3,42.45,11688
USHAMART,20111130,24.2,25,23.2,24.05,599482
USHERAGRO,20111130,95.5,97.35,93.25,95.05,277278
UTISUNDER,20111130,1276,1276,1252,1262.5,25
UTTAMSTL,20111130,61.75,61.75,59.2,59.6,11299
UTTAMSUGAR,20111130,28.25,29.7,28.15,29,2661
UTVSOF,20111130,925.1,938.85,924.3,933.55,7556
VADILALIND,20111130,108.3,122.95,108.3,112.85,364
VAIBHAVGEM,20111130,27,29.95,26.1,29.7,1113
VAKRANSOFT,20111130,350,358.95,347.55,353.6,4474
VALECHAENG,20111130,58.1,58.45,56.6,57.7,16073
VALUEIND,20111130,15.1,15.15,13.3,14.45,18639
VARDHACRLC,20111130,7.8,7.8,7.65,7.7,79562
VARDMNPOLY,20111130,92.45,92.45,87,90.65,4591
VARUN,20111130,258.75,263,257.9,261.05,357032
VARUNSHIP,20111130,16.95,17,16.7,16.85,14857
VASCONEQ,20111130,48.7,48.7,42.95,44.6,17501
VASWANI,20111130,10.4,10.95,10.4,10.75,23912
VENKEYS,20111130,434.95,438.75,426.3,428.95,13609
VENUSREM,20111130,167,169.3,166.6,168.35,3224
VESUVIUS,20111130,364.9,364.9,352.1,364.8,747
VGUARD,20111130,179,180.95,177.45,179.2,31410
VICEROY,20111130,24.25,24.8,23.9,24.2,23324
VIDEOIND,20111130,171,171.45,167.1,168.1,330282
VIJAYABANK,20111130,50.1,50.9,49.75,50.5,1053914
VIJSHAN,20111130,15.05,16.15,15.05,15.5,5394
VIKASHMET,20111130,7.7,7.7,7.05,7.1,8788
VIMTALABS,20111130,15.45,15.9,14.9,15.05,82554
VINATIORGA,20111130,69.5,69.5,67.25,67.85,1297
VINYLINDIA,20111130,9.95,9.95,8.8,8.85,2550
VIPIND,20111130,122.1,123.5,117,119.2,3394093
VIPUL,20111130,9.6,9.7,9.45,9.45,13
VISAKAIND,20111130,69.85,69.85,66.4,67,10327
VISASTEEL,20111130,58,58.5,58,58,4418
VISESHINFO,20111130,2.95,2.95,2.7,2.8,10105
VISHALRET,20111130,20,21.25,19.9,20.1,347308
VISUINTL,20111130,1.4,1.8,1.4,1.75,35151
VIVIMEDLAB,20111130,235.5,250.4,226.15,246.15,42699
VLSFINANCE,20111130,10.2,10.25,9.75,9.75,25101
VOLTAMP,20111130,510,510,504.05,507.5,1179
VOLTAS,20111130,91.7,92.5,89.3,91.7,367339
VSTIND,20111130,1133,1136.7,1092.3,1100.3,2754
VSTTILLERS,20111130,475,479,435,441.6,2576
VTL,20111130,180,180.95,167.9,173.05,74626
VTXIND,20111130,14.15,14.15,14.15,14.15,206
WABAG,20111130,337.05,346.65,337,341.8,994
WABCOINDIA,20111130,1251.3,1265.6,1242.3,1256,613
WALCHANNAG,20111130,71,72,70.15,70.65,21570
WANBURY,20111130,21,21.75,20.6,21.2,3168
WEBELSOLAR,20111130,20,21.2,19.55,19.95,2321
WEIZFOREX,20111130,63,63,63,63,122
WEIZMANIND,20111130,7.6,8.25,7.55,7.75,252
WELCORP,20111130,71.5,71.65,68.1,69.1,554745
WELGLOB,20111130,50.55,54.15,50.55,54.15,245
WELINV,20111130,44.5,44.5,41.5,42,502
WELPROJ,20111130,34.4,34.8,30,30.75,38953
WENDT,20111130,1520,1520,1472,1498,262
WHEELS,20111130,314.25,314.25,302.05,304.35,1458
WHIRLPOOL,20111130,184.9,189.95,184,185.95,4151
WILLAMAGOR,20111130,41,41.55,40.15,40.15,642
WINDMACHIN,20111130,17.05,17.05,17.05,17.05,1930
WINSOME,20111130,20.2,20.2,20.2,20.2,2
WIPRO,20111130,373.9,382,371.8,377.2,3102265
WOCKPHARMA,20111130,419.7,422,406.2,412.25,325662
WSI,20111130,15,16.8,14.05,14.45,1203
WSTCSTPAPR,20111130,52,53.35,51.5,52.2,1191
WYETH,20111130,962.8,974.95,951,958.35,1343
XLENERGY,20111130,7,7,5.95,6.15,12605
XPROINDIA,20111130,50.5,50.5,48.65,49,3021
YESBANK,20111130,274,275.95,270.05,272.2,1029447
ZEEL,20111130,123.8,127,120.2,124.7,3375813
ZEELEARN,20111130,15.2,15.85,15.2,15.65,67140
ZEENEWS,20111130,10.5,10.8,10.5,10.6,83793
ZENITHBIR,20111130,3.9,4.05,3.9,3.9,42540
ZENITHCOMP,20111130,13.35,13.35,12.3,12.85,2015
ZENITHINFO,20111130,45.9,45.9,45,45.9,5142
ZENSARTECH,20111130,124,126.45,123,125.9,2913
ZICOM,20111130,29.05,31.9,29.05,30.75,5485
ZODJRDMKJ,20111130,21.85,21.85,21.85,21.85,50
ZUARIAGRO,20111130,512.1,515.9,506.6,508.85,1379
ZYDUSWELL,20111130,445,450,440,442.5,3668
ZYLOG,20111130,418,418,405.05,414.45,135981
NSENIFTY,20111130,4766.15,4851.55,4754.80,4832.05,282217865,11393.19
NIFTYJUNIOR,20111130,9140.55,9152.15,9038.95,9089.95,165296464,2208.72
BANKNIFTY,20111130,8529.05,8704.10,8490.35,8564.10,57136054,4493.03
NSEMIDCAP,20111130,6654.60,6654.60,6580.75,6641.05,229516362,2060.27
NSEIT,20111130,5814.90,5924.15,5803.45,5893.25,25897067,1127.49
NSE100,20111130,4659.10,4726.75,4646.10,4709.25,447514329,13601.90
NSE500,20111130,3782.85,3824.10,3768.05,3811.25,724578990,15810.34
MIDCAP50,20111130,1921.10,1921.70,1893.25,1916.60,116505737,1007.33
VIX,20111130,26.46,27.85,26.15,26.55,26.87,-0.32
